75.00
77.34
77.08
76.56
77.19
75.78
76.12
75.98
75.35
75.94
76.14
75.91
75.72
76.34
76.77
77.05
76.84
77.43
77.30
77.81
77.83
77.77
77.72
77.93
77.81
77.46
77.89
77.90
77.86
77.45
77.37
77.83
77.79
77.99
77.90
77.99
78.21
78.29
78.53
78.52
78.51
78.65
78.49
78.48
78.47
78.40
78.36
78.29
78.38
78.50
78.43
78.40
78.51
78.59
78.52
78.57
78.45
78.56
78.55
78.49
78.51
78.55
78.72
78.78
78.82
78.76
78.68
78.70
78.65
78.64
78.68
78.69
78.66
78.67
78.65
78.68
78.69
78.63
78.64
78.65
78.68
78.77
78.67
78.61
78.60
78.63
78.68
78.66
78.72
78.77
78.81
78.82
78.93
78.96
79.03
79.05
78.98
78.95
78.99
79.08
79.07
79.11
79.10
79.04
78.91
78.95
79.03
79.04
78.94
78.98
78.97
78.98
78.94
78.91
78.80
78.79
78.79
78.85
78.85
78.85
78.85
78.86
78.95
78.98
78.89
78.83
78.80
78.78
78.78
78.79
78.80
78.82
78.83
78.78
78.77
78.81
78.78
78.75
78.84
78.84
78.88
78.91
78.87
78.91
78.95
78.94
79.00
78.96
79.03
78.96
78.92
78.98
79.00
79.00
79.02
79.00
79.05
79.09
79.09
79.12
79.12
79.11
79.11
79.18
79.20
79.25
79.23
79.24
79.22
79.18
79.17
79.16
79.16
79.18
79.21
79.26
79.23
79.22
79.19
79.19
79.23
79.18
79.20
79.20
79.18
79.14
79.19
79.20
79.18
79.18
79.19
79.22
79.23
79.23
79.17
79.15
79.14
79.17
79.16
79.14
79.11
79.10
79.07
79.07
79.09
79.07
79.07
79.06
79.10
79.08
79.10
79.09
79.08
79.10
79.06
79.02
79.01
79.00
78.95
78.95
78.95
78.91
78.92
78.93
78.92
78.92
78.94
78.93
78.94
78.97
78.97
78.95
78.94
78.96
78.96
78.95
78.96
78.95
78.99
78.99
78.96
78.98
79.01
79.03
79.06
79.06
79.07
79.06
79.07
79.05
79.06
79.09
79.09
79.08
79.09
79.11
79.09
79.11
79.07
79.06
79.06
79.07
79.09
79.10
79.10
79.09
79.10
79.12
79.11
79.14
79.15
79.15
79.17
79.17
79.16
79.13
79.11
79.12
79.09
79.11
79.11
79.13
79.12
79.14
79.13
79.10
79.07
79.06
79.04
79.03
79.02
79.03
79.02
79.01
78.98
78.96
78.95
78.95
78.98
78.96
78.97
78.95
78.96
78.95
78.96
78.95
78.95
78.96
78.95
78.94
78.94
78.96
78.93
78.96
78.94
78.96
78.95
78.93
78.90
78.89
78.90
78.91
78.91
78.88
78.87
78.86
78.85
78.84
78.83
78.83
78.84
78.86
78.85
78.85
78.89
78.89
78.87
78.90
78.89
78.89
78.88
78.87
78.86
78.83
78.83
78.83
78.83
78.82
78.81
78.79
78.81
78.79
78.79
78.82
78.79
78.78
78.77
78.76
78.78
78.75
78.75
78.76
78.74
78.73
78.73
78.75
78.74
78.73
78.72
78.72
78.72
78.72
78.73
78.72
78.70
78.70
78.70
78.70
78.70
78.72
78.72
78.70
78.69
78.70
78.70
78.72
78.70
78.70
78.72
78.73
78.72
78.70
78.71
78.72
78.71
78.73
78.72
78.74
78.75
78.73
78.74
78.74
78.74
78.72
78.72
78.70
78.69
78.69
78.69
78.67
78.66
78.66
78.68
78.68
78.66
78.66
78.68
78.69
78.69
78.69
78.70
78.69
78.69
78.70
78.69
78.69
78.69
78.70
78.70
78.70
78.70
78.70
78.68
78.68
78.68
78.68
78.67
78.70
78.70
78.71
78.71
78.69
78.69
78.68
78.66
78.68
78.67
78.66
78.65
78.66
78.65
78.66
78.65
78.67
78.66
78.67
78.67
78.66
78.64
78.62
78.64
78.63
78.62
78.62
78.62
78.61
78.61
78.62
78.60
78.60
78.60
78.60
78.60
78.60
78.61
78.60
78.58
78.59
78.58
78.60
78.62
78.61
78.61
78.63
78.61
78.60
78.60
78.61
78.61
78.63
78.63
78.63
78.64
78.64
78.65
78.65
78.65
78.67
78.67
78.65
78.65
78.65
78.66
78.66
78.65
78.68
78.69
78.68
78.69
78.68
78.70
78.70
78.69
78.69
78.70
78.70
78.68
78.68
78.69
78.68
78.66
78.66
78.67
78.68
78.68
78.67
78.67
78.68
78.67
78.67
78.68
78.69
78.68
78.68
78.68
78.69
78.71
78.72
78.69
78.69
78.70
78.70
78.69
78.69
78.68
78.69
78.69
78.71
78.72
78.72
78.72
78.72
78.72
78.72
78.71
78.71
78.70
78.70
78.70
78.69
78.71
78.71
78.71
78.70
78.70
78.71
78.70
78.71
78.70
78.70
78.69
78.68
78.66
78.67
78.67
78.68
78.67
78.66
78.66
78.66
78.67
78.68
78.67
78.68
78.68
78.67
78.66
78.67
78.68
78.69
78.68
78.67
78.67
78.67
78.68
78.68
78.66
78.68
78.68
78.67
78.67
78.67
78.66
78.66
78.65
78.66
78.67
78.67
78.66
78.66
78.67
78.67
78.66
78.67
78.67
78.66
78.66
78.65
78.65
78.66
78.67
78.67
78.67
78.66
78.66
78.66
78.67
78.66
78.65
78.65
78.65
78.64
78.65
78.65
78.64
78.64
78.63
78.63
78.62
78.62
78.61
78.62
78.60
78.59
78.59
78.61
78.59
78.59
78.58
78.57
78.58
78.58
78.57
78.57
78.59
78.58
78.56
78.55
78.57
78.55
78.56
78.56
78.57
78.58
78.56
78.57
78.57
78.57
78.56
78.56
78.55
78.54
78.54
78.55
78.54
78.54
78.55
78.56
78.55
78.55
78.54
78.55
78.55
78.56
78.57
78.57
78.57
78.58
78.57
78.56
78.55
78.56
78.56
78.57
78.59
78.59
78.60
78.60
78.60
78.60
78.62
78.62
78.61
78.62
78.60
78.59
78.59
78.59
78.59
78.60
78.60
78.59
78.58
78.59
78.58
78.58
78.57
78.55
78.55
78.55
78.55
78.55
78.55
78.55
78.55
78.55
78.54
78.54
78.55
78.56
78.55
78.54
78.53
78.53
78.52
78.52
78.52
78.53
78.52
78.51
78.50
78.50
78.50
78.48
78.49
78.49
78.49
78.49
78.48
78.48
78.49
78.49
78.47
78.47
78.47
78.47
78.47
78.46
78.46
78.45
78.44
78.46
78.45
78.46
78.46
78.45
78.46
78.45
78.45
78.45
78.45
78.45
78.46
78.46
78.45
78.45
78.44
78.42
78.42
78.41
78.42
78.35
