7.81
8.59
7.81
7.42
7.50
7.29
6.47
6.45
6.42
6.72
6.25
6.51
6.61
6.47
7.08
7.13
7.26
7.38
7.57
7.42
7.29
7.46
7.40
7.49
7.38
7.27
7.29
7.37
7.54
7.29
7.41
7.52
7.58
7.72
7.81
7.90
8.02
8.02
8.01
8.24
8.27
8.26
8.21
8.35
8.33
8.25
8.34
8.33
8.23
8.25
8.15
8.14
8.14
8.13
8.07
8.01
8.11
8.03
8.05
8.02
8.12
8.14
8.21
8.23
8.20
8.33
8.30
8.32
8.49
8.48
8.45
8.49
8.48
8.42
8.42
8.41
8.44
8.49
8.48
8.52
8.58
8.54
8.57
8.59
8.57
8.48
8.49
8.47
8.53
8.52
8.50
8.46
8.47
8.44
8.44
8.40
8.36
8.39
8.32
8.36
8.37
8.41
8.40
8.37
8.42
8.48
8.43
8.43
8.41
8.41
8.38
8.31
8.31
8.35
8.37
8.31
8.29
8.26
8.21
8.19
8.16
8.22
8.21
8.19
8.16
8.21
8.18
8.15
8.14
8.11
8.13
8.16
8.18
8.17
8.17
8.16
8.18
8.19
8.16
8.15
8.11
8.09
8.11
8.08
8.14
8.12
8.17
8.20
8.20
8.23
8.21
8.18
8.20
8.17
8.17
8.15
8.13
8.13
8.13
8.12
8.13
8.10
8.11
8.09
8.13
8.15
8.16
8.17
8.15
8.13
8.15
8.19
8.18
8.18
8.21
8.20
8.24
8.26
8.27
8.28
8.30
8.32
8.32
8.35
8.35
8.36
8.37
8.35
8.40
8.40
8.38
8.36
8.35
8.34
8.32
8.31
8.31
8.32
8.34
8.34
8.35
8.35
8.34
8.38
8.38
8.40
8.40
8.39
8.40
8.39
8.40
8.39
8.38
8.37
8.35
8.36
8.35
8.36
8.37
8.35
8.35
8.36
8.37
8.36
8.33
8.34
8.35
8.35
8.36
8.37
8.40
8.40
8.42
8.41
8.42
8.43
8.46
8.44
8.43
8.44
8.45
8.43
8.43
8.44
8.42
8.42
8.42
8.44
8.41
8.40
8.40
8.40
8.40
8.43
8.42
8.41
8.44
8.45
8.43
8.44
8.42
8.41
8.41
8.42
8.42
8.42
8.42
8.42
8.40
8.41
8.41
8.41
8.44
8.46
8.44
8.44
8.46
8.46
8.47
8.46
8.46
8.49
8.51
8.51
8.53
8.53
8.53
8.52
8.52
8.51
8.52
8.53
8.52
8.51
8.50
8.49
8.50
8.49
8.50
8.49
8.51
8.51
8.51
8.51
8.48
8.48
8.47
8.50
8.49
8.49
8.50
8.49
8.52
8.52
8.51
8.51
8.50
8.52
8.52
8.52
8.49
8.49
8.48
8.48
8.48
8.49
8.50
8.49
8.51
8.49
8.50
8.49
8.50
8.49
8.48
8.49
8.48
8.48
8.48
8.49
8.48
8.48
8.46
8.47
8.47
8.47
8.50
8.51
8.52
8.53
8.52
8.52
8.50
8.50
8.51
8.50
8.48
8.50
8.50
8.49
8.49
8.50
8.50
8.49
8.49
8.48
8.48
8.47
8.47
8.48
8.49
8.50
8.51
8.53
8.53
8.52
8.51
8.50
8.50
8.52
8.52
8.52
8.55
8.55
8.54
8.55
8.55
8.55
8.54
8.53
8.54
8.55
8.54
8.53
8.53
8.55
8.54
8.54
8.55
8.54
8.55
8.54
8.53
8.53
8.52
8.51
8.51
8.51
8.52
8.54
8.53
8.53
8.53
8.53
8.52
8.52
8.51
8.50
8.50
8.49
8.48
8.49
8.50
8.50
8.50
8.50
8.50
8.50
8.49
8.49
8.49
8.50
8.51
8.50
8.49
8.49
8.49
8.48
8.48
8.48
8.49
8.49
8.51
8.51
8.52
8.52
8.51
8.50
8.49
8.49
8.48
8.48
8.47
8.48
8.48
8.49
8.49
8.48
8.49
8.49
8.50
8.49
8.49
8.48
8.48
8.49
8.49
8.49
8.49
8.48
8.49
8.49
8.50
8.50
8.50
8.50
8.49
8.49
8.49
8.49
8.49
8.49
8.50
8.50
8.51
8.51
8.52
8.52
8.51
8.52
8.53
8.52
8.52
8.53
8.54
8.54
8.55
8.54
8.55
8.56
8.58
8.58
8.58
8.58
8.59
8.59
8.60
8.60
8.60
8.60
8.60
8.59
8.58
8.58
8.58
8.56
8.58
8.58
8.58
8.58
8.58
8.60
8.60
8.61
8.60
8.61
8.60
8.60
8.60
8.61
8.61
8.61
8.62
8.63
8.62
8.62
8.62
8.61
8.61
8.61
8.60
8.60
8.59
8.59
8.60
8.60
8.61
8.60
8.60
8.59
8.61
8.61
8.62
8.61
8.61
8.61
8.61
8.61
8.60
8.60
8.59
8.58
8.58
8.59
8.58
8.59
8.58
8.59
8.58
8.58
8.57
8.57
8.58
8.58
8.58
8.58
8.57
8.56
8.57
8.56
8.58
8.57
8.57
8.58
8.57
8.57
8.56
8.56
8.57
8.56
8.56
8.57
8.56
8.56
8.56
8.56
8.56
8.56
8.55
8.55
8.56
8.57
8.56
8.55
8.56
8.57
8.56
8.57
8.57
8.58
8.58
8.59
8.58
8.58
8.58
8.59
8.57
8.57
8.57
8.58
8.58
8.60
8.59
8.59
8.59
8.59
8.60
8.60
8.59
8.60
8.59
8.60
8.61
8.60
8.59
8.60
8.59
8.60
8.59
8.58
8.59
8.60
8.60
8.60
8.60
8.60
8.60
8.60
8.61
8.61
8.61
8.61
8.60
8.60
8.60
8.60
8.60
8.60
8.59
8.59
8.58
8.58
8.58
8.58
8.57
8.58
8.58
8.58
8.57
8.57
8.57
8.57
8.57
8.57
8.57
8.57
8.57
8.57
8.58
8.58
8.57
8.56
8.56
8.55
8.56
8.56
8.55
8.56
8.57
8.57
8.58
8.57
8.57
8.58
8.57
8.57
8.57
8.57
8.57
8.59
8.58
8.58
8.59
8.58
8.59
8.59
8.58
8.60
8.61
8.61
8.61
8.62
8.61
8.61
8.61
8.60
8.60
8.60
8.59
8.59
8.58
8.58
8.58
8.59
8.58
8.58
8.58
8.57
8.58
8.58
8.58
8.57
8.57
8.57
8.58
8.57
