76.56
76.56
76.56
75.39
77.19
77.34
77.23
76.76
76.39
77.03
76.85
76.43
75.84
76.34
75.73
75.68
75.46
75.78
75.82
76.09
76.04
76.21
76.15
75.98
75.88
75.72
75.46
75.22
75.48
75.52
75.40
75.24
75.66
75.46
75.63
75.61
75.72
75.82
75.88
75.66
75.46
75.30
75.33
75.46
75.45
75.68
75.47
75.42
75.29
75.38
75.21
75.03
74.79
74.68
74.77
74.58
74.64
74.62
74.44
74.40
74.36
74.45
74.36
74.41
74.45
74.62
74.65
74.70
74.80
74.60
74.69
74.72
74.74
74.75
74.85
74.81
74.68
74.58
74.66
74.55
74.69
74.68
74.64
74.63
74.50
74.56
74.60
74.68
74.77
74.84
74.78
74.80
74.90
74.90
74.90
74.85
74.90
74.89
74.78
74.77
74.80
74.68
74.59
74.61
74.57
74.54
74.55
74.54
74.51
74.39
74.32
74.36
74.29
74.23
74.16
74.04
74.04
74.03
74.00
73.96
73.97
73.87
73.89
73.84
73.83
73.91
73.88
73.83
73.85
73.85
73.91
73.91
73.95
73.95
73.97
73.92
73.96
74.04
74.08
74.07
74.00
73.97
73.96
73.96
73.91
73.88
73.83
73.80
73.80
73.77
73.79
73.81
73.82
73.77
73.75
73.69
73.68
73.62
73.63
73.63
73.66
73.66
73.66
73.64
73.60
73.64
73.50
73.52
73.56
73.59
73.57
73.50
73.49
73.55
73.52
73.48
73.38
73.38
73.32
73.36
73.38
73.42
73.41
73.44
73.44
73.42
73.41
73.36
73.40
73.42
73.46
73.49
73.51
73.57
73.57
73.60
73.65
73.69
73.69
73.68
73.71
73.74
73.73
73.77
73.80
73.83
73.87
73.87
73.88
73.89
73.89
73.89
73.92
73.90
73.92
73.90
73.90
73.90
73.87
73.91
73.92
73.87
73.91
73.88
73.90
73.96
73.98
73.98
73.94
73.92
73.90
73.86
73.83
73.84
73.86
73.85
73.81
73.84
73.85
73.82
73.80
73.82
73.84
73.85
73.88
73.89
73.86
73.87
73.86
73.86
73.84
73.88
73.86
73.87
73.88
73.89
73.86
73.88
73.90
73.91
73.90
73.90
73.88
73.83
73.79
73.74
73.73
73.72
73.71
73.71
73.75
73.73
73.75
73.75
73.73
73.72
73.68
73.70
73.71
73.71
73.72
73.73
73.67
73.66
73.63
73.63
73.66
73.63
73.65
73.67
73.70
73.70
73.70
73.71
73.72
73.71
73.75
73.76
73.77
73.77
73.79
73.81
73.81
73.82
73.83
73.82
73.81
73.80
73.79
73.82
73.84
73.83
73.85
73.83
73.83
73.82
73.81
73.81
73.82
73.82
73.80
73.77
73.77
73.79
73.79
73.80
73.79
73.78
73.74
73.76
73.77
73.74
73.72
73.70
73.69
73.68
73.68
73.67
73.66
73.66
73.66
73.66
73.67
73.68
73.69
73.69
73.71
73.74
73.74
73.75
73.73
73.75
73.78
73.80
73.79
73.79
73.80
73.79
73.79
73.79
73.81
73.83
73.83
73.83
73.84
73.85
73.85
73.87
73.90
73.88
73.89
73.90
73.90
73.91
73.90
73.89
73.86
73.86
73.88
73.88
73.87
73.88
73.91
73.92
73.94
73.95
73.94
73.97
73.98
73.97
73.99
73.97
73.97
73.97
73.98
73.98
73.96
73.96
73.95
73.96
73.92
73.92
73.90
73.90
73.91
73.89
73.90
73.87
73.87
73.83
73.83
73.82
73.81
73.84
73.84
73.83
73.83
73.84
73.84
73.85
73.85
73.85
73.86
73.86
73.87
73.88
73.87
73.87
73.85
73.86
73.86
73.84
73.85
73.87
73.90
73.91
73.90
73.90
73.89
73.89
73.91
73.94
73.92
73.91
73.89
73.88
73.88
73.89
73.89
73.90
73.91
73.91
73.91
73.90
73.91
73.94
73.94
73.95
73.97
73.98
73.99
74.01
74.02
74.00
74.00
74.00
74.00
73.99
74.00
73.99
73.98
73.98
73.98
73.97
73.97
73.99
74.00
74.01
74.01
73.99
73.99
74.00
73.99
74.00
73.98
73.97
73.97
73.98
73.99
73.98
73.99
74.00
74.00
73.99
74.00
74.01
74.01
74.01
74.01
73.99
74.01
74.00
74.01
74.02
74.01
74.01
73.99
73.97
73.97
73.96
73.97
73.97
73.97
73.96
73.97
73.96
73.96
73.96
73.96
73.96
73.97
73.99
73.96
73.98
73.96
73.98
73.98
73.96
73.95
73.97
73.98
73.99
73.99
74.01
74.02
74.02
74.02
74.02
74.02
74.02
74.02
74.04
74.05
74.06
74.06
74.05
74.07
74.08
74.08
74.09
74.09
74.09
74.11
74.11
74.11
74.10
74.11
74.11
74.11
74.11
74.12
74.12
74.11
74.12
74.11
74.11
74.09
74.09
74.09
74.11
74.12
74.10
74.09
74.09
74.09
74.09
74.08
74.08
74.07
74.08
74.08
74.08
74.09
74.08
74.09
74.09
74.08
74.08
74.09
74.08
74.08
74.08
74.09
74.10
74.09
74.09
74.10
74.09
74.09
74.10
74.11
74.10
74.09
74.08
74.08
74.08
74.07
74.06
74.07
74.08
74.08
74.07
74.07
74.07
74.06
74.07
74.05
74.05
74.06
74.05
74.03
74.04
74.03
74.05
74.06
74.06
74.06
74.04
74.03
74.03
74.05
74.04
74.03
74.02
74.01
74.01
74.00
73.99
73.99
73.99
73.99
73.99
74.00
73.98
73.96
73.96
73.97
73.97
73.99
73.99
73.99
73.97
73.96
73.97
73.98
73.97
73.99
73.99
73.99
73.99
73.99
74.00
74.01
74.00
73.99
73.99
73.99
74.00
74.00
73.99
74.01
74.01
74.00
74.01
74.01
74.01
74.00
73.99
73.99
73.99
73.99
73.99
74.00
73.99
74.00
74.00
74.01
74.00
74.00
74.01
74.01
74.01
74.00
74.00
74.01
74.00
74.01
74.02
74.02
74.01
74.00
74.00
73.98
74.00
74.00
73.99
73.99
73.99
73.99
73.98
73.99
74.01
74.02
74.02
74.01
74.01
74.00
73.98
73.99
73.98
73.98
73.98
73.98
73.98
73.97
73.96
73.95
73.95
73.95
73.96
73.95
73.96
73.97
73.97
73.98
73.99
73.99
73.97
73.97
73.96
73.96
73.96
73.97
73.96
73.96
73.96
73.96
73.95
73.96
73.96
73.95
73.96
73.96
73.97
73.97
73.95
73.95
73.95
73.94
73.95
73.94
73.95
73.95
73.95
73.95
73.96
73.95
73.94
73.94
73.95
73.94
73.93
73.93
73.93
73.94
73.93
73.93
73.92
73.92
73.92
73.91
73.84
