82.81
85.16
83.85
82.03
81.56
81.77
80.80
81.05
80.73
81.09
81.11
80.86
81.01
81.03
81.56
81.25
81.53
81.25
81.66
81.41
81.40
81.18
81.52
81.58
81.44
81.61
81.48
81.53
81.52
81.56
81.65
81.69
81.63
81.57
81.34
81.34
81.42
81.37
81.57
81.52
81.40
81.40
81.25
81.39
81.18
81.08
80.95
81.02
80.96
81.00
81.10
81.13
81.13
81.22
81.11
81.08
81.11
81.20
81.14
81.17
81.15
81.30
81.32
81.27
81.32
81.34
81.27
81.25
81.27
81.18
81.12
81.05
80.97
80.91
80.83
80.76
80.86
80.77
80.80
80.68
80.71
80.62
80.52
80.52
80.40
80.47
80.48
80.54
80.57
80.57
80.55
80.52
80.53
80.49
80.46
80.45
80.38
80.47
80.52
80.48
80.49
80.48
80.43
80.42
80.39
80.38
80.43
80.47
80.45
80.50
80.46
80.39
80.41
80.39
80.39
80.36
80.34
80.34
80.34
80.34
80.36
80.38
80.39
80.42
80.40
80.34
80.31
80.27
80.26
80.29
80.34
80.39
80.37
80.36
80.36
80.37
80.41
80.34
80.34
80.33
80.30
80.31
80.34
80.31
80.30
80.36
80.33
80.32
80.31
80.30
80.29
80.29
80.26
80.27
80.25
80.25
80.28
80.28
80.29
80.30
80.28
80.25
80.28
80.33
80.35
80.28
80.26
80.31
80.27
80.25
80.28
80.30
80.29
80.28
80.25
80.25
80.25
80.28
80.29
80.28
80.23
80.26
80.27
80.29
80.31
80.34
80.33
80.34
80.32
80.30
80.30
80.27
80.30
80.30
80.25
80.29
80.32
80.30
80.32
80.33
80.31
80.33
80.31
80.34
80.35
80.36
80.35
80.33
80.29
80.31
80.29
80.35
80.34
80.34
80.34
80.37
80.39
80.41
80.38
80.40
80.40
80.38
80.37
80.40
80.40
80.43
80.45
80.43
80.42
80.41
80.45
80.44
80.41
80.38
80.40
80.40
80.41
80.39
80.40
80.41
80.39
80.42
80.41
80.39
80.40
80.40
80.40
80.38
80.39
80.38
80.41
80.39
80.39
80.37
80.34
80.32
80.33
80.35
80.35
80.37
80.36
80.37
80.35
80.33
80.35
80.37
80.37
80.38
80.38
80.38
80.34
80.34
80.36
80.34
80.33
80.34
80.34
80.33
80.33
80.31
80.33
80.36
80.37
80.35
80.39
80.39
80.41
80.42
80.41
80.41
80.40
80.40
80.39
80.37
80.35
80.36
80.32
80.29
80.28
80.26
80.25
80.24
80.25
80.27
80.28
80.29
80.29
80.27
80.29
80.30
80.33
80.33
80.34
80.33
80.34
80.33
80.30
80.30
80.29
80.30
80.32
80.28
80.28
80.29
80.26
80.28
80.29
80.31
80.30
80.31
80.32
80.32
80.32
80.31
80.30
80.31
80.33
80.34
80.34
80.34
80.34
80.36
80.38
80.40
80.39
80.40
80.41
80.40
80.41
80.42
80.41
80.42
80.43
80.45
80.45
80.47
80.46
80.45
80.45
80.45
80.46
80.47
80.48
80.47
80.51
80.51
80.52
80.52
80.53
80.52
80.54
80.53
80.51
80.52
80.52
80.52
80.50
80.51
80.53
80.53
80.54
80.54
80.55
80.54
80.55
80.55
80.58
80.57
80.60
80.61
80.61
80.59
80.59
80.60
80.60
80.62
80.59
80.57
80.56
80.55
80.56
80.57
80.56
80.56
80.56
80.55
80.54
80.54
80.52
80.53
80.52
80.54
80.54
80.56
80.56
80.58
80.59
80.58
80.56
80.57
80.57
80.55
80.55
80.57
80.55
80.56
80.55
80.55
80.55
80.55
80.54
80.53
80.52
80.52
80.52
80.53
80.52
80.54
80.55
80.55
80.53
80.51
80.51
80.50
80.51
80.50
80.49
80.51
80.50
80.51
80.51
80.49
80.50
80.51
80.50
80.51
80.52
80.52
80.51
80.52
80.53
80.53
80.54
80.54
80.55
80.56
80.57
80.56
80.56
80.58
80.59
80.59
80.58
80.57
80.56
80.54
80.54
80.53
80.53
80.52
80.54
80.54
80.55
80.55
80.54
80.55
80.56
80.56
80.56
80.58
80.59
80.59
80.58
80.57
80.57
80.56
80.57
80.57
80.57
80.58
80.56
80.57
80.56
80.57
80.58
80.57
80.56
80.56
80.55
80.56
80.56
80.54
80.54
80.55
80.55
80.54
80.55
80.52
80.53
80.52
80.52
80.51
80.52
80.52
80.51
80.50
80.51
80.51
80.53
80.53
80.52
80.52
80.53
80.53
80.53
80.54
80.54
80.56
80.56
80.57
80.57
80.56
80.54
80.55
80.53
80.53
80.55
80.54
80.54
80.53
80.54
80.53
80.54
80.53
80.53
80.53
80.53
80.54
80.54
80.54
80.54
80.54
80.55
80.54
80.54
80.53
80.53
80.52
80.51
80.52
80.51
80.50
80.49
80.48
80.47
80.47
80.47
80.46
80.48
80.48
80.49
80.48
80.48
80.48
80.48
80.49
80.47
80.46
80.46
80.46
80.48
80.47
80.48
80.48
80.48
80.49
80.49
80.48
80.48
80.48
80.47
80.48
80.46
80.46
80.45
80.45
80.44
80.43
80.42
80.41
80.42
80.42
80.42
80.42
80.43
80.44
80.44
80.45
80.45
80.45
80.46
80.46
80.45
80.46
80.47
80.47
80.48
80.49
80.49
80.48
80.48
80.49
80.49
80.50
80.51
80.51
80.51
80.50
80.50
80.49
80.49
80.50
80.49
80.49
80.49
80.50
80.49
80.49
80.48
80.49
80.50
80.50
80.50
80.50
80.49
80.49
80.50
80.49
80.49
80.49
80.50
80.48
80.50
80.50
80.49
80.50
80.50
80.49
80.48
80.48
80.47
80.48
80.48
80.49
80.50
80.50
80.49
80.49
80.48
80.49
80.49
80.48
80.47
80.46
80.46
80.47
80.47
80.46
80.45
80.45
80.45
80.44
80.45
80.45
80.45
80.45
80.45
80.45
80.45
80.45
80.45
80.46
80.47
80.46
80.45
80.44
80.42
80.42
80.42
80.42
80.43
80.43
80.42
80.42
80.41
80.41
80.41
80.42
80.42
80.43
80.42
80.42
80.43
80.42
80.43
80.43
80.45
80.44
80.44
80.44
80.44
80.45
80.44
80.44
80.44
80.44
80.44
80.46
80.46
80.45
80.45
80.44
80.44
80.45
80.44
80.44
80.44
80.44
80.44
80.45
80.46
80.44
80.44
80.45
80.44
80.44
80.43
80.43
80.44
80.44
80.44
80.44
80.44
80.44
80.44
80.43
80.41
80.41
80.40
80.41
80.41
80.41
80.41
80.42
80.42
80.42
80.42
80.41
80.42
80.41
80.41
80.33
