76.56
76.56
76.56
77.73
78.44
79.43
79.02
78.52
78.65
77.97
78.12
78.26
78.61
78.24
78.23
78.22
78.22
78.39
77.88
77.50
77.46
77.56
77.65
77.86
77.94
78.25
78.53
78.35
78.23
78.28
78.43
78.32
78.46
78.63
78.62
78.60
78.67
78.54
78.45
78.36
78.47
78.57
78.49
78.48
78.33
78.19
78.22
78.29
78.41
78.50
78.65
78.82
78.95
78.94
78.78
78.79
78.81
78.96
79.05
79.17
79.20
79.18
79.24
79.32
79.38
79.31
79.43
79.43
79.44
79.42
79.42
79.56
79.52
79.46
79.40
79.42
79.38
79.35
79.43
79.39
79.51
79.40
79.42
79.41
79.41
79.41
79.47
79.51
79.55
79.60
79.62
79.67
79.74
79.74
79.70
79.67
79.70
79.69
79.70
79.75
79.70
79.67
79.73
79.72
79.72
79.67
79.73
79.79
79.76
79.76
79.79
79.76
79.74
79.77
79.73
79.66
79.61
79.49
79.48
79.49
79.53
79.52
79.56
79.61
79.61
79.68
79.72
79.71
79.71
79.72
79.78
79.76
79.76
79.77
79.71
79.73
79.78
79.76
79.81
79.77
79.80
79.82
79.84
79.82
79.81
79.79
79.80
79.79
79.79
79.78
79.80
79.80
79.78
79.80
79.79
79.81
79.86
79.83
79.77
79.81
79.81
79.82
79.81
79.78
79.78
79.79
79.82
79.83
79.83
79.84
79.84
79.85
79.91
79.94
79.93
79.94
79.93
79.95
79.94
79.96
79.99
80.00
79.97
79.98
79.99
80.00
79.97
79.93
79.94
79.94
79.95
79.98
79.97
80.01
80.02
80.01
80.05
80.05
80.08
80.09
80.05
80.09
80.08
80.09
80.09
80.07
80.09
80.10
80.14
80.13
80.15
80.14
80.12
80.15
80.17
80.20
80.17
80.20
80.15
80.13
80.14
80.13
80.14
80.16
80.14
80.16
80.15
80.11
80.10
80.10
80.11
80.09
80.08
80.07
80.07
80.08
80.07
80.11
80.10
80.10
80.12
80.13
80.14
80.15
80.15
80.15
80.16
80.17
80.17
80.18
80.15
80.16
80.17
80.16
80.17
80.20
80.20
80.21
80.24
80.23
80.22
80.19
80.19
80.18
80.19
80.18
80.16
80.17
80.18
80.16
80.15
80.14
80.18
80.21
80.25
80.25
80.25
80.24
80.23
80.20
80.19
80.16
80.15
80.16
80.16
80.17
80.19
80.19
80.21
80.23
80.20
80.17
80.14
80.13
80.12
80.11
80.10
80.08
80.11
80.11
80.11
80.10
80.11
80.09
80.10
80.11
80.10
80.11
80.11
80.11
80.11
80.10
80.10
80.10
80.08
80.10
80.10
80.11
80.12
80.12
80.14
80.13
80.12
80.13
80.14
80.14
80.17
80.15
80.14
80.17
80.15
80.15
80.16
80.13
80.10
80.12
80.12
80.12
80.09
80.09
80.07
80.06
80.07
80.04
80.04
80.06
80.07
80.05
80.06
80.07
80.03
80.03
80.03
80.05
80.03
80.03
80.02
80.01
79.99
80.00
79.99
79.96
79.95
79.97
79.97
79.98
79.97
79.98
80.00
79.97
79.97
79.94
79.97
79.99
80.00
80.01
80.02
80.03
80.03
80.02
80.02
79.99
80.01
80.00
80.00
79.99
79.98
79.98
79.95
79.95
79.96
79.96
79.96
79.98
80.00
79.98
79.99
79.99
79.99
80.00
80.03
80.00
80.01
80.00
80.00
80.00
80.01
79.97
79.95
79.97
79.97
79.95
79.94
79.94
79.94
79.93
79.92
79.93
79.93
79.95
79.96
79.96
79.97
79.98
79.99
80.02
80.02
80.02
80.02
80.02
80.02
79.99
80.00
80.00
80.00
80.01
80.03
80.01
80.01
80.01
80.02
80.03
80.05
80.06
80.07
80.08
80.08
80.07
80.08
80.07
80.08
80.07
80.06
80.04
80.06
80.05
80.06
80.06
80.04
80.06
80.05
80.04
80.05
80.05
80.05
80.04
80.05
80.05
80.05
80.04
80.04
80.05
80.05
80.04
80.04
80.05
80.07
80.08
80.07
80.06
80.06
80.08
80.09
80.10
80.10
80.10
80.08
80.08
80.07
80.09
80.09
80.11
80.11
80.11
80.12
80.12
80.13
80.13
80.14
80.15
80.16
80.18
80.18
80.18
80.19
80.19
80.18
80.17
80.17
80.16
80.16
80.17
80.19
80.20
80.21
80.20
80.21
80.19
80.19
80.19
80.20
80.21
80.22
80.21
80.21
80.21
80.23
80.21
80.22
80.23
80.21
80.21
80.22
80.22
80.20
80.19
80.19
80.20
80.19
80.20
80.19
80.19
80.19
80.19
80.18
80.18
80.19
80.18
80.19
80.18
80.17
80.17
80.16
80.16
80.15
80.16
80.16
80.16
80.16
80.17
80.16
80.15
80.13
80.13
80.14
80.12
80.13
80.13
80.14
80.14
80.13
80.12
80.12
80.14
80.15
80.16
80.16
80.17
80.16
80.16
80.17
80.18
80.18
80.18
80.18
80.18
80.17
80.17
80.17
80.18
80.19
80.19
80.19
80.20
80.22
80.21
80.21
80.22
80.23
80.24
80.24
80.24
80.25
80.25
80.26
80.27
80.26
80.26
80.28
80.28
80.27
80.27
80.28
80.28
80.28
80.29
80.28
80.29
80.30
80.30
80.31
80.30
80.30
80.30
80.30
80.29
80.29
80.28
80.28
80.28
80.29
80.28
80.28
80.26
80.23
80.25
80.23
80.23
80.24
80.23
80.24
80.24
80.25
80.26
80.25
80.26
80.25
80.25
80.25
80.24
80.24
80.26
80.25
80.25
80.26
80.25
80.24
80.25
80.26
80.26
80.27
80.28
80.27
80.28
80.28
80.29
80.29
80.30
80.30
80.30
80.31
80.31
80.32
80.31
80.31
80.31
80.31
80.31
80.30
80.30
80.30
80.29
80.29
80.30
80.30
80.29
80.29
80.28
80.28
80.29
80.28
80.28
80.27
80.27
80.27
80.27
80.27
80.28
80.29
80.30
80.30
80.31
80.31
80.32
80.32
80.33
80.32
80.33
80.33
80.33
80.34
80.33
80.34
80.35
80.36
80.36
80.36
80.36
80.37
80.36
80.37
80.37
80.36
80.35
80.36
80.36
80.36
80.36
80.35
80.36
80.35
80.36
80.35
80.35
80.34
80.33
80.33
80.32
80.32
80.32
80.33
80.33
80.34
80.33
80.32
80.33
80.32
80.33
80.34
80.35
80.36
80.36
80.36
80.35
80.36
80.36
80.36
80.36
80.36
80.36
80.36
80.36
80.37
80.36
80.36
80.35
80.34
80.34
80.35
80.36
80.36
80.35
80.35
80.35
80.34
80.33
80.32
80.33
80.33
80.32
80.32
80.24
