79.69
80.47
80.73
81.25
80.62
80.99
79.24
79.49
78.99
78.91
79.12
79.04
78.85
79.02
78.44
78.12
77.76
77.43
76.97
77.42
77.38
77.77
77.72
77.86
78.12
78.19
78.01
77.96
78.12
78.12
78.02
77.93
77.79
77.57
77.41
77.34
77.24
77.26
77.28
77.46
77.44
77.49
77.54
77.52
77.60
77.62
77.46
77.44
77.39
77.19
77.14
76.92
76.98
76.97
76.99
77.04
77.17
77.07
77.28
77.32
77.15
77.04
77.03
77.08
77.09
77.11
77.05
76.95
76.88
76.79
76.87
76.76
76.80
76.79
76.77
76.71
76.79
76.80
76.76
76.78
76.66
76.70
76.60
76.67
76.62
76.69
76.72
76.78
76.76
76.77
76.77
76.73
76.85
76.85
76.84
76.82
76.87
76.87
76.72
76.69
76.75
76.76
76.77
76.71
76.70
76.80
76.83
76.82
76.82
76.86
76.90
76.88
76.92
77.00
77.05
76.98
77.03
76.99
76.96
76.99
77.00
77.06
77.05
77.03
77.04
77.06
77.03
77.04
76.95
76.90
76.99
77.05
77.02
77.03
77.04
77.00
77.02
77.04
76.98
77.05
77.08
77.08
77.01
77.02
76.94
76.92
76.90
76.98
76.99
77.00
76.99
76.97
76.91
76.91
76.86
76.91
76.91
76.91
76.88
76.92
76.91
76.86
76.85
76.83
76.82
76.78
76.81
76.78
76.78
76.80
76.79
76.76
76.73
76.74
76.77
76.78
76.81
76.80
76.76
76.74
76.82
76.78
76.79
76.82
76.85
76.88
76.88
76.85
76.88
76.83
76.84
76.83
76.84
76.85
76.84
76.88
76.94
76.94
76.93
76.95
76.93
76.96
76.96
76.98
77.03
77.03
77.01
76.97
76.97
76.96
76.95
76.96
76.94
76.94
76.93
76.94
76.94
76.97
76.95
76.92
76.94
76.96
76.98
76.99
76.93
76.96
76.95
76.95
76.91
76.89
76.95
76.95
76.94
76.94
76.93
76.93
76.94
76.91
76.93
76.89
76.89
76.91
76.85
76.87
76.92
76.92
76.92
76.86
76.88
76.88
76.87
76.88
76.89
76.92
76.94
76.95
76.97
76.97
76.95
76.94
76.92
76.95
76.97
77.00
77.03
77.04
77.05
77.05
77.04
77.01
77.02
77.03
77.00
76.98
77.00
77.01
77.02
76.99
76.99
77.00
77.01
77.00
77.00
76.99
77.01
77.01
76.99
77.01
77.02
77.06
77.06
77.08
77.12
77.12
77.11
77.11
77.13
77.14
77.14
77.14
77.15
77.15
77.13
77.12
77.10
77.08
77.11
77.13
77.13
77.13
77.13
77.13
77.12
77.09
77.09
77.10
77.12
77.11
77.11
77.07
77.07
77.09
77.07
77.04
77.06
77.05
77.05
77.04
77.03
77.01
77.02
77.02
77.00
76.99
77.01
77.02
76.98
76.97
76.98
76.99
77.01
76.99
77.01
77.01
77.02
77.05
77.04
77.04
77.04
77.05
77.05
77.07
77.07
77.06
77.08
77.07
77.08
77.08
77.09
77.08
77.09
77.07
77.07
77.08
77.06
77.07
77.06
77.05
77.06
77.03
77.05
77.03
77.02
77.03
77.02
77.02
77.03
77.03
77.02
77.01
77.02
77.01
77.01
77.02
77.00
77.00
76.98
76.99
77.00
77.02
77.01
77.02
77.05
77.05
77.05
77.06
77.10
77.09
77.10
77.10
77.12
77.11
77.11
77.10
77.08
77.07
77.03
77.04
77.04
77.02
76.99
77.01
77.02
77.00
76.99
76.99
76.98
76.99
76.99
76.99
77.00
76.98
76.96
76.96
76.96
76.94
76.96
76.98
76.99
76.99
76.97
76.98
76.98
76.98
76.98
76.97
76.96
76.94
76.94
76.95
76.96
76.96
76.95
76.95
76.94
76.93
76.94
76.95
76.95
76.94
76.94
76.93
76.92
76.93
76.93
76.93
76.94
76.95
76.95
76.93
76.93
76.92
76.93
76.92
76.93
76.94
76.96
76.95
76.95
76.94
76.94
76.95
76.95
76.95
76.96
76.97
76.98
76.96
76.95
76.97
76.98
77.00
77.00
77.00
76.99
76.99
76.97
76.97
76.97
76.96
76.97
76.98
77.00
77.01
76.99
76.99
76.99
76.99
76.99
76.99
76.99
77.01
77.01
77.01
77.01
76.99
76.98
76.97
76.98
76.98
76.98
76.97
76.96
76.96
76.97
76.95
76.95
76.96
76.97
76.98
76.97
76.97
76.96
76.96
76.97
76.95
76.96
76.98
76.98
76.98
76.97
76.97
76.98
76.99
76.97
76.97
76.97
76.96
76.96
76.96
76.96
76.95
76.95
76.95
76.94
76.93
76.96
76.96
76.96
76.97
76.99
76.97
76.96
76.95
76.95
76.97
76.97
76.95
76.96
76.95
76.94
76.95
76.96
76.98
76.97
76.98
76.99
77.00
77.00
77.01
77.02
77.02
77.01
77.02
77.02
77.02
77.01
77.00
76.99
76.99
76.99
76.99
77.00
76.99
76.98
76.98
76.98
76.99
76.99
76.98
77.00
77.01
77.01
77.01
77.03
77.03
77.01
77.01
77.00
76.99
77.01
77.00
77.00
76.98
76.99
76.99
77.00
77.00
77.00
77.01
77.02
77.02
77.04
77.04
77.05
77.05
77.05
77.03
77.03
77.01
77.00
77.01
77.02
77.01
77.01
77.00
76.99
76.99
76.99
76.99
76.99
76.98
76.99
76.98
76.98
76.98
76.99
77.00
77.00
77.01
77.02
77.02
77.01
77.02
77.00
77.00
76.99
76.99
76.99
76.99
76.98
76.99
76.99
76.98
76.98
76.96
76.96
76.96
76.96
76.96
76.96
76.96
76.96
76.97
76.97
76.98
76.99
76.99
76.99
77.00
76.99
76.99
77.00
77.00
77.00
77.01
77.01
77.03
77.03
77.03
77.03
77.02
77.03
77.03
77.03
77.03
77.02
77.01
77.02
77.01
76.99
76.99
76.99
76.99
77.00
77.00
77.01
77.01
77.01
77.00
77.00
77.01
77.02
77.03
77.04
77.03
77.03
77.01
77.01
77.02
77.03
77.03
77.03
77.04
77.03
77.03
77.04
77.04
77.03
77.01
77.02
77.01
77.02
77.01
77.01
77.01
77.01
77.00
77.00
77.01
77.00
77.00
77.00
77.00
77.01
77.03
77.03
77.03
77.03
77.04
77.04
77.04
77.04
77.04
77.04
77.04
77.03
77.04
77.03
77.03
77.04
77.04
77.02
77.02
77.03
77.03
77.03
77.03
77.03
77.03
77.04
77.04
77.03
77.03
77.03
77.03
77.04
77.03
77.03
77.03
77.03
77.03
77.03
77.03
77.02
77.02
77.02
77.02
77.02
77.02
77.01
76.93
