84.38
85.94
82.81
82.42
81.56
79.95
79.91
79.88
79.69
79.53
79.55
80.34
80.77
80.69
80.52
80.57
80.79
80.99
80.92
81.02
81.10
81.25
81.66
81.64
81.62
81.91
81.89
81.92
81.84
81.98
81.70
81.64
81.63
81.57
81.61
81.90
81.93
81.78
81.57
81.45
81.40
81.36
81.29
80.89
81.01
81.05
81.02
81.12
81.25
81.34
81.28
81.13
81.10
80.84
80.85
80.72
80.73
80.66
80.61
80.68
80.69
80.67
80.73
80.79
80.77
80.78
80.83
80.84
80.82
80.78
80.77
80.79
80.80
80.87
80.83
80.76
80.76
80.71
80.76
80.74
80.79
80.74
80.80
80.84
80.74
80.70
80.68
80.70
80.62
80.62
80.61
80.52
80.46
80.44
80.48
80.58
80.56
80.55
80.62
80.67
80.66
80.65
80.64
80.53
80.54
80.63
80.58
80.56
80.50
80.60
80.55
80.61
80.63
80.61
80.61
80.63
80.58
80.60
80.61
80.60
80.63
80.66
80.69
80.65
80.62
80.62
80.55
80.64
80.62
80.50
80.47
80.43
80.47
80.49
80.47
80.47
80.42
80.42
80.49
80.48
80.43
80.44
80.45
80.45
80.47
80.42
80.44
80.44
80.45
80.35
80.37
80.36
80.32
80.28
80.25
80.26
80.27
80.26
80.30
80.31
80.30
80.30
80.25
80.21
80.22
80.21
80.19
80.22
80.18
80.16
80.17
80.16
80.18
80.21
80.24
80.26
80.23
80.25
80.27
80.24
80.27
80.32
80.30
80.32
80.30
80.31
80.32
80.33
80.32
80.30
80.28
80.26
80.26
80.23
80.17
80.19
80.17
80.15
80.11
80.13
80.15
80.15
80.16
80.15
80.19
80.18
80.17
80.14
80.13
80.16
80.18
80.22
80.18
80.20
80.18
80.16
80.16
80.15
80.14
80.15
80.16
80.17
80.21
80.20
80.17
80.16
80.19
80.16
80.17
80.18
80.16
80.16
80.19
80.19
80.21
80.22
80.23
80.27
80.24
80.20
80.17
80.17
80.16
80.15
80.14
80.13
80.10
80.13
80.13
80.14
80.15
80.15
80.16
80.15
80.17
80.18
80.19
80.23
80.27
80.28
80.28
80.28
80.28
80.30
80.29
80.29
80.26
80.26
80.24
80.25
80.24
80.25
80.22
80.18
80.17
80.15
80.16
80.17
80.16
80.14
80.14
80.17
80.16
80.17
80.17
80.18
80.18
80.20
80.21
80.20
80.19
80.19
80.19
80.18
80.21
80.22
80.19
80.19
80.18
80.15
80.15
80.16
80.13
80.10
80.12
80.11
80.13
80.14
80.14
80.15
80.16
80.15
80.16
80.19
80.21
80.21
80.20
80.22
80.22
80.21
80.22
80.19
80.16
80.15
80.13
80.14
80.15
80.16
80.13
80.12
80.10
80.11
80.11
80.09
80.07
80.09
80.08
80.09
80.08
80.10
80.10
80.09
80.09
80.11
80.07
80.07
80.09
80.11
80.10
80.08
80.05
80.04
80.05
80.04
80.04
80.01
80.02
80.04
80.02
80.03
80.03
80.01
80.00
80.01
80.01
80.01
80.01
80.01
80.02
80.02
80.01
80.02
80.01
80.01
79.97
79.97
79.99
80.00
80.02
80.02
80.02
80.01
80.01
80.01
80.03
80.02
80.01
80.01
80.03
80.05
80.06
80.05
80.07
80.06
80.09
80.09
80.07
80.08
80.08
80.07
80.08
80.09
80.09
80.10
80.12
80.13
80.11
80.14
80.14
80.14
80.14
80.13
80.13
80.12
80.11
80.09
80.11
80.09
80.09
80.09
80.10
80.10
80.12
80.13
80.15
80.16
80.16
80.16
80.18
80.19
80.18
80.19
80.19
80.18
80.18
80.17
80.17
80.17
80.16
80.16
80.16
80.16
80.15
80.13
80.14
80.15
80.18
80.18
80.19
80.18
80.16
80.16
80.18
80.17
80.19
80.20
80.20
80.20
80.20
80.22
80.23
80.24
80.23
80.25
80.23
80.23
80.23
80.24
80.24
80.23
80.21
80.24
80.24
80.25
80.23
80.23
80.23
80.24
80.25
80.25
80.26
80.26
80.27
80.28
80.27
80.25
80.25
80.24
80.24
80.23
80.23
80.23
80.24
80.26
80.25
80.25
80.26
80.27
80.27
80.28
80.25
80.26
80.27
80.27
80.28
80.28
80.26
80.26
80.26
80.25
80.23
80.24
80.24
80.23
80.22
80.22
80.23
80.23
80.23
80.22
80.21
80.22
80.21
80.21
80.21
80.21
80.22
80.21
80.21
80.21
80.21
80.21
80.22
80.21
80.20
80.21
80.20
80.19
80.18
80.20
80.19
80.19
80.19
80.21
80.22
80.22
80.23
80.24
80.24
80.24
80.24
80.23
80.24
80.21
80.20
80.20
80.20
80.21
80.22
80.20
80.19
80.20
80.20
80.20
80.21
80.21
80.20
80.20
80.19
80.19
80.19
80.18
80.18
80.17
80.17
80.16
80.16
80.17
80.17
80.16
80.16
80.14
80.14
80.13
80.13
80.14
80.15
80.14
80.16
80.15
80.17
80.17
80.17
80.16
80.17
80.18
80.18
80.20
80.20
80.20
80.19
80.20
80.20
80.20
80.20
80.20
80.20
80.19
80.19
80.18
80.18
80.19
80.19
80.19
80.19
80.17
80.18
80.17
80.17
80.17
80.16
80.15
80.16
80.16
80.14
80.15
80.15
80.15
80.15
80.15
80.15
80.15
80.17
80.17
80.16
80.17
80.18
80.17
80.17
80.17
80.18
80.19
80.19
80.20
80.21
80.21
80.21
80.22
80.21
80.22
80.22
80.22
80.23
80.24
80.24
80.24
80.26
80.26
80.24
80.24
80.24
80.25
80.23
80.23
80.23
80.23
80.22
80.21
80.21
80.22
80.22
80.22
80.22
80.22
80.22
80.22
80.23
80.23
80.23
80.22
80.21
80.22
80.23
80.23
80.23
80.24
80.23
80.23
80.23
80.23
80.23
80.23
80.23
80.24
80.24
80.24
80.24
80.23
80.24
80.24
80.23
80.24
80.24
80.24
80.24
80.23
80.24
80.23
80.24
80.24
80.23
80.23
80.23
80.23
80.23
80.24
80.25
80.25
80.25
80.26
80.26
80.27
80.26
80.27
80.27
80.27
80.27
80.28
80.30
80.28
80.29
80.29
80.28
80.27
80.28
80.28
80.28
80.28
80.27
80.29
80.29
80.29
80.29
80.30
80.31
80.31
80.30
80.31
80.31
80.30
80.30
80.29
80.29
80.28
80.29
80.30
80.30
80.30
80.30
80.30
80.31
80.31
80.32
80.32
80.32
80.32
80.32
80.32
80.32
80.32
80.31
80.31
80.31
80.32
80.32
80.31
80.32
80.31
80.32
80.33
80.33
80.25
