75.00
70.31
72.92
72.27
71.56
72.92
72.77
72.46
72.74
73.28
74.29
74.74
74.76
74.55
74.79
75.10
75.28
75.61
75.82
76.25
76.64
76.49
76.63
77.02
77.12
77.16
77.37
77.62
77.53
77.34
77.37
77.44
77.60
77.62
77.72
77.78
77.74
77.88
77.80
77.77
77.52
77.64
77.58
77.56
77.53
77.65
77.93
77.86
77.71
77.72
77.67
77.76
77.89
77.75
77.61
77.54
77.47
77.29
77.33
77.40
77.46
77.42
77.33
77.17
77.14
77.08
77.01
77.16
77.15
77.17
77.22
77.13
77.03
77.03
76.98
76.95
77.05
77.10
77.12
77.11
76.95
76.98
76.90
76.97
76.97
77.03
77.07
77.06
77.09
77.03
77.09
77.09
77.03
76.93
76.97
76.95
77.01
77.07
77.08
77.05
77.01
77.07
77.02
77.00
77.04
77.05
76.94
76.92
76.88
76.89
76.83
76.81
76.80
76.74
76.85
76.87
76.86
76.84
76.88
76.86
76.82
76.75
76.74
76.80
76.86
76.81
76.81
76.77
76.79
76.78
76.80
76.89
76.87
76.89
76.93
76.99
77.03
77.02
77.07
77.06
77.05
77.06
77.02
77.03
77.06
77.08
77.06
77.05
77.07
77.11
77.11
77.14
77.08
77.07
77.12
77.10
77.10
77.10
77.09
77.07
77.08
77.10
77.11
77.12
77.14
77.19
77.25
77.22
77.20
77.20
77.19
77.21
77.20
77.20
77.21
77.21
77.21
77.26
77.27
77.27
77.24
77.28
77.31
77.30
77.30
77.28
77.24
77.24
77.20
77.26
77.26
77.23
77.26
77.24
77.24
77.24
77.24
77.25
77.28
77.23
77.23
77.25
77.25
77.24
77.23
77.16
77.17
77.23
77.20
77.19
77.21
77.23
77.21
77.22
77.17
77.16
77.19
77.21
77.17
77.11
77.09
77.12
77.07
77.11
77.13
77.10
77.10
77.10
77.12
77.10
77.12
77.12
77.11
77.12
77.11
77.14
77.10
77.06
77.05
77.02
77.02
77.01
77.01
76.97
76.95
76.94
76.96
76.95
76.98
76.99
76.98
76.99
76.96
76.96
76.95
76.95
76.99
76.99
76.98
77.01
76.98
76.98
76.92
76.91
76.90
76.93
76.90
76.91
76.95
76.94
76.93
76.93
76.95
76.91
76.93
76.90
76.88
76.87
76.86
76.85
76.84
76.86
76.86
76.87
76.90
76.88
76.89
76.89
76.88
76.88
76.89
76.87
76.86
76.85
76.85
76.84
76.81
76.80
76.76
76.74
76.73
76.71
76.73
76.75
76.74
76.72
76.74
76.77
76.77
76.74
76.78
76.79
76.81
76.84
76.85
76.85
76.86
76.88
76.88
76.88
76.89
76.88
76.89
76.86
76.87
76.87
76.84
76.85
76.82
76.81
76.84
76.85
76.83
76.85
76.86
76.88
76.91
76.89
76.88
76.88
76.89
76.90
76.90
76.90
76.89
76.91
76.90
76.89
76.89
76.92
76.90
76.91
76.90
76.89
76.89
76.90
76.92
76.94
76.94
76.95
76.93
76.94
76.92
76.91
76.92
76.91
76.91
76.90
76.91
76.91
76.92
76.94
76.97
76.93
76.92
76.94
76.96
76.96
76.96
76.95
76.95
76.93
76.93
76.94
76.93
76.92
76.92
76.90
76.90
76.90
76.88
76.87
76.86
76.86
76.87
76.87
76.83
76.83
76.82
76.84
76.85
76.87
76.87
76.87
76.86
76.85
76.87
76.87
76.85
76.86
76.85
76.85
76.85
76.87
76.87
76.87
76.86
76.87
76.88
76.89
76.89
76.90
76.94
76.95
76.94
76.95
76.95
76.96
76.95
76.98
76.97
76.96
76.96
76.96
76.98
76.99
76.99
76.98
77.00
77.00
77.00
77.00
77.00
76.99
76.98
76.98
76.97
76.97
76.99
77.00
77.01
77.02
77.02
77.02
77.03
77.03
77.05
77.02
77.03
77.03
77.03
77.02
77.01
77.01
77.02
77.03
77.02
77.01
77.02
77.02
77.02
77.02
77.00
76.99
76.97
76.98
76.99
76.99
76.98
76.99
77.01
77.01
77.03
77.02
77.01
77.02
77.00
77.01
77.02
77.02
77.02
77.03
77.02
77.02
76.99
77.00
77.00
77.00
76.99
77.00
76.99
76.98
76.98
76.96
76.98
76.97
76.96
76.97
76.96
76.94
76.93
76.92
76.92
76.92
76.91
76.90
76.89
76.87
76.88
76.88
76.87
76.88
76.89
76.89
76.89
76.89
76.90
76.89
76.90
76.91
76.88
76.89
76.89
76.90
76.91
76.94
76.95
76.96
76.97
76.98
76.98
76.97
76.97
76.96
76.95
76.96
76.95
76.97
76.97
76.97
76.96
76.96
76.95
76.96
76.95
76.95
76.93
76.93
76.93
76.95
76.95
76.95
76.95
76.95
76.94
76.94
76.94
76.95
76.94
76.95
76.96
76.96
76.97
76.98
77.00
77.00
77.01
77.01
77.00
76.99
76.99
76.99
77.00
76.99
76.99
76.98
77.00
77.00
77.00
77.00
77.01
77.02
77.02
77.03
77.04
77.03
77.04
77.03
77.05
77.04
77.05
77.06
77.07
77.07
77.08
77.09
77.08
77.08
77.09
77.10
77.08
77.09
77.09
77.11
77.12
77.12
77.11
77.11
77.11
77.12
77.12
77.11
77.14
77.14
77.14
77.14
77.13
77.13
77.13
77.13
77.13
77.13
77.12
77.11
77.11
77.12
77.12
77.12
77.12
77.12
77.12
77.10
77.11
77.10
77.10
77.10
77.11
77.12
77.11
77.12
77.11
77.10
77.10
77.10
77.10
77.10
77.09
77.09
77.10
77.10
77.11
77.09
77.09
77.08
77.09
77.09
77.10
77.09
77.08
77.08
77.07
77.09
77.08
77.08
77.07
77.08
77.08
77.08
77.07
77.07
77.05
77.05
77.04
77.02
77.04
77.03
77.04
77.04
77.03
77.04
77.05
77.05
77.05
77.04
77.05
77.06
77.06
77.07
77.07
77.07
77.08
77.07
77.07
77.07
77.08
77.07
77.06
77.06
77.04
77.05
77.06
77.06
77.07
77.07
77.08
77.08
77.08
77.08
77.09
77.08
77.09
77.09
77.08
77.08
77.09
77.09
77.08
77.08
77.09
77.10
77.09
77.10
77.11
77.12
77.10
77.10
77.12
77.13
77.14
77.15
77.15
77.15
77.15
77.14
77.12
77.12
77.12
77.12
77.12
77.12
77.11
77.11
77.12
77.13
77.12
77.12
77.14
77.14
77.14
77.15
77.16
77.16
77.16
77.15
77.15
77.17
77.16
77.16
77.16
77.16
77.16
77.17
77.15
