78.12
75.00
77.08
73.83
72.19
71.09
70.54
69.34
69.79
69.69
70.17
70.05
69.59
69.64
69.69
69.53
69.49
69.53
69.41
68.98
69.79
69.53
69.84
69.99
69.69
69.71
69.73
70.26
70.69
70.94
70.77
70.56
70.60
70.68
70.67
70.49
70.31
70.52
70.47
70.35
70.27
70.31
70.24
70.28
70.07
70.21
69.91
70.05
70.09
70.28
70.34
70.52
70.61
70.75
70.88
71.01
70.97
71.01
71.05
71.22
71.18
71.22
71.28
71.44
71.51
71.52
71.62
71.69
71.65
71.58
71.70
71.66
71.53
71.60
71.75
71.63
71.63
71.69
71.76
71.76
71.78
71.76
71.72
71.74
71.76
71.84
71.95
71.96
71.93
71.98
71.96
71.98
71.96
71.94
71.96
71.94
72.04
71.97
72.00
72.03
72.08
72.09
72.03
72.03
72.02
72.02
72.09
71.99
72.00
72.03
72.09
72.11
72.17
72.16
72.21
72.24
72.21
72.15
72.12
72.15
72.18
72.18
72.22
72.15
72.06
72.04
71.96
71.94
71.98
71.96
71.96
71.95
71.90
71.89
71.84
71.86
71.83
71.81
71.85
71.84
71.79
71.79
71.78
71.78
71.77
71.76
71.80
71.77
71.84
71.79
71.70
71.69
71.63
71.57
71.64
71.63
71.62
71.62
71.61
71.59
71.59
71.62
71.60
71.63
71.66
71.69
71.70
71.63
71.56
71.58
71.56
71.60
71.58
71.60
71.66
71.62
71.58
71.53
71.55
71.58
71.59
71.60
71.57
71.58
71.60
71.66
71.65
71.68
71.66
71.67
71.65
71.66
71.69
71.67
71.66
71.64
71.60
71.58
71.58
71.55
71.57
71.57
71.55
71.53
71.54
71.58
71.56
71.54
71.54
71.56
71.59
71.58
71.58
71.55
71.53
71.46
71.49
71.47
71.48
71.48
71.48
71.49
71.51
71.45
71.44
71.42
71.40
71.40
71.37
71.37
71.38
71.36
71.34
71.34
71.37
71.37
71.39
71.40
71.39
71.39
71.40
71.46
71.44
71.43
71.43
71.44
71.48
71.48
71.50
71.46
71.43
71.42
71.44
71.44
71.45
71.47
71.52
71.52
71.54
71.57
71.55
71.52
71.54
71.50
71.49
71.48
71.54
71.53
71.52
71.52
71.51
71.48
71.49
71.50
71.49
71.51
71.49
71.46
71.45
71.46
71.42
71.45
71.48
71.47
71.50
71.50
71.50
71.49
71.52
71.50
71.50
71.50
71.45
71.48
71.47
71.46
71.46
71.47
71.47
71.48
71.50
71.52
71.53
71.53
71.54
71.55
71.59
71.57
71.58
71.58
71.58
71.55
71.56
71.58
71.58
71.57
71.55
71.53
71.52
71.54
71.51
71.52
71.52
71.50
71.52
71.53
71.51
71.53
71.54
71.56
71.60
71.58
71.55
71.50
71.48
71.50
71.50
71.51
71.52
71.54
71.54
71.54
71.54
71.53
71.50
71.50
71.51
71.51
71.51
71.50
71.49
71.49
71.51
71.51
71.51
71.51
71.52
71.53
71.56
71.54
71.54
71.55
71.54
71.56
71.56
71.56
71.56
71.56
71.57
71.54
71.52
71.53
71.51
71.52
71.54
71.56
71.57
71.58
71.58
71.56
71.56
71.55
71.55
71.55
71.54
71.52
71.54
71.53
71.53
71.53
71.54
71.55
71.56
71.55
71.55
71.56
71.54
71.53
71.48
71.50
71.49
71.51
71.51
71.51
71.50
71.52
71.54
71.51
71.52
71.52
71.53
71.53
71.55
71.55
71.54
71.53
71.52
71.51
71.51
71.50
71.53
71.52
71.54
71.53
71.53
71.50
71.49
71.50
71.50
71.49
71.49
71.48
71.49
71.49
71.48
71.48
71.48
71.46
71.49
71.48
71.47
71.45
71.46
71.46
71.46
71.44
71.45
71.47
71.48
71.49
71.49
71.50
71.49
71.49
71.50
71.52
71.51
71.52
71.50
71.50
71.51
71.49
71.49
71.48
71.50
71.51
71.49
71.51
71.51
71.52
71.53
71.53
71.53
71.51
71.51
71.48
71.50
71.51
71.50
71.51
71.51
71.51
71.51
71.52
71.52
71.51
71.50
71.49
71.49
71.49
71.48
71.47
71.46
71.46
71.46
71.45
71.45
71.45
71.46
71.47
71.49
71.49
71.48
71.48
71.47
71.47
71.45
71.44
71.44
71.43
71.42
71.42
71.39
71.40
71.42
71.42
71.39
71.40
71.38
71.39
71.41
71.41
71.40
71.39
71.41
71.41
71.42
71.44
71.44
71.44
71.45
71.44
71.44
71.44
71.43
71.41
71.41
71.42
71.41
71.41
71.42
71.42
71.41
71.40
71.38
71.38
71.37
71.38
71.37
71.37
71.38
71.37
71.36
71.39
71.40
71.38
71.38
71.37
71.37
71.37
71.37
71.37
71.35
71.35
71.35
71.35
71.35
71.36
71.36
71.35
71.35
71.35
71.35
71.35
71.35
71.35
71.35
71.36
71.37
71.38
71.37
71.37
71.37
71.37
71.38
71.37
71.37
71.36
71.35
71.36
71.34
71.33
71.34
71.34
71.34
71.34
71.34
71.35
71.35
71.36
71.37
71.36
71.36
71.36
71.34
71.35
71.34
71.34
71.36
71.34
71.36
71.34
71.35
71.35
71.35
71.33
71.32
71.32
71.30
71.31
71.30
71.31
71.29
71.32
71.31
71.31
71.30
71.30
71.30
71.28
71.28
71.28
71.27
71.26
71.26
71.27
71.27
71.28
71.28
71.28
71.27
71.26
71.25
71.25
71.25
71.27
71.26
71.27
71.27
71.28
71.29
71.30
71.31
71.31
71.31
71.32
71.31
71.32
71.32
71.31
71.31
71.32
71.30
71.31
71.32
71.34
71.34
71.35
71.35
71.36
71.34
71.34
71.35
71.35
71.34
71.34
71.34
71.33
71.33
71.33
71.32
71.32
71.31
71.32
71.31
71.31
71.30
71.29
71.28
71.28
71.27
71.28
71.28
71.28
71.29
71.30
71.29
71.29
71.28
71.29
71.29
71.30
71.30
71.30
71.30
71.28
71.28
71.28
71.27
71.27
71.26
71.25
71.24
71.24
71.24
71.24
71.23
71.22
71.21
71.20
71.21
71.20
71.22
71.20
71.20
71.20
71.19
71.18
71.18
71.18
71.18
71.19
71.19
71.20
71.20
71.20
71.19
71.20
71.19
71.20
71.20
71.20
71.20
71.20
71.18
71.19
71.19
71.20
71.21
71.21
71.20
71.20
71.19
71.19
71.19
71.20
71.19
71.17
71.17
71.17
71.17
71.19
71.20
71.21
71.22
71.21
71.21
71.21
71.22
71.23
71.23
71.22
71.23
71.22
71.22
71.21
71.21
71.21
71.22
71.22
71.23
71.16
