6.25
3.91
3.65
4.69
4.06
4.17
4.24
3.91
3.82
4.22
3.84
3.65
3.49
3.68
3.54
3.71
3.77
3.73
3.78
3.98
3.94
3.91
3.80
3.65
3.69
3.55
3.65
3.68
3.61
3.59
3.53
3.52
3.50
3.49
3.48
3.52
3.59
3.54
3.57
3.59
3.62
3.65
3.78
3.87
3.92
3.87
3.89
3.87
3.92
3.97
3.92
3.91
3.86
3.85
3.81
3.85
3.89
3.91
3.87
3.91
3.89
3.98
4.02
4.05
4.04
4.02
4.08
4.14
4.12
4.22
4.29
4.28
4.28
4.29
4.31
4.26
4.26
4.33
4.35
4.37
4.38
4.38
4.39
4.35
4.36
4.36
4.40
4.35
4.35
4.36
4.38
4.36
4.44
4.49
4.51
4.48
4.46
4.45
4.47
4.47
4.47
4.47
4.43
4.39
4.40
4.36
4.35
4.31
4.33
4.33
4.36
4.38
4.38
4.36
4.37
4.38
4.38
4.36
4.32
4.32
4.33
4.33
4.34
4.35
4.35
4.35
4.37
4.36
4.36
4.36
4.34
4.33
4.32
4.34
4.34
4.31
4.29
4.31
4.31
4.29
4.28
4.31
4.31
4.30
4.32
4.36
4.38
4.41
4.41
4.42
4.43
4.43
4.45
4.48
4.49
4.47
4.46
4.44
4.44
4.43
4.42
4.44
4.45
4.44
4.49
4.47
4.46
4.45
4.45
4.43
4.48
4.46
4.44
4.45
4.44
4.43
4.41
4.40
4.39
4.37
4.38
4.38
4.40
4.42
4.42
4.41
4.43
4.43
4.41
4.41
4.43
4.44
4.42
4.43
4.45
4.46
4.47
4.46
4.47
4.48
4.48
4.46
4.48
4.48
4.48
4.48
4.47
4.48
4.49
4.50
4.50
4.51
4.51
4.52
4.51
4.51
4.51
4.51
4.51
4.52
4.52
4.53
4.53
4.53
4.53
4.54
4.54
4.52
4.50
4.51
4.50
4.50
4.51
4.52
4.52
4.50
4.49
4.51
4.50
4.50
4.50
4.51
4.51
4.51
4.50
4.50
4.50
4.52
4.51
4.50
4.50
4.53
4.53
4.52
4.52
4.52
4.51
4.49
4.52
4.54
4.54
4.53
4.54
4.53
4.55
4.53
4.54
4.53
4.51
4.52
4.51
4.50
4.50
4.50
4.49
4.49
4.47
4.47
4.48
4.49
4.49
4.51
4.52
4.52
4.52
4.52
4.55
4.56
4.56
4.55
4.56
4.58
4.56
4.55
4.54
4.56
4.56
4.56
4.55
4.58
4.57
4.58
4.59
4.58
4.60
4.60
4.60
4.60
4.60
4.61
4.60
4.59
4.60
4.59
4.59
4.60
4.60
4.61
4.61
4.60
4.60
4.60
4.59
4.59
4.58
4.57
4.57
4.57
4.56
4.57
4.56
4.56
4.56
4.57
4.58
4.58
4.58
4.58
4.58
4.59
4.59
4.59
4.59
4.58
4.58
4.58
4.58
4.58
4.59
4.61
4.60
4.60
4.60
4.61
4.60
4.59
4.59
4.59
4.60
4.60
4.61
4.61
4.61
4.62
4.62
4.62
4.62
4.62
4.62
4.63
4.63
4.62
4.61
4.61
4.62
4.62
4.62
4.62
4.63
4.64
4.64
4.66
4.66
4.66
4.66
4.66
4.66
4.66
4.65
4.64
4.64
4.63
4.63
4.63
4.65
4.65
4.65
4.66
4.66
4.64
4.64
4.64
4.63
4.63
4.63
4.64
4.63
4.62
4.62
4.62
4.62
4.63
4.62
4.62
4.61
4.61
4.60
4.61
4.62
4.62
4.62
4.61
4.61
4.61
4.62
4.62
4.61
4.61
4.62
4.61
4.61
4.62
4.62
4.62
4.62
4.61
4.60
4.61
4.61
4.61
4.60
4.61
4.60
4.61
4.61
4.61
4.61
4.61
4.61
4.62
4.62
4.62
4.62
4.62
4.61
4.61
4.62
4.61
4.60
4.60
4.61
4.60
4.59
4.59
4.58
4.59
4.59
4.58
4.58
4.58
4.59
4.58
4.58
4.59
4.59
4.58
4.58
4.59
4.58
4.58
4.58
4.58
4.58
4.57
4.57
4.57
4.58
4.57
4.57
4.58
4.59
4.59
4.59
4.59
4.59
4.58
4.59
4.59
4.59
4.59
4.59
4.59
4.59
4.59
4.59
4.58
4.59
4.59
4.59
4.58
4.58
4.59
4.59
4.58
4.58
4.58
4.58
4.58
4.58
4.59
4.58
4.58
4.58
4.58
4.58
4.60
4.60
4.60
4.59
4.60
4.59
4.59
4.59
4.58
4.58
4.58
4.58
4.57
4.57
4.57
4.58
4.58
4.58
4.57
4.58
4.57
4.57
4.57
4.57
4.57
4.57
4.56
4.56
4.56
4.56
4.55
4.56
4.56
4.57
4.56
4.56
4.56
4.56
4.55
4.55
4.55
4.56
4.56
4.56
4.56
4.56
4.57
4.57
4.57
4.58
4.58
4.58
4.59
4.59
4.59
4.58
4.57
4.57
4.57
4.56
4.56
4.56
4.56
4.55
4.56
4.55
4.56
4.56
4.56
4.56
4.56
4.56
4.55
4.56
4.56
4.55
4.55
4.55
4.55
4.55
4.54
4.54
4.54
4.54
4.54
4.54
4.54
4.54
4.55
4.55
4.55
4.54
4.55
4.54
4.54
4.54
4.53
4.53
4.52
4.53
4.53
4.53
4.53
4.53
4.53
4.53
4.53
4.53
4.52
4.53
4.53
4.53
4.53
4.52
4.52
4.51
4.51
4.51
4.52
4.52
4.52
4.52
4.53
4.53
4.53
4.53
4.52
4.52
4.53
4.53
4.52
4.52
4.52
4.53
4.53
4.53
4.54
4.54
4.54
4.53
4.54
4.53
4.53
4.54
4.53
4.53
4.53
4.53
4.53
4.52
4.52
4.52
4.52
4.53
4.53
4.52
4.52
4.52
4.52
4.52
4.52
4.51
4.52
4.52
4.52
4.51
4.51
4.51
4.52
4.51
4.51
4.51
4.51
4.51
4.51
4.51
4.50
4.50
4.50
4.49
4.49
4.49
4.50
4.50
4.51
4.51
4.50
4.50
4.49
4.49
4.49
4.49
4.49
4.49
4.49
4.49
4.48
4.49
4.49
4.49
4.49
4.49
4.49
4.49
4.48
4.49
4.49
4.49
4.50
4.50
4.49
4.49
4.49
4.49
4.48
4.49
4.48
4.48
4.48
4.48
4.48
4.48
4.48
4.48
4.48
4.48
4.48
4.48
4.48
4.47
4.47
4.47
4.47
4.47
4.47
4.47
4.47
4.47
4.46
4.46
4.47
4.46
4.46
4.46
4.45
4.46
4.45
4.46
4.46
4.46
4.46
4.46
4.46
4.46
4.46
4.46
4.46
