62.50
63.28
66.67
65.23
65.31
65.62
67.19
67.58
66.49
67.03
67.90
68.10
68.15
68.64
68.44
68.46
68.29
68.32
67.76
68.28
68.08
67.90
67.80
67.45
67.62
68.15
68.40
68.30
67.94
67.92
67.79
67.48
67.38
67.65
67.46
67.27
67.44
67.23
66.87
66.91
67.00
66.89
66.97
67.12
67.26
67.15
67.09
66.89
66.84
66.66
66.67
66.71
66.75
66.84
66.82
66.88
66.83
66.78
66.84
66.69
66.60
66.56
66.57
66.55
66.59
66.55
66.58
66.61
66.73
66.67
66.66
66.80
66.72
66.58
66.60
66.59
66.60
66.59
66.67
66.66
66.57
66.71
66.72
66.65
66.58
66.46
66.45
66.44
66.49
66.49
66.59
66.54
66.52
66.59
66.60
66.47
66.46
66.50
66.43
66.45
66.46
66.48
66.38
66.48
66.41
66.41
66.41
66.36
66.36
66.29
66.19
66.22
66.22
66.21
66.32
66.38
66.32
66.33
66.33
66.29
66.28
66.33
66.32
66.29
66.28
66.29
66.35
66.42
66.38
66.35
66.35
66.37
66.44
66.48
66.46
66.41
66.39
66.41
66.39
66.45
66.43
66.36
66.31
66.35
66.36
66.36
66.38
66.36
66.39
66.42
66.37
66.47
66.47
66.48
66.35
66.37
66.36
66.29
66.22
66.24
66.22
66.23
66.23
66.23
66.28
66.24
66.27
66.27
66.28
66.22
66.24
66.21
66.18
66.23
66.13
66.18
66.11
66.11
66.08
66.04
66.08
66.07
66.09
66.04
66.01
66.05
66.07
66.07
66.10
66.09
66.09
66.12
66.16
66.19
66.18
66.18
66.23
66.21
66.22
66.22
66.22
66.24
66.26
66.26
66.26
66.22
66.21
66.20
66.20
66.21
66.18
66.17
66.17
66.17
66.13
66.15
66.14
66.16
66.15
66.14
66.13
66.13
66.09
66.11
66.10
66.09
66.04
66.03
66.01
66.01
66.00
65.97
65.96
65.99
66.01
66.01
66.00
66.01
66.02
66.00
66.01
66.01
66.02
66.07
66.08
66.11
66.13
66.15
66.21
66.26
66.30
66.28
66.22
66.23
66.21
66.18
66.22
66.22
66.17
66.14
66.16
66.14
66.15
66.11
66.14
66.16
66.18
66.16
66.17
66.22
66.24
66.20
66.21
66.22
66.25
66.25
66.25
66.25
66.27
66.24
66.22
66.21
66.23
66.20
66.21
66.21
66.23
66.24
66.26
66.23
66.25
66.22
66.25
66.24
66.24
66.25
66.27
66.28
66.27
66.27
66.27
66.25
66.24
66.24
66.28
66.28
66.29
66.29
66.30
66.31
66.31
66.31
66.29
66.30
66.31
66.31
66.31
66.33
66.31
66.31
66.31
66.31
66.32
66.34
66.38
66.37
66.35
66.37
66.37
66.38
66.38
66.35
66.34
66.33
66.31
66.31
66.31
66.33
66.28
66.30
66.31
66.31
66.30
66.31
66.32
66.33
66.33
66.34
66.33
66.35
66.39
66.40
66.39
66.41
66.40
66.38
66.35
66.36
66.38
66.36
66.35
66.35
66.35
66.35
66.35
66.37
66.36
66.35
66.37
66.39
66.40
66.43
66.43
66.44
66.43
66.42
66.42
66.39
66.38
66.37
66.36
66.36
66.36
66.35
66.36
66.35
66.35
66.35
66.34
66.34
66.33
66.33
66.31
66.31
66.29
66.26
66.26
66.24
66.24
66.24
66.23
66.24
66.24
66.24
66.25
66.24
66.23
66.23
66.24
66.26
66.25
66.27
66.30
66.29
66.30
66.30
66.27
66.29
66.28
66.28
66.27
66.28
66.26
66.25
66.25
66.25
66.24
66.22
66.19
66.18
66.20
66.23
66.23
66.22
66.21
66.21
66.22
66.22
66.22
66.20
66.20
66.18
66.17
66.17
66.16
66.12
66.12
66.12
66.12
66.10
66.11
66.11
66.10
66.12
66.10
66.11
66.08
66.10
66.11
66.11
66.12
66.13
66.15
66.15
66.16
66.16
66.16
66.15
66.12
66.12
66.11
66.12
66.12
66.10
66.10
66.10
66.10
66.11
66.11
66.11
66.12
66.11
66.11
66.11
66.10
66.12
66.12
66.12
66.14
66.11
66.11
66.10
66.11
66.09
66.10
66.08
66.08
66.11
66.12
66.12
66.13
66.13
66.14
66.14
66.15
66.15
66.14
66.13
66.14
66.14
66.15
66.16
66.16
66.16
66.15
66.17
66.18
66.18
66.15
66.16
66.18
66.17
66.18
66.17
66.16
66.16
66.17
66.17
66.17
66.16
66.15
66.15
66.16
66.15
66.14
66.14
66.16
66.18
66.17
66.17
66.16
66.16
66.14
66.13
66.13
66.12
66.14
66.15
66.15
66.15
66.16
66.17
66.16
66.16
66.17
66.16
66.16
66.15
66.16
66.17
66.18
66.19
66.19
66.20
66.19
66.19
66.18
66.18
66.19
66.19
66.19
66.18
66.19
66.19
66.21
66.23
66.21
66.21
66.21
66.21
66.22
66.23
66.22
66.23
66.23
66.24
66.22
66.21
66.20
66.20
66.19
66.20
66.20
66.18
66.21
66.21
66.21
66.23
66.23
66.24
66.23
66.24
66.24
66.23
66.25
66.25
66.24
66.25
66.25
66.26
66.26
66.27
66.27
66.28
66.28
66.26
66.26
66.27
66.28
66.28
66.29
66.30
66.29
66.29
66.29
66.30
66.31
66.30
66.30
66.28
66.28
66.28
66.28
66.26
66.27
66.27
66.27
66.26
66.24
66.24
66.23
66.23
66.23
66.22
66.23
66.23
66.24
66.23
66.24
66.24
66.24
66.23
66.24
66.23
66.25
66.23
66.24
66.24
66.25
66.25
66.25
66.25
66.24
66.24
66.24
66.24
66.23
66.24
66.24
66.25
66.26
66.26
66.26
66.26
66.25
66.24
66.23
66.23
66.24
66.25
66.24
66.26
66.26
66.25
66.25
66.27
66.27
66.27
66.27
66.28
66.29
66.27
66.27
66.27
66.28
66.28
66.27
66.27
66.27
66.26
66.28
66.27
66.27
66.26
66.26
66.27
66.26
66.26
66.25
66.24
66.24
66.22
66.23
66.24
66.23
66.22
66.21
66.21
66.22
66.21
66.20
66.20
66.19
66.20
66.20
66.20
66.19
66.20
66.19
66.18
66.19
66.19
66.19
66.19
66.19
66.19
66.20
66.20
66.21
66.20
66.21
66.20
66.18
66.20
66.20
66.20
66.20
66.20
66.20
66.20
66.20
66.20
66.20
66.20
66.19
66.19
66.19
66.19
66.19
66.18
66.18
66.18
66.18
66.16
66.17
66.17
66.16
66.16
66.16
66.17
66.17
66.16
66.17
66.17
66.17
66.16
66.17
66.16
66.16
66.17
66.15
66.08
