85.94
82.81
82.29
80.08
81.25
81.25
80.58
81.25
81.42
80.78
80.11
80.73
80.89
81.14
80.62
80.66
80.33
80.73
80.92
81.09
80.73
80.82
80.84
80.66
80.56
80.59
81.08
81.19
81.14
80.99
81.00
81.10
81.20
81.20
81.29
81.12
80.91
81.09
81.21
81.13
81.14
81.25
81.14
81.29
81.35
81.35
81.18
81.02
81.12
81.34
81.25
81.31
81.40
81.22
81.28
81.19
81.17
81.14
81.04
81.09
80.99
80.97
80.95
80.96
81.13
81.08
81.09
80.88
80.84
80.83
80.83
80.82
80.74
80.83
80.92
80.90
80.93
80.95
80.91
80.80
80.77
80.70
80.74
80.71
80.68
80.69
80.71
80.66
80.72
80.76
80.70
80.71
80.68
80.67
80.76
80.78
80.73
80.69
80.73
80.66
80.52
80.48
80.45
80.42
80.42
80.38
80.37
80.45
80.48
80.41
80.41
80.45
80.43
80.46
80.45
80.46
80.49
80.42
80.40
80.25
80.26
80.28
80.26
80.32
80.34
80.32
80.29
80.31
80.33
80.31
80.33
80.29
80.37
80.34
80.41
80.40
80.37
80.40
80.43
80.40
80.37
80.37
80.31
80.32
80.28
80.30
80.27
80.23
80.24
80.19
80.17
80.17
80.23
80.24
80.20
80.20
80.18
80.24
80.25
80.19
80.17
80.22
80.22
80.21
80.22
80.23
80.19
80.18
80.21
80.21
80.18
80.16
80.18
80.23
80.21
80.22
80.20
80.22
80.21
80.21
80.21
80.20
80.22
80.24
80.19
80.16
80.16
80.14
80.13
80.15
80.15
80.18
80.19
80.16
80.20
80.21
80.24
80.24
80.25
80.28
80.26
80.28
80.33
80.36
80.34
80.35
80.37
80.34
80.36
80.41
80.37
80.38
80.37
80.37
80.39
80.43
80.43
80.43
80.44
80.45
80.44
80.46
80.50
80.50
80.50
80.47
80.51
80.54
80.57
80.60
80.59
80.56
80.55
80.54
80.50
80.48
80.52
80.53
80.53
80.51
80.50
80.50
80.49
80.48
80.50
80.51
80.49
80.51
80.48
80.48
80.47
80.47
80.47
80.46
80.45
80.48
80.48
80.52
80.52
80.53
80.51
80.52
80.53
80.55
80.58
80.59
80.61
80.59
80.59
80.57
80.57
80.58
80.59
80.61
80.60
80.60
80.60
80.60
80.56
80.54
80.55
80.51
80.50
80.54
80.55
80.56
80.57
80.58
80.55
80.57
80.59
80.59
80.56
80.55
80.57
80.57
80.57
80.56
80.58
80.60
80.59
80.59
80.60
80.58
80.58
80.58
80.58
80.58
80.58
80.58
80.59
80.57
80.58
80.58
80.58
80.59
80.61
80.61
80.62
80.60
80.60
80.61
80.62
80.63
80.62
80.61
80.60
80.58
80.58
80.56
80.57
80.59
80.60
80.59
80.59
80.59
80.58
80.59
80.60
80.63
80.63
80.63
80.63
80.62
80.62
80.59
80.58
80.60
80.62
80.59
80.60
80.62
80.62
80.64
80.63
80.64
80.63
80.62
80.59
80.59
80.59
80.57
80.56
80.55
80.55
80.54
80.55
80.54
80.54
80.53
80.54
80.54
80.53
80.53
80.55
80.56
80.55
80.55
80.57
80.57
80.57
80.58
80.58
80.59
80.60
80.63
80.63
80.64
80.62
80.62
80.62
80.62
80.64
80.65
80.66
80.66
80.65
80.66
80.67
80.69
80.68
80.70
80.69
80.66
80.66
80.65
80.64
80.65
80.64
80.62
80.63
80.64
80.66
80.69
80.68
80.68
80.69
80.70
80.68
80.70
80.70
80.71
80.69
80.69
80.68
80.67
80.66
80.65
80.63
80.61
80.63
80.63
80.59
80.60
80.58
80.60
80.58
80.59
80.57
80.56
80.58
80.59
80.59
80.58
80.59
80.59
80.59
80.60
80.60
80.62
80.61
80.61
80.62
80.62
80.63
80.62
80.61
80.61
80.61
80.61
80.60
80.59
80.60
80.58
80.57
80.57
80.57
80.58
80.57
80.58
80.58
80.58
80.59
80.59
80.58
80.56
80.59
80.60
80.59
80.60
80.61
80.60
80.58
80.57
80.55
80.56
80.55
80.57
80.57
80.57
80.58
80.57
80.57
80.57
80.57
80.57
80.57
80.58
80.57
80.57
80.55
80.55
80.55
80.55
80.55
80.56
80.54
80.53
80.53
80.52
80.53
80.54
80.55
80.53
80.54
80.54
80.52
80.52
80.50
80.50
80.49
80.48
80.50
80.50
80.51
80.51
80.50
80.50
80.50
80.51
80.51
80.53
80.53
80.54
80.53
80.54
80.53
80.54
80.53
80.53
80.53
80.52
80.52
80.51
80.52
80.52
80.52
80.51
80.51
80.51
80.50
80.50
80.48
80.49
80.48
80.48
80.48
80.48
80.48
80.49
80.50
80.52
80.50
80.50
80.48
80.50
80.50
80.50
80.49
80.49
80.50
80.49
80.49
80.50
80.49
80.49
80.50
80.51
80.51
80.52
80.52
80.51
80.50
80.50
80.51
80.50
80.48
80.50
80.49
80.50
80.49
80.48
80.50
80.50
80.51
80.52
80.53
80.53
80.53
80.52
80.50
80.49
80.49
80.49
80.49
80.49
80.48
80.47
80.47
80.47
80.48
80.49
80.49
80.47
80.48
80.48
80.47
80.46
80.47
80.47
80.48
80.50
80.50
80.49
80.49
80.48
80.48
80.48
80.46
80.47
80.48
80.47
80.47
80.47
80.46
80.46
80.46
80.46
80.45
80.44
80.43
80.43
80.43
80.43
80.45
80.45
80.45
80.44
80.45
80.44
80.44
80.44
80.44
80.45
80.45
80.46
80.46
80.46
80.46
80.44
80.44
80.43
80.43
80.43
80.43
80.44
80.44
80.45
80.45
80.45
80.45
80.45
80.45
80.44
80.43
80.41
80.42
80.41
80.40
80.40
80.39
80.38
80.38
80.39
80.38
80.37
80.36
80.35
80.35
80.36
80.36
80.37
80.36
80.35
80.34
80.33
80.34
80.33
80.33
80.34
80.33
80.34
80.34
80.35
80.36
80.35
80.36
80.37
80.36
80.37
80.36
80.36
80.36
80.36
80.36
80.36
80.36
80.37
80.37
80.38
80.37
80.38
80.37
80.37
80.38
80.37
80.38
80.37
80.36
80.35
80.34
80.34
80.34
80.35
80.37
80.36
80.37
80.37
80.37
80.36
80.37
80.37
80.37
80.37
80.37
80.37
80.37
80.37
80.36
80.37
80.37
80.35
80.35
80.35
80.35
80.35
80.36
80.36
80.36
80.36
80.37
80.38
80.39
80.38
80.38
80.37
80.37
80.37
80.37
80.37
80.37
80.37
80.37
80.37
80.37
80.37
80.38
80.36
80.35
80.33
80.33
80.25
