76.56
81.25
79.17
78.12
78.75
79.43
79.69
79.69
79.86
79.84
80.40
79.82
80.29
80.58
80.10
80.08
80.51
80.56
80.35
79.84
79.61
79.69
79.48
79.69
79.62
79.39
79.40
79.52
79.42
79.27
78.93
79.05
79.02
79.09
78.84
78.86
78.84
78.91
79.05
78.95
78.93
79.06
79.14
79.26
79.41
79.42
79.42
79.36
79.40
79.31
79.38
79.39
79.36
79.37
79.26
79.16
79.22
79.26
79.16
79.30
79.23
79.08
79.19
79.03
79.04
79.12
79.10
79.04
79.08
79.13
79.16
79.19
79.32
79.31
79.40
79.44
79.28
79.23
79.25
79.24
79.15
79.13
79.20
79.32
79.41
79.45
79.45
79.40
79.44
79.48
79.41
79.43
79.42
79.40
79.36
79.41
79.37
79.38
79.40
79.45
79.49
79.47
79.49
79.46
79.49
79.47
79.45
79.46
79.36
79.38
79.36
79.42
79.44
79.43
79.47
79.45
79.39
79.38
79.49
79.43
79.42
79.47
79.46
79.42
79.47
79.50
79.53
79.59
79.60
79.58
79.59
79.63
79.63
79.64
79.61
79.57
79.54
79.54
79.53
79.52
79.52
79.50
79.50
79.48
79.43
79.35
79.30
79.28
79.31
79.26
79.23
79.20
79.24
79.23
79.23
79.24
79.31
79.28
79.29
79.29
79.30
79.28
79.22
79.23
79.28
79.26
79.25
79.21
79.20
79.19
79.22
79.24
79.25
79.22
79.26
79.28
79.27
79.26
79.26
79.26
79.22
79.23
79.15
79.17
79.19
79.18
79.13
79.18
79.18
79.19
79.18
79.23
79.22
79.22
79.21
79.22
79.19
79.19
79.22
79.21
79.13
79.11
79.13
79.11
79.10
79.08
79.08
79.05
79.04
79.03
79.02
79.02
79.04
79.02
79.02
79.01
79.02
79.06
79.05
79.06
79.09
79.09
79.11
79.11
79.10
79.08
79.12
79.10
79.13
79.14
79.13
79.13
79.16
79.16
79.16
79.12
79.10
79.09
79.09
79.10
79.10
79.12
79.15
79.14
79.11
79.09
79.11
79.08
79.10
79.08
79.06
79.02
79.01
79.01
79.03
79.03
79.03
79.03
79.04
79.05
79.05
79.06
79.06
79.04
79.04
79.00
78.98
78.98
78.98
78.98
78.98
79.00
78.98
79.01
78.98
78.97
78.98
78.96
78.93
78.95
78.93
78.91
78.91
78.92
78.94
78.91
78.88
78.90
78.89
78.91
78.92
78.91
78.89
78.88
78.89
78.89
78.86
78.86
78.85
78.84
78.84
78.83
78.84
78.83
78.82
78.81
78.82
78.84
78.82
78.84
78.83
78.86
78.85
78.85
78.85
78.82
78.83
78.85
78.84
78.84
78.85
78.85
78.86
78.84
78.84
78.81
78.83
78.84
78.86
78.81
78.80
78.79
78.77
78.77
78.76
78.77
78.77
78.78
78.78
78.79
78.78
78.76
78.77
78.79
78.82
78.83
78.82
78.79
78.81
78.81
78.82
78.81
78.83
78.83
78.83
78.84
78.84
78.85
78.83
78.85
78.87
78.88
78.91
78.90
78.91
78.92
78.93
78.94
78.94
78.95
78.94
78.96
78.95
78.95
78.98
78.96
78.95
78.96
78.96
78.95
78.94
78.93
78.92
78.94
78.92
78.94
78.92
78.94
78.95
78.95
78.94
78.95
78.96
78.96
78.94
78.93
78.92
78.93
78.92
78.93
78.92
78.94
78.93
78.93
78.93
78.93
78.91
78.90
78.88
78.88
78.87
78.86
78.87
78.84
78.85
78.82
78.82
78.83
78.84
78.84
78.85
78.85
78.86
78.88
78.88
78.87
78.88
78.87
78.88
78.88
78.87
78.87
78.86
78.88
78.89
78.88
78.90
78.90
78.91
78.90
78.90
78.91
78.91
78.90
78.92
78.94
78.94
78.95
78.96
78.98
78.98
78.99
78.94
78.94
78.94
78.92
78.93
78.93
78.95
78.94
78.95
78.96
78.96
78.96
78.96
78.97
78.98
79.00
78.98
79.00
79.01
79.01
79.01
79.02
79.02
79.02
79.02
79.03
79.03
79.02
79.03
79.05
79.06
79.05
79.06
79.08
79.10
79.10
79.09
79.08
79.08
79.10
79.10
79.08
79.07
79.08
79.07
79.07
79.05
79.06
79.06
79.05
79.05
79.07
79.08
79.09
79.10
79.11
79.10
79.09
79.08
79.09
79.10
79.10
79.11
79.11
79.11
79.13
79.12
79.11
79.08
79.08
79.08
79.08
79.07
79.08
79.08
79.09
79.08
79.09
79.09
79.09
79.08
79.08
79.08
79.07
79.08
79.09
79.08
79.09
79.10
79.09
79.11
79.11
79.10
79.10
79.10
79.10
79.09
79.09
79.09
79.09
79.11
79.11
79.12
79.11
79.11
79.10
79.11
79.10
79.11
79.11
79.12
79.13
79.12
79.12
79.13
79.13
79.12
79.11
79.11
79.11
79.12
79.13
79.11
79.10
79.10
79.12
79.09
79.09
79.09
79.09
79.10
79.09
79.09
79.10
79.09
79.10
79.10
79.10
79.11
79.12
79.12
79.13
79.12
79.12
79.14
79.14
79.13
79.12
79.13
79.13
79.12
79.13
79.13
79.13
79.13
79.13
79.12
79.11
79.10
79.11
79.11
79.11
79.11
79.10
79.09
79.09
79.09
79.09
79.08
79.07
79.06
79.06
79.05
79.04
79.03
79.03
79.03
79.04
79.03
79.04
79.04
79.05
79.05
79.05
79.05
79.06
79.07
79.06
79.05
79.05
79.04
79.05
79.04
79.04
79.04
79.05
79.05
79.04
79.04
79.05
79.05
79.06
79.06
79.07
79.07
79.07
79.07
79.05
79.04
79.03
79.03
79.02
79.03
79.03
79.02
79.03
79.03
79.03
79.03
79.03
79.03
79.04
79.03
79.02
79.02
79.03
79.03
79.03
79.02
79.03
79.04
79.03
79.03
79.03
79.04
79.05
79.03
79.03
79.03
79.03
79.04
79.04
79.05
79.07
79.06
79.07
79.08
79.07
79.08
79.08
79.07
79.07
79.07
79.08
79.08
79.08
79.07
79.06
79.07
79.06
79.08
79.08
79.07
79.07
79.08
79.07
79.08
79.08
79.07
79.07
79.08
79.08
79.09
79.09
79.10
79.10
79.10
79.12
79.11
79.11
79.11
79.10
79.11
79.12
79.13
79.12
79.11
79.10
79.10
79.09
79.08
79.10
79.08
79.09
79.09
79.09
79.10
79.10
79.10
79.10
79.10
79.11
79.11
79.11
79.10
79.10
79.10
79.11
79.11
79.11
79.11
79.12
79.12
79.11
79.11
79.11
79.13
79.13
79.13
79.13
79.14
79.14
79.14
79.15
79.16
79.18
79.18
79.18
79.19
79.11
