76.56
76.56
78.12
78.52
79.69
79.17
79.46
79.69
78.99
79.53
79.55
79.30
79.57
79.58
79.79
79.79
79.69
78.73
78.95
79.14
78.94
79.12
78.94
79.10
78.75
79.09
79.05
79.07
78.83
78.91
78.88
78.86
78.88
79.04
78.88
78.95
78.76
78.82
78.77
79.14
79.19
79.09
79.11
79.15
79.31
79.31
79.39
79.56
79.66
79.59
79.66
79.75
79.75
79.77
79.91
79.91
80.07
79.85
79.90
79.87
79.87
79.81
79.76
79.76
79.76
79.71
79.69
79.71
79.66
79.55
79.62
79.64
79.62
79.65
79.69
79.71
79.67
79.71
79.79
79.77
79.67
79.73
79.63
79.65
79.74
79.76
79.80
79.92
79.95
80.00
80.05
80.03
79.92
80.02
80.05
80.16
80.15
80.12
80.05
80.02
79.97
79.90
79.96
79.99
79.91
79.89
79.91
79.90
79.85
79.79
79.87
79.84
79.83
79.82
79.80
79.81
79.85
79.81
79.82
79.77
79.73
79.67
79.69
79.70
79.74
79.72
79.70
79.69
79.64
79.65
79.59
79.59
79.61
79.58
79.61
79.60
79.61
79.64
79.61
79.61
79.71
79.70
79.69
79.71
79.72
79.74
79.80
79.82
79.82
79.85
79.86
79.85
79.88
79.90
79.89
79.86
79.84
79.83
79.82
79.80
79.77
79.80
79.79
79.76
79.70
79.71
79.70
79.70
79.69
79.67
79.69
79.72
79.73
79.74
79.74
79.78
79.75
79.78
79.80
79.83
79.84
79.82
79.86
79.81
79.80
79.82
79.81
79.80
79.77
79.75
79.76
79.76
79.75
79.77
79.77
79.76
79.77
79.77
79.77
79.74
79.71
79.74
79.73
79.76
79.76
79.79
79.82
79.85
79.82
79.85
79.85
79.84
79.83
79.83
79.85
79.83
79.85
79.81
79.79
79.81
79.82
79.81
79.82
79.85
79.85
79.83
79.86
79.84
79.85
79.87
79.85
79.86
79.88
79.85
79.85
79.85
79.83
79.82
79.82
79.82
79.82
79.86
79.87
79.87
79.90
79.88
79.87
79.88
79.88
79.87
79.86
79.85
79.85
79.85
79.87
79.86
79.82
79.82
79.82
79.80
79.83
79.84
79.87
79.86
79.85
79.85
79.83
79.86
79.84
79.81
79.83
79.82
79.80
79.79
79.78
79.78
79.78
79.78
79.80
79.80
79.79
79.79
79.77
79.78
79.78
79.78
79.80
79.79
79.81
79.77
79.76
79.76
79.74
79.74
79.73
79.76
79.73
79.73
79.72
79.76
79.73
79.77
79.78
79.79
79.81
79.82
79.80
79.80
79.79
79.79
79.81
79.81
79.79
79.78
79.79
79.79
79.79
79.81
79.78
79.77
79.77
79.78
79.76
79.77
79.78
79.75
79.74
79.74
79.74
79.72
79.72
79.72
79.73
79.74
79.73
79.72
79.70
79.69
79.70
79.67
79.66
79.66
79.66
79.66
79.65
79.66
79.67
79.66
79.67
79.67
79.67
79.66
79.67
79.68
79.68
79.67
79.67
79.66
79.67
79.66
79.66
79.65
79.67
79.68
79.70
79.71
79.70
79.72
79.72
79.73
79.76
79.74
79.75
79.74
79.75
79.74
79.75
79.75
79.77
79.75
79.72
79.73
79.75
79.75
79.74
79.73
79.73
79.72
79.70
79.70
79.71
79.74
79.76
79.74
79.74
79.73
79.71
79.70
79.68
79.69
79.70
79.70
79.70
79.70
79.69
79.69
79.68
79.70
79.71
79.73
79.74
79.73
79.72
79.72
79.73
79.73
79.71
79.72
79.70
79.70
79.70
79.69
79.71
79.70
79.70
79.71
79.71
79.72
79.71
79.72
79.73
79.74
79.73
79.73
79.73
79.73
79.74
79.74
79.75
79.73
79.73
79.73
79.71
79.71
79.69
79.69
79.70
79.70
79.69
79.68
79.69
79.70
79.70
79.72
79.73
79.72
79.72
79.71
79.73
79.71
79.71
79.70
79.70
79.71
79.70
79.70
79.67
79.68
79.68
79.69
79.67
79.67
79.68
79.69
79.67
79.68
79.69
79.71
79.70
79.69
79.71
79.72
79.73
79.74
79.75
79.74
79.74
79.75
79.75
79.74
79.74
79.74
79.74
79.74
79.73
79.74
79.76
79.76
79.77
79.77
79.77
79.77
79.77
79.77
79.76
79.76
79.76
79.78
79.78
79.76
79.76
79.75
79.76
79.75
79.75
79.75
79.77
79.77
79.75
79.75
79.75
79.74
79.76
79.76
79.76
79.76
79.75
79.75
79.74
79.74
79.73
79.74
79.74
79.75
79.76
79.77
79.76
79.76
79.76
79.75
79.73
79.74
79.73
79.74
79.73
79.73
79.72
79.72
79.73
79.73
79.73
79.72
79.71
79.72
79.71
79.70
79.70
79.70
79.71
79.71
79.71
79.70
79.71
79.71
79.72
79.71
79.70
79.69
79.70
79.70
79.70
79.70
79.70
79.71
79.71
79.69
79.69
79.68
79.67
79.66
79.63
79.63
79.62
79.61
79.61
79.62
79.61
79.60
79.61
79.62
79.62
79.62
79.61
79.60
79.60
79.59
79.58
79.57
79.57
79.58
79.56
79.57
79.56
79.55
79.56
79.55
79.56
79.54
79.53
79.53
79.53
79.53
79.54
79.54
79.55
79.54
79.56
79.57
79.57
79.56
79.55
79.54
79.52
79.51
79.51
79.50
79.50
79.51
79.53
79.53
79.54
79.54
79.53
79.53
79.54
79.53
79.53
79.52
79.53
79.53
79.54
79.54
79.52
79.54
79.54
79.55
79.55
79.55
79.55
79.56
79.55
79.56
79.56
79.55
79.55
79.55
79.54
79.54
79.54
79.55
79.54
79.53
79.54
79.54
79.54
79.53
79.54
79.55
79.55
79.55
79.56
79.57
79.57
79.58
79.57
79.57
79.56
79.55
79.55
79.54
79.54
79.53
79.53
79.53
79.53
79.53
79.52
79.52
79.53
79.55
79.54
79.53
79.53
79.53
79.53
79.52
79.52
79.54
79.55
79.56
79.55
79.55
79.55
79.55
79.55
79.55
79.56
79.56
79.56
79.56
79.57
79.57
79.56
79.58
79.58
79.58
79.58
79.57
79.57
79.57
79.57
79.57
79.56
79.56
79.56
79.55
79.56
79.57
79.56
79.56
79.56
79.56
79.57
79.57
79.56
79.55
79.56
79.57
79.57
79.57
79.56
79.57
79.58
79.57
79.57
79.57
79.56
79.56
79.55
79.57
79.57
79.57
79.57
79.58
79.58
79.59
79.60
79.59
79.59
79.58
79.58
79.58
79.58
79.58
79.57
79.57
79.57
79.56
79.55
79.55
79.56
79.56
79.56
79.56
79.56
79.55
79.55
79.55
79.54
79.54
79.55
79.47
