79.69
79.69
79.17
79.30
79.06
79.43
79.69
80.27
81.08
81.25
81.11
80.86
80.77
80.13
80.52
80.86
80.79
81.51
81.50
82.03
81.99
81.75
81.66
81.18
81.81
81.67
81.54
81.64
81.52
81.61
81.80
82.03
82.01
82.08
82.10
81.73
81.84
81.83
81.69
81.72
81.78
81.85
81.61
81.46
81.46
81.28
81.35
81.28
81.19
81.28
81.07
81.04
80.75
80.76
80.74
80.69
80.73
80.66
80.69
80.65
80.56
80.52
80.46
80.52
80.55
80.61
80.50
80.49
80.50
80.45
80.39
80.36
80.31
80.30
80.33
80.37
80.38
80.43
80.44
80.47
80.48
80.47
80.40
80.39
80.40
80.36
80.39
80.49
80.51
80.52
80.51
80.52
80.46
80.47
80.53
80.55
80.59
80.66
80.71
80.72
80.77
80.73
80.79
80.83
80.88
80.88
80.91
80.92
80.91
80.91
80.88
80.86
80.78
80.74
80.82
80.81
80.78
80.73
80.72
80.78
80.69
80.66
80.69
80.70
80.58
80.54
80.59
80.58
80.60
80.59
80.55
80.58
80.53
80.57
80.56
80.55
80.58
80.62
80.54
80.55
80.53
80.48
80.46
80.47
80.46
80.47
80.54
80.53
80.53
80.56
80.56
80.55
80.58
80.55
80.55
80.59
80.58
80.58
80.59
80.54
80.52
80.52
80.53
80.56
80.56
80.53
80.53
80.49
80.46
80.43
80.43
80.40
80.40
80.41
80.44
80.44
80.39
80.39
80.38
80.40
80.32
80.33
80.31
80.29
80.28
80.33
80.34
80.38
80.37
80.41
80.44
80.44
80.43
80.47
80.50
80.50
80.50
80.49
80.48
80.51
80.50
80.52
80.50
80.51
80.51
80.52
80.51
80.54
80.51
80.53
80.51
80.51
80.48
80.47
80.49
80.49
80.47
80.47
80.44
80.45
80.48
80.46
80.49
80.48
80.48
80.45
80.49
80.47
80.48
80.47
80.49
80.50
80.50
80.49
80.49
80.50
80.50
80.50
80.50
80.46
80.44
80.45
80.47
80.45
80.45
80.49
80.50
80.49
80.50
80.49
80.48
80.46
80.42
80.41
80.37
80.38
80.35
80.36
80.34
80.31
80.33
80.36
80.34
80.34
80.37
80.38
80.42
80.40
80.38
80.39
80.39
80.40
80.41
80.41
80.41
80.41
80.42
80.42
80.40
80.38
80.39
80.39
80.39
80.40
80.40
80.41
80.45
80.46
80.47
80.47
80.48
80.45
80.43
80.43
80.43
80.44
80.43
80.43
80.41
80.45
80.42
80.42
80.41
80.40
80.38
80.39
80.39
80.42
80.44
80.42
80.42
80.41
80.41
80.42
80.43
80.41
80.41
80.42
80.37
80.40
80.41
80.43
80.46
80.46
80.47
80.45
80.46
80.45
80.44
80.43
80.42
80.41
80.41
80.42
80.42
80.42
80.39
80.38
80.37
80.38
80.38
80.40
80.40
80.39
80.37
80.36
80.35
80.37
80.38
80.37
80.38
80.38
80.36
80.37
80.37
80.36
80.34
80.34
80.32
80.32
80.33
80.32
80.33
80.36
80.33
80.31
80.32
80.31
80.28
80.29
80.31
80.32
80.32
80.32
80.32
80.31
80.32
80.32
80.32
80.30
80.32
80.33
80.33
80.33
80.34
80.32
80.34
80.36
80.35
80.33
80.33
80.36
80.36
80.36
80.35
80.35
80.31
80.31
80.31
80.29
80.30
80.28
80.27
80.27
80.24
80.25
80.26
80.27
80.28
80.29
80.30
80.31
80.30
80.30
80.29
80.30
80.30
80.30
80.31
80.32
80.33
80.34
80.32
80.32
80.31
80.33
80.34
80.33
80.35
80.36
80.36
80.38
80.39
80.36
80.37
80.38
80.37
80.36
80.35
80.36
80.38
80.38
80.39
80.38
80.38
80.40
80.39
80.39
80.39
80.40
80.39
80.37
80.38
80.38
80.38
80.42
80.42
80.42
80.42
80.42
80.43
80.43
80.41
80.41
80.43
80.43
80.43
80.42
80.42
80.42
80.43
80.41
80.40
80.41
80.39
80.39
80.39
80.40
80.39
80.39
80.40
80.39
80.39
80.39
80.40
80.39
80.40
80.39
80.41
80.40
80.40
80.40
80.38
80.39
80.38
80.39
80.38
80.37
80.38
80.38
80.39
80.39
80.39
80.39
80.38
80.36
80.37
80.37
80.36
80.37
80.35
80.36
80.35
80.35
80.35
80.36
80.37
80.36
80.36
80.36
80.37
80.37
80.36
80.38
80.37
80.38
80.37
80.36
80.36
80.36
80.37
80.37
80.39
80.39
80.37
80.36
80.36
80.36
80.36
80.38
80.38
80.39
80.38
80.39
80.40
80.41
80.42
80.42
80.38
80.39
80.38
80.38
80.39
80.38
80.37
80.37
80.38
80.38
80.39
80.39
80.38
80.37
80.38
80.38
80.38
80.37
80.37
80.38
80.38
80.38
80.39
80.38
80.40
80.40
80.41
80.42
80.41
80.42
80.41
80.43
80.42
80.41
80.41
80.41
80.42
80.43
80.43
80.42
80.41
80.41
80.41
80.42
80.43
80.43
80.43
80.43
80.43
80.43
80.43
80.43
80.43
80.44
80.44
80.44
80.43
80.43
80.42
80.42
80.41
80.40
80.41
80.41
80.41
80.41
80.40
80.41
80.41
80.41
80.42
80.41
80.41
80.41
80.41
80.40
80.40
80.40
80.41
80.42
80.41
80.42
80.42
80.42
80.42
80.42
80.41
80.43
80.42
80.42
80.42
80.43
80.45
80.45
80.45
80.44
80.45
80.45
80.46
80.44
80.43
80.43
80.43
80.42
80.41
80.40
80.41
80.41
80.41
80.39
80.39
80.37
80.37
80.38
80.37
80.37
80.37
80.37
80.36
80.35
80.36
80.35
80.35
80.36
80.36
80.36
80.37
80.36
80.36
80.35
80.35
80.34
80.35
80.35
80.35
80.34
80.34
80.34
80.34
80.34
80.34
80.33
80.34
80.34
80.34
80.33
80.33
80.32
80.32
80.33
80.33
80.34
80.35
80.35
80.36
80.37
80.38
80.38
80.38
80.38
80.39
80.37
80.39
80.38
80.36
80.36
80.36
80.36
80.35
80.35
80.36
80.37
80.37
80.36
80.36
80.36
80.36
80.36
80.36
80.35
80.36
80.37
80.37
80.34
80.35
80.34
80.33
80.34
80.34
80.34
80.34
80.33
80.32
80.32
80.32
80.33
80.33
80.33
80.32
80.31
80.30
80.30
80.30
80.29
80.30
80.29
80.30
80.30
80.30
80.30
80.29
80.29
80.30
80.31
80.32
80.32
80.31
80.32
80.33
80.32
80.31
80.31
80.31
80.31
80.32
80.32
80.31
80.31
80.30
80.30
80.31
80.32
80.33
80.25
