85.94
79.69
80.21
80.86
81.25
79.69
79.02
78.32
77.43
77.97
78.55
78.65
78.49
78.91
78.75
79.20
79.41
79.34
79.36
78.98
79.09
79.47
79.42
79.75
79.88
80.05
80.27
80.19
80.17
80.05
80.14
80.18
80.02
80.19
79.78
79.99
80.24
79.98
79.81
79.73
79.69
79.61
79.83
79.83
79.90
79.62
79.69
79.65
79.56
79.47
79.53
79.51
79.60
79.57
79.55
79.69
79.77
79.63
79.71
79.71
79.69
79.76
79.86
79.96
80.02
79.97
79.94
79.94
79.96
79.93
79.82
79.75
79.84
79.90
79.85
79.85
79.79
79.81
79.83
79.80
79.82
79.90
79.80
79.80
79.83
79.89
79.83
79.85
79.81
79.83
79.82
79.81
79.67
79.64
79.67
79.64
79.64
79.72
79.81
79.86
79.83
79.76
79.78
79.78
79.78
79.73
79.75
79.75
79.76
79.73
79.66
79.60
79.56
79.55
79.61
79.63
79.62
79.62
79.58
79.65
79.65
79.69
79.70
79.66
79.62
79.58
79.60
79.58
79.59
79.62
79.64
79.60
79.57
79.64
79.64
79.61
79.57
79.62
79.60
79.61
79.61
79.63
79.60
79.60
79.55
79.51
79.54
79.58
79.57
79.55
79.63
79.65
79.68
79.72
79.69
79.74
79.78
79.74
79.76
79.77
79.79
79.76
79.70
79.69
79.61
79.59
79.58
79.52
79.50
79.53
79.54
79.54
79.59
79.60
79.60
79.63
79.63
79.68
79.72
79.72
79.71
79.75
79.76
79.76
79.75
79.76
79.78
79.80
79.76
79.75
79.76
79.76
79.78
79.77
79.76
79.72
79.74
79.75
79.77
79.74
79.75
79.73
79.74
79.70
79.65
79.67
79.66
79.63
79.59
79.61
79.63
79.61
79.62
79.64
79.62
79.62
79.59
79.58
79.55
79.60
79.57
79.54
79.55
79.58
79.56
79.58
79.54
79.55
79.59
79.57
79.55
79.55
79.58
79.63
79.68
79.67
79.64
79.65
79.69
79.68
79.71
79.72
79.69
79.68
79.70
79.71
79.68
79.68
79.69
79.68
79.65
79.66
79.69
79.68
79.67
79.67
79.69
79.69
79.66
79.65
79.63
79.64
79.63
79.62
79.62
79.59
79.58
79.57
79.60
79.59
79.60
79.60
79.60
79.60
79.62
79.59
79.57
79.58
79.57
79.60
79.61
79.62
79.65
79.68
79.66
79.65
79.63
79.64
79.66
79.66
79.66
79.63
79.64
79.65
79.61
79.61
79.61
79.62
79.66
79.66
79.65
79.67
79.66
79.68
79.66
79.63
79.60
79.62
79.62
79.59
79.59
79.61
79.59
79.59
79.59
79.59
79.58
79.58
79.56
79.58
79.60
79.59
79.60
79.61
79.61
79.59
79.61
79.59
79.59
79.57
79.56
79.56
79.53
79.52
79.51
79.53
79.55
79.54
79.53
79.52
79.52
79.51
79.51
79.49
79.48
79.46
79.43
79.45
79.44
79.43
79.46
79.46
79.48
79.49
79.49
79.50
79.52
79.53
79.53
79.52
79.49
79.49
79.49
79.48
79.49
79.49
79.46
79.43
79.42
79.45
79.44
79.41
79.42
79.41
79.40
79.42
79.41
79.42
79.39
79.39
79.37
79.38
79.37
79.39
79.41
79.38
79.38
79.39
79.39
79.40
79.40
79.40
79.43
79.44
79.45
79.44
79.43
79.43
79.43
79.46
79.43
79.45
79.45
79.46
79.47
79.47
79.48
79.50
79.50
79.50
79.50
79.49
79.48
79.47
79.47
79.47
79.47
79.47
79.46
79.45
79.43
79.42
79.42
79.43
79.44
79.45
79.43
79.45
79.43
79.44
79.43
79.42
79.42
79.44
79.44
79.45
79.45
79.46
79.45
79.44
79.42
79.41
79.41
79.40
79.41
79.43
79.44
79.44
79.44
79.44
79.45
79.45
79.44
79.44
79.42
79.41
79.40
79.40
79.39
79.38
79.37
79.37
79.39
79.39
79.41
79.39
79.38
79.40
79.40
79.40
79.38
79.40
79.40
79.40
79.38
79.38
79.37
79.36
79.35
79.35
79.35
79.35
79.36
79.38
79.36
79.36
79.35
79.34
79.35
79.34
79.35
79.33
79.33
79.33
79.34
79.35
79.34
79.34
79.33
79.33
79.34
79.32
79.32
79.32
79.32
79.30
79.29
79.30
79.30
79.32
79.32
79.32
79.31
79.30
79.31
79.32
79.31
79.30
79.31
79.31
79.32
79.32
79.32
79.32
79.32
79.31
79.31
79.32
79.33
79.34
79.33
79.34
79.32
79.32
79.31
79.31
79.31
79.30
79.32
79.33
79.34
79.33
79.31
79.32
79.33
79.32
79.34
79.34
79.34
79.34
79.33
79.33
79.34
79.33
79.33
79.33
79.33
79.33
79.32
79.32
79.29
79.30
79.31
79.30
79.31
79.30
79.31
79.29
79.29
79.28
79.28
79.29
79.29
79.30
79.30
79.31
79.31
79.31
79.31
79.32
79.34
79.34
79.33
79.32
79.33
79.34
79.35
79.36
79.36
79.35
79.34
79.35
79.34
79.34
79.32
79.31
79.29
79.29
79.26
79.26
79.26
79.25
79.26
79.25
79.25
79.25
79.26
79.25
79.25
79.25
79.25
79.24
79.25
79.25
79.26
79.26
79.27
79.28
79.27
79.28
79.28
79.28
79.28
79.26
79.26
79.26
79.27
79.27
79.27
79.26
79.26
79.27
79.26
79.24
79.24
79.25
79.25
79.25
79.26
79.25
79.24
79.25
79.26
79.26
79.27
79.27
79.27
79.27
79.25
79.25
79.25
79.25
79.25
79.24
79.24
79.24
79.23
79.24
79.23
79.24
79.23
79.23
79.24
79.23
79.23
79.23
79.24
79.25
79.25
79.25
79.24
79.24
79.23
79.23
79.23
79.24
79.24
79.24
79.22
79.22
79.23
79.24
79.22
79.22
79.22
79.22
79.23
79.24
79.25
79.26
79.26
79.26
79.26
79.26
79.27
79.28
79.27
79.27
79.27
79.27
79.28
79.27
79.28
79.28
79.28
79.27
79.29
79.29
79.29
79.28
79.29
79.29
79.29
79.30
79.29
79.29
79.29
79.30
79.30
79.30
79.29
79.28
79.28
79.28
79.28
79.28
79.29
79.29
79.30
79.29
79.28
79.29
79.27
79.27
79.28
79.27
79.28
79.28
79.28
79.29
79.27
79.27
79.28
79.29
79.28
79.27
79.28
79.28
79.27
79.27
79.27
79.26
79.25
79.26
79.25
79.27
79.26
79.26
79.28
79.28
79.27
79.28
79.28
79.28
79.27
79.27
79.27
79.28
79.27
79.27
79.25
79.25
79.27
79.27
79.27
79.28
79.28
79.28
79.28
79.29
79.30
79.23
