82.81
84.38
78.65
78.12
78.75
80.47
81.92
81.64
81.94
81.72
81.82
81.77
81.61
81.47
80.73
80.76
80.97
80.73
80.35
80.78
80.73
80.68
80.43
80.60
80.31
80.35
80.32
80.36
80.28
80.36
80.34
80.42
80.30
80.24
80.22
80.21
80.32
80.35
80.49
80.59
80.64
80.54
80.49
80.54
80.80
80.84
80.78
80.79
80.77
80.88
80.82
80.77
80.72
80.79
80.82
80.83
80.62
80.58
80.61
80.68
80.74
80.82
80.78
80.83
80.82
80.85
80.74
80.77
80.84
80.80
80.88
80.86
80.82
80.91
80.88
80.82
80.82
80.85
80.74
80.78
80.83
80.89
80.91
80.90
80.90
80.81
80.80
80.77
80.88
80.89
80.91
80.93
80.83
80.72
80.69
80.62
80.59
80.50
80.43
80.42
80.34
80.38
80.31
80.32
80.28
80.29
80.32
80.30
80.29
80.33
80.32
80.33
80.31
80.29
80.31
80.27
80.26
80.22
80.21
80.20
80.15
80.11
80.09
80.13
80.12
80.16
80.09
80.13
80.08
80.13
80.18
80.22
80.19
80.22
80.27
80.30
80.27
80.25
80.26
80.32
80.27
80.25
80.29
80.26
80.29
80.30
80.26
80.31
80.31
80.29
80.31
80.30
80.31
80.33
80.32
80.28
80.27
80.27
80.30
80.35
80.36
80.32
80.33
80.33
80.35
80.39
80.40
80.43
80.44
80.42
80.45
80.45
80.53
80.44
80.46
80.43
80.42
80.46
80.42
80.43
80.40
80.43
80.45
80.46
80.42
80.40
80.46
80.46
80.46
80.48
80.48
80.49
80.46
80.42
80.45
80.44
80.44
80.44
80.45
80.42
80.47
80.45
80.47
80.48
80.46
80.46
80.46
80.51
80.52
80.57
80.54
80.54
80.54
80.50
80.48
80.48
80.47
80.43
80.41
80.43
80.44
80.43
80.45
80.43
80.42
80.47
80.47
80.47
80.43
80.43
80.43
80.44
80.41
80.42
80.43
80.42
80.44
80.44
80.43
80.40
80.39
80.35
80.33
80.33
80.31
80.33
80.29
80.30
80.26
80.23
80.22
80.22
80.24
80.26
80.27
80.29
80.31
80.32
80.33
80.33
80.33
80.30
80.28
80.31
80.28
80.28
80.29
80.28
80.26
80.25
80.24
80.22
80.22
80.19
80.20
80.21
80.19
80.17
80.17
80.18
80.16
80.16
80.15
80.15
80.17
80.18
80.20
80.20
80.18
80.19
80.22
80.20
80.18
80.18
80.19
80.19
80.17
80.16
80.14
80.12
80.07
80.10
80.10
80.08
80.06
80.06
80.05
80.06
80.08
80.10
80.06
80.03
80.02
80.04
80.06
80.04
80.03
80.02
80.01
80.00
80.01
80.01
80.03
80.03
80.04
80.06
80.04
80.04
80.04
80.04
80.03
80.01
80.03
80.04
80.05
80.05
80.04
80.02
80.01
80.01
79.99
80.01
80.01
80.01
80.00
79.99
79.98
79.99
79.97
79.97
79.98
79.98
79.98
79.99
79.97
79.96
79.94
79.94
79.94
79.93
79.93
79.96
79.97
79.98
79.97
79.96
79.96
79.97
79.98
79.98
79.98
79.97
79.97
79.99
80.00
80.00
80.01
80.03
80.03
80.00
80.00
79.99
79.99
80.00
80.00
79.97
79.97
79.93
79.94
79.94
79.94
79.94
79.92
79.93
79.94
79.93
79.94
79.92
79.90
79.89
79.90
79.92
79.91
79.90
79.91
79.91
79.91
79.90
79.91
79.89
79.91
79.92
79.93
79.94
79.94
79.95
79.92
79.92
79.91
79.91
79.92
79.92
79.92
79.90
79.89
79.88
79.90
79.90
79.90
79.89
79.89
79.88
79.88
79.88
79.91
79.92
79.92
79.92
79.93
79.94
79.93
79.92
79.93
79.92
79.90
79.91
79.90
79.90
79.91
79.91
79.91
79.92
79.92
79.93
79.93
79.94
79.95
79.94
79.94
79.94
79.96
79.95
79.93
79.95
79.95
79.96
79.96
79.97
79.99
79.99
79.98
79.98
79.99
80.00
80.00
80.00
79.98
79.96
79.96
79.96
79.96
79.96
79.96
79.96
79.95
79.97
79.97
79.98
79.98
79.98
79.98
79.99
79.98
79.99
79.98
79.98
79.97
79.96
79.96
79.96
79.95
79.96
79.98
79.98
79.99
79.98
79.98
79.99
79.99
80.00
80.00
79.97
79.98
79.96
79.95
79.95
79.95
79.96
79.95
79.94
79.96
79.97
79.98
79.99
79.99
79.97
79.96
79.95
79.95
79.95
79.94
79.96
79.96
79.94
79.94
79.95
79.97
79.98
79.97
79.96
79.95
79.95
79.95
79.95
79.95
79.94
79.94
79.94
79.96
79.95
79.95
79.95
79.96
79.95
79.94
79.94
79.94
79.95
79.93
79.94
79.94
79.92
79.92
79.94
79.95
79.94
79.95
79.95
79.96
79.98
79.98
79.98
79.97
79.97
79.97
79.96
79.97
79.96
79.97
79.98
79.96
79.96
79.98
79.96
79.95
79.94
79.94
79.93
79.92
79.94
79.93
79.94
79.94
79.92
79.92
79.91
79.92
79.91
79.92
79.94
79.94
79.94
79.95
79.95
79.96
79.96
79.96
79.97
79.98
79.98
79.96
79.95
79.95
79.95
79.95
79.97
79.97
79.97
79.97
79.95
79.95
79.95
79.95
79.95
79.94
79.95
79.96
79.95
79.96
79.96
79.96
79.96
79.96
79.96
79.93
79.93
79.91
79.92
79.91
79.90
79.90
79.91
79.91
79.91
79.90
79.90
79.90
79.90
79.90
79.90
79.91
79.92
79.91
79.91
79.91
79.91
79.93
79.94
79.92
79.92
79.92
79.92
79.93
79.92
79.93
79.93
79.93
79.93
79.93
79.94
79.93
79.91
79.92
79.91
79.91
79.92
79.92
79.93
79.94
79.93
79.94
79.94
79.96
79.94
79.94
79.94
79.94
79.96
79.95
79.95
79.96
79.96
79.97
79.97
79.97
79.97
79.97
79.98
79.98
79.98
79.97
79.98
79.98
79.97
79.97
79.96
79.95
79.95
79.96
79.96
79.94
79.93
79.93
79.93
79.91
79.92
79.92
79.92
79.92
79.93
79.92
79.93
79.93
79.93
79.94
79.94
79.94
79.95
79.96
79.96
79.96
79.97
79.96
79.96
79.96
79.96
79.96
79.97
79.96
79.97
79.96
79.95
79.95
79.93
79.94
79.94
79.94
79.95
79.94
79.94
79.93
79.93
79.93
79.94
79.94
79.94
79.95
79.95
79.94
79.94
79.95
79.95
79.95
79.95
79.95
79.95
79.96
79.95
79.96
79.95
79.94
79.94
79.93
79.92
79.92
79.92
79.92
79.92
79.93
79.93
79.93
79.86
