12.50
13.28
13.02
12.50
11.56
12.24
13.17
14.45
14.06
15.78
16.34
16.15
16.35
16.85
16.46
16.21
16.36
16.58
16.61
16.72
16.59
16.90
16.85
17.19
17.00
16.83
16.90
16.69
16.86
17.08
17.19
17.29
17.23
17.10
17.10
17.14
17.36
17.27
17.31
17.30
17.42
17.56
17.62
17.68
17.60
17.56
17.42
17.25
17.19
17.12
17.13
17.13
17.31
17.19
17.39
17.33
17.35
17.35
17.43
17.40
17.52
17.64
17.73
17.70
17.74
17.83
17.84
17.85
17.78
17.77
17.76
17.80
17.81
17.84
17.83
17.70
17.69
17.79
17.82
17.83
17.82
17.82
17.83
17.88
17.92
17.91
17.85
17.88
17.89
17.90
17.86
17.88
17.91
17.90
17.83
17.87
17.83
17.81
17.83
17.84
17.87
17.89
17.90
17.98
18.02
18.10
18.03
18.06
18.05
18.12
18.14
18.09
18.11
18.06
18.18
18.16
18.14
18.02
18.05
18.09
18.12
18.17
18.22
18.13
18.12
18.12
18.10
18.07
18.10
18.03
18.06
18.02
18.02
18.04
18.02
18.03
18.00
17.98
17.94
17.96
17.97
17.98
17.96
17.96
17.96
18.02
18.04
18.01
18.02
18.06
18.12
18.11
18.14
18.13
18.14
18.13
18.11
18.06
18.05
18.00
18.01
18.00
17.96
17.95
17.92
17.94
17.89
17.84
17.82
17.80
17.84
17.87
17.87
17.87
17.86
17.84
17.83
17.85
17.85
17.86
17.87
17.87
17.90
17.87
17.85
17.87
17.87
17.84
17.88
17.86
17.83
17.83
17.82
17.79
17.81
17.76
17.74
17.79
17.76
17.77
17.79
17.79
17.76
17.78
17.71
17.69
17.72
17.68
17.66
17.66
17.60
17.61
17.57
17.54
17.54
17.54
17.55
17.54
17.53
17.51
17.47
17.50
17.47
17.51
17.53
17.53
17.52
17.51
17.49
17.53
17.53
17.54
17.55
17.53
17.52
17.53
17.53
17.54
17.53
17.55
17.52
17.52
17.53
17.55
17.58
17.59
17.59
17.60
17.60
17.58
17.57
17.57
17.56
17.58
17.60
17.63
17.63
17.64
17.63
17.60
17.57
17.58
17.57
17.55
17.57
17.56
17.56
17.57
17.58
17.55
17.55
17.54
17.56
17.56
17.60
17.60
17.60
17.59
17.57
17.58
17.59
17.63
17.63
17.63
17.63
17.62
17.63
17.61
17.60
17.59
17.58
17.58
17.59
17.59
17.60
17.61
17.59
17.59
17.58
17.57
17.58
17.58
17.57
17.56
17.59
17.58
17.60
17.60
17.61
17.67
17.67
17.70
17.69
17.68
17.67
17.67
17.67
17.66
17.64
17.65
17.64
17.61
17.64
17.65
17.65
17.64
17.62
17.60
17.60
17.59
17.61
17.59
17.62
17.61
17.63
17.61
17.62
17.60
17.61
17.59
17.58
17.60
17.60
17.61
17.61
17.62
17.62
17.60
17.59
17.61
17.58
17.58
17.59
17.58
17.56
17.56
17.56
17.55
17.55
17.56
17.55
17.56
17.55
17.54
17.53
17.54
17.54
17.53
17.54
17.54
17.54
17.52
17.51
17.52
17.51
17.52
17.54
17.55
17.53
17.53
17.53
17.52
17.52
17.51
17.52
17.51
17.50
17.48
17.49
17.49
17.50
17.51
17.50
17.52
17.51
17.49
17.50
17.50
17.51
17.51
17.53
17.56
17.55
17.55
17.56
17.56
17.55
17.57
17.55
17.53
17.56
17.56
17.54
17.55
17.57
17.57
17.57
17.59
17.59
17.57
17.58
17.58
17.57
17.59
17.58
17.59
17.58
17.59
17.58
17.57
17.57
17.57
17.58
17.58
17.56
17.56
17.56
17.56
17.55
17.56
17.56
17.56
17.56
17.56
17.57
17.57
17.57
17.56
17.56
17.56
17.55
17.55
17.55
17.56
17.57
17.57
17.56
17.55
17.55
17.54
17.55
17.54
17.55
17.54
17.53
17.52
17.52
17.51
17.53
17.52
17.52
17.51
17.50
17.49
17.49
17.50
17.51
17.51
17.53
17.54
17.53
17.52
17.54
17.54
17.54
17.53
17.52
17.52
17.51
17.51
17.49
17.50
17.49
17.48
17.49
17.50
17.49
17.49
17.50
17.50
17.51
17.51
17.51
17.50
17.51
17.52
17.54
17.54
17.56
17.56
17.55
17.55
17.54
17.56
17.55
17.54
17.55
17.54
17.52
17.51
17.51
17.51
17.51
17.51
17.50
17.50
17.50
17.50
17.50
17.51
17.50
17.50
17.50
17.49
17.50
17.50
17.50
17.50
17.51
17.50
17.51
17.50
17.52
17.51
17.50
17.51
17.51
17.52
17.54
17.53
17.53
17.54
17.54
17.53
17.52
17.52
17.53
17.54
17.54
17.54
17.54
17.54
17.54
17.55
17.55
17.56
17.55
17.55
17.56
17.57
17.57
17.58
17.57
17.57
17.58
17.57
17.57
17.58
17.59
17.59
17.58
17.59
17.58
17.57
17.57
17.58
17.58
17.56
17.56
17.57
17.56
17.58
17.59
17.60
17.60
17.60
17.59
17.60
17.59
17.60
17.61
17.61
17.61
17.60
17.60
17.60
17.60
17.60
17.60
17.61
17.61
17.61
17.61
17.62
17.60
17.60
17.60
17.61
17.62
17.63
17.62
17.62
17.61
17.61
17.61
17.60
17.61
17.60
17.60
17.59
17.60
17.60
17.59
17.61
17.61
17.61
17.61
17.61
17.62
17.61
17.62
17.62
17.62
17.62
17.62
17.61
17.61
17.61
17.60
17.59
17.59
17.60
17.59
17.60
17.60
17.60
17.59
17.59
17.58
17.58
17.58
17.59
17.61
17.59
17.60
17.60
17.59
17.59
17.59
17.59
17.59
17.59
17.59
17.59
17.59
17.60
17.60
17.59
17.59
17.59
17.58
17.58
17.59
17.61
17.59
17.60
17.59
17.60
17.60
17.61
17.61
17.61
17.60
17.60
17.60
17.60
17.60
17.58
17.58
17.57
17.57
17.57
17.59
17.58
17.59
17.59
17.60
17.60
17.61
17.61
17.61
17.61
17.61
17.60
17.60
17.60
17.59
17.59
17.57
17.56
17.55
17.55
17.54
17.55
17.57
17.57
17.58
17.58
17.58
17.58
17.57
17.57
17.58
17.57
17.58
17.59
17.59
17.58
17.58
17.58
17.58
17.58
17.59
17.59
17.59
17.59
17.60
17.59
17.59
17.59
17.59
17.59
17.58
17.57
17.58
17.58
17.59
17.59
17.60
17.60
17.60
17.60
17.59
17.58
17.58
17.58
17.58
17.58
17.58
17.58
17.58
17.58
17.58
17.59
17.59
17.60
17.60
17.60
17.60
17.60
17.60
17.59
