75.00
74.22
75.00
77.34
80.00
80.47
79.69
80.27
80.38
79.84
79.55
79.43
79.45
79.46
79.38
79.59
80.15
79.86
80.02
80.16
79.76
79.83
79.76
79.82
79.81
80.35
80.50
80.36
80.17
80.10
80.19
80.42
80.35
80.33
80.49
80.60
80.57
80.47
80.49
80.43
80.30
80.43
80.27
80.36
80.42
80.40
80.55
80.60
80.68
80.72
80.79
80.50
80.63
80.64
80.74
80.89
80.87
80.63
80.59
80.60
80.43
80.52
80.61
80.57
80.60
80.59
80.57
80.58
80.50
80.49
80.39
80.40
80.39
80.47
80.44
80.47
80.36
80.39
80.46
80.43
80.42
80.35
80.35
80.36
80.31
80.29
80.28
80.36
80.32
80.23
80.27
80.33
80.39
80.39
80.41
80.42
80.41
80.42
80.51
80.55
80.55
80.67
80.70
80.69
80.71
80.73
80.75
80.71
80.68
80.68
80.74
80.73
80.64
80.63
80.67
80.70
80.76
80.80
80.86
80.94
80.93
80.85
80.84
80.86
80.76
80.78
80.75
80.79
80.80
80.72
80.75
80.79
80.82
80.84
80.83
80.76
80.70
80.70
80.70
80.75
80.80
80.82
80.83
80.86
80.86
80.84
80.88
80.88
80.88
80.86
80.87
80.89
80.87
80.87
80.88
80.89
80.87
80.86
80.88
80.88
80.90
80.90
80.90
80.90
80.95
80.99
80.98
80.97
80.93
80.96
80.96
80.95
80.95
80.95
80.96
80.96
80.96
80.97
81.00
81.02
81.02
81.01
81.00
80.97
81.01
80.96
80.92
80.91
80.89
80.90
80.91
80.95
80.98
80.95
80.98
80.96
80.94
80.91
80.90
80.88
80.88
80.89
80.90
80.91
80.88
80.88
80.86
80.87
80.85
80.87
80.86
80.85
80.82
80.80
80.81
80.82
80.81
80.83
80.81
80.82
80.84
80.82
80.84
80.82
80.83
80.82
80.85
80.86
80.87
80.83
80.84
80.83
80.85
80.87
80.87
80.89
80.92
80.90
80.86
80.90
80.91
80.93
80.93
80.96
80.97
80.96
80.97
80.97
80.98
80.98
80.99
81.01
81.04
81.03
81.03
81.05
81.03
81.04
81.04
81.05
81.04
81.08
81.10
81.08
81.10
81.09
81.11
81.12
81.11
81.14
81.16
81.16
81.17
81.16
81.14
81.16
81.17
81.15
81.15
81.15
81.14
81.16
81.13
81.13
81.11
81.14
81.15
81.16
81.16
81.16
81.15
81.16
81.17
81.19
81.17
81.16
81.17
81.18
81.19
81.20
81.18
81.18
81.20
81.22
81.21
81.23
81.26
81.27
81.28
81.28
81.28
81.29
81.30
81.30
81.29
81.29
81.30
81.31
81.32
81.35
81.35
81.35
81.36
81.36
81.38
81.37
81.37
81.38
81.37
81.37
81.38
81.40
81.39
81.39
81.39
81.38
81.37
81.38
81.38
81.37
81.36
81.37
81.38
81.40
81.41
81.38
81.38
81.38
81.36
81.38
81.36
81.36
81.35
81.33
81.34
81.34
81.36
81.34
81.35
81.35
81.35
81.36
81.35
81.36
81.36
81.37
81.37
81.37
81.37
81.37
81.37
81.39
81.38
81.39
81.38
81.40
81.40
81.41
81.41
81.39
81.38
81.36
81.36
81.36
81.36
81.38
81.38
81.38
81.37
81.35
81.35
81.35
81.36
81.35
81.36
81.35
81.34
81.33
81.33
81.34
81.34
81.33
81.34
81.34
81.33
81.33
81.32
81.33
81.32
81.33
81.33
81.35
81.36
81.36
81.38
81.37
81.38
81.37
81.36
81.35
81.35
81.35
81.35
81.35
81.34
81.35
81.36
81.37
81.36
81.38
81.38
81.39
81.38
81.39
81.39
81.39
81.39
81.40
81.42
81.42
81.42
81.42
81.41
81.40
81.39
81.40
81.39
81.37
81.37
81.36
81.34
81.34
81.33
81.33
81.34
81.35
81.34
81.35
81.33
81.29
81.30
81.31
81.32
81.32
81.31
81.31
81.31
81.31
81.30
81.30
81.30
81.29
81.29
81.29
81.29
81.30
81.29
81.28
81.28
81.30
81.30
81.29
81.29
81.31
81.30
81.30
81.29
81.29
81.28
81.29
81.27
81.28
81.29
81.29
81.30
81.30
81.30
81.30
81.32
81.30
81.30
81.32
81.31
81.32
81.33
81.34
81.35
81.33
81.34
81.36
81.37
81.38
81.38
81.38
81.39
81.40
81.40
81.40
81.40
81.41
81.40
81.41
81.41
81.41
81.41
81.41
81.41
81.43
81.43
81.42
81.41
81.41
81.41
81.41
81.42
81.43
81.43
81.44
81.44
81.44
81.43
81.44
81.46
81.47
81.47
81.47
81.47
81.47
81.45
81.46
81.46
81.46
81.45
81.44
81.45
81.44
81.44
81.43
81.43
81.42
81.42
81.44
81.43
81.43
81.43
81.44
81.44
81.43
81.43
81.43
81.44
81.42
81.43
81.44
81.44
81.44
81.44
81.44
81.43
81.44
81.44
81.45
81.46
81.47
81.46
81.46
81.47
81.47
81.47
81.47
81.49
81.49
81.49
81.48
81.47
81.47
81.46
81.46
81.45
81.46
81.46
81.46
81.46
81.46
81.46
81.48
81.48
81.48
81.47
81.48
81.48
81.47
81.48
81.47
81.46
81.47
81.47
81.47
81.46
81.47
81.47
81.47
81.48
81.48
81.46
81.46
81.45
81.45
81.45
81.45
81.45
81.46
81.46
81.45
81.46
81.46
81.46
81.47
81.47
81.46
81.47
81.45
81.46
81.44
81.45
81.44
81.44
81.45
81.45
81.46
81.47
81.48
81.47
81.48
81.49
81.50
81.51
81.51
81.53
81.53
81.53
81.53
81.54
81.54
81.55
81.55
81.55
81.56
81.56
81.57
81.58
81.58
81.58
81.58
81.59
81.59
81.61
81.61
81.61
81.61
81.62
81.63
81.64
81.64
81.64
81.64
81.64
81.63
81.62
81.62
81.62
81.61
81.62
81.61
81.61
81.61
81.61
81.60
81.61
81.60
81.59
81.60
81.61
81.59
81.59
81.59
81.58
81.59
81.57
81.56
81.56
81.55
81.55
81.55
81.55
81.56
81.56
81.55
81.55
81.55
81.54
81.55
81.56
81.56
81.56
81.56
81.55
81.55
81.56
81.56
81.56
81.57
81.57
81.58
81.57
81.57
81.57
81.57
81.57
81.57
81.57
81.57
81.56
81.56
81.56
81.56
81.56
81.56
81.55
81.55
81.55
81.55
81.55
81.55
81.56
81.56
81.55
81.55
81.55
81.55
81.55
81.54
81.55
81.54
81.54
81.53
81.52
81.52
81.52
81.53
81.53
81.53
81.52
81.52
81.51
81.51
81.50
81.50
81.50
81.49
81.51
81.43
