82.81
82.81
81.77
81.25
83.44
84.64
82.81
81.84
81.60
82.03
81.82
82.16
82.21
82.03
82.08
81.84
81.43
81.25
81.91
81.56
81.92
82.17
82.13
82.29
82.56
82.51
82.58
82.65
82.76
82.76
82.76
82.86
82.81
82.81
83.08
83.07
83.07
83.06
83.09
82.97
82.89
82.70
82.59
82.63
82.64
82.64
82.55
82.45
82.46
82.47
82.51
82.63
82.72
82.75
82.84
82.81
82.84
82.70
82.68
82.71
82.76
82.76
82.81
82.89
82.86
82.81
82.86
82.84
82.88
82.83
82.81
82.94
82.92
82.88
82.87
82.77
82.77
82.75
82.67
82.60
82.48
82.51
82.55
82.50
82.48
82.41
82.38
82.46
82.48
82.47
82.50
82.44
82.54
82.55
82.53
82.58
82.54
82.48
82.43
82.48
82.44
82.38
82.33
82.30
82.26
82.10
82.11
82.22
82.24
82.24
82.22
82.20
82.12
82.21
82.20
82.22
82.21
82.27
82.23
82.28
82.21
82.17
82.16
82.17
82.15
82.11
81.95
81.88
81.87
81.88
81.87
81.90
81.85
81.86
81.81
81.78
81.75
81.75
81.79
81.81
81.78
81.77
81.71
81.75
81.73
81.73
81.77
81.76
81.82
81.83
81.86
81.86
81.87
81.90
81.94
81.89
81.82
81.78
81.82
81.81
81.84
81.88
81.84
81.84
81.83
81.82
81.83
81.82
81.80
81.77
81.78
81.78
81.80
81.81
81.85
81.90
81.88
81.90
81.90
81.94
81.98
81.96
81.98
81.97
81.97
82.00
82.03
82.02
81.99
81.95
81.94
81.95
81.95
81.98
81.98
81.95
81.94
81.90
81.89
81.91
81.89
81.91
81.87
81.89
81.94
81.91
81.93
81.92
81.95
81.91
81.95
81.94
81.97
81.93
81.90
81.94
81.98
82.01
82.00
82.00
81.99
82.00
82.00
81.99
81.99
81.99
82.01
82.00
82.01
82.02
81.98
81.99
81.95
81.97
81.94
81.97
81.98
81.95
81.96
81.97
81.96
81.99
82.03
82.04
82.02
82.02
82.00
81.97
81.99
81.97
81.98
81.99
81.99
82.02
82.01
82.03
81.99
81.98
81.97
81.98
81.96
81.94
81.95
81.94
81.95
81.97
81.96
81.96
81.99
82.00
82.01
81.96
81.99
81.97
81.98
81.99
82.00
82.03
82.03
82.02
82.01
82.02
82.02
81.99
81.96
81.96
81.94
81.94
81.93
81.93
81.95
81.97
81.97
81.96
81.95
81.95
81.97
81.96
81.99
81.95
81.94
81.94
81.95
81.93
81.94
81.95
81.94
81.93
81.94
81.93
81.94
81.93
81.93
81.93
81.93
81.92
81.92
81.91
81.91
81.93
81.91
81.90
81.89
81.89
81.88
81.86
81.89
81.88
81.89
81.90
81.89
81.88
81.88
81.89
81.88
81.88
81.90
81.90
81.92
81.93
81.92
81.95
81.96
81.97
81.95
81.97
81.95
81.98
81.99
82.00
82.02
82.03
82.04
82.04
82.02
82.02
82.00
82.01
82.02
82.02
82.02
82.01
82.02
82.02
82.05
82.06
82.08
82.07
82.07
82.08
82.10
82.11
82.11
82.11
82.09
82.10
82.11
82.09
82.11
82.11
82.10
82.11
82.11
82.10
82.10
82.11
82.09
82.07
82.09
82.10
82.12
82.11
82.12
82.13
82.12
82.12
82.12
82.13
82.12
82.14
82.13
82.13
82.14
82.16
82.16
82.14
82.14
82.14
82.13
82.14
82.16
82.17
82.18
82.18
82.19
82.21
82.21
82.21
82.20
82.21
82.20
82.19
82.19
82.19
82.19
82.20
82.20
82.19
82.20
82.20
82.21
82.21
82.18
82.18
82.19
82.18
82.19
82.20
82.20
82.20
82.20
82.19
82.20
82.20
82.19
82.19
82.19
82.19
82.18
82.17
82.19
82.18
82.20
82.17
82.17
82.18
82.16
82.15
82.17
82.14
82.15
82.15
82.14
82.13
82.12
82.15
82.15
82.15
82.15
82.16
82.16
82.15
82.16
82.14
82.14
82.14
82.15
82.15
82.14
82.15
82.16
82.16
82.15
82.14
82.15
82.14
82.15
82.15
82.12
82.12
82.12
82.12
82.11
82.10
82.09
82.08
82.10
82.10
82.12
82.12
82.14
82.12
82.11
82.11
82.10
82.10
82.10
82.10
82.10
82.10
82.12
82.12
82.13
82.14
82.12
82.11
82.11
82.12
82.12
82.11
82.10
82.10
82.10
82.09
82.08
82.06
82.05
82.04
82.03
82.03
82.04
82.05
82.05
82.05
82.05
82.07
82.05
82.04
82.04
82.05
82.04
82.05
82.03
82.02
82.03
82.03
82.02
82.03
82.02
82.03
82.04
82.02
82.02
82.02
82.03
82.04
82.04
82.05
82.05
82.06
82.07
82.07
82.08
82.08
82.09
82.10
82.10
82.11
82.11
82.11
82.12
82.11
82.10
82.11
82.11
82.10
82.09
82.09
82.08
82.07
82.08
82.09
82.10
82.09
82.08
82.07
82.07
82.08
82.09
82.08
82.09
82.08
82.07
82.06
82.05
82.05
82.05
82.05
82.05
82.05
82.05
82.03
82.03
82.02
82.02
82.02
82.02
82.02
82.01
82.00
82.01
82.01
82.01
82.01
82.00
81.99
82.00
82.00
82.01
82.02
82.02
82.02
82.02
82.04
82.03
82.04
82.05
82.06
82.06
82.06
82.07
82.07
82.06
82.06
82.07
82.07
82.06
82.07
82.06
82.06
82.06
82.06
82.06
82.05
82.05
82.05
82.05
82.04
82.05
82.04
82.05
82.06
82.05
82.05
82.04
82.04
82.03
82.02
82.03
82.04
82.03
82.04
82.03
82.05
82.04
82.03
82.03
82.03
82.03
82.02
82.02
82.02
82.01
82.01
82.02
82.02
82.03
82.04
82.04
82.02
82.03
82.02
82.01
82.01
82.02
82.01
82.03
82.03
82.03
82.04
82.04
82.04
82.04
82.03
82.01
82.02
82.01
82.01
82.00
81.99
81.99
81.99
81.99
81.98
81.98
81.97
81.97
81.97
81.98
81.98
81.98
81.98
81.97
81.97
81.98
81.97
81.98
81.99
81.98
81.98
81.98
81.98
81.99
81.99
81.99
82.00
82.00
82.00
82.02
82.02
82.02
82.01
82.01
82.01
82.01
82.02
82.01
82.01
82.00
82.01
82.01
82.01
82.01
81.99
81.99
82.00
81.99
81.99
82.00
82.01
82.02
82.01
82.01
82.00
81.98
81.98
81.99
81.99
82.00
82.00
82.00
82.01
82.00
81.99
81.99
81.98
81.99
81.99
81.99
81.99
82.00
82.00
82.00
81.99
81.99
81.99
81.99
81.99
81.99
82.00
81.98
81.90
