84.38
81.25
83.33
81.64
80.94
81.51
81.03
81.25
82.29
82.03
81.96
81.38
81.49
81.81
81.46
81.45
81.62
81.86
82.07
81.88
81.85
81.75
81.66
81.84
81.94
81.67
81.94
82.14
82.11
82.14
82.16
82.28
82.34
82.31
82.37
82.47
82.35
82.36
82.17
82.23
82.39
82.25
82.19
82.07
82.26
82.24
82.18
82.16
82.30
82.19
82.26
82.33
82.52
82.26
82.19
82.14
82.15
82.17
82.12
82.08
82.15
82.13
82.24
82.23
82.19
82.24
82.25
82.26
82.34
82.30
82.35
82.36
82.32
82.18
82.23
82.15
82.18
82.19
82.20
82.25
82.18
82.16
82.13
82.01
82.06
82.03
82.04
82.07
82.02
82.07
82.07
82.07
81.89
81.88
81.92
81.98
81.94
81.97
81.94
81.92
81.87
81.91
81.95
81.90
81.88
81.85
81.83
81.81
81.88
81.92
81.88
81.89
81.89
81.96
82.00
82.02
82.00
82.02
81.99
82.01
82.01
81.98
81.97
81.97
81.99
81.94
82.01
82.08
82.06
82.10
82.08
81.96
81.98
81.94
81.94
81.89
81.87
81.88
81.86
81.90
81.91
81.93
81.96
81.96
81.93
81.93
81.93
81.93
81.89
81.91
81.89
81.83
81.83
81.81
81.76
81.74
81.71
81.69
81.71
81.69
81.73
81.77
81.77
81.71
81.70
81.68
81.68
81.68
81.68
81.72
81.66
81.66
81.61
81.62
81.65
81.64
81.66
81.64
81.63
81.65
81.67
81.72
81.74
81.76
81.74
81.71
81.67
81.68
81.66
81.64
81.63
81.60
81.60
81.58
81.58
81.57
81.58
81.53
81.56
81.56
81.58
81.53
81.56
81.54
81.58
81.61
81.60
81.58
81.62
81.63
81.58
81.57
81.56
81.59
81.57
81.58
81.60
81.60
81.59
81.59
81.58
81.57
81.54
81.56
81.57
81.60
81.64
81.64
81.66
81.66
81.66
81.70
81.68
81.70
81.68
81.69
81.69
81.71
81.72
81.72
81.72
81.71
81.71
81.72
81.73
81.75
81.78
81.78
81.78
81.76
81.79
81.78
81.79
81.77
81.78
81.76
81.74
81.75
81.71
81.71
81.72
81.68
81.66
81.65
81.65
81.62
81.60
81.61
81.57
81.55
81.53
81.53
81.54
81.56
81.57
81.58
81.60
81.61
81.60
81.60
81.59
81.57
81.60
81.59
81.59
81.59
81.59
81.60
81.62
81.65
81.65
81.67
81.63
81.66
81.68
81.68
81.72
81.73
81.72
81.71
81.71
81.72
81.75
81.73
81.74
81.76
81.76
81.76
81.76
81.77
81.78
81.79
81.79
81.80
81.84
81.83
81.81
81.81
81.79
81.80
81.83
81.85
81.84
81.85
81.85
81.84
81.83
81.83
81.84
81.85
81.85
81.85
81.84
81.84
81.84
81.86
81.84
81.87
81.86
81.87
81.88
81.89
81.89
81.90
81.88
81.88
81.90
81.88
81.87
81.87
81.87
81.87
81.87
81.87
81.87
81.86
81.84
81.84
81.85
81.82
81.83
81.82
81.81
81.83
81.83
81.82
81.81
81.81
81.80
81.80
81.81
81.81
81.79
81.81
81.80
81.80
81.80
81.79
81.79
81.81
81.79
81.81
81.78
81.77
81.78
81.78
81.80
81.81
81.82
81.82
81.84
81.83
81.81
81.80
81.83
81.82
81.80
81.80
81.81
81.81
81.80
81.81
81.81
81.82
81.84
81.85
81.84
81.83
81.83
81.85
81.88
81.89
81.87
81.88
81.89
81.89
81.91
81.90
81.90
81.89
81.88
81.90
81.93
81.92
81.92
81.92
81.94
81.95
81.96
81.97
81.98
81.98
81.98
81.99
81.98
81.98
81.97
81.97
81.94
81.96
81.95
81.97
81.93
81.92
81.92
81.93
81.94
81.94
81.96
81.97
81.98
81.99
82.00
82.01
82.01
82.00
82.01
82.01
82.00
81.96
81.96
81.97
81.97
81.97
81.98
81.98
81.99
81.99
82.00
82.00
82.00
82.01
81.99
81.99
81.98
81.99
82.00
82.01
82.01
82.00
81.99
82.00
82.00
82.01
82.01
82.00
81.99
82.00
81.99
82.00
81.99
81.98
81.99
81.97
81.99
81.99
81.98
81.96
81.96
81.95
81.95
81.95
81.94
81.94
81.93
81.94
81.92
81.94
81.94
81.94
81.94
81.95
81.94
81.93
81.94
81.93
81.94
81.92
81.93
81.91
81.92
81.93
81.93
81.93
81.90
81.91
81.90
81.91
81.93
81.93
81.93
81.94
81.93
81.92
81.93
81.94
81.93
81.92
81.93
81.94
81.93
81.94
81.94
81.94
81.94
81.93
81.92
81.93
81.94
81.95
81.94
81.95
81.95
81.96
81.95
81.96
81.96
81.95
81.94
81.92
81.92
81.91
81.92
81.93
81.93
81.92
81.92
81.93
81.94
81.95
81.94
81.95
81.94
81.94
81.93
81.92
81.92
81.94
81.94
81.95
81.95
81.95
81.94
81.93
81.94
81.95
81.96
81.96
81.96
81.96
81.97
81.97
81.96
81.95
81.95
81.93
81.94
81.92
81.92
81.92
81.92
81.93
81.93
81.93
81.93
81.94
81.94
81.95
81.96
81.96
81.97
81.97
81.98
81.98
81.97
81.97
81.97
81.99
81.99
81.98
81.99
81.98
81.97
81.98
81.97
81.96
81.96
81.96
81.97
81.98
81.98
81.98
81.96
81.97
81.97
81.97
81.97
81.97
81.98
81.97
81.96
81.95
81.94
81.96
81.95
81.95
81.94
81.94
81.96
81.95
81.95
81.95
81.97
81.97
81.96
81.97
81.97
81.98
81.97
81.97
81.97
81.96
81.96
81.97
81.98
81.97
81.96
81.97
81.96
81.95
81.96
81.95
81.95
81.95
81.94
81.94
81.94
81.94
81.94
81.94
81.94
81.94
81.94
81.94
81.94
81.94
81.94
81.93
81.93
81.93
81.93
81.93
81.92
81.92
81.93
81.92
81.92
81.92
81.93
81.93
81.93
81.92
81.93
81.93
81.92
81.94
81.95
81.94
81.95
81.93
81.94
81.93
81.93
81.93
81.93
81.92
81.92
81.93
81.94
81.96
81.95
81.95
81.96
81.95
81.96
81.97
81.98
81.97
81.97
81.97
81.98
81.98
81.98
81.97
81.97
81.98
81.99
81.99
82.00
82.00
81.99
81.98
81.99
82.00
82.00
81.99
81.99
81.98
81.99
81.97
81.97
81.97
81.97
81.97
81.97
81.98
81.98
81.98
81.97
81.96
81.95
81.95
81.97
81.96
81.97
81.97
81.97
81.96
81.96
81.97
81.96
81.96
81.97
81.97
81.97
81.96
81.96
81.96
81.96
81.96
81.96
81.87
