85.94
86.72
83.85
83.20
82.81
82.55
82.81
83.20
83.68
84.53
84.66
85.29
84.98
84.71
84.38
84.08
84.19
84.20
84.46
84.22
83.78
83.74
83.56
83.59
83.44
83.41
83.80
83.48
83.78
83.65
83.77
83.98
83.81
83.73
83.71
83.55
83.49
83.39
83.37
83.20
83.46
83.44
83.32
83.35
83.33
83.25
83.24
83.24
83.29
83.25
83.30
83.29
83.14
82.96
82.98
82.95
82.98
83.08
83.05
83.07
83.07
82.96
83.01
82.84
82.96
82.88
82.88
82.84
82.79
82.68
82.75
82.66
82.73
82.62
82.54
82.55
82.49
82.55
82.59
82.58
82.47
82.47
82.55
82.61
82.59
82.58
82.58
82.60
82.53
82.57
82.61
82.61
82.61
82.56
82.62
82.52
82.55
82.57
82.61
82.64
82.64
82.64
82.65
82.66
82.63
82.67
82.65
82.71
82.70
82.67
82.70
82.65
82.67
82.63
82.58
82.57
82.55
82.61
82.60
82.58
82.58
82.54
82.52
82.57
82.49
82.49
82.49
82.43
82.39
82.39
82.35
82.39
82.40
82.39
82.44
82.47
82.48
82.52
82.54
82.54
82.54
82.57
82.54
82.53
82.50
82.50
82.50
82.47
82.50
82.54
82.48
82.50
82.47
82.50
82.53
82.50
82.45
82.42
82.44
82.42
82.39
82.44
82.47
82.45
82.48
82.49
82.51
82.59
82.58
82.55
82.57
82.58
82.51
82.52
82.55
82.54
82.52
82.51
82.48
82.47
82.49
82.49
82.45
82.46
82.45
82.48
82.44
82.41
82.43
82.43
82.48
82.45
82.40
82.40
82.40
82.36
82.37
82.34
82.37
82.38
82.38
82.37
82.37
82.39
82.42
82.45
82.40
82.35
82.33
82.31
82.33
82.31
82.35
82.30
82.30
82.30
82.35
82.36
82.38
82.39
82.40
82.42
82.41
82.41
82.39
82.36
82.37
82.35
82.36
82.36
82.38
82.35
82.35
82.35
82.36
82.36
82.34
82.33
82.35
82.35
82.35
82.35
82.34
82.33
82.35
82.34
82.34
82.31
82.35
82.34
82.33
82.27
82.28
82.27
82.25
82.25
82.28
82.26
82.22
82.22
82.24
82.20
82.21
82.21
82.23
82.24
82.26
82.21
82.20
82.20
82.22
82.22
82.19
82.17
82.19
82.20
82.20
82.19
82.22
82.22
82.22
82.24
82.27
82.23
82.21
82.23
82.23
82.24
82.24
82.23
82.21
82.20
82.21
82.22
82.22
82.23
82.21
82.21
82.22
82.20
82.19
82.17
82.17
82.18
82.17
82.15
82.16
82.17
82.18
82.17
82.18
82.19
82.16
82.16
82.17
82.16
82.18
82.19
82.19
82.18
82.18
82.16
82.13
82.14
82.13
82.13
82.13
82.10
82.11
82.12
82.11
82.12
82.13
82.11
82.10
82.11
82.11
82.12
82.09
82.08
82.08
82.09
82.08
82.08
82.06
82.05
82.05
82.08
82.09
82.08
82.06
82.08
82.09
82.11
82.10
82.10
82.10
82.08
82.06
82.09
82.10
82.12
82.12
82.13
82.14
82.14
82.14
82.15
82.15
82.16
82.16
82.15
82.15
82.15
82.15
82.15
82.13
82.13
82.13
82.12
82.11
82.10
82.09
82.12
82.11
82.10
82.10
82.10
82.11
82.08
82.08
82.08
82.07
82.07
82.06
82.04
82.04
82.05
82.04
82.03
82.04
82.05
82.03
82.04
82.03
82.04
82.04
82.03
82.02
82.04
82.03
82.03
82.02
82.04
82.04
82.03
82.04
82.03
82.04
82.04
82.03
82.03
82.04
82.04
82.03
82.03
82.03
82.00
81.99
81.98
81.97
81.97
81.97
81.98
82.00
81.98
81.98
81.99
81.99
81.99
81.99
82.00
82.00
81.99
81.98
81.98
81.98
81.98
81.97
81.97
81.98
81.99
81.97
81.97
81.98
81.97
81.98
81.97
81.97
81.97
81.96
81.95
81.94
81.95
81.96
81.95
81.95
81.94
81.94
81.95
81.96
81.97
81.97
81.95
81.95
81.95
81.95
81.96
81.96
81.95
81.93
81.91
81.92
81.91
81.89
81.89
81.89
81.89
81.88
81.86
81.85
81.86
81.86
81.86
81.86
81.87
81.87
81.86
81.87
81.87
81.86
81.86
81.85
81.85
81.87
81.87
81.88
81.89
81.87
81.87
81.86
81.85
81.87
81.86
81.85
81.84
81.82
81.83
81.83
81.83
81.81
81.82
81.82
81.81
81.80
81.78
81.78
81.76
81.74
81.74
81.74
81.73
81.72
81.74
81.74
81.74
81.73
81.73
81.73
81.74
81.75
81.76
81.77
81.78
81.77
81.77
81.77
81.77
81.76
81.74
81.73
81.73
81.74
81.75
81.74
81.73
81.74
81.74
81.72
81.71
81.72
81.72
81.72
81.72
81.72
81.72
81.71
81.71
81.72
81.72
81.73
81.73
81.73
81.73
81.73
81.73
81.74
81.75
81.74
81.74
81.73
81.73
81.73
81.73
81.73
81.74
81.75
81.75
81.75
81.74
81.73
81.74
81.75
81.74
81.74
81.73
81.73
81.73
81.72
81.73
81.73
81.73
81.72
81.73
81.73
81.73
81.72
81.73
81.75
81.74
81.75
81.74
81.75
81.75
81.75
81.75
81.74
81.74
81.74
81.75
81.74
81.75
81.75
81.76
81.76
81.77
81.78
81.78
81.78
81.77
81.77
81.76
81.76
81.75
81.75
81.76
81.77
81.76
81.76
81.76
81.76
81.76
81.76
81.75
81.75
81.75
81.75
81.75
81.75
81.76
81.75
81.75
81.76
81.76
81.77
81.76
81.77
81.76
81.75
81.75
81.75
81.76
81.76
81.76
81.75
81.75
81.75
81.76
81.75
81.75
81.75
81.75
81.75
81.74
81.73
81.72
81.70
81.69
81.70
81.70
81.72
81.72
81.71
81.72
81.73
81.74
81.73
81.74
81.75
81.75
81.75
81.74
81.74
81.74
81.74
81.73
81.73
81.73
81.73
81.73
81.73
81.74
81.75
81.75
81.74
81.74
81.73
81.74
81.74
81.74
81.75
81.75
81.75
81.75
81.74
81.75
81.73
81.74
81.75
81.74
81.74
81.75
81.74
81.75
81.75
81.75
81.75
81.77
81.75
81.75
81.75
81.72
81.73
81.72
81.72
81.72
81.71
81.71
81.71
81.71
81.72
81.74
81.74
81.72
81.73
81.73
81.74
81.74
81.74
81.75
81.74
81.74
81.75
81.75
81.76
81.76
81.76
81.77
81.77
81.79
81.79
81.80
81.80
81.80
81.81
81.80
81.80
81.80
81.80
81.80
81.80
81.79
81.79
81.81
81.81
81.80
81.79
81.79
81.79
81.79
81.80
81.72
