81.25
84.38
82.81
82.03
82.50
82.03
83.04
83.01
83.33
83.44
84.09
84.24
84.86
84.26
84.38
84.28
84.28
84.29
84.05
84.22
84.00
83.52
83.15
83.07
83.38
83.29
82.93
82.76
82.65
82.40
82.21
82.52
82.53
82.44
82.63
82.60
82.52
82.61
82.41
82.19
82.24
82.25
82.16
82.21
82.08
82.24
82.28
82.42
82.59
82.66
82.69
82.81
82.81
82.75
82.70
82.81
82.76
82.70
82.63
82.68
82.45
82.59
82.56
82.52
82.48
82.24
82.25
82.15
82.18
82.23
82.17
82.12
82.13
82.14
82.10
82.11
82.12
82.21
82.30
82.27
82.27
82.28
82.15
82.11
82.06
82.05
82.09
82.08
82.16
82.15
82.18
82.15
82.24
82.33
82.30
82.34
82.36
82.33
82.39
82.44
82.46
82.43
82.37
82.33
82.25
82.27
82.29
82.19
82.21
82.26
82.25
82.24
82.25
82.25
82.21
82.26
82.24
82.23
82.18
82.19
82.28
82.33
82.29
82.31
82.31
82.34
82.25
82.24
82.27
82.25
82.20
82.17
82.15
82.19
82.26
82.28
82.30
82.31
82.27
82.22
82.26
82.31
82.34
82.32
82.34
82.35
82.29
82.31
82.32
82.37
82.41
82.42
82.42
82.43
82.44
82.49
82.50
82.49
82.52
82.52
82.47
82.43
82.43
82.45
82.47
82.38
82.36
82.32
82.33
82.35
82.36
82.36
82.36
82.38
82.39
82.38
82.39
82.38
82.41
82.40
82.37
82.41
82.42
82.40
82.38
82.37
82.34
82.31
82.34
82.38
82.37
82.38
82.35
82.35
82.40
82.43
82.41
82.42
82.44
82.45
82.45
82.46
82.46
82.45
82.45
82.45
82.43
82.42
82.42
82.42
82.41
82.41
82.41
82.37
82.35
82.36
82.36
82.35
82.33
82.35
82.32
82.28
82.28
82.28
82.20
82.16
82.14
82.16
82.16
82.19
82.20
82.22
82.22
82.20
82.20
82.20
82.23
82.24
82.23
82.25
82.27
82.28
82.27
82.27
82.28
82.27
82.29
82.31
82.34
82.30
82.30
82.30
82.30
82.30
82.29
82.28
82.29
82.29
82.25
82.24
82.26
82.22
82.23
82.24
82.25
82.23
82.22
82.18
82.19
82.19
82.18
82.16
82.14
82.13
82.10
82.10
82.08
82.06
82.07
82.09
82.08
82.07
82.06
82.03
82.02
81.99
82.01
81.99
82.00
82.00
81.98
81.98
82.00
81.98
81.99
82.00
81.99
81.99
82.00
82.04
82.03
82.02
82.03
82.01
82.01
82.02
82.02
82.02
82.03
82.03
82.04
82.07
82.09
82.09
82.10
82.11
82.10
82.10
82.09
82.08
82.09
82.09
82.09
82.09
82.09
82.09
82.11
82.09
82.09
82.10
82.11
82.13
82.15
82.14
82.12
82.11
82.12
82.11
82.11
82.14
82.14
82.12
82.12
82.13
82.13
82.14
82.11
82.13
82.12
82.09
82.08
82.08
82.09
82.08
82.10
82.10
82.06
82.07
82.08
82.09
82.10
82.11
82.12
82.11
82.13
82.12
82.13
82.11
82.11
82.09
82.09
82.10
82.09
82.07
82.07
82.04
82.04
82.04
82.05
82.01
81.99
82.00
82.00
81.99
81.97
81.97
81.96
81.95
81.96
81.97
81.97
81.97
81.97
81.96
81.95
81.94
81.92
81.92
81.93
81.95
81.95
81.95
81.96
81.97
81.98
82.00
81.99
81.97
81.98
81.96
81.96
81.96
81.97
81.96
81.97
81.99
82.00
81.99
81.99
81.99
82.00
82.01
82.02
82.02
82.01
82.01
82.01
82.01
82.01
82.02
82.02
82.03
82.03
82.03
82.03
82.02
82.02
82.02
82.02
82.01
82.00
82.02
82.04
82.04
82.03
82.06
82.05
82.06
82.06
82.07
82.07
82.08
82.08
82.09
82.08
82.07
82.06
82.06
82.06
82.05
82.04
82.05
82.06
82.07
82.06
82.06
82.06
82.07
82.08
82.08
82.08
82.06
82.05
82.05
82.06
82.05
82.04
82.04
82.05
82.06
82.07
82.07
82.06
82.06
82.06
82.07
82.08
82.09
82.10
82.10
82.12
82.12
82.14
82.12
82.13
82.13
82.13
82.12
82.14
82.14
82.13
82.13
82.12
82.13
82.13
82.15
82.13
82.14
82.14
82.14
82.15
82.15
82.16
82.16
82.15
82.16
82.16
82.15
82.14
82.15
82.15
82.14
82.14
82.14
82.13
82.14
82.11
82.12
82.13
82.12
82.13
82.11
82.11
82.10
82.09
82.09
82.09
82.07
82.07
82.06
82.06
82.06
82.07
82.08
82.07
82.09
82.08
82.07
82.07
82.05
82.06
82.06
82.06
82.05
82.04
82.04
82.02
82.02
82.00
81.99
82.01
82.01
82.01
82.00
82.02
82.03
82.02
82.02
82.02
82.02
82.02
82.03
82.02
82.02
82.02
82.02
82.02
82.02
82.03
82.03
82.03
82.03
82.03
82.03
82.02
82.02
82.03
82.03
82.03
82.03
82.03
82.03
82.03
82.04
82.04
82.03
82.05
82.04
82.04
82.04
82.04
82.05
82.05
82.04
82.04
82.03
82.03
82.03
82.04
82.04
82.06
82.07
82.06
82.07
82.07
82.06
82.08
82.08
82.09
82.09
82.10
82.09
82.10
82.11
82.11
82.11
82.11
82.10
82.10
82.11
82.10
82.11
82.11
82.11
82.11
82.11
82.10
82.11
82.09
82.10
82.10
82.10
82.10
82.08
82.08
82.08
82.08
82.07
82.07
82.07
82.07
82.08
82.09
82.09
82.08
82.08
82.08
82.08
82.08
82.07
82.06
82.06
82.05
82.05
82.06
82.05
82.05
82.06
82.06
82.06
82.06
82.08
82.08
82.08
82.08
82.07
82.07
82.07
82.07
82.06
82.05
82.05
82.05
82.04
82.05
82.05
82.05
82.05
82.05
82.04
82.05
82.03
82.02
82.02
82.02
82.02
82.02
82.03
82.04
82.03
82.03
82.04
82.06
82.05
82.05
82.04
82.04
82.05
82.05
82.04
82.04
82.03
82.03
82.04
82.04
82.04
82.03
82.02
82.02
82.02
82.02
82.02
82.01
82.01
82.01
82.01
82.00
81.99
81.99
81.98
81.97
81.97
81.97
81.97
81.98
81.98
81.98
81.97
81.98
81.98
81.98
81.98
81.99
81.99
82.00
81.99
81.99
81.99
81.99
81.99
82.00
82.00
81.99
81.99
81.99
82.00
82.00
82.01
82.01
82.01
82.01
82.00
81.99
82.00
82.00
82.00
82.00
82.00
82.01
82.00
82.00
81.99
81.98
81.99
81.98
81.98
81.98
81.97
81.98
81.98
81.97
81.90
