82.81
85.16
84.90
83.20
82.50
82.03
82.14
83.20
82.99
82.81
82.81
83.07
83.05
82.59
82.40
82.32
81.99
81.86
81.91
81.80
81.92
82.17
82.13
81.97
82.00
82.09
82.00
81.70
81.73
81.72
81.60
81.98
81.82
81.89
81.79
81.77
81.88
81.78
81.81
81.72
81.97
81.66
81.61
81.61
81.46
81.39
81.42
81.51
81.57
81.72
81.62
81.76
81.66
81.86
81.79
81.67
81.63
81.60
81.70
81.72
81.81
81.85
81.67
81.71
81.75
81.58
81.48
81.41
81.48
81.43
81.40
81.40
81.42
81.50
81.54
81.62
81.62
81.67
81.74
81.64
81.60
81.59
81.68
81.72
81.62
81.58
81.59
81.68
81.72
81.84
81.89
81.83
81.89
81.93
81.89
81.84
81.78
81.78
81.80
81.86
81.87
81.86
81.87
81.90
81.93
81.97
81.95
81.99
81.98
81.95
81.93
81.92
81.86
81.87
81.82
81.80
81.78
81.83
81.81
81.78
81.84
81.80
81.83
81.77
81.71
81.75
81.75
81.75
81.77
81.81
81.87
81.82
81.84
81.86
81.86
81.88
81.88
81.93
81.96
82.02
82.05
82.01
82.03
82.03
82.09
82.06
82.09
82.11
82.16
82.15
82.10
82.01
82.00
81.99
81.95
81.91
81.94
81.91
81.89
81.90
81.87
81.90
81.89
81.88
81.88
81.89
81.87
81.85
81.84
81.86
81.85
81.88
81.88
81.88
81.89
81.88
81.84
81.84
81.81
81.82
81.79
81.77
81.70
81.70
81.71
81.72
81.72
81.72
81.71
81.74
81.72
81.72
81.76
81.75
81.75
81.76
81.77
81.77
81.78
81.78
81.76
81.75
81.73
81.76
81.76
81.77
81.80
81.82
81.80
81.82
81.80
81.83
81.84
81.83
81.83
81.85
81.87
81.88
81.89
81.92
81.90
81.93
81.93
81.92
81.92
81.94
81.95
81.92
81.95
81.92
81.89
81.89
81.91
81.92
81.93
81.97
81.99
81.94
81.94
81.93
81.92
81.93
81.91
81.92
81.97
81.96
81.95
81.95
81.94
81.98
81.97
81.97
81.96
81.97
81.96
81.96
81.96
81.95
81.97
81.95
81.96
81.95
81.92
81.95
81.97
81.96
81.95
81.93
81.95
81.94
81.96
81.97
81.97
81.94
81.93
81.94
81.94
81.95
81.98
81.96
81.96
81.96
81.97
81.93
81.91
81.93
81.91
81.91
81.92
81.92
81.94
81.96
81.93
81.94
81.94
81.97
81.97
81.97
81.97
81.95
81.94
81.93
81.92
81.92
81.94
81.95
81.96
81.96
81.93
81.89
81.88
81.88
81.89
81.90
81.90
81.91
81.94
81.96
81.93
81.97
81.99
81.98
81.99
81.98
81.99
82.00
82.02
82.02
82.03
82.01
82.03
82.04
82.04
82.05
82.04
82.05
82.03
82.04
82.05
82.05
82.08
82.08
82.08
82.08
82.07
82.06
82.09
82.08
82.07
82.07
82.07
82.07
82.08
82.08
82.09
82.07
82.06
82.08
82.07
82.08
82.07
82.07
82.07
82.09
82.08
82.07
82.06
82.06
82.05
82.04
82.04
82.04
82.06
82.06
82.05
82.05
82.04
82.05
82.05
82.05
82.05
82.06
82.08
82.06
82.06
82.05
82.04
82.04
82.03
82.03
82.03
82.04
82.01
82.02
82.01
82.02
82.03
82.03
82.03
82.02
82.02
82.04
82.04
82.04
82.03
82.00
82.01
82.02
82.01
82.00
82.01
82.02
82.01
82.04
82.03
82.02
82.03
82.04
82.04
82.04
82.06
82.06
82.06
82.06
82.03
82.06
82.04
82.05
82.05
82.06
82.08
82.07
82.06
82.05
82.05
82.04
82.04
82.03
82.03
82.01
82.00
81.98
81.98
81.98
81.98
81.99
81.98
81.97
81.97
81.97
81.94
81.93
81.91
81.91
81.91
81.91
81.91
81.90
81.91
81.90
81.90
81.92
81.92
81.93
81.96
81.97
81.98
82.01
82.01
82.02
82.01
82.00
82.00
82.01
82.01
82.01
82.02
82.01
82.01
82.01
82.00
82.00
81.99
81.98
81.97
81.98
81.97
81.96
81.95
81.96
81.95
81.96
81.96
81.96
81.97
81.97
81.97
81.97
81.98
81.97
81.96
81.98
81.98
81.97
81.99
81.99
81.99
81.99
82.00
81.99
82.00
81.99
81.99
81.98
81.94
81.94
81.93
81.93
81.94
81.93
81.92
81.93
81.93
81.92
81.93
81.94
81.93
81.92
81.92
81.91
81.92
81.90
81.89
81.88
81.88
81.88
81.88
81.88
81.87
81.88
81.87
81.88
81.86
81.86
81.86
81.85
81.86
81.86
81.86
81.86
81.86
81.86
81.85
81.84
81.85
81.85
81.85
81.85
81.86
81.85
81.84
81.83
81.82
81.82
81.82
81.82
81.83
81.84
81.84
81.85
81.84
81.85
81.86
81.85
81.86
81.85
81.86
81.84
81.85
81.84
81.84
81.86
81.86
81.88
81.88
81.89
81.90
81.90
81.91
81.91
81.91
81.90
81.90
81.91
81.91
81.91
81.91
81.90
81.90
81.90
81.90
81.90
81.90
81.89
81.89
81.90
81.89
81.88
81.88
81.88
81.88
81.89
81.89
81.89
81.90
81.90
81.88
81.89
81.89
81.90
81.88
81.89
81.88
81.88
81.87
81.87
81.88
81.88
81.88
81.89
81.89
81.88
81.88
81.87
81.86
81.85
81.86
81.85
81.85
81.85
81.84
81.85
81.85
81.85
81.84
81.85
81.85
81.85
81.85
81.86
81.87
81.86
81.86
81.87
81.87
81.87
81.87
81.87
81.87
81.85
81.85
81.85
81.86
81.85
81.86
81.86
81.88
81.89
81.89
81.90
81.90
81.92
81.91
81.92
81.92
81.91
81.91
81.91
81.92
81.93
81.94
81.93
81.92
81.92
81.92
81.92
81.92
81.92
81.91
81.91
81.91
81.92
81.93
81.93
81.94
81.95
81.95
81.95
81.94
81.94
81.95
81.96
81.96
81.96
81.95
81.93
81.94
81.94
81.94
81.95
81.95
81.94
81.93
81.93
81.94
81.94
81.95
81.96
81.96
81.97
81.97
81.96
81.97
81.96
81.96
81.96
81.96
81.96
81.96
81.95
81.96
81.97
81.98
81.98
82.00
82.00
82.01
82.01
82.00
82.01
82.01
81.99
81.99
81.99
81.99
81.98
81.99
81.99
81.98
81.98
81.99
81.98
81.98
81.98
81.98
81.98
81.99
81.99
81.98
81.98
81.97
81.97
81.97
81.97
81.96
81.96
81.97
81.97
81.96
81.96
81.95
81.97
81.96
81.96
81.96
81.96
81.96
81.97
81.96
81.97
81.97
81.89
