75.00
78.91
79.69
79.69
79.38
79.43
80.36
79.88
79.69
79.69
79.83
80.08
80.53
80.02
79.79
79.98
80.06
79.95
79.77
79.45
79.17
79.26
79.42
79.69
79.56
79.63
79.86
79.97
79.74
79.90
80.24
80.42
80.45
80.61
80.85
80.86
81.04
81.17
81.29
81.37
81.25
81.21
81.36
81.32
81.35
81.32
81.35
81.45
81.47
81.47
81.46
81.52
81.49
81.48
81.51
81.36
81.52
81.52
81.62
81.59
81.58
81.50
81.40
81.40
81.37
81.44
81.53
81.53
81.63
81.58
81.54
81.40
81.42
81.57
81.54
81.54
81.51
81.51
81.49
81.54
81.56
81.59
81.59
81.62
81.69
81.74
81.75
81.75
81.64
81.60
81.52
81.54
81.59
81.67
81.61
81.58
81.56
81.54
81.53
81.55
81.56
81.60
81.64
81.64
81.64
81.60
81.59
81.60
81.67
81.68
81.60
81.58
81.61
81.59
81.59
81.57
81.60
81.65
81.68
81.69
81.60
81.48
81.53
81.45
81.41
81.42
81.45
81.38
81.43
81.44
81.39
81.43
81.44
81.35
81.31
81.33
81.34
81.30
81.32
81.28
81.25
81.28
81.29
81.32
81.35
81.39
81.38
81.38
81.42
81.46
81.42
81.44
81.44
81.42
81.41
81.39
81.43
81.47
81.42
81.40
81.41
81.39
81.35
81.35
81.36
81.36
81.40
81.37
81.34
81.34
81.36
81.40
81.40
81.43
81.46
81.46
81.47
81.48
81.45
81.46
81.46
81.50
81.51
81.52
81.56
81.60
81.59
81.62
81.61
81.60
81.63
81.67
81.64
81.65
81.63
81.62
81.55
81.59
81.61
81.60
81.61
81.61
81.63
81.64
81.65
81.67
81.66
81.67
81.62
81.66
81.66
81.68
81.72
81.72
81.73
81.73
81.75
81.74
81.79
81.78
81.72
81.74
81.71
81.72
81.72
81.72
81.72
81.72
81.69
81.67
81.70
81.71
81.70
81.68
81.66
81.66
81.66
81.66
81.64
81.65
81.65
81.63
81.66
81.65
81.65
81.63
81.65
81.67
81.68
81.69
81.71
81.71
81.70
81.72
81.73
81.73
81.70
81.71
81.70
81.71
81.68
81.65
81.67
81.70
81.70
81.71
81.75
81.77
81.79
81.79
81.79
81.76
81.75
81.76
81.78
81.79
81.77
81.80
81.81
81.79
81.79
81.80
81.82
81.83
81.86
81.86
81.84
81.83
81.84
81.83
81.85
81.87
81.85
81.82
81.82
81.80
81.80
81.81
81.81
81.82
81.81
81.77
81.75
81.76
81.76
81.77
81.79
81.79
81.82
81.79
81.82
81.80
81.80
81.79
81.82
81.82
81.81
81.82
81.81
81.83
81.84
81.87
81.87
81.88
81.90
81.90
81.90
81.90
81.91
81.95
81.93
81.93
81.94
81.94
81.92
81.90
81.90
81.88
81.87
81.88
81.89
81.90
81.88
81.87
81.88
81.87
81.87
81.86
81.89
81.88
81.88
81.87
81.87
81.86
81.86
81.86
81.87
81.86
81.86
81.88
81.89
81.88
81.90
81.89
81.89
81.89
81.88
81.89
81.89
81.90
81.89
81.87
81.85
81.81
81.81
81.82
81.81
81.80
81.81
81.81
81.82
81.83
81.85
81.86
81.85
81.86
81.86
81.85
81.82
81.82
81.81
81.80
81.81
81.79
81.77
81.77
81.79
81.80
81.78
81.79
81.78
81.77
81.77
81.80
81.81
81.80
81.80
81.79
81.78
81.76
81.75
81.75
81.76
81.75
81.77
81.76
81.76
81.75
81.72
81.73
81.73
81.74
81.72
81.74
81.74
81.75
81.76
81.75
81.72
81.72
81.71
81.71
81.71
81.69
81.68
81.70
81.70
81.70
81.70
81.72
81.70
81.70
81.72
81.73
81.73
81.74
81.74
81.75
81.78
81.78
81.77
81.77
81.77
81.76
81.77
81.77
81.76
81.78
81.79
81.79
81.80
81.80
81.80
81.80
81.78
81.77
81.77
81.77
81.78
81.78
81.76
81.76
81.76
81.75
81.75
81.74
81.74
81.75
81.76
81.77
81.78
81.78
81.78
81.78
81.77
81.78
81.78
81.78
81.78
81.77
81.77
81.76
81.77
81.78
81.80
81.80
81.79
81.78
81.78
81.78
81.78
81.78
81.77
81.78
81.78
81.77
81.77
81.77
81.77
81.76
81.77
81.78
81.79
81.78
81.78
81.79
81.77
81.79
81.80
81.81
81.80
81.80
81.81
81.81
81.81
81.82
81.80
81.80
81.81
81.80
81.82
81.82
81.82
81.82
81.81
81.81
81.82
81.83
81.84
81.83
81.83
81.85
81.86
81.86
81.86
81.87
81.88
81.87
81.89
81.88
81.89
81.89
81.89
81.89
81.89
81.89
81.90
81.90
81.89
81.90
81.89
81.89
81.89
81.90
81.89
81.89
81.89
81.89
81.91
81.90
81.90
81.91
81.91
81.90
81.89
81.88
81.88
81.89
81.88
81.89
81.90
81.90
81.90
81.89
81.89
81.89
81.88
81.87
81.87
81.87
81.87
81.86
81.85
81.84
81.85
81.87
81.87
81.87
81.85
81.85
81.85
81.85
81.85
81.84
81.83
81.84
81.85
81.85
81.85
81.85
81.86
81.86
81.87
81.88
81.89
81.89
81.89
81.88
81.89
81.90
81.90
81.91
81.92
81.92
81.92
81.92
81.92
81.91
81.90
81.90
81.91
81.92
81.92
81.92
81.91
81.91
81.90
81.90
81.91
81.90
81.91
81.90
81.91
81.91
81.92
81.92
81.91
81.91
81.91
81.89
81.90
81.89
81.89
81.88
81.89
81.90
81.91
81.91
81.92
81.91
81.91
81.90
81.90
81.91
81.91
81.91
81.91
81.91
81.91
81.90
81.89
81.88
81.88
81.89
81.89
81.90
81.90
81.91
81.92
81.91
81.92
81.92
81.94
81.94
81.94
81.93
81.93
81.94
81.94
81.94
81.94
81.95
81.95
81.95
81.95
81.95
81.94
81.95
81.95
81.95
81.95
81.96
81.96
81.98
81.98
81.99
82.00
82.00
82.01
82.00
82.01
82.00
82.00
82.00
82.01
82.00
82.01
82.01
82.01
82.01
82.01
82.01
82.00
82.01
82.00
82.00
82.00
81.99
81.98
81.96
81.97
81.97
81.97
81.96
81.95
81.95
81.96
81.95
81.95
81.94
81.95
81.94
81.94
81.93
81.94
81.95
81.94
81.94
81.94
81.94
81.94
81.93
81.92
81.92
81.91
81.92
81.92
81.91
81.90
81.90
81.91
81.90
81.90
81.89
81.88
81.88
81.89
81.89
81.89
81.90
81.90
81.91
81.91
81.92
81.92
81.91
81.91
81.90
81.89
81.90
81.90
81.83
