78.12
80.47
81.25
79.69
80.00
79.43
79.24
79.10
80.03
80.00
80.97
81.25
80.89
80.58
80.83
81.25
81.34
81.16
80.92
80.62
80.73
81.18
81.11
81.12
80.81
80.95
80.90
80.86
80.77
80.89
80.75
80.76
80.78
80.33
80.54
80.64
80.74
80.84
80.81
80.70
80.83
80.88
80.81
80.75
80.94
81.11
81.15
81.15
81.25
81.09
81.07
81.25
81.16
81.34
81.48
81.58
81.52
81.63
81.54
81.38
81.43
81.43
81.47
81.45
81.42
81.25
81.23
81.27
81.25
81.07
81.03
81.16
81.25
81.23
81.25
81.25
81.25
81.23
81.21
81.27
81.23
81.25
81.27
81.18
81.23
81.12
81.16
81.18
81.20
81.16
81.04
81.08
80.98
81.03
81.10
81.09
81.12
81.19
81.23
81.23
81.27
81.17
81.23
81.28
81.19
81.18
81.16
81.21
81.19
81.24
81.21
81.21
81.21
81.28
81.17
81.22
81.22
81.20
81.18
81.24
81.26
81.30
81.28
81.28
81.31
81.27
81.26
81.27
81.24
81.23
81.27
81.31
81.30
81.32
81.35
81.36
81.34
81.34
81.36
81.42
81.45
81.49
81.56
81.54
81.54
81.55
81.54
81.58
81.54
81.51
81.52
81.56
81.59
81.56
81.55
81.55
81.55
81.55
81.56
81.53
81.51
81.54
81.54
81.52
81.55
81.62
81.63
81.60
81.59
81.65
81.66
81.66
81.69
81.70
81.71
81.72
81.71
81.73
81.65
81.69
81.68
81.62
81.57
81.56
81.58
81.60
81.58
81.62
81.65
81.68
81.68
81.65
81.63
81.64
81.63
81.65
81.63
81.57
81.59
81.59
81.58
81.59
81.56
81.57
81.56
81.59
81.57
81.55
81.50
81.47
81.49
81.50
81.49
81.47
81.47
81.52
81.47
81.49
81.51
81.51
81.48
81.49
81.51
81.56
81.56
81.57
81.56
81.57
81.55
81.56
81.55
81.57
81.57
81.56
81.60
81.56
81.53
81.51
81.53
81.49
81.48
81.50
81.49
81.49
81.53
81.58
81.57
81.55
81.54
81.56
81.56
81.55
81.55
81.55
81.51
81.49
81.50
81.50
81.50
81.52
81.51
81.51
81.50
81.50
81.50
81.51
81.50
81.48
81.49
81.51
81.50
81.52
81.52
81.52
81.55
81.56
81.56
81.57
81.56
81.53
81.53
81.52
81.50
81.51
81.49
81.51
81.52
81.55
81.55
81.56
81.58
81.54
81.52
81.52
81.51
81.53
81.53
81.53
81.53
81.54
81.56
81.57
81.59
81.58
81.58
81.58
81.59
81.62
81.61
81.63
81.64
81.65
81.63
81.66
81.67
81.68
81.66
81.65
81.64
81.66
81.65
81.65
81.65
81.65
81.64
81.62
81.62
81.65
81.66
81.65
81.64
81.64
81.63
81.62
81.60
81.59
81.60
81.62
81.64
81.64
81.63
81.64
81.65
81.65
81.64
81.64
81.62
81.64
81.62
81.63
81.62
81.61
81.61
81.61
81.64
81.65
81.65
81.65
81.63
81.64
81.67
81.70
81.70
81.70
81.72
81.71
81.71
81.72
81.73
81.74
81.72
81.72
81.69
81.71
81.74
81.73
81.74
81.75
81.75
81.76
81.76
81.75
81.75
81.75
81.72
81.72
81.73
81.74
81.73
81.73
81.71
81.72
81.73
81.73
81.72
81.73
81.72
81.74
81.76
81.76
81.76
81.78
81.77
81.75
81.75
81.76
81.75
81.73
81.73
81.72
81.73
81.72
81.71
81.70
81.71
81.70
81.70
81.69
81.70
81.72
81.71
81.70
81.70
81.70
81.69
81.68
81.70
81.70
81.72
81.73
81.72
81.72
81.71
81.72
81.71
81.71
81.70
81.72
81.73
81.74
81.72
81.72
81.73
81.74
81.72
81.73
81.73
81.75
81.75
81.74
81.74
81.75
81.73
81.71
81.71
81.72
81.72
81.70
81.71
81.71
81.71
81.72
81.74
81.75
81.76
81.76
81.76
81.76
81.76
81.78
81.78
81.78
81.78
81.77
81.76
81.76
81.75
81.75
81.77
81.77
81.77
81.77
81.76
81.75
81.77
81.76
81.76
81.77
81.77
81.76
81.74
81.75
81.75
81.76
81.75
81.76
81.77
81.78
81.78
81.79
81.82
81.81
81.82
81.81
81.83
81.84
81.85
81.84
81.84
81.84
81.82
81.83
81.83
81.83
81.83
81.83
81.82
81.81
81.79
81.79
81.79
81.79
81.78
81.79
81.79
81.80
81.79
81.79
81.78
81.78
81.78
81.78
81.77
81.76
81.75
81.75
81.74
81.74
81.74
81.75
81.74
81.74
81.74
81.75
81.75
81.76
81.76
81.77
81.78
81.79
81.79
81.79
81.80
81.80
81.80
81.79
81.80
81.80
81.79
81.78
81.77
81.77
81.76
81.76
81.75
81.75
81.76
81.76
81.77
81.77
81.77
81.77
81.76
81.76
81.75
81.75
81.75
81.75
81.76
81.78
81.77
81.75
81.75
81.76
81.77
81.77
81.78
81.77
81.76
81.76
81.75
81.76
81.76
81.76
81.75
81.77
81.77
81.76
81.75
81.74
81.75
81.76
81.76
81.76
81.76
81.76
81.75
81.76
81.75
81.74
81.74
81.75
81.76
81.75
81.75
81.75
81.75
81.74
81.75
81.75
81.75
81.75
81.76
81.78
81.77
81.77
81.77
81.76
81.77
81.78
81.77
81.77
81.78
81.78
81.78
81.79
81.79
81.80
81.80
81.80
81.81
81.81
81.80
81.80
81.80
81.78
81.79
81.80
81.81
81.80
81.80
81.80
81.82
81.82
81.81
81.82
81.81
81.80
81.79
81.80
81.80
81.81
81.81
81.81
81.81
81.80
81.81
81.81
81.81
81.80
81.80
81.80
81.80
81.80
81.79
81.80
81.80
81.80
81.80
81.81
81.80
81.79
81.78
81.77
81.78
81.77
81.77
81.79
81.77
81.77
81.76
81.77
81.76
81.75
81.74
81.74
81.74
81.73
81.74
81.74
81.73
81.73
81.73
81.73
81.74
81.74
81.74
81.74
81.75
81.75
81.76
81.76
81.77
81.75
81.75
81.76
81.75
81.75
81.77
81.76
81.76
81.76
81.77
81.76
81.77
81.77
81.77
81.77
81.76
81.76
81.76
81.75
81.75
81.76
81.76
81.76
81.76
81.76
81.76
81.76
81.77
81.77
81.77
81.75
81.76
81.76
81.76
81.76
81.75
81.76
81.76
81.75
81.77
81.76
81.77
81.76
81.76
81.76
81.75
81.76
81.76
81.76
81.75
81.74
81.74
81.75
81.75
81.74
81.74
81.73
81.73
81.73
81.73
81.72
81.72
81.72
81.72
81.73
81.73
81.74
81.74
81.65
