79.69
76.56
76.56
76.56
77.50
78.91
79.02
79.10
79.17
80.16
80.68
80.34
80.65
80.92
80.31
79.98
79.78
79.51
79.52
79.84
79.84
79.69
79.76
79.75
79.44
79.39
79.40
79.63
79.69
79.74
79.99
80.13
79.92
79.96
80.00
80.08
79.98
79.98
80.05
80.04
80.14
80.21
80.31
80.29
80.21
80.13
80.12
80.08
79.97
79.88
79.78
79.66
79.75
79.72
79.66
79.74
79.69
79.69
79.61
79.53
79.48
79.49
79.69
79.74
79.59
79.59
79.55
79.57
79.62
79.67
79.73
79.80
79.71
79.81
79.81
79.79
79.75
79.75
79.65
79.55
79.57
79.54
79.52
79.56
79.47
79.34
79.35
79.40
79.42
79.48
79.45
79.52
79.47
79.54
79.56
79.61
79.54
79.50
79.59
79.52
79.58
79.56
79.58
79.61
79.57
79.57
79.61
79.54
79.60
79.72
79.76
79.77
79.74
79.85
79.78
79.77
79.74
79.69
79.66
79.67
79.60
79.56
79.42
79.40
79.35
79.35
79.37
79.36
79.32
79.28
79.26
79.21
79.25
79.23
79.27
79.25
79.24
79.27
79.28
79.25
79.21
79.27
79.24
79.26
79.30
79.31
79.32
79.33
79.34
79.42
79.41
79.43
79.48
79.50
79.49
79.47
79.50
79.47
79.55
79.56
79.57
79.62
79.57
79.56
79.56
79.56
79.58
79.59
79.59
79.60
79.58
79.54
79.53
79.51
79.48
79.47
79.50
79.49
79.51
79.51
79.51
79.53
79.50
79.51
79.43
79.43
79.42
79.44
79.46
79.45
79.43
79.36
79.35
79.39
79.38
79.40
79.38
79.36
79.30
79.34
79.34
79.33
79.35
79.37
79.33
79.27
79.26
79.28
79.31
79.30
79.34
79.33
79.33
79.32
79.34
79.32
79.32
79.29
79.25
79.28
79.28
79.29
79.30
79.31
79.32
79.33
79.27
79.25
79.23
79.23
79.23
79.24
79.24
79.25
79.26
79.27
79.25
79.25
79.30
79.30
79.34
79.30
79.31
79.28
79.27
79.25
79.24
79.22
79.20
79.21
79.21
79.18
79.16
79.15
79.13
79.16
79.17
79.15
79.12
79.10
79.11
79.12
79.12
79.13
79.13
79.11
79.10
79.11
79.12
79.12
79.11
79.12
79.07
79.07
79.09
79.09
79.07
79.06
79.05
79.07
79.08
79.11
79.11
79.13
79.14
79.12
79.13
79.14
79.16
79.16
79.16
79.17
79.17
79.15
79.16
79.19
79.18
79.22
79.24
79.24
79.25
79.26
79.25
79.26
79.26
79.27
79.28
79.29
79.29
79.27
79.25
79.25
79.25
79.27
79.28
79.26
79.26
79.26
79.24
79.21
79.23
79.25
79.23
79.24
79.25
79.28
79.27
79.26
79.26
79.25
79.25
79.27
79.27
79.28
79.28
79.30
79.30
79.28
79.27
79.26
79.22
79.24
79.23
79.23
79.25
79.25
79.27
79.25
79.28
79.29
79.30
79.31
79.33
79.32
79.32
79.29
79.31
79.31
79.32
79.32
79.33
79.34
79.34
79.36
79.37
79.38
79.38
79.36
79.38
79.39
79.38
79.36
79.37
79.37
79.35
79.34
79.34
79.34
79.35
79.37
79.37
79.37
79.38
79.39
79.39
79.37
79.38
79.38
79.39
79.39
79.39
79.39
79.37
79.37
79.37
79.38
79.38
79.37
79.37
79.38
79.38
79.37
79.37
79.35
79.32
79.29
79.31
79.30
79.31
79.31
79.30
79.29
79.30
79.30
79.31
79.31
79.29
79.29
79.30
79.30
79.29
79.31
79.32
79.32
79.32
79.31
79.31
79.31
79.32
79.31
79.33
79.33
79.33
79.32
79.31
79.31
79.31
79.29
79.29
79.27
79.27
79.25
79.25
79.25
79.23
79.24
79.24
79.24
79.26
79.26
79.26
79.26
79.25
79.25
79.26
79.25
79.24
79.23
79.22
79.21
79.23
79.24
79.25
79.25
79.25
79.24
79.25
79.25
79.23
79.22
79.24
79.23
79.24
79.24
79.24
79.25
79.26
79.24
79.24
79.25
79.26
79.28
79.27
79.26
79.27
79.29
79.29
79.29
79.31
79.32
79.33
79.33
79.33
79.33
79.34
79.34
79.34
79.35
79.35
79.35
79.35
79.36
79.36
79.35
79.33
79.32
79.31
79.30
79.31
79.32
79.32
79.32
79.32
79.30
79.31
79.33
79.34
79.34
79.34
79.34
79.36
79.38
79.38
79.38
79.39
79.39
79.40
79.40
79.40
79.39
79.38
79.39
79.41
79.41
