75.00
78.12
78.65
79.30
79.69
81.51
81.25
81.84
81.94
82.50
82.53
82.29
82.69
82.48
82.60
82.13
81.99
81.86
81.83
81.88
81.18
81.18
80.84
81.18
81.56
81.49
81.71
81.81
81.73
82.03
82.31
82.28
82.10
81.85
81.83
81.73
81.67
81.54
81.61
81.68
81.78
81.96
81.87
81.89
81.94
82.17
82.01
82.10
82.21
82.19
82.23
82.21
82.22
82.09
82.07
82.09
82.21
82.25
82.28
82.27
82.17
82.13
82.02
82.10
82.14
82.13
82.23
82.22
82.31
82.21
82.15
82.18
82.19
82.26
82.25
82.26
82.24
82.25
82.26
82.09
82.16
82.20
82.23
82.16
82.11
82.23
82.29
82.28
82.29
82.26
82.33
82.34
82.36
82.38
82.40
82.23
82.17
82.11
82.21
82.23
82.27
82.28
82.24
82.30
82.34
82.31
82.26
82.26
82.31
82.30
82.32
82.28
82.27
82.28
82.35
82.27
82.28
82.27
82.26
82.29
82.23
82.24
82.20
82.13
82.12
82.12
82.15
82.19
82.17
82.15
82.16
82.16
82.19
82.26
82.26
82.20
82.20
82.19
82.23
82.18
82.23
82.17
82.16
82.17
82.14
82.06
82.05
82.04
82.03
82.02
81.98
82.02
82.03
82.02
81.98
82.00
81.99
81.98
82.02
82.05
82.07
82.07
82.02
81.97
81.98
81.91
81.81
81.83
81.78
81.79
81.78
81.76
81.71
81.64
81.65
81.62
81.62
81.58
81.60
81.56
81.58
81.58
81.58
81.61
81.61
81.60
81.58
81.57
81.57
81.55
81.53
81.55
81.53
81.51
81.52
81.51
81.52
81.53
81.58
81.59
81.59
81.62
81.59
81.59
81.59
81.58
81.60
81.63
81.59
81.58
81.57
81.57
81.57
81.60
81.62
81.63
81.63
81.65
81.69
81.72
81.71
81.72
81.73
81.76
81.74
81.70
81.71
81.74
81.76
81.75
81.74
81.75
81.77
81.78
81.80
81.82
81.80
81.78
81.81
81.80
81.79
81.77
81.72
81.74
81.68
81.64
81.64
81.61
81.63
81.60
81.62
81.64
81.67
81.69
81.68
81.65
81.65
81.65
81.67
81.69
81.69
81.66
81.70
81.71
81.70
81.67
81.65
81.66
81.67
81.68
81.68
81.69
81.68
81.68
81.67
81.67
81.67
81.66
81.65
81.61
81.61
81.62
81.63
81.62
81.62
81.61
81.60
81.62
81.62
81.63
81.64
81.61
81.61
81.61
81.62
81.64
81.60
81.61
81.63
81.59
81.57
81.58
81.61
81.62
81.65
81.67
81.65
81.65
81.65
81.66
81.67
81.64
81.65
81.66
81.67
81.69
81.69
81.70
81.70
81.69
81.69
81.72
81.70
81.71
81.69
81.66
81.67
81.68
81.67
81.67
81.68
81.71
81.73
81.72
81.73
81.72
81.73
81.73
81.71
81.69
81.67
81.68
81.69
81.70
81.70
81.71
81.72
81.73
81.68
81.70
81.70
81.68
81.68
81.69
81.69
81.69
81.71
81.70
81.68
81.68
81.69
81.68
81.67
81.64
81.63
81.62
81.63
81.62
81.59
81.59
81.58
81.58
81.58
81.55
81.56
81.56
81.56
81.57
81.57
81.57
81.57
81.57
81.57
81.57
81.57
81.57
81.59
81.58
81.60
81.59
81.58
81.58
81.60
81.60
81.60
81.60
81.62
81.61
81.61
81.61
81.62
81.64
81.64
81.62
81.63
81.65
81.65
81.65
81.66
81.67
81.67
81.64
81.63
81.63
81.62
81.63
81.61
81.61
81.62
81.63
81.65
81.65
81.64
81.64
81.63
81.65
81.65
81.65
81.64
81.65
81.66
81.66
81.64
81.64
81.63
81.64
81.66
81.66
81.66
81.68
81.69
81.69
81.69
81.69
81.67
81.68
81.69
81.69
81.70
81.71
81.70
81.71
81.71
81.72
81.72
81.72
81.74
81.72
81.73
81.75
81.74
81.74
81.74
81.73
81.73
81.74
81.76
81.76
81.75
81.76
81.77
81.76
81.76
81.75
81.77
81.78
81.76
81.75
81.75
81.76
81.77
81.76
81.77
81.75
81.76
81.77
81.77
81.76
81.75
81.76
81.76
81.77
81.77
81.77
81.77
81.76
81.76
81.74
81.74
81.74
81.72
81.71
81.72
81.71
81.70
81.70
81.70
81.70
81.70
81.69
81.69
81.69
81.68
81.68
81.70
81.70
81.68
81.69
81.69
81.69
81.69
81.69
81.68
81.68
81.70
81.72
81.72
81.71
81.71
81.73
81.72
81.71
81.72
81.72
81.72
81.73
81.71
81.72
81.73
81.72
81.72
81.72
81.72
81.72
81.71
81.72
81.72
81.72
81.73
81.74
81.73
81.75
81.74
81.74
81.73
81.73
81.73
81.72
81.72
81.72
81.72
81.73
81.74
81.73
81.73
81.74
81.74
81.75
81.75
81.74
81.74
81.75
81.76
81.77
81.77
81.78
81.78
81.77
81.78
81.79
81.79
81.79
81.79
81.80
81.77
81.75
81.74
81.75
81.75
81.75
81.75
81.75
81.77
81.77
81.76
81.77
81.77
81.78
81.79
81.79
81.80
81.81
81.81
81.80
81.81
81.80
81.79
81.78
81.80
81.80
81.82
81.83
81.83
81.84
81.84
81.85
81.86
81.86
81.86
81.86
81.86
81.87
81.90
81.89
81.89
81.89
81.88
81.88
81.88
81.88
81.86
81.87
81.89
81.89
81.89
81.89
81.91
81.90
81.88
81.89
81.90
81.88
81.88
81.89
81.90
81.90
81.89
81.88
81.88
81.88
81.88
81.88
81.88
81.89
81.89
81.89
81.89
81.89
81.89
81.89
81.90
81.90
81.91
81.92
81.93
81.93
81.93
81.93
81.93
81.94
81.94
81.95
81.95
81.95
81.95
81.94
81.94
81.93
81.93
81.92
81.91
81.92
81.93
81.93
81.93
81.93
81.93
81.92
81.93
81.92
81.92
81.92
81.92
81.92
81.92
81.93
81.93
81.92
81.94
81.93
81.93
81.94
81.94
81.94
81.95
81.94
81.95
81.96
81.96
81.95
81.96
81.97
81.96
81.97
81.97
81.95
81.95
81.94
81.94
81.94
81.94
81.93
81.93
81.93
81.92
81.93
81.93
81.93
81.93
81.93
81.93
81.93
81.93
81.93
81.93
81.93
81.94
81.93
81.94
81.94
81.94
81.94
81.93
81.93
81.93
81.94
81.95
81.93
81.93
81.94
81.94
81.95
81.95
81.95
81.95
81.95
81.95
81.94
81.94
81.94
81.93
81.93
81.94
81.95
81.96
81.96
81.97
81.96
81.97
81.97
81.98
81.98
81.98
81.97
81.97
81.97
81.97
81.97
81.97
81.97
81.98
81.90
