78.12
75.78
77.08
77.34
78.12
79.69
80.13
79.49
79.34
80.31
80.26
80.21
79.93
80.13
80.42
80.66
81.07
81.25
81.41
81.56
82.07
82.10
82.20
82.29
82.56
82.57
82.41
82.59
82.44
82.34
82.36
82.47
82.62
82.54
82.46
82.42
82.60
82.61
82.65
82.58
82.51
82.51
82.70
82.56
82.47
82.51
82.55
82.52
82.40
82.44
82.57
82.60
82.58
82.70
82.67
82.70
82.51
82.52
82.47
82.47
82.48
82.48
82.44
82.37
82.38
82.32
82.37
82.31
82.36
82.37
82.33
82.36
82.38
82.39
82.44
82.48
82.57
82.61
82.61
82.66
82.60
82.68
82.62
82.51
82.52
82.59
82.49
82.49
82.48
82.48
82.45
82.44
82.38
82.30
82.34
82.32
82.26
82.29
82.23
82.14
82.18
82.12
82.16
82.11
82.04
82.05
82.05
82.05
82.11
82.14
82.22
82.23
82.16
82.22
82.32
82.33
82.32
82.31
82.33
82.38
82.36
82.36
82.32
82.30
82.21
82.28
82.31
82.31
82.32
82.28
82.34
82.32
82.31
82.28
82.31
82.30
82.24
82.28
82.32
82.37
82.42
82.38
82.32
82.37
82.36
82.37
82.33
82.32
82.30
82.32
82.34
82.36
82.34
82.32
82.32
82.32
82.29
82.34
82.27
82.29
82.29
82.29
82.31
82.24
82.19
82.21
82.23
82.24
82.22
82.24
82.25
82.28
82.30
82.32
82.31
82.30
82.30
82.29
82.29
82.27
82.24
82.25
82.25
82.24
82.23
82.22
82.26
82.24
82.26
82.28
82.30
82.31
82.34
82.32
82.27
82.25
82.23
82.27
82.29
82.30
82.29
82.29
82.27
82.24
82.20
82.18
82.19
82.18
82.18
82.17
82.18
82.16
82.15
82.18
82.15
82.13
82.15
82.15
82.16
82.17
82.18
82.21
82.18
82.20
82.20
82.18
82.20
82.20
82.20
82.21
82.23
82.21
82.18
82.19
82.16
82.16
82.14
82.15
82.16
82.17
82.12
82.13
82.12
82.12
82.10
82.04
82.04
82.05
82.05
82.06
82.08
82.09
82.10
82.13
82.15
82.12
82.13
82.12
82.11
82.12
82.14
82.14
82.11
82.12
82.12
82.10
82.12
82.11
82.12
82.13
82.12
82.10
82.09
82.09
82.09
82.09
82.11
82.10
82.13
82.12
82.08
82.08
82.08
82.09
82.10
82.10
82.09
82.08
82.10
82.10
82.08
82.08
82.08
82.08
82.04
82.03
82.02
82.04
82.04
82.01
82.02
81.99
82.00
81.94
81.94
81.93
81.91
81.88
81.89
81.89
81.90
81.90
81.92
81.87
81.88
81.87
81.88
81.88
81.89
81.87
81.85
81.85
81.83
81.85
81.85
81.83
81.84
81.84
81.85
81.85
81.86
81.87
81.86
81.88
81.87
81.85
81.86
81.86
81.87
81.88
81.85
81.83
81.84
81.86
81.85
81.85
81.84
81.85
81.85
81.86
81.86
81.85
81.85
81.85
81.87
81.86
81.88
81.87
81.86
81.88
81.86
81.86
81.86
81.86
81.84
81.83
81.81
81.84
81.84
81.85
81.85
81.84
81.84
81.86
81.85
81.86
81.86
81.87
81.87
81.85
81.87
81.86
81.87
81.88
81.90
81.90
81.89
81.91
81.91
81.92
81.91
81.91
81.91
81.92
81.90
81.92
81.93
81.92
81.93
81.92
81.93
81.93
81.95
81.94
81.93
81.95
81.95
81.94
81.93
81.94
81.92
81.91
81.89
81.88
81.90
81.90
81.92
81.93
81.92
81.93
81.94
81.93
81.90
81.90
81.92
81.93
81.93
81.94
81.92
81.91
81.90
81.88
81.89
81.89
81.90
81.89
81.88
81.90
81.90
81.92
81.92
81.91
81.90
81.90
81.91
81.91
81.92
81.90
81.91
81.91
81.91
81.89
81.91
81.92
81.91
81.90
81.90
81.90
81.89
81.88
81.86
81.87
81.86
81.84
81.84
81.83
81.83
81.84
81.83
81.82
81.79
81.80
81.80
81.81
81.81
81.79
81.79
81.80
81.80
81.81
81.80
81.80
81.81
81.81
81.82
81.83
81.83
81.83
81.84
81.83
81.81
81.79
81.79
81.79
81.79
81.78
81.79
81.79
81.80
81.79
81.80
81.79
81.79
81.78
81.79
81.82
81.82
81.83
81.84
81.82
81.81
81.81
81.82
81.81
81.81
81.82
81.83
81.83
81.81
81.82
81.81
81.82
81.82
81.82
81.82
81.81
81.83
81.84
81.84
81.83
81.83
81.83
81.82
81.83
81.84
81.82
81.81
81.81
81.80
81.80
81.78
81.79
81.80
81.80
81.81
81.80
81.78
81.78
81.79
81.78
81.79
81.80
81.78
81.78
81.78
81.79
81.79
81.79
81.80
81.80
81.77
81.77
81.76
81.75
81.75
81.75
81.74
81.75
81.75
81.75
81.75
81.76
81.76
81.76
81.75
81.76
81.77
81.77
81.77
81.76
81.77
81.77
81.77
81.77
81.78
81.77
81.77
81.77
81.77
81.78
81.79
81.79
81.80
81.81
81.81
81.81
81.81
81.79
81.79
81.79
81.80
81.81
81.79
81.79
81.79
81.80
81.79
81.79
81.79
81.80
81.80
81.79
81.79
81.79
81.78
81.79
81.79
81.79
81.80
81.80
81.81
81.81
81.81
81.81
81.81
81.81
81.81
81.82
81.81
81.82
81.81
81.80
81.79
81.79
81.80
81.79
81.80
81.80
81.78
81.78
81.78
81.79
81.78
81.78
81.80
81.80
81.79
81.79
81.79
81.78
81.79
81.80
81.81
81.81
81.81
81.80
81.81
81.81
81.80
81.80
81.81
81.82
81.82
81.83
81.83
81.81
81.83
81.82
81.82
81.81
81.80
81.81
81.81
81.80
81.80
81.80
81.81
81.81
81.80
81.81
81.80
81.79
81.79
81.78
81.77
81.78
81.77
81.77
81.77
81.78
81.77
81.76
81.76
81.76
81.76
81.76
81.75
81.75
81.75
81.75
81.73
81.74
81.74
81.76
81.77
81.78
81.78
81.77
81.76
81.76
81.75
81.75
81.75
81.75
81.75
81.75
81.75
81.75
81.74
81.74
81.74
81.73
81.73
81.74
81.74
81.75
81.73
81.73
81.73
81.73
81.72
81.71
81.72
81.71
81.72
81.72
81.73
81.72
81.73
81.73
81.72
81.73
81.73
81.72
81.72
81.72
81.72
81.72
81.72
81.72
81.72
81.73
81.73
81.73
81.72
81.69
81.69
81.70
81.69
81.69
81.69
81.68
81.68
81.68
81.69
81.68
81.68
81.69
81.70
81.70
81.69
81.69
81.69
81.68
81.69
81.68
81.69
81.69
81.69
81.70
81.69
81.61
