84.38
81.25
78.12
79.69
80.00
78.65
79.46
80.27
80.38
81.25
81.53
81.77
81.73
81.70
81.98
81.64
81.53
81.16
80.76
80.94
80.88
80.61
80.71
80.34
80.50
80.17
80.27
80.19
80.44
80.68
80.75
80.81
80.78
80.61
80.67
80.64
80.66
80.67
80.65
80.74
80.87
80.84
80.92
80.89
80.90
80.94
81.08
81.12
81.06
81.03
81.10
81.10
81.10
81.08
81.05
80.86
80.81
80.95
81.12
81.22
81.20
81.28
81.47
81.37
81.42
81.32
81.20
81.23
81.25
81.29
81.36
81.49
81.44
81.38
81.31
81.25
81.09
81.03
80.95
81.00
81.02
81.08
81.04
81.08
81.16
81.12
81.20
81.20
81.20
81.15
81.15
81.15
81.18
81.23
81.27
81.27
81.30
81.28
81.30
81.31
81.34
81.33
81.25
81.17
81.16
81.18
81.12
81.05
81.08
81.21
81.29
81.35
81.36
81.40
81.40
81.45
81.44
81.42
81.45
81.51
81.53
81.53
81.57
81.55
81.54
81.54
81.53
81.58
81.53
81.56
81.55
81.49
81.51
81.52
81.53
81.48
81.54
81.53
81.51
81.52
81.49
81.50
81.52
81.52
81.53
81.54
81.54
81.50
81.48
81.48
81.50
81.44
81.38
81.37
81.38
81.37
81.41
81.38
81.37
81.35
81.34
81.32
81.27
81.29
81.27
81.30
81.26
81.28
81.25
81.28
81.27
81.30
81.35
81.31
81.30
81.28
81.22
81.22
81.25
81.22
81.26
81.22
81.23
81.21
81.19
81.17
81.17
81.18
81.19
81.21
81.19
81.19
81.21
81.24
81.27
81.30
81.28
81.27
81.29
81.28
81.26
81.27
81.28
81.27
81.29
81.33
81.33
81.31
81.29
81.34
81.37
81.35
81.35
81.35
81.36
81.37
81.40
81.40
81.40
81.40
81.40
81.40
81.36
81.36
81.37
81.40
81.46
81.46
81.43
81.44
81.48
81.51
81.51
81.50
81.51
81.52
81.52
81.53
81.53
81.54
81.50
81.50
81.45
81.46
81.45
81.45
81.45
81.46
81.44
81.45
81.47
81.42
81.40
81.40
81.38
81.37
81.41
81.39
81.36
81.32
81.31
81.31
81.33
81.33
81.32
81.31
81.34
81.38
81.37
81.34
81.32
81.33
81.32
81.30
81.29
81.31
81.30
81.28
81.28
81.28
81.30
81.29
81.29
81.29
81.31
81.35
81.36
81.36
81.37
81.40
81.38
81.38
81.39
81.39
81.38
81.39
81.41
81.40
81.38
81.40
81.36
81.36
81.37
81.34
81.34
81.35
81.39
81.40
81.42
81.44
81.43
81.44
81.42
81.43
81.47
81.51
81.51
81.51
81.51
81.53
81.49
81.49
81.49
81.50
81.50
81.49
81.48
81.46
81.47
81.48
81.48
81.48
81.47
81.48
81.49
81.47
81.45
81.47
81.49
81.48
81.48
81.49
81.47
81.47
81.47
81.44
81.46
81.44
81.44
81.44
81.43
81.41
81.40
81.40
81.39
81.40
81.39
81.37
81.38
81.39
81.39
81.38
81.38
81.40
81.39
81.40
81.38
81.37
81.39
81.40
81.42
81.41
81.42
81.40
81.40
81.41
81.42
81.43
81.45
81.46
81.46
81.48
81.49
81.51
81.49
81.48
81.47
81.46
81.45
81.45
81.45
81.44
81.44
81.44
81.43
81.41
81.42
81.42
81.41
81.39
81.39
81.42
81.43
81.44
81.44
81.45
81.43
81.44
81.44
81.44
81.44
81.42
81.43
81.44
81.45
81.47
81.48
81.47
81.47
81.48
81.46
81.46
81.47
81.46
81.46
81.44
81.44
81.44
81.43
81.42
81.43
81.44
81.45
81.45
81.44
81.44
81.44
81.45
81.46
81.47
81.49
81.50
81.49
81.49
81.49
81.49
81.51
81.52
81.51
81.51
81.50
81.53
81.53
81.52
81.52
81.53
81.54
81.55
81.55
81.57
81.59
81.58
81.58
81.60
81.60
81.60
81.60
81.60
81.60
81.60
81.61
81.62
81.62
81.62
81.62
81.62
81.61
81.61
81.62
81.60
81.60
81.57
81.58
81.58
81.59
81.59
81.58
81.59
81.60
81.59
81.59
81.60
81.58
81.58
81.57
81.57
81.57
81.59
81.59
81.59
81.56
81.56
81.55
81.55
81.54
81.53
81.55
81.53
81.54
81.53
81.52
81.52
81.52
81.52
81.53
81.53
81.54
81.54
81.53
81.53
81.53
81.53
81.53
81.54
81.54
81.53
81.53
81.53
81.53
81.54
81.54
81.53
81.53
81.52
81.53
81.52
81.52
81.53
81.51
81.51
81.52
81.53
81.54
81.55
81.56
81.57
81.57
81.58
81.57
81.59
81.58
81.60
81.61
81.60
81.60
81.61
81.61
81.61
81.61
81.59
81.59
81.60
81.62
81.62
81.62
81.63
81.64
81.63
81.64
81.65
81.64
81.63
81.63
81.63
81.62
81.62
81.62
81.62
81.63
81.62
81.63
81.63
81.64
81.64
81.64
81.65
81.67
81.66
81.66
81.67
81.67
81.67
81.67
81.67
81.66
81.65
81.65
81.63
81.65
81.66
81.66
81.65
81.65
81.65
81.65
81.64
81.64
81.63
81.63
81.63
81.63
81.63
81.62
81.62
81.62
81.61
81.61
81.62
81.63
81.62
81.62
81.62
81.62
81.60
81.60
81.60
81.61
81.61
81.60
81.59
81.58
81.58
81.57
81.58
81.58
81.58
81.58
81.59
81.60
81.59
81.59
81.59
81.58
81.58
81.58
81.59
81.58
81.59
81.58
81.59
81.59
81.59
81.59
81.59
81.59
81.60
81.61
81.63
81.62
81.61
81.61
81.61
81.61
81.61
81.62
81.62
81.63
81.65
81.64
81.63
81.63
81.61
81.60
81.60
81.60
81.60
81.60
81.59
81.60
81.59
81.61
81.61
81.61
81.61
81.62
81.62
81.62
81.63
81.63
81.63
81.62
81.62
81.62
81.61
81.61
81.61
81.61
81.60
81.59
81.58
81.58
81.59
81.59
81.59
81.58
81.58
81.56
81.57
81.56
81.56
81.55
81.56
81.56
81.56
81.56
81.56
81.57
81.56
81.57
81.56
81.57
81.56
81.56
81.56
81.55
81.56
81.55
81.54
81.54
81.55
81.56
81.55
81.55
81.56
81.56
81.57
81.57
81.58
81.58
81.58
81.58
81.57
81.57
81.57
81.57
81.57
81.56
81.57
81.58
81.58
81.59
81.59
81.57
81.58
81.59
81.59
81.58
81.58
81.59
81.59
81.59
81.58
81.57
81.57
81.59
81.58
81.59
81.58
81.59
81.59
81.59
81.58
81.59
81.59
81.59
81.59
81.59
81.59
81.59
81.59
81.60
81.52
