81.25
82.03
83.33
83.20
82.50
82.29
82.59
82.42
81.94
82.34
82.53
82.03
81.97
81.81
81.15
81.35
81.07
80.99
81.00
80.78
80.80
80.82
80.43
80.47
80.38
80.83
80.96
81.25
81.52
81.67
81.55
81.69
81.82
81.71
81.65
81.81
81.46
81.37
81.41
81.33
81.33
81.18
81.14
81.18
81.28
81.35
81.42
81.58
81.41
81.53
81.65
81.52
81.60
81.57
81.68
81.72
81.72
81.76
81.78
81.69
81.61
81.70
81.70
81.81
81.75
81.75
81.86
81.73
81.86
81.83
81.84
81.79
81.74
81.80
81.81
81.76
81.84
81.95
81.96
82.01
82.00
82.07
82.10
82.09
82.10
82.01
82.08
82.07
82.04
82.12
82.13
82.03
82.01
81.95
81.97
81.93
81.94
82.03
82.02
82.09
82.09
82.14
82.07
82.09
82.17
82.19
82.17
82.18
82.17
82.14
82.16
82.13
82.15
82.22
82.32
82.29
82.25
82.23
82.20
82.27
82.27
82.25
82.28
82.22
82.21
82.24
82.19
82.10
82.10
82.10
82.11
82.11
82.06
82.08
82.04
82.01
82.07
82.10
82.13
82.15
82.19
82.16
82.18
82.19
82.19
82.13
82.09
82.08
82.08
82.06
82.06
82.02
82.01
82.01
82.00
82.00
82.02
82.06
82.09
82.06
82.10
82.09
82.08
82.09
82.06
82.08
82.13
82.11
82.15
82.18
82.19
82.20
82.23
82.23
82.22
82.24
82.19
82.21
82.16
82.14
82.18
82.19
82.22
82.26
82.25
82.27
82.27
82.26
82.23
82.25
82.25
82.28
82.29
82.24
82.22
82.21
82.22
82.24
82.21
82.21
82.17
82.15
82.17
82.16
82.09
82.10
82.09
82.06
82.08
82.09
82.10
82.10
82.08
82.08
82.09
82.10
82.13
82.14
82.14
82.15
82.14
82.18
82.20
82.21
82.21
82.24
82.21
82.23
82.23
82.24
82.24
82.25
82.24
82.26
82.25
82.26
82.27
82.27
82.31
82.31
82.31
82.30
82.27
82.27
82.24
82.23
82.26
82.26
82.24
82.22
82.23
82.24
82.21
82.24
82.27
82.26
82.25
82.25
82.25
82.27
82.27
82.32
82.29
82.29
82.29
82.29
82.25
82.26
82.27
82.24
82.23
82.24
82.23
82.27
82.27
82.24
82.26
82.25
82.22
82.22
82.23
82.24
82.25
82.24
82.28
82.27
82.26
82.26
82.28
82.27
82.27
82.26
82.23
82.23
82.22
82.24
82.26
82.26
82.26
82.25
82.22
82.26
82.27
82.27
82.28
82.28
82.27
82.28
82.29
82.29
82.30
82.30
82.29
82.28
82.28
82.29
82.28
82.29
82.30
82.29
82.29
82.29
82.26
82.27
82.28
82.28
82.29
82.27
82.28
82.31
82.31
82.32
82.31
82.29
82.26
82.23
82.25
82.26
82.25
82.27
82.26
82.26
82.24
82.22
82.22
82.23
82.20
82.21
82.20
82.21
82.22
82.22
82.23
82.23
82.21
82.20
82.22
82.23
82.23
82.24
82.24
82.23
82.23
82.23
82.25
82.24
82.24
82.20
82.20
82.19
82.20
82.19
82.18
82.20
82.18
82.17
82.16
82.17
82.18
82.18
82.19
82.17
82.18
82.17
82.16
82.16
82.13
82.12
82.12
82.12
82.13
82.14
82.14
82.13
82.14
82.14
82.14
82.13
82.13
82.12
82.10
82.10
82.08
82.09
82.08
82.09
82.09
82.10
82.10
82.10
82.08
82.10
82.10
82.11
82.09
82.09
82.07
82.10
82.10
82.11
82.12
82.12
82.13
82.11
82.13
82.14
82.14
82.14
82.13
82.12
82.12
82.11
82.12
82.11
82.12
82.14
82.13
82.12
82.11
82.11
82.10
82.09
82.10
82.08
82.09
82.10
82.11
82.10
82.07
82.06
82.06
82.06
82.04
82.04
82.03
82.04
82.04
82.05
82.07
82.08
82.09
82.09
82.09
82.09
82.09
82.10
82.11
82.11
82.11
82.11
82.12
82.11
82.11
82.10
82.11
82.11
82.10
82.10
82.09
82.10
82.12
82.13
82.12
82.11
82.11
82.11
82.10
82.09
82.09
82.10
82.11
82.11
82.11
82.11
82.11
82.12
82.12
82.12
82.11
82.11
82.11
82.11
82.12
82.10
82.12
82.12
82.13
82.11
82.12
82.10
82.09
82.08
82.09
82.10
82.11
82.10
82.10
82.10
82.10
82.10
82.11
82.09
82.09
82.09
82.09
82.08
82.08
82.08
82.07
82.06
82.05
82.04
82.01
82.02
82.03
82.02
82.04
82.04
82.04
82.03
82.03
82.04
82.04
82.03
82.04
82.05
82.06
82.06
82.05
82.05
82.05
82.05
82.04
82.04
82.03
82.01
82.02
82.03
82.01
82.01
82.00
81.99
81.99
82.00
82.00
82.00
81.98
81.98
81.99
82.00
82.01
82.01
82.02
82.01
82.02
82.03
82.02
82.02
82.02
82.01
82.01
82.00
82.01
82.00
82.00
82.00
81.98
81.98
81.98
81.97
81.98
82.00
82.00
81.98
81.97
81.99
81.98
81.96
81.97
81.98
81.99
81.98
82.00
82.00
82.01
82.00
82.00
82.00
81.99
81.99
81.98
81.99
82.00
81.99
81.99
81.99
81.99
81.99
81.99
82.00
82.01
82.01
82.01
82.01
82.01
82.02
82.02
82.02
82.02
82.02
82.02
82.01
82.02
82.03
82.03
82.02
82.02
82.02
82.03
82.01
82.03
82.02
82.02
82.01
82.01
82.02
82.01
82.02
82.01
82.00
81.98
81.98
81.99
81.99
82.00
82.01
82.02
82.02
82.02
82.02
82.03
82.02
82.01
82.02
82.02
82.02
82.01
82.02
82.01
82.01
82.00
82.01
82.02
82.02
82.03
82.02
82.02
82.02
82.03
82.02
82.02
82.01
82.00
82.00
82.00
82.01
81.99
81.98
81.97
81.98
81.97
81.98
81.99
82.00
81.99
82.00
82.00
82.00
81.99
81.99
81.99
81.98
81.97
81.98
81.97
81.97
81.97
81.98
81.98
81.99
81.99
82.00
82.00
82.00
81.99
81.99
82.00
82.00
81.99
81.99
81.99
81.97
81.98
81.98
81.98
81.97
81.98
81.97
81.97
81.97
81.97
81.98
81.99
81.99
81.99
82.00
81.99
81.99
81.99
82.00
81.99
81.99
81.99
81.98
81.98
81.97
81.98
81.99
81.97
81.97
81.96
81.96
81.97
81.97
81.97
81.97
81.97
81.97
81.96
81.95
81.95
81.95
81.95
81.95
81.95
81.96
81.95
81.96
81.96
81.95
81.95
81.93
81.94
81.94
81.95
81.94
81.95
81.95
81.96
81.96
81.97
81.89
