84.38
80.47
83.85
84.77
85.00
85.16
84.60
84.57
84.20
84.06
83.81
83.20
82.33
82.48
82.50
82.23
81.89
82.12
81.83
81.80
81.70
81.53
81.32
81.45
81.31
81.49
81.42
81.25
81.25
81.41
81.50
81.69
81.44
81.43
81.52
81.47
81.42
81.37
81.29
81.45
81.52
81.40
81.58
81.64
81.53
81.52
81.58
81.71
81.70
81.69
81.59
81.70
81.60
81.63
81.65
81.67
81.66
81.65
81.75
81.88
81.94
81.91
81.97
81.98
81.92
81.89
81.86
81.96
81.91
81.90
81.98
81.99
81.96
81.97
81.92
81.85
81.86
81.89
81.72
81.76
81.79
81.75
81.72
81.70
81.71
81.80
81.75
81.73
81.76
81.72
81.58
81.62
81.69
81.65
81.64
81.66
81.60
81.52
81.50
81.52
81.54
81.54
81.57
81.64
81.62
81.63
81.63
81.60
81.67
81.75
81.76
81.74
81.72
81.74
81.75
81.75
81.77
81.77
81.78
81.78
81.74
81.70
81.71
81.62
81.60
81.63
81.64
81.54
81.53
81.56
81.62
81.65
81.63
81.67
81.63
81.64
81.63
81.63
81.65
81.72
81.73
81.73
81.76
81.79
81.81
81.77
81.77
81.78
81.80
81.75
81.76
81.72
81.72
81.70
81.73
81.75
81.77
81.72
81.73
81.73
81.71
81.71
81.69
81.69
81.69
81.70
81.74
81.79
81.76
81.72
81.74
81.75
81.76
81.73
81.77
81.80
81.80
81.83
81.82
81.81
81.83
81.89
81.92
81.93
81.92
81.91
81.86
81.87
81.89
81.92
81.95
81.96
81.95
81.99
81.96
81.98
82.00
81.97
82.00
81.98
81.98
81.99
82.01
81.99
82.02
82.01
82.00
82.02
82.01
82.03
82.06
82.05
82.06
82.05
82.06
82.05
82.06
82.02
82.03
82.04
82.03
82.00
82.00
82.02
82.05
82.02
82.04
82.01
82.02
82.02
82.01
81.99
81.99
81.98
81.96
81.97
81.99
82.00
82.01
82.01
81.99
81.99
82.00
81.98
82.00
81.96
81.95
81.97
81.97
81.96
81.94
81.96
81.97
81.99
81.97
81.99
82.01
82.04
82.01
82.01
81.99
81.98
81.99
81.98
81.96
81.96
81.96
81.96
81.97
81.96
81.96
81.98
81.98
81.97
81.97
82.00
82.00
81.99
81.98
81.95
81.94
81.95
81.92
81.92
81.91
81.93
81.93
81.95
81.96
81.98
81.95
81.96
81.93
81.92
81.95
81.91
81.93
81.96
81.94
81.93
81.95
81.94
81.93
81.93
81.93
81.93
81.93
81.92
81.90
81.92
81.91
81.91
81.91
81.91
81.92
81.94
81.95
81.97
81.97
81.97
81.97
81.97
81.98
81.95
81.95
81.95
81.95
81.97
81.96
81.96
81.98
81.99
82.00
82.02
82.01
82.04
82.02
82.04
82.06
82.03
82.03
82.04
82.04
82.03
82.02
82.01
82.02
82.01
81.99
81.99
82.01
82.04
82.05
82.04
82.04
82.05
82.04
82.00
82.00
82.00
82.00
82.00
82.00
81.99
82.02
82.02
82.04
82.03
82.03
82.01
82.02
82.02
81.97
81.97
81.98
81.99
81.99
81.99
81.97
81.96
81.98
81.99
81.98
81.97
82.00
82.01
82.00
82.03
82.04
82.03
82.05
82.06
82.05
82.04
82.02
82.03
82.04
82.04
82.03
82.04
82.03
82.02
82.04
82.04
82.03
82.03
82.03
82.04
82.04
82.05
82.05
82.05
82.04
82.05
82.04
82.05
82.04
82.03
82.02
82.02
82.02
82.03
82.01
82.01
82.00
82.00
82.01
82.02
82.03
82.02
82.01
82.01
82.01
82.01
82.02
82.00
81.99
81.98
81.99
82.01
82.00
81.99
81.99
82.00
82.01
82.00
82.00
82.00
82.01
82.02
82.02
82.01
82.01
82.00
82.00
82.01
82.02
82.03
82.03
82.05
82.04
82.03
82.04
82.04
82.06
82.06
82.05
82.05
82.03
82.00
81.99
82.00
81.99
81.99
81.99
82.00
81.99
82.00
82.00
81.99
81.99
81.99
82.00
81.99
81.98
81.98
81.99
81.99
81.99
81.99
82.00
81.99
82.00
82.02
