84.38
78.91
79.69
80.47
80.94
81.25
81.92
81.84
81.77
81.88
82.39
82.29
83.05
83.04
83.02
82.32
81.99
82.12
81.99
82.03
81.77
81.68
81.25
81.45
81.19
81.01
81.37
81.53
81.57
81.41
81.40
81.40
81.53
81.57
81.43
81.42
81.42
81.54
81.69
81.68
81.55
81.62
81.65
81.78
81.70
81.62
81.55
81.58
81.51
81.62
81.65
81.73
81.90
81.92
81.70
81.86
81.88
81.95
82.04
82.14
82.02
82.01
81.99
81.91
81.92
81.79
81.65
81.62
81.70
81.61
81.60
81.55
81.64
81.63
81.52
81.54
81.51
81.59
81.53
81.58
81.56
81.50
81.36
81.32
81.31
81.27
81.27
81.30
81.39
81.37
81.44
81.45
81.54
81.52
81.53
81.53
81.52
81.55
81.49
81.48
81.53
81.54
81.54
81.54
81.52
81.57
81.60
81.64
81.65
81.62
81.64
81.56
81.55
81.58
81.60
81.63
81.61
81.57
81.55
81.54
81.56
81.62
81.67
81.72
81.70
81.67
81.61
81.63
81.65
81.66
81.67
81.65
81.67
81.73
81.75
81.74
81.73
81.78
81.79
81.81
81.83
81.89
81.87
81.89
81.90
81.88
81.88
81.87
81.89
81.88
81.93
81.88
81.90
81.93
81.89
81.85
81.83
81.86
81.85
81.87
81.80
81.80
81.81
81.82
81.81
81.81
81.75
81.73
81.78
81.74
81.66
81.63
81.66
81.62
81.62
81.63
81.64
81.63
81.61
81.62
81.62
81.58
81.63
81.64
81.63
81.62
81.63
81.60
81.58
81.63
81.64
81.62
81.65
81.67
81.64
81.63
81.64
81.63
81.63
81.60
81.62
81.62
81.64
81.63
81.62
81.63
81.63
81.63
81.60
81.65
81.66
81.63
81.62
81.64
81.64
81.64
81.64
81.62
81.64
81.64
81.67
81.69
81.64
81.65
81.67
81.67
81.67
81.65
81.60
81.60
81.58
81.55
81.55
81.57
81.58
81.58
81.61
81.60
81.61
81.59
81.59
81.57
81.62
81.62
81.61
81.59
81.59
81.60
81.61
81.64
81.62
81.63
81.64
81.64
81.64
81.63
81.62
81.64
81.62
81.63
81.66
81.63
81.62
81.61
81.60
81.60
81.57
81.56
81.56
81.57
81.58
81.59
81.59
81.59
81.60
81.61
81.61
81.61
81.62
81.64
81.63
81.65
81.66
81.66
81.66
81.69
81.69
81.68
81.69
81.68
81.70
81.72
81.72
81.71
81.71
81.73
81.74
81.73
81.74
81.72
81.74
81.77
81.77
81.76
81.77
81.80
81.80
81.79
81.77
81.77
81.75
81.75
81.74
81.74
81.72
81.72
81.72
81.73
81.74
81.73
81.73
81.73
81.71
81.72
81.73
81.73
81.72
81.72
81.72
81.72
81.72
81.73
81.74
81.74
81.76
81.72
81.70
81.69
81.70
81.71
81.73
81.74
81.74
81.71
81.71
81.72
81.73
81.73
81.72
81.71
81.72
81.70
81.68
81.71
81.73
81.73
81.74
81.77
81.79
81.80
81.79
81.79
81.78
81.80
81.82
81.81
81.79
81.80
81.80
81.81
81.78
81.76
81.76
81.77
81.75
81.76
81.77
81.76
81.78
81.79
81.79
81.79
81.80
81.79
81.77
81.78
81.77
81.75
81.73
81.73
81.73
81.72
81.73
81.72
81.70
81.70
81.71
81.73
81.75
81.75
81.73
81.73
81.75
81.75
81.75
81.77
81.78
81.74
81.74
81.74
81.74
81.73
81.72
81.72
81.71
81.72
81.74
81.74
81.76
81.76
81.77
81.78
81.78
81.78
81.80
81.81
81.80
81.81
81.81
81.81
81.80
81.79
81.79
81.80
81.81
81.77
81.77
81.77
81.77
81.76
81.78
81.77
81.79
81.77
81.77
81.78
81.80
81.81
81.82
81.82
81.82
81.83
81.83
81.84
81.84
81.85
81.87
81.87
81.88
81.88
81.87
81.87
81.86
81.86
81.87
81.87
81.86
81.88
81.88
81.88
81.88
81.90
81.90
81.89
81.89
81.88
81.88
81.88
81.87
81.88
81.89
81.90
81.92
81.92
81.91
81.92
81.91
81.89
81.91
81.89
81.88
81.89
81.90
81.88
81.87
81.87
81.87
81.88
81.88
81.90
81.91
81.92
81.94
81.94
81.94
81.94
81.94
81.93
81.93
81.91
81.90
81.90
81.91
81.90
81.90
81.90
81.91
81.92
81.91
81.92
81.91
81.90
81.89
81.89
81.90
81.89
81.90
81.91
81.91
81.92
81.92
81.92
81.93
81.93
81.94
81.94
81.94
81.95
81.94
81.94
81.94
81.95
81.94
81.94
81.94
81.93
81.94
81.94
81.94
81.93
81.92
81.92
81.92
81.93
81.91
81.92
81.91
81.93
81.93
81.93
81.93
81.93
81.94
81.93
81.93
81.94
81.94
81.93
81.93
81.93
81.93
81.94
81.95
81.96
81.98
81.97
81.97
81.97
81.97
81.96
81.96
81.96
81.95
81.95
81.96
81.95
81.96
81.97
81.96
81.96
81.96
81.97
81.96
81.96
81.96
81.97
81.96
81.95
81.95
81.95
81.95
81.96
81.97
81.97
81.98
81.98
81.97
81.98
81.98
81.99
82.00
81.99
81.98
81.98
81.98
81.98
81.98
81.98
81.99
81.99
81.99
82.01
82.00
81.99
81.99
81.99
81.98
81.98
81.98
81.97
81.98
81.96
81.98
81.97
81.97
81.96
81.94
81.94
81.93
81.94
81.93
81.93
81.94
81.93
81.93
81.92
81.92
81.91
81.90
81.90
81.90
81.91
81.91
81.92
81.92
81.93
81.93
81.92
81.92
81.91
81.91
81.91
81.93
81.94
81.94
81.95
81.94
81.94
81.95
81.94
81.93
81.94
81.93
81.94
81.95
81.95
81.93
81.93
81.92
81.92
81.93
81.93
81.92
81.92
81.93
81.93
81.91
81.92
81.92
81.92
81.92
81.93
81.93
81.92
81.92
81.93
81.94
81.93
81.92
81.91
81.91
81.90
81.89
81.88
81.89
81.88
81.87
81.87
81.88
81.88
81.88
81.89
81.90
81.89
81.89
81.88
81.88
81.88
81.87
81.86
81.85
81.84
81.83
81.83
81.83
81.82
81.82
81.83
81.83
81.82
81.83
81.84
81.85
81.84
81.83
81.83
81.83
81.83
81.84
81.84
81.85
81.85
81.86
81.85
81.86
81.85
81.85
81.85
81.85
81.86
81.87
81.87
81.88
81.88
81.87
81.88
81.88
81.88
81.87
81.88
81.88
81.88
81.88
81.87
81.87
81.88
81.88
81.87
81.86
81.86
81.85
81.86
81.85
81.86
81.85
81.84
81.85
81.85
81.87
81.85
81.86
81.78
