7.81
5.47
5.73
5.47
4.69
4.69
4.24
4.49
4.51
4.38
4.40
4.82
4.81
4.91
5.00
4.98
4.87
5.12
5.02
4.84
5.06
5.04
5.10
5.14
5.19
5.23
5.09
5.02
5.01
5.00
5.04
4.98
4.97
5.06
5.13
5.03
4.98
4.98
4.93
4.80
4.80
4.76
4.72
4.87
4.93
4.96
4.92
4.92
4.97
5.09
5.12
5.17
5.13
5.12
5.11
5.08
5.04
5.06
5.11
5.18
5.20
5.29
5.31
5.32
5.34
5.35
5.39
5.35
5.41
5.40
5.41
5.40
5.39
5.36
5.35
5.39
5.40
5.43
5.46
5.45
5.40
5.41
5.37
5.30
5.28
5.27
5.26
5.26
5.21
5.21
5.20
5.25
5.26
5.22
5.16
5.27
5.28
5.28
5.27
5.27
5.31
5.28
5.29
5.27
5.25
5.26
5.26
5.27
5.29
5.27
5.29
5.27
5.28
5.29
5.34
5.33
5.37
5.40
5.41
5.40
5.42
5.44
5.44
5.44
5.44
5.44
5.41
5.43
5.44
5.46
5.45
5.45
5.44
5.43
5.43
5.42
5.39
5.39
5.35
5.36
5.34
5.35
5.33
5.33
5.31
5.31
5.27
5.32
5.31
5.32
5.34
5.34
5.33
5.32
5.32
5.32
5.33
5.31
5.30
5.28
5.28
5.28
5.26
5.26
5.27
5.27
5.25
5.23
5.25
5.26
5.24
5.22
5.22
5.23
5.21
5.24
5.23
5.21
5.21
5.22
5.25
5.24
5.25
5.26
5.30
5.29
5.30
5.30
5.32
5.32
5.34
5.33
5.32
5.33
5.33
5.34
5.35
5.34
5.33
5.34
5.33
5.34
5.36
5.35
5.33
5.32
5.32
5.33
5.32
5.31
5.32
5.32
5.34
5.36
5.35
5.36
5.36
5.34
5.34
5.33
5.37
5.36
5.35
5.36
5.37
5.36
5.36
5.37
5.36
5.35
5.34
5.34
5.32
5.34
5.33
5.32
5.31
5.30
5.30
5.31
5.30
5.30
5.32
5.32
5.32
5.34
5.33
5.32
5.32
5.31
5.32
5.32
5.32
5.32
5.35
5.35
5.35
5.37
5.38
5.38
5.37
5.37
5.36
5.36
5.35
5.34
5.33
5.32
5.31
5.31
5.29
5.30
5.28
5.29
5.27
5.27
5.26
5.25
5.25
5.25
5.23
5.22
5.22
5.21
5.22
5.22
5.22
5.21
5.21
5.22
5.21
5.23
5.23
5.22
5.25
5.26
5.26
5.26
5.26
5.26
5.26
5.25
5.24
5.24
5.25
5.24
5.25
5.25
5.24
5.24
5.25
5.24
5.24
5.25
5.25
5.26
5.26
5.28
5.29
5.28
5.29
5.27
5.26
5.26
5.25
5.26
5.26
5.25
5.26
5.25
5.25
5.24
5.25
5.24
5.22
5.22
5.24
5.23
5.23
5.23
5.23
5.24
5.23
5.22
5.23
5.24
5.25
5.24
5.25
5.25
5.24
5.24
5.25
5.26
5.26
5.26
5.25
5.25
5.25
5.26
5.25
5.26
5.26
5.26
5.26
5.26
5.26
5.25
5.25
5.25
5.24
5.24
5.27
5.26
5.27
5.27
5.27
5.26
5.26
5.26
5.26
5.26
5.27
5.29
5.29
5.29
5.29
5.29
5.29
5.29
5.28
5.29
5.28
5.28
5.28
5.27
5.27
5.26
5.27
5.27
5.29
5.28
5.27
5.28
5.27
5.27
5.26
5.25
5.24
5.23
5.22
5.23
5.23
5.23
5.23
5.22
5.22
5.22
5.22
5.21
5.21
5.21
5.20
5.20
5.19
5.19
5.19
5.19
5.19
5.18
5.17
5.16
5.17
5.17
5.16
5.16
5.16
5.15
5.15
5.15
5.14
5.15
5.15
5.17
5.15
5.16
5.16
5.16
5.16
5.16
5.14
5.14
5.14
5.13
5.12
5.12
5.12
5.12
5.11
5.11
5.11
5.11
5.11
5.10
5.10
5.10
5.10
5.09
5.09
5.09
5.09
5.09
5.10
5.11
5.11
5.10
5.10
5.10
5.11
5.11
5.12
5.12
5.12
5.11
5.11
5.12
5.11
5.12
5.11
5.11
5.11
5.12
5.12
5.12
5.13
5.13
5.13
5.14
5.13
5.13
5.13
5.14
5.13
5.13
5.14
5.14
5.14
5.13
5.14
5.14
5.14
5.14
5.14
5.14
5.13
5.13
5.13
5.13
5.14
5.14
5.14
5.14
5.14
5.15
5.15
5.15
5.15
5.15
5.16
5.16
5.15
5.15
5.14
5.15
5.15
5.15
5.15
5.15
5.15
5.15
5.16
5.15
5.15
5.16
5.15
5.15
5.15
5.14
5.14
5.13
5.13
5.12
5.12
5.12
5.14
5.13
5.13
5.13
5.13
5.13
5.12
5.12
5.12
5.12
5.12
5.13
5.13
5.13
5.14
5.13
5.13
5.13
5.14
5.14
5.13
5.13
5.13
5.13
5.13
5.13
5.14
5.13
5.12
5.13
5.12
5.13
5.13
5.13
5.13
5.13
5.13
5.13
5.13
5.14
5.14
5.13
5.13
5.13
5.13
5.12
5.12
5.13
5.13
5.12
5.12
5.12
5.13
5.12
5.12
5.11
5.11
5.12
5.13
5.13
5.12
5.12
5.11
5.11
5.11
5.12
5.12
5.12
5.12
5.12
5.11
5.12
5.11
5.11
5.11
5.10
5.10
5.09
5.10
5.10
5.10
5.10
5.10
5.10
5.10
5.09
5.09
5.09
5.09
5.10
5.09
5.09
5.09
5.09
5.09
5.10
5.10
5.09
5.09
5.10
5.10
5.10
5.09
5.08
5.08
5.09
5.09
5.09
5.09
5.09
5.09
5.10
5.10
5.09
5.09
5.09
5.10
5.09
5.10
5.10
5.10
5.10
5.10
5.09
5.09
5.09
5.09
5.09
5.09
5.09
5.09
5.10
5.10
5.09
5.09
5.08
5.08
5.07
5.07
5.08
5.08
5.07
5.06
5.06
5.06
5.06
5.06
5.07
5.06
5.06
5.06
5.06
5.06
5.06
5.07
5.07
5.07
5.07
5.07
5.08
5.08
5.08
5.08
5.07
5.07
5.07
5.07
5.07
5.07
5.07
5.06
5.07
5.07
5.07
5.06
5.06
5.06
5.06
5.06
5.06
5.06
5.06
5.06
5.06
5.07
5.06
5.06
5.06
5.06
5.07
5.07
5.07
5.07
5.07
5.07
5.07
5.06
5.06
5.06
5.06
5.06
5.05
5.05
5.04
5.04
5.04
5.04
5.04
5.04
5.04
5.04
5.04
5.04
5.04
5.03
5.04
5.04
5.03
5.03
5.03
5.04
5.04
5.04
5.04
5.04
5.04
5.04
5.04
