79.69
82.03
82.81
81.64
81.25
81.77
80.36
80.47
81.77
82.03
81.53
81.90
82.45
81.92
81.67
81.74
81.43
81.60
81.74
81.56
81.47
81.46
81.86
82.10
82.00
81.73
81.83
81.86
81.84
81.82
81.55
81.40
81.44
81.48
81.47
81.38
81.42
81.50
81.53
81.37
81.40
81.47
81.29
81.29
81.22
81.22
81.22
81.25
81.44
81.41
81.43
81.49
81.43
81.37
81.31
81.31
81.30
81.28
81.33
81.17
81.17
81.10
81.18
81.27
81.32
81.37
81.51
81.57
81.59
81.58
81.62
81.55
81.57
81.59
81.65
81.46
81.43
81.49
81.55
81.54
81.56
81.50
81.48
81.40
81.23
81.30
81.34
81.37
81.43
81.51
81.58
81.50
81.43
81.48
81.48
81.48
81.46
81.47
81.38
81.34
81.42
81.53
81.58
81.60
81.56
81.59
81.67
81.66
81.67
81.62
81.69
81.70
81.79
81.83
81.81
81.80
81.84
81.85
81.88
81.90
81.92
81.89
81.96
81.97
81.97
81.92
81.94
81.92
81.92
81.89
81.86
81.81
81.86
81.89
81.92
81.93
81.95
81.95
81.94
81.90
81.88
81.89
81.91
81.92
81.94
81.88
81.81
81.81
81.77
81.79
81.76
81.76
81.70
81.70
81.67
81.66
81.68
81.69
81.69
81.74
81.72
81.74
81.67
81.69
81.70
81.69
81.66
81.70
81.70
81.73
81.71
81.73
81.74
81.79
81.83
81.80
81.78
81.76
81.75
81.80
81.77
81.74
81.75
81.72
81.69
81.70
81.68
81.68
81.68
81.67
81.71
81.69
81.72
81.73
81.74
81.73
81.74
81.76
81.75
81.77
81.80
81.80
81.80
81.81
81.82
81.83
81.83
81.83
81.82
81.79
81.78
81.79
81.76
81.75
81.73
81.76
81.78
81.75
81.76
81.75
81.74
81.71
81.71
81.71
81.74
81.75
81.76
81.74
81.70
81.69
81.71
81.68
81.73
81.73
81.71
81.69
81.73
81.74
81.72
81.68
81.67
81.69
81.70
81.66
81.65
81.62
81.62
81.63
81.63
81.62
81.62
81.62
81.62
81.63
81.64
81.65
81.65
81.66
81.65
81.66
81.69
81.71
81.71
81.72
81.75
81.74
81.71
81.72
81.72
81.71
81.72
81.73
81.75
81.73
81.73
81.73
81.75
81.76
81.78
81.80
81.79
81.78
81.81
81.81
81.83
81.86
81.83
81.83
81.81
81.82
81.81
81.82
81.80
81.84
81.84
81.83
81.83
81.82
81.79
81.82
81.80
81.81
81.81
81.81
81.81
81.82
81.83
81.83
81.82
81.81
81.83
81.86
81.87
81.88
81.87
81.86
81.86
81.86
81.86
81.85
81.86
81.87
81.89
81.87
81.88
81.87
81.87
81.87
81.88
81.88
81.89
81.90
81.89
81.91
81.90
81.90
81.90
81.92
81.94
81.94
81.94
81.94
81.94
81.91
81.92
81.93
81.93
81.93
81.94
81.95
81.95
81.95
81.94
81.95
81.96
81.97
81.99
82.00
82.01
82.01
82.01
82.01
82.00
82.01
82.02
82.01
82.02
82.00
81.99
81.96
81.97
81.95
81.95
81.96
81.95
81.94
81.93
81.94
81.95
81.97
81.97
81.97
81.96
81.96
81.97
81.97
81.97
81.98
81.96
81.97
81.97
82.00
81.99
82.00
82.01
81.98
82.02
82.02
81.99
81.98
81.98
81.98
81.98
81.96
81.98
81.98
81.98
81.95
81.95
81.97
81.96
81.95
81.96
81.95
81.96
81.96
81.94
81.96
81.97
81.97
81.93
81.94
81.94
81.95
81.95
81.94
81.96
81.97
81.96
81.95
81.95
81.94
81.95
81.97
81.95
81.96
81.97
81.96
81.97
81.96
81.94
81.94
81.93
81.94
81.96
81.95
81.96
81.96
81.96
81.98
81.97
81.98
81.97
81.98
81.97
81.98
82.00
81.99
81.96
81.97
81.97
81.97
81.99
81.98
82.00
82.00
82.00
82.00
82.01
82.01
82.01
82.02
82.01
81.99
81.98
81.99
81.98
81.98
81.99
82.00
82.01
82.02
82.03
82.01
82.00
81.99
82.00
82.02
82.01
82.00
82.00
82.00
82.00
82.01
82.00
81.98
81.97
81.98
81.98
81.99
81.98
81.99
81.99
81.98
81.97
81.98
81.96
81.97
81.97
81.98
81.95
81.95
81.95
81.94
81.95
81.96
81.96
81.95
81.95
81.94
81.94
81.92
81.92
81.92
81.92
81.92
81.93
81.92
81.91
81.90
81.92
81.91
81.89
81.89
81.89
81.88
81.88
81.88
81.88
81.89
81.87
81.87
81.87
81.88
81.89
81.87
81.87
81.87
81.87
81.88
81.87
81.87
81.88
81.87
81.88
81.89
81.89
81.91
81.88
81.89
81.90
81.91
81.90
81.90
81.90
81.89
81.89
81.89
81.89
81.90
81.90
81.91
81.91
81.92
81.93
81.93
81.95
81.94
81.95
81.94
81.93
81.94
81.93
81.91
81.89
81.90
81.91
81.91
81.91
81.90
81.90
81.90
81.92
81.92
81.93
81.94
81.94
81.94
81.94
81.95
81.95
81.97
81.96
81.96
81.96
81.96
81.97
81.96
81.97
81.94
81.95
81.95
81.96
81.97
81.95
81.95
81.94
81.94
81.94
81.94
81.94
81.93
81.93
81.93
81.94
81.95
81.94
81.94
81.95
81.95
81.93
81.92
81.91
81.91
81.91
81.91
81.91
81.88
81.88
81.88
81.88
81.88
81.88
81.89
81.89
81.88
81.89
81.89
81.89
81.90
81.90
81.90
81.91
81.92
81.93
81.93
81.93
81.94
81.94
81.95
81.94
81.95
81.95
81.94
81.94
81.94
81.94
81.95
81.95
81.95
81.96
81.97
81.97
81.97
81.97
81.96
81.95
81.95
81.95
81.95
81.95
81.95
81.95
81.94
81.95
81.94
81.93
81.92
81.92
81.92
81.91
81.90
81.90
81.90
81.91
81.90
81.90
81.91
81.91
81.91
81.90
81.90
81.89
81.90
81.91
81.92
81.93
81.94
81.94
81.93
81.94
81.94
81.93
81.93
81.93
81.94
81.95
81.94
81.95
81.96
81.95
81.94
81.95
81.94
81.94
81.94
81.95
81.94
81.94
81.93
81.93
81.94
81.94
81.94
81.93
81.94
81.95
81.96
81.95
81.95
81.96
81.96
81.94
81.94
81.94
81.93
81.94
81.95
81.95
81.94
81.94
81.94
81.94
81.93
81.93
81.93
81.93
81.94
81.93
81.93
81.93
81.92
81.91
81.91
81.91
81.93
81.92
81.92
81.92
81.92
81.92
81.91
81.90
81.90
81.91
81.90
81.89
81.89
81.90
81.90
81.90
81.82
