6.25
7.03
6.77
7.03
6.56
5.73
5.58
5.08
5.03
5.62
5.11
5.21
5.41
5.36
5.31
5.08
4.87
4.95
5.10
4.84
4.76
4.76
4.69
4.62
4.69
4.51
4.46
4.41
4.31
4.53
4.54
4.44
4.36
4.41
4.51
4.47
4.52
4.40
4.37
4.26
4.15
4.13
4.22
4.12
4.03
4.01
4.06
4.00
3.92
3.97
3.92
3.88
3.86
3.88
3.84
3.88
3.87
3.85
3.84
3.80
3.79
3.78
3.75
3.76
3.70
3.69
3.73
3.72
3.74
3.75
3.76
3.75
3.72
3.70
3.65
3.66
3.67
3.71
3.66
3.67
3.68
3.72
3.75
3.79
3.81
3.87
3.86
3.91
3.93
3.92
3.93
3.89
3.86
3.82
3.82
3.86
3.87
3.84
3.84
3.86
3.82
3.86
3.87
3.83
3.84
3.83
3.83
3.82
3.80
3.81
3.83
3.88
3.87
3.85
3.87
3.92
3.93
3.92
3.91
3.92
3.95
3.94
3.96
3.94
3.95
3.93
3.92
3.92
3.94
3.92
3.94
3.93
3.90
3.92
3.90
3.88
3.87
3.85
3.87
3.87
3.89
3.91
3.90
3.90
3.89
3.91
3.91
3.90
3.90
3.93
3.90
3.91
3.93
3.94
3.94
3.96
3.94
3.95
3.96
3.96
3.95
3.94
3.93
3.93
3.93
3.93
3.94
3.94
3.94
3.93
3.93
3.93
3.93
3.91
3.88
3.88
3.89
3.90
3.89
3.88
3.88
3.85
3.85
3.86
3.84
3.82
3.81
3.82
3.83
3.82
3.82
3.85
3.83
3.82
3.83
3.83
3.83
3.81
3.79
3.78
3.78
3.77
3.78
3.77
3.79
3.79
3.77
3.79
3.80
3.79
3.78
3.79
3.80
3.78
3.78
3.79
3.78
3.77
3.78
3.76
3.78
3.78
3.77
3.75
3.74
3.73
3.72
3.75
3.74
3.74
3.74
3.73
3.72
3.71
3.70
3.71
3.69
3.70
3.70
3.70
3.71
3.72
3.74
3.73
3.72
3.72
3.73
3.72
3.73
3.74
3.73
3.72
3.72
3.71
3.70
3.70
3.71
3.72
3.71
3.71
3.71
3.70
3.70
3.71
3.71
3.72
3.70
3.70
3.70
3.69
3.69
3.68
3.69
3.69
3.69
3.70
3.72
3.72
3.71
3.71
3.72
3.73
3.73
3.73
3.72
3.71
3.71
3.72
3.70
3.70
3.72
3.72
3.71
3.73
3.74
3.75
3.75
3.75
3.74
3.75
3.76
3.76
3.75
3.76
3.76
3.76
3.77
3.76
3.77
3.76
3.74
3.75
3.74
3.74
3.73
3.74
3.73
3.73
3.73
3.73
3.73
3.73
3.73
3.74
3.73
3.72
3.71
3.70
3.70
3.71
3.72
3.71
3.70
3.70
3.69
3.69
3.69
3.68
3.70
3.70
3.69
3.68
3.67
3.67
3.66
3.68
3.68
3.69
3.70
3.70
3.70
3.71
3.72
3.71
3.71
3.71
3.72
3.72
3.72
3.74
3.74
3.75
3.76
3.76
3.76
3.77
3.77
3.77
3.76
3.77
3.76
3.76
3.77
3.78
3.79
3.80
3.79
3.80
3.80
3.80
3.79
3.79
3.79
3.79
3.80
3.80
3.80
3.79
3.79
3.80
3.80
3.80
3.80
3.80
3.79
3.80
3.81
3.80
3.80
3.80
3.80
3.81
3.81
3.82
3.83
3.83
3.84
3.84
3.83
3.82
3.82
3.83
3.83
3.83
3.83
3.82
3.82
3.82
3.81
3.82
3.82
3.82
3.82
3.83
3.82
3.83
3.82
3.81
3.81
3.82
3.81
3.80
3.80
3.80
3.80
3.80
3.81
3.81
3.81
3.81
3.81
3.81
3.80
3.80
3.80
3.80
3.79
3.79
3.79
3.79
3.79
3.79
3.79
3.79
3.80
3.80
3.80
3.79
3.79
3.80
3.80
3.80
3.79
3.80
3.80
3.81
3.81
3.81
3.82
3.82
3.83
3.83
3.82
3.82
3.83
3.82
3.82
3.83
3.83
3.83
3.84
3.83
3.84
3.84
3.84
3.83
3.83
3.83
3.82
3.82
3.82
3.82
3.83
3.83
3.83
3.82
3.83
3.82
3.83
3.82
3.83
3.83
3.83
3.83
3.83
3.83
3.82
3.82
3.82
3.82
3.82
3.82
3.81
3.81
3.80
3.80
3.80
3.79
3.79
3.79
3.78
3.78
3.79
3.79
3.79
3.79
3.78
3.78
3.78
3.78
3.79
3.79
3.78
3.78
3.78
3.78
3.78
3.78
3.78
3.78
3.79
3.79
3.79
3.79
3.79
3.81
3.81
3.81
3.81
3.81
3.80
3.80
3.79
3.79
3.79
3.79
3.79
3.78
3.78
3.77
3.77
3.77
3.77
3.77
3.77
3.77
3.77
3.76
3.77
3.77
3.77
3.77
3.77
3.76
3.76
3.76
3.76
3.76
3.76
3.76
3.77
3.77
3.77
3.76
3.76
3.75
3.76
3.76
3.76
3.76
3.76
3.76
3.76
3.76
3.76
3.76
3.76
3.76
3.76
3.75
3.75
3.74
3.74
3.74
3.74
3.74
3.75
3.75
3.75
3.76
3.75
3.75
3.75
3.74
3.74
3.74
3.74
3.74
3.74
3.75
3.75
3.75
3.75
3.76
3.76
3.76
3.76
3.76
3.76
3.76
3.76
3.76
3.76
3.76
3.76
3.76
3.76
3.76
3.77
3.76
3.77
3.77
3.77
3.78
3.78
3.78
3.78
3.78
3.78
3.78
3.78
3.77
3.78
3.78
3.77
3.78
3.77
3.77
3.77
3.77
3.76
3.76
3.77
3.77
3.77
3.76
3.76
3.76
3.76
3.76
3.76
3.76
3.76
3.77
3.77
3.77
3.77
3.77
3.77
3.77
3.77
3.77
3.77
3.78
3.78
3.78
3.79
3.79
3.79
3.79
3.79
3.78
3.79
3.78
3.78
3.78
3.78
3.78
3.78
3.78
3.78
3.77
3.77
3.77
3.77
3.77
3.77
3.77
3.77
3.77
3.77
3.77
3.78
3.78
3.77
3.77
3.77
3.77
3.77
3.77
3.78
3.79
3.79
3.79
3.79
3.78
3.78
3.78
3.78
3.78
3.78
3.78
3.78
3.78
3.78
3.77
3.78
3.78
3.77
3.77
3.77
3.77
3.78
3.78
3.78
3.77
3.77
3.77
3.77
3.78
3.78
3.78
3.78
3.79
3.79
3.79
3.79
3.79
3.79
3.79
3.79
3.80
3.80
3.80
3.79
3.79
3.80
3.80
3.80
3.80
3.80
3.80
3.80
3.80
3.79
3.79
3.79
3.79
3.79
3.80
3.80
3.79
