81.25
79.69
78.12
80.08
80.31
80.99
80.58
81.64
81.77
82.03
81.96
82.03
82.33
82.48
82.08
82.13
82.26
82.55
82.98
82.97
82.59
82.32
81.93
81.51
81.69
81.43
81.19
81.03
81.03
81.15
81.25
81.30
81.39
81.39
81.43
81.38
81.29
81.50
81.53
81.60
81.59
81.58
81.61
81.57
81.39
81.52
81.45
81.54
81.70
81.78
81.74
81.70
81.78
81.77
81.70
81.64
81.72
81.71
81.70
81.72
81.71
81.78
81.82
81.93
82.00
81.84
81.69
81.85
81.91
81.90
81.89
81.84
81.79
81.78
81.75
81.83
81.88
81.89
81.98
82.07
82.06
81.96
82.00
81.98
81.95
81.96
82.02
82.12
81.99
81.98
81.95
81.88
81.84
81.87
81.92
81.79
81.78
81.76
81.74
81.69
81.64
81.56
81.52
81.49
81.58
81.60
81.63
81.54
81.54
81.61
81.55
81.50
81.51
81.41
81.44
81.47
81.44
81.45
81.47
81.54
81.56
81.58
81.64
81.73
81.72
81.71
81.72
81.67
81.70
81.74
81.70
81.65
81.66
81.68
81.68
81.64
81.71
81.69
81.69
81.69
81.67
81.68
81.70
81.74
81.66
81.65
81.65
81.68
81.71
81.72
81.78
81.83
81.82
81.89
81.86
81.80
81.78
81.77
81.76
81.81
81.81
81.80
81.81
81.82
81.87
81.86
81.90
81.91
81.95
81.93
81.92
81.92
81.91
81.89
81.90
81.86
81.84
81.80
81.81
81.82
81.80
81.86
81.86
81.85
81.81
81.82
81.81
81.83
81.80
81.82
81.81
81.84
81.84
81.85
81.88
81.88
81.89
81.91
81.90
81.93
81.96
81.91
81.85
81.82
81.78
81.77
81.80
81.76
81.78
81.79
81.81
81.83
81.83
81.82
81.77
81.75
81.68
81.70
81.74
81.78
81.76
81.79
81.80
81.79
81.77
81.80
81.79
81.81
81.80
81.79
81.81
81.82
81.85
81.87
81.88
81.85
81.82
81.84
81.83
81.81
81.83
81.88
81.90
81.90
81.88
81.89
81.90
81.89
81.88
81.86
81.92
81.93
81.90
81.87
81.87
81.88
81.87
81.87
81.87
81.88
81.84
81.85
81.86
81.84
81.84
81.83
81.85
81.83
81.80
81.79
81.82
81.81
81.81
81.80
81.81
81.82
81.81
81.83
81.84
81.84
81.85
81.82
81.82
81.82
81.79
81.81
81.82
81.82
81.82
81.77
81.79
81.80
81.80
81.78
81.77
81.77
81.77
81.77
81.77
81.77
81.78
81.78
81.76
81.79
81.82
81.84
81.85
81.86
81.86
81.86
81.88
81.87
81.88
81.88
81.88
81.87
81.87
81.88
81.88
81.89
81.90
81.90
81.92
81.91
81.93
81.94
81.93
81.94
81.93
81.90
81.88
81.88
81.87
81.89
81.88
81.87
81.84
81.85
81.85
81.85
81.85
81.87
81.86
81.87
81.86
81.84
81.86
81.86
81.84
81.83
81.83
81.84
81.86
81.85
81.87
81.86
81.87
81.86
81.85
81.84
81.83
81.84
81.85
81.84
81.82
81.86
81.85
81.83
81.84
81.86
81.86
81.85
81.86
81.86
81.87
81.84
81.82
81.84
81.82
81.79
81.79
81.78
81.79
81.80
81.81
81.81
81.82
81.81
81.81
81.79
81.81
81.82
81.81
81.81
81.80
81.79
81.81
81.80
81.79
81.75
81.75
81.76
81.75
81.75
81.74
81.74
81.75
81.74
81.74
81.74
81.73
81.74
81.75
81.74
81.73
81.72
81.73
81.74
81.74
81.72
81.73
81.74
81.74
81.74
81.72
81.73
81.73
81.74
81.73
81.73
81.72
81.69
81.71
81.70
81.71
81.70
81.70
81.70
81.70
81.69
81.68
81.68
81.68
81.68
81.69
81.68
81.67
81.67
81.66
81.67
81.68
81.70
81.68
81.67
81.68
81.67
81.68
81.66
81.66
81.66
81.68
81.69
81.69
81.70
81.68
81.68
81.66
81.68
81.70
81.70
81.70
81.72
81.72
81.69
81.71
81.72
81.73
81.73
81.74
81.74
81.73
81.74
81.76
81.76
81.75
81.75
81.76
81.77
81.76
81.74
81.75
81.75
81.75
81.74
81.74
81.75
81.74
81.74
81.74
81.75
81.76
81.76
81.74
81.76
81.75
81.75
81.75
81.76
81.74
81.73
81.74
81.74
81.74
81.73
81.73
81.74
81.75
81.74
81.74
81.74
81.74
81.73
81.73
81.72
81.72
81.73
81.73
81.73
81.73
81.73
81.73
81.72
81.73
81.74
81.73
81.73
81.74
81.73
81.73
81.72
81.72
81.73
81.72
81.72
81.72
81.73
81.71
81.71
81.71
81.71
81.70
81.69
81.70
81.69
81.69
81.69
81.68
81.68
81.69
81.69
81.68
81.67
81.67
81.67
81.67
81.67
81.66
81.68
81.67
81.66
81.65
81.64
81.64
81.64
81.64
81.64
81.63
81.64
81.63
81.63
81.63
81.64
81.65
81.66
81.66
81.66
81.65
81.65
81.66
81.64
81.64
81.64
81.65
81.64
81.64
81.63
81.62
81.62
81.62
81.61
81.62
81.62
81.62
81.63
81.62
81.61
81.60
81.59
81.58
81.59
81.60
81.60
81.61
81.60
81.60
81.60
81.60
81.59
81.58
81.57
81.57
81.58
81.58
81.59
81.59
81.60
81.60
81.61
81.61
81.59
81.60
81.60
81.60
81.60
81.60
81.61
81.60
81.61
81.61
81.61
81.62
81.62
81.63
81.64
81.63
81.63
81.64
81.64
81.65
81.65
81.63
81.64
81.62
81.62
81.62
81.63
81.63
81.63
81.64
81.65
81.64
81.64
81.64
81.65
81.64
81.64
81.64
81.63
81.63
81.63
81.65
81.65
81.65
81.65
81.64
81.64
81.64
81.65
81.64
81.64
81.64
81.63
81.64
81.64
81.64
81.65
81.64
81.65
81.64
81.62
81.61
81.60
81.60
81.60
81.60
81.60
81.61
81.62
81.62
81.60
81.62
81.62
81.63
81.64
81.61
81.61
81.62
81.62
81.61
81.61
81.61
81.62
81.60
81.59
81.58
81.58
81.57
81.57
81.57
81.58
81.58
81.57
81.57
81.58
81.58
81.59
81.59
81.58
81.58
81.58
81.58
81.57
81.55
81.56
81.57
81.57
81.57
81.56
81.56
81.57
81.57
81.57
81.58
81.59
81.59
81.60
81.60
81.60
81.59
81.59
81.58
81.58
81.58
81.58
81.57
81.57
81.57
81.58
81.58
81.58
81.58
81.58
81.58
81.58
81.59
81.59
81.60
81.59
81.59
81.59
81.59
81.59
81.60
81.58
81.59
81.59
81.59
81.58
81.57
81.57
81.57
81.49
