76.56
77.34
78.12
76.17
76.88
79.17
80.36
80.08
80.56
80.62
80.82
80.60
80.77
80.47
80.94
80.86
80.70
80.56
80.67
80.94
81.10
80.82
80.50
80.73
80.81
80.77
81.08
81.19
81.14
81.25
81.35
81.30
81.16
81.11
81.25
81.21
81.25
81.41
81.29
81.48
81.52
81.58
81.54
81.68
81.67
81.66
81.72
81.87
81.73
81.75
81.59
81.58
81.54
81.48
81.31
81.31
81.36
81.36
81.41
81.35
81.43
81.50
81.72
81.74
81.68
81.61
81.69
81.62
81.75
81.76
81.76
81.75
81.81
81.61
81.67
81.78
81.74
81.65
81.72
81.78
81.75
81.78
81.81
81.85
81.97
82.01
82.00
81.98
82.04
82.07
82.13
82.07
82.14
82.18
82.29
82.24
82.28
82.25
82.32
82.34
82.30
82.31
82.24
82.27
82.20
82.24
82.14
82.15
82.12
82.14
82.11
82.17
82.23
82.18
82.23
82.26
82.25
82.27
82.23
82.21
82.17
82.17
82.18
82.16
82.14
82.09
82.12
82.09
82.15
82.20
82.23
82.21
82.17
82.16
82.18
82.19
82.16
82.17
82.19
82.20
82.19
82.24
82.26
82.28
82.26
82.22
82.22
82.24
82.28
82.26
82.26
82.31
82.32
82.35
82.29
82.29
82.32
82.37
82.28
82.29
82.31
82.34
82.30
82.25
82.29
82.27
82.26
82.26
82.25
82.24
82.23
82.23
82.22
82.22
82.21
82.19
82.19
82.22
82.21
82.25
82.29
82.24
82.21
82.20
82.24
82.19
82.22
82.25
82.23
82.20
82.18
82.19
82.20
82.22
82.19
82.21
82.21
82.24
82.26
82.27
82.25
82.24
82.28
82.32
82.33
82.33
82.32
82.34
82.34
82.34
82.32
82.33
82.28
82.27
82.26
82.22
82.22
82.20
82.17
82.14
82.13
82.16
82.16
82.12
82.15
82.14
82.13
82.12
82.10
82.14
82.14
82.12
82.12
82.11
82.11
82.09
82.07
82.07
82.10
82.10
82.12
82.12
82.12
82.11
82.15
82.13
82.15
82.16
82.15
82.17
82.18
82.18
82.17
82.16
82.16
82.14
82.13
82.12
82.11
82.10
82.09
82.10
82.08
82.08
82.10
82.11
82.12
82.11
82.10
82.10
82.12
82.13
82.15
82.16
82.18
82.17
82.18
82.19
82.20
82.21
82.22
82.25
82.26
82.25
82.26
82.25
82.27
82.26
82.27
82.28
82.28
82.26
82.26
82.24
82.27
82.24
82.24
82.22
82.22
82.25
82.22
82.19
82.18
82.16
82.14
82.16
82.15
82.13
82.15
82.15
82.13
82.13
82.12
82.14
82.13
82.14
82.13
82.08
82.09
82.12
82.13
82.12
82.14
82.14
82.15
82.16
82.14
82.13
82.11
82.11
82.09
82.12
82.11
82.12
82.11
82.11
82.09
82.07
82.08
82.08
82.08
82.09
82.09
82.09
82.10
82.07
82.05
82.05
82.07
82.08
82.10
82.08
82.07
82.08
82.07
82.09
82.06
82.08
82.09
82.12
82.11
82.11
82.11
82.11
82.08
82.07
82.08
82.06
82.07
82.07
82.09
82.05
82.08
82.08
82.07
82.07
82.06
82.07
82.07
82.06
82.06
82.04
82.04
82.04
82.01
82.02
82.00
81.99
82.00
81.99
81.99
81.99
82.00
82.01
81.99
81.98
81.95
81.91
81.91
81.90
81.91
81.91
81.90
81.90
81.91
81.89
81.91
81.91
81.91
81.89
81.89
81.90
81.90
81.92
81.93
81.94
81.95
81.95
81.94
81.95
81.95
81.95
81.93
81.92
81.94
81.94
81.92
81.94
81.96
81.95
81.98
82.00
81.99
82.01
82.01
82.01
82.02
82.01
82.00
82.01
82.02
82.03
82.03
82.04
82.03
82.02
82.02
82.01
82.01
82.01
82.01
82.01
82.02
82.03
82.03
82.01
81.99
81.99
81.99
81.97
81.97
81.97
81.97
81.95
81.96
81.96
81.97
81.96
81.97
81.98
81.98
81.98
81.99
81.99
81.99
81.97
81.96
81.96
81.95
81.94
81.93
81.93
81.94
81.94
81.93
81.93
81.92
81.91
81.92
81.91
81.92
81.90
81.90
81.90
81.90
81.91
81.90
81.88
81.89
81.87
81.88
81.87
81.87
81.88
81.88
81.87
81.88
81.88
81.87
81.87
81.87
81.86
81.86
81.86
81.87
81.86
81.86
81.87
81.88
81.88
81.88
81.88
81.88
81.89
81.88
81.87
81.87
81.84
81.85
81.86
81.85
81.84
81.82
81.81
81.81
81.82
81.82
81.83
81.83
81.83
81.83
81.83
81.82
81.83
81.84
81.83
81.83
81.82
81.81
81.81
81.80
81.81
81.80
81.80
81.81
81.81
81.79
81.79
81.80
81.81
81.81
81.82
81.83
81.83
81.83
81.84
81.83
81.84
81.83
81.83
81.82
81.82
81.82
81.81
81.81
81.81
81.81
81.80
81.81
81.81
81.81
81.81
81.81
81.82
81.83
81.82
81.82
81.83
81.83
81.84
81.84
81.84
81.83
81.83
81.84
81.84
81.84
81.84
81.83
81.85
81.83
81.83
81.84
81.82
81.83
81.84
81.83
81.82
81.82
81.82
81.83
81.82
81.83
81.82
81.83
81.84
81.84
81.83
81.82
81.81
81.81
81.82
81.82
81.82
81.83
81.84
81.84
81.83
81.84
81.84
81.86
81.86
81.85
81.86
81.87
81.86
81.86
81.86
81.86
81.86
81.86
81.86
81.86
81.85
81.86
81.85
81.86
81.86
81.85
81.86
81.86
81.86
81.86
81.86
81.87
81.87
81.88
81.87
81.88
81.87
81.87
81.86
81.86
81.86
81.86
81.87
81.87
81.87
81.87
81.87
81.88
81.88
81.88
81.89
81.89
81.88
81.88
81.87
81.88
81.88
81.90
81.90
81.91
81.91
81.91
81.91
81.91
81.90
81.89
81.88
81.90
81.90
81.89
81.88
81.88
81.88
81.89
81.90
81.90
81.91
81.90
81.90
81.90
81.91
81.91
81.92
81.92
81.92
81.92
81.91
81.91
81.92
81.90
81.90
81.91
81.92
81.92
81.92
81.92
81.91
81.91
81.91
81.92
81.93
81.93
81.92
81.93
81.93
81.94
81.94
81.93
81.94
81.94
81.94
81.94
81.94
81.95
81.96
81.96
81.96
81.95
81.95
81.95
81.95
81.95
81.94
81.94
81.95
81.95
81.96
81.97
81.97
81.98
81.98
81.97
81.97
81.97
81.95
81.95
81.94
81.95
81.95
81.96
81.96
81.96
81.96
81.97
81.96
81.96
81.96
81.96
81.96
81.97
81.96
81.97
81.97
81.98
81.98
81.98
81.99
81.99
81.91
