85.94
82.81
84.38
81.25
81.25
81.77
81.25
81.25
81.77
81.88
81.96
82.55
82.57
82.14
81.77
81.93
81.80
81.51
81.50
81.64
81.62
81.53
81.45
81.58
81.50
81.43
81.48
81.58
81.95
81.98
82.01
81.98
81.77
81.71
81.83
81.99
81.97
81.83
81.85
81.76
81.97
82.03
82.01
81.92
81.94
81.83
81.98
81.97
82.02
81.84
81.95
81.97
81.87
81.80
81.79
81.67
81.61
81.55
81.65
81.59
81.40
81.43
81.45
81.30
81.23
81.23
81.23
81.25
81.30
81.25
81.34
81.29
81.40
81.36
81.25
81.29
81.21
81.15
81.07
81.04
81.04
80.98
80.93
80.90
80.99
80.92
81.05
81.13
81.04
81.01
80.82
80.84
80.78
80.78
80.86
80.79
80.80
80.76
80.81
80.78
80.72
80.81
80.84
80.90
80.86
80.82
80.83
80.84
80.86
80.80
80.81
80.72
80.64
80.63
80.60
80.62
80.57
80.65
80.72
80.73
80.73
80.72
80.77
80.83
80.81
80.80
80.79
80.80
80.83
80.83
80.77
80.81
80.83
80.80
80.76
80.85
80.92
80.90
80.94
80.89
80.93
80.95
80.97
80.89
80.89
80.84
80.87
80.85
80.86
80.86
80.88
80.90
80.93
80.97
80.94
80.98
81.02
81.05
81.07
81.09
81.08
81.11
81.09
81.10
81.08
81.10
81.18
81.18
81.15
81.18
81.20
81.24
81.23
81.22
81.13
81.10
81.15
81.11
81.08
81.12
81.10
81.04
81.04
81.05
81.02
81.03
81.02
81.07
81.08
81.11
81.13
81.13
81.15
81.17
81.16
81.19
81.21
81.21
81.21
81.22
81.26
81.21
81.21
81.23
81.21
81.20
81.17
81.20
81.18
81.16
81.16
81.14
81.13
81.14
81.13
81.14
81.13
81.14
81.14
81.13
81.13
81.15
81.14
81.12
81.13
81.13
81.16
81.15
81.17
81.17
81.16
81.18
81.19
81.17
81.17
81.20
81.24
81.28
81.29
81.28
81.31
81.33
81.36
81.37
81.36
81.37
81.33
81.36
81.34
81.34
81.33
81.32
81.32
81.31
81.32
81.33
81.35
81.38
81.36
81.38
81.36
81.37
81.36
81.39
81.40
81.38
81.38
81.41
81.44
81.45
81.45
81.44
81.47
81.46
81.47
81.50
81.52
81.51
81.50
81.51
81.51
81.49
81.46
81.46
81.49
81.47
81.48
81.51
81.49
81.51
81.50
81.51
81.54
81.54
81.55
81.55
81.53
81.53
81.53
81.54
81.52
81.52
81.51
81.53
81.54
81.54
81.54
81.53
81.54
81.56
81.54
81.57
81.59
81.56
81.59
81.58
81.56
81.54
81.54
81.57
81.60
81.59
81.57
81.59
81.58
81.59
81.58
81.59
81.58
81.58
81.57
81.56
81.57
81.57
81.58
81.58
81.56
81.57
81.57
81.58
81.59
81.57
81.60
81.61
81.63
81.65
81.64
81.63
81.64
81.64
81.66
81.67
81.65
81.64
81.63
81.63
81.65
81.63
81.62
81.61
81.60
81.62
81.62
81.60
81.58
81.60
81.61
81.63
81.63
81.61
81.62
81.64
81.65
81.63
81.64
81.63
81.64
81.63
81.60
81.62
81.60
81.61
81.59
81.59
81.59
81.61
81.61
81.60
81.61
81.61
81.60
81.61
81.63
81.63
81.63
81.62
81.60
81.62
81.64
81.64
81.64
81.63
81.64
81.65
81.67
81.66
81.68
81.68
81.66
81.66
81.64
81.65
81.64
81.64
81.62
81.63
81.64
81.62
81.65
81.65
81.65
81.64
81.65
81.63
81.62
81.64
81.65
81.65
81.64
81.66
81.67
81.65
81.66
81.65
81.65
81.64
81.65
81.64
81.63
81.62
81.61
81.60
81.60
81.58
81.56
81.54
81.54
81.55
81.55
81.52
81.52
81.53
81.52
81.51
81.52
81.52
81.53
81.52
81.51
81.50
81.51
81.50
81.51
81.50
81.52
81.52
81.54
81.54
81.55
81.57
81.58
81.59
81.59
81.60
81.61
81.61
81.62
81.61
81.62
81.63
81.63
81.63
81.63
81.62
81.63
81.63
81.65
81.65
81.65
81.65
81.65
81.63
81.62
81.60
81.59
81.59
81.59
81.60
81.62
81.60
81.61
81.59
81.59
81.59
81.59
81.59
81.60
81.58
81.57
81.58
81.57
81.56
81.57
81.55
81.55
81.56
81.56
81.56
81.55
81.57
81.58
81.58
81.57
81.56
81.56
81.57
81.57
81.58
81.59
81.59
81.59
81.60
81.60
81.59
81.61
81.60
81.60
81.61
81.61
81.62
81.62
81.62
81.63
81.63
81.63
81.63
81.64
81.63
81.64
81.65
81.64
81.63
81.63
81.64
81.62
81.63
81.62
81.63
81.64
81.64
81.66
81.66
81.66
81.67
81.68
81.69
81.69
81.68
81.68
81.67
81.67
81.67
81.67
81.68
81.69
81.69
81.68
81.69
81.69
81.71
81.71
81.72
81.74
81.74
81.74
81.75
81.75
81.74
81.75
81.75
81.74
81.76
81.75
81.76
81.76
81.77
81.76
81.76
81.76
81.75
81.74
81.74
81.74
81.74
81.74
81.74
81.74
81.73
81.73
81.71
81.71
81.70
81.70
81.69
81.69
81.68
81.68
81.67
81.67
81.68
81.67
81.67
81.64
81.64
81.62
81.63
81.64
81.63
81.62
81.60
81.61
81.60
81.59
81.59
81.57
81.56
81.56
81.58
81.59
81.59
81.59
81.57
81.57
81.56
81.55
81.56
81.57
81.55
81.55
81.56
81.57
81.57
81.55
81.56
81.55
81.55
81.54
81.54
81.56
81.56
81.58
81.57
81.57
81.57
81.56
81.58
81.58
81.58
81.60
81.60
81.59
81.59
81.59
81.59
81.59
81.59
81.59
81.60
81.60
81.61
81.61
81.62
81.61
81.60
81.61
81.61
81.61
81.62
81.63
81.64
81.64
81.64
81.65
81.65
81.65
81.65
81.64
81.65
81.65
81.64
81.63
81.64
81.65
81.66
81.66
81.67
81.68
81.69
81.68
81.67
81.67
81.66
81.66
81.65
81.65
81.65
81.66
81.65
81.65
81.66
81.65
81.66
81.66
81.65
81.64
81.64
81.63
81.63
81.63
81.63
81.61
81.62
81.63
81.63
81.64
81.65
81.64
81.64
81.63
81.62
81.61
81.61
81.62
81.61
81.61
81.61
81.61
81.61
81.60
81.61
81.61
81.61
81.61
81.61
81.61
81.61
81.61
81.61
81.62
81.61
81.63
81.63
81.62
81.63
81.62
81.63
81.63
81.64
81.62
81.62
81.63
81.63
81.64
81.65
81.65
81.66
81.67
81.66
81.66
81.65
81.66
81.58
