81.25
80.47
81.77
81.25
82.50
81.77
82.37
82.81
82.47
82.81
82.24
82.55
82.45
82.70
83.02
83.30
83.36
83.33
83.31
82.73
82.51
82.53
82.20
82.16
82.12
82.03
81.94
81.92
82.11
82.29
82.26
82.08
81.72
81.85
81.70
81.77
81.84
81.95
81.97
81.88
81.82
81.81
81.94
81.85
81.91
81.83
81.95
81.93
81.92
81.91
81.92
81.88
81.93
81.94
81.96
82.11
82.18
82.25
82.28
82.27
82.35
82.41
82.42
82.42
82.40
82.27
82.28
82.24
82.22
82.10
82.09
82.18
82.21
82.22
82.27
82.38
82.43
82.39
82.30
82.32
82.21
82.18
82.25
82.09
82.10
82.07
82.09
82.12
82.18
82.15
82.13
82.13
82.09
82.13
82.09
82.03
82.06
82.10
82.07
82.05
82.01
81.97
81.95
81.96
82.02
82.03
82.05
82.07
82.11
82.09
82.14
82.09
82.19
82.17
82.12
82.09
82.12
82.19
82.18
82.08
82.00
81.98
82.00
82.01
82.00
82.02
82.05
82.08
82.06
82.13
82.14
82.16
82.17
82.15
82.18
82.12
82.13
82.16
82.16
82.19
82.17
82.25
82.23
82.23
82.24
82.20
82.24
82.24
82.18
82.21
82.17
82.22
82.24
82.27
82.31
82.28
82.27
82.29
82.24
82.23
82.24
82.21
82.21
82.22
82.24
82.25
82.25
82.25
82.25
82.26
82.25
82.27
82.30
82.31
82.30
82.27
82.32
82.29
82.25
82.27
82.31
82.30
82.29
82.29
82.28
82.27
82.24
82.21
82.22
82.24
82.22
82.22
82.19
82.18
82.20
82.21
82.19
82.21
82.24
82.23
82.18
82.15
82.17
82.16
82.16
82.12
82.10
82.11
82.04
82.07
82.03
82.05
82.06
82.04
82.03
82.04
82.06
82.06
82.06
82.05
82.03
82.02
82.03
82.02
82.01
82.02
82.01
82.00
82.00
82.05
82.07
82.06
82.05
82.06
82.06
82.08
82.07
82.06
82.05
82.01
82.03
82.06
82.08
82.08
82.11
82.11
82.11
82.12
82.14
82.12
82.13
82.10
82.04
81.99
81.99
82.00
82.00
82.00
82.00
82.01
82.02
82.05
82.05
82.03
82.05
82.03
82.06
82.08
82.09
82.10
82.10
82.09
82.09
82.08
82.09
82.08
82.09
82.08
82.08
82.08
82.08
82.08
82.12
82.14
82.15
82.11
82.13
82.13
82.15
82.16
82.16
82.18
82.19
82.20
82.22
82.21
82.18
82.15
82.16
82.15
82.13
82.15
82.15
82.16
82.14
82.17
82.17
82.19
82.21
82.20
82.19
82.19
82.17
82.15
82.16
82.12
82.12
82.12
82.11
82.12
82.12
82.10
82.09
82.08
82.09
82.07
82.05
82.07
82.05
82.06
82.04
82.04
82.04
82.03
82.07
82.08
82.08
82.09
82.10
82.10
82.06
82.04
82.03
82.05
82.05
82.03
82.01
82.02
82.05
82.07
82.06
82.05
82.05
82.02
82.02
82.00
81.99
81.99
82.00
82.00
82.02
82.02
82.01
82.02
82.03
82.04
82.04
82.02
82.01
82.03
82.05
82.03
82.02
82.00
82.00
82.01
82.02
82.02
82.01
82.01
81.99
81.99
82.01
82.02
82.01
82.02
82.02
82.03
82.03
82.03
82.02
82.03
82.03
82.02
82.01
82.01
82.01
82.02
82.02
82.04
82.05
82.05
82.05
82.03
82.03
82.04
82.04
82.04
82.03
82.03
82.05
82.02
82.01
82.01
82.00
82.02
82.02
82.02
82.02
82.04
82.04
82.03
82.04
82.04
82.05
82.07
82.07
82.07
82.07
82.07
82.08
82.08
82.07
82.03
82.03
82.02
82.02
82.02
82.02
82.01
82.03
82.01
82.00
82.01
82.00
82.01
82.01
82.02
82.02
82.02
82.02
82.05
82.06
82.05
82.04
82.06
82.07
82.08
82.08
82.09
82.09
82.10
82.11
82.10
82.10
82.09
82.09
82.09
82.07
82.06
82.04
82.04
82.05
82.03
82.03
82.04
82.04
82.04
82.05
82.04
82.05
82.07
82.07
82.07
82.07
82.07
82.06
82.05
82.05
82.05
82.05
82.05
82.06
82.07
82.08
82.09
82.11
82.11
82.11
82.09
82.09
82.09
82.08
82.07
82.08
82.07
82.07
82.08
82.08
82.08
82.07
82.07
82.06
82.05
82.04
82.03
82.04
82.04
82.04
82.03
82.03
82.03
82.03
82.03
82.04
82.03
82.02
82.02
82.03
82.03
82.03
82.01
82.01
82.01
82.01
82.01
82.01
82.00
82.02
82.00
82.01
82.01
82.02
82.01
82.00
81.99
82.00
81.99
81.99
81.99
81.99
81.99
81.99
82.00
82.00
81.99
82.00
82.01
82.01
82.02
82.01
82.00
82.02
82.02
82.03
82.02
81.99
82.00
82.02
82.02
82.02
82.03
82.04
82.04
82.04
82.04
82.04
82.04
82.03
82.04
82.03
82.03
82.04
82.04
82.04
82.04
82.04
82.06
82.05
82.04
82.04
82.04
82.05
82.06
82.06
82.04
82.03
82.03
82.03
82.03
82.01
82.00
82.00
82.00
82.01
82.00
81.99
81.97
81.96
81.94
81.94
81.94
81.94
81.95
81.95
81.95
81.96
81.95
81.95
81.94
81.94
81.95
81.95
81.95
81.94
81.94
81.93
81.94
81.94
81.93
81.93
81.93
81.93
81.93
81.93
81.94
81.93
81.93
81.93
81.94
81.94
81.94
81.94
81.94
81.94
81.93
81.91
81.91
81.92
81.92
81.92
81.93
81.91
81.91
81.90
81.89
81.89
81.90
81.91
81.90
81.90
81.91
81.92
81.92
81.92
81.92
81.92
81.92
81.92
81.93
81.93
81.93
81.94
81.94
81.94
81.94
81.93
81.93
81.93
81.94
81.93
81.94
81.95
81.95
81.94
81.93
81.93
81.93
81.94
81.94
81.93
81.93
81.92
81.93
81.93
81.94
81.93
81.94
81.94
81.93
81.94
81.93
81.94
81.94
81.94
81.94
81.95
81.94
81.94
81.95
81.95
81.96
81.97
81.97
81.96
81.97
81.98
81.99
81.98
81.98
81.98
81.96
81.96
81.95
81.95
81.96
81.96
81.96
81.96
81.96
81.94
81.94
81.93
81.93
81.93
81.92
81.92
81.92
81.91
81.92
81.92
81.93
81.93
81.93
81.93
81.93
81.93
81.93
81.93
81.93
81.93
81.94
81.95
81.94
81.94
81.94
81.93
81.94
81.93
81.94
81.95
81.96
81.95
81.95
81.96
81.96
81.97
81.97
81.98
81.96
81.96
81.95
81.96
81.96
81.96
81.96
81.97
81.97
81.97
81.96
81.97
81.88
