78.12
79.69
81.25
80.47
81.25
80.73
80.80
81.25
81.25
81.25
80.97
81.12
81.13
80.69
80.42
81.05
81.07
81.16
81.41
81.48
81.40
81.46
81.18
81.51
81.00
80.95
81.08
81.14
81.14
81.20
81.15
81.20
81.11
81.20
81.38
81.47
81.55
81.46
81.57
81.72
81.71
81.81
81.76
81.82
81.94
81.90
81.82
81.80
81.79
81.78
81.92
82.06
82.08
82.00
82.13
82.09
82.15
82.17
82.26
82.21
82.15
82.08
82.12
82.01
82.04
82.10
82.02
82.05
82.13
82.17
82.22
82.23
82.26
82.26
82.25
82.24
82.24
82.21
82.20
82.25
82.27
82.24
82.23
82.18
82.19
82.23
82.33
82.35
82.27
82.26
82.26
82.29
82.36
82.33
82.25
82.23
82.20
82.19
82.15
82.14
82.18
82.22
82.22
82.14
82.16
82.25
82.18
82.19
82.14
82.12
82.11
82.03
82.07
82.02
81.88
81.87
81.82
81.85
81.81
81.78
81.75
81.76
81.77
81.80
81.88
81.89
81.91
81.92
81.88
81.81
81.80
81.84
81.74
81.77
81.75
81.77
81.77
81.75
81.74
81.77
81.84
81.90
81.92
81.91
81.90
81.90
81.89
81.86
81.85
81.80
81.82
81.77
81.77
81.77
81.75
81.70
81.70
81.70
81.71
81.74
81.74
81.75
81.71
81.72
81.76
81.73
81.70
81.66
81.65
81.69
81.75
81.77
81.77
81.77
81.73
81.74
81.77
81.79
81.83
81.83
81.82
81.81
81.80
81.84
81.84
81.83
81.84
81.87
81.87
81.87
81.86
81.86
81.82
81.83
81.84
81.85
81.84
81.83
81.84
81.77
81.78
81.76
81.72
81.72
81.71
81.74
81.76
81.73
81.77
81.78
81.75
81.77
81.78
81.80
81.84
81.84
81.82
81.81
81.81
81.81
81.80
81.81
81.85
81.83
81.82
81.79
81.79
81.81
81.80
81.78
81.78
81.78
81.78
81.80
81.78
81.78
81.76
81.78
81.78
81.79
81.79
81.79
81.79
81.79
81.79
81.81
81.81
81.81
81.78
81.77
81.77
81.77
81.76
81.77
81.75
81.77
81.79
81.75
81.77
81.77
81.75
81.75
81.75
81.79
81.79
81.82
81.79
81.81
81.78
81.80
81.79
81.78
81.80
81.80
81.78
81.78
81.79
81.78
81.78
81.77
81.76
81.73
81.75
81.75
81.74
81.74
81.73
81.72
81.73
81.73
81.73
81.73
81.72
81.72
81.72
81.75
81.75
81.76
81.75
81.74
81.75
81.76
81.75
81.75
81.75
81.77
81.78
81.76
81.74
81.75
81.73
81.73
81.72
81.73
81.74
81.74
81.73
81.73
81.74
81.77
81.76
81.78
81.80
81.80
81.83
81.83
81.81
81.81
81.82
81.81
81.77
81.79
81.76
81.77
81.76
81.78
81.78
81.80
81.79
81.79
81.80
81.80
81.83
81.80
81.77
81.78
81.77
81.78
81.78
81.78
81.79
81.79
81.81
81.83
81.84
81.85
81.85
81.84
81.83
81.84
81.84
81.82
81.83
81.83
81.86
81.85
81.85
81.87
81.85
81.85
81.87
81.87
81.84
81.84
81.83
81.82
81.81
81.82
81.81
81.79
81.79
81.81
81.82
81.83
81.84
81.85
81.86
81.87
81.88
81.89
81.88
81.89
81.88
81.87
81.88
81.88
81.90
81.91
81.90
81.89
81.89
81.88
81.86
81.87
81.89
81.90
81.89
81.89
81.90
81.91
81.93
81.95
81.93
81.94
81.94
81.94
81.94
81.96
81.94
81.93
81.96
81.97
81.98
81.97
81.94
81.94
81.94
81.96
81.96
81.94
81.93
81.94
81.93
81.93
81.92
81.95
81.96
81.96
81.97
81.96
81.97
81.97
81.97
81.95
81.94
81.93
81.95
81.94
81.93
81.94
81.91
81.91
81.91
81.91
81.92
81.91
81.92
81.94
81.92
81.91
81.92
81.92
81.94
81.92
81.92
81.94
81.91
81.90
81.92
81.91
81.91
81.90
81.91
81.89
81.90
81.92
81.91
81.91
81.91
81.89
81.90
81.90
81.93
81.93
81.94
81.93
81.91
81.91
81.92
81.91
81.89
81.91
81.90
81.88
81.88
81.90
81.91
81.91
81.90
81.91
81.93
81.94
81.94
81.95
81.94
81.94
81.93
81.95
81.96
81.96
81.97
81.97
81.98
81.96
81.96
81.96
81.98
81.99
81.98
81.98
81.98
81.98
81.98
81.99
82.00
82.00
82.01
82.02
82.01
82.01
82.02
82.01
82.00
82.00
82.00
81.99
81.97
81.96
81.97
81.97
81.98
81.98
81.98
81.98
81.98
81.98
81.98
81.98
81.98
81.99
81.98
81.97
81.98
81.99
81.99
82.00
82.00
81.99
81.98
81.98
81.98
81.98
81.96
81.96
81.95
81.95
81.94
81.94
81.94
81.95
81.95
81.95
81.95
81.94
81.95
81.94
81.94
81.93
81.95
81.94
81.95
81.95
81.95
81.93
81.93
81.91
81.90
81.92
81.92
81.92
81.93
81.94
81.95
81.94
81.92
81.93
81.94
81.94
81.94
81.93
81.94
81.95
81.94
81.93
81.92
81.92
81.92
81.91
81.92
81.92
81.92
81.91
81.91
81.91
81.91
81.91
81.92
81.92
81.92
81.92
81.92
81.91
81.92
81.91
81.90
81.91
81.92
81.92
81.92
81.93
81.93
81.93
81.93
81.92
81.91
81.91
81.91
81.91
81.91
81.91
81.90
81.89
81.89
81.90
81.89
81.90
81.91
81.91
81.93
81.93
81.93
81.94
81.94
81.94
81.94
81.94
81.94
81.94
81.94
81.94
81.94
81.95
81.94
81.94
81.94
81.92
81.93
81.94
81.94
81.95
81.94
81.93
81.92
81.93
81.93
81.94
81.94
81.94
81.94
81.93
81.93
81.94
81.95
81.94
81.94
81.94
81.95
81.95
81.95
81.96
81.96
81.96
81.96
81.95
81.95
81.95
81.94
81.95
81.95
81.95
81.96
81.96
81.95
81.95
81.93
81.93
81.95
81.94
81.94
81.94
81.95
81.95
81.96
81.95
81.96
81.95
81.95
81.95
81.96
81.96
81.96
81.96
81.96
81.96
81.97
81.98
81.97
81.98
81.97
81.97
81.97
81.97
81.96
81.96
81.96
81.96
81.97
81.97
81.98
81.96
81.97
81.96
81.96
81.96
81.95
81.96
81.95
81.94
81.94
81.94
81.94
81.94
81.94
81.94
81.94
81.93
81.93
81.94
81.94
81.94
81.93
81.93
81.93
81.93
81.94
81.95
81.96
81.95
81.96
81.95
81.95
81.96
81.95
81.96
81.96
81.97
81.98
81.98
81.97
81.98
81.98
81.90
