79.69
82.81
82.29
82.81
82.50
83.59
84.15
83.79
84.38
84.69
85.09
85.16
84.38
84.38
84.38
84.08
83.92
83.77
83.72
83.75
83.93
83.66
83.56
83.66
83.38
83.29
83.10
82.98
83.14
82.86
82.86
82.86
82.91
83.00
82.77
82.90
82.85
82.94
82.85
82.93
82.89
82.89
83.03
83.03
82.95
83.02
82.88
82.94
82.88
82.72
82.69
82.66
82.67
82.67
82.73
82.81
82.89
82.92
82.84
82.84
82.86
82.94
82.91
82.84
82.81
82.79
82.88
82.72
82.70
82.81
82.72
82.70
82.68
82.54
82.46
82.32
82.33
82.29
82.26
82.38
82.43
82.43
82.44
82.53
82.50
82.52
82.54
82.55
82.64
82.67
82.78
82.80
82.76
82.76
82.78
82.73
82.70
82.76
82.73
82.69
82.69
82.66
82.72
82.75
82.74
82.81
82.81
82.81
82.78
82.77
82.70
82.60
82.62
82.65
82.64
82.50
82.59
82.51
82.52
82.47
82.48
82.45
82.46
82.50
82.47
82.47
82.52
82.51
82.46
82.51
82.53
82.53
82.58
82.54
82.60
82.61
82.60
82.60
82.61
82.60
82.61
82.63
82.63
82.67
82.67
82.61
82.58
82.53
82.58
82.60
82.57
82.58
82.52
82.40
82.42
82.43
82.41
82.39
82.35
82.38
82.38
82.37
82.38
82.35
82.36
82.34
82.34
82.39
82.41
82.44
82.39
82.38
82.41
82.42
82.40
82.41
82.44
82.41
82.45
82.44
82.47
82.48
82.45
82.47
82.47
82.42
82.41
82.41
82.39
82.38
82.35
82.35
82.35
82.35
82.39
82.38
82.39
82.38
82.40
82.37
82.36
82.39
82.35
82.39
82.38
82.39
82.37
82.38
82.36
82.37
82.35
82.35
82.37
82.40
82.41
82.41
82.38
82.35
82.38
82.38
82.38
82.40
82.41
82.41
82.40
82.37
82.37
82.39
82.36
82.35
82.37
82.37
82.37
82.35
82.36
82.38
82.40
82.41
82.41
82.38
82.39
82.39
82.38
82.38
82.36
82.36
82.34
82.35
82.36
82.36
82.39
82.40
82.43
82.42
82.43
82.43
82.40
82.41
82.41
82.42
82.40
82.42
82.45
82.48
82.49
82.48
82.48
82.48
82.47
82.47
82.49
82.50
82.51
82.50
82.51
82.55
82.56
82.59
82.61
82.62
82.62
82.61
82.62
82.62
82.61
82.59
82.58
82.55
82.55
82.55
82.57
82.57
82.58
82.57
82.59
82.62
82.60
82.59
82.56
82.56
82.59
82.61
82.60
82.59
82.61
82.59
82.57
82.56
82.56
82.56
82.55
82.56
82.58
82.57
82.57
82.57
82.54
82.51
82.51
82.52
82.52
82.51
82.49
82.48
82.47
82.47
82.47
82.45
82.45
82.44
82.45
82.45
82.46
82.47
82.46
82.45
82.44
82.45
82.42
82.40
82.40
82.41
82.42
82.43
82.44
82.46
82.43
82.44
82.45
82.43
82.44
82.44
82.43
82.42
82.43
82.43
82.44
82.41
82.41
82.39
82.38
82.38
82.36
82.36
82.37
82.36
82.37
82.35
82.35
82.34
82.33
82.32
82.33
82.30
82.31
82.31
82.28
82.30
82.31
82.31
82.30
82.28
82.28
82.28
82.28
82.29
82.30
82.29
82.28
82.29
82.29
82.28
82.29
82.28
82.27
82.26
82.27
82.27
82.27
82.29
82.27
82.28
82.29
82.28
82.29
82.27
82.28
82.29
82.27
82.28
82.28
82.26
82.25
82.27
82.24
82.26
82.25
82.23
82.22
82.23
82.23
82.23
82.22
82.23
82.23
82.24
82.23
82.22
82.24
82.22
82.24
82.22
82.22
82.22
82.23
82.22
82.23
82.21
82.21
82.22
82.21
82.20
82.22
82.21
82.19
82.20
82.19
82.18
82.18
82.19
82.18
82.17
82.18
82.17
82.16
82.17
82.18
82.17
82.18
82.17
82.16
82.16
82.16
82.17
82.16
82.16
82.15
82.15
82.16
82.14
82.16
82.16
82.14
82.14
82.12
82.12
82.10
82.08
82.08
82.07
82.06
82.05
82.05
82.06
82.03
82.03
82.03
82.02
82.01
82.02
82.02
82.02
82.01
82.02
82.01
82.02
82.01
82.02
82.03
82.03
82.04
82.03
82.03
82.04
82.05
82.05
82.07
82.08
82.08
82.07
82.07
82.07
82.07
82.06
82.06
82.04
82.03
82.03
82.05
82.05
82.06
82.06
82.07
82.06
82.05
82.05
82.03
82.03
82.04
82.03
82.03
82.02
82.03
82.03
82.04
82.04
82.04
82.03
82.02
82.01
82.01
82.00
82.00
82.01
82.01
82.01
82.01
81.99
81.98
81.98
81.97
81.96
81.95
81.95
81.95
81.95
81.95
81.95
81.95
81.97
81.97
82.00
82.00
81.98
81.97
81.96
81.97
81.97
81.97
81.96
81.97
81.98
81.99
81.98
81.98
81.97
81.97
81.97
81.95
81.95
81.97
81.98
81.99
82.00
82.00
82.00
81.99
82.00
82.01
82.00
82.01
82.00
82.01
82.01
82.02
82.02
82.03
82.03
82.01
82.01
82.00
82.00
82.00
82.00
81.99
81.98
81.97
81.97
81.98
81.99
81.98
81.99
81.99
81.98
81.98
81.99
81.98
81.98
81.99
81.99
82.00
82.01
82.01
82.00
82.00
82.01
82.00
82.00
82.00
82.00
81.99
81.98
81.97
81.97
81.98
81.97
81.99
81.99
82.00
82.00
82.00
82.00
82.01
81.99
81.99
82.00
82.01
82.00
81.99
81.99
81.98
81.98
81.98
81.96
81.97
81.97
81.98
81.98
81.98
81.96
81.96
81.96
81.97
81.98
81.99
81.98
81.99
81.98
81.98
81.97
81.97
81.96
81.97
81.98
81.98
81.99
81.98
81.99
81.99
81.97
81.97
81.96
81.97
81.97
81.97
81.96
81.97
81.96
81.96
81.95
81.95
81.95
81.94
81.95
81.95
81.95
81.95
81.94
81.95
81.95
81.96
81.96
81.95
81.95
81.95
81.97
81.97
81.98
81.98
81.99
81.98
81.99
82.00
81.99
81.98
81.99
81.99
81.99
81.98
81.99
81.99
81.99
81.99
81.99
82.00
82.00
82.00
82.00
81.99
81.99
81.98
81.98
81.98
81.97
81.97
81.97
81.97
81.97
81.96
81.95
81.95
81.95
81.96
81.95
81.95
81.96
81.95
81.96
81.96
81.96
81.96
81.97
81.97
81.97
81.97
81.97
81.98
81.98
81.98
81.98
81.99
81.99
81.98
81.97
81.97
81.97
81.97
81.97
81.98
81.98
81.98
81.99
81.99
81.98
81.98
81.98
81.97
81.96
81.96
81.96
81.95
81.87
