87.50
82.81
83.33
83.59
82.19
82.29
81.70
82.81
82.99
82.97
83.24
83.33
83.53
82.81
82.08
81.84
82.08
82.20
81.91
82.19
81.99
81.96
81.86
81.58
81.38
81.19
81.31
81.14
81.25
81.30
81.40
81.54
81.58
81.71
81.61
81.55
81.50
81.50
81.57
81.64
81.71
81.85
81.94
82.00
82.12
81.93
81.88
81.71
81.44
81.53
81.50
81.61
81.57
81.60
81.68
81.61
81.74
81.65
81.57
81.61
81.66
81.80
81.80
81.79
81.75
81.70
81.86
81.87
81.84
81.81
81.80
81.84
81.81
81.80
81.71
81.72
81.72
81.65
81.57
81.52
81.44
81.46
81.57
81.57
81.64
81.67
81.66
81.73
81.76
81.79
81.87
81.81
81.72
81.75
81.78
81.75
81.75
81.82
81.91
81.95
82.02
82.09
82.13
82.11
82.16
82.19
82.18
82.18
82.18
82.16
82.19
82.23
82.18
82.24
82.20
82.21
82.22
82.14
82.08
82.11
82.12
82.12
82.18
82.18
82.19
82.23
82.22
82.21
82.21
82.20
82.22
82.21
82.15
82.21
82.15
82.17
82.20
82.20
82.21
82.17
82.19
82.24
82.24
82.26
82.27
82.28
82.28
82.18
82.24
82.25
82.22
82.21
82.21
82.20
82.22
82.22
82.19
82.17
82.17
82.20
82.21
82.25
82.29
82.36
82.35
82.35
82.35
82.38
82.40
82.43
82.41
82.45
82.41
82.41
82.41
82.47
82.45
82.51
82.51
82.46
82.46
82.41
82.39
82.42
82.42
82.46
82.44
82.41
82.41
82.43
82.44
82.41
82.38
82.39
82.40
82.43
82.47
82.47
82.48
82.49
82.51
82.49
82.48
82.49
82.43
82.42
82.41
82.42
82.46
82.46
82.46
82.45
82.46
82.49
82.52
82.49
82.48
82.49
82.48
82.46
82.42
82.42
82.42
82.44
82.44
82.47
82.45
82.45
82.44
82.47
82.49
82.48
82.50
82.51
82.53
82.51
82.54
82.54
82.56
82.56
82.59
82.56
82.53
82.53
82.50
82.52
82.52
82.51
82.50
82.46
82.45
82.45
82.40
82.39
82.37
82.37
82.36
82.36
82.34
82.33
82.33
82.34
82.34
82.32
82.34
82.32
82.32
82.34
82.32
82.30
82.27
82.27
82.26
82.26
82.24
82.26
82.24
82.24
82.24
82.25
82.25
82.26
82.24
82.27
82.28
82.29
82.28
82.26
82.29
82.29
82.30
82.30
82.32
82.31
82.34
82.31
82.31
82.32
82.31
82.31
82.31
82.32
82.31
82.32
82.32
82.32
82.33
82.35
82.35
82.35
82.38
82.39
82.41
82.41
82.39
82.39
82.42
82.43
82.46
82.44
82.45
82.41
82.41
82.40
82.42
82.43
82.43
82.44
82.42
82.42
82.43
82.44
82.44
82.43
82.42
82.41
82.43
82.46
82.47
82.44
82.45
82.46
82.45
82.41
82.40
82.39
82.41
82.40
82.41
82.43
82.43
82.43
82.43
82.40
82.40
82.38
82.36
82.36
82.37
82.40
82.39
82.39
82.39
82.38
82.39
82.40
82.40
82.38
82.35
82.36
82.34
82.34
82.35
82.33
82.35
82.35
82.34
82.32
82.32
82.33
82.32
82.34
82.33
82.30
82.31
82.29
82.29
82.28
82.29
82.26
82.24
82.24
82.25
82.26
82.24
82.24
82.23
82.22
82.23
82.20
82.19
82.18
82.19
82.19
82.18
82.18
82.18
82.20
82.20
82.20
82.21
82.18
82.20
82.21
82.23
82.23
82.22
82.22
82.22
82.24
82.25
82.24
82.23
82.21
82.21
82.20
82.21
82.20
82.21
82.19
82.19
82.19
82.17
82.16
82.14
82.14
82.13
82.13
82.13
82.14
82.14
82.15
82.14
82.15
82.12
82.12
82.13
82.12
82.13
82.13
82.13
82.12
82.11
82.11
82.12
82.14
82.11
82.10
82.10
82.08
82.08
82.08
82.09
82.10
82.11
82.09
82.10
82.11
82.10
82.10
82.09
82.07
82.07
82.06
82.06
82.06
82.05
82.05
82.05
82.05
82.06
82.07
82.07
82.06
82.06
82.05
82.04
82.04
82.05
82.06
82.06
82.06
82.06
82.05
82.06
82.05
82.05
82.06
82.06
82.07
82.07
82.07
82.08
82.09
82.08
82.09
82.09
82.10
82.11
82.11
82.12
82.10
82.12
82.12
82.12
82.10
82.12
82.12
82.11
82.11
82.12
82.10
82.10
82.10
82.09
82.09
82.09
82.09
82.08
82.07
82.06
82.07
82.07
82.08
82.08
82.08
82.09
82.09
82.09
82.09
82.08
82.09
82.08
82.07
82.04
82.05
82.03
82.04
82.04
82.03
82.05
82.05
82.04
82.04
82.03
82.02
82.04
82.04
82.04
82.04
82.04
82.05
82.05
82.04
82.05
82.04
82.05
82.04
82.05
82.04
82.05
82.05
82.06
82.05
82.05
82.06
82.08
82.07
82.08
82.07
82.07
82.07
82.08
82.08
82.08
82.08
82.07
82.07
82.06
82.06
82.07
82.07
82.06
82.05
82.05
82.03
82.04
82.03
82.02
82.01
82.03
82.03
82.03
82.04
82.04
82.04
82.05
82.06
82.05
82.07
82.07
82.07
82.07
82.07
82.07
82.07
82.07
82.08
82.07
82.06
82.06
82.05
82.03
82.03
82.02
82.03
82.03
82.01
82.01
82.01
82.03
82.03
82.03
82.03
82.03
82.02
82.02
82.02
82.01
82.00
81.99
81.99
81.99
81.99
81.99
81.99
82.00
82.00
81.99
81.99
81.97
81.98
81.98
81.98
81.97
81.97
81.97
81.97
81.97
81.98
81.98
81.98
81.98
81.96
81.94
81.94
81.96
81.96
81.97
81.97
81.96
81.97
81.97
81.97
81.96
81.95
81.94
81.95
81.95
81.96
81.96
81.96
81.95
81.95
81.97
81.98
81.98
81.97
81.97
81.98
81.98
81.99
81.99
81.98
81.99
81.99
81.98
81.98
81.98
81.98
81.99
81.99
81.99
81.99
81.99
81.99
82.00
82.00
82.00
82.01
82.01
82.01
82.00
81.99
81.99
81.98
81.96
81.97
81.97
81.97
81.97
81.94
81.94
81.94
81.94
81.95
81.94
81.95
81.95
81.95
81.93
81.94
81.92
81.92
81.92
81.92
81.91
81.90
81.92
81.91
81.92
81.92
81.93
81.92
81.93
81.94
81.94
81.92
81.93
81.93
81.92
81.92
81.91
81.90
81.89
81.89
81.88
81.90
81.91
81.91
81.91
81.91
81.91
81.91
81.91
81.92
81.92
81.91
81.92
81.92
81.91
81.90
81.90
81.91
81.91
81.91
81.91
81.90
81.89
81.88
81.88
81.81
