92.19
88.28
83.85
82.81
81.56
82.29
82.37
82.81
83.16
83.28
83.95
83.33
82.93
83.15
83.23
83.30
83.00
83.16
83.39
83.05
83.11
83.31
83.49
83.20
83.31
83.05
82.87
82.87
82.87
82.92
82.86
82.57
82.53
82.72
82.63
82.64
82.64
82.44
82.53
82.73
82.74
82.63
82.67
82.60
82.57
82.64
82.68
82.71
82.75
82.69
82.75
82.66
82.64
82.64
82.56
82.48
82.32
82.38
82.31
82.42
82.40
82.48
82.44
82.42
82.43
82.46
82.37
82.31
82.31
82.39
82.42
82.38
82.45
82.52
82.54
82.55
82.55
82.61
82.69
82.77
82.77
82.76
82.76
82.81
82.85
82.81
82.78
82.74
82.67
82.60
82.68
82.63
82.61
82.68
82.65
82.65
82.62
82.59
82.54
82.55
82.47
82.46
82.49
82.45
82.44
82.40
82.42
82.51
82.54
82.46
82.46
82.46
82.44
82.42
82.43
82.42
82.47
82.45
82.46
82.46
82.53
82.56
82.58
82.64
82.67
82.64
82.60
82.57
82.55
82.57
82.55
82.53
82.52
82.51
82.51
82.48
82.52
82.53
82.49
82.48
82.51
82.53
82.52
82.52
82.49
82.45
82.42
82.43
82.45
82.45
82.47
82.47
82.44
82.42
82.40
82.44
82.49
82.53
82.61
82.57
82.58
82.58
82.55
82.54
82.57
82.52
82.50
82.44
82.44
82.47
82.47
82.50
82.50
82.53
82.56
82.54
82.53
82.56
82.57
82.55
82.54
82.55
82.51
82.50
82.53
82.52
82.55
82.54
82.55
82.53
82.49
82.51
82.51
82.53
82.48
82.44
82.44
82.45
82.44
82.40
82.44
82.42
82.45
82.46
82.44
82.46
82.44
82.43
82.43
82.44
82.45
82.44
82.43
82.45
82.49
82.48
82.48
82.48
82.48
82.47
82.49
82.50
82.51
82.53
82.57
82.54
82.55
82.56
82.59
82.61
82.61
82.63
82.61
82.59
82.57
82.57
82.56
82.60
82.64
82.66
82.66
82.64
82.66
82.61
82.61
82.61
82.57
82.59
82.57
82.54
82.58
82.59
82.58
82.57
82.56
82.57
82.54
82.55
82.49
82.49
82.51
82.50
82.46
82.46
82.47
82.50
82.51
82.49
82.48
82.47
82.47
82.45
82.44
82.43
82.43
82.44
82.43
82.44
82.44
82.40
82.41
82.41
82.40
82.41
82.40
82.41
82.43
82.42
82.42
82.43
82.43
82.43
82.44
82.46
82.43
82.42
82.39
82.37
82.38
82.39
82.38
82.38
82.41
82.40
82.41
82.40
82.41
82.40
82.41
82.37
82.38
82.37
82.37
82.36
82.37
82.35
82.36
82.33
82.29
82.28
82.28
82.29
82.29
82.28
82.29
82.31
82.33
82.33
82.35
82.38
82.38
82.36
82.32
82.32
82.33
82.33
82.35
82.36
82.35
82.34
82.34
82.33
82.34
82.32
82.31
82.31
82.30
82.31
82.31
82.27
82.28
82.25
82.25
82.27
82.26
82.26
82.27
82.26
82.26
82.24
82.23
82.23
82.23
82.22
82.24
82.25
82.26
82.26
82.26
82.23
82.24
82.23
82.23
82.22
82.22
82.21
82.22
82.23
82.24
82.25
82.23
82.24
82.26
82.26
82.25
82.26
82.26
82.26
82.26
82.25
82.27
82.25
82.24
82.23
82.22
82.22
82.23
82.24
82.23
82.22
82.23
82.25
82.24
82.21
82.21
82.20
82.17
82.17
82.16
82.17
82.17
82.17
82.17
82.17
82.16
82.18
82.14
82.14
82.14
82.12
82.11
82.12
82.11
82.11
82.12
82.15
82.16
82.18
82.19
82.20
82.20
82.20
82.18
82.18
82.17
82.16
82.17
82.19
82.17
82.17
82.15
82.14
82.13
82.13
82.12
82.13
82.13
82.13
82.14
82.15
82.14
82.12
82.12
82.11
82.09
82.09
82.08
82.10
82.10
82.10
82.10
82.10
82.12
82.12
82.13
82.12
82.13
82.10
82.09
82.09
82.08
82.09
82.09
82.10
82.10
82.10
82.10
82.10
82.10
82.09
82.09
82.09
82.09
82.09
82.09
82.10
82.12
82.11
82.14
82.13
82.14
82.15
82.15
82.15
82.16
82.15
82.17
82.18
82.18
82.17
82.18
82.19
82.19
82.19
82.18
82.18
82.15
82.15
82.15
82.15
82.16
82.16
82.16
82.15
82.13
82.13
82.14
82.13
82.13
82.14
82.14
82.15
82.15
82.15
82.14
82.13
82.14
82.15
82.15
82.15
82.17
82.15
82.15
82.15
82.13
82.11
82.11
82.12
82.13
82.12
82.12
82.10
82.09
82.08
82.10
82.09
82.10
82.11
82.10
82.09
82.09
82.11
82.11
82.12
82.13
82.12
82.11
82.10
82.09
82.09
82.11
82.10
82.10
82.10
82.09
82.09
82.08
82.08
82.08
82.08
82.10
82.09
82.09
82.09
82.10
82.10
82.09
82.08
82.08
82.08
82.08
82.08
82.07
82.07
82.07
82.06
82.05
82.05
82.04
82.04
82.04
82.03
82.03
82.03
82.04
82.04
82.04
82.04
82.04
82.04
82.04
82.03
82.04
82.05
82.05
82.05
82.05
82.05
82.06
82.05
82.04
82.04
82.04
82.04
82.04
82.05
82.05
82.05
82.06
82.06
82.07
82.07
82.06
82.06
82.07
82.06
82.05
82.04
82.04
82.05
82.05
82.05
82.05
82.05
82.06
82.08
82.08
82.08
82.07
82.08
82.07
82.07
82.05
82.06
82.06
82.05
82.05
82.05
82.05
82.05
82.05
82.06
82.04
82.05
82.06
82.07
82.07
82.08
82.06
82.06
82.06
82.07
82.07
82.07
82.07
82.07
82.08
82.07
82.08
82.08
82.07
82.07
82.07
82.08
82.08
82.09
82.09
82.08
82.06
82.05
82.06
82.07
82.08
82.08
82.08
82.06
82.06
82.07
82.06
82.06
82.05
82.04
82.06
82.04
82.04
82.04
82.04
82.03
82.03
82.03
82.02
82.02
82.03
82.02
82.03
82.03
82.03
82.02
82.02
82.03
82.03
82.02
82.02
82.03
82.01
82.01
82.01
82.00
81.99
81.98
81.99
81.99
81.99
81.99
81.99
81.99
81.98
82.00
82.01
82.00
82.00
82.00
82.01
82.01
82.01
82.01
81.99
81.99
81.98
81.98
81.97
81.96
81.95
81.95
81.95
81.95
81.96
81.94
81.94
81.94
81.94
81.93
81.93
81.94
81.95
81.95
81.95
81.95
81.95
81.97
81.97
81.97
81.98
81.98
81.99
81.98
81.99
81.99
81.99
81.99
81.99
81.99
81.99
82.00
81.99
82.00
82.00
82.00
81.99
81.98
81.98
81.90
