79.69
79.69
79.69
81.64
80.94
80.73
81.03
81.05
81.42
81.41
81.11
81.25
81.37
81.36
81.56
81.45
81.07
81.51
81.83
81.56
81.47
82.03
82.13
81.97
81.88
81.73
81.48
81.42
81.36
81.51
81.60
81.79
81.72
81.76
81.43
81.25
81.12
81.09
81.21
81.25
81.40
81.40
81.50
81.61
81.63
81.83
81.75
81.80
81.47
81.53
81.50
81.52
81.40
81.34
81.28
81.19
81.30
81.25
81.22
81.22
81.22
81.20
81.15
81.10
81.08
81.06
81.04
81.00
81.00
81.05
81.05
80.95
80.97
80.93
80.96
80.92
80.93
81.01
80.87
80.86
80.75
80.72
80.76
80.77
80.85
80.89
80.91
80.89
81.04
81.02
81.11
81.15
81.22
81.22
81.27
81.30
81.31
81.27
81.23
81.16
81.10
81.10
81.13
81.17
81.12
81.21
81.25
81.35
81.39
81.41
81.49
81.43
81.39
81.35
81.37
81.43
81.42
81.48
81.49
81.50
81.52
81.54
81.59
81.65
81.65
81.63
81.64
81.57
81.56
81.60
81.62
81.59
81.60
81.59
81.56
81.54
81.59
81.61
81.58
81.54
81.57
81.59
81.61
81.55
81.54
81.54
81.55
81.54
81.49
81.53
81.53
81.53
81.56
81.54
81.51
81.44
81.43
81.44
81.43
81.40
81.43
81.42
81.43
81.41
81.47
81.50
81.49
81.48
81.44
81.41
81.38
81.34
81.33
81.31
81.30
81.31
81.27
81.24
81.21
81.22
81.20
81.25
81.29
81.32
81.31
81.27
81.23
81.20
81.18
81.20
81.18
81.23
81.21
81.19
81.19
81.22
81.26
81.28
81.27
81.28
81.26
81.27
81.17
81.20
81.20
81.19
81.20
81.18
81.16
81.15
81.15
81.14
81.15
81.15
81.16
81.18
81.21
81.24
81.23
81.22
81.21
81.19
81.19
81.19
81.19
81.24
81.26
81.25
81.26
81.28
81.32
81.32
81.26
81.26
81.29
81.28
81.30
81.28
81.28
81.26
81.26
81.24
81.29
81.24
81.25
81.28
81.28
81.31
81.31
81.31
81.32
81.32
81.34
81.36
81.37
81.38
81.38
81.40
81.39
81.38
81.37
81.38
81.32
81.33
81.32
81.31
81.36
81.37
81.37
81.36
81.37
81.38
81.39
81.38
81.39
81.38
81.38
81.36
81.35
81.32
81.34
81.34
81.34
81.34
81.34
81.36
81.36
81.35
81.36
81.35
81.35
81.34
81.32
81.35
81.35
81.37
81.39
81.37
81.37
81.41
81.43
81.44
81.44
81.44
81.44
81.44
81.43
81.41
81.42
81.42
81.45
81.46
81.46
81.45
81.47
81.47
81.48
81.52
81.54
81.56
81.58
81.57
81.56
81.54
81.53
81.52
81.51
81.53
81.52
81.51
81.50
81.51
81.52
81.54
81.52
81.50
81.49
81.50
81.52
81.50
81.50
81.48
81.48
81.46
81.47
81.48
81.48
81.48
81.48
81.50
81.49
81.49
81.49
81.48
81.46
81.46
81.43
81.44
81.45
81.44
81.44
81.42
81.42
81.43
81.41
81.43
81.42
81.41
81.42
81.41
81.42
81.42
81.41
81.43
81.43
81.43
81.42
81.43
81.44
81.43
81.42
81.42
81.43
81.42
81.41
81.39
81.40
81.39
81.37
81.38
81.39
81.38
81.39
81.38
81.39
81.38
81.38
81.36
81.37
81.36
81.35
81.34
81.35
81.36
81.37
81.37
81.37
81.38
81.36
81.37
81.37
81.36
81.37
81.35
81.34
81.34
81.33
81.33
81.33
81.31
81.31
81.33
81.31
81.31
81.32
81.31
81.32
81.31
81.32
81.33
81.34
81.35
81.35
81.35
81.34
81.35
81.36
81.36
81.37
81.40
81.38
81.38
81.39
81.41
81.40
81.39
81.41
81.40
81.40
81.41
81.41
81.40
81.41
81.39
81.38
81.40
81.40
81.41
81.42
81.43
81.44
81.43
81.43
81.40
81.39
81.40
81.39
81.39
81.40
81.40
81.42
81.43
81.43
81.42
81.43
81.44
81.45
81.45
81.45
81.46
81.46
81.44
81.47
81.48
81.48
81.48
81.47
81.48
81.46
81.47
81.48
81.47
81.48
81.47
81.48
81.48
81.48
81.48
81.48
81.47
81.47
81.47
81.49
81.49
81.48
81.47
81.47
81.47
81.48
81.50
81.50
81.51
81.51
81.52
81.51
81.50
81.51
81.52
81.51
81.52
81.53
81.53
81.53
81.52
81.51
81.51
81.50
81.50
81.50
81.52
81.51
81.52
81.52
81.52
81.51
81.51
81.52
81.53
81.53
81.54
81.55
81.54
81.54
81.54
81.54
81.54
81.54
81.55
81.55
81.55
81.56
81.57
81.58
81.57
81.58
81.58
81.57
81.56
81.57
81.57
81.57
81.57
81.57
81.56
81.56
81.57
81.56
81.57
81.57
81.57
81.57
81.57
81.57
81.58
81.58
81.59
81.58
81.57
81.56
81.57
81.58
81.57
81.57
81.59
81.59
81.58
81.59
81.58
81.58
81.58
81.58
81.57
81.56
81.57
81.57
81.58
81.59
81.59
81.60
81.60
81.61
81.61
81.62
81.63
81.62
81.61
81.62
81.61
81.61
81.62
81.62
81.62
81.63
81.63
81.64
81.64
81.65
81.65
81.64
81.66
81.66
81.66
81.67
81.68
81.67
81.65
81.65
81.66
81.65
81.66
81.67
81.68
81.69
81.70
81.71
81.72
81.71
81.71
81.71
81.72
81.71
81.70
81.71
81.71
81.71
81.72
81.72
81.71
81.71
81.72
81.73
81.73
81.72
81.72
81.71
81.71
81.71
81.72
81.72
81.73
81.73
81.73
81.73
81.74
81.73
81.73
81.73
81.74
81.73
81.73
81.73
81.74
81.74
81.74
81.74
81.74
81.74
81.75
81.74
81.74
81.75
81.75
81.75
81.76
81.75
81.74
81.75
81.75
81.75
81.76
81.77
81.77
81.77
81.75
81.74
81.74
81.74
81.73
81.72
81.72
81.72
81.72
81.73
81.72
81.72
81.71
81.71
81.72
81.71
81.70
81.69
81.69
81.70
81.70
81.70
81.70
81.69
81.67
81.68
81.68
81.68
81.69
81.69
81.69
81.69
81.68
81.67
81.67
81.67
81.67
81.66
81.66
81.66
81.66
81.66
81.67
81.67
81.67
81.67
81.67
81.68
81.69
81.68
81.70
81.69
81.69
81.70
81.70
81.71
81.71
81.71
81.72
81.72
81.73
81.72
81.72
81.73
81.72
81.74
81.74
81.75
81.76
81.75
81.75
81.76
81.76
81.76
81.76
81.75
81.75
81.74
81.74
81.74
81.74
81.73
81.74
81.74
81.74
81.75
81.75
81.75
81.67
