92.19
88.28
84.90
80.86
81.56
81.77
81.03
79.88
80.21
80.62
81.25
81.38
82.09
82.14
81.56
81.54
81.34
81.25
81.50
81.33
81.77
81.39
81.11
81.18
81.19
80.89
80.50
80.36
80.39
80.62
80.80
80.62
80.49
80.56
80.58
80.64
80.62
80.76
80.77
80.94
80.95
81.06
81.00
80.97
80.94
80.98
80.92
81.09
80.99
81.06
81.16
81.28
81.37
81.22
81.16
81.19
81.22
81.03
81.06
80.94
80.94
80.90
80.95
81.05
81.06
81.11
81.25
81.27
81.27
81.36
81.38
81.40
81.42
81.44
81.56
81.52
81.51
81.47
81.43
81.50
81.40
81.40
81.40
81.44
81.42
81.52
81.50
81.48
81.51
81.48
81.59
81.57
81.67
81.60
81.60
81.62
81.64
81.73
81.74
81.81
81.73
81.69
81.64
81.55
81.61
81.63
81.66
81.73
81.78
81.82
81.80
81.86
81.84
81.83
81.82
81.80
81.74
81.69
81.59
81.63
81.64
81.62
81.59
81.59
81.57
81.62
81.61
81.63
81.63
81.63
81.62
81.69
81.64
81.56
81.60
81.65
81.61
81.69
81.72
81.74
81.75
81.71
81.70
81.75
81.76
81.76
81.75
81.73
81.75
81.73
81.75
81.70
81.72
81.72
81.76
81.76
81.74
81.76
81.81
81.85
81.84
81.87
81.85
81.92
81.96
81.89
81.85
81.85
81.79
81.76
81.73
81.70
81.67
81.74
81.76
81.72
81.72
81.73
81.71
81.70
81.72
81.77
81.78
81.75
81.75
81.71
81.69
81.72
81.76
81.76
81.73
81.71
81.66
81.64
81.66
81.65
81.61
81.60
81.60
81.59
81.61
81.61
81.63
81.63
81.60
81.60
81.62
81.66
81.70
81.70
81.70
81.74
81.72
81.66
81.65
81.59
81.60
81.55
81.58
81.56
81.53
81.52
81.52
81.50
81.52
81.52
81.50
81.51
81.54
81.55
81.57
81.57
81.58
81.58
81.58
81.55
81.53
81.51
81.50
81.46
81.48
81.47
81.46
81.47
81.50
81.50
81.50
81.49
81.49
81.49
81.51
81.50
81.50
81.51
81.48
81.46
81.47
81.44
81.46
81.45
81.45
81.42
81.44
81.42
81.43
81.43
81.44
81.41
81.40
81.41
81.39
81.36
81.37
81.40
81.39
81.37
81.33
81.32
81.32
81.33
81.33
81.34
81.33
81.37
81.38
81.39
81.38
81.41
81.43
81.44
81.45
81.43
81.46
81.47
81.48
81.51
81.50
81.47
81.47
81.46
81.48
81.47
81.47
81.46
81.43
81.42
81.40
81.40
81.39
81.38
81.38
81.40
81.39
81.41
81.38
81.38
81.34
81.35
81.35
81.36
81.37
81.38
81.35
81.37
81.38
81.36
81.36
81.36
81.36
81.34
81.34
81.29
81.29
81.30
81.31
81.32
81.29
81.28
81.27
81.27
81.29
81.28
81.29
81.30
81.28
81.29
81.33
81.32
81.35
81.33
81.31
81.29
81.30
81.31
81.30
81.30
81.29
81.33
81.29
81.28
81.31
81.31
81.29
81.31
81.33
81.32
81.31
81.30
81.32
81.30
81.28
81.29
81.32
81.33
81.34
81.33
81.32
81.31
81.31
81.30
81.31
81.32
81.32
81.32
81.32
81.32
81.32
81.33
81.33
81.32
81.33
81.34
81.33
81.33
81.31
81.31
81.31
81.30
81.29
81.30
81.31
81.30
81.29
81.30
81.30
81.32
81.33
81.33
81.33
81.32
81.32
81.34
81.33
81.34
81.36
81.35
81.35
81.37
81.36
81.37
81.36
81.35
81.35
81.33
81.34
81.34
81.36
81.35
81.36
81.35
81.37
81.35
81.35
81.35
81.38
81.40
81.40
81.40
81.40
81.41
81.40
81.39
81.39
81.40
81.42
81.43
81.42
81.42
81.43
81.45
81.45
81.46
81.47
81.47
81.48
81.49
81.51
81.51
81.49
81.49
81.50
81.52
81.53
81.53
81.56
81.56
81.55
81.54
81.55
81.56
81.54
81.54
81.55
81.56
81.56
81.58
81.58
81.60
81.60
81.59
81.60
81.59
81.59
81.60
81.60
81.60
81.59
81.60
81.61
81.60
81.59
81.57
81.58
81.57
81.59
81.58
81.58
81.58
81.59
81.58
81.60
81.58
81.57
81.57
81.57
81.56
81.57
81.55
81.54
81.53
81.52
81.52
81.53
81.54
81.54
81.56
81.54
81.55
81.58
81.57
81.57
81.58
81.58
81.57
81.57
81.58
81.60
81.60
81.59
81.59
81.60
81.58
81.59
81.60
81.60
81.61
81.61
81.60
81.59
81.58
81.60
81.58
81.59
81.60
81.60
81.61
81.59
81.60
81.59
81.60
81.60
81.59
81.57
81.57
81.57
81.57
81.59
81.59
81.61
81.60
81.60
81.59
81.59
81.60
81.59
81.60
81.60
81.60
81.59
81.60
81.60
81.61
81.60
81.60
81.59
81.59
81.59
81.58
81.57
81.58
81.57
81.56
81.57
81.58
81.58
81.56
81.57
81.57
81.56
81.58
81.57
81.57
81.58
81.58
81.60
81.60
81.61
81.62
81.63
81.62
81.63
81.63
81.62
81.62
81.61
81.60
81.60
81.60
81.61
81.61
81.62
81.63
81.63
81.63
81.65
81.66
81.68
81.68
81.68
81.67
81.66
81.67
81.66
81.65
81.64
81.63
81.62
81.62
81.63
81.61
81.61
81.61
81.61
81.59
81.60
81.60
81.60
81.60
81.60
81.61
81.61
81.61
81.61
81.62
81.61
81.62
81.63
81.63
81.64
81.64
81.64
81.63
81.62
81.62
81.62
81.61
81.59
81.59
81.59
81.58
81.59
81.59
81.58
81.58
81.58
81.58
81.58
81.57
81.56
81.56
81.55
81.55
81.56
81.55
81.55
81.55
81.55
81.56
81.57
81.57
81.57
81.58
81.56
81.57
81.57
81.57
81.56
81.55
81.55
81.56
81.57
81.58
81.58
81.58
81.59
81.60
81.60
81.61
81.61
81.61
81.61
81.63
81.62
81.63
81.64
81.64
81.64
81.63
81.63
81.64
81.64
81.63
81.62
81.62
81.61
81.61
81.61
81.61
81.60
81.61
81.61
81.61
81.62
81.61
81.61
81.61
81.62
81.62
81.61
81.61
81.60
81.60
81.59
81.59
81.59
81.59
81.60
81.60
81.60
81.60
81.60
81.61
81.61
81.61
81.61
81.61
81.61
81.60
81.60
81.61
81.62
81.62
81.61
81.60
81.61
81.61
81.60
81.60
81.61
81.62
81.63
81.64
81.65
81.65
81.64
81.64
81.64
81.64
81.65
81.64
81.64
81.65
81.66
81.66
81.66
81.66
81.67
81.66
81.68
81.67
81.68
81.60
