81.25
83.59
83.33
81.64
81.88
82.81
82.37
81.84
81.77
81.72
81.68
81.51
82.09
82.37
82.29
82.42
82.26
82.29
81.83
81.88
81.85
82.03
82.07
82.03
81.94
82.27
82.35
82.25
82.00
82.14
82.31
82.13
82.29
82.12
82.28
82.29
82.31
82.48
82.45
82.62
82.55
82.44
82.34
82.35
82.53
82.57
82.45
82.52
82.46
82.53
82.60
82.63
82.64
82.47
82.53
82.37
82.43
82.49
82.55
82.60
82.61
82.64
82.66
82.67
82.67
82.74
82.60
82.56
82.61
82.66
82.70
82.79
82.88
83.00
83.06
83.10
83.16
83.11
82.99
82.85
82.91
82.93
82.89
82.89
82.83
82.89
82.83
82.79
82.71
82.71
82.66
82.52
82.53
82.48
82.45
82.45
82.38
82.33
82.29
82.23
82.26
82.22
82.28
82.29
82.31
82.27
82.23
82.25
82.25
82.26
82.33
82.35
82.27
82.28
82.26
82.23
82.28
82.28
82.27
82.25
82.27
82.26
82.32
82.31
82.27
82.20
82.25
82.30
82.32
82.36
82.37
82.36
82.35
82.31
82.35
82.35
82.38
82.37
82.33
82.32
82.29
82.27
82.32
82.31
82.28
82.34
82.31
82.27
82.25
82.26
82.24
82.27
82.29
82.30
82.19
82.15
82.21
82.22
82.24
82.31
82.28
82.26
82.27
82.27
82.31
82.30
82.27
82.26
82.22
82.20
82.20
82.19
82.22
82.20
82.19
82.20
82.19
82.20
82.20
82.22
82.19
82.19
82.16
82.12
82.17
82.15
82.12
82.14
82.10
82.09
82.10
82.10
82.08
82.10
82.08
82.12
82.10
82.13
82.13
82.10
82.11
82.10
82.10
82.12
82.13
82.18
82.15
82.09
82.10
82.08
82.06
82.07
82.09
82.08
82.10
82.07
82.06
82.08
82.06
82.08
82.11
82.11
82.11
82.12
82.13
82.11
82.12
82.10
82.14
82.13
82.09
82.09
82.09
82.08
82.07
82.07
82.07
82.08
82.08
82.07
82.05
82.06
82.09
82.10
82.10
82.08
82.10
82.09
82.06
82.04
82.05
82.06
82.04
82.03
82.06
82.07
82.08
82.07
82.08
82.10
82.06
82.04
82.06
82.03
82.00
81.96
81.95
81.96
81.93
81.95
81.95
81.92
81.93
81.91
81.93
81.94
81.94
81.93
81.91
81.93
81.92
81.94
81.97
81.99
82.00
82.03
82.03
82.02
82.02
82.03
82.04
82.00
82.00
81.99
81.99
81.97
81.96
81.94
81.94
81.94
81.95
81.94
81.97
81.96
81.98
81.98
81.98
81.99
81.96
81.96
81.97
81.96
81.96
81.94
81.94
81.94
81.91
81.89
81.89
81.90
81.89
81.91
81.92
81.90
81.87
81.90
81.89
81.89
81.88
81.88
81.88
81.89
81.89
81.87
81.88
81.86
81.88
81.87
81.87
81.89
81.90
81.90
81.92
81.91
81.93
81.94
81.94
81.92
81.94
81.92
81.91
81.91
81.92
81.91
81.91
81.92
81.94
81.95
81.93
81.92
81.93
81.93
81.93
81.94
81.96
81.95
81.94
81.95
81.98
81.97
81.99
82.01
82.01
82.01
81.98
81.97
81.97
81.96
81.96
81.96
81.98
81.96
81.98
81.97
81.99
81.98
81.98
81.98
81.99
81.98
81.97
81.96
81.99
81.99
82.01
82.00
82.00
82.01
82.01
82.02
82.00
82.01
81.99
81.99
81.99
81.99
81.99
82.00
82.01
82.02
82.03
82.04
82.03
82.04
82.04
82.05
82.04
82.03
82.02
82.00
82.01
82.01
82.00
82.01
82.01
82.02
82.01
82.01
82.01
82.02
82.03
82.01
82.01
82.00
82.00
81.97
81.98
81.98
81.99
81.98
81.99
81.97
81.97
81.97
81.97
81.96
81.97
81.99
81.99
81.98
81.99
81.99
82.00
81.99
81.98
81.97
81.96
81.95
81.94
81.93
81.94
81.95
81.94
81.95
81.96
81.97
81.96
81.96
81.97
81.96
81.94
81.94
81.95
81.97
81.95
81.96
81.95
81.95
81.96
81.96
81.96
81.96
81.96
81.97
81.97
81.97
81.97
81.96
81.95
81.95
81.93
81.93
81.93
81.92
81.90
81.90
81.90
81.92
81.92
81.92
81.92
81.91
81.91
81.92
81.92
81.93
81.90
81.91
81.90
81.90
81.89
81.89
81.90
81.90
81.91
81.91
81.91
81.92
81.91
81.92
81.93
81.93
81.93
81.93
81.93
81.95
81.94
81.94
81.93
81.92
81.91
81.92
81.92
81.93
81.94
81.94
81.94
81.95
81.94
81.94
81.93
81.95
81.95
81.97
81.96
81.96
81.96
81.95
81.94
81.95
81.94
81.95
81.95
81.94
81.93
81.94
81.95
81.95
81.95
81.93
81.92
81.93
81.94
81.95
81.94
81.94
81.94
81.94
81.94
81.94
81.93
81.93
81.93
81.93
81.93
81.94
81.92
81.91
81.92
81.92
81.93
81.93
81.93
81.94
81.92
81.91
81.90
81.90
81.90
81.89
81.90
81.90
81.90
81.89
81.89
81.90
81.88
81.88
81.88
81.89
81.88
81.89
81.89
81.90
81.90
81.89
81.90
81.90
81.91
81.90
81.90
81.90
81.90
81.88
81.88
81.88
81.88
81.87
81.87
81.86
81.87
81.87
81.87
81.88
81.87
81.87
81.87
81.87
81.86
81.87
81.86
81.86
81.86
81.85
81.84
81.84
81.84
81.85
81.86
81.86
81.86
81.86
81.87
81.88
81.88
81.87
81.87
81.87
81.88
81.88
81.88
81.89
81.89
81.89
81.89
81.89
81.88
81.88
81.89
81.89
81.88
81.88
81.87
81.86
81.85
81.86
81.87
81.87
81.87
81.87
81.86
81.86
81.87
81.86
81.86
81.87
81.87
81.87
81.85
81.85
81.84
81.85
81.86
81.85
81.85
81.86
81.87
81.86
81.86
81.86
81.85
81.86
81.86
81.85
81.84
81.84
81.84
81.85
81.84
81.85
81.86
81.87
81.86
81.87
81.88
81.88
81.88
81.88
81.88
81.88
81.89
81.89
81.88
81.87
81.87
81.88
81.88
81.89
81.88
81.89
81.88
81.89
81.89
81.90
81.90
81.89
81.89
81.89
81.90
81.89
81.88
81.89
81.89
81.90
81.90
81.91
81.91
81.91
81.92
81.92
81.93
81.93
81.93
81.93
81.93
81.93
81.93
81.91
81.91
81.90
81.90
81.90
81.90
81.90
81.91
81.91
81.90
81.90
81.90
81.89
81.90
81.89
81.90
81.89
81.87
81.87
81.87
81.86
81.87
81.87
81.86
81.87
81.87
81.88
81.87
81.87
81.87
81.87
81.87
81.87
81.87
81.80
