82.81
77.34
77.08
78.91
80.62
81.51
82.14
81.45
82.29
82.34
81.25
81.64
81.25
81.14
81.35
81.35
80.97
81.08
81.00
81.48
81.85
82.10
81.93
82.03
82.00
81.85
82.06
81.98
81.95
81.93
81.96
81.98
81.82
81.80
81.83
81.81
81.88
81.83
81.65
81.76
81.90
82.03
82.09
82.00
81.94
82.00
82.05
82.13
82.05
81.94
81.95
81.94
81.87
81.86
81.79
81.84
81.96
81.95
81.91
82.03
82.02
81.98
81.99
82.01
82.12
82.10
82.28
82.31
82.36
82.48
82.42
82.49
82.51
82.47
82.50
82.46
82.51
82.47
82.56
82.50
82.39
82.47
82.40
82.40
82.43
82.39
82.40
82.42
82.44
82.45
82.49
82.52
82.56
82.51
82.47
82.47
82.38
82.33
82.32
82.31
82.30
82.28
82.28
82.33
82.35
82.41
82.39
82.35
82.28
82.34
82.36
82.34
82.37
82.35
82.32
82.34
82.35
82.35
82.35
82.30
82.31
82.38
82.41
82.45
82.39
82.39
82.42
82.41
82.41
82.36
82.34
82.36
82.27
82.28
82.23
82.27
82.24
82.28
82.33
82.28
82.26
82.26
82.30
82.32
82.34
82.33
82.38
82.44
82.46
82.49
82.49
82.48
82.50
82.46
82.47
82.47
82.44
82.47
82.46
82.43
82.40
82.38
82.39
82.40
82.41
82.38
82.38
82.43
82.42
82.37
82.39
82.42
82.40
82.43
82.44
82.41
82.39
82.36
82.36
82.39
82.43
82.42
82.39
82.41
82.46
82.43
82.44
82.44
82.44
82.47
82.50
82.54
82.52
82.49
82.48
82.48
82.52
82.48
82.50
82.48
82.49
82.47
82.48
82.46
82.47
82.49
82.50
82.48
82.44
82.41
82.46
82.44
82.41
82.43
82.36
82.38
82.32
82.31
82.33
82.29
82.29
82.28
82.28
82.28
82.28
82.31
82.32
82.33
82.32
82.36
82.35
82.33
82.35
82.35
82.36
82.32
82.31
82.34
82.37
82.33
82.33
82.34
82.35
82.35
82.33
82.33
82.33
82.34
82.32
82.36
82.37
82.37
82.36
82.35
82.37
82.36
82.34
82.35
82.35
82.36
82.35
82.34
82.31
82.33
82.33
82.32
82.34
82.33
82.33
82.33
82.32
82.31
82.32
82.32
82.28
82.24
82.23
82.22
82.24
82.23
82.22
82.23
82.21
82.20
82.20
82.19
82.16
82.16
82.15
82.17
82.17
82.18
82.19
82.19
82.19
82.17
82.18
82.17
82.15
82.15
82.16
82.15
82.15
82.17
82.19
82.19
82.16
82.16
82.15
82.12
82.11
82.11
82.07
82.06
82.04
82.04
82.05
82.06
82.06
82.07
82.08
82.06
82.06
82.06
82.04
82.05
82.07
82.06
82.07
82.07
82.06
82.06
82.06
82.05
82.02
82.04
82.03
82.04
82.02
82.03
82.01
82.03
82.05
82.04
82.02
82.02
82.02
82.03
82.03
82.04
82.04
82.03
82.02
82.03
82.04
82.06
82.06
82.05
82.06
82.07
82.07
82.07
82.07
82.06
82.06
82.06
82.05
82.06
82.07
82.05
82.06
82.05
82.02
82.03
82.01
82.00
82.00
81.99
82.01
82.02
82.01
82.01
82.02
82.01
82.02
82.02
82.02
82.02
82.00
82.02
82.01
82.02
82.01
82.02
82.02
82.02
82.03
82.02
82.01
81.99
82.00
82.00
81.99
82.00
81.99
81.99
81.99
81.98
81.98
81.97
81.96
81.96
81.97
81.99
81.99
81.99
81.99
81.99
81.99
81.99
82.01
81.99
82.00
81.99
82.01
82.02
82.02
82.00
82.00
82.00
82.00
82.01
81.99
82.00
82.01
82.01
82.02
82.02
82.02
82.03
82.02
82.01
82.00
82.00
81.99
81.98
81.99
81.99
82.00
82.01
82.01
82.00
82.02
82.05
82.05
82.04
82.04
82.04
82.06
82.06
82.06
82.07
82.07
82.07
82.06
82.06
82.06
82.06
82.05
82.05
82.04
82.05
82.05
82.05
82.05
82.06
82.07
82.06
82.06
82.07
82.08
82.08
82.09
82.10
82.09
82.08
82.06
82.06
82.08
82.08
82.07
82.04
82.03
82.02
82.02
82.02
82.03
82.03
82.04
82.04
82.03
82.03
82.02
82.03
82.03
82.02
82.03
82.02
82.01
82.02
82.02
82.03
82.02
82.01
82.01
82.02
82.03
82.03
82.02
82.01
82.01
82.00
82.01
82.02
82.02
82.00
81.99
82.00
81.98
82.00
81.99
81.98
81.97
81.97
81.97
81.97
81.96
81.96
81.96
81.96
81.95
81.95
81.95
81.95
81.95
81.97
81.97
81.99
81.98
81.98
81.98
82.00
82.00
81.99
82.00
82.00
82.00
82.01
82.01
82.02
82.02
82.03
82.01
82.01
82.02
82.01
82.02
82.02
82.04
82.04
82.03
82.03
82.03
82.04
82.04
82.05
82.05
82.06
82.07
82.07
82.07
82.04
82.04
82.03
82.03
82.03
82.04
82.02
82.03
82.03
82.03
82.03
82.04
82.06
82.05
82.04
82.06
82.07
82.06
82.08
82.08
82.07
82.06
82.06
82.06
82.05
82.05
82.06
82.06
82.07
82.06
82.06
82.06
82.06
82.06
82.07
82.07
82.06
82.07
82.06
82.07
82.05
82.05
82.06
82.06
82.07
82.06
82.07
82.06
82.07
82.07
82.07
82.07
82.07
82.07
82.07
82.07
82.07
82.08
82.08
82.07
82.07
82.07
82.06
82.05
82.05
82.04
82.03
82.03
82.03
82.03
82.01
82.00
81.98
81.98
81.98
81.98
81.97
81.97
81.96
81.95
81.95
81.95
81.96
81.97
81.97
81.98
81.97
81.96
81.96
81.97
81.98
81.98
81.98
82.00
81.99
81.98
81.98
81.97
81.97
81.96
81.96
81.95
81.95
81.95
81.95
81.97
81.96
81.95
81.94
81.94
81.93
81.92
81.92
81.92
81.93
81.94
81.93
81.94
81.94
81.93
81.94
81.95
81.95
81.93
81.93
81.94
81.95
81.94
81.94
81.94
81.93
81.92
81.93
81.92
81.93
81.93
81.92
81.93
81.93
81.93
81.93
81.92
81.93
81.92
81.92
81.93
81.92
81.93
81.93
81.94
81.94
81.94
81.95
81.96
81.95
81.95
81.95
81.96
81.96
81.96
81.94
81.96
81.96
81.96
81.96
81.97
81.97
81.97
81.98
81.98
81.97
81.97
81.97
81.98
81.98
81.99
81.98
81.99
81.99
81.98
81.99
82.00
82.00
82.00
81.99
82.00
82.00
81.99
81.98
81.98
81.99
81.99
81.99
81.99
81.99
81.99
81.99
81.99
82.00
81.99
81.92
