3.12
2.34
2.08
1.95
1.56
1.56
1.56
1.95
2.26
2.19
2.13
2.21
2.28
2.23
2.71
2.83
3.03
3.30
3.54
3.44
3.27
3.48
3.40
3.26
3.19
3.19
3.13
3.35
3.34
3.28
3.48
3.37
3.41
3.31
3.30
3.30
3.25
3.17
3.17
3.12
3.12
3.12
3.16
3.09
3.06
2.99
3.06
3.03
3.03
3.03
3.00
2.94
2.92
2.92
2.93
2.93
2.91
2.91
2.89
2.89
2.84
2.85
2.80
2.83
2.84
2.84
2.82
2.83
2.79
2.79
2.84
2.99
3.06
3.02
3.02
3.04
3.00
3.02
3.01
2.97
2.95
2.92
2.92
2.90
2.92
3.02
3.02
2.98
2.95
2.93
2.92
2.94
3.07
3.04
3.03
3.03
3.04
3.06
3.08
3.05
3.02
3.00
2.99
2.99
2.99
2.96
2.96
2.94
2.94
2.93
2.91
2.92
2.93
2.92
2.93
2.95
2.95
2.94
2.91
2.90
2.91
2.92
2.90
2.90
2.89
2.89
2.87
2.88
2.86
2.84
2.83
2.83
2.83
2.86
2.85
2.86
2.86
2.85
2.83
2.81
2.84
2.83
2.84
2.84
2.86
2.84
2.84
2.83
2.82
2.80
2.78
2.80
2.80
2.79
2.81
2.79
2.83
2.85
2.87
2.85
2.87
2.86
2.91
2.91
2.92
2.90
2.89
2.88
2.87
2.85
2.85
2.87
2.87
2.86
2.85
2.84
2.85
2.84
2.85
2.87
2.87
2.90
2.91
2.93
2.93
2.94
2.96
2.95
2.93
2.93
2.95
2.97
2.95
2.99
2.97
2.97
2.99
2.99
2.98
2.98
2.99
2.98
2.98
2.96
2.95
2.97
2.96
3.00
3.00
2.98
2.99
2.98
3.00
3.01
3.01
3.00
3.01
3.00
3.00
3.00
3.01
3.03
3.02
3.05
3.05
3.04
3.03
3.03
3.02
3.03
3.03
3.03
3.02
3.02
3.03
3.03
3.02
3.02
3.03
3.02
3.02
3.02
3.01
3.02
3.02
3.00
3.00
2.99
2.99
2.98
2.97
2.96
2.96
2.97
2.96
2.95
2.94
2.94
2.94
2.94
2.93
2.93
2.94
2.94
2.93
2.92
2.92
2.92
2.92
2.92
2.92
2.92
2.93
2.93
2.91
2.91
2.91
2.92
2.91
2.90
2.92
2.92
2.94
2.94
2.93
2.93
2.93
2.92
2.91
2.91
2.92
2.93
2.95
2.95
2.95
2.98
2.98
2.98
2.98
2.97
2.96
2.95
2.95
2.98
2.97
2.97
2.96
2.96
2.97
2.97
2.97
2.96
3.00
3.00
3.00
3.00
3.01
3.01
3.00
3.00
2.99
3.01
3.01
3.01
3.01
3.01
3.02
3.02
3.03
3.02
3.01
3.01
3.00
2.99
3.00
3.00
3.01
3.02
3.02
3.02
3.02
3.02
3.02
3.04
3.04
3.04
3.03
3.04
3.03
3.02
3.02
3.02
3.01
3.01
3.00
3.01
3.00
2.99
3.01
3.00
3.03
3.03
3.03
3.03
3.02
3.03
3.06
3.05
3.05
3.07
3.06
3.07
3.07
3.07
3.07
3.07
3.06
3.07
3.07
3.08
3.08
3.08
3.08
3.11
3.12
3.11
3.11
3.11
3.10
3.10
3.12
3.11
3.11
3.11
3.11
3.11
3.11
3.10
3.11
3.10
3.09
3.08
3.08
3.08
3.07
3.07
3.06
3.06
3.05
3.06
3.05
3.05
3.05
3.05
3.04
3.06
3.05
3.06
3.05
3.06
3.05
3.05
3.04
3.04
3.04
3.04
3.06
3.07
3.07
3.07
3.06
3.07
3.06
3.06
3.07
3.07
3.07
3.08
3.07
3.07
3.08
3.10
3.10
3.10
3.10
3.10
3.09
3.10
3.10
3.10
3.10
3.09
3.08
3.08
3.09
3.09
3.08
3.08
3.09
3.08
3.08
3.08
3.08
3.07
3.07
3.08
3.07
3.08
3.07
3.07
3.07
3.08
3.07
3.07
3.07
3.07
3.06
3.06
3.05
3.05
3.05
3.05
3.05
3.05
3.05
3.04
3.04
3.04
3.04
3.04
3.04
3.04
3.04
3.04
3.04
3.03
3.04
3.03
3.04
3.04
3.04
3.03
3.03
3.04
3.04
3.04
3.04
3.03
3.03
3.03
3.03
3.03
3.03
3.04
3.04
3.05
3.06
3.06
3.05
3.05
3.04
3.04
3.06
3.07
3.07
3.08
3.08
3.08
3.08
3.08
3.08
3.09
3.09
3.10
3.10
3.10
3.10
3.09
3.09
3.10
3.10
3.10
3.09
3.09
3.09
3.09
3.11
3.10
3.11
3.11
3.11
3.11
3.11
3.11
3.12
3.12
3.11
3.11
3.11
3.11
3.13
3.13
3.12
3.12
3.13
3.12
3.12
3.12
3.12
3.12
3.11
3.11
3.11
3.10
3.11
3.11
3.12
3.11
3.11
3.10
3.10
3.10
3.11
3.11
3.10
3.11
3.11
3.12
3.11
3.12
3.12
3.12
3.12
3.12
3.12
3.12
3.12
3.13
3.13
3.13
3.13
3.13
3.13
3.13
3.12
3.12
3.12
3.11
3.11
3.11
3.10
3.10
3.10
3.10
3.11
3.10
3.10
3.10
3.12
3.12
3.11
3.11
3.11
3.11
3.12
3.13
3.15
3.15
3.15
3.15
3.15
3.15
3.14
3.14
3.14
3.14
3.14
3.13
3.14
3.14
3.15
3.15
3.14
3.14
3.15
3.15
3.15
3.15
3.16
3.16
3.17
3.17
3.17
3.17
3.16
3.17
3.17
3.16
3.16
3.15
3.15
3.15
3.15
3.15
3.15
3.14
3.14
3.14
3.15
3.14
3.14
3.14
3.15
3.14
3.15
3.15
3.15
3.15
3.15
3.15
3.15
3.15
3.14
3.15
3.14
3.14
3.14
3.14
3.14
3.14
3.14
3.14
3.14
3.14
3.15
3.15
3.15
3.16
3.16
3.16
3.16
3.16
3.16
3.16
3.16
3.15
3.15
3.15
3.15
3.14
3.15
3.14
3.15
3.14
3.15
3.14
3.14
3.14
3.14
3.14
3.14
3.14
3.13
3.13
3.13
3.12
3.13
3.12
3.12
3.13
3.13
3.12
3.13
3.13
3.12
3.14
3.13
3.14
3.14
3.14
3.13
3.14
3.14
3.14
3.13
3.13
3.13
3.13
3.13
3.13
3.13
3.13
3.12
3.13
3.12
3.12
3.12
3.13
3.13
3.13
3.13
3.13
3.13
3.12
3.12
3.13
3.13
3.13
3.13
3.13
3.13
3.13
3.13
3.13
3.13
3.13
3.12
3.12
3.12
3.11
3.11
3.11
