84.38
81.25
82.81
80.08
81.56
82.29
81.70
81.64
81.77
81.88
81.82
81.12
81.01
81.14
80.83
80.57
81.07
81.08
81.00
80.94
80.95
80.82
80.84
81.05
81.12
81.43
81.19
81.47
81.63
81.72
81.65
81.98
82.01
82.03
82.14
82.16
82.05
82.07
82.13
82.15
82.24
82.11
82.09
82.00
81.98
81.83
81.65
81.67
81.70
81.69
81.53
81.61
81.69
81.71
81.73
81.58
81.66
81.63
81.59
81.61
81.66
81.85
81.80
81.79
81.78
81.79
81.79
81.76
81.82
81.81
81.80
81.75
81.70
81.76
81.81
81.85
81.84
81.93
82.00
82.01
81.96
81.96
81.98
82.11
82.04
82.05
82.04
82.07
82.18
82.22
82.23
82.18
82.12
82.11
82.22
82.23
82.17
82.10
82.15
82.11
82.04
82.11
82.11
82.09
82.16
82.10
82.11
82.09
82.04
82.10
82.05
82.10
82.07
82.09
82.08
82.09
82.09
82.12
82.10
82.14
82.22
82.22
82.24
82.22
82.31
82.33
82.31
82.26
82.34
82.33
82.36
82.34
82.37
82.33
82.33
82.33
82.34
82.36
82.37
82.39
82.40
82.37
82.40
82.40
82.42
82.43
82.40
82.38
82.34
82.28
82.34
82.32
82.37
82.33
82.31
82.31
82.34
82.38
82.39
82.36
82.37
82.35
82.35
82.37
82.37
82.41
82.42
82.43
82.42
82.40
82.35
82.33
82.37
82.35
82.33
82.32
82.35
82.34
82.35
82.34
82.32
82.32
82.33
82.35
82.35
82.36
82.35
82.38
82.38
82.35
82.36
82.32
82.34
82.34
82.27
82.26
82.26
82.23
82.22
82.18
82.18
82.21
82.20
82.22
82.18
82.20
82.24
82.26
82.30
82.32
82.26
82.29
82.31
82.27
82.28
82.28
82.29
82.30
82.28
82.29
82.30
82.28
82.27
82.28
82.25
82.29
82.32
82.33
82.30
82.32
82.29
82.25
82.26
82.26
82.26
82.28
82.30
82.27
82.27
82.26
82.24
82.24
82.23
82.23
82.21
82.20
82.20
82.19
82.20
82.17
82.12
82.10
82.08
82.07
82.05
82.05
82.09
82.08
82.08
82.09
82.07
82.06
82.04
82.04
82.01
82.01
82.02
82.00
82.01
82.04
82.01
82.00
81.96
81.92
81.91
81.93
81.96
81.96
81.93
81.94
81.96
81.94
81.90
81.89
81.91
81.93
81.92
81.91
81.86
81.87
81.86
81.87
81.88
81.90
81.88
81.89
81.92
81.93
81.94
81.93
81.92
81.93
81.94
81.93
81.95
81.92
81.95
81.96
81.97
81.98
81.95
81.97
81.96
81.97
81.97
81.99
81.98
81.94
81.91
81.92
81.92
81.90
81.88
81.89
81.88
81.86
81.85
81.85
81.86
81.84
81.83
81.82
81.83
81.81
81.82
81.82
81.80
81.81
81.80
81.80
81.81
81.81
81.84
81.85
81.84
81.82
81.82
81.83
81.83
81.83
81.85
81.86
81.87
81.86
81.86
81.86
81.87
81.87
81.86
81.85
81.86
81.86
81.85
81.86
81.87
81.85
81.83
81.83
81.80
81.78
81.79
81.79
81.79
81.79
81.77
81.79
81.79
81.78
81.77
81.77
81.76
81.76
81.76
81.75
81.75
81.75
81.75
81.75
81.72
81.74
81.74
81.74
81.74
81.74
81.75
81.74
81.74
81.73
81.75
81.76
81.76
81.76
81.74
81.75
81.74
81.73
81.73
81.73
81.74
81.75
81.76
81.74
81.74
81.76
81.76
81.76
81.77
81.78
81.79
81.79
81.79
81.79
81.79
81.80
81.79
81.79
81.80
81.79
81.80
81.81
81.80
81.79
81.80
81.79
81.81
81.81
81.83
81.82
81.83
81.83
81.82
81.84
81.85
81.84
81.83
81.83
81.84
81.84
81.85
81.84
81.85
81.86
81.84
81.83
81.83
81.83
81.83
81.83
81.83
81.83
81.82
81.81
81.80
81.79
81.79
81.79
81.77
81.76
81.75
81.77
81.80
81.79
81.79
81.79
81.79
81.81
81.80
81.81
81.80
81.82
81.81
81.81
81.81
81.81
81.81
81.81
81.81
81.79
81.80
81.80
81.81
81.79
81.78
81.78
81.77
81.78
81.80
81.79
81.78
81.79
81.80
81.80
81.81
81.81
81.81
81.81
81.81
81.82
81.80
81.81
81.81
81.81
81.81
81.81
81.82
81.83
81.82
81.82
81.82
81.82
81.82
81.82
81.81
81.80
81.79
81.78
81.79
81.79
81.79
81.80
81.81
81.81
81.81
81.81
81.83
81.84
81.84
81.83
81.82
81.84
81.84
81.84
81.85
81.82
81.82
81.83
81.84
81.85
81.85
81.84
81.85
81.86
81.86
81.87
81.88
81.88
81.87
81.87
81.87
81.86
81.85
81.86
81.87
81.87
81.87
81.86
81.88
81.88
81.89
81.88
81.89
81.89
81.88
81.88
81.88
81.87
81.88
81.89
81.89
81.90
81.91
81.90
81.89
81.88
81.89
81.88
81.86
81.86
81.86
81.86
81.87
81.87
81.87
81.87
81.87
81.87
81.87
81.89
81.89
81.90
81.89
81.87
81.87
81.88
81.88
81.87
81.89
81.90
81.90
81.90
81.89
81.88
81.89
81.90
81.89
81.89
81.91
81.90
81.90
81.90
81.89
81.89
81.90
81.89
81.89
81.90
81.90
81.88
81.89
81.90
81.91
81.90
81.90
81.90
81.92
81.93
81.92
81.93
81.92
81.93
81.92
81.92
81.93
81.92
81.92
81.93
81.93
81.93
81.93
81.93
81.91
81.91
81.92
81.91
81.92
81.92
81.92
81.92
81.93
81.92
81.93
81.93
81.93
81.93
81.93
81.94
81.93
81.93
81.95
81.95
81.96
81.97
81.96
81.97
81.97
81.97
81.99
82.00
81.99
81.99
81.99
82.00
82.00
81.99
81.98
81.98
81.98
81.98
81.98
81.97
81.98
81.98
81.98
81.98
81.98
81.97
81.97
81.98
81.97
81.98
81.98
81.98
81.96
81.96
81.95
81.95
81.95
81.95
81.95
81.94
81.94
81.93
81.94
81.94
81.94
81.95
81.95
81.94
81.94
81.95
81.95
81.96
81.97
81.96
81.97
81.98
81.98
81.97
81.97
81.98
81.97
81.97
81.97
81.97
81.97
81.96
81.97
81.98
81.99
82.00
81.99
81.98
81.98
81.97
81.96
81.96
81.96
81.94
81.94
81.94
81.94
81.95
81.94
81.94
81.94
81.95
81.95
81.94
81.95
81.95
81.95
81.96
81.96
81.97
81.97
81.98
81.97
81.96
81.97
81.98
81.98
81.98
81.98
81.97
81.98
81.98
81.98
81.97
81.96
81.97
81.98
81.90
