87.50
85.16
85.42
84.77
83.44
83.85
84.15
84.57
85.07
85.16
85.37
85.55
84.98
84.93
85.10
85.16
85.02
84.64
84.38
84.06
84.08
83.66
83.76
83.01
83.31
83.35
82.93
83.20
83.19
83.18
83.11
83.11
82.91
83.09
83.12
83.16
82.81
83.06
83.01
82.89
83.04
83.11
82.99
82.85
82.60
82.54
82.38
82.32
82.33
82.28
82.11
82.12
82.16
82.35
82.39
82.42
82.43
82.41
82.28
82.24
82.35
82.18
82.22
82.23
82.26
82.24
82.32
82.35
82.27
82.30
82.20
82.23
82.32
82.26
82.27
82.20
82.20
82.13
82.08
82.13
82.16
82.20
82.15
82.12
82.10
82.07
82.06
82.10
82.09
82.07
82.11
82.10
82.07
81.98
81.94
81.90
81.88
81.92
81.90
81.98
81.96
82.03
82.04
82.06
82.08
82.12
82.08
82.10
82.17
82.16
82.11
82.14
82.18
82.11
82.07
82.07
82.09
82.02
82.02
82.02
82.01
82.04
82.06
82.07
82.06
82.02
82.09
82.10
82.07
82.10
82.04
82.07
82.05
82.05
82.05
82.08
82.06
82.10
82.05
82.04
82.06
82.06
82.04
82.02
81.95
81.97
81.93
81.95
81.91
81.92
81.95
81.97
81.99
82.05
82.06
82.03
81.99
81.96
82.02
82.03
82.04
82.05
81.97
81.98
82.00
81.97
81.92
81.92
81.96
82.00
81.98
81.93
81.93
81.95
82.01
82.00
82.04
82.09
82.04
82.07
82.09
82.07
82.11
82.09
82.10
82.14
82.15
82.15
82.18
82.17
82.19
82.16
82.17
82.17
82.16
82.17
82.18
82.11
82.07
82.02
82.02
82.05
82.00
81.97
81.97
81.99
81.96
81.99
82.00
81.99
82.05
82.02
82.04
82.08
82.06
82.09
82.11
82.05
82.08
82.08
82.06
82.06
82.07
82.08
82.08
82.09
82.10
82.07
82.08
82.09
82.10
82.11
82.11
82.10
82.08
82.08
82.12
82.11
82.11
82.11
82.09
82.10
82.08
82.10
82.11
82.11
82.07
82.09
82.07
82.08
82.08
82.06
82.02
81.98
81.97
81.99
81.97
81.99
81.99
81.99
82.00
82.00
81.97
81.95
81.96
81.95
81.92
81.94
81.89
81.90
81.91
81.91
81.89
81.88
81.87
81.84
81.84
81.83
81.83
81.82
81.82
81.80
81.81
81.81
81.79
81.81
81.81
81.84
81.84
81.86
81.87
81.89
81.91
81.95
81.92
81.96
81.97
81.95
81.93
81.91
81.91
81.91
81.91
81.89
81.90
81.90
81.91
81.89
81.93
81.91
81.89
81.89
81.90
81.90
81.88
81.91
81.91
81.92
81.92
81.93
81.93
81.90
81.90
81.91
81.90
81.93
81.95
81.96
81.96
81.95
81.97
81.97
81.94
81.93
81.93
81.91
81.90
81.90
81.91
81.90
81.91
81.93
81.93
81.95
81.92
81.94
81.93
81.95
81.95
81.94
81.95
81.96
81.94
81.94
81.94
81.91
81.90
81.89
81.90
81.91
81.91
81.91
81.92
81.92
81.94
81.93
81.93
81.93
81.93
81.91
81.90
81.91
81.94
81.95
81.95
81.93
81.95
81.98
81.95
81.96
81.93
81.92
81.92
81.91
81.92
81.92
81.92
81.90
81.90
81.90
81.88
81.91
81.91
81.91
81.93
81.92
81.92
81.92
81.94
81.95
81.97
81.95
81.95
81.97
81.98
81.99
81.98
81.99
81.99
82.01
82.00
81.98
81.95
81.95
81.94
81.94
81.92
81.91
81.92
81.92
81.92
81.91
81.91
81.93
81.92
81.91
81.90
81.93
81.93
81.93
81.94
81.94
81.95
81.95
81.96
81.96
81.95
81.93
81.94
81.95
81.97
81.97
81.97
81.97
81.97
81.96
81.95
81.94
81.96
81.97
81.95
81.95
81.92
81.92
81.92
81.92
81.93
81.93
81.92
81.93
81.93
81.94
81.95
81.95
81.94
81.92
81.93
81.93
81.93
81.92
81.93
81.95
81.96
81.95
81.96
81.97
81.96
81.94
81.94
81.95
81.97
81.96
81.97
81.99
81.99
82.00
82.00
81.99
81.98
81.98
81.99
81.99
82.00
82.01
82.00
82.00
82.00
82.00
82.01
82.01
82.01
82.00
82.00
82.00
81.99
81.99
82.00
81.98
81.98
81.98
81.98
81.99
81.98
82.00
82.01
82.00
82.01
82.01
82.00
82.00
81.99
82.00
81.99
82.00
82.00
82.00
81.99
81.99
81.99
81.98
81.98
81.98
81.98
81.98
81.99
82.00
82.00
82.00
82.01
82.01
82.02
82.01
82.01
81.99
81.99
81.99
82.00
82.02
82.02
82.02
81.99
81.99
82.00
81.99
81.99
81.99
81.99
81.99
81.99
82.00
82.00
82.00
82.00
82.01
82.02
82.04
82.03
82.02
82.01
82.01
82.02
82.02
82.03
82.02
82.01
82.01
82.00
81.99
81.98
81.99
82.00
81.99
82.00
81.99
81.98
81.98
81.99
81.99
81.98
81.98
81.97
81.97
81.96
81.97
81.96
81.97
81.97
81.97
81.97
81.97
81.97
81.98
81.99
82.00
82.00
82.01
82.00
82.00
81.99
81.98
81.97
81.98
81.99
81.98
81.99
81.97
81.97
81.98
81.97
81.96
81.95
81.93
81.92
81.93
81.92
81.92
81.92
81.91
81.92
81.94
81.93
81.92
81.92
81.92
81.92
81.93
81.93
81.92
81.90
81.90
81.90
81.91
81.91
81.93
81.93
81.92
81.93
81.94
81.94
81.94
81.94
81.94
81.94
81.94
81.93
81.94
81.95
81.94
81.93
81.94
81.94
81.93
81.92
81.92
81.93
81.92
81.92
81.93
81.92
81.92
81.93
81.94
81.92
81.91
81.90
81.91
81.91
81.89
81.89
81.90
81.91
81.91
81.90
81.90
81.90
81.90
81.91
81.91
81.91
81.91
81.91
81.92
81.91
81.91
81.91
81.91
81.90
81.89
81.89
81.89
81.88
81.88
81.88
81.87
81.88
81.89
81.89
81.88
81.88
81.88
81.88
81.88
81.87
81.87
81.88
81.88
81.88
81.88
81.88
81.89
81.91
81.92
81.92
81.92
81.92
81.92
81.91
81.91
81.91
81.92
81.92
81.91
81.92
81.92
81.92
81.92
81.93
81.93
81.92
81.93
81.94
81.96
81.95
81.94
81.93
81.93
81.94
81.94
81.93
81.93
81.93
81.94
81.94
81.95
81.94
81.94
81.95
81.95
81.95
81.96
81.96
81.96
81.95
81.95
81.95
81.95
81.95
81.95
81.96
81.96
81.96
81.96
81.97
81.96
81.96
81.97
81.97
81.97
81.97
81.98
81.98
81.90
