82.81
86.72
86.98
86.33
85.31
86.98
86.38
86.72
86.11
85.78
85.09
84.90
84.86
84.38
84.06
83.98
84.19
84.11
83.55
83.75
83.56
83.45
83.22
83.01
83.06
83.23
83.16
82.92
82.54
82.55
82.56
82.76
82.91
82.77
82.63
82.60
82.85
82.73
82.73
82.70
82.89
82.92
82.74
82.85
82.88
82.98
82.81
82.81
82.72
82.78
82.75
82.66
82.67
82.70
82.50
82.45
82.35
82.41
82.49
82.45
82.40
82.36
82.29
82.47
82.57
82.58
82.65
82.67
82.61
82.66
82.55
82.64
82.66
82.64
82.58
82.61
82.61
82.65
82.65
82.64
82.56
82.64
82.53
82.38
82.44
82.41
82.45
82.46
82.36
82.47
82.42
82.34
82.41
82.36
82.34
82.31
82.25
82.25
82.20
82.23
82.29
82.26
82.28
82.35
82.37
82.37
82.32
82.32
82.31
82.22
82.22
82.20
82.25
82.29
82.31
82.35
82.35
82.32
82.33
82.28
82.28
82.24
82.20
82.22
82.16
82.12
82.14
82.18
82.22
82.26
82.26
82.26
82.27
82.25
82.31
82.34
82.30
82.34
82.34
82.38
82.37
82.37
82.42
82.39
82.38
82.40
82.39
82.36
82.35
82.34
82.37
82.34
82.29
82.30
82.25
82.24
82.23
82.23
82.24
82.29
82.31
82.37
82.35
82.33
82.28
82.26
82.25
82.26
82.28
82.26
82.23
82.27
82.29
82.29
82.29
82.28
82.26
82.24
82.25
82.27
82.23
82.24
82.22
82.18
82.22
82.23
82.23
82.16
82.14
82.14
82.11
82.11
82.12
82.12
82.13
82.11
82.12
82.15
82.17
82.16
82.14
82.12
82.11
82.08
82.10
82.08
82.09
82.13
82.09
82.08
82.06
82.04
82.03
82.05
82.04
82.04
82.03
82.02
82.02
82.01
82.00
82.00
81.97
81.94
81.93
81.96
81.99
81.98
81.99
82.00
82.01
82.02
82.05
82.07
82.04
82.01
82.01
82.01
82.01
82.01
82.01
82.03
82.03
82.05
82.09
82.08
82.11
82.11
82.08
82.08
82.10
82.12
82.10
82.09
82.08
82.08
82.11
82.12
82.14
82.14
82.12
82.12
82.09
82.10
82.11
82.10
82.08
82.06
82.05
82.04
82.03
82.04
82.05
82.07
82.05
82.06
82.04
82.06
82.06
82.08
82.07
82.05
82.07
82.04
82.03
82.03
82.02
82.01
82.04
82.04
82.05
82.06
82.08
82.08
82.09
82.07
82.05
82.05
82.05
82.04
82.05
82.05
82.07
82.09
82.07
82.06
82.05
82.04
82.03
81.99
81.99
81.96
81.96
81.97
81.96
81.96
81.96
81.98
81.99
82.00
82.00
81.99
81.99
82.00
82.00
81.99
81.99
81.96
81.98
81.98
81.96
81.96
81.94
81.96
81.96
81.97
81.99
81.99
81.99
81.98
81.98
81.97
81.98
81.98
81.98
81.97
81.96
81.94
81.93
81.95
81.94
81.96
81.96
81.93
81.94
81.94
81.93
81.92
81.93
81.92
81.94
81.92
81.91
81.91
81.92
81.91
81.93
81.92
81.91
81.91
81.91
81.93
81.94
81.93
81.94
81.92
81.92
81.92
81.93
81.93
81.93
81.93
81.93
81.94
81.96
81.97
81.97
81.97
81.94
81.96
81.95
81.94
81.94
81.96
81.96
81.97
81.98
81.98
81.95
81.96
81.97
81.97
81.96
81.97
81.98
81.97
81.97
81.97
81.98
81.99
81.98
81.99
81.98
81.96
81.97
81.94
81.93
81.92
81.91
81.91
81.90
81.90
81.89
81.89
81.90
81.91
81.91
81.89
81.88
81.88
81.89
81.86
81.86
81.84
81.86
81.85
81.86
81.86
81.84
81.84
81.83
81.83
81.84
81.83
81.85
81.85
81.85
81.83
81.84
81.85
81.86
81.86
81.85
81.83
81.82
81.83
81.84
81.83
81.83
81.80
81.81
81.81
81.81
81.81
81.81
81.83
81.81
81.80
81.80
81.80
81.81
81.80
81.81
81.79
81.80
81.80
81.81
81.82
81.82
81.83
81.82
81.82
81.82
81.82
81.81
81.82
81.82
81.82
81.81
81.82
81.82
81.82
81.81
81.80
81.82
81.80
81.79
81.79
81.79
81.80
81.81
81.80
81.82
81.82
81.83
81.83
81.82
81.83
81.81
81.81
81.82
81.82
81.82
81.82
81.81
81.80
81.80
81.81
81.81
81.81
81.81
81.81
81.81
81.81
81.82
81.82
81.83
81.85
81.86
81.87
81.87
81.86
81.85
81.85
81.85
81.86
81.87
81.86
81.87
81.88
81.88
81.88
81.89
81.89
81.90
81.90
81.90
81.92
81.92
81.93
81.92
81.92
81.90
81.91
81.91
81.92
81.93
81.93
81.93
81.94
81.95
81.94
81.94
81.93
81.94
81.96
81.97
81.97
81.98
82.00
81.99
81.99
81.99
81.99
81.99
82.00
82.02
82.01
82.01
82.01
82.01
82.03
82.04
82.03
82.03
82.04
82.06
82.06
82.05
82.06
82.06
82.06
82.06
82.05
82.06
82.07
82.06
82.07
82.08
82.07
82.07
82.07
82.07
82.06
82.05
82.07
82.06
82.06
82.05
82.06
82.06
82.06
82.07
82.06
82.05
82.04
82.05
82.05
82.06
82.05
82.05
82.05
82.06
82.05
82.05
82.05
82.03
82.03
82.02
82.03
82.03
82.03
82.03
82.02
82.02
82.03
82.02
82.02
82.02
82.03
82.02
82.02
82.02
82.02
82.01
82.00
82.01
82.01
82.01
82.01
82.01
82.01
82.02
82.02
82.02
82.02
82.01
82.01
82.00
82.00
82.00
82.00
82.00
81.98
81.97
81.97
81.96
81.98
81.98
81.97
81.97
81.97
81.98
81.99
82.00
82.00
82.00
81.99
82.00
81.99
81.98
81.98
81.97
81.97
81.98
81.99
82.01
82.02
82.03
82.02
82.02
82.01
82.01
82.01
82.02
82.03
82.04
82.04
82.05
82.05
82.05
82.05
82.05
82.04
82.04
82.04
82.05
82.05
82.05
82.03
82.03
82.04
82.02
82.02
82.02
82.03
82.03
82.03
82.03
82.03
82.03
82.02
82.02
82.01
82.02
82.02
82.02
82.01
81.99
82.00
81.99
81.99
81.98
81.98
81.97
81.97
81.95
81.94
81.95
81.95
81.95
81.94
81.94
81.93
81.94
81.94
81.94
81.93
81.93
81.92
81.93
81.94
81.94
81.94
81.94
81.93
81.92
81.91
81.91
81.91
81.92
81.92
81.92
81.91
81.91
81.90
81.91
81.92
81.92
81.93
81.93
81.94
81.93
81.94
81.94
81.94
81.94
81.95
81.95
81.95
81.95
81.87
