82.81
84.38
82.29
81.25
82.19
83.33
83.26
83.20
82.47
83.28
83.10
82.81
82.93
83.04
82.40
82.62
82.08
82.29
82.57
82.66
82.66
82.46
82.00
82.16
81.75
81.85
81.83
81.58
81.90
81.88
81.91
82.03
82.10
82.03
82.05
82.12
82.22
82.24
82.13
82.27
82.36
82.22
82.38
82.53
82.71
82.61
82.81
82.78
82.75
82.66
82.72
82.69
82.58
82.55
82.50
82.53
82.68
82.65
82.55
82.63
82.61
82.51
82.64
82.74
82.69
82.72
82.74
82.70
82.77
82.72
82.61
82.62
82.51
82.60
82.65
82.65
82.53
82.55
82.50
82.54
82.56
82.55
82.59
82.57
82.59
82.54
82.42
82.39
82.32
82.24
82.19
82.13
82.12
82.16
82.27
82.24
82.18
82.21
82.18
82.20
82.27
82.34
82.40
82.42
82.46
82.46
82.45
82.47
82.44
82.43
82.47
82.53
82.52
82.51
82.55
82.52
82.52
82.48
82.44
82.42
82.39
82.42
82.43
82.45
82.49
82.51
82.52
82.59
82.47
82.45
82.48
82.42
82.42
82.43
82.37
82.38
82.28
82.31
82.34
82.32
82.30
82.25
82.19
82.20
82.13
82.14
82.13
82.14
82.17
82.12
82.15
82.19
82.21
82.23
82.24
82.20
82.19
82.10
82.06
82.09
82.12
82.10
82.11
82.11
82.05
82.02
82.04
82.11
82.07
82.03
82.00
82.04
82.06
82.09
82.08
82.06
82.05
82.01
81.98
81.94
81.89
81.89
81.87
81.92
81.92
81.91
81.89
81.87
81.88
81.87
81.86
81.84
81.87
81.85
81.83
81.85
81.84
81.83
81.78
81.77
81.80
81.75
81.77
81.72
81.74
81.74
81.75
81.77
81.80
81.82
81.84
81.83
81.87
81.88
81.90
81.93
81.91
81.88
81.87
81.84
81.79
81.78
81.79
81.82
81.84
81.84
81.82
81.82
81.82
81.80
81.80
81.78
81.78
81.78
81.76
81.78
81.76
81.74
81.72
81.73
81.70
81.70
81.73
81.74
81.74
81.73
81.72
81.70
81.70
81.73
81.71
81.69
81.69
81.71
81.69
81.68
81.68
81.69
81.72
81.72
81.74
81.72
81.72
81.74
81.75
81.77
81.76
81.79
81.82
81.82
81.81
81.80
81.83
81.84
81.84
81.87
81.88
81.83
81.82
81.80
81.81
81.82
81.83
81.87
81.86
81.83
81.81
81.82
81.81
81.82
81.80
81.82
81.79
81.77
81.77
81.77
81.80
81.82
81.82
81.83
81.84
81.82
81.86
81.88
81.88
81.87
81.89
81.90
81.90
81.88
81.85
81.86
81.85
81.83
81.85
81.85
81.86
81.87
81.88
81.88
81.90
81.91
81.92
81.92
81.92
81.91
81.92
81.91
81.91
81.93
81.95
81.95
81.94
81.93
81.96
81.94
81.96
81.96
81.96
81.96
81.96
81.97
81.97
81.99
81.99
81.97
81.97
81.98
81.98
81.98
81.98
81.98
81.98
81.99
81.99
81.98
81.99
81.99
81.99
82.01
82.02
82.03
82.03
82.03
82.02
82.01
82.01
81.99
82.00
82.01
82.02
82.04
82.03
82.02
82.02
82.01
82.00
81.99
81.98
81.99
81.99
82.00
81.99
82.01
81.98
81.99
81.99
82.00
82.00
82.00
81.99
81.98
81.98
81.99
81.99
81.97
81.96
81.96
81.95
81.95
81.94
81.96
81.96
81.97
81.98
81.95
81.97
81.99
81.99
82.00
81.99
81.97
81.98
81.98
81.97
81.94
81.94
81.94
81.95
81.95
81.96
81.96
81.95
81.94
81.96
81.96
81.97
81.95
81.95
81.96
81.96
81.95
81.96
81.97
81.97
81.97
81.98
81.98
81.98
81.98
81.97
81.96
81.96
81.97
81.98
81.97
81.99
82.00
81.97
81.98
81.98
81.98
81.96
81.97
81.97
81.96
81.96
81.96
81.97
81.97
81.98
81.98
81.99
81.99
81.99
81.99
82.01
82.00
82.00
82.01
82.02
82.02
82.02
82.02
82.03
82.03
82.04
82.05
82.06
82.05
82.05
82.06
82.06
82.05
82.04
82.02
82.02
82.02
82.02
82.02
82.02
82.03
82.04
82.05
82.04
82.04
82.02
82.02
82.03
82.05
82.05
82.07
82.07
82.08
82.06
82.06
82.06
82.08
82.09
82.08
82.07
82.08
82.06
82.06
82.06
82.07
82.07
82.08
82.09
82.09
82.08
82.07
82.06
82.04
82.03
82.04
82.02
82.02
82.00
82.00
81.97
81.96
81.97
81.96
81.96
81.96
81.97
81.98
81.99
81.99
81.97
81.98
81.98
81.98
81.98
81.97
81.98
81.99
81.99
81.98
81.98
81.98
81.99
82.00
82.00
81.99
81.99
81.99
82.00
82.00
82.00
81.99
81.99
81.99
81.98
81.99
82.00
82.00
82.01
82.01
82.02
82.03
82.05
82.05
82.06
82.07
82.07
82.06
82.05
82.06
82.06
82.06
82.06
82.06
82.05
82.05
82.06
82.05
82.05
82.04
82.05
82.05
82.05
82.05
82.05
82.06
82.06
82.05
82.05
82.03
82.03
82.03
82.03
82.03
82.03
82.03
82.03
82.03
82.04
82.04
82.05
82.04
82.03
82.02
82.02
82.02
82.01
82.02
82.03
82.03
82.04
82.04
82.04
82.04
82.05
82.06
82.04
82.05
82.03
82.03
82.04
82.03
82.03
82.03
82.03
82.03
82.03
82.03
82.03
82.02
82.01
82.00
81.99
81.98
81.98
81.98
81.98
81.98
81.98
81.97
81.97
81.98
81.98
81.98
81.97
81.96
81.95
81.96
81.96
81.96
81.95
81.96
81.98
81.98
81.98
81.99
81.99
82.00
82.01
81.99
81.99
82.00
82.00
82.01
82.00
82.00
82.00
82.01
82.00
82.00
82.00
82.00
82.00
82.00
82.01
82.00
82.00
82.01
82.02
82.02
82.02
82.02
82.01
82.00
82.01
82.00
82.01
82.01
82.00
82.01
82.01
82.02
82.01
82.01
82.01
82.02
82.03
82.02
82.02
82.02
82.02
82.01
82.00
82.01
82.01
82.01
82.00
82.01
82.00
82.00
82.00
82.01
82.01
82.02
82.02
82.01
82.01
82.01
82.01
82.01
82.01
82.00
82.00
82.00
81.99
81.99
81.98
81.98
81.98
81.97
81.97
81.98
81.98
81.98
81.97
81.97
81.99
81.98
81.99
81.99
82.00
82.00
82.00
82.01
82.02
82.02
82.02
82.02
82.02
82.03
82.02
82.02
82.01
82.00
82.00
82.00
82.01
82.00
82.00
82.00
82.01
82.01
82.01
82.00
82.01
82.00
81.99
82.00
81.99
81.98
81.98
81.90
