79.69
78.91
79.17
80.47
80.31
80.73
80.58
81.05
81.94
82.50
82.81
83.07
83.17
83.15
83.33
83.98
84.10
84.46
84.13
84.38
84.15
83.95
84.04
83.79
83.50
83.23
83.22
83.43
83.57
83.39
83.52
83.54
83.33
83.23
83.04
83.12
83.15
82.94
82.93
82.70
82.74
82.81
82.85
82.92
82.74
82.61
82.48
82.45
82.59
82.59
82.66
82.63
82.61
82.47
82.47
82.39
82.40
82.44
82.39
82.40
82.35
82.21
82.09
81.88
81.90
81.91
81.93
81.99
81.97
82.03
82.00
82.01
82.04
82.09
82.00
82.09
82.02
82.07
81.98
82.07
81.98
81.97
81.93
81.99
81.99
81.96
81.97
82.00
81.99
81.96
82.02
81.95
81.97
81.98
82.02
81.98
82.02
82.06
82.05
82.00
82.02
82.00
82.07
82.02
82.01
82.00
82.04
82.03
82.04
82.10
82.07
82.07
82.09
82.13
82.11
82.13
82.18
82.16
82.16
82.16
82.23
82.18
82.27
82.26
82.22
82.25
82.27
82.34
82.39
82.40
82.31
82.27
82.26
82.30
82.30
82.26
82.22
82.19
82.19
82.21
82.17
82.21
82.20
82.16
82.16
82.17
82.20
82.24
82.21
82.22
82.21
82.25
82.26
82.26
82.28
82.33
82.33
82.31
82.33
82.32
82.36
82.38
82.31
82.28
82.30
82.32
82.34
82.37
82.35
82.36
82.36
82.36
82.32
82.34
82.26
82.28
82.30
82.35
82.36
82.34
82.30
82.30
82.32
82.29
82.23
82.22
82.22
82.24
82.24
82.21
82.22
82.24
82.23
82.20
82.17
82.19
82.19
82.22
82.22
82.23
82.21
82.19
82.17
82.14
82.13
82.15
82.22
82.20
82.21
82.20
82.21
82.21
82.20
82.18
82.22
82.20
82.21
82.22
82.21
82.22
82.23
82.21
82.20
82.23
82.23
82.22
82.26
82.28
82.27
82.27
82.28
82.28
82.26
82.26
82.29
82.30
82.31
82.30
82.32
82.32
82.29
82.30
82.27
82.26
82.24
82.23
82.24
82.23
82.24
82.25
82.25
82.24
82.24
82.23
82.22
82.20
82.19
82.23
82.23
82.21
82.18
82.20
82.24
82.20
82.22
82.24
82.23
82.24
82.25
82.27
82.29
82.28
82.28
82.28
82.24
82.23
82.19
82.18
82.16
82.17
82.19
82.18
82.17
82.19
82.18
82.16
82.15
82.15
82.13
82.11
82.07
82.09
82.07
82.06
82.07
82.08
82.07
82.07
82.09
82.12
82.08
82.08
82.10
82.12
82.12
82.10
82.11
82.10
82.12
82.12
82.11
82.09
82.10
82.12
82.13
82.12
82.11
82.11
82.12
82.14
82.14
82.13
82.13
82.12
82.14
82.13
82.13
82.12
82.11
82.11
82.10
82.12
82.12
82.12
82.13
82.12
82.14
82.14
82.14
82.16
82.16
82.15
82.17
82.16
82.13
82.14
82.14
82.12
82.13
82.13
82.15
82.16
82.17
82.17
82.14
82.12
82.12
82.11
82.14
82.13
82.13
82.10
82.10
82.10
82.11
82.08
82.08
82.06
82.04
82.04
82.04
82.05
82.03
82.03
82.02
82.02
82.05
82.05
82.03
82.04
82.05
82.07
82.06
82.04
82.05
82.03
82.01
82.02
82.01
82.01
82.01
82.01
82.00
82.01
82.00
82.00
82.00
82.00
81.98
81.96
81.94
81.93
81.95
81.97
81.95
81.94
81.96
81.94
81.93
81.92
81.92
81.92
81.90
81.90
81.88
81.90
81.90
81.90
81.90
81.92
81.92
81.92
81.92
81.91
81.94
81.95
81.96
81.94
81.93
81.94
81.94
81.95
81.93
81.94
81.94
81.93
81.92
81.93
81.94
81.94
81.95
81.94
81.96
81.95
81.93
81.94
81.96
81.95
81.96
81.95
81.95
81.95
81.93
81.93
81.95
81.96
81.96
81.96
81.96
81.96
81.98
81.97
81.96
81.97
81.98
81.98
81.97
81.98
81.98
81.97
81.98
81.98
81.98
81.98
81.99
81.99
81.99
81.99
81.98
81.98
81.98
81.97
81.96
81.97
81.96
81.95
81.96
81.95
81.94
81.95
81.95
81.95
81.95
81.96
81.96
81.94
81.93
81.93
81.94
81.94
81.94
81.94
81.94
81.94
81.95
81.96
81.95
81.96
81.95
81.95
81.93
81.94
81.95
81.94
81.94
81.92
81.93
81.94
81.93
81.93
81.94
81.95
81.96
81.96
81.96
81.95
81.95
81.96
81.96
81.98
81.98
82.00
81.99
81.99
81.99
81.99
81.99
81.99
82.00
82.00
81.99
82.00
82.00
82.01
82.01
82.00
82.01
82.01
82.01
82.01
82.02
82.02
82.01
82.01
82.01
82.02
82.03
82.02
82.03
82.02
82.02
82.02
82.02
82.03
82.02
82.02
82.03
82.05
82.03
82.04
82.04
82.03
82.03
82.04
82.04
82.03
82.04
82.04
82.02
82.01
82.00
81.99
81.99
81.98
81.97
81.97
81.96
81.95
81.94
81.95
81.95
81.95
81.95
81.95
81.95
81.95
81.94
81.95
81.96
81.96
81.95
81.95
81.94
81.94
81.93
81.93
81.93
81.93
81.93
81.93
81.95
81.96
81.96
81.97
81.98
81.99
82.00
82.00
81.99
81.98
81.99
81.98
81.98
81.98
81.98
81.97
81.97
81.96
81.95
81.95
81.96
81.97
81.97
81.96
81.98
81.97
81.97
81.97
81.98
82.00
82.00
82.01
82.01
82.02
82.01
82.01
82.01
82.00
82.01
82.00
82.00
81.99
82.00
81.99
81.99
81.99
81.98
81.98
81.98
81.98
81.98
81.98
81.97
81.97
81.97
81.96
81.96
81.96
81.97
81.97
81.97
81.98
81.99
81.99
81.98
81.98
81.98
81.98
81.99
81.99
81.99
81.99
81.99
82.00
81.99
81.99
81.97
81.97
81.96
81.95
81.95
81.95
81.95
81.96
81.96
81.96
81.96
81.96
81.95
81.96
81.96
81.95
81.95
81.95
81.95
81.95
81.95
81.95
81.95
81.95
81.94
81.95
81.96
81.96
81.95
81.96
81.96
81.95
81.95
81.97
81.96
81.97
81.96
81.96
81.95
81.95
81.96
81.96
81.97
81.98
81.97
81.97
81.96
81.96
81.97
81.96
81.96
81.96
81.95
81.96
81.96
81.97
81.97
81.98
81.98
81.98
81.98
81.98
81.97
81.97
81.97
81.96
81.96
81.96
81.97
81.97
81.97
81.97
81.96
81.96
81.97
81.96
81.97
81.96
81.96
81.95
81.94
81.94
81.93
81.93
81.94
81.94
81.93
81.93
81.93
81.93
81.93
81.93
81.93
81.94
81.94
81.86
