81.25
81.25
82.29
80.47
80.31
82.03
81.92
82.81
82.64
82.50
82.95
82.16
81.61
81.70
81.67
81.45
81.89
82.20
81.99
82.27
82.22
82.10
82.13
81.77
81.75
81.67
81.60
81.64
81.47
81.61
81.65
81.64
81.68
81.66
81.83
81.99
82.05
82.15
82.17
81.95
82.01
82.07
82.09
82.00
82.05
82.17
82.28
82.23
82.27
82.41
82.51
82.60
82.55
82.64
82.53
82.53
82.51
82.62
82.81
82.97
82.91
82.89
82.81
82.76
82.76
82.58
82.63
82.56
82.59
82.61
82.57
82.51
82.47
82.45
82.44
82.59
82.65
82.57
82.48
82.58
82.50
82.41
82.30
82.27
82.24
82.27
82.26
82.23
82.13
82.17
82.14
82.17
82.26
82.31
82.29
82.32
82.36
82.35
82.29
82.30
82.24
82.28
82.22
82.23
82.14
82.10
82.07
82.02
82.02
82.06
82.08
81.99
81.94
81.99
81.97
81.98
81.96
81.97
81.88
81.91
81.99
82.01
82.01
82.02
81.97
81.97
81.99
81.95
82.00
82.00
82.05
82.09
82.10
82.07
82.07
82.05
82.07
82.09
82.10
82.08
82.08
82.10
82.12
82.07
82.04
82.10
82.07
82.04
82.04
82.03
81.98
81.99
82.01
82.00
81.97
81.96
81.95
81.97
81.99
81.92
81.94
81.98
82.01
81.97
81.98
81.97
81.97
81.96
81.92
81.91
81.90
81.89
81.87
81.86
81.87
81.90
81.85
81.86
81.81
81.78
81.78
81.79
81.84
81.84
81.87
81.88
81.87
81.87
81.81
81.83
81.85
81.83
81.84
81.85
81.87
81.86
81.88
81.90
81.93
81.96
81.97
81.95
81.96
81.95
81.97
81.97
82.00
81.98
81.98
81.93
81.94
81.99
81.95
81.88
81.88
81.91
81.94
81.92
81.92
81.92
81.91
81.94
81.93
81.95
82.00
81.98
81.99
82.00
81.99
82.00
82.00
81.98
81.97
81.99
81.99
81.97
81.98
81.95
81.93
81.95
81.95
81.93
81.91
81.90
81.91
81.94
81.93
81.93
81.96
81.97
81.97
81.97
81.98
81.99
81.97
82.01
82.00
81.98
81.96
81.95
81.96
81.97
81.96
81.97
81.99
82.00
81.99
82.00
82.02
82.02
82.00
81.99
81.97
81.95
81.98
81.96
81.95
81.93
81.92
81.91
81.93
81.91
81.91
81.91
81.90
81.93
81.95
81.97
81.98
81.99
82.02
82.02
82.02
81.99
81.99
81.98
81.99
81.99
81.98
81.97
81.98
81.98
81.96
81.96
81.95
81.94
81.94
81.90
81.91
81.94
81.95
81.93
81.90
81.90
81.88
81.86
81.85
81.85
81.85
81.87
81.89
81.88
81.89
81.92
81.87
81.88
81.84
81.83
81.82
81.82
81.81
81.81
81.80
81.80
81.76
81.77
81.79
81.79
81.78
81.78
81.79
81.78
81.77
81.79
81.77
81.78
81.76
81.75
81.75
81.75
81.75
81.75
81.75
81.76
81.76
81.79
81.79
81.78
81.79
81.77
81.76
81.74
81.76
81.77
81.76
81.77
81.78
81.78
81.78
81.77
81.77
81.78
81.80
81.79
81.79
81.79
81.80
81.80
81.80
81.79
81.77
81.77
81.77
81.78
81.78
81.77
81.79
81.76
81.74
81.77
81.73
81.75
81.75
81.73
81.75
81.75
81.74
81.74
81.75
81.74
81.73
81.72
81.73
81.73
81.73
81.71
81.70
81.69
81.70
81.69
81.70
81.69
81.70
81.71
81.72
81.71
81.71
81.71
81.72
81.72
81.71
81.71
81.71
81.71
81.69
81.69
81.69
81.69
81.69
81.69
81.69
81.68
81.67
81.67
81.68
81.69
81.67
81.66
81.66
81.66
81.66
81.66
81.65
81.64
81.64
81.67
81.65
81.66
81.67
81.66
81.66
81.66
81.66
81.66
81.67
81.68
81.68
81.67
81.67
81.67
81.67
81.66
81.65
81.64
81.65
81.65
81.64
81.65
81.66
81.65
81.65
81.64
81.63
81.63
81.63
81.63
81.62
81.62
81.61
81.61
81.61
81.62
81.62
81.61
81.60
81.62
81.61
81.61
81.60
81.61
81.60
81.59
81.57
81.57
81.57
81.55
81.55
81.55
81.56
81.57
81.58
81.58
81.59
81.58
81.58
81.57
81.57
81.58
81.57
81.56
81.56
81.55
81.55
81.55
81.54
81.54
81.54
81.53
81.52
81.53
81.53
81.52
81.50
81.51
81.52
81.52
81.54
81.53
81.54
81.55
81.55
81.55
81.57
81.57
81.57
81.57
81.56
81.56
81.55
81.54
81.52
81.52
81.52
81.52
81.53
81.54
81.53
81.52
81.53
81.53
81.53
81.54
81.54
81.54
81.54
81.55
81.53
81.54
81.54
81.54
81.55
81.54
81.53
81.53
81.53
81.54
81.55
81.54
81.52
81.52
81.50
81.50
81.51
81.51
81.49
81.49
81.50
81.49
81.49
81.48
81.48
81.48
81.47
81.48
81.48
81.49
81.50
81.50
81.50
81.50
81.50
81.47
81.48
81.47
81.47
81.47
81.46
81.48
81.48
81.46
81.47
81.47
81.48
81.48
81.48
81.48
81.48
81.48
81.47
81.48
81.48
81.47
81.48
81.49
81.48
81.47
81.47
81.45
81.44
81.43
81.42
81.40
81.40
81.40
81.40
81.41
81.40
81.39
81.38
81.38
81.38
81.37
81.38
81.38
81.37
81.35
81.37
81.36
81.37
81.35
81.36
81.36
81.36
81.35
81.34
81.34
81.35
81.34
81.33
81.33
81.32
81.32
81.30
81.31
81.31
81.31
81.32
81.33
81.33
81.34
81.34
81.35
81.36
81.35
81.34
81.34
81.35
81.35
81.35
81.35
81.35
81.35
81.35
81.34
81.33
81.32
81.33
81.33
81.33
81.32
81.32
81.32
81.31
81.31
81.30
81.30
81.30
81.29
81.29
81.28
81.29
81.30
81.31
81.30
81.31
81.31
81.32
81.32
81.32
81.31
81.31
81.30
81.31
81.30
81.30
81.29
81.29
81.30
81.30
81.31
81.32
81.33
81.31
81.31
81.32
81.32
81.32
81.32
81.32
81.32
81.30
81.30
81.30
81.30
81.31
81.30
81.30
81.31
81.31
81.33
81.34
81.34
81.34
81.34
81.32
81.33
81.33
81.32
81.32
81.32
81.33
81.33
81.33
81.33
81.33
81.33
81.31
81.31
81.31
81.31
81.31
81.31
81.31
81.31
81.30
81.31
81.31
81.31
81.31
81.30
81.30
81.30
81.29
81.29
81.29
81.30
81.29
81.29
81.29
81.29
81.29
81.30
81.30
81.31
81.30
81.30
81.29
81.29
81.29
81.29
81.29
81.21
