87.50
82.81
83.33
85.16
84.38
84.11
83.71
84.18
84.90
84.53
84.66
84.77
85.10
84.26
84.06
83.98
83.64
83.59
83.22
83.36
83.63
83.52
83.49
83.46
83.31
82.99
82.93
83.04
82.81
82.55
82.81
82.91
82.48
82.40
82.28
82.60
82.47
82.32
82.33
82.58
82.47
82.37
82.27
82.10
81.98
82.13
82.08
82.13
82.14
82.19
81.99
82.03
81.99
81.89
81.90
82.14
82.10
82.09
82.07
82.08
82.15
82.23
82.27
82.32
82.38
82.32
82.39
82.40
82.50
82.41
82.33
82.34
82.28
82.45
82.44
82.52
82.49
82.49
82.52
82.56
82.68
82.70
82.70
82.72
82.78
82.76
82.79
82.81
82.76
82.71
82.68
82.73
82.73
82.65
82.68
82.65
82.68
82.67
82.59
82.58
82.58
82.60
82.54
82.47
82.38
82.39
82.39
82.45
82.48
82.46
82.47
82.51
82.45
82.42
82.40
82.37
82.41
82.42
82.37
82.32
82.31
82.35
82.33
82.31
82.27
82.25
82.26
82.26
82.17
82.16
82.19
82.17
82.13
82.12
82.07
82.11
82.12
82.08
82.06
82.06
82.07
82.05
82.09
82.11
82.12
82.17
82.11
82.11
82.11
82.10
82.11
82.18
82.16
82.15
82.18
82.13
82.14
82.14
82.13
82.16
82.14
82.12
82.12
82.13
82.10
82.14
82.17
82.16
82.14
82.14
82.13
82.11
82.16
82.13
82.11
82.12
82.12
82.12
82.08
82.08
82.08
82.08
82.07
82.06
82.04
82.02
82.02
82.01
81.98
82.00
82.02
81.97
81.95
81.96
81.96
81.97
82.00
81.98
82.00
82.02
82.05
82.06
82.03
82.05
82.08
82.08
82.07
82.05
82.06
82.06
82.03
82.08
82.06
82.02
82.03
82.02
82.01
81.99
81.96
81.95
81.99
82.00
81.98
82.00
82.05
82.03
82.05
82.02
82.04
82.01
82.00
82.02
82.03
82.05
82.03
82.01
81.98
81.95
81.91
81.92
81.90
81.87
81.87
81.88
81.87
81.85
81.88
81.89
81.89
81.88
81.88
81.91
81.94
81.95
81.92
81.94
81.94
81.96
81.99
82.00
82.02
82.01
81.97
81.97
81.96
81.94
81.95
81.96
81.95
81.94
81.94
81.95
81.92
81.94
81.95
81.92
81.92
81.93
81.90
81.89
81.89
81.87
81.88
81.87
81.90
81.92
81.91
81.89
81.87
81.86
81.86
81.85
81.86
81.86
81.86
81.89
81.87
81.86
81.83
81.84
81.84
81.86
81.84
81.87
81.88
81.89
81.90
81.89
81.89
81.90
81.90
81.90
81.88
81.88
81.85
81.85
81.85
81.85
81.87
81.87
81.87
81.86
81.83
81.83
81.82
81.84
81.84
81.85
81.86
81.88
81.88
81.88
81.89
81.90
81.91
81.92
81.92
81.93
81.92
81.92
81.92
81.88
81.90
81.91
81.90
81.90
81.90
81.90
81.89
81.89
81.89
81.88
81.88
81.87
81.88
81.90
81.88
81.85
81.82
81.81
81.80
81.79
81.76
81.77
81.76
81.78
81.79
81.80
81.79
81.80
81.78
81.75
81.74
81.73
81.73
81.72
81.72
81.74
81.74
81.76
81.75
81.75
81.76
81.77
81.77
81.78
81.77
81.78
81.77
81.78
81.78
81.79
81.81
81.82
81.81
81.80
81.83
81.83
81.81
81.82
81.80
81.80
81.82
81.81
81.80
81.81
81.80
81.81
81.79
81.80
81.79
81.79
81.78
81.79
81.80
