81.25
79.69
81.77
82.81
84.38
85.42
85.27
85.35
84.72
84.69
84.80
84.24
83.41
83.15
83.23
82.91
82.81
83.07
82.89
83.05
82.74
82.74
82.40
82.42
82.75
82.87
82.99
82.76
82.76
82.55
82.51
82.37
82.20
81.80
81.79
81.73
81.80
81.70
81.65
81.84
81.59
81.70
81.72
81.57
81.63
81.49
81.42
81.51
81.47
81.72
81.68
81.88
82.05
82.06
82.05
82.09
82.10
82.03
82.10
82.06
81.99
82.06
82.17
82.18
82.24
82.05
82.07
82.03
82.07
82.05
82.11
82.16
82.17
82.18
82.19
82.11
82.04
82.09
82.08
82.21
82.23
82.18
82.23
82.24
82.24
82.21
82.27
82.23
82.23
82.19
82.16
82.15
82.07
82.08
82.11
82.10
82.15
82.06
82.04
82.06
82.07
82.09
82.13
82.08
82.17
82.15
82.16
82.13
82.17
82.13
82.16
82.18
82.22
82.15
82.19
82.19
82.24
82.19
82.17
82.12
82.13
82.20
82.19
82.22
82.16
82.20
82.21
82.20
82.21
82.14
82.06
82.04
81.99
81.94
81.97
81.96
81.95
81.92
81.92
81.94
81.90
81.95
81.93
81.96
81.98
81.99
82.03
81.97
81.92
81.94
81.94
81.96
81.94
81.95
81.95
81.93
81.95
81.96
81.90
81.94
81.97
81.95
81.92
81.89
81.87
81.91
81.89
81.89
81.93
81.92
81.91
81.92
81.89
81.91
81.94
81.94
81.93
81.91
81.88
81.88
81.85
81.84
81.86
81.82
81.87
81.91
81.86
81.85
81.87
81.88
81.91
81.91
81.92
81.91
81.92
81.89
81.89
81.90
81.93
81.93
81.93
81.93
81.94
81.95
81.92
81.96
81.91
81.94
81.92
81.93
81.92
81.98
82.00
81.97
81.93
81.94
81.91
81.89
81.88
81.88
81.89
81.88
81.89
81.88
81.90
81.89
81.89
81.90
81.88
81.87
81.87
81.84
81.83
81.86
81.87
81.85
81.84
81.85
81.86
81.80
81.81
81.80
81.79
81.76
81.76
81.77
81.77
81.76
81.75
81.74
81.74
81.73
81.72
81.70
81.66
81.63
81.66
81.66
81.60
81.60
81.59
81.60
81.57
81.55
81.54
81.54
81.55
81.58
81.56
81.57
81.58
81.59
81.58
81.58
81.53
81.53
81.55
81.58
81.55
81.57
81.55
81.57
81.58
81.58
81.60
81.59
81.59
81.57
81.57
81.57
81.59
81.59
81.60
81.60
81.59
81.59
81.59
81.60
81.59
81.55
81.58
81.59
81.60
81.61
81.63
81.61
81.62
81.63
81.65
81.65
81.63
81.65
81.63
81.63
81.63
81.62
81.60
81.61
81.61
81.60
81.59
81.56
81.56
81.58
81.58
81.58
81.60
81.59
81.62
81.62
81.65
81.63
81.64
81.63
81.61
81.62
81.60
81.59
81.60
81.59
81.57
81.58
81.59
81.60
81.63
81.65
81.66
81.67
81.68
81.64
81.64
81.64
81.65
81.63
81.64
81.65
81.65
81.66
81.66
81.68
81.65
81.66
81.64
81.64
81.65
81.66
81.64
81.66
81.66
81.68
81.69
81.71
81.70
81.67
81.69
81.69
81.71
81.71
81.70
81.70
81.71
81.73
81.74
81.72
81.71
81.73
81.71
81.73
81.71
81.72
81.73
81.73
81.72
81.71
81.71
81.71
81.71
81.71
81.72
81.75
81.76
81.76
81.77
81.77
81.78
81.77
81.78
81.79
81.77
81.78
81.78
81.78
81.76
81.75
81.77
81.75
81.72
81.71
81.71
81.72
81.73
81.72
81.70
81.73
81.73
81.70
81.71
81.71
81.73
81.74
81.73
81.73
81.73
81.74
81.73
81.74
81.76
81.76
81.76
81.75
81.76
81.77
81.76
81.75
81.75
81.75
81.74
81.72
81.72
81.72
81.72
81.73
81.73
81.73
81.74
81.75
81.75
81.76
81.74
81.74
81.75
81.77
81.78
81.76
81.76
81.76
81.76
81.75
81.76
81.77
81.75
81.76
81.75
81.75
81.77
81.78
81.77
81.78
81.78
81.78
81.78
81.76
81.76
81.75
81.76
81.78
81.78
81.79
81.80
81.80
81.81
81.81
81.81
81.82
81.83
81.81
81.79
81.80
81.81
81.80
81.80
81.80
81.80
81.81
81.81
81.82
81.81
81.83
81.82
81.80
81.80
81.80
81.80
81.79
81.79
81.80
81.80
81.79
81.79
81.81
81.82
81.83
81.83
81.85
81.85
81.83
81.83
81.83
81.82
81.81
81.79
81.79
81.80
81.81
81.80
81.80
81.79
81.77
81.77
81.78
81.77
81.77
81.77
81.76
81.77
81.75
81.74
81.74
81.74
81.74
81.74
81.71
81.70
81.69
81.70
81.71
81.70
81.71
81.72
81.71
81.73
81.73
81.74
81.73
81.73
81.73
81.72
81.74
81.74
81.72
81.69
81.69
81.69
81.69
81.68
81.69
81.69
81.69
81.70
81.70
81.70
81.70
81.69
81.70
81.71
81.71
81.72
81.72
81.72
81.71
81.70
81.70
81.70
81.69
81.67
81.66
81.65
81.66
81.66
81.66
81.67
81.66
81.67
81.65
81.66
81.65
81.65
81.65
81.64
81.63
81.63
81.64
81.64
81.64
81.64
81.64
81.65
81.66
81.65
81.66
81.65
81.65
81.65
81.63
81.62
81.63
81.63
81.64
81.64
81.65
81.64
81.64
81.64
81.64
81.63
81.63
81.62
81.61
81.61
81.61
81.61
81.61
81.61
81.61
81.61
81.61
81.59
81.59
81.59
81.60
81.60
81.60
81.60
81.61
81.60
81.60
81.59
81.59
81.58
81.58
81.58
81.59
81.60
81.60
81.60
81.60
81.61
81.61
81.60
81.60
81.60
81.58
81.59
81.59
81.59
81.59
81.60
81.61
81.60
81.61
81.61
81.60
81.59
81.59
81.59
81.59
81.60
81.61
81.61
81.61
81.61
81.61
81.60
81.61
81.60
81.60
81.60
81.61
81.61
81.60
81.58
81.60
81.59
81.59
81.60
81.60
81.60
81.60
81.60
81.61
81.61
81.61
81.61
81.60
81.61
81.61
81.60
81.59
81.60
81.59
81.58
81.58
81.57
81.57
81.57
81.57
81.56
81.56
81.56
81.54
81.53
81.54
81.54
81.54
81.54
81.54
81.54
81.55
81.55
81.55
81.56
81.56
81.56
81.56
81.55
81.55
81.55
81.54
81.54
81.54
81.54
81.55
81.56
81.55
81.55
81.54
81.54
81.54
81.54
81.53
81.53
81.54
81.53
81.53
81.52
81.53
81.53
81.53
81.54
81.54
81.54
81.54
81.52
81.53
81.52
81.51
81.52
81.52
81.52
81.53
81.54
81.46
