85.94
87.50
86.46
84.38
84.38
84.90
85.27
85.55
85.42
85.62
86.08
85.94
84.98
84.82
85.00
85.16
84.65
84.72
84.05
83.83
84.08
83.95
83.90
83.98
84.06
83.95
83.91
83.93
83.67
83.65
83.57
83.30
83.29
82.95
83.12
82.90
83.07
82.94
82.97
82.85
82.85
82.92
82.89
82.74
82.64
82.68
82.65
82.85
82.78
82.59
82.57
82.60
82.49
82.55
82.56
82.56
82.57
82.46
82.52
82.50
82.38
82.41
82.42
82.40
82.36
82.48
82.49
82.42
82.36
82.48
82.37
82.18
82.08
82.12
82.15
82.05
81.98
82.05
82.06
81.95
82.00
82.01
82.00
81.94
81.89
81.89
81.84
81.85
81.92
81.93
81.90
81.84
81.87
81.85
81.88
81.77
81.73
81.81
81.83
81.84
81.92
81.99
81.93
81.94
81.96
81.88
81.88
81.87
81.90
81.90
81.86
81.84
81.83
81.85
81.79
81.72
81.70
81.75
81.74
81.73
81.74
81.71
81.76
81.74
81.72
81.70
81.63
81.63
81.59
81.59
81.56
81.55
81.56
81.55
81.56
81.58
81.65
81.63
81.67
81.63
81.64
81.60
81.61
81.60
81.56
81.58
81.56
81.62
81.64
81.68
81.71
81.70
81.72
81.70
81.65
81.69
81.71
81.72
81.64
81.64
81.71
81.71
81.70
81.71
81.71
81.73
81.75
81.71
81.75
81.68
81.67
81.64
81.61
81.59
81.59
81.49
81.42
81.38
81.43
81.43
81.37
81.36
81.32
81.31
81.35
81.39
81.40
81.38
81.42
81.46
81.45
81.41
81.42
81.41
81.43
81.46
81.48
81.46
81.51
81.57
81.62
81.61
81.55
81.54
81.50
81.51
81.51
81.49
81.52
81.56
81.53
81.52
81.53
81.48
81.48
81.48
81.45
81.44
81.43
81.43
81.45
81.42
81.40
81.41
81.41
81.38
81.38
81.41
81.41
81.43
81.43
81.45
81.46
81.49
81.47
81.50
81.48
81.48
81.47
81.49
81.52
81.57
81.57
81.54
81.56
81.55
81.56
81.56
81.54
81.55
81.54
81.50
81.48
81.48
81.48
81.48
81.47
81.46
81.47
81.49
81.50
81.46
81.45
81.44
81.44
81.46
81.48
81.42
81.42
81.42
81.42
81.39
81.39
81.41
81.42
81.43
81.42
81.41
81.41
81.40
81.43
81.42
81.45
81.44
81.42
81.42
81.44
81.46
81.47
81.48
81.42
81.44
81.45
81.48
81.46
81.46
81.44
81.44
81.46
81.48
81.48
81.49
81.50
81.49
81.48
81.49
81.50
81.51
81.49
81.51
81.54
81.54
81.54
81.57
81.59
81.62
81.61
81.60
81.64
81.66
81.65
81.65
81.63
81.64
81.62
81.64
81.62
81.62
81.62
81.62
81.60
81.59
81.58
81.59
81.61
81.62
81.62
81.63
81.64
81.65
81.64
81.64
81.66
81.66
81.68
81.66
81.66
81.64
81.62
81.60
81.61
81.61
81.63
81.64
81.64
81.62
81.62
81.64
81.63
81.62
81.62
81.62
81.62
81.61
81.61
81.60
81.61
81.60
81.60
81.60
81.59
81.60
81.60
81.61
81.61
81.62
81.62
81.62
81.61
81.62
81.62
81.63
81.64
81.63
81.63
81.64
81.63
81.62
81.62
81.61
81.62
81.60
81.61
81.60
81.59
81.57
81.57
81.59
81.60
81.60
81.60
81.59
81.57
81.57
81.55
81.56
81.55
81.57
81.57
81.58
81.61
81.58
81.59
81.58
81.59
81.60
81.61
81.61
81.62
81.62
81.62
81.60
81.60
81.60
81.62
81.63
81.64
81.65
81.62
81.64
81.66
81.66
81.67
81.68
81.67
81.66
81.66
81.67
81.67
81.67
81.67
81.67
81.68
81.69
81.69
81.70
81.68
81.70
81.70
81.69
81.66
81.69
81.68
81.69
81.69
81.70
81.69
81.70
81.69
81.69
81.69
81.71
81.70
81.70
81.71
81.70
81.70
81.69
81.69
81.68
81.69
81.67
81.66
81.67
81.67
81.66
81.65
81.63
81.59
81.60
81.60
81.60
81.60
81.60
81.59
81.60
81.60
81.59
81.59
81.59
81.59
81.60
81.58
81.59
81.58
81.57
81.56
81.56
81.57
81.57
81.56
81.56
81.55
81.55
81.55
81.55
81.55
81.55
81.54
81.54
81.54
81.53
81.53
81.54
81.55
81.56
81.54
81.54
81.53
81.54
81.55
81.55
81.54
81.55
81.55
81.55
81.56
81.56
81.57
81.57
81.57
81.58
81.58
81.60
81.62
81.60
81.59
81.58
81.57
81.57
81.57
81.58
81.58
81.60
81.60
81.59
81.59
81.58
81.58
81.57
81.58
81.58
81.59
81.60
81.58
81.58
81.58
81.58
81.57
81.56
81.54
81.54
81.54
81.55
81.55
81.55
81.55
81.56
81.54
81.55
81.56
81.57
81.56
81.55
81.55
81.55
81.57
81.56
81.57
81.56
81.57
81.57
81.57
81.56
81.55
81.54
81.54
81.54
81.54
81.54
81.52
81.52
81.53
81.53
81.53
81.51
81.52
81.51
81.50
81.51
81.51
81.51
81.51
81.53
81.53
81.52
81.53
81.52
81.51
81.51
81.52
81.53
81.53
81.52
81.50
81.49
81.49
81.49
81.49
81.50
81.48
81.48
81.49
81.48
81.49
81.48
81.48
81.49
81.47
81.48
81.47
81.48
81.46
81.47
81.47
81.48
81.48
81.47
81.47
81.48
81.48
81.48
81.48
81.49
81.47
81.48
81.49
81.50
81.49
81.50
81.49
81.49
81.49
81.49
81.51
81.51
81.50
81.50
81.49
81.51
81.51
81.50
81.49
81.49
81.49
81.49
81.50
81.50
81.50
81.49
81.47
81.47
81.48
81.47
81.46
81.46
81.46
81.46
81.46
81.47
81.47
81.46
81.46
81.45
81.45
81.46
81.45
81.47
81.47
81.47
81.47
81.48
81.48
81.48
81.47
81.48
81.47
81.47
81.48
81.49
81.50
81.50
81.49
81.50
81.51
81.52
81.52
81.51
81.51
81.51
81.52
81.53
81.54
81.55
81.55
81.54
81.55
81.56
81.57
81.57
81.57
81.57
81.58
81.59
81.59
81.59
81.59
81.60
81.60
81.59
81.59
81.59
81.58
81.58
81.58
81.59
81.58
81.58
81.58
81.58
81.58
81.58
81.57
81.57
81.57
81.57
81.57
81.58
81.58
81.57
81.57
81.57
81.58
81.57
81.58
81.57
81.57
81.57
81.58
81.56
81.56
81.56
81.55
81.54
81.54
81.54
81.53
81.54
81.53
81.53
81.54
81.53
81.55
81.55
81.54
81.55
81.55
81.55
81.56
81.56
81.56
81.48
