82.81
85.16
84.38
85.55
85.31
84.38
84.38
83.20
82.64
82.50
82.53
82.68
82.45
82.14
82.40
82.03
82.08
81.60
81.41
81.64
81.40
80.75
80.91
80.92
81.25
81.37
81.31
81.47
81.68
81.67
81.55
81.69
81.53
81.66
81.74
81.68
81.76
81.66
81.37
81.48
81.29
81.14
81.18
81.36
81.28
81.18
81.08
80.96
80.90
81.06
81.07
80.95
81.01
81.02
81.05
81.11
81.00
81.09
81.09
80.94
81.02
80.92
80.88
80.81
80.91
80.92
80.81
80.84
80.91
80.94
80.96
81.03
81.01
80.95
80.96
80.96
80.91
80.87
80.83
80.82
80.84
80.83
80.76
80.78
80.81
80.78
80.69
80.70
80.71
80.66
80.65
80.67
80.71
80.70
80.72
80.68
80.70
80.77
80.86
80.78
80.71
80.74
80.76
80.87
80.88
80.88
80.93
80.89
80.83
80.77
80.83
80.79
80.71
80.67
80.64
80.66
80.70
80.71
80.75
80.78
80.81
80.78
80.75
80.77
80.75
80.78
80.78
80.75
80.80
80.87
80.83
80.85
80.76
80.70
80.71
80.68
80.68
80.65
80.59
80.61
80.63
80.62
80.63
80.65
80.64
80.59
80.55
80.54
80.53
80.55
80.53
80.53
80.50
80.50
80.50
80.49
80.48
80.48
80.49
80.48
80.49
80.48
80.52
80.46
80.49
80.52
80.55
80.50
80.47
80.48
80.53
80.59
80.57
80.58
80.57
80.55
80.53
80.57
80.57
80.57
80.60
80.61
80.65
80.65
80.68
80.62
80.61
80.64
80.63
80.64
80.63
80.62
80.67
80.64
80.62
80.62
80.66
80.65
80.62
80.62
80.60
80.60
80.63
80.66
80.69
80.66
80.66
80.65
80.64
80.66
80.65
80.67
80.69
80.69
80.69
80.72
80.75
80.74
80.75
80.77
80.78
80.79
80.81
80.84
80.84
80.86
80.89
80.91
80.94
80.94
80.94
80.97
80.95
80.94
80.91
80.93
80.94
80.97
81.00
81.02
81.06
81.06
81.06
81.10
81.08
81.07
81.07
81.08
81.06
81.06
81.06
81.05
81.05
81.04
81.04
81.01
81.00
80.98
80.97
81.01
81.00
81.01
81.05
81.05
81.07
81.06
81.04
81.07
81.04
81.02
81.04
81.05
81.04
81.03
81.01
81.01
81.03
81.02
81.00
80.99
81.00
81.03
81.03
81.03
81.03
81.01
81.02
81.00
81.02
81.02
81.02
81.01
81.02
81.01
81.04
81.04
81.06
81.00
81.03
81.07
81.07
81.07
81.07
81.05
81.06
81.06
81.06
81.05
81.03
81.04
81.03
81.03
81.03
81.02
81.03
81.01
81.00
81.01
81.01
81.03
81.04
81.05
81.05
81.04
81.06
81.05
81.06
81.06
81.04
81.04
81.06
81.05
81.02
80.97
80.97
80.99
80.98
80.97
80.96
80.96
80.97
80.99
80.97
80.95
80.96
80.96
80.96
80.97
80.99
80.98
81.00
80.99
81.02
81.04
81.05
81.06
81.07
81.08
81.08
81.08
81.06
81.05
81.06
81.06
81.08
81.07
81.07
81.06
81.04
81.05
81.06
81.05
81.06
81.04
81.03
81.04
81.03
81.04
81.04
81.06
81.07
81.06
81.05
81.05
81.05
81.05
81.06
81.04
81.02
81.03
81.03
81.03
81.05
81.06
81.06
81.06
81.08
81.11
81.12
81.11
81.12
81.11
81.13
81.12
81.12
81.11
81.12
81.12
81.09
81.09
81.09
81.09
81.09
81.08
81.09
81.12
81.12
81.12
81.09
81.09
81.08
81.07
81.05
81.06
81.04
81.06
81.07
81.08
81.08
81.08
81.08
81.08
81.08
81.09
81.08
81.08
81.10
81.10
81.09
81.09
81.10
81.09
81.10
81.10
81.10
81.11
81.11
81.10
81.10
81.11
81.10
81.11
81.10
81.10
81.09
81.09
81.10
81.08
81.08
81.09
81.10
81.10
81.10
81.12
81.11
81.11
81.11
81.10
81.11
81.12
81.14
81.14
81.14
81.13
81.14
81.14
81.14
81.14
81.14
81.14
81.14
81.12
81.11
81.11
81.10
81.11
81.09
81.10
81.09
81.10
81.08
81.08
81.10
81.10
81.10
81.09
81.10
81.09
81.09
81.08
81.10
81.11
81.11
81.11
81.12
81.11
81.12
81.14
81.14
81.15
81.15
81.15
81.15
81.16
81.15
81.16
81.17
81.18
81.17
81.18
81.20
81.21
81.20
81.20
81.21
81.21
81.19
81.20
81.21
81.23
81.23
81.23
81.23
81.23
81.24
81.24
81.24
81.24
81.24
81.24
81.24
81.24
81.24
81.24
81.24
81.24
81.24
81.24
81.24
81.23
81.24
81.24
81.24
81.24
81.23
81.23
81.24
81.24
81.25
81.24
81.24
81.24
81.23
81.22
81.21
81.21
81.21
81.22
81.22
81.21
81.21
81.22
81.23
81.24
81.23
81.23
81.24
81.24
81.24
81.25
81.25
81.25
81.26
81.24
81.25
81.26
81.26
81.26
81.27
81.28
81.28
81.27
81.28
81.27
81.28
81.29
81.28
81.29
81.30
81.31
81.30
81.29
81.29
81.29
81.28
81.29
81.29
81.29
81.29
81.28
81.27
81.26
81.27
81.28
81.28
81.28
81.28
81.27
81.27
81.27
81.27
81.28
81.28
81.28
81.28
81.28
81.26
81.27
81.27
81.26
81.25
81.24
81.26
81.25
81.26
81.26
81.26
81.26
81.25
81.26
81.26
81.26
81.26
81.25
81.25
81.25
81.25
81.25
81.25
81.25
81.25
81.26
81.27
81.28
81.28
81.27
81.28
81.28
81.29
81.28
81.29
81.29
81.29
81.29
81.31
81.32
81.32
81.30
81.31
81.30
81.30
81.30
81.30
81.29
81.29
81.29
81.29
81.30
81.30
81.30
81.30
81.31
81.32
81.32
81.32
81.33
81.33
81.33
81.32
81.31
81.32
81.32
81.33
81.33
81.33
81.33
81.34
81.33
81.33
81.32
81.32
81.31
81.33
81.33
81.32
81.32
81.31
81.30
81.30
81.30
81.29
81.30
81.29
81.29
81.28
81.28
81.30
81.31
81.31
81.32
81.30
81.31
81.31
81.31
81.31
81.31
81.32
81.33
81.33
81.33
81.33
81.33
81.34
81.34
81.35
81.36
81.36
81.37
81.37
81.37
81.36
81.35
81.35
81.36
81.37
81.38
81.38
81.38
81.38
81.38
81.38
81.39
81.39
81.39
81.40
81.39
81.40
81.40
81.41
81.41
81.42
81.43
81.42
81.43
81.42
81.42
81.42
81.43
81.42
81.43
81.43
81.43
81.43
81.44
81.45
81.45
81.44
81.45
81.45
81.45
81.46
81.38
