85.94
85.94
86.46
87.11
86.56
85.42
85.71
85.16
83.85
83.59
82.95
83.07
82.57
82.81
82.71
82.62
82.81
82.81
82.65
82.58
82.74
82.53
82.61
82.36
82.31
82.45
82.70
82.65
82.76
82.81
83.01
82.81
83.14
83.09
83.17
83.29
83.32
83.35
83.41
83.12
83.12
83.15
83.03
83.06
82.95
82.81
82.91
82.94
82.91
82.91
83.00
83.05
82.96
83.04
83.10
83.15
83.31
83.41
83.45
83.52
83.27
83.37
83.41
83.30
83.29
83.26
83.16
83.18
83.22
83.26
83.14
83.07
82.96
82.92
82.96
82.89
82.85
82.81
82.83
82.75
82.77
82.77
82.87
82.79
82.68
82.70
82.72
82.65
82.76
82.83
82.73
82.74
82.75
82.75
82.73
82.67
82.64
82.62
82.61
82.59
82.60
82.58
82.57
82.57
82.59
82.56
82.59
82.60
82.58
82.56
82.59
82.58
82.58
82.52
82.61
82.56
82.59
82.52
82.56
82.62
82.62
82.58
82.55
82.52
82.56
82.54
82.53
82.53
82.51
82.54
82.56
82.56
82.53
82.49
82.47
82.46
82.49
82.46
82.46
82.46
82.44
82.45
82.45
82.41
82.39
82.36
82.33
82.34
82.33
82.39
82.38
82.40
82.44
82.41
82.39
82.41
82.39
82.40
82.37
82.33
82.36
82.32
82.29
82.23
82.24
82.26
82.28
82.25
82.29
82.29
82.29
82.29
82.24
82.24
82.22
82.23
82.25
82.21
82.21
82.17
82.20
82.24
82.23
82.27
82.28
82.30
82.31
82.29
82.28
82.29
82.25
82.26
82.28
82.28
82.29
82.27
82.23
82.21
82.26
82.27
82.30
82.29
82.34
82.32
82.32
82.28
82.27
82.23
82.22
82.22
82.21
82.23
82.23
82.23
82.22
82.23
82.28
82.27
82.29
82.29
82.28
82.29
82.27
82.26
82.19
82.21
82.22
82.23
82.23
82.23
82.22
82.24
82.19
82.18
82.19
82.22
82.19
82.20
82.17
82.10
82.11
82.12
82.11
82.14
82.15
82.16
82.13
82.14
82.16
82.17
82.15
82.19
82.19
82.19
82.21
82.23
82.26
82.25
82.22
82.19
82.19
82.21
82.22
82.23
82.22
82.22
82.21
82.19
82.21
82.18
82.17
82.17
82.16
82.16
82.14
82.15
82.18
82.17
82.15
82.13
82.11
82.13
82.11
82.14
82.14
82.11
82.10
82.11
82.08
82.07
82.05
82.03
82.04
82.06
82.06
82.06
82.07
82.05
82.02
82.01
81.97
81.97
81.96
81.97
81.97
81.98
81.99
81.96
81.97
82.00
82.01
82.03
82.02
82.03
82.04
82.03
82.04
82.05
82.06
82.05
82.08
82.07
82.08
82.07
82.06
82.04
82.03
82.05
82.06
82.05
82.07
82.07
82.09
82.08
82.09
82.10
82.08
82.07
82.07
82.05
82.05
82.04
82.02
82.04
82.04
82.06
82.07
82.07
82.06
82.06
82.03
82.02
82.03
82.05
82.06
82.08
82.07
82.08
82.07
82.07
82.09
82.08
82.07
82.08
82.07
82.08
82.08
82.07
82.07
82.06
82.07
82.06
82.04
82.03
82.03
82.04
82.03
82.02
82.03
82.04
82.02
82.01
82.01
82.01
82.01
81.97
81.96
81.94
81.96
81.94
81.93
81.90
81.89
81.89
81.87
81.88
81.88
81.87
81.85
81.84
81.83
81.84
81.82
81.83
81.80
81.80
81.80
81.79
81.78
81.78
81.78
81.78
81.78
81.79
81.80
81.79
81.78
81.78
81.79
81.78
81.75
81.77
81.75
81.77
81.76
81.76
81.78
81.79
81.80
81.80
81.82
81.82
81.81
81.79
81.79
81.76
81.77
81.76
81.76
81.77
81.76
81.74
81.74
81.73
81.74
81.74
81.73
81.74
81.74
81.76
81.76
81.79
81.76
81.78
81.79
81.79
81.79
81.81
81.81
81.80
81.81
81.79
81.78
81.79
81.80
81.81
81.80
81.79
81.81
81.82
81.81
81.81
81.80
81.80
81.80
81.81
81.82
81.83
81.83
81.84
81.84
81.86
81.86
81.87
81.87
81.87
81.89
81.86
81.84
81.84
81.83
81.83
81.82
81.85
81.86
81.87
81.86
81.87
81.86
81.87
81.85
81.84
81.84
81.85
81.85
81.84
81.84
81.86
81.86
81.87
81.87
81.87
81.88
81.89
81.88
81.87
81.87
81.87
81.87
81.87
81.87
81.88
81.88
81.88
81.87
81.88
81.88
81.90
81.89
81.88
81.88
81.87
81.86
81.87
81.89
81.90
81.92
81.92
81.93
81.93
81.93
81.93
81.94
81.94
81.95
81.94
81.94
81.94
81.94
81.94
81.94
81.92
81.93
81.93
81.93
81.93
81.94
81.94
81.94
81.94
81.95
81.96
81.97
81.98
81.99
81.98
82.00
82.00
82.00
81.99
81.99
81.99
82.00
82.00
82.01
82.00
82.00
82.00
82.01
82.00
82.00
82.01
82.01
82.02
82.01
82.00
82.00
82.00
82.00
81.99
82.00
82.00
82.00
82.00
82.01
82.02
82.02
82.02
82.02
82.01
82.00
81.98
81.98
81.98
81.98
81.97
81.97
81.98
81.98
81.98
81.97
81.97
81.98
81.99
81.99
81.99
82.00
81.99
82.01
82.03
82.03
82.03
82.01
81.99
81.98
81.99
81.99
82.01
82.00
81.99
81.98
81.98
81.98
81.97
81.97
81.98
81.99
81.98
81.99
81.99
82.00
82.01
82.01
82.01
82.01
82.00
82.01
82.00
82.01
82.00
82.00
82.00
82.00
82.01
82.01
82.01
82.00
82.00
82.01
82.01
82.01
82.00
81.99
81.97
81.97
81.97
81.96
81.98
81.98
81.98
81.98
81.97
81.97
81.97
81.98
81.97
81.98
81.97
81.97
81.98
81.98
81.99
82.00
82.00
82.00
82.00
82.00
82.00
81.99
82.01
82.01
82.02
82.01
82.02
82.02
82.03
82.03
82.03
82.03
82.03
82.03
82.03
82.04
82.04
82.03
82.03
82.04
82.04
82.03
82.03
82.02
82.02
82.02
82.02
82.03
82.01
82.02
82.03
82.03
82.04
82.04
82.04
82.04
82.03
82.04
82.04
82.05
82.05
82.04
82.03
82.03
82.03
82.01
82.00
82.02
82.01
82.01
82.01
82.01
82.01
82.02
82.02
82.02
82.02
82.03
82.02
82.02
82.01
82.01
82.01
82.01
82.00
82.01
82.01
82.01
82.02
82.02
82.03
82.01
82.02
82.02
82.01
82.01
82.01
82.02
82.02
82.01
82.01
82.00
82.00
82.00
82.00
81.99
81.98
81.97
81.97
81.97
81.97
81.98
81.98
81.97
81.90
