82.81
85.94
84.38
82.42
82.81
82.55
83.26
84.18
85.07
83.91
84.52
83.85
83.65
83.48
83.23
82.81
83.18
82.90
83.14
82.89
83.11
83.10
83.15
82.81
82.69
82.27
82.23
82.20
81.95
81.88
81.91
81.98
81.82
81.71
81.88
81.99
82.05
81.95
81.93
81.91
81.86
81.96
81.80
81.71
81.84
81.86
81.82
81.67
81.60
81.66
81.43
81.55
81.54
81.48
81.53
81.58
81.63
81.57
81.62
81.64
81.74
81.88
81.77
81.84
81.83
81.89
81.88
81.92
81.93
81.79
81.84
81.75
81.87
81.82
81.88
81.97
82.04
82.03
81.90
81.86
81.85
81.90
81.87
81.86
81.84
81.85
81.81
81.89
81.88
81.88
81.94
81.86
81.91
81.91
81.97
81.95
81.91
81.86
81.88
81.81
81.75
81.80
81.89
81.88
81.83
81.82
81.85
81.89
81.91
81.90
81.80
81.77
81.83
81.83
81.78
81.71
81.76
81.74
81.66
81.59
81.62
81.65
81.67
81.70
81.69
81.72
81.73
81.75
81.75
81.77
81.76
81.72
81.67
81.68
81.69
81.62
81.59
81.62
81.62
81.57
81.55
81.54
81.53
81.52
81.48
81.44
81.42
81.42
81.40
81.44
81.45
81.46
81.47
81.51
81.54
81.55
81.57
81.59
81.56
81.52
81.50
81.53
81.55
81.55
81.51
81.51
81.50
81.49
81.50
81.45
81.41
81.45
81.42
81.45
81.44
81.45
81.47
81.49
81.48
81.45
81.42
81.41
81.44
81.42
81.40
81.38
81.38
81.35
81.35
81.36
81.36
81.39
81.40
81.41
81.43
81.43
81.43
81.44
81.44
81.44
81.45
81.41
81.39
81.37
81.38
81.34
81.33
81.33
81.34
81.36
81.38
81.40
81.40
81.45
81.48
81.47
81.47
81.46
81.49
81.43
81.43
81.43
81.43
81.41
81.40
81.40
81.41
81.44
81.43
81.46
81.49
81.51
81.48
81.48
81.50
81.53
81.57
81.54
81.57
81.56
81.57
81.61
81.58
81.58
81.62
81.63
81.63
81.62
81.61
81.59
81.60
81.60
81.59
81.59
81.61
81.62
81.58
81.59
81.61
81.58
81.59
81.59
81.56
81.56
81.57
81.56
81.55
81.56
81.58
81.60
81.61
81.62
81.60
81.58
81.55
81.54
81.57
81.55
81.57
81.58
81.59
81.56
81.58
81.59
81.60
81.55
81.57
81.58
81.59
81.60
81.57
81.54
81.54
81.56
81.55
81.55
81.54
81.56
81.54
81.54
81.53
81.54
81.54
81.54
81.55
81.55
81.55
81.55
81.57
81.58
81.60
81.60
81.58
81.58
81.60
81.62
81.61
81.62
81.63
81.64
81.64
81.66
81.64
81.66
81.68
81.68
81.68
81.70
81.71
81.74
81.76
81.73
81.75
81.74
81.74
81.74
81.74
81.73
81.74
81.70
81.69
81.66
81.65
81.65
81.65
81.63
81.63
81.62
81.63
81.63
81.65
81.67
81.68
81.69
81.70
81.71
81.72
81.71
81.72
81.72
81.73
81.74
81.74
81.74
81.72
81.73
81.71
81.74
81.72
81.72
81.73
81.72
81.71
81.71
81.71
81.73
81.74
81.73
81.75
81.75
81.77
81.76
81.76
81.77
81.76
81.76
81.78
81.78
81.77
81.79
81.80
81.82
81.81
81.81
81.82
81.81
81.82
81.83
81.83
81.84
81.85
81.85
81.88
81.88
81.89
81.88
81.88
81.87
81.88
81.89
81.91
81.92
81.93
81.93
81.91
81.90
81.92
81.92
81.91
81.90
81.91
81.90
81.90
81.89
81.90
81.88
81.90
81.90
81.91
81.90
81.90
81.89
81.89
81.88
81.87
81.87
81.86
81.88
81.88
81.89
81.87
81.87
81.85
81.86
81.87
81.88
81.86
81.84
81.82
81.84
81.84
81.85
81.86
81.87
81.86
81.86
81.87
81.85
81.87
81.86
81.85
81.84
81.83
81.84
81.85
81.86
81.87
81.88
81.89
81.87
81.88
81.87
81.88
81.88
81.89
81.90
81.91
81.88
81.89
81.88
81.87
81.89
81.89
81.92
81.94
81.94
81.94
81.94
81.93
81.93
81.94
81.93
81.92
81.91
81.93
81.94
81.94
81.94
81.95
81.95
81.95
81.94
81.95
81.94
81.95
81.96
81.96
81.95
81.95
81.92
81.92
81.92
81.91
81.93
81.91
81.90
81.89
81.90
81.91
81.91
81.91
81.91
81.92
81.92
81.92
81.93
81.93
81.92
81.94
81.93
81.92
81.94
81.93
81.94
81.93
81.94
81.94
81.94
81.93
81.94
81.92
81.91
81.91
81.91
81.91
81.91
81.91
81.92
81.91
81.92
81.93
81.93
81.92
81.92
81.93
81.93
81.92
81.92
81.92
81.91
81.92
81.90
81.89
81.88
81.88
81.89
81.90
81.89
81.90
81.90
81.90
81.89
81.89
81.90
81.90
81.91
81.90
81.90
81.89
81.90
81.91
81.92
81.90
81.90
81.90
81.89
81.89
81.89
81.90
81.91
81.92
81.92
81.91
81.92
81.92
81.93
81.94
81.93
81.93
81.93
81.92
81.91
81.92
81.92
81.92
81.93
81.93
81.93
81.93
81.94
81.94
81.94
81.94
81.93
81.93
81.93
81.93
81.93
81.91
81.93
81.94
81.96
81.96
81.96
81.96
81.96
81.96
81.96
81.96
81.95
81.95
81.95
81.93
81.93
81.93
81.94
81.96
81.95
81.95
81.94
81.93
81.94
81.94
81.94
81.94
81.96
81.96
81.96
81.96
81.95
81.96
81.95
81.96
81.96
81.95
81.94
81.94
81.94
81.94
81.94
81.95
81.95
81.95
81.97
81.98
81.98
81.97
81.97
81.96
81.96
81.96
81.97
81.97
81.96
81.96
81.97
81.97
81.97
81.97
81.97
81.98
81.96
81.96
81.96
81.96
81.97
81.98
81.97
81.99
81.99
81.96
81.97
81.97
81.97
81.98
81.98
81.97
81.98
81.98
81.98
81.98
81.98
81.99
81.99
82.00
81.99
82.00
81.99
82.00
82.00
82.01
82.01
82.02
82.02
82.01
82.01
82.00
82.01
81.99
81.99
81.99
81.98
81.98
81.99
81.97
81.98
81.97
81.97
81.97
81.98
81.97
81.97
81.96
81.95
81.95
81.95
81.95
81.95
81.94
81.95
81.95
81.94
81.93
81.94
81.94
81.95
81.95
81.96
81.96
81.96
81.96
81.97
81.95
81.95
81.94
81.94
81.94
81.94
81.94
81.93
81.93
81.94
81.94
81.94
81.93
81.94
81.95
81.95
81.96
81.97
81.97
81.96
81.97
81.98
81.98
81.97
81.97
81.98
81.97
81.98
81.97
81.90
