78.12
78.91
79.69
78.91
79.06
79.69
79.46
80.08
80.73
81.25
81.11
80.60
80.65
80.36
80.52
80.86
80.79
80.64
80.76
80.62
80.58
80.75
80.77
80.79
80.88
80.89
81.19
81.31
81.41
81.41
81.50
81.40
81.25
81.20
81.03
81.03
81.08
81.13
81.29
81.45
81.33
81.06
81.03
81.07
81.04
81.22
81.32
81.35
81.28
81.22
81.34
81.43
81.52
81.45
81.39
81.31
81.20
81.03
81.14
81.28
81.28
81.30
81.27
81.27
81.30
81.27
81.18
81.20
81.16
81.21
81.29
81.25
81.10
81.21
81.25
81.23
81.19
81.21
81.11
81.15
81.27
81.27
81.33
81.32
81.36
81.32
81.41
81.43
81.41
81.41
81.42
81.52
81.52
81.57
81.64
81.67
81.62
81.58
81.60
81.61
81.56
81.56
81.55
81.58
81.56
81.59
81.62
81.66
81.68
81.68
81.69
81.70
81.75
81.78
81.67
81.63
81.64
81.58
81.55
81.51
81.51
81.42
81.36
81.43
81.41
81.44
81.50
81.54
81.56
81.53
81.57
81.62
81.67
81.69
81.74
81.72
81.74
81.68
81.72
81.71
81.74
81.77
81.80
81.74
81.69
81.66
81.62
81.56
81.60
81.57
81.59
81.60
81.59
81.63
81.62
81.56
81.56
81.54
81.56
81.54
81.58
81.50
81.49
81.49
81.52
81.55
81.55
81.59
81.63
81.65
81.60
81.61
81.66
81.60
81.61
81.63
81.66
81.66
81.62
81.61
81.61
81.65
81.67
81.70
81.72
81.75
81.75
81.74
81.72
81.72
81.74
81.77
81.74
81.76
81.77
81.80
81.78
81.72
81.71
81.69
81.71
81.69
81.71
81.74
81.76
81.74
81.77
81.78
81.77
81.78
81.78
81.82
81.82
81.80
81.82
81.77
81.73
81.72
81.69
81.70
81.66
81.65
81.67
81.66
81.71
81.69
81.68
81.68
81.69
81.69
81.70
81.71
81.70
81.70
81.72
81.68
81.65
81.63
81.64
81.67
81.65
81.65
81.66
81.69
81.66
81.64
81.67
81.69
81.70
81.67
81.64
81.64
81.66
81.65
81.64
81.65
81.65
81.66
81.64
81.60
81.62
81.64
81.64
81.61
81.60
81.61
81.60
81.60
81.61
81.59
81.60
81.60
81.60
81.60
81.59
81.56
81.55
81.56
81.56
81.60
81.59
81.57
81.57
81.57
81.59
81.56
81.56
81.54
81.56
81.58
81.57
81.58
81.58
81.60
81.58
81.56
81.52
81.51
81.49
81.47
81.48
81.45
81.47
81.46
81.42
81.42
81.41
81.43
81.43
81.40
81.41
81.42
81.42
81.43
81.46
81.47
81.46
81.46
81.49
81.50
81.48
81.48
81.48
81.48
81.50
81.50
81.51
81.51
81.51
81.52
81.50
81.51
81.51
81.51
81.49
81.49
81.50
81.51
81.51
81.52
81.52
81.54
81.51
81.51
81.52
81.52
81.53
81.53
81.55
81.55
81.56
81.57
81.58
81.59
81.60
81.62
81.62
81.63
81.63
81.64
81.65
81.66
81.67
81.69
81.69
81.70
81.70
81.72
81.73
81.74
81.73
81.74
81.75
81.74
81.77
81.77
81.77
81.76
81.77
81.77
81.76
81.78
81.78
81.76
81.75
81.76
81.79
81.80
81.79
81.77
81.79
81.79
81.79
81.80
81.80
81.81
81.83
81.82
81.82
81.82
81.82
81.84
81.84
81.85
81.84
81.81
81.82
81.80
81.81
81.82
81.82
81.82
81.81
81.82
81.82
81.82
81.81
81.82
81.81
81.83
81.84
81.84
81.83
81.83
81.85
81.87
81.86
81.85
81.85
81.86
81.87
81.87
81.86
81.85
81.84
81.84
81.84
81.84
81.85
81.86
81.86
81.84
81.82
81.83
81.83
81.85
81.85
81.87
81.88
81.89
81.89
81.89
81.88
81.88
81.90
81.90
81.91
81.91
81.92
81.93
81.93
81.93
81.94
81.93
81.94
81.93
81.94
81.93
81.93
81.92
81.93
81.94
81.92
81.93
81.92
81.93
81.92
81.93
81.93
81.91
81.90
81.90
81.90
81.91
81.92
81.93
81.93
81.92
81.92
81.93
81.94
81.94
81.93
81.92
81.91
81.91
81.89
81.88
81.89
81.87
81.88
81.88
81.88
81.87
81.87
81.86
81.84
81.84
81.83
81.83
81.84
81.84
81.83
81.83
81.83
81.82
81.82
81.82
81.82
81.81
81.82
81.83
81.84
81.85
81.85
81.85
81.86
81.84
81.84
81.84
81.84
81.85
81.85
81.86
81.87
81.86
81.85
81.85
81.84
81.83
81.83
81.82
81.83
81.83
81.83
81.85
81.84
81.83
81.84
81.85
81.85
81.86
81.87
81.89
81.88
81.87
81.86
81.87
81.88
81.88
81.87
81.88
81.86
81.85
81.85
81.86
81.86
81.86
81.87
81.88
81.89
81.87
81.88
81.88
81.88
81.89
81.89
81.88
81.89
81.88
81.87
81.86
81.87
81.87
81.88
81.87
81.88
81.87
81.86
81.87
81.87
81.88
81.90
81.90
81.90
81.90
81.90
81.91
81.91
81.91
81.92
81.91
81.91
81.91
81.93
81.94
81.93
81.92
81.92
81.92
81.91
81.91
81.91
81.91
81.91
81.91
81.91
81.92
81.91
81.93
81.93
81.92
81.93
81.94
81.93
81.92
81.92
81.92
81.91
81.91
81.91
81.91
81.91
81.91
81.90
81.91
81.90
81.91
81.91
81.91
81.92
81.92
81.93
81.94
81.94
81.94
81.95
81.94
81.94
81.94
81.93
81.92
81.92
81.92
81.93
81.93
81.92
81.92
81.92
81.92
81.92
81.92
81.92
81.93
81.92
81.91
81.91
81.91
81.91
81.91
81.90
81.90
81.90
81.89
81.89
81.89
81.89
81.90
81.90
81.89
81.88
81.89
81.89
81.89
81.88
81.88
81.88
81.90
81.89
81.89
81.88
81.88
81.89
81.88
81.88
81.88
81.87
81.87
81.88
81.87
81.87
81.87
81.88
81.88
81.88
81.88
81.87
81.88
81.88
81.88
81.87
81.88
81.89
81.90
81.89
81.89
81.89
81.90
81.90
81.90
81.89
81.89
81.90
81.90
81.91
81.90
81.92
81.91
81.93
81.92
81.92
81.92
81.91
81.92
81.92
81.93
81.92
81.92
81.92
81.91
81.92
81.92
81.93
81.92
81.93
81.92
81.92
81.92
81.93
81.91
81.91
81.91
81.92
81.92
81.93
81.92
81.92
81.93
81.93
81.94
81.94
81.93
81.92
81.92
81.91
81.93
81.93
81.93
81.93
81.94
81.94
81.95
81.95
81.96
81.96
81.97
81.97
81.98
81.98
81.98
81.98
81.90
