82.81
79.69
78.65
78.52
79.69
79.17
79.69
79.88
79.86
80.47
80.11
79.95
80.65
81.25
81.04
81.35
81.07
81.34
81.25
81.25
81.18
81.46
81.52
81.71
81.75
81.85
81.60
81.58
81.30
81.30
81.25
81.15
81.34
81.66
81.74
81.60
81.84
81.99
82.09
82.11
82.09
82.22
82.12
81.96
81.94
81.93
81.98
82.10
82.21
82.19
82.20
82.21
82.13
82.12
81.96
82.09
82.02
81.98
82.02
81.95
81.99
82.01
81.94
81.91
81.90
81.94
82.00
81.94
81.86
81.81
81.84
81.81
81.91
81.76
81.79
81.83
81.82
81.79
81.70
81.74
81.77
81.75
81.70
81.73
81.88
81.89
81.86
81.84
81.83
81.88
81.94
82.03
82.04
82.08
82.09
82.01
81.97
82.00
81.90
81.92
81.90
81.86
81.80
81.78
81.79
81.80
81.92
81.97
81.97
81.95
81.93
81.88
81.84
81.84
81.85
81.83
81.92
81.90
81.92
81.98
81.92
81.93
81.96
81.98
82.04
82.03
82.05
81.96
81.99
81.97
81.98
81.98
82.00
82.03
82.04
82.04
82.04
82.09
82.05
81.99
82.01
81.98
81.98
81.98
81.97
81.99
82.04
82.04
82.06
82.03
82.08
82.07
81.98
81.99
81.99
81.98
81.96
82.01
82.04
82.03
82.00
81.93
81.97
81.91
81.87
81.89
81.90
81.91
81.92
81.92
81.94
81.94
81.99
82.00
82.05
82.03
82.05
82.08
82.08
82.09
82.04
81.99
81.99
82.00
82.02
82.04
82.04
82.06
82.03
82.06
82.06
82.06
82.06
82.04
82.00
81.99
81.98
81.98
81.99
81.95
81.99
81.98
82.00
81.99
82.00
82.02
81.99
81.99
82.01
81.98
81.94
81.94
81.95
81.94
81.98
81.98
82.01
82.02
82.00
82.00
81.96
81.99
81.99
81.96
81.99
82.00
81.96
81.96
81.94
81.91
81.92
81.90
81.93
81.91
81.93
81.93
81.92
81.92
81.90
81.91
81.89
81.92
81.90
81.92
81.95
81.92
81.94
81.94
81.98
82.01
81.98
81.99
82.00
81.97
81.96
81.94
81.97
81.94
81.93
81.93
81.94
81.94
81.92
81.92
81.91
81.90
81.91
81.89
81.92
81.89
81.86
81.86
81.87
81.87
81.89
81.88
81.90
81.90
81.91
81.89
81.88
81.88
81.84
81.87
81.89
81.89
81.89
81.91
81.92
81.91
81.92
81.91
81.92
81.91
81.91
81.93
81.94
81.97
81.97
81.98
81.96
81.95
81.95
81.93
81.92
81.91
81.90
81.90
81.91
81.91
81.91
81.90
81.87
81.89
81.88
81.87
81.86
81.83
81.84
81.83
81.85
81.87
81.85
81.83
81.83
81.83
81.84
81.85
81.86
81.86
81.83
81.82
81.83
81.82
81.83
81.85
81.83
81.84
81.84
81.87
81.87
81.86
81.85
81.87
81.87
81.88
81.85
81.85
81.85
81.87
81.87
81.88
81.87
81.89
81.88
81.88
81.87
81.86
81.86
81.89
81.89
81.89
81.91
81.92
81.90
81.90
81.91
81.90
81.89
81.90
81.90
81.93
81.92
81.92
81.92
81.92
81.96
81.96
81.98
81.97
81.98
81.97
81.99
81.99
82.01
82.04
82.05
82.06
82.08
82.08
82.07
82.08
82.07
82.08
82.08
82.09
82.11
82.11
82.12
82.11
82.12
82.12
82.10
82.10
82.10
82.11
82.10
82.11
82.10
82.10
82.08
82.07
82.07
82.07
82.06
82.06
82.07
82.06
82.07
82.08
82.08
82.09
82.10
82.09
82.09
82.09
82.09
82.09
82.07
82.07
82.09
82.09
82.07
82.06
82.08
82.09
82.09
82.06
82.06
82.06
82.06
82.06
82.06
82.05
82.06
82.07
82.08
82.05
82.07
82.08
82.09
82.07
82.05
82.03
82.02
82.02
82.02
82.00
82.01
82.01
82.02
82.01
82.03
82.00
81.98
81.98
81.99
82.00
82.01
82.03
82.03
82.03
82.03
82.04
82.04
82.05
82.05
82.03
82.02
82.01
82.03
82.04
82.04
82.04
82.04
82.04
82.06
82.08
82.08
82.08
82.08
82.08
82.07
82.07
82.08
82.09
82.11
82.09
82.09
82.08
82.08
82.08
82.09
82.08
82.06
82.07
82.06
82.07
82.07
82.07
82.07
82.06
82.06
82.06
82.06
82.07
82.05
82.06
82.07
82.08
82.08
82.09
82.08
82.09
82.09
82.07
82.06
82.05
82.07
82.06
82.08
82.07
82.08
82.07
82.06
82.07
82.07
82.07
82.08
82.08
82.10
82.09
82.09
82.08
82.08
82.09
82.10
82.09
82.09
82.08
82.09
82.08
82.09
82.08
82.08
82.07
82.07
82.06
82.05
82.06
82.04
82.05
82.04
82.04
82.04
82.04
82.05
82.06
82.05
82.05
82.07
82.06
82.07
82.07
82.08
82.08
82.07
82.05
82.05
82.07
82.06
82.06
82.06
82.06
82.05
82.06
82.06
82.06
82.06
82.05
82.05
82.05
82.06
82.05
82.07
82.05
82.05
82.05
82.05
82.05
82.04
82.05
82.04
82.03
82.02
82.04
82.04
82.03
82.04
82.04
82.04
82.04
82.04
82.04
82.04
82.03
82.02
82.01
82.02
82.02
82.03
82.03
82.04
82.03
82.03
82.03
82.02
82.02
82.02
82.00
81.98
81.98
81.97
81.97
81.97
81.97
81.96
81.95
81.94
81.94
81.94
81.94
81.96
81.96
81.98
81.97
81.96
81.95
81.95
81.97
81.96
81.96
81.98
81.99
81.98
81.97
81.97
81.97
81.97
81.98
81.97
81.98
81.98
81.97
81.97
81.97
81.97
81.96
81.97
81.97
81.97
81.97
81.98
81.97
81.97
81.97
81.97
81.96
81.95
81.95
81.96
81.95
81.96
81.96
81.96
81.96
81.96
81.98
81.98
81.99
81.99
81.98
81.98
81.99
81.99
81.99
81.99
81.98
81.98
81.98
81.98
81.98
81.98
81.98
81.97
81.98
81.95
81.96
81.96
81.95
81.94
81.95
81.95
81.95
81.94
81.95
81.95
81.94
81.96
81.96
81.97
81.97
81.97
81.96
81.96
81.97
81.96
81.97
81.97
81.97
81.98
81.98
81.99
81.98
81.97
81.96
81.98
81.98
81.98
81.98
81.98
81.98
81.98
81.98
81.99
81.99
81.98
81.98
81.99
81.97
81.99
81.98
81.99
81.99
81.97
81.98
81.96
81.95
81.96
81.96
81.96
81.96
81.97
81.97
81.98
81.98
81.98
81.98
81.98
81.98
81.99
81.99
81.99
81.98
81.99
81.99
81.98
81.98
81.99
81.98
81.99
81.90
