84.38
80.47
81.77
82.81
82.81
82.81
82.14
82.42
81.77
81.09
80.97
80.34
80.77
80.25
80.62
80.76
81.07
81.08
80.84
80.62
80.88
81.04
81.05
81.12
81.00
81.31
81.31
81.31
81.41
81.67
81.85
81.64
82.01
82.08
82.01
82.20
82.22
82.36
82.49
82.50
82.58
82.66
82.70
82.78
82.81
82.78
82.78
82.68
82.68
82.78
82.87
82.99
83.20
83.10
83.04
82.95
82.81
82.65
82.68
82.71
82.74
82.84
82.89
82.86
82.91
82.84
82.79
82.72
82.74
82.68
82.55
82.51
82.38
82.35
82.29
82.32
82.33
82.37
82.30
82.36
82.37
82.43
82.45
82.44
82.48
82.49
82.47
82.48
82.48
82.43
82.42
82.47
82.38
82.41
82.40
82.34
82.26
82.22
82.28
82.22
82.18
82.08
82.07
82.09
82.16
82.24
82.23
82.23
82.24
82.26
82.26
82.25
82.20
82.22
82.27
82.26
82.32
82.36
82.35
82.38
82.36
82.36
82.33
82.32
82.40
82.42
82.39
82.34
82.36
82.34
82.32
82.37
82.32
82.39
82.40
82.40
82.37
82.42
82.41
82.33
82.31
82.30
82.32
82.36
82.34
82.31
82.32
82.34
82.33
82.34
82.34
82.34
82.30
82.27
82.28
82.30
82.29
82.29
82.26
82.25
82.26
82.29
82.27
82.20
82.23
82.20
82.18
82.13
82.12
82.18
82.18
82.17
82.17
82.11
82.13
82.12
82.12
82.14
82.13
82.14
82.20
82.17
82.21
82.21
82.20
82.22
82.24
82.21
82.25
82.26
82.31
82.32
82.31
82.31
82.29
82.27
82.27
82.28
82.29
82.28
82.30
82.26
82.27
82.30
82.32
82.32
82.34
82.33
82.36
82.38
82.38
82.41
82.40
82.43
82.43
82.40
82.43
82.42
82.44
82.45
82.46
82.44
82.41
82.40
82.42
82.43
82.44
82.42
82.44
82.43
82.40
82.39
82.40
82.39
82.38
82.38
82.40
82.42
82.42
82.43
82.44
82.43
82.41
82.44
82.44
82.48
82.46
82.47
82.45
82.46
82.39
82.38
82.39
82.42
82.40
82.41
82.37
82.36
82.34
82.34
82.35
82.37
82.38
82.37
82.37
82.37
82.39
82.39
82.37
82.35
82.36
82.34
82.32
82.30
82.28
82.27
82.25
82.21
82.21
82.23
82.25
82.28
82.26
82.27
82.29
82.27
82.28
82.28
82.29
82.30
82.29
82.30
82.27
82.25
82.25
82.25
82.23
82.24
82.26
82.27
82.27
82.27
82.29
82.31
82.31
82.32
82.32
82.29
82.30
82.32
82.30
82.30
82.30
82.29
82.29
82.30
82.29
82.31
82.30
82.29
82.27
82.25
82.25
82.28
82.32
82.30
82.29
82.30
82.32
82.32
82.33
82.31
82.29
82.26
82.25
82.25
82.26
82.29
82.29
82.28
82.28
82.26
82.27
82.28
82.26
82.27
82.27
82.25
82.23
82.21
82.21
82.23
82.21
82.19
82.20
82.21
82.20
82.22
82.25
82.24
82.25
82.28
82.28
82.27
82.27
82.27
82.28
82.28
82.26
82.23
82.23
82.25
82.26
82.25
82.26
82.26
82.24
82.23
82.22
82.21
82.21
82.20
82.17
82.19
82.20
82.19
82.18
82.18
82.19
82.16
82.15
82.15
82.15
82.15
82.14
82.14
82.13
82.13
82.15
82.15
82.16
82.17
82.16
82.15
82.15
82.16
82.16
82.15
82.16
82.17
82.18
82.17
82.16
82.15
82.15
82.16
82.17
82.15
82.13
82.12
82.12
82.13
82.11
82.11
82.09
82.10
82.12
82.11
82.07
82.06
82.06
82.07
82.08
82.09
82.09
82.09
82.07
82.06
82.06
82.07
82.07
82.08
82.08
82.09
82.10
82.10
82.11
82.13
82.13
82.14
82.13
82.12
82.13
82.13
82.15
82.16
82.16
82.17
82.16
82.16
82.15
82.15
82.15
82.15
82.15
82.15
82.16
82.14
82.15
82.15
82.14
82.15
82.16
82.16
82.17
82.17
82.19
82.19
82.18
82.17
82.17
82.14
82.12
82.12
82.13
82.13
82.11
82.10
82.10
82.10
82.11
82.11
82.10
82.11
82.13
82.13
82.11
82.11
82.11
82.10
82.10
82.09
82.09
82.09
82.09
82.08
82.06
82.06
82.05
82.05
82.04
82.04
82.04
82.02
82.02
82.02
82.04
82.02
82.04
82.03
82.04
82.03
82.04
82.03
82.03
82.02
82.03
82.02
82.02
82.02
82.02
82.03
82.02
82.04
82.06
82.05
82.05
82.06
82.06
82.07
82.07
82.07
82.05
82.04
82.05
82.05
82.05
82.06
82.07
82.08
82.08
82.08
82.09
82.09
82.08
82.08
82.07
82.08
82.08
82.08
82.06
82.08
82.07
82.08
82.08
82.08
82.08
82.07
82.08
82.09
82.08
82.09
82.09
82.10
82.11
82.11
82.11
82.12
82.13
82.13
82.13
82.14
82.13
82.13
82.13
82.12
82.14
82.12
82.11
82.11
82.12
82.12
82.11
82.10
82.10
82.10
82.09
82.09
82.10
82.11
82.11
82.11
82.12
82.12
82.11
82.10
82.11
82.10
82.09
82.09
82.10
82.10
82.11
82.11
82.11
82.11
82.12
82.12
82.11
82.10
82.10
82.10
82.10
82.09
82.08
82.09
82.09
82.10
82.10
82.10
82.10
82.10
82.10
82.09
82.09
82.10
82.11
82.10
82.10
82.10
82.09
82.08
82.08
82.08
82.06
82.07
82.07
82.06
82.05
82.05
82.06
82.06
82.07
82.06
82.07
82.06
82.06
82.06
82.07
82.06
82.07
82.05
82.04
82.04
82.04
82.05
82.03
82.03
82.04
82.05
82.05
82.04
82.04
82.04
82.04
82.04
82.05
82.05
82.04
82.04
82.04
82.04
82.05
82.04
82.04
82.04
82.02
82.03
82.01
82.00
82.00
82.01
82.02
82.02
82.02
82.02
82.01
82.01
82.01
82.00
82.00
82.00
82.01
82.00
82.00
82.00
82.00
82.01
82.01
82.01
82.01
82.02
82.01
82.01
82.01
82.00
82.00
82.00
81.99
81.99
81.99
82.00
82.00
82.00
82.01
82.01
82.01
82.01
82.01
82.00
82.00
81.99
81.99
82.00
82.00
82.00
81.99
81.98
81.98
81.98
81.99
81.99
81.99
81.99
81.98
81.98
81.98
81.96
81.97
81.97
81.96
81.96
81.95
81.96
81.96
81.97
81.96
81.97
81.98
81.99
81.99
82.00
82.00
82.00
82.01
82.01
82.01
82.00
82.00
82.00
82.00
82.00
81.99
81.97
81.97
81.96
81.97
81.97
81.98
81.97
81.98
81.90
