85.94
78.12
80.21
79.69
81.56
83.59
82.59
82.81
82.81
82.97
83.10
83.33
83.65
84.15
84.17
83.69
83.82
83.85
83.96
83.36
83.48
83.03
83.36
83.07
83.06
82.93
82.81
82.87
82.76
82.86
82.86
82.67
82.53
82.44
82.54
82.77
82.73
82.81
82.65
82.73
82.70
82.70
82.74
82.74
82.81
82.88
82.95
82.91
82.72
82.50
82.48
82.60
82.58
82.52
82.50
82.51
82.54
82.44
82.57
82.58
82.38
82.33
82.32
82.23
82.16
82.17
82.25
82.26
82.31
82.30
82.33
82.34
82.36
82.18
82.12
82.18
82.08
82.13
82.04
82.09
82.02
82.09
82.08
82.16
82.19
82.12
82.17
82.19
82.20
82.10
82.21
82.34
82.34
82.40
82.34
82.36
82.33
82.29
82.13
82.19
82.22
82.22
82.19
82.29
82.32
82.34
82.36
82.41
82.44
82.40
82.38
82.39
82.37
82.37
82.38
82.31
82.36
82.39
82.41
82.45
82.45
82.40
82.44
82.45
82.42
82.43
82.47
82.45
82.41
82.45
82.40
82.40
82.42
82.35
82.34
82.28
82.28
82.27
82.30
82.30
82.34
82.38
82.38
82.35
82.37
82.40
82.39
82.39
82.38
82.40
82.40
82.42
82.36
82.35
82.28
82.30
82.29
82.29
82.29
82.27
82.26
82.25
82.28
82.32
82.35
82.39
82.39
82.43
82.46
82.41
82.44
82.39
82.36
82.39
82.38
82.41
82.40
82.37
82.35
82.35
82.29
82.27
82.29
82.30
82.31
82.27
82.29
82.29
82.25
82.29
82.30
82.28
82.25
82.28
82.22
82.21
82.19
82.20
82.19
82.20
82.18
82.19
82.19
82.21
82.20
82.22
82.21
82.20
82.18
82.15
82.19
82.19
82.15
82.15
82.14
82.16
82.18
82.17
82.15
82.13
82.14
82.15
82.17
82.17
82.15
82.16
82.17
82.15
82.14
82.15
82.15
82.17
82.18
82.20
82.17
82.16
82.16
82.18
82.19
82.21
82.18
82.21
82.18
82.14
82.16
82.10
82.12
82.16
82.14
82.16
82.15
82.15
82.15
82.16
82.14
82.13
82.09
82.06
82.03
82.06
82.09
82.11
82.13
82.13
82.14
82.15
82.18
82.15
82.18
82.19
82.18
82.20
82.19
82.17
82.15
82.16
82.18
82.17
82.15
82.15
82.15
82.11
82.08
82.03
82.03
82.03
82.02
82.04
82.04
82.06
82.08
82.08
82.09
82.07
82.07
82.07
82.05
82.03
82.03
82.04
82.05
82.04
82.05
82.06
82.05
82.04
82.03
82.04
82.02
82.00
82.02
82.01
82.01
82.02
82.02
82.00
82.01
81.98
81.97
81.98
81.97
81.95
81.96
81.93
81.96
81.93
81.93
81.92
81.93
81.94
81.94
81.94
81.95
81.94
81.94
81.94
81.94
81.93
81.92
81.92
81.94
81.93
81.93
81.93
81.95
81.94
81.96
81.95
81.95
81.96
81.97
81.97
81.97
81.96
81.96
81.96
81.95
81.95
81.94
81.94
81.93
81.92
81.92
81.93
81.96
81.95
81.97
81.97
81.98
81.99
81.98
81.97
81.96
81.96
81.97
81.96
81.95
81.97
81.98
81.99
81.99
81.99
81.97
81.97
81.96
81.97
81.96
81.97
81.96
81.96
81.97
81.97
81.95
81.96
81.99
81.98
81.99
81.98
81.98
82.00
81.98
81.95
81.94
81.96
81.95
81.95
81.94
81.95
81.93
81.94
81.93
81.92
81.94
81.95
81.96
81.96
81.97
81.97
81.94
81.93
81.94
81.95
81.92
81.93
81.93
81.92
81.92
81.91
81.90
81.91
81.90
81.90
81.90
81.89
81.89
81.91
81.90
81.90
81.92
81.93
81.93
81.93
81.93
81.92
81.93
81.95
81.95
81.94
81.94
81.94
81.94
81.94
81.95
81.94
81.93
81.94
81.94
81.95
81.94
81.95
81.95
81.95
81.95
81.98
81.98
81.99
81.99
81.98
81.98
81.97
81.97
81.97
81.97
81.98
81.98
81.98
81.97
81.99
81.99
82.00
82.00
81.99
82.00
82.00
81.99
81.99
82.00
82.00
82.00
82.00
82.00
82.01
82.02
82.00
81.99
82.01
82.00
81.99
81.99
82.00
81.99
81.98
81.98
81.96
81.97
81.98
81.99
81.98
81.99
81.97
81.98
81.96
81.96
81.95
81.95
81.95
81.94
81.95
81.92
81.90
81.90
81.91
81.90
81.90
81.90
81.90
81.90
81.90
81.89
81.90
81.91
81.93
81.94
81.93
81.93
81.94
81.94
81.94
81.93
81.93
81.93
81.92
81.92
81.92
81.92
81.91
81.91
81.91
81.92
81.92
81.92
81.92
81.93
81.91
81.92
81.92
81.91
81.90
81.91
81.91
81.92
81.91
81.90
81.89
81.88
81.87
81.86
81.85
81.85
81.85
81.85
81.85
81.84
81.85
81.86
81.87
81.88
81.88
81.87
81.88
