85.94
83.59
83.33
84.38
84.69
83.33
82.81
83.40
82.99
83.28
82.81
82.81
82.45
83.04
82.81
82.52
82.26
82.64
82.81
82.81
83.18
82.67
82.47
82.29
82.12
81.55
81.83
81.81
81.95
81.98
82.01
82.08
82.20
81.94
82.05
82.25
82.31
82.11
82.21
81.99
81.78
81.99
82.05
82.03
82.05
81.93
82.08
82.03
82.14
82.09
82.11
82.09
82.22
82.23
82.33
82.37
82.46
82.44
82.49
82.45
82.40
82.36
82.32
82.37
82.40
82.43
82.49
82.56
82.68
82.52
82.57
82.62
82.60
82.54
82.52
82.50
82.57
82.57
82.44
82.46
82.41
82.43
82.49
82.42
82.43
82.45
82.45
82.33
82.37
82.40
82.47
82.42
82.43
82.43
82.34
82.32
82.28
82.32
82.29
82.30
82.30
82.25
82.31
82.38
82.40
82.44
82.43
82.41
82.41
82.46
82.47
82.45
82.52
82.50
82.46
82.39
82.41
82.47
82.51
82.49
82.48
82.47
82.46
82.43
82.35
82.38
82.36
82.34
82.33
82.33
82.40
82.39
82.35
82.35
82.37
82.36
82.40
82.44
82.48
82.47
82.41
82.44
82.44
82.51
82.53
82.49
82.47
82.42
82.36
82.43
82.43
82.42
82.51
82.51
82.44
82.45
82.45
82.49
82.44
82.45
82.48
82.46
82.43
82.40
82.34
82.31
82.27
82.28
82.30
82.29
82.30
82.26
82.29
82.26
82.30
82.31
82.34
82.33
82.35
82.36
82.36
82.35
82.33
82.33
82.35
82.32
82.35
82.30
82.29
82.28
82.24
82.23
82.23
82.19
82.20
82.21
82.21
82.19
82.21
82.22
82.19
82.23
82.23
82.22
82.18
82.15
82.20
82.23
82.24
82.23
82.21
82.22
82.24
82.21
82.19
82.22
82.21
82.20
82.20
82.22
82.21
82.19
82.17
82.16
82.17
82.20
82.18
82.18
82.20
82.19
82.18
82.16
82.18
82.16
82.15
82.12
82.09
82.14
82.14
82.12
82.14
82.13
82.12
82.13
82.15
82.12
82.09
82.08
82.03
82.05
82.03
82.04
82.02
81.99
81.99
81.99
82.01
81.99
82.00
82.03
82.01
82.02
82.03
82.02
82.01
82.03
82.05
82.07
82.04
82.03
82.03
82.00
81.98
82.01
82.01
82.00
81.98
81.98
81.95
81.96
81.93
81.94
81.94
81.93
81.96
81.96
81.93
81.94
81.95
81.93
81.95
81.96
81.96
82.00
82.01
81.95
81.97
81.96
81.98
81.96
81.97
81.95
81.97
81.98
81.96
81.97
81.97
81.98
81.95
81.96
81.95
81.93
81.94
81.94
81.95
81.97
82.00
81.99
82.01
81.99
82.01
82.03
82.05
82.06
82.04
82.06
82.05
82.05
82.03
82.05
82.06
82.06
82.04
82.02
82.03
82.03
82.02
82.02
82.03
82.02
82.02
82.00
82.00
81.99
81.97
81.98
81.99
81.97
81.97
81.98
81.98
81.99
81.99
81.98
81.98
81.97
81.98
81.97
81.95
81.94
81.94
81.94
81.95
81.96
81.97
81.95
81.94
81.95
81.98
82.01
81.99
81.99
82.00
81.99
81.99
81.99
81.99
82.02
82.03
82.04
82.05
82.04
82.03
82.04
82.05
82.06
82.05
82.04
82.06
82.06
82.08
82.08
82.06
82.07
82.06
82.06
82.06
82.06
82.07
82.08
82.08
82.09
82.09
82.08
82.08
82.08
82.08
82.09
82.08
82.08
82.09
82.08
82.07
82.06
82.06
82.07
82.05
82.04
82.06
82.08
82.09
82.08
82.10
82.09
82.08
82.07
82.10
82.10
82.09
82.10
82.11
82.11
82.11
82.12
82.12
82.12
82.12
82.13
82.14
82.14
82.15
82.15
82.17
82.18
82.18
82.18
82.17
82.20
82.20
82.19
82.18
82.17
82.16
82.17
82.17
82.15
82.16
82.16
82.15
82.15
82.17
82.16
82.16
82.17
82.15
82.15
82.14
82.14
82.14
82.13
82.13
82.12
82.14
82.13
82.14
82.14
82.12
82.14
82.11
82.11
82.08
82.07
82.09
82.07
82.08
82.07
82.07
82.08
82.07
82.07
82.05
82.04
82.05
82.05
82.04
82.04
82.05
82.05
82.07
82.08
82.08
82.09
82.10
82.10
82.12
82.12
82.11
82.10
82.11
82.11
82.10
82.08
82.07
82.06
82.06
82.08
82.08
82.07
82.09
82.07
82.08
82.07
82.07
82.08
82.08
82.08
82.07
82.08
82.07
82.07
82.08
82.09
82.09
82.09
82.09
82.10
82.09
82.09
82.07
82.07
82.08
82.09
82.09
82.09
82.11
82.13
82.10
82.09
82.10
82.11
82.10
82.10
82.09
82.10
82.09
82.09
82.08
82.06
82.07
82.07
82.08
82.08
82.08
82.09
82.09
82.09
82.09
82.08
82.08
82.08
82.08
82.07
82.07
82.06
82.08
82.08
82.08
82.09
82.09
82.07
82.07
82.06
82.06
82.07
82.08
82.08
82.07
82.07
82.07
82.07
82.09
82.10
82.09
82.08
82.09
82.08
82.08
82.09
82.08
82.07
82.07
82.08
82.09
82.10
82.10
82.11
82.09
82.07
82.08
82.07
82.06
82.07
82.06
82.05
82.05
82.06
82.06
82.06
82.05
82.06
82.07
82.07
82.07
82.06
82.06
82.07
82.06
82.06
82.06
82.06
82.06
82.07
82.06
82.06
82.06
82.05
82.03
82.04
82.03
82.03
82.03
82.02
82.02
82.02
82.02
82.04
82.04
82.04
82.05
82.04
82.04
82.05
82.04
82.04
82.04
82.04
82.04
82.04
82.04
82.03
82.03
82.03
82.03
82.03
82.03
82.03
82.03
82.01
82.02
82.01
82.01
82.01
82.01
82.01
82.01
82.01
82.01
82.01
82.02
82.02
82.02
82.03
82.03
82.02
82.02
82.01
82.01
82.01
82.01
82.01
82.02
82.02
82.01
82.00
82.01
82.01
82.01
82.00
82.01
82.00
82.01
82.00
82.00
82.00
82.00
82.01
82.01
82.01
82.00
82.00
82.02
82.01
82.03
82.02
82.02
82.03
82.01
82.01
82.01
82.00
81.99
82.00
82.00
82.01
82.02
82.01
82.01
82.01
82.01
82.02
82.02
82.02
82.02
82.02
82.02
82.02
82.02
82.01
82.02
82.03
82.02
82.03
82.04
82.03
82.04
82.04
82.03
82.03
82.04
82.03
82.02
82.02
82.02
82.03
82.02
82.01
82.01
82.01
82.01
82.01
82.00
81.99
81.98
81.97
81.97
81.97
81.97
81.98
81.97
81.98
81.98
81.98
81.97
81.96
81.96
81.96
81.97
81.96
81.96
81.96
81.97
81.89
