87.50
84.38
82.81
83.59
83.12
82.03
82.37
82.23
81.42
81.88
81.82
82.42
82.45
82.48
82.29
82.23
82.35
82.47
82.32
82.11
81.85
81.89
81.86
81.71
81.38
81.61
81.42
81.47
81.47
81.46
81.60
81.93
82.01
82.22
82.28
82.42
82.39
82.44
82.45
82.42
82.51
82.55
82.59
82.60
82.50
82.40
82.41
82.45
82.33
82.22
82.17
82.09
82.22
82.06
82.02
82.14
82.02
81.92
81.99
81.93
81.99
81.98
82.04
82.18
82.21
82.27
82.18
82.19
82.16
82.12
82.17
82.23
82.30
82.37
82.40
82.42
82.49
82.57
82.61
82.60
82.60
82.51
82.61
82.61
82.56
82.54
82.49
82.49
82.48
82.45
82.45
82.39
82.39
82.38
82.35
82.42
82.41
82.37
82.32
82.34
82.27
82.34
82.36
82.29
82.22
82.24
82.23
82.28
82.25
82.19
82.14
82.10
82.19
82.25
82.24
82.23
82.22
82.20
82.18
82.15
82.12
82.11
82.15
82.14
82.10
82.07
82.00
81.96
81.93
81.92
81.93
81.88
81.84
81.86
81.85
81.82
81.80
81.78
81.76
81.81
81.78
81.78
81.79
81.76
81.76
81.69
81.70
81.63
81.64
81.62
81.63
81.58
81.56
81.50
81.53
81.53
81.52
81.54
81.57
81.57
81.62
81.66
81.71
81.71
81.70
81.66
81.69
81.67
81.70
81.69
81.64
81.65
81.61
81.59
81.64
81.62
81.61
81.63
81.64
81.62
81.67
81.67
81.70
81.71
81.70
81.71
81.68
81.68
81.67
81.67
81.68
81.67
81.69
81.69
81.69
81.69
81.69
81.68
81.73
81.73
81.76
81.73
81.73
81.72
81.72
81.71
81.72
81.69
81.71
81.72
81.72
81.72
81.71
81.72
81.72
81.69
81.72
81.70
81.75
81.75
81.77
81.76
81.78
81.76
81.76
81.78
81.82
81.80
81.80
81.77
81.77
81.78
81.77
81.77
81.76
81.78
81.80
81.80
81.80
81.81
81.82
81.81
81.82
81.84
81.86
81.87
81.88
81.90
81.91
81.89
81.92
81.94
81.94
81.93
81.93
81.94
81.96
81.95
81.96
81.94
81.94
81.95
81.96
81.95
81.93
81.91
81.89
81.91
81.88
81.89
81.87
81.86
81.84
81.85
81.88
81.86
81.85
81.86
81.86
81.85
81.84
81.84
81.85
81.87
81.86
81.84
81.83
81.85
81.82
81.83
81.85
81.86
81.87
81.86
81.85
81.84
81.83
81.82
81.80
81.76
81.75
81.75
81.76
81.76
81.75
81.75
81.70
81.72
81.71
81.71
81.72
81.72
81.73
81.72
81.71
81.70
81.70
81.71
81.72
81.72
81.74
81.75
81.75
81.74
81.74
81.75
81.73
81.74
81.73
81.73
81.74
81.74
81.77
81.76
81.76
81.77
81.76
81.75
81.75
81.76
81.76
81.75
81.73
81.73
81.73
81.74
81.75
81.78
81.78
81.76
81.77
81.76
81.78
81.79
81.78
81.79
81.79
81.80
81.83
81.85
81.85
81.85
81.86
81.88
81.88
81.86
81.86
81.85
81.87
81.86
81.84
81.85
81.84
81.86
81.86
81.84
81.83
81.84
81.84
81.83
81.84
81.85
81.87
81.87
81.88
81.88
81.89
81.88
81.88
81.89
81.88
81.88
81.89
81.89
81.90
81.89
81.88
81.88
81.86
81.84
81.83
81.82
81.83
81.81
81.82
81.82
81.81
81.81
81.81
81.79
81.79
81.79
81.80
81.80
81.81
81.82
81.82
81.83
81.82
81.83
81.83
81.85
81.85
81.85
81.85
81.87
81.87
81.87
81.87
81.88
81.87
81.88
81.89
81.88
81.89
81.87
81.88
81.90
81.89
81.90
81.90
81.89
81.88
81.89
81.90
81.88
81.87
81.87
81.88
81.89
81.91
81.91
81.91
81.91
81.91
81.90
81.90
81.91
81.91
81.90
81.91
81.92
81.92
81.92
81.91
81.91
81.91
81.91
81.92
81.91
81.91
81.92
81.92
81.92
81.94
81.94
81.96
81.96
81.96
81.95
81.94
81.96
81.96
81.96
81.96
81.95
81.95
81.94
81.95
81.95
81.97
81.96
81.96
81.94
81.95
81.95
81.94
81.93
81.94
81.93
81.93
81.93
81.94
81.92
81.90
81.91
81.90
81.91
81.92
81.93
81.92
81.91
81.91
81.92
81.92
81.92
81.94
81.95
81.95
81.96
81.97
81.97
81.98
81.96
81.96
81.96
81.96
81.96
81.95
81.95
81.92
81.93
81.93
81.92
81.92
81.93
81.92
81.92
81.93
81.94
81.94
81.94
81.93
81.95
81.95
81.95
81.95
81.96
81.97
81.97
81.94
81.95
81.95
81.96
81.93
81.94
81.95
81.96
81.94
81.93
81.92
81.92
81.93
81.94
81.95
81.94
81.94
81.94
81.94
81.93
81.93
81.94
81.93
81.94
81.94
81.93
81.92
81.94
81.93
81.93
81.94
81.94
81.94
81.94
81.93
81.93
81.93
81.94
81.95
81.96
81.97
81.97
81.97
81.97
81.97
81.96
81.97
81.97
81.97
81.98
81.98
81.99
81.99
81.98
81.98
81.98
81.98
81.97
81.98
81.98
81.97
81.97
81.97
81.97
81.97
81.96
81.96
81.96
81.97
81.96
81.96
81.97
81.98
81.97
81.99
82.00
81.99
81.97
81.97
81.98
81.99
81.99
82.00
82.00
82.01
82.00
82.01
82.00
82.00
81.99
82.00
82.00
81.99
81.99
82.00
82.00
82.00
82.01
82.00
82.01
82.02
82.02
81.99
82.00
81.99
81.99
81.98
81.98
81.97
81.98
81.99
81.99
82.01
82.02
82.02
82.01
82.01
82.01
82.01
82.00
81.99
82.01
82.00
82.01
82.00
82.00
82.00
82.00
82.01
82.01
82.01
82.00
82.01
82.00
82.01
82.02
82.02
82.02
82.02
82.04
82.03
82.05
82.05
82.05
82.04
82.04
82.05
82.05
82.05
82.06
82.07
82.06
82.06
82.06
82.06
82.06
82.06
82.04
82.04
82.03
82.04
82.04
82.04
82.03
82.03
82.02
82.02
82.01
82.02
82.02
82.03
82.03
82.04
82.04
82.04
82.05
82.05
82.05
82.04
82.04
82.05
82.05
82.06
82.06
82.06
82.05
82.05
82.05
82.04
82.04
82.04
82.04
82.05
82.04
82.03
82.04
82.03
82.02
82.02
82.01
82.00
82.00
81.99
81.99
81.99
81.98
81.98
81.97
81.97
81.98
81.97
81.97
81.96
81.96
81.97
81.96
81.96
81.95
81.96
81.96
81.96
81.95
81.95
81.96
81.97
81.97
81.97
81.97
81.97
81.97
81.98
81.90
