78.12
82.03
82.81
80.86
80.94
81.25
80.80
81.25
81.08
81.56
81.96
82.16
82.09
82.37
82.60
82.52
82.54
82.64
82.73
82.42
82.22
82.32
82.20
82.10
82.06
82.03
82.06
82.09
81.84
81.56
81.40
81.25
81.34
81.39
81.43
81.29
81.42
81.37
81.37
81.64
81.71
81.73
81.50
81.50
81.60
81.69
81.62
81.48
81.28
81.28
81.31
81.37
81.46
81.57
81.62
81.72
81.77
81.63
81.59
81.54
81.51
81.63
81.67
81.69
81.66
81.58
81.58
81.62
81.63
81.72
81.71
81.73
81.74
81.78
81.79
81.87
81.96
82.03
82.04
82.07
82.10
82.13
82.23
82.18
82.19
82.14
82.15
82.23
82.23
82.24
82.25
82.18
82.12
82.18
82.17
82.18
82.17
82.22
82.23
82.25
82.26
82.25
82.30
82.38
82.40
82.37
82.36
82.25
82.30
82.26
82.22
82.20
82.23
82.20
82.13
82.17
82.24
82.20
82.23
82.30
82.32
82.29
82.36
82.37
82.40
82.37
82.31
82.31
82.38
82.34
82.37
82.39
82.40
82.37
82.35
82.35
82.33
82.33
82.31
82.33
82.32
82.34
82.34
82.35
82.30
82.31
82.30
82.30
82.24
82.22
82.18
82.16
82.12
82.10
82.13
82.15
82.19
82.22
82.19
82.19
82.22
82.23
82.21
82.18
82.17
82.14
82.16
82.20
82.14
82.11
82.11
82.12
82.12
82.11
82.11
82.06
82.02
82.07
82.10
82.14
82.16
82.13
82.11
82.12
82.14
82.12
82.15
82.16
82.17
82.20
82.18
82.16
82.17
82.17
82.16
82.18
82.16
82.22
82.23
82.26
82.26
82.29
82.34
82.31
82.30
82.32
82.32
82.32
82.29
82.28
82.31
82.32
82.33
82.35
82.35
82.35
82.34
82.33
82.32
82.31
82.32
82.35
82.39
82.39
82.38
82.38
82.40
82.39
82.37
82.38
82.39
82.39
82.40
82.38
82.39
82.37
82.39
82.39
82.41
82.40
82.40
82.37
82.35
82.36
82.41
82.43
82.43
82.46
82.45
82.51
82.50
82.47
82.49
82.46
82.43
82.45
82.45
82.46
82.46
82.45
82.47
82.47
82.42
82.42
82.45
82.48
82.49
82.46
82.42
82.45
82.44
82.46
82.45
82.45
82.46
82.44
82.44
82.43
82.43
82.43
82.45
82.42
82.45
82.46
82.46
82.46
82.47
82.50
82.49
82.48
82.46
82.48
82.49
82.48
82.50
82.46
82.49
82.47
82.47
82.46
82.47
82.48
82.48
82.44
82.44
82.44
82.45
82.47
82.48
82.48
82.48
82.47
82.48
82.46
82.49
82.47
82.48
82.46
82.45
82.44
82.43
82.42
82.43
82.42
82.41
82.43
82.41
82.41
82.41
82.40
82.40
82.40
82.43
82.41
82.39
82.39
82.40
82.37
82.35
82.35
82.36
82.38
82.38
82.34
82.35
82.34
82.34
82.35
82.35
82.32
82.33
82.34
82.33
82.34
82.31
82.32
82.32
82.32
82.33
82.33
82.29
82.27
82.25
82.25
82.23
82.26
82.27
82.28
82.27
82.28
82.28
82.26
82.27
82.26
82.27
82.28
82.29
82.30
82.30
82.32
82.32
82.32
82.33
82.32
82.35
82.35
82.36
82.33
82.34
82.33
82.34
82.34
82.34
82.34
82.35
82.35
82.36
82.34
82.35
82.33
82.35
82.37
82.37
82.39
82.39
82.39
82.37
82.38
82.37
82.38
82.35
82.33
82.35
82.34
82.34
82.34
82.33
82.33
82.33
82.34
82.34
82.36
82.35
82.34
82.36
82.35
82.34
82.35
82.37
82.37
82.37
82.37
82.37
82.38
82.37
82.38
82.37
82.35
82.36
82.37
82.36
82.35
82.34
82.32
82.33
82.33
82.33
82.33
82.30
82.30
82.29
82.28
82.27
82.28
82.28
82.27
82.26
82.27
82.26
82.26
82.26
82.24
82.24
82.25
82.22
82.22
82.22
82.24
82.22
82.22
82.22
82.21
82.22
82.22
82.22
82.22
82.21
82.20
82.19
82.19
82.18
82.17
82.18
82.19
82.19
82.20
82.19
82.20
82.21
82.21
82.21
82.21
82.20
82.19
82.20
82.20
82.21
82.21
82.22
82.21
82.22
82.21
82.20
82.19
82.18
82.19
82.18
82.19
82.18
82.19
82.18
82.19
82.19
82.17
82.17
82.16
82.15
82.16
82.16
82.18
82.18
82.18
82.16
82.15
82.13
82.14
82.15
82.16
82.15
82.15
82.14
82.14
82.14
82.15
82.14
82.14
82.13
82.13
82.14
82.14
82.13
82.12
82.11
82.11
82.12
82.12
82.13
82.12
82.12
82.13
82.14
82.14
82.14
82.15
82.15
82.13
82.12
82.11
82.11
82.10
82.09
82.10
82.10
82.09
82.07
82.06
82.08
82.08
82.07
82.10
82.10
82.11
82.11
82.11
82.11
82.12
82.12
82.12
82.12
82.11
82.12
82.12
82.12
82.12
82.12
82.11
82.11
82.12
82.12
82.12
82.12
82.12
82.11
82.11
82.10
82.12
82.12
82.11
82.10
82.10
82.10
82.08
82.08
82.09
82.08
82.10
82.09
82.08
82.07
82.07
82.06
82.05
82.06
82.06
82.06
82.06
82.06
82.05
82.06
82.07
82.08
82.07
82.05
82.05
82.05
82.05
82.04
82.03
82.03
82.03
82.03
82.03
82.02
82.02
82.02
82.02
82.02
82.01
82.02
82.02
82.03
82.04
82.04
82.04
82.04
82.03
82.03
82.04
82.04
82.02
82.02
82.00
82.01
82.01
81.99
82.00
81.99
81.99
81.98
81.98
81.98
81.98
81.98
81.98
81.98
81.99
81.98
81.98
81.98
81.98
81.98
81.98
81.97
81.98
81.98
81.98
81.98
81.98
81.97
81.97
81.96
81.95
81.95
81.95
81.95
81.95
81.95
81.94
81.94
81.94
81.94
81.93
81.94
81.94
81.94
81.93
81.92
81.92
81.93
81.94
81.95
81.94
81.94
81.94
81.95
81.94
81.93
81.94
81.94
81.93
81.92
81.93
81.94
81.94
81.95
81.95
81.96
81.96
81.96
81.96
81.96
81.95
81.95
81.95
81.95
81.96
81.96
81.97
81.97
81.99
81.98
81.98
81.98
81.98
81.98
81.98
81.98
81.98
81.98
81.98
81.98
81.98
81.99
82.00
81.99
82.00
82.00
82.00
82.00
82.00
82.00
81.99
81.99
82.00
81.99
82.00
81.99
81.99
82.00
81.99
81.99
82.00
82.00
82.01
82.00
82.00
82.00
82.00
82.01
81.99
81.99
81.98
81.98
81.99
81.98
81.98
81.99
81.99
81.99
82.00
81.99
81.91
