85.94
84.38
82.29
83.98
82.50
82.81
81.92
81.84
82.12
82.19
81.39
80.86
80.77
81.36
81.04
80.96
80.97
81.16
81.09
81.02
81.32
81.53
81.45
81.64
81.62
81.55
81.42
81.03
81.36
81.51
81.60
81.35
81.39
81.39
81.34
81.34
81.38
81.62
81.73
81.68
81.71
81.88
81.83
81.89
81.74
81.69
81.85
81.90
82.02
82.09
81.99
82.00
82.08
82.00
82.10
82.00
81.96
82.17
82.23
82.19
82.25
82.23
82.27
82.25
82.33
82.32
82.23
82.28
82.27
82.23
82.22
82.23
82.26
82.28
82.31
82.28
82.24
82.31
82.24
82.19
82.16
82.18
82.21
82.18
82.19
82.23
82.31
82.28
82.23
82.27
82.25
82.20
82.24
82.23
82.25
82.34
82.25
82.27
82.20
82.17
82.21
82.11
82.04
82.12
82.10
82.09
82.05
82.05
82.05
82.16
82.15
82.09
82.08
82.03
82.02
81.99
81.96
81.85
81.84
81.89
81.91
81.83
81.85
81.82
81.79
81.86
81.85
81.87
81.94
81.98
81.93
81.92
81.98
81.95
81.98
81.99
81.98
81.97
81.97
81.93
81.94
81.92
81.91
81.89
81.84
81.81
81.82
81.82
81.85
81.85
81.89
81.93
81.90
81.91
82.02
81.97
81.98
82.03
82.02
81.94
81.98
81.99
82.01
81.97
82.05
82.03
82.07
82.08
82.06
82.06
82.08
82.10
82.12
82.13
82.14
82.15
82.12
82.12
82.16
82.13
82.09
82.12
82.15
82.18
82.20
82.20
82.24
82.20
82.23
82.23
82.23
82.27
82.28
82.26
82.25
82.26
82.27
82.31
82.27
82.28
82.28
82.25
82.26
82.28
82.26
82.23
82.26
82.23
82.21
82.18
82.16
82.17
82.17
82.21
82.22
82.21
82.26
82.25
82.28
82.29
82.27
82.28
82.29
82.27
82.24
82.25
82.28
82.28
82.29
82.26
82.25
82.24
82.22
82.22
82.23
82.22
82.22
82.20
82.22
82.26
82.29
82.26
82.27
82.28
82.28
82.31
82.34
82.33
82.35
82.35
82.33
82.30
82.30
82.31
82.31
82.35
82.34
82.38
82.37
82.36
82.34
82.37
82.40
82.41
82.41
82.40
82.40
82.42
82.38
82.37
82.38
82.36
82.38
82.39
82.38
82.36
82.37
82.37
82.33
82.34
82.33
82.34
82.35
82.33
82.31
82.32
82.30
82.26
82.24
82.23
82.23
82.24
82.23
82.26
82.26
82.27
82.27
82.26
82.25
82.26
82.27
82.30
82.26
82.25
82.22
82.22
82.21
82.20
82.18
82.18
82.17
82.18
82.16
82.17
82.17
82.18
82.17
82.19
82.21
82.18
82.18
82.16
82.17
82.17
82.17
82.16
82.19
82.20
82.19
82.21
82.23
82.25
82.24
82.24
82.26
82.26
82.26
82.25
82.22
82.23
82.24
82.21
82.22
82.18
82.20
82.19
82.19
82.19
82.19
82.20
82.19
82.18
82.18
82.18
82.16
82.16
82.18
82.15
82.15
82.14
82.12
82.12
82.14
82.14
82.14
82.13
82.13
82.14
82.13
82.14
82.12
82.12
82.11
82.11
82.11
82.11
82.13
82.15
82.16
82.17
82.19
82.17
82.16
82.13
82.11
82.10
82.10
82.13
82.14
82.14
82.12
82.10
82.12
82.11
82.10
82.12
82.14
82.15
82.15
82.16
82.17
82.16
82.16
82.15
82.16
82.15
82.15
82.15
82.14
82.13
82.14
82.15
82.13
82.13
82.13
82.13
82.12
82.12
82.13
82.11
82.11
82.11
82.13
82.11
82.12
82.13
82.15
82.15
82.14
82.14
82.13
82.13
82.13
82.11
82.13
82.13
82.15
82.15
82.12
82.12
82.12
82.13
82.14
82.13
82.13
82.12
82.11
82.11
82.10
82.10
82.10
82.11
82.11
82.10
82.09
82.08
82.08
82.07
82.06
82.06
82.08
82.08
82.07
82.09
82.09
82.10
82.10
82.09
82.08
82.09
82.08
82.08
82.08
82.08
82.07
82.06
82.05
82.04
82.02
82.03
82.02
82.04
82.02
82.01
82.01
82.00
81.99
81.99
81.98
81.99
81.99
81.98
81.99
81.99
81.99
82.00
81.99
81.98
81.97
81.95
81.95
81.95
81.95
81.95
81.95
81.97
81.98
81.97
81.95
81.95
81.95
81.95
81.94
81.94
81.94
81.96
81.96
81.97
81.98
81.98
81.98
81.99
81.99
81.99
81.98
81.98
81.99
81.98
81.98
81.97
81.97
81.97
81.98
81.98
81.98
81.96
81.97
81.98
81.97
81.97
81.96
81.98
81.96
81.96
81.96
81.96
81.96
81.95
81.94
81.95
81.94
81.94
81.93
81.94
81.95
81.95
81.93
81.94
81.94
81.95
81.94
81.96
81.95
81.95
81.94
81.95
81.95
81.93
81.94
81.94
81.92
81.93
81.94
81.94
81.93
81.94
81.92
81.92
81.91
81.89
81.89
81.90
81.88
81.88
81.87
81.87
81.86
81.86
81.87
81.87
81.87
81.87
81.86
81.85
81.85
81.85
81.86
81.88
81.89
81.89
81.89
81.89
81.89
81.90
81.91
81.89
81.91
81.90
81.90
81.91
81.91
81.90
81.91
81.91
81.93
81.94
81.93
81.93
81.92
81.92
81.91
81.91
81.91
81.91
81.91
81.91
81.91
81.91
81.91
81.90
81.89
81.90
81.91
81.92
81.92
81.92
81.91
81.91
81.92
81.91
81.89
81.90
81.91
81.91
81.91
81.92
81.89
81.90
81.90
81.91
81.91
81.91
81.90
81.90
81.90
81.89
81.89
81.88
81.89
81.89
81.88
81.88
81.88
81.88
81.89
81.89
81.90
81.89
81.89
81.90
81.90
81.91
81.90
81.91
81.91
81.91
81.91
81.92
81.92
81.93
81.93
81.93
81.93
81.93
81.93
81.93
81.93
81.92
81.91
81.92
81.91
81.90
81.90
81.90
81.90
81.90
81.89
81.89
81.89
81.90
81.89
81.89
81.89
81.88
81.89
81.89
81.89
81.89
81.90
81.90
81.90
81.91
81.90
81.91
81.91
81.92
81.92
81.92
81.93
81.92
81.92
81.91
81.91
81.92
81.92
81.92
81.92
81.92
81.93
81.94
81.94
81.93
81.92
81.92
81.93
81.93
81.92
81.91
81.90
81.90
81.89
81.89
81.90
81.89
81.89
81.88
81.88
81.87
81.88
81.89
81.89
81.89
81.90
81.90
81.90
81.90
81.90
81.90
81.90
81.91
81.90
81.90
81.89
81.90
81.89
81.89
81.89
81.89
81.89
81.89
81.88
81.88
81.88
81.88
81.88
81.88
81.88
81.88
81.89
81.89
81.88
81.80
