82.81
79.69
79.69
78.91
79.38
79.43
79.46
79.88
79.69
79.06
79.55
79.30
79.57
79.91
80.42
80.37
80.33
80.30
80.51
80.39
80.43
80.75
80.71
80.66
80.88
81.19
81.13
81.14
81.25
81.15
81.35
81.40
81.53
81.48
81.43
81.42
81.38
81.58
81.41
81.45
81.40
81.44
81.32
81.29
81.18
81.18
81.25
81.35
81.57
81.53
81.53
81.55
81.69
81.74
81.79
81.75
81.63
81.82
81.81
81.74
81.79
81.80
81.75
81.76
81.92
81.94
82.02
82.08
82.02
82.05
82.06
81.99
81.98
81.88
81.94
82.03
81.98
82.09
82.06
82.09
81.96
81.94
81.91
81.96
81.89
81.92
81.86
81.89
81.90
81.93
81.89
81.95
81.91
81.90
81.96
81.92
81.89
81.90
81.91
81.84
81.79
81.82
81.81
81.90
81.88
81.90
81.85
81.84
81.88
81.92
81.90
81.89
81.90
81.91
81.94
81.92
81.94
81.97
81.96
81.90
81.87
81.85
81.86
81.78
81.77
81.80
81.71
81.67
81.67
81.66
81.66
81.65
81.66
81.61
81.61
81.68
81.68
81.71
81.71
81.76
81.77
81.76
81.74
81.68
81.66
81.70
81.63
81.66
81.68
81.69
81.69
81.69
81.69
81.74
81.75
81.73
81.79
81.79
81.78
81.78
81.79
81.77
81.81
81.75
81.72
81.74
81.76
81.77
81.75
81.76
81.75
81.77
81.76
81.76
81.76
81.76
81.77
81.79
81.75
81.79
81.78
81.78
81.77
81.78
81.77
81.75
81.77
81.77
81.76
81.80
81.75
81.74
81.73
81.74
81.76
81.74
81.74
81.76
81.75
81.76
81.76
81.77
81.74
81.74
81.73
81.75
81.73
81.71
81.71
81.72
81.70
81.71
81.76
81.74
81.77
81.78
81.76
81.75
81.79
81.81
81.82
81.81
81.79
81.81
81.85
81.86
81.86
81.87
81.88
81.89
81.89
81.88
81.85
81.81
81.82
81.80
81.78
81.78
81.77
81.77
81.80
81.84
81.84
81.83
81.84
81.82
81.81
81.81
81.81
81.79
81.79
81.80
81.77
81.79
81.80
81.83
81.83
81.82
81.81
81.81
81.83
81.84
81.85
81.85
81.82
81.87
81.88
81.87
81.88
81.89
81.91
81.92
81.91
81.90
81.90
81.92
81.90
81.93
81.92
81.91
81.91
81.91
81.94
81.94
81.94
81.92
81.94
81.93
81.92
81.90
81.90
81.92
81.91
81.91
81.92
81.92
81.89
81.88
81.89
81.89
81.89
81.90
81.90
81.94
81.92
81.91
81.93
81.95
81.95
81.95
81.95
81.96
81.97
81.96
81.95
81.96
81.96
81.97
81.97
81.94
81.96
81.95
81.96
81.97
81.97
81.98
82.00
82.03
82.02
82.03
82.03
82.05
82.04
82.05
82.05
82.05
82.06
82.05
82.08
82.06
82.05
82.04
82.03
82.05
82.04
82.04
82.04
82.04
82.05
82.06
82.05
82.05
82.06
82.05
82.04
82.05
82.06
82.06
82.05
82.05
82.06
82.08
82.08
82.09
82.11
82.12
82.13
82.12
82.10
82.09
82.09
82.12
82.11
82.12
82.10
82.10
82.08
82.08
82.08
82.08
82.07
82.06
82.07
82.06
82.05
82.06
82.06
82.07
82.07
82.09
82.09
82.11
82.12
82.12
82.13
82.15
82.14
82.14
82.14
82.13
82.13
82.14
82.15
82.16
82.16
82.15
82.15
82.16
82.16
82.15
82.14
82.15
82.14
82.13
82.13
82.11
82.09
82.08
82.06
82.05
82.07
82.08
82.06
82.07
82.06
82.06
82.07
82.07
82.08
82.10
82.09
82.09
82.07
82.06
82.06
82.06
82.06
82.07
82.06
82.05
82.06
82.05
82.04
82.02
82.02
82.03
82.04
82.04
82.04
82.04
82.05
82.05
82.02
82.03
82.03
82.02
82.01
82.01
82.01
82.02
82.03
82.03
82.05
82.04
82.04
82.04
82.03
82.02
82.02
82.01
82.03
82.04
82.02
82.02
82.01
82.02
81.98
81.95
81.96
81.97
82.00
82.00
81.99
82.00
82.01
81.99
81.98
81.99
81.99
81.98
81.98
81.98
82.00
82.00
82.00
82.01
82.02
82.01
82.02
82.02
82.02
82.00
82.02
82.02
82.03
82.03
82.03
82.03
82.04
82.03
82.03
82.02
82.03
82.03
82.05
82.04
82.03
82.03
82.03
82.03
82.02
82.03
82.04
82.03
82.04
82.04
82.04
82.05
82.05
82.05
82.05
82.05
82.05
82.07
82.06
82.07
82.07
82.05
82.05
82.05
82.06
82.07
82.06
82.05
82.06
82.06
82.05
82.05
82.07
82.07
82.08
82.09
82.08
82.08
82.09
82.09
82.10
82.10
82.10
82.09
82.11
82.11
82.09
82.10
82.11
82.11
82.10
82.10
82.09
82.08
82.07
82.09
82.08
82.09
82.09
82.09
82.10
82.10
82.09
82.11
82.12
82.10
82.09
82.09
82.10
82.10
82.09
82.08
82.09
82.09
82.09
82.08
82.09
82.09
82.09
82.09
82.07
82.05
82.05
82.06
82.06
82.06
82.07
82.08
82.08
82.07
82.07
82.07
82.07
82.05
82.06
82.05
82.04
82.04
82.05
82.06
82.05
82.05
82.05
82.05
82.03
82.04
82.04
82.03
82.03
82.03
82.03
82.03
82.03
82.02
82.03
82.02
82.03
82.03
82.03
82.01
82.02
82.01
82.02
82.01
82.00
81.99
82.00
82.00
82.00
81.99
82.00
82.00
82.00
82.00
81.99
81.99
81.99
81.99
81.98
81.98
81.97
81.97
81.97
81.97
81.97
81.97
81.98
81.96
81.96
81.97
81.96
81.95
81.96
81.96
81.96
81.96
81.96
81.96
81.95
81.94
81.95
81.96
81.95
81.96
81.97
81.97
81.96
81.97
81.98
81.97
81.97
81.96
81.97
81.97
81.96
81.96
81.96
81.96
81.97
81.97
81.96
81.96
81.96
81.95
81.95
81.95
81.94
81.95
81.94
81.94
81.94
81.94
81.94
81.93
81.93
81.93
81.93
81.94
81.94
81.93
81.93
81.92
81.92
81.92
81.93
81.94
81.94
81.94
81.94
81.95
81.94
81.94
81.95
81.95
81.97
81.97
81.97
81.96
81.96
81.95
81.95
81.95
81.95
81.95
81.94
81.94
81.95
81.95
81.95
81.95
81.95
81.95
81.96
81.95
81.95
81.95
81.95
81.95
81.96
81.96
81.95
81.96
81.95
81.96
81.97
81.97
81.97
81.97
81.96
81.96
81.96
81.96
81.97
81.97
81.98
81.97
81.97
81.97
81.98
81.98
81.98
81.99
81.98
81.99
81.98
81.90
