81.25
84.38
83.85
81.25
81.56
82.03
81.25
81.45
81.42
81.72
81.68
82.16
82.57
82.92
82.92
82.71
82.72
82.99
82.81
82.66
83.04
83.45
83.70
83.46
83.50
83.65
83.68
83.71
83.73
83.65
83.72
83.54
83.52
83.18
83.08
82.99
82.94
82.85
82.89
82.70
82.77
82.59
82.81
82.74
82.53
82.37
82.48
82.49
82.46
82.47
82.38
82.30
82.25
82.18
82.27
82.39
82.46
82.52
82.39
82.34
82.38
82.23
82.37
82.45
82.50
82.41
82.39
82.49
82.59
82.52
82.48
82.53
82.58
82.66
82.58
82.55
82.49
82.51
82.54
82.46
82.45
82.56
82.61
82.63
82.65
82.67
82.69
82.74
82.78
82.74
82.73
82.68
82.64
82.68
82.65
82.62
82.52
82.56
82.65
82.67
82.66
82.66
82.71
82.69
82.68
82.71
82.71
82.71
82.76
82.78
82.76
82.76
82.77
82.79
82.80
82.81
82.68
82.61
82.58
82.58
82.53
82.49
82.48
82.42
82.42
82.47
82.46
82.40
82.42
82.45
82.43
82.47
82.47
82.46
82.50
82.53
82.53
82.50
82.50
82.58
82.56
82.57
82.57
82.61
82.61
82.64
82.65
82.63
82.61
82.60
82.60
82.55
82.57
82.56
82.58
82.65
82.68
82.67
82.67
82.68
82.68
82.66
82.70
82.67
82.67
82.67
82.72
82.71
82.67
82.69
82.68
82.66
82.69
82.67
82.63
82.63
82.62
82.63
82.64
82.65
82.62
82.62
82.63
82.63
82.61
82.60
82.63
82.60
82.59
82.55
82.53
82.56
82.55
82.57
82.58
82.53
82.53
82.51
82.55
82.55
82.52
82.53
82.50
82.51
82.53
82.49
82.48
82.49
82.45
82.47
82.43
82.40
82.37
82.35
82.36
82.35
82.36
82.35
82.34
82.37
82.32
82.33
82.32
82.35
82.35
82.36
82.37
82.37
82.35
82.31
82.29
82.29
82.30
82.27
82.26
82.26
82.27
82.25
82.24
82.19
82.17
82.18
82.20
82.20
82.22
82.21
82.24
82.24
82.21
82.22
82.24
82.23
82.23
82.23
82.23
82.24
82.23
82.23
82.24
82.25
82.24
82.22
82.23
82.21
82.22
82.20
82.19
82.21
82.20
82.16
82.17
82.15
82.13
82.15
82.14
82.12
82.12
82.10
82.11
82.12
82.09
82.10
82.12
82.12
82.13
82.14
82.10
82.13
82.14
82.13
82.15
82.18
82.17
82.16
82.17
82.17
82.19
82.20
82.20
82.20
82.20
82.18
82.18
82.16
82.16
82.16
82.17
82.14
82.15
82.14
82.10
82.10
82.11
82.13
82.14
82.14
82.15
82.15
82.18
82.16
82.17
82.16
82.16
82.17
82.16
82.17
82.17
82.19
82.20
82.19
82.18
82.17
82.16
82.20
82.19
82.18
82.20
82.19
82.17
82.18
82.17
82.16
82.14
82.14
82.13
82.12
82.12
82.13
82.12
82.13
82.13
82.13
82.11
82.10
82.09
82.10
82.13
82.15
82.15
82.16
82.16
82.16
82.18
82.15
82.17
82.17
82.15
82.16
82.15
82.15
82.17
82.17
82.17
82.17
82.18
82.19
82.16
82.16
82.16
82.14
82.13
82.15
82.16
82.16
82.16
82.18
82.16
82.16
82.15
82.15
82.13
82.14
82.16
82.15
82.16
82.16
82.16
82.14
82.15
82.13
82.14
82.14
82.12
82.14
82.14
82.14
82.13
82.15
82.14
82.15
82.16
82.14
82.14
82.16
82.14
82.13
82.12
82.13
82.13
82.13
82.13
82.13
82.15
82.16
82.16
82.14
82.13
82.14
82.14
82.15
82.13
82.11
82.10
82.09
82.09
82.06
82.06
82.05
82.05
82.04
82.03
82.02
82.00
81.99
82.00
81.99
81.98
81.96
81.95
81.94
81.95
81.96
81.96
81.95
81.94
81.94
81.94
81.93
81.93
81.93
81.92
81.92
81.91
81.90
81.90
81.91
81.90
81.90
81.90
81.89
81.90
81.92
81.94
81.94
81.92
81.94
81.94
81.95
81.96
81.97
81.96
81.97
81.93
81.94
81.95
81.95
81.94
81.94
81.94
81.95
81.93
81.93
81.93
81.92
81.93
81.92
81.93
81.94
81.95
81.95
81.93
81.89
81.90
81.90
81.90
81.88
81.85
81.85
81.85
81.86
81.84
81.84
81.84
81.82
81.83
81.81
81.82
81.81
81.79
81.81
81.82
81.81
81.82
81.81
81.81
81.81
81.81
81.81
81.82
81.84
81.84
81.85
81.86
81.87
81.86
81.87
81.87
81.87
81.87
81.88
81.87
81.89
81.89
81.88
81.87
81.87
81.87
81.87
81.85
81.85
81.83
81.82
81.83
81.83
81.82
81.82
81.82
81.84
81.84
81.85
81.87
81.86
81.86
81.85
81.86
81.85
81.84
81.84
81.85
81.85
81.84
81.83
81.83
81.84
81.85
81.86
81.85
81.85
81.86
81.86
81.87
81.88
81.87
81.87
81.89
81.90
81.90
81.91
81.92
81.92
81.92
81.91
81.91
81.91
81.91
81.91
81.90
81.88
81.88
81.88
81.88
81.89
81.90
81.90
81.90
81.90
81.89
81.90
81.91
81.92
81.93
81.93
81.93
81.93
81.93
81.94
81.93
81.94
81.94
81.92
81.91
81.90
81.91
81.90
81.89
81.89
81.89
81.88
81.88
81.88
81.87
81.89
81.88
81.88
81.88
81.88
81.88
81.88
81.89
81.89
81.88
81.89
81.87
81.87
81.87
81.85
81.86
81.85
81.84
81.84
81.85
81.83
81.85
81.83
81.84
81.84
81.84
81.84
81.86
81.87
81.87
81.87
81.88
81.88
81.87
81.86
81.86
81.85
81.85
81.86
81.85
81.85
81.84
81.83
81.83
81.83
81.84
81.85
81.85
81.85
81.85
81.84
81.84
81.84
81.84
81.85
81.86
81.86
81.86
81.85
81.85
81.86
81.86
81.86
81.87
81.87
81.86
81.87
81.88
81.88
81.87
81.86
81.87
81.88
81.88
81.87
81.88
81.87
81.89
81.89
81.89
81.89
81.89
81.89
81.89
81.89
81.89
81.90
81.90
81.90
81.90
81.91
81.91
81.92
81.92
81.92
81.93
81.93
81.92
81.92
81.94
81.95
81.94
81.95
81.94
81.94
81.94
81.93
81.94
81.93
81.93
81.93
81.94
81.95
81.96
81.96
81.95
81.95
81.95
81.94
81.94
81.93
81.94
81.94
81.94
81.94
81.94
81.94
81.94
81.94
81.94
81.93
81.92
81.92
81.91
81.92
81.92
81.91
81.91
81.91
81.91
81.91
81.91
81.92
81.92
81.91
81.92
81.91
81.91
81.91
81.92
81.84
