81.25
83.59
83.85
82.03
81.56
80.99
80.58
80.27
80.73
80.62
80.97
81.12
81.73
81.70
82.08
82.03
82.08
81.94
81.66
81.17
81.25
81.11
81.25
81.45
81.12
81.01
81.19
81.36
81.41
81.56
81.45
81.74
81.77
81.80
81.88
81.77
81.63
81.50
81.61
81.41
81.21
81.25
81.29
81.21
81.35
81.52
81.48
81.58
81.63
81.50
81.46
81.31
81.16
81.28
81.34
81.28
81.28
81.25
81.30
81.38
81.40
81.28
81.27
81.27
81.32
81.34
81.46
81.43
81.50
81.52
81.65
81.49
81.57
81.48
81.52
81.33
81.23
81.23
81.09
81.04
81.08
81.04
81.01
81.01
81.07
81.20
81.12
81.29
81.25
81.25
81.28
81.22
81.18
81.22
81.23
81.22
81.20
81.22
81.16
81.05
81.06
81.13
81.16
81.11
81.09
81.06
81.13
81.15
81.16
81.14
81.14
81.15
81.14
81.13
81.11
81.20
81.22
81.29
81.29
81.25
81.22
81.21
81.20
81.22
81.15
81.19
81.23
81.16
81.19
81.23
81.21
81.26
81.31
81.38
81.45
81.49
81.52
81.52
81.52
81.50
81.52
81.53
81.47
81.36
81.41
81.39
81.40
81.40
81.38
81.41
81.39
81.39
81.37
81.39
81.35
81.42
81.42
81.44
81.46
81.49
81.45
81.52
81.57
81.56
81.56
81.61
81.59
81.58
81.57
81.57
81.56
81.59
81.58
81.56
81.59
81.61
81.63
81.65
81.60
81.61
81.64
81.66
81.67
81.67
81.69
81.70
81.63
81.66
81.65
81.64
81.64
81.66
81.66
81.64
81.64
81.61
81.61
81.63
81.59
81.62
81.60
81.61
81.59
81.58
81.62
81.66
81.63
81.66
81.63
81.64
81.64
81.64
81.65
81.67
81.68
81.70
81.70
81.72
81.69
81.68
81.70
81.73
81.74
81.73
81.76
81.80
81.80
81.81
81.83
81.84
81.81
81.80
81.78
81.76
81.78
81.80
81.81
81.79
81.79
81.82
81.81
81.80
81.76
81.76
81.75
81.76
81.75
81.75
81.74
81.72
81.76
81.78
81.79
81.80
81.81
81.82
81.84
81.88
81.87
81.90
81.92
81.89
81.89
81.91
81.93
81.91
81.93
81.91
81.91
81.93
81.96
82.00
81.98
81.99
82.02
82.02
82.02
81.99
81.97
81.96
81.99
81.99
81.98
82.00
82.00
81.99
82.01
82.03
82.05
82.05
82.03
82.01
82.03
82.04
82.04
82.07
82.05
82.06
82.08
82.07
82.06
82.05
82.04
82.06
82.05
82.05
82.04
82.04
82.04
82.02
81.98
81.99
81.98
81.98
81.98
81.97
81.97
81.96
81.94
81.92
81.91
81.92
81.93
81.93
81.93
81.92
81.91
81.92
81.92
81.89
81.85
81.84
81.86
81.86
81.86
81.84
81.82
81.82
81.84
81.84
81.83
81.84
81.85
81.84
81.83
81.82
81.81
81.82
81.78
81.79
81.76
81.75
81.75
81.75
81.75
81.75
81.76
81.77
81.77
81.78
81.79
81.78
81.78
81.78
81.76
81.75
81.74
81.73
81.72
81.74
81.76
81.76
81.76
81.77
81.75
81.75
81.76
81.76
81.77
81.79
81.80
81.77
81.77
81.75
81.75
81.75
81.76
81.77
81.78
81.77
81.79
81.80
81.77
81.77
81.77
81.78
81.78
81.78
81.76
81.76
81.77
81.77
81.77
81.75
81.77
81.77
81.77
81.78
81.78
81.78
81.80
81.79
81.77
81.76
81.78
81.77
81.79
81.77
81.78
81.79
81.78
81.81
81.81
81.81
81.82
81.84
81.86
81.86
81.87
81.87
81.86
81.86
81.87
81.87
81.86
81.87
81.84
81.84
81.81
81.82
81.83
81.84
81.83
81.83
81.81
81.83
81.85
81.85
81.84
81.85
81.86
81.84
81.83
81.82
81.80
81.77
81.77
81.77
81.77
81.77
81.78
81.79
81.80
81.81
81.82
81.81
81.80
81.81
81.82
81.83
81.84
81.84
81.82
81.82
81.84
81.84
81.85
81.85
81.86
81.86
81.88
81.89
81.89
81.90
81.91
81.92
81.92
81.93
81.91
81.93
81.92
81.94
81.93
81.94
81.93
81.91
81.93
81.92
81.93
81.93
81.93
81.92
81.91
81.90
81.91
81.90
81.89
81.89
81.90
81.89
81.88
81.89
81.89
81.89
81.90
81.90
81.91
81.91
81.88
81.89
81.88
81.88
81.90
81.90
81.92
81.93
81.91
81.92
81.90
81.90
81.91
81.90
81.90
81.90
81.92
81.93
81.93
81.93
81.94
81.94
81.94
81.95
81.95
81.95
81.95
81.94
81.93
81.94
81.94
81.92
81.93
81.94
81.93
81.92
81.92
81.94
81.93
81.93
81.93
81.93
81.92
81.92
81.93
81.94
81.95
81.94
81.95
81.95
81.95
81.95
81.95
81.95
81.94
81.94
81.94
81.93
81.95
81.95
81.95
81.95
81.95
81.95
81.95
81.95
81.92
81.93
81.92
81.91
81.92
81.94
81.94
81.94
81.93
81.93
81.94
81.94
81.94
81.93
81.95
81.92
81.93
81.93
81.93
81.91
81.91
81.92
81.92
81.92
81.91
81.92
81.92
81.93
81.94
81.95
81.95
81.95
81.96
81.97
81.98
81.99
82.00
81.99
81.99
82.00
82.00
82.01
82.02
82.02
82.02
82.00
82.00
82.00
81.99
81.99
82.00
82.00
82.00
82.00
81.99
82.00
82.00
82.00
82.00
82.00
82.00
81.99
82.00
82.00
82.01
82.01
82.02
82.03
82.03
82.03
82.03
82.03
82.04
82.04
82.03
82.04
82.04
82.04
82.03
82.02
82.02
82.02
82.02
82.02
82.02
82.02
82.03
82.02
82.02
82.01
82.01
82.01
82.01
81.99
81.99
81.99
81.98
81.98
81.97
81.97
81.98
81.97
81.98
81.98
81.98
81.97
81.98
81.97
81.99
82.00
81.99
81.99
81.99
81.99
81.99
81.99
81.98
81.97
81.96
81.96
81.95
81.94
81.95
81.95
81.94
81.96
81.96
81.96
81.95
81.95
81.96
81.95
81.95
81.94
81.93
81.94
81.93
81.94
81.94
81.94
81.95
81.95
81.95
81.94
81.93
81.93
81.94
81.94
81.94
81.94
81.94
81.94
81.93
81.93
81.93
81.92
81.92
81.92
81.93
81.93
81.93
81.93
81.93
81.94
81.93
81.92
81.93
81.92
81.92
81.92
81.93
81.94
81.94
81.93
81.93
81.93
81.93
81.93
81.93
81.92
81.93
81.93
81.93
81.93
81.94
81.94
81.92
81.92
81.93
81.93
81.93
81.92
81.92
81.92
81.92
81.92
81.91
81.83
