81.25
82.81
82.29
81.64
79.69
79.43
79.69
80.27
80.38
80.47
80.68
81.12
81.01
81.14
80.94
80.96
81.25
81.77
81.83
82.03
82.22
82.39
82.13
82.16
81.81
81.85
81.71
81.92
81.79
81.82
81.75
81.45
81.34
81.34
81.38
81.34
81.42
81.37
81.45
81.60
81.55
81.55
81.54
81.46
81.53
81.39
81.38
81.28
81.35
81.34
81.22
81.40
81.49
81.37
81.36
81.53
81.52
81.47
81.51
81.51
81.38
81.45
81.47
81.45
81.47
81.58
81.53
81.53
81.39
81.47
81.40
81.38
81.44
81.40
81.44
81.48
81.47
81.45
81.41
81.45
81.52
81.52
81.55
81.53
81.38
81.27
81.25
81.20
81.20
81.18
81.23
81.23
81.17
81.22
81.28
81.27
81.31
81.28
81.25
81.31
81.39
81.31
81.31
81.31
81.35
81.34
81.31
81.35
81.29
81.26
81.25
81.38
81.39
81.41
81.41
81.44
81.45
81.42
81.41
81.47
81.57
81.58
81.64
81.67
81.64
81.60
81.64
81.73
81.65
81.67
81.61
81.63
81.66
81.66
81.68
81.69
81.74
81.74
81.71
81.74
81.76
81.71
81.75
81.78
81.82
81.85
81.82
81.81
81.80
81.82
81.84
81.90
81.87
81.84
81.85
81.88
81.91
81.91
81.93
81.92
81.91
81.90
81.93
81.96
81.95
81.94
81.95
81.92
81.97
81.92
81.86
81.82
81.80
81.82
81.84
81.79
81.78
81.77
81.81
81.83
81.88
81.87
81.86
81.83
81.82
81.80
81.78
81.77
81.80
81.83
81.80
81.77
81.75
81.74
81.78
81.80
81.77
81.74
81.71
81.70
81.72
81.71
81.70
81.72
81.71
81.71
81.70
81.68
81.66
81.65
81.65
81.62
81.60
81.60
81.56
81.59
81.63
81.63
81.66
81.66
81.67
81.70
81.73
81.72
81.71
81.69
81.68
81.68
81.67
81.66
81.66
81.65
81.67
81.67
81.69
81.69
81.70
81.71
81.73
81.74
81.72
81.71
81.71
81.69
81.70
81.70
81.67
81.67
81.69
81.71
81.72
81.73
81.73
81.73
81.76
81.77
81.80
81.78
81.75
81.74
81.69
81.67
81.65
81.68
81.70
81.71
81.69
81.69
81.69
81.69
81.70
81.70
81.71
81.71
81.72
81.75
81.76
81.74
81.74
81.76
81.74
81.73
81.75
81.73
81.75
81.73
81.73
81.72
81.69
81.70
81.70
81.70
81.69
81.71
81.69
81.69
81.69
81.70
81.68
81.70
81.71
81.75
81.75
81.73
81.74
81.75
81.74
81.77
81.76
81.76
81.77
81.80
81.81
81.80
81.76
81.75
81.74
81.74
81.74
81.75
81.75
81.76
81.76
81.78
81.75
81.78
81.77
81.76
81.76
81.74
81.74
81.75
81.75
81.74
81.77
81.74
81.74
81.74
81.76
81.75
81.75
81.72
81.71
81.70
81.69
81.69
81.68
81.66
81.67
81.67
81.66
81.68
81.69
81.66
81.67
81.68
81.68
81.67
81.68
81.68
81.68
81.70
81.68
81.66
81.64
81.64
81.65
81.65
81.65
81.67
81.67
81.66
81.66
81.66
81.66
81.66
81.64
81.62
81.62
81.64
81.68
81.67
81.68
81.67
81.68
81.70
81.69
81.68
81.68
81.69
81.69
81.68
81.68
81.68
81.67
81.68
81.67
81.67
81.68
81.68
81.67
81.68
81.68
81.69
81.71
81.72
81.71
81.73
81.75
81.75
81.75
81.75
81.74
81.75
81.75
81.74
81.75
81.75
81.75
81.74
81.74
81.77
81.76
81.74
81.73
81.71
81.73
81.72
81.72
81.74
81.75
81.75
81.75
81.76
81.74
81.75
81.74
81.75
81.75
81.75
81.72
81.72
81.73
81.73
81.74
81.73
81.72
81.72
81.73
81.74
81.76
81.76
81.78
81.79
81.79
81.81
81.81
81.79
81.79
81.80
81.80
81.81
81.82
81.84
81.82
81.82
81.82
81.82
81.83
81.84
81.84
81.85
81.85
81.87
81.87
81.88
81.88
81.87
81.88
81.89
81.89
81.90
81.90
81.90
81.89
81.88
81.89
81.91
81.92
81.91
81.91
81.91
81.91
81.90
81.90
81.88
81.88
81.86
81.89
81.91
81.90
81.88
81.87
81.88
81.88
81.90
81.89
81.90
81.91
81.91
81.92
81.94
81.93
81.94
81.94
81.96
81.97
81.99
81.98
82.00
81.98
81.98
81.98
81.99
81.99
82.00
81.98
81.98
81.98
81.98
81.98
81.97
81.99
81.99
82.00
82.01
81.99
81.98
81.99
81.98
81.97
81.97
81.98
81.98
81.98
81.96
81.98
81.97
81.97
81.97
81.98
82.00
82.00
82.01
82.01
82.00
82.00
82.00
82.00
81.99
81.99
81.98
81.99
81.99
81.98
82.00
82.01
82.00
82.02
82.03
82.02
82.01
82.00
81.98
81.99
81.99
81.99
81.99
82.00
82.00
82.00
81.99
81.99
81.99
81.99
82.00
82.00
81.99
82.00
81.99
82.00
81.99
81.98
81.98
81.99
81.98
81.98
81.99
81.98
81.99
82.00
81.98
81.99
82.01
82.00
81.99
81.99
81.99
81.98
81.98
81.98
81.99
82.00
82.00
82.00
81.99
81.98
81.98
81.98
81.98
81.98
81.99
81.98
81.97
81.98
81.98
81.97
81.98
81.99
81.99
82.00
82.00
82.01
82.01
82.00
82.01
82.01
82.01
82.02
82.01
82.01
82.00
82.00
82.01
82.00
82.00
81.99
82.00
82.00
82.00
82.00
81.99
82.00
82.00
81.99
81.98
81.99
81.98
81.97
81.95
81.95
81.95
81.94
81.93
81.92
81.93
81.92
81.93
81.92
81.92
81.93
81.94
81.93
81.92
81.93
81.93
81.93
81.92
81.92
81.91
81.92
81.92
81.92
81.92
81.92
81.93
81.94
81.94
81.93
81.94
81.94
81.93
81.94
81.95
81.94
81.95
81.96
81.95
81.96
81.95
81.95
81.96
81.96
81.97
81.97
81.97
81.98
81.98
81.98
81.99
82.00
82.00
82.01
82.00
82.01
82.01
82.01
82.02
82.02
82.03
82.03
82.03
82.03
82.03
82.03
82.02
82.01
82.01
82.01
82.01
82.01
82.01
82.02
82.02
82.02
82.02
82.01
82.00
82.01
82.01
82.01
82.00
82.00
82.01
82.01
81.99
81.99
81.98
81.97
81.96
81.96
81.96
81.96
81.95
81.95
81.95
81.95
81.95
81.96
81.97
81.97
81.97
81.97
81.97
81.97
81.98
81.98
81.98
81.99
81.99
82.00
81.99
82.00
82.01
82.00
82.01
81.99
81.99
82.00
82.00
82.00
81.92
