79.69
80.47
79.17
79.30
78.75
78.65
78.12
78.32
78.82
79.69
80.11
80.86
80.77
80.80
80.94
81.15
81.34
81.51
81.74
81.56
81.77
81.75
81.86
81.77
81.69
81.55
81.31
81.19
81.20
81.35
81.20
81.01
81.06
81.25
81.34
81.55
81.80
81.83
81.49
81.48
81.25
81.36
81.43
81.46
81.32
81.35
81.52
81.51
81.57
81.59
81.68
81.67
81.69
81.71
81.70
81.75
81.66
81.60
81.62
81.59
81.61
81.63
81.70
81.71
81.75
81.72
81.76
81.78
81.73
81.72
81.67
81.66
81.70
81.69
81.75
81.72
81.76
81.67
81.70
81.80
81.83
81.80
81.85
81.83
81.89
81.85
81.84
81.80
81.79
81.81
81.83
81.78
81.79
81.78
81.79
81.75
81.81
81.81
81.83
81.89
81.82
81.80
81.74
81.72
81.71
81.78
81.86
81.81
81.85
81.86
81.90
81.92
81.97
81.85
81.89
81.87
81.82
81.83
81.83
81.85
81.84
81.85
81.87
81.89
81.84
81.76
81.77
81.75
81.81
81.73
81.74
81.77
81.79
81.80
81.78
81.82
81.90
81.95
81.94
81.88
81.88
81.93
81.94
81.98
81.99
81.98
81.96
81.96
81.98
81.98
81.97
81.95
81.92
81.95
81.94
81.95
81.96
81.93
81.95
81.93
81.94
81.97
81.93
81.91
81.88
81.84
81.83
81.85
81.80
81.77
81.77
81.77
81.79
81.73
81.68
81.68
81.62
81.57
81.52
81.54
81.52
81.54
81.56
81.56
81.58
81.57
81.53
81.56
81.57
81.57
81.54
81.53
81.52
81.51
81.52
81.55
81.59
81.58
81.61
81.62
81.61
81.63
81.61
81.59
81.59
81.60
81.60
81.57
81.58
81.59
81.59
81.63
81.63
81.59
81.61
81.61
81.57
81.59
81.56
81.55
81.55
81.53
81.53
81.49
81.48
81.44
81.47
81.50
81.51
81.53
81.56
81.59
81.57
81.57
81.57
81.55
81.55
81.55
81.54
81.56
81.50
81.53
81.53
81.52
81.54
81.53
81.52
81.51
81.54
81.50
81.49
81.51
81.52
81.52
81.54
81.55
81.55
81.55
81.55
81.55
81.59
81.61
81.64
81.64
81.65
81.63
81.64
81.65
81.66
81.67
81.67
81.68
81.67
81.65
81.65
81.65
81.66
81.64
81.64
81.64
81.66
81.66
81.69
81.70
81.72
81.74
81.73
81.75
81.75
81.76
81.75
81.76
81.75
81.75
81.76
81.76
81.79
81.79
81.81
81.83
81.84
81.84
81.84
81.84
81.84
81.83
81.80
81.81
81.82
81.78
81.77
81.76
81.75
81.76
81.78
81.77
81.77
81.77
81.75
81.74
81.76
81.78
81.76
81.76
81.75
81.77
81.79
81.79
81.78
81.79
81.78
81.80
81.80
81.79
81.80
81.80
81.80
81.80
81.81
81.82
81.81
81.82
81.80
81.80
81.80
81.79
81.80
81.78
81.78
81.79
81.80
81.81
81.80
81.78
81.80
81.76
81.76
81.76
81.78
81.78
81.79
81.80
81.80
81.80
81.79
81.78
81.77
81.78
81.79
81.82
81.81
81.81
81.81
81.82
81.80
81.81
81.81
81.80
81.79
81.80
81.80
81.81
81.80
81.81
81.83
81.82
81.80
81.81
81.81
81.79
81.79
81.80
81.78
81.77
81.79
81.77
81.76
81.75
81.76
81.76
81.78
81.76
81.77
81.77
81.77
81.76
81.75
81.74
81.76
81.76
81.76
81.76
81.76
81.78
81.78
81.78
81.78
81.78
81.77
81.78
81.75
81.74
81.76
81.77
81.75
81.73
81.73
81.73
81.73
81.74
81.74
81.74
81.75
81.75
81.75
81.74
81.75
81.76
81.76
81.76
81.77
81.77
81.76
81.76
81.75
81.76
81.77
81.78
81.78
81.78
81.78
81.79
81.79
81.79
81.80
81.80
81.82
81.83
81.85
81.85
81.87
81.87
81.88
81.87
81.87
81.87
81.86
81.84
81.83
81.82
81.82
81.81
81.84
81.84
81.85
81.86
81.87
81.88
81.86
81.87
81.88
81.88
81.87
81.87
81.87
81.86
81.87
81.87
81.88
81.86
81.86
81.86
81.86
81.86
81.86
81.87
81.85
81.86
81.87
81.88
81.88
81.88
81.88
81.87
81.87
81.87
81.86
81.87
81.87
81.88
81.87
81.88
81.90
81.91
81.92
81.93
81.94
81.93
81.93
81.92
81.93
81.95
81.95
81.97
81.98
81.97
81.98
81.97
81.97
81.96
81.95
81.95
81.95
81.95
81.95
81.94
81.94
81.92
81.91
81.93
81.93
81.95
81.96
81.96
81.97
81.97
81.98
81.98
81.98
81.97
81.98
81.97
81.96
81.96
81.95
81.95
81.95
81.96
81.97
81.98
81.97
81.98
81.98
81.98
81.99
81.99
82.00
82.00
82.01
82.00
82.00
82.00
82.01
82.01
82.01
82.01
82.02
82.03
82.03
82.03
82.01
82.01
82.02
82.03
82.03
82.04
82.04
82.04
82.06
82.05
82.05
82.03
82.01
82.02
82.03
82.03
82.04
82.04
82.04
82.01
82.01
82.01
82.01
82.00
82.01
82.01
82.00
82.00
81.98
81.99
81.99
81.99
81.98
82.00
82.00
82.01
82.01
81.99
81.97
81.98
81.96
81.96
81.96
81.97
81.97
81.97
81.98
81.98
81.98
81.98
81.98
81.97
81.98
81.97
81.97
81.96
81.96
81.95
81.94
81.94
81.92
81.91
81.92
81.91
81.91
81.92
81.92
81.92
81.92
81.93
81.93
81.92
81.92
81.93
81.92
81.91
81.90
81.89
81.89
81.89
81.89
81.90
81.90
81.90
