79.69
78.12
80.73
82.42
80.94
81.25
81.25
81.25
81.08
80.78
81.96
82.29
82.21
82.37
82.40
82.52
82.35
82.64
83.06
83.12
82.74
83.10
83.36
83.53
83.75
83.77
83.80
83.71
83.41
83.23
83.22
83.25
83.00
83.09
83.08
82.94
82.85
82.81
82.73
82.77
82.66
82.37
82.34
82.21
82.40
82.47
82.48
82.49
82.46
82.38
82.41
82.30
82.28
82.20
82.27
82.09
82.02
81.95
81.91
81.95
81.92
81.91
82.04
81.88
81.97
81.87
81.93
81.99
82.00
82.01
81.91
81.97
82.00
82.14
82.15
82.22
82.26
82.19
82.18
82.13
82.10
82.11
82.08
81.88
81.89
81.89
81.95
82.00
81.99
82.03
81.94
81.91
81.92
81.96
81.94
81.95
82.02
82.08
82.02
82.02
81.98
81.94
81.95
81.96
81.96
81.82
81.86
81.90
81.94
81.88
81.94
81.84
81.83
81.81
81.81
81.79
81.73
81.66
81.68
81.74
81.77
81.81
81.85
81.91
81.91
81.97
81.96
81.97
82.01
82.04
82.07
82.08
82.14
82.12
82.11
82.15
82.12
82.13
82.12
82.10
82.10
82.13
82.14
82.15
82.14
82.20
82.23
82.24
82.25
82.24
82.23
82.24
82.20
82.18
82.17
82.17
82.19
82.18
82.21
82.29
82.25
82.22
82.19
82.10
82.12
82.16
82.19
82.21
82.21
82.18
82.18
82.18
82.20
82.20
82.21
82.20
82.23
82.22
82.23
82.20
82.17
82.17
82.17
82.17
82.13
82.11
82.09
82.13
82.12
82.11
82.08
82.01
82.00
81.99
82.01
82.02
82.01
82.00
81.98
81.98
82.00
82.02
82.04
82.05
82.06
82.05
82.02
82.03
82.03
82.04
82.01
81.99
81.98
81.98
81.97
81.98
81.98
81.98
81.94
81.94
81.94
81.90
81.92
81.90
81.88
81.89
81.91
81.91
81.92
81.94
81.89
81.89
81.94
81.94
81.93
81.93
81.94
81.91
81.92
81.88
81.90
81.89
81.89
81.85
81.85
81.89
81.86
81.83
81.85
81.88
81.90
81.91
81.94
81.94
81.96
81.96
81.98
81.97
81.97
81.95
81.95
81.92
81.92
81.94
81.95
81.93
81.91
81.93
81.91
81.92
81.93
81.94
81.93
81.93
81.96
81.94
81.91
81.89
81.89
81.86
81.90
81.88
81.89
81.87
81.86
81.88
81.90
81.90
81.87
81.88
81.91
81.89
81.86
81.87
81.81
81.82
81.84
81.87
81.87
81.90
81.92
81.92
81.92
81.92
81.92
81.93
81.92
81.91
81.88
81.89
81.88
81.88
81.88
81.89
81.90
81.90
81.89
81.88
81.89
81.90
81.91
81.90
81.91
81.93
81.91
81.90
81.90
81.92
81.92
81.90
81.91
81.93
81.94
81.93
81.94
81.94
81.94
81.93
81.91
81.90
81.93
81.94
81.95
81.94
81.95
81.94
81.94
81.95
81.94
81.95
81.94
81.94
81.92
81.94
81.95
81.96
81.96
81.97
81.97
81.97
81.96
81.98
81.99
82.00
81.98
81.98
81.97
81.96
81.96
81.95
81.99
81.99
81.98
81.96
81.97
81.96
81.95
81.96
81.95
81.96
81.95
81.95
81.92
81.94
81.94
81.95
81.96
81.95
81.95
81.95
81.97
81.96
81.96
81.97
81.97
81.94
81.95
81.96
81.94
81.94
81.94
81.93
81.93
81.94
81.94
81.96
81.97
81.98
81.98
81.98
81.98
81.98
81.97
81.98
81.98
82.00
81.99
81.99
81.99
81.98
81.98
81.96
81.97
81.97
81.99
81.98
81.98
81.98
81.99
81.99
82.00
82.00
82.01
81.98
81.99
81.97
81.99
82.00
81.99
81.99
82.00
82.00
82.02
82.02
82.02
81.99
81.99
82.00
81.99
82.00
82.00
81.98
81.98
82.00
82.01
82.02
82.01
82.01
82.02
82.02
82.02
82.03
82.03
82.03
82.02
82.02
82.02
82.02
82.03
82.02
82.03
82.03
82.03
82.03
82.03
82.03
82.01
82.01
82.01
82.00
82.00
82.00
82.00
82.00
82.00
82.00
81.98
81.98
81.99
81.98
81.97
81.97
81.98
81.98
81.97
81.97
81.96
81.97
81.99
82.00
82.00
82.02
82.02
82.02
82.02
82.00
82.00
82.00
81.99
81.98
81.97
81.98
81.97
81.98
81.99
81.99
81.99
82.00
81.98
81.97
81.98
81.99
82.00
82.00
81.99
82.00
82.01
81.99
81.99
81.98
81.99
81.98
81.98
81.98
81.98
81.96
81.97
81.96
81.95
81.96
81.97
81.97
81.96
81.98
81.96
81.96
81.96
81.95
81.96
81.93
81.93
81.93
81.93
81.92
81.94
81.95
81.95
81.93
81.94
81.94
81.95
81.94
81.93
81.94
81.94
81.94
81.94
81.95
81.95
81.94
81.95
81.94
81.94
81.94
81.93
81.92
81.92
81.93
81.94
81.94
81.93
81.92
81.91
81.90
81.91
81.91
81.92
81.92
81.91
81.92
81.92
81.92
81.90
81.90
81.90
81.90
81.91
81.90
81.90
81.89
81.89
81.89
81.90
81.88
81.86
81.87
81.88
81.87
81.87
81.86
81.87
81.86
81.87
81.87
81.87
81.87
81.87
81.86
81.87
81.88
81.87
81.86
81.86
81.86
81.85
81.84
81.86
81.85
81.85
81.84
81.85
81.85
81.85
81.85
81.85
81.84
81.86
81.86
81.87
81.88
81.86
81.87
81.86
81.86
81.85
81.85
81.85
81.85
81.86
81.86
81.85
81.86
81.86
81.86
81.85
81.85
81.85
81.83
81.85
81.83
81.83
81.83
81.83
81.83
81.84
81.83
81.84
81.83
81.84
81.84
81.85
81.85
81.85
81.86
81.85
81.86
81.86
81.88
81.88
81.90
81.89
81.88
81.88
81.89
81.89
81.89
81.90
81.89
81.89
81.90
81.90
81.91
81.91
81.92
81.92
81.92
81.92
81.92
81.91
81.91
81.92
81.93
81.93
81.93
81.94
81.93
81.93
81.93
81.93
81.94
81.95
81.95
81.95
81.94
81.95
81.94
81.94
81.95
81.95
81.95
81.95
81.94
81.95
81.96
81.96
81.96
81.97
81.97
81.97
81.97
81.98
81.98
81.97
81.98
81.97
81.97
81.98
81.97
81.97
81.96
81.95
81.95
81.95
81.95
81.94
81.95
81.94
81.93
81.93
81.93
81.94
81.94
81.95
81.95
81.95
81.97
81.96
81.97
81.97
81.97
81.96
81.96
81.96
81.96
81.96
81.96
81.96
81.94
81.94
81.93
81.93
81.93
81.94
81.95
81.94
81.95
81.96
81.97
81.97
81.98
81.98
81.90
