89.06
88.28
83.85
82.42
82.81
81.77
81.25
80.47
81.60
81.25
81.53
81.51
81.49
81.03
81.04
80.96
81.16
80.90
80.76
80.39
80.65
80.61
80.77
80.40
80.81
80.89
80.79
80.86
80.66
80.68
80.54
80.42
80.54
80.47
80.85
81.03
81.00
81.04
81.21
80.98
80.91
81.06
81.21
81.43
81.35
81.42
81.62
81.58
81.57
81.59
81.62
81.70
81.57
81.54
81.48
81.50
81.41
81.25
81.33
81.28
81.38
81.35
81.35
81.37
81.39
81.30
81.39
81.30
81.27
81.16
81.29
81.23
81.19
81.14
81.15
81.29
81.23
81.27
81.33
81.19
81.19
81.31
81.36
81.44
81.43
81.41
81.32
81.30
81.30
81.22
81.22
81.11
81.12
81.15
81.17
81.14
81.15
81.20
81.14
81.16
81.19
81.16
81.11
81.11
81.04
81.09
81.07
81.12
81.11
81.14
81.18
81.17
81.19
81.22
81.20
81.21
81.29
81.24
81.28
81.32
81.28
81.29
81.24
81.29
81.31
81.27
81.23
81.24
81.21
81.19
81.23
81.21
81.27
81.25
81.26
81.22
81.22
81.24
81.26
81.25
81.27
81.25
81.26
81.23
81.19
81.22
81.20
81.23
81.21
81.22
81.23
81.24
81.27
81.31
81.27
81.27
81.27
81.30
81.35
81.31
81.34
81.37
81.42
81.44
81.45
81.47
81.45
81.46
81.50
81.51
81.51
81.50
81.49
81.52
81.51
81.53
81.56
81.54
81.54
81.60
81.66
81.63
81.64
81.63
81.65
81.64
81.63
81.65
81.63
81.63
81.67
81.69
81.70
81.66
81.63
81.62
81.66
81.64
81.60
81.58
81.59
81.57
81.59
81.63
81.62
81.61
81.60
81.57
81.53
81.53
81.51
81.53
81.51
81.48
81.52
81.49
81.47
81.45
81.46
81.50
81.53
81.52
81.54
81.58
81.62
81.61
81.57
81.55
81.59
81.59
81.57
81.58
81.57
81.60
81.58
81.57
81.58
81.62
81.58
81.58
81.57
81.59
81.60
81.62
81.61
81.59
81.60
81.61
81.62
81.61
81.58
81.58
81.53
81.52
81.49
81.48
81.50
81.51
81.50
81.49
81.50
81.52
81.52
81.50
81.48
81.47
81.47
81.48
81.48
81.52
81.53
81.53
81.52
81.52
81.51
81.49
81.52
81.53
81.54
81.56
81.53
81.55
81.56
81.54
81.55
81.56
81.57
81.57
81.54
81.53
81.55
81.53
81.52
81.53
81.51
81.54
81.54
81.54
81.57
81.58
81.58
81.57
81.55
81.53
81.56
81.55
81.57
81.58
81.58
81.60
81.62
81.61
81.64
81.63
81.62
81.62
81.64
81.64
81.64
81.63
81.61
81.58
81.58
81.58
81.58
81.60
81.57
81.59
81.60
81.60
81.60
81.59
81.56
81.54
81.56
81.57
81.54
81.53
81.53
81.52
81.52
81.54
81.53
81.53
81.54
81.55
81.55
81.53
81.55
81.54
81.55
81.55
81.55
81.57
81.58
81.61
81.63
81.63
81.65
81.67
81.68
81.68
81.68
81.69
81.68
81.67
81.68
81.67
81.65
81.68
81.69
81.70
81.69
81.68
81.70
81.71
81.71
81.71
81.71
81.72
81.74
81.74
81.74
81.74
81.72
81.75
81.73
81.73
81.72
81.71
81.71
81.71
81.72
81.73
81.73
81.73
81.72
81.73
81.74
81.73
81.73
81.74
81.75
81.77
81.76
81.75
81.73
81.73
81.73
81.71
81.71
81.72
81.72
81.72
81.73
81.72
81.71
81.71
81.72
81.71
81.71
81.71
81.70
81.71
81.72
81.71
81.72
81.72
81.72
81.71
81.69
81.68
81.67
81.67
81.70
81.69
81.68
81.68
81.67
81.66
81.66
81.68
81.70
81.68
81.70
81.68
81.68
81.69
81.68
81.68
81.67
81.68
81.68
81.68
81.67
81.68
81.70
81.70
81.70
81.69
81.69
81.71
81.71
81.72
81.73
81.71
81.71
81.70
81.71
81.71
81.72
81.71
81.70
81.71
81.70
81.72
81.71
81.72
81.73
81.74
81.76
81.76
81.75
81.75
81.75
81.76
81.78
81.76
81.77
81.78
81.78
81.79
81.80
81.79
81.79
81.77
81.78
81.78
81.79
81.79
81.81
81.82
81.82
81.81
81.81
81.83
81.84
81.85
81.86
81.85
81.84
81.85
81.85
81.86
81.85
81.86
81.86
81.87
81.87
81.88
81.89
81.90
81.90
81.91
81.91
81.91
81.91
81.91
81.92
81.93
81.93
81.93
81.94
81.94
81.95
81.97
81.96
81.96
81.97
81.96
81.96
81.96
81.96
81.97
81.96
81.97
81.98
81.98
81.99
82.00
82.00
82.01
82.01
82.02
82.02
82.02
82.02
82.02
82.00
82.01
82.01
82.01
82.00
82.00
82.00
82.00
82.00
82.01
82.01
82.01
82.02
82.02
82.03
82.02
82.02
82.04
82.04
82.04
82.05
82.05
82.06
82.06
82.04
82.03
82.04
82.03
82.02
82.03
82.03
82.04
82.06
82.06
82.06
82.07
82.06
82.07
82.07
82.06
82.07
82.06
82.06
82.07
82.09
82.08
82.09
82.08
82.06
82.05
82.06
82.07
82.07
82.07
82.08
82.08
82.09
82.09
82.09
82.10
82.11
82.10
82.11
82.11
82.11
82.11
82.10
82.11
82.09
82.10
82.10
82.10
82.11
82.09
82.08
82.08
82.08
82.08
82.07
82.07
82.07
82.06
82.05
82.05
82.05
82.06
82.06
82.06
82.06
82.06
82.07
82.07
82.07
82.07
82.07
82.07
82.07
82.08
82.08
82.08
82.08
82.09
82.08
82.08
82.09
82.09
82.10
82.10
82.10
82.10
82.10
82.10
82.11
82.10
82.09
82.09
82.10
82.09
82.09
82.08
82.09
82.10
82.11
82.12
82.12
82.11
82.11
82.11
82.10
82.11
82.11
82.11
82.10
82.09
82.10
82.10
82.09
82.09
82.08
82.07
82.07
82.07
82.07
82.07
82.07
82.06
82.06
82.06
82.06
82.06
82.06
82.06
82.06
82.06
82.06
82.06
82.06
82.06
82.06
82.06
82.06
82.06
82.05
82.06
82.05
82.05
82.05
82.04
82.05
82.04
82.04
82.04
82.03
82.03
82.03
82.03
82.02
82.01
82.00
82.00
82.00
82.00
81.99
82.00
82.01
82.01
82.00
82.00
81.99
81.99
81.99
81.99
82.00
82.00
82.01
82.01
82.01
82.02
82.02
82.02
82.02
82.02
82.00
82.01
82.01
82.01
82.00
82.01
82.00
82.01
81.99
82.00
82.00
81.98
81.98
81.97
81.97
81.97
81.97
81.97
81.98
81.98
81.97
81.90
