82.81
84.38
83.85
84.38
80.94
80.21
80.13
80.08
79.34
80.00
80.26
80.60
80.89
81.14
81.04
81.35
81.53
82.03
82.07
82.19
81.99
81.96
82.27
81.97
82.00
82.03
82.29
82.25
82.49
82.45
82.26
82.03
81.87
81.89
81.83
81.99
82.14
82.40
82.41
82.30
82.36
82.33
82.38
82.32
82.26
82.17
82.15
82.23
82.40
82.22
82.17
82.12
82.19
82.12
82.36
82.34
82.43
82.41
82.34
82.40
82.30
82.33
82.29
82.23
82.28
82.17
82.25
82.28
82.38
82.30
82.33
82.36
82.34
82.31
82.31
82.30
82.18
82.23
82.16
82.15
82.14
82.09
82.12
82.14
82.10
82.10
82.13
82.16
82.16
82.15
82.09
82.03
81.99
81.88
81.83
81.77
81.75
81.71
81.76
81.75
81.76
81.80
81.84
81.78
81.68
81.57
81.57
81.51
81.55
81.59
81.59
81.61
81.60
81.69
81.68
81.60
81.60
81.61
81.63
81.61
81.61
81.56
81.57
81.57
81.53
81.54
81.51
81.49
81.43
81.43
81.36
81.38
81.43
81.44
81.41
81.39
81.41
81.41
81.42
81.46
81.47
81.54
81.55
81.59
81.61
81.59
81.59
81.64
81.65
81.66
81.67
81.71
81.79
81.79
81.77
81.78
81.79
81.79
81.78
81.75
81.72
81.75
81.73
81.72
81.73
81.81
81.76
81.77
81.76
81.72
81.73
81.73
81.72
81.79
81.78
81.81
81.80
81.77
81.77
81.77
81.76
81.73
81.76
81.74
81.77
81.77
81.78
81.78
81.75
81.74
81.68
81.72
81.71
81.70
81.71
81.70
81.73
81.71
81.67
81.66
81.65
81.66
81.67
81.67
81.67
81.69
81.67
81.68
81.71
81.70
81.70
81.69
81.68
81.64
81.63
81.64
81.62
81.64
81.63
81.63
81.61
81.61
81.59
81.58
81.57
81.55
81.57
81.59
81.65
81.62
81.62
81.61
81.64
81.64
81.64
81.63
81.63
81.64
81.59
81.63
81.65
81.64
81.62
81.58
81.57
81.57
81.56
81.60
81.60
81.61
81.59
81.58
81.58
81.56
81.55
81.56
81.57
81.61
81.59
81.62
81.62
81.61
81.62
81.59
81.57
81.56
81.57
81.58
81.58
81.56
81.58
81.57
81.56
81.53
81.51
81.52
81.53
81.50
81.48
81.47
81.47
81.47
81.44
81.45
81.46
81.48
81.46
81.45
81.47
81.48
81.51
81.47
81.45
81.43
81.46
81.46
81.46
81.48
81.50
81.48
81.46
81.46
81.49
81.48
81.48
81.45
81.46
81.47
81.45
81.44
81.43
81.41
81.44
81.44
81.43
81.41
81.43
81.42
81.41
81.40
81.39
81.36
81.36
81.35
81.35
81.37
81.36
81.37
81.35
81.37
81.37
81.37
81.35
81.35
81.36
81.37
81.38
81.38
81.36
81.36
81.37
81.38
81.38
81.36
81.36
81.38
81.37
81.38
81.39
81.41
81.41
81.42
81.45
81.44
81.44
81.43
81.42
81.43
81.43
81.45
81.44
81.44
81.42
81.41
81.42
81.43
81.44
81.48
81.46
81.49
81.48
81.49
81.49
81.48
81.48
81.50
81.49
81.51
81.52
81.51
81.48
81.48
81.47
81.47
81.48
81.49
81.50
81.52
81.54
81.54
81.54
81.54
81.52
81.50
81.52
81.51
81.50
81.51
81.53
81.53
81.52
81.50
81.51
81.51
81.51
81.50
81.52
81.52
81.54
81.55
81.55
81.57
81.58
81.59
81.59
81.57
81.58
81.57
81.57
81.57
81.57
81.58
81.56
81.57
81.55
81.56
81.56
81.57
81.56
81.56
81.58
81.56
81.57
81.58
81.56
81.57
81.58
81.57
81.56
81.57
81.58
81.58
81.58
81.54
81.55
81.55
81.55
81.55
81.56
81.57
81.60
81.60
81.59
81.60
81.60
81.60
81.60
81.61
81.61
81.61
81.60
81.59
81.59
81.59
81.61
81.61
81.61
81.61
81.62
81.63
81.61
81.64
81.63
81.63
81.62
81.60
81.61
81.63
81.64
81.63
81.65
81.65
81.66
81.63
81.64
81.65
81.66
81.65
81.65
81.67
81.66
81.67
81.65
81.66
81.65
81.66
81.64
81.65
81.65
81.65
81.67
81.67
81.67
81.68
81.70
81.70
81.70
81.71
81.72
81.72
81.71
81.71
81.70
81.69
81.70
81.71
81.70
81.71
81.72
81.72
81.71
81.70
81.69
81.69
81.69
81.71
81.71
81.70
81.72
81.72
81.70
81.70
81.71
81.73
81.74
81.74
81.74
81.74
81.74
81.74
81.75
81.74
81.74
81.74
81.74
81.73
81.75
81.77
81.77
81.77
81.76
81.77
81.76
81.77
81.78
81.78
81.77
81.77
81.77
81.77
81.76
81.74
81.75
81.76
81.74
81.73
81.73
81.74
81.74
81.74
81.74
81.73
81.73
81.73
81.73
81.72
81.73
81.73
81.73
81.75
81.74
81.74
81.74
81.73
81.73
81.72
81.73
81.73
81.74
81.74
81.75
81.76
81.76
81.76
81.76
81.77
81.77
81.78
81.77
81.78
81.78
81.78
81.78
81.78
81.79
81.79
81.79
81.80
81.80
81.81
81.81
81.80
81.80
81.81
81.82
81.82
81.81
81.81
81.82
81.81
81.81
81.80
81.82
81.82
81.82
81.82
81.81
81.81
81.80
81.80
81.79
81.80
81.80
81.80
81.79
81.79
81.79
81.80
81.80
81.81
81.80
81.80
81.80
81.79
81.80
81.80
81.80
81.81
81.81
81.81
81.81
81.81
81.81
81.81
81.81
81.82
81.81
81.81
81.81
81.79
81.80
81.80
81.80
81.80
81.80
81.81
81.80
81.80
81.81
81.80
81.79
81.78
81.78
81.77
81.76
81.77
81.76
81.77
81.77
81.76
81.77
81.77
81.77
81.76
81.77
81.76
81.78
81.77
81.76
81.76
81.76
81.76
81.76
81.75
81.76
81.76
81.77
81.77
81.76
81.76
81.76
81.76
81.76
81.75
81.75
81.74
81.74
81.74
81.74
81.73
81.74
81.74
81.75
81.75
81.74
81.75
81.75
81.76
81.77
81.78
81.77
81.78
81.77
81.77
81.78
81.77
81.77
81.77
81.76
81.76
81.77
81.77
81.78
81.78
81.76
81.76
81.76
81.76
81.75
81.75
81.75
81.74
81.74
81.73
81.74
81.74
81.74
81.74
81.73
81.73
81.72
81.72
81.71
81.71
81.72
81.72
81.72
81.72
81.72
81.74
81.73
81.74
81.74
81.73
81.73
81.74
81.74
81.73
81.74
81.73
81.73
81.74
81.74
81.73
81.74
81.74
81.75
81.75
81.75
81.75
81.76
81.69
