75.00
83.59
80.73
78.52
79.06
79.43
79.24
78.91
78.47
77.66
78.27
78.78
78.97
79.35
79.48
79.69
79.69
80.12
79.93
79.92
79.91
79.76
79.76
79.82
79.94
79.81
80.09
79.69
79.85
79.84
79.99
80.03
80.16
80.28
80.40
80.64
80.49
80.43
80.61
80.82
80.98
80.92
80.96
81.04
80.87
80.94
80.98
81.02
81.03
81.06
81.07
81.04
81.04
81.08
81.08
81.08
81.14
81.12
81.12
81.09
81.17
81.17
81.32
81.42
81.49
81.44
81.44
81.48
81.52
81.58
81.49
81.42
81.42
81.33
81.29
81.29
81.31
81.33
81.29
81.21
81.25
81.25
81.31
81.25
81.19
81.14
81.18
81.27
81.30
81.30
81.37
81.39
81.49
81.52
81.60
81.62
81.60
81.54
81.58
81.61
81.64
81.57
81.66
81.72
81.79
81.82
81.83
81.83
81.87
81.86
81.88
81.89
81.86
81.83
81.75
81.69
81.68
81.69
81.67
81.67
81.70
81.67
81.66
81.63
81.56
81.50
81.48
81.47
81.46
81.44
81.50
81.51
81.48
81.55
81.52
81.51
81.57
81.66
81.65
81.65
81.66
81.61
81.65
81.64
81.66
81.59
81.58
81.58
81.55
81.52
81.53
81.50
81.52
81.51
81.51
81.49
81.50
81.53
81.52
81.53
81.52
81.57
81.60
81.59
81.60
81.57
81.59
81.57
81.57
81.60
81.63
81.61
81.64
81.62
81.62
81.66
81.65
81.61
81.56
81.63
81.60
81.61
81.59
81.58
81.60
81.59
81.62
81.63
81.66
81.65
81.67
81.68
81.68
81.69
81.73
81.76
81.78
81.77
81.74
81.72
81.73
81.75
81.77
81.81
81.84
81.84
81.84
81.84
81.82
81.79
81.78
81.75
81.76
81.80
81.80
81.79
81.79
81.81
81.81
81.82
81.79
81.81
81.82
81.82
81.81
81.82
81.84
81.87
81.88
81.87
81.89
81.90
81.93
81.88
81.95
81.95
81.95
81.95
81.97
81.98
82.02
82.04
82.03
82.04
82.03
82.03
82.06
82.06
82.07
82.06
82.05
82.07
82.06
82.04
82.05
82.06
82.03
82.03
82.03
82.03
82.04
82.04
82.04
82.05
82.09
82.08
82.06
82.09
82.09
82.11
82.09
82.11
82.09
82.08
82.04
82.03
82.00
82.03
82.02
82.00
81.99
81.96
81.96
81.98
81.97
81.97
81.96
81.96
81.95
81.96
81.97
81.99
81.98
81.96
81.97
81.98
81.97
81.96
81.95
81.93
81.91
81.88
81.89
81.89
81.85
81.82
81.81
81.81
81.78
81.81
81.82
81.82
81.84
81.85
81.85
81.84
81.85
81.85
81.86
81.85
81.85
81.87
81.88
81.88
81.88
81.88
81.84
81.85
81.87
81.88
81.90
81.91
81.92
81.91
81.91
81.91
81.91
81.92
81.90
81.91
81.91
81.91
81.91
81.92
81.93
81.94
81.91
81.88
81.87
81.88
81.89
81.88
81.88
81.89
81.87
81.86
81.86
81.85
81.85
81.85
81.84
81.85
81.86
81.86
81.86
81.85
81.85
81.83
81.82
81.81
81.80
81.80
81.82
81.83
81.86
81.85
81.87
81.85
81.84
81.83
81.85
81.87
81.86
81.88
81.89
81.90
81.91
81.90
81.91
81.90
81.91
81.90
81.90
81.89
81.89
81.89
81.92
81.91
81.91
81.90
81.89
81.88
81.89
81.88
81.88
81.89
81.89
81.91
81.91
81.89
81.90
81.89
81.91
81.92
81.93
81.90
81.89
81.88
81.88
81.88
81.87
81.87
81.88
81.87
81.84
81.83
81.81
81.80
81.81
81.80
81.78
81.77
81.77
81.76
81.74
81.74
81.73
81.73
81.72
81.71
81.70
81.71
81.69
81.70
81.71
81.69
81.69
81.71
81.72
81.73
81.73
81.72
81.71
81.72
81.73
81.71
81.71
81.71
81.70
81.68
81.68
81.69
81.69
81.68
81.68
81.70
81.71
81.71
81.71
81.69
81.67
81.65
81.63
81.61
81.61
81.62
81.63
81.64
81.63
81.63
81.62
81.62
81.63
81.63
81.65
81.65
81.66
81.65
81.65
81.66
81.65
81.65
81.65
81.64
81.63
81.65
81.66
81.66
81.66
81.66
81.66
81.65
81.66
81.66
81.67
81.66
81.66
81.65
81.64
81.65
81.66
81.67
81.66
81.68
81.67
81.67
81.66
81.67
81.65
81.65
81.67
81.65
81.65
81.64
81.63
81.63
81.61
81.62
81.62
81.62
81.63
81.61
81.60
81.60
81.60
81.61
81.60
81.61
81.60
81.61
81.61
81.60
81.60
81.61
81.62
81.62
81.62
81.60
81.61
81.62
81.62
81.62
81.60
81.60
81.62
81.64
81.63
81.62
81.63
81.62
81.61
81.61
81.61
81.61
81.62
81.61
81.59
81.59
81.60
81.60
81.60
81.59
81.61
81.61
81.61
81.61
81.61
81.62
81.61
81.62
81.60
81.60
81.59
81.60
81.60
81.60
81.60
81.60
81.60
81.60
81.61
81.60
81.61
81.62
81.61
81.61
81.61
81.61
81.62
81.62
81.60
81.60
81.61
81.60
81.61
81.62
81.62
81.62
81.62
81.62
81.60
81.60
81.61
81.61
81.61
81.62
81.60
81.60
81.59
81.61
81.60
81.59
81.59
81.59
81.59
81.59
81.58
81.59
81.59
81.59
81.59
81.59
81.57
81.56
81.56
81.56
81.57
81.57
81.57
81.57
81.57
81.58
81.57
81.57
81.58
81.58
81.57
81.58
81.57
81.57
81.58
81.59
81.59
81.58
81.57
81.57
81.56
81.55
81.55
81.55
81.55
81.55
81.56
81.55
81.55
81.55
81.57
81.57
81.57
81.58
81.58
81.57
81.56
81.57
81.57
81.58
81.59
81.58
81.57
81.58
81.56
81.56
81.57
81.56
81.56
81.57
81.56
81.57
81.57
81.56
81.56
81.56
81.56
81.57
81.57
81.58
81.59
81.60
81.59
81.60
81.60
81.59
81.59
81.59
81.59
81.60
81.59
81.59
81.58
81.56
81.56
81.56
81.56
81.57
81.58
81.58
81.58
81.59
81.60
81.59
81.60
81.60
81.59
81.59
81.60
81.59
81.58
81.59
81.59
81.57
81.57
81.56
81.56
81.57
81.57
81.58
81.58
81.59
81.59
81.59
81.59
81.60
81.61
81.61
81.60
81.61
81.61
81.62
81.62
81.62
81.62
81.62
81.63
81.62
81.63
81.63
81.63
81.63
81.63
81.62
81.63
81.63
81.64
81.64
81.64
81.64
81.66
81.66
81.66
81.66
81.65
81.66
81.66
81.67
81.68
81.67
81.68
81.68
81.69
81.70
81.70
81.62
