76.56
79.69
79.17
80.47
79.38
79.43
80.80
81.45
81.42
81.25
81.39
80.21
80.41
80.47
80.83
80.47
80.79
80.47
80.59
80.55
80.80
81.04
80.98
80.99
81.12
81.61
81.48
81.42
81.52
81.67
81.70
81.69
81.68
81.85
81.70
81.51
81.50
81.54
81.69
81.80
81.71
81.47
81.43
81.57
81.60
81.56
81.62
81.54
81.41
81.34
81.43
81.46
81.46
81.45
81.53
81.72
81.77
81.90
81.91
81.95
81.97
81.96
81.99
82.10
82.16
82.27
82.37
82.28
82.29
82.28
82.33
82.38
82.30
82.31
82.25
82.20
82.26
82.37
82.34
82.38
82.35
82.28
82.34
82.37
82.30
82.25
82.18
82.12
82.18
82.24
82.21
82.18
82.11
82.13
82.06
82.06
82.02
82.05
82.01
82.03
82.01
82.02
82.02
82.03
81.98
82.00
81.95
82.02
82.02
82.00
82.05
82.05
82.07
82.03
82.04
82.09
82.06
82.12
82.05
81.99
81.96
81.98
82.02
82.03
81.99
81.94
81.90
81.99
82.01
82.00
81.89
81.95
81.91
81.94
81.92
81.95
81.95
81.95
81.99
82.00
81.95
81.87
81.86
81.88
81.90
81.88
81.88
81.88
81.83
81.89
81.89
81.83
81.86
81.87
81.91
81.93
81.92
81.93
81.92
81.91
81.96
82.01
82.03
82.00
82.01
82.04
82.01
82.00
81.97
82.01
82.01
82.03
81.98
82.00
81.99
81.97
81.97
81.95
81.93
81.93
81.91
81.94
81.94
81.96
81.99
81.99
81.98
81.97
81.95
82.00
81.98
81.98
82.01
82.03
82.04
82.02
82.04
82.05
82.04
82.05
81.98
81.99
81.98
81.99
81.96
81.99
82.00
81.99
82.00
81.99
81.95
81.96
81.95
81.94
81.95
81.97
81.96
81.93
81.91
81.86
81.89
81.88
81.92
81.94
81.91
81.93
81.88
81.89
81.90
81.91
81.91
81.87
81.84
81.84
81.84
81.87
81.86
81.85
81.84
81.82
81.81
81.80
81.80
81.78
81.80
81.73
81.73
81.70
81.71
81.73
81.74
81.75
81.74
81.75
81.75
81.71
81.72
81.73
81.76
81.73
81.68
81.64
81.64
81.61
81.63
81.64
81.59
81.59
81.59
81.57
81.53
81.53
81.55
81.55
81.56
81.58
81.59
81.63
81.68
81.70
81.71
81.70
81.69
81.69
81.68
81.71
81.70
81.71
81.71
81.71
81.70
81.70
81.69
81.70
81.71
81.69
81.70
81.69
81.68
81.65
81.61
81.61
81.60
81.58
81.58
81.59
81.61
81.62
81.63
81.63
81.61
81.61
81.59
81.58
81.57
81.56
81.56
81.53
81.53
81.50
81.49
81.50
81.47
81.47
81.45
81.47
81.46
81.46
81.45
81.47
81.46
81.48
81.48
81.50
81.48
81.49
81.49
81.50
81.51
81.50
81.51
81.50
81.48
81.48
81.47
81.49
81.48
81.49
81.51
81.51
81.49
81.49
81.49
81.51
81.52
81.50
81.49
81.47
81.46
81.46
81.47
81.49
81.49
81.50
81.52
81.50
81.51
81.51
81.50
81.48
81.48
81.46
81.48
81.47
81.47
81.48
81.47
81.46
81.48
81.48
81.49
81.50
81.51
81.52
81.54
81.53
81.52
81.54
81.53
81.53
81.52
81.51
81.52
81.52
81.54
81.55
81.54
81.54
81.54
81.55
81.53
81.54
81.56
81.56
81.56
81.58
81.60
81.61
81.62
81.62
81.63
81.63
81.64
81.65
81.64
81.64
81.65
81.67
81.67
81.67
81.67
81.68
81.69
81.68
81.67
81.65
81.62
81.63
81.64
81.66
81.66
81.66
81.65
81.65
81.63
81.62
81.63
81.65
81.65
81.64
81.65
81.64
81.63
81.63
81.63
81.65
81.64
81.65
81.67
81.67
81.66
81.66
81.66
81.66
81.66
81.65
81.65
81.66
81.65
81.64
81.63
81.64
81.63
81.63
81.64
81.63
81.64
81.64
81.64
81.64
81.65
81.66
81.66
81.66
81.65
81.64
81.65
81.64
81.62
81.61
81.61
81.62
81.63
81.63
81.62
81.65
81.66
81.67
81.66
81.66
81.67
81.67
81.66
81.66
81.68
81.67
81.68
81.69
81.69
81.67
81.68
81.67
81.67
81.67
81.67
81.66
81.66
81.65
81.65
81.64
81.65
81.64
81.63
81.63
81.61
81.60
81.60
81.58
81.59
81.59
81.57
81.58
81.59
81.59
81.57
81.57
81.56
81.55
81.58
81.58
81.57
81.56
81.55
81.55
81.55
81.55
81.55
81.55
81.54
81.54
81.53
81.52
81.52
81.52
81.51
81.52
81.54
81.53
81.53
81.52
81.51
81.52
81.51
81.50
81.51
81.51
81.50
81.50
81.50
81.50
81.50
81.50
81.48
81.49
81.49
81.49
81.47
81.47
81.48
81.50
81.50
81.50
81.50
81.50
81.51
81.50
81.52
81.52
81.53
81.54
81.54
81.53
81.55
81.55
81.55
81.56
81.54
81.55
81.56
81.55
81.55
81.56
81.56
81.57
81.57
81.59
81.60
81.60
81.60
81.61
81.60
81.59
81.60
81.60
81.59
81.59
81.58
81.58
81.59
81.58
81.58
81.57
81.56
81.56
81.55
81.56
81.55
81.57
81.56
81.55
81.56
81.57
81.58
81.57
81.55
81.55
81.55
81.56
81.58
81.59
81.59
81.59
81.59
81.58
81.56
81.56
81.57
81.57
81.57
81.58
81.57
81.57
81.57
81.56
81.56
81.56
81.55
81.55
81.55
81.55
81.55
81.55
81.55
81.56
81.57
81.56
81.57
81.57
81.55
81.56
81.56
81.55
81.55
81.55
81.56
81.56
81.56
81.55
81.55
81.56
81.56
81.55
81.56
81.56
81.56
81.56
81.57
81.57
81.59
81.58
81.58
81.57
81.57
81.56
81.56
81.56
81.57
81.57
81.57
81.59
81.58
81.59
81.58
81.57
81.56
81.56
81.56
81.55
81.55
81.54
81.54
81.55
81.54
81.55
81.54
81.54
81.54
81.53
81.53
81.54
81.54
81.54
81.55
81.55
81.55
81.56
81.56
81.57
81.57
81.57
81.57
81.58
81.57
81.56
81.55
81.54
81.54
81.55
81.56
81.55
81.55
81.55
81.55
81.55
81.57
81.57
81.56
81.56
81.57
81.57
81.57
81.58
81.59
81.58
81.58
81.58
81.58
81.59
81.59
81.59
81.59
81.59
81.60
81.61
81.60
81.60
81.59
81.59
81.59
81.59
81.60
81.60
81.61
81.61
81.62
81.63
81.62
81.61
81.62
81.62
81.62
81.62
81.61
81.62
81.61
81.61
81.62
81.61
81.61
81.60
81.61
81.53
