82.81
79.69
80.73
81.64
81.56
82.03
81.25
81.64
81.77
81.41
81.53
81.51
81.49
81.47
81.46
81.35
81.07
81.08
81.00
81.09
81.40
81.46
81.39
81.58
81.88
81.97
82.18
82.37
82.38
82.24
82.11
81.88
81.96
81.94
81.96
81.86
81.67
81.66
81.73
81.80
81.59
81.77
81.83
81.92
81.94
82.13
82.18
82.26
82.14
82.12
82.11
82.15
82.16
82.03
82.10
82.25
82.24
82.33
82.31
82.37
82.35
82.38
82.32
82.32
82.28
82.17
82.14
82.10
82.13
82.19
82.24
82.07
82.02
82.05
82.10
82.13
82.06
82.11
82.16
82.21
82.21
82.20
82.21
82.20
82.21
82.25
82.26
82.30
82.29
82.20
82.23
82.05
81.97
82.03
82.01
82.00
82.01
82.03
81.96
81.86
81.79
81.77
81.72
81.64
81.65
81.65
81.70
81.76
81.74
81.79
81.77
81.82
81.83
81.81
81.77
81.69
81.69
81.73
81.76
81.80
81.82
81.80
81.78
81.75
81.76
81.71
81.63
81.58
81.59
81.50
81.50
81.50
81.46
81.49
81.48
81.46
81.44
81.47
81.46
81.47
81.50
81.53
81.55
81.50
81.52
81.54
81.56
81.61
81.58
81.64
81.58
81.61
81.63
81.62
81.58
81.59
81.61
81.58
81.60
81.61
81.64
81.61
81.63
81.64
81.66
81.66
81.68
81.65
81.68
81.65
81.66
81.64
81.69
81.65
81.59
81.61
81.58
81.56
81.51
81.48
81.49
81.50
81.48
81.46
81.48
81.47
81.48
81.52
81.52
81.58
81.57
81.56
81.57
81.56
81.56
81.60
81.61
81.62
81.61
81.62
81.63
81.64
81.67
81.70
81.68
81.68
81.67
81.69
81.69
81.68
81.66
81.66
81.65
81.67
81.69
81.70
81.70
81.66
81.67
81.68
81.70
81.65
81.68
81.66
81.67
81.65
81.64
81.62
81.59
81.59
81.59
81.57
81.55
81.54
81.57
81.59
81.63
81.66
81.65
81.65
81.65
81.67
81.68
81.67
81.70
81.73
81.73
81.72
81.71
81.72
81.73
81.76
81.78
81.79
81.80
81.76
81.74
81.73
81.74
81.73
81.70
81.68
81.71
81.72
81.72
81.68
81.70
81.66
81.67
81.66
81.64
81.63
81.66
81.63
81.64
81.63
81.65
81.63
81.65
81.67
81.64
81.65
81.64
81.67
81.67
81.69
81.71
81.69
81.69
81.69
81.68
81.68
81.70
81.72
81.75
81.73
81.74
81.74
81.76
81.77
81.76
81.77
81.79
81.78
81.79
81.78
81.77
81.77
81.78
81.80
81.80
81.82
81.83
81.82
81.81
81.81
81.82
81.82
81.80
81.81
81.80
81.76
81.75
81.75
81.73
81.75
81.76
81.75
81.77
81.77
81.76
81.76
81.78
81.80
81.81
81.80
81.78
81.79
81.81
81.80
81.80
81.78
81.79
81.81
81.78
81.77
81.79
81.79
81.81
81.81
81.81
81.80
81.78
81.81
81.82
81.81
81.81
81.81
81.82
81.79
81.78
81.76
81.75
81.77
81.77
81.75
81.73
81.74
81.73
81.72
81.73
81.74
81.76
81.72
81.74
81.74
81.73
81.73
81.74
81.73
81.73
81.72
81.75
81.72
81.71
81.72
81.71
81.72
81.72
81.69
81.71
81.72
81.71
81.72
81.70
81.70
81.70
81.71
81.67
81.66
81.64
81.64
81.64
81.65
81.67
81.68
81.68
81.68
81.67
81.68
81.68
81.69
81.69
81.69
81.71
81.71
81.70
81.72
81.73
81.72
81.73
81.73
81.74
81.73
81.73
81.73
81.71
81.71
81.72
81.71
81.71
81.71
81.71
81.73
81.73
81.72
81.73
81.71
81.69
81.69
81.71
81.73
81.73
81.71
81.72
81.73
81.71
81.72
81.73
81.74
81.74
81.73
81.73
81.72
81.72
81.73
81.74
81.74
81.74
81.73
81.72
81.73
81.74
81.75
81.76
81.77
81.77
81.76
81.77
81.78
81.77
81.77
81.75
81.74
81.72
81.73
81.72
81.73
81.73
81.72
81.72
81.71
81.71
81.72
81.71
81.71
81.72
81.72
81.71
81.71
81.71
81.71
81.70
81.72
81.72
81.72
81.72
81.73
81.74
81.75
81.75
81.75
81.75
81.75
81.76
81.76
81.77
81.77
81.77
81.77
81.77
81.77
81.77
81.78
81.78
81.81
81.82
81.81
81.83
81.83
81.82
81.83
81.81
81.83
81.82
81.82
81.80
81.80
81.81
81.81
81.82
81.82
81.80
81.81
81.81
81.81
81.80
81.79
81.81
81.81
81.81
81.79
81.80
81.80
81.80
81.80
81.80
81.79
81.79
81.78
81.78
81.77
81.74
81.74
81.74
81.74
81.76
81.76
81.75
81.76
81.77
81.76
81.74
81.73
81.73
81.74
81.75
81.76
81.75
81.76
81.76
81.76
81.75
81.76
81.76
81.77
81.76
81.76
81.75
81.75
81.74
81.74
81.76
81.76
81.76
81.76
81.76
81.75
81.74
81.75
81.75
81.74
81.74
81.73
81.74
81.73
81.73
81.73
81.73
81.73
81.74
81.75
81.75
81.74
81.74
81.75
81.75
81.74
81.75
81.75
81.76
81.76
81.77
81.78
81.77
81.77
81.77
81.77
81.77
81.78
81.78
81.78
81.76
81.75
81.74
81.75
81.73
81.73
81.73
81.73
81.72
81.71
81.71
81.71
81.72
81.72
81.73
81.72
81.71
81.71
81.70
81.72
81.71
81.70
81.71
81.72
81.72
81.72
81.72
81.70
81.71
81.71
81.72
81.73
81.73
81.74
81.75
81.75
81.75
81.74
81.75
81.75
81.76
81.77
81.78
81.77
81.76
81.76
81.77
81.76
81.75
81.77
81.78
81.79
81.78
81.77
81.78
81.78
81.77
81.79
81.80
81.80
81.81
81.81
81.81
81.80
81.81
81.82
81.82
81.82
81.81
81.81
81.81
81.82
81.81
81.80
81.81
81.82
81.81
81.81
81.81
81.82
81.82
81.82
81.82
81.83
81.83
81.81
81.83
81.83
81.84
81.83
81.82
81.81
81.82
81.82
81.82
81.82
81.82
81.82
81.83
81.82
81.83
81.83
81.84
81.85
81.86
81.86
81.86
81.86
81.85
81.85
81.87
81.86
81.86
81.85
81.85
81.85
81.86
81.86
81.86
81.86
81.86
81.87
81.88
81.88
81.88
81.88
81.88
81.89
81.89
81.88
81.88
81.88
81.87
81.87
81.86
81.85
81.86
81.86
81.86
81.85
81.86
81.86
81.87
81.87
81.88
81.87
81.86
81.86
81.85
81.84
81.85
81.86
81.84
81.84
81.84
81.85
81.85
81.85
81.84
81.76
