75.00
75.78
77.08
78.12
79.38
79.17
79.46
80.47
80.38
80.47
79.69
79.95
80.53
80.02
79.69
80.18
80.42
81.08
81.00
81.25
81.25
81.18
81.05
80.92
80.81
80.59
80.73
81.08
80.98
80.99
81.20
81.15
81.25
81.53
81.56
81.47
81.46
81.74
81.93
81.95
81.90
81.96
81.94
81.85
82.05
82.07
82.18
82.23
82.24
82.28
82.26
82.39
82.43
82.44
82.30
82.23
82.21
82.17
82.07
82.11
82.12
81.98
81.94
82.06
82.09
82.13
82.04
81.92
81.91
81.94
81.95
81.97
82.06
82.18
82.25
82.24
82.26
82.31
82.28
82.34
82.25
82.26
82.29
82.29
82.30
82.34
82.38
82.42
82.50
82.50
82.49
82.39
82.33
82.31
82.38
82.36
82.43
82.40
82.35
82.31
82.27
82.22
82.16
82.20
82.11
82.15
82.20
82.23
82.20
82.14
82.21
82.18
82.18
82.17
82.17
82.19
82.13
82.03
82.10
82.06
82.02
82.03
81.99
81.96
81.92
81.87
81.90
81.91
81.89
81.86
81.91
81.96
81.94
81.94
81.91
81.87
81.88
81.88
81.91
81.93
81.88
81.88
81.93
81.91
81.92
81.93
81.88
81.88
81.93
81.96
82.00
82.03
82.10
82.10
82.14
82.16
82.19
82.23
82.23
82.26
82.30
82.33
82.34
82.37
82.39
82.38
82.42
82.45
82.41
82.47
82.48
82.47
82.46
82.43
82.40
82.42
82.39
82.36
82.34
82.33
82.29
82.26
82.26
82.25
82.26
82.28
82.23
82.22
82.25
82.23
82.21
82.19
82.22
82.22
82.21
82.25
82.23
82.24
82.25
82.26
82.25
82.24
82.23
82.22
82.13
82.14
82.15
82.15
82.13
82.12
82.09
82.08
82.09
82.10
82.11
82.13
82.12
82.11
82.11
82.11
82.08
82.08
82.07
82.08
82.09
82.09
82.07
82.09
82.09
82.08
82.09
82.06
82.07
82.03
81.99
81.99
81.98
82.00
82.00
81.98
82.00
81.97
81.98
81.98
82.02
82.02
82.03
82.01
82.03
82.01
82.03
81.99
82.02
82.00
82.00
82.01
82.02
82.03
82.02
82.02
82.03
82.04
82.05
82.02
82.03
82.06
82.06
82.08
82.09
82.11
82.09
82.09
82.09
82.06
82.06
82.07
82.07
82.08
82.06
82.02
82.04
82.05
82.05
82.03
82.04
82.03
82.04
82.04
82.04
82.04
82.03
82.02
82.03
82.00
82.00
82.00
82.00
81.98
82.00
82.01
82.00
82.00
82.00
82.03
82.04
82.04
82.03
82.04
82.03
82.04
82.04
82.05
82.04
82.03
82.05
82.07
82.07
82.07
82.07
82.08
82.10
82.08
82.09
82.10
82.12
82.12
82.13
82.13
82.13
82.14
82.12
82.13
82.14
82.14
82.13
82.11
82.11
82.09
82.04
82.05
82.04
82.05
82.04
82.04
82.04
82.04
82.06
82.06
82.05
82.02
82.00
82.02
82.02
82.02
82.02
82.02
82.02
82.04
82.05
82.06
82.06
82.06
82.06
82.06
82.06
82.06
82.05
82.05
82.05
82.06
82.05
82.06
82.06
82.07
82.06
82.07
82.06
82.04
82.05
82.04
82.05
82.04
82.02
82.00
82.01
82.00
82.01
82.01
82.01
82.00
82.00
81.98
81.99
82.00
81.99
82.00
81.99
81.99
81.99
81.98
81.99
81.97
81.96
81.98
81.98
81.96
81.97
81.97
81.95
81.96
81.95
81.94
81.95
81.94
81.95
81.96
81.96
81.95
81.95
81.96
81.95
81.96
81.94
81.94
81.94
81.94
81.95
81.97
81.96
81.96
81.97
81.96
81.96
81.97
81.97
81.97
81.96
81.96
81.97
81.99
81.98
81.99
81.98
81.98
81.99
81.99
81.98
81.96
81.96
81.95
81.95
81.94
81.93
81.93
81.91
81.91
81.92
81.90
81.90
81.91
81.91
81.92
81.92
81.92
81.91
81.92
81.92
81.92
81.92
81.93
81.92
81.94
81.93
81.94
81.96
81.97
81.97
81.97
81.97
81.95
81.96
81.97
81.96
81.96
81.95
81.94
81.94
81.95
81.96
81.96
81.97
81.95
81.93
81.92
81.91
81.91
81.92
81.91
81.90
81.90
81.90
81.90
81.90
81.90
81.89
81.88
81.87
81.87
81.87
81.87
81.88
81.88
81.89
81.88
81.87
81.87
81.85
81.86
81.87
81.86
81.85
81.85
81.85
81.86
81.86
81.86
81.86
81.84
81.83
81.83
81.84
81.83
81.84
81.86
81.87
81.87
81.87
81.88
81.88
81.88
81.88
81.88
81.88
81.87
81.88
81.88
81.88
81.88
81.89
81.90
81.91
81.90
81.90
81.90
81.90
81.92
81.91
81.90
81.90
81.88
81.88
81.87
81.88
81.89
81.90
81.90
81.91
81.92
81.92
81.91
81.92
81.92
81.91
81.91
81.91
81.92
81.92
81.94
81.92
81.92
81.91
81.91
81.92
81.92
81.92
81.92
81.93
81.91
81.91
81.90
81.90
81.90
81.90
81.89
81.88
81.89
81.89
81.88
81.88
81.89
81.88
81.89
81.89
81.87
81.86
81.85
81.85
81.84
81.84
81.86
81.86
81.85
81.85
81.84
81.85
81.84
81.84
81.85
81.86
81.86
81.87
81.86
81.87
81.87
81.87
81.87
81.86
81.86
81.86
81.85
81.86
81.88
81.88
81.87
81.87
81.87
81.86
81.85
81.84
81.84
81.84
81.83
81.83
81.84
81.85
81.85
81.85
81.86
81.85
81.86
81.87
81.87
81.86
81.86
81.86
81.85
81.84
81.84
81.83
81.83
81.84
81.84
81.84
81.86
81.85
81.85
81.85
81.83
81.84
81.85
81.83
81.83
81.84
81.84
81.85
81.85
81.84
81.84
81.84
81.84
81.84
81.84
81.84
81.85
81.85
81.85
81.84
81.84
81.85
81.85
81.87
81.88
81.87
81.87
81.86
81.87
81.86
81.86
81.85
81.85
81.85
81.85
81.84
81.84
81.84
81.85
81.85
81.85
81.85
81.84
81.84
81.84
81.83
81.83
81.83
81.81
81.81
81.81
81.81
81.81
81.81
81.82
81.81
81.80
81.80
81.81
81.81
81.80
81.81
81.81
81.80
81.79
81.79
81.79
81.79
81.79
81.79
81.81
81.80
81.79
81.79
81.80
81.81
81.81
81.81
81.82
81.82
81.82
81.81
81.81
81.81
81.81
81.80
81.80
81.80
81.79
81.79
81.79
81.79
81.78
81.79
81.79
81.77
81.77
81.76
81.76
81.75
81.75
81.75
81.76
81.75
81.75
81.75
81.75
81.76
81.76
81.76
81.76
81.76
81.76
81.76
81.69
