82.81
82.81
79.17
78.52
79.69
79.95
80.58
80.86
80.38
80.94
80.97
81.90
81.73
82.03
81.98
81.84
81.80
81.86
81.66
81.64
81.70
81.75
82.00
81.77
81.94
81.79
81.83
81.81
81.52
81.46
81.70
81.69
81.68
81.71
81.65
81.86
81.76
81.95
81.81
81.80
81.63
81.73
81.76
81.78
81.60
81.62
81.68
81.67
81.66
81.69
81.92
81.94
81.90
81.86
81.99
81.98
81.94
82.03
82.12
82.08
82.04
81.91
82.07
82.10
82.09
82.20
82.16
82.26
82.25
82.14
82.15
82.14
82.15
82.24
82.33
82.38
82.43
82.41
82.42
82.48
82.39
82.43
82.36
82.40
82.39
82.50
82.51
82.55
82.62
82.59
82.55
82.47
82.49
82.53
82.53
82.58
82.57
82.56
82.56
82.50
82.58
82.64
82.60
82.60
82.51
82.55
82.58
82.60
82.51
82.51
82.52
82.49
82.55
82.54
82.49
82.50
82.55
82.48
82.43
82.40
82.37
82.42
82.42
82.43
82.38
82.43
82.41
82.45
82.41
82.34
82.37
82.33
82.38
82.42
82.38
82.40
82.42
82.43
82.40
82.43
82.42
82.47
82.45
82.43
82.46
82.45
82.42
82.42
82.47
82.41
82.41
82.41
82.41
82.37
82.39
82.43
82.47
82.46
82.44
82.46
82.46
82.40
82.36
82.36
82.37
82.37
82.36
82.34
82.34
82.33
82.27
82.24
82.23
82.21
82.20
82.16
82.12
82.07
82.04
82.02
82.03
82.02
82.01
82.01
81.98
82.00
81.98
81.97
81.97
81.97
81.94
81.88
81.89
81.86
81.84
81.83
81.85
81.86
81.88
81.88
81.92
81.92
81.90
81.88
81.86
81.85
81.84
81.85
81.86
81.87
81.84
81.83
81.80
81.83
81.81
81.81
81.79
81.80
81.81
81.78
81.77
81.76
81.77
81.75
81.77
81.78
81.76
81.77
81.75
81.77
81.77
81.77
81.75
81.74
81.73
81.74
81.74
81.73
81.69
81.69
81.72
81.77
81.78
81.79
81.80
81.83
81.81
81.80
81.78
81.76
81.77
81.79
81.76
81.75
81.75
81.76
81.74
81.73
81.74
81.74
81.73
81.70
81.70
81.67
81.68
81.70
81.68
81.70
81.69
81.71
81.72
81.70
81.71
81.72
81.68
81.69
81.66
81.69
81.71
81.74
81.74
81.73
81.76
81.74
81.72
81.71
81.73
81.74
81.73
81.75
81.76
81.74
81.74
81.74
81.77
81.77
81.78
81.76
81.77
81.78
81.80
81.82
81.81
81.81
81.82
81.85
81.83
81.82
81.84
81.83
81.83
81.86
81.85
81.86
81.88
81.89
81.89
81.87
81.89
81.88
81.88
81.91
