82.81
79.69
78.65
79.30
80.00
80.47
80.58
81.05
81.60
81.56
81.39
81.12
80.65
80.69
81.04
80.96
81.07
81.51
81.17
81.33
81.25
81.32
81.25
81.05
81.25
81.07
81.25
81.47
81.30
81.67
81.75
81.69
81.87
81.85
81.92
82.03
82.14
82.20
82.29
82.38
82.43
82.48
82.56
82.60
82.67
82.78
82.58
82.71
82.84
82.88
83.00
82.84
82.87
82.81
82.95
82.90
82.87
82.84
82.81
82.76
82.79
82.76
82.79
82.76
82.64
82.58
82.32
82.31
82.36
82.23
82.28
82.29
82.32
82.31
82.29
82.32
82.31
82.25
82.30
82.32
82.20
82.18
82.13
82.05
82.11
82.14
82.02
82.05
82.02
82.08
82.13
82.10
82.16
82.21
82.27
82.28
82.20
82.22
82.29
82.31
82.43
82.40
82.34
82.32
82.26
82.25
82.29
82.26
82.27
82.27
82.22
82.21
82.29
82.24
82.26
82.31
82.35
82.30
82.37
82.32
82.26
82.22
82.24
82.28
82.20
82.16
82.14
82.12
82.07
82.12
82.06
82.02
81.98
82.00
82.01
81.97
81.93
81.95
81.91
81.83
81.86
81.87
81.87
81.87
81.92
81.91
81.83
81.86
81.84
81.79
81.81
81.79
81.76
81.75
81.77
81.81
81.81
81.82
81.84
81.87
81.87
81.87
81.86
81.91
81.92
81.92
81.92
81.94
81.94
81.97
81.95
81.96
81.98
82.00
82.01
81.96
81.93
81.93
81.95
81.90
81.90
81.90
81.92
81.90
81.90
81.91
81.91
81.87
81.85
81.85
81.87
81.86
81.87
81.89
81.88
81.88
81.86
81.86
81.87
81.90
81.90
81.92
81.88
81.93
81.92
81.92
81.90
81.93
81.89
81.89
81.89
81.89
81.90
81.89
81.88
81.91
81.93
81.93
81.96
81.95
81.91
81.93
81.92
81.88
81.88
81.86
81.86
81.86
81.88
81.90
81.89
81.89
81.88
81.90
81.90
81.91
81.90
81.89
81.91
81.90
81.86
81.86
81.89
81.91
81.91
81.93
81.91
81.89
81.88
81.88
81.87
81.89
81.89
81.87
81.86
81.84
81.80
81.74
81.76
81.74
81.69
81.67
81.64
81.65
81.65
81.65
81.66
81.62
81.62
81.61
81.62
81.60
81.59
81.56
81.55
81.55
81.54
81.55
81.53
81.52
81.53
81.54
81.55
81.59
81.55
81.52
81.54
81.54
81.53
81.51
81.53
81.56
81.55
81.57
81.57
81.59
81.56
81.56
81.58
81.58
81.58
81.57
81.54
81.56
81.55
81.55
81.54
81.56
81.57
81.57
81.60
81.60
81.60
81.62
81.63
81.61
81.61
81.63
81.66
81.65
81.63
81.61
81.62
81.63
81.65
81.64
81.66
81.68
81.66
81.66
81.66
81.67
81.68
81.69
81.71
81.71
81.70
81.68
81.68
81.68
81.67
81.64
81.67
81.68
81.68
81.69
81.68
81.68
81.67
81.66
81.66
81.69
81.70
81.70
81.69
81.69
81.70
81.70
81.73
81.74
81.73
81.72
81.72
81.73
81.73
81.74
81.74
81.76
81.75
81.73
81.74
81.74
81.75
81.75
81.74
81.75
81.74
81.73
81.74
81.75
81.72
81.72
81.72
81.74
81.74
81.72
81.70
81.71
81.72
81.71
81.72
81.72
81.72
81.70
81.69
81.70
81.71
81.71
81.71
81.73
81.72
81.70
81.70
81.70
81.69
81.71
81.70
81.69
81.70
81.71
81.73
81.71
81.71
81.70
81.73
81.72
81.74
81.75
81.75
81.76
81.76
81.73
81.74
81.75
81.74
81.75
81.75
81.73
81.73
81.73
81.72
81.71
81.72
81.71
81.71
81.70
81.69
81.68
81.68
81.69
81.69
81.68
81.68
81.69
81.67
81.67
81.67
81.69
81.71
81.69
81.68
81.67
81.67
81.68
81.69
81.69
81.70
81.72
81.73
81.74
81.75
81.76
81.75
81.75
81.74
81.74
81.75
81.74
81.76
81.74
81.75
81.76
81.77
81.78
81.78
81.79
81.78
81.80
81.79
81.79
81.80
81.81
81.81
81.81
81.80
81.80
81.79
81.80
81.82
81.81
81.81
81.81
81.81
81.81
81.81
81.81
81.82
81.81
81.79
81.78
81.79
81.80
81.80
81.80
81.79
81.80
81.78
81.78
81.78
81.78
81.79
81.77
81.75
81.75
81.75
81.74
81.73
81.75
81.76
81.76
81.75
81.77
81.77
81.78
81.79
81.78
81.77
81.79
81.81
81.80
81.79
81.80
81.80
81.81
81.80
81.80
81.80
81.80
81.79
81.79
81.80
81.81
81.82
81.82
81.82
81.82
81.81
81.81
81.81
81.82
81.83
81.82
81.83
81.83
81.83
81.84
81.83
81.84
81.83
81.84
81.85
81.84
81.85
81.85
81.86
81.87
81.85
81.83
81.83
81.83
81.84
81.83
81.82
81.80
81.81
81.81
81.82
81.82
81.82
81.83
81.84
81.85
81.85
81.85
81.82
81.83
81.82
81.85
81.84
81.85
81.85
81.85
81.85
81.85
81.85
81.86
81.86
81.87
81.87
81.87
81.86
81.84
81.84
81.83
81.84
81.84
81.82
81.83
81.84
81.84
81.84
81.84
81.83
81.83
81.82
81.83
81.82
81.82
81.82
81.82
81.82
81.81
81.82
81.83
81.83
81.83
81.83
81.84
81.86
81.86
81.85
81.85
81.86
81.87
81.88
81.89
81.90
81.91
81.92
81.90
81.90
81.91
81.91
81.91
81.90
81.90
81.90
81.91
81.91
81.91
81.91
81.91
81.90
81.90
81.90
81.90
81.90
81.90
81.89
81.90
81.90
81.91
81.92
81.90
81.91
81.90
81.89
81.90
81.90
81.90
81.90
81.89
81.90
81.90
81.90
81.91
81.93
81.93
81.93
81.93
81.93
81.93
81.92
81.93
81.93
81.94
81.93
81.93
81.93
81.92
81.91
81.93
81.92
81.92
81.92
81.92
81.91
81.91
81.91
81.92
81.92
81.92
81.91
81.91
81.91
81.91
81.91
81.91
81.92
81.92
81.92
81.92
81.91
81.91
81.91
81.90
81.90
81.91
81.90
81.90
81.91
81.92
81.92
81.91
81.91
81.91
81.91
81.91
81.92
81.93
81.92
81.92
81.91
81.91
81.90
81.90
81.90
81.90
81.89
81.90
81.90
81.90
81.90
81.90
81.89
81.89
81.90
81.90
81.91
81.93
81.92
81.92
81.93
81.93
81.94
81.93
81.94
81.94
81.93
81.93
81.92
81.91
81.91
81.92
81.92
81.93
81.95
81.94
81.93
81.94
81.94
81.94
81.94
81.94
81.94
81.94
81.95
81.96
81.96
81.96
81.97
81.89
