79.69
76.56
79.69
80.47
81.25
81.25
81.70
82.23
81.94
83.12
82.81
82.81
82.45
82.59
82.81
82.23
82.44
82.29
81.83
81.64
81.55
81.61
81.59
81.58
81.62
81.67
81.89
81.86
82.00
82.08
82.06
82.08
82.20
82.26
82.32
82.29
82.31
82.36
82.37
82.42
82.51
82.51
82.19
82.32
82.40
82.34
82.31
82.32
82.30
82.44
82.48
82.48
82.52
82.61
82.50
82.45
82.21
82.17
82.18
82.27
82.25
82.11
82.04
82.08
82.12
82.10
82.25
82.28
82.36
82.41
82.53
82.47
82.56
82.64
82.67
82.67
82.73
82.73
82.77
82.81
82.81
82.77
82.76
82.70
82.79
82.85
82.85
82.78
82.76
82.69
82.76
82.66
82.63
82.55
82.58
82.57
82.62
82.67
82.62
82.56
82.56
82.54
82.52
82.54
82.57
82.56
82.58
82.55
82.50
82.53
82.52
82.49
82.49
82.57
82.57
82.56
82.55
82.60
82.60
82.60
82.57
82.54
82.53
82.60
82.56
82.58
82.57
82.60
82.61
82.61
82.56
82.56
82.55
82.57
82.51
82.50
82.49
82.54
82.45
82.46
82.45
82.44
82.48
82.48
82.42
82.46
82.42
82.43
82.42
82.47
82.52
82.44
82.42
82.42
82.41
82.42
82.41
82.40
82.40
82.43
82.42
82.38
82.46
82.43
82.40
82.35
82.35
82.33
82.27
82.23
82.21
82.24
82.23
82.20
82.22
82.22
82.19
82.15
82.12
82.14
82.10
82.15
82.09
82.07
82.04
82.01
82.05
82.03
81.98
81.96
81.98
81.96
81.99
82.02
82.05
82.05
82.02
81.99
81.96
81.93
81.89
81.85
81.85
81.82
81.81
81.81
81.81
81.83
81.86
81.85
81.86
81.88
81.87
81.87
81.86
81.84
81.87
81.85
81.86
81.86
81.82
81.83
81.85
81.87
81.90
81.92
81.93
81.93
81.97
81.96
81.99
82.02
81.99
82.00
82.03
82.03
82.05
82.00
81.99
82.02
82.01
82.01
82.03
82.01
82.02
82.04
82.00
82.03
82.00
81.98
81.99
81.98
81.97
81.95
81.94
81.93
81.94
81.95
81.97
81.95
81.94
81.95
81.95
81.94
81.93
81.94
81.91
81.95
81.95
81.93
81.94
81.97
81.99
82.00
81.97
81.96
81.93
81.94
81.94
81.97
81.96
81.96
81.97
81.98
82.00
82.00
82.01
82.01
82.03
82.02
82.01
82.01
81.97
81.95
81.98
81.98
81.97
81.99
81.99
81.99
81.98
81.97
82.00
82.00
82.02
82.03
82.03
82.05
82.02
82.01
82.02
82.01
81.99
82.00
82.01
82.01
82.01
82.00
81.98
81.99
82.02
82.03
82.01
82.02
82.02
82.03
82.04
82.04
82.01
82.01
82.01
82.00
82.00
81.99
81.97
81.96
81.94
81.98
81.99
81.98
81.99
82.00
81.99
81.97
81.96
81.93
81.93
81.91
81.87
81.88
81.86
81.88
81.87
81.88
81.89
81.90
81.88
81.87
81.88
81.88
81.88
81.88
81.88
81.90
81.91
81.92
81.92
81.94
81.92
81.93
81.92
81.91
81.88
81.88
81.88
81.89
81.88
81.90
81.88
81.89
81.90
81.90
81.90
81.90
81.91
81.93
81.94
81.93
81.91
81.94
81.93
81.94
81.95
81.95
81.95
81.93
81.94
81.96
81.96
81.96
81.97
81.98
81.99
81.98
81.98
81.97
81.96
81.96
81.95
81.95
81.95
81.96
81.95
81.96
81.94
81.94
81.94
81.94
81.93
81.95
81.95
81.94
81.94
81.95
81.96
81.95
81.96
81.97
81.96
81.96
81.96
81.98
81.96
81.94
81.94
81.93
81.93
81.95
81.94
81.92
81.92
81.94
81.95
81.94
81.95
81.94
81.94
81.93
81.92
81.92
81.91
81.91
81.88
81.90
81.92
81.91
81.92
81.92
81.93
81.91
81.92
81.92
81.92
81.93
81.93
81.93
81.91
81.90
81.91
81.91
81.91
81.90
81.92
81.92
81.92
81.92
81.91
81.91
81.92
81.91
81.91
81.92
81.90
81.90
81.90
81.90
81.88
81.88
81.89
81.88
81.89
81.90
81.90
81.87
81.88
81.90
81.90
81.92
81.93
81.93
81.93
81.93
81.94
81.94
81.96
81.97
81.97
81.97
81.99
81.98
81.99
81.99
81.98
81.98
81.98
81.97
81.96
81.95
81.95
81.93
81.92
81.91
81.91
81.93
81.92
81.91
81.90
81.91
81.92
81.92
81.93
81.94
81.95
81.94
81.94
81.93
81.93
81.92
81.93
81.94
81.93
81.92
81.91
81.91
81.91
81.90
81.91
81.90
81.90
81.90
81.89
81.90
81.91
81.90
81.91
81.92
81.90
81.91
81.92
81.93
81.92
81.92
81.90
81.90
81.89
81.90
81.91
81.92
81.91
81.91
81.91
81.92
81.92
81.92
81.93
81.95
81.94
81.94
81.96
81.96
81.96
81.96
81.96
81.98
81.97
81.97
81.96
81.96
81.97
81.98
81.97
81.98
81.98
81.98
81.96
81.97
81.97
81.96
81.96
81.98
81.98
81.99
82.00
82.01
82.01
82.02
82.02
82.01
82.01
82.02
82.01
82.02
82.01
82.02
82.02
82.01
82.01
82.01
82.01
82.02
82.01
82.01
82.01
82.00
82.00
82.01
82.00
82.00
82.01
81.99
82.00
82.02
82.01
81.99
82.00
82.00
82.00
82.00
81.99
81.99
82.00
82.00
81.99
81.99
81.99
81.99
82.00
82.00
82.00
82.00
82.00
82.00
82.01
82.02
82.04
82.04
82.03
82.04
82.04
82.04
82.06
82.06
82.07
82.06
82.06
82.06
82.05
82.04
82.04
82.03
82.03
82.04
82.03
82.03
82.04
82.05
82.04
82.05
82.06
82.06
82.06
82.06
82.04
82.04
82.05
82.06
82.06
82.07
82.06
82.06
82.05
82.04
82.04
82.04
82.03
82.03
82.03
82.03
82.04
82.04
82.03
82.02
82.03
82.02
82.03
82.04
82.04
82.04
82.04
82.04
82.05
82.05
82.03
82.02
82.03
82.03
82.03
82.04
82.04
82.04
82.03
82.02
82.02
82.01
82.01
82.02
82.01
82.01
82.00
82.00
82.01
82.01
82.01
82.01
82.01
82.01
82.00
82.00
82.00
82.01
82.01
82.01
82.02
82.01
82.03
82.03
82.03
82.03
82.05
82.05
82.06
82.06
82.06
82.06
82.04
82.03
82.03
82.01
82.01
82.01
82.00
82.01
82.00
81.99
82.00
82.01
82.01
82.01
82.02
82.02
82.01
82.02
82.02
82.02
82.02
82.01
82.01
82.00
81.99
81.98
81.98
81.90
