89.06
88.28
83.85
83.59
83.12
84.90
85.49
83.98
84.38
84.22
83.81
84.24
83.89
83.59
83.44
83.79
83.82
84.03
83.88
83.91
84.00
84.09
83.90
83.85
83.62
83.65
83.62
83.59
83.51
83.44
83.47
83.35
83.43
83.18
83.08
83.03
83.07
83.10
82.89
82.89
83.04
83.00
82.96
82.92
82.95
83.05
82.98
83.01
82.88
82.88
82.84
82.87
82.87
82.93
82.98
82.92
82.87
82.84
82.73
82.76
82.68
82.74
82.74
82.81
82.84
82.93
82.81
82.93
83.02
83.01
82.94
82.92
82.90
82.79
82.83
82.83
82.83
82.83
82.75
82.75
82.60
82.58
82.55
82.57
82.56
82.50
82.51
82.49
82.37
82.41
82.31
82.20
82.19
82.28
82.25
82.28
82.30
82.24
82.31
82.31
82.33
82.32
82.31
82.27
82.25
82.27
82.26
82.32
82.34
82.34
82.32
82.30
82.26
82.21
82.19
82.22
82.17
82.11
82.12
82.11
82.14
82.21
82.15
82.14
82.15
82.20
82.23
82.23
82.18
82.15
82.06
82.00
81.98
82.01
82.00
81.96
81.99
81.97
81.99
81.99
81.94
81.94
81.95
81.93
81.96
81.97
81.97
81.97
82.03
81.99
82.01
81.97
81.95
81.95
82.00
81.98
81.98
81.98
82.03
82.00
82.03
82.03
82.04
82.06
82.09
82.09
82.13
82.17
82.16
82.17
82.15
82.17
82.14
82.19
82.25
82.25
82.25
82.25
82.24
82.24
82.23
82.19
82.16
82.21
82.21
82.19
82.17
82.16
82.17
82.20
82.14
82.17
82.11
82.07
82.06
82.09
82.11
82.10
82.11
82.16
82.18
82.17
82.10
82.10
82.08
82.08
82.07
82.05
82.08
82.05
82.04
82.04
82.04
82.03
82.05
82.05
82.03
82.07
82.06
82.05
82.03
82.01
82.01
82.01
82.01
82.03
82.03
82.01
82.01
82.00
82.03
82.06
82.05
82.05
82.08
82.09
82.10
82.10
82.08
82.08
82.09
82.08
82.09
82.07
82.07
82.09
82.11
82.14
82.13
82.14
82.14
82.15
82.14
82.14
82.13
82.12
82.13
82.12
82.08
82.05
82.03
82.04
82.05
82.05
82.03
82.03
82.03
82.03
82.03
82.05
82.07
82.07
82.09
82.08
82.08
82.08
82.07
82.09
82.11
82.09
82.08
82.09
82.11
82.12
82.11
82.07
82.05
82.05
82.05
82.02
82.01
81.99
81.99
81.99
82.00
81.99
82.03
82.02
82.01
82.01
81.99
81.97
81.97
81.95
81.96
81.98
81.98
82.00
82.00
81.99
81.95
81.95
81.94
81.96
81.94
81.94
81.95
81.95
81.95
81.95
81.96
81.96
81.95
81.94
81.95
81.96
81.96
81.98
81.98
82.00
81.98
81.99
82.00
82.00
82.01
82.03
82.04
82.04
82.04
82.03
82.00
81.99
81.97
81.94
81.95
81.97
81.94
81.95
81.94
81.95
81.97
81.99
81.99
82.00
82.00
82.00
82.02
82.04
82.05
82.07
82.07
82.08
82.09
82.09
82.11
82.11
82.11
82.12
82.13
82.14
82.13
82.12
82.13
82.14
82.15
82.14
82.14
82.16
82.17
82.16
82.16
82.16
82.15
82.14
82.15
82.15
82.15
82.14
82.17
82.14
82.15
82.14
82.12
82.11
82.08
82.07
82.06
82.05
82.03
82.03
82.03
82.04
82.03
82.04
82.02
82.03
82.04
82.03
82.03
82.02
82.00
82.01
82.01
82.02
82.04
82.04
82.05
82.05
82.05
82.03
82.02
82.03
82.03
82.01
82.01
81.99
81.99
81.99
82.00
82.02
82.01
82.01
82.00
81.99
81.99
81.99
81.98
81.98
81.96
81.97
81.97
81.97
81.98
81.98
81.99
81.98
81.98
81.99
81.97
81.96
81.96
81.96
81.94
81.95
81.95
81.95
81.96
81.99
82.00
82.00
82.00
81.99
82.01
82.00
82.01
81.99
81.98
81.99
81.97
81.98
81.98
81.98
81.99
81.97
81.97
81.99
82.00
81.98
81.97
81.98
81.96
81.96
81.97
81.95
81.94
81.94
81.91
81.92
81.92
81.92
81.92
81.92
81.91
81.92
81.93
81.91
81.93
81.93
81.95
81.94
81.95
81.96
81.95
81.95
81.95
81.96
81.96
81.97
81.98
81.97
81.98
81.98
81.98
81.99
81.99
81.99
82.01
82.00
82.00
82.00
82.01
82.00
82.01
82.02
82.02
82.01
82.02
82.03
82.04
82.03
82.05
82.04
82.04
82.04
82.05
82.04
82.04
82.03
82.02
82.01
82.00
81.99
81.98
81.98
81.99
81.99
81.97
81.95
81.95
81.95
81.95
81.94
81.94
81.94
81.93
81.93
81.92
81.92
81.91
81.93
81.94
81.94
81.94
81.93
81.92
81.92
81.92
81.90
81.91
81.90
81.90
81.88
81.89
81.89
81.89
81.89
81.90
81.89
81.89
81.89
81.89
81.91
81.90
81.91
81.90
81.90
81.90
81.91
81.90
81.90
81.90
81.90
81.90
81.91
81.90
81.91
81.91
81.92
81.93
81.93
81.92
81.92
81.90
81.90
81.89
81.89
81.90
81.88
81.90
81.91
81.92
81.91
81.92
81.91
81.91
81.90
81.90
81.90
81.92
81.92
81.92
81.91
81.91
81.92
81.91
81.91
81.90
81.91
81.91
81.90
81.90
81.90
81.88
81.89
81.87
81.87
81.86
81.85
81.85
81.86
81.86
81.84
81.84
81.84
81.84
81.85
81.86
81.84
81.84
81.85
81.86
81.85
81.86
81.87
81.88
81.88
81.86
81.87
81.86
81.86
81.86
81.87
81.87
81.87
81.87
81.87
81.88
81.87
81.87
81.88
81.88
81.89
81.89
81.89
81.89
81.90
81.89
81.90
81.89
81.90
81.90
81.90
81.90
81.90
81.90
81.90
81.91
81.91
81.90
81.90
81.91
81.90
81.89
81.89
81.89
81.89
81.89
81.90
81.89
81.90
81.89
81.90
81.90
81.90
81.90
81.90
81.90
81.90
81.90
81.91
81.91
81.90
81.91
81.91
81.92
81.92
81.91
81.92
81.92
81.91
81.91
81.91
81.91
81.92
81.92
81.92
81.92
81.92
81.94
81.93
81.93
81.92
81.93
81.94
81.93
81.92
81.92
81.92
81.92
81.92
81.91
81.91
81.91
81.91
81.91
81.91
81.90
81.92
81.93
81.93
81.92
81.92
81.93
81.93
81.94
81.93
81.94
81.94
81.94
81.94
81.94
81.95
81.95
81.95
81.96
81.96
81.96
81.96
81.96
81.96
81.96
81.95
81.96
81.96
81.96
81.96
81.97
81.98
81.97
81.98
81.97
81.89
