82.81
78.12
79.69
82.03
82.19
82.03
82.81
82.62
82.47
82.81
82.67
81.77
82.09
81.58
81.25
80.86
81.16
81.16
81.58
81.72
81.85
81.46
81.11
81.12
81.12
81.07
81.25
81.08
81.03
81.25
81.05
81.25
81.39
81.16
81.29
81.51
81.55
81.50
81.53
81.45
81.33
81.32
81.54
81.64
81.70
81.83
81.75
81.74
81.92
82.12
82.11
82.00
81.93
81.71
81.85
81.86
81.77
81.73
81.46
81.43
81.61
81.65
81.52
81.62
81.56
81.61
81.69
81.59
81.61
81.67
81.73
81.90
81.83
81.78
81.73
81.72
81.80
81.73
81.65
81.72
81.69
81.76
81.70
81.79
81.80
81.80
81.82
81.73
81.64
81.67
81.64
81.69
81.65
81.67
81.69
81.61
81.54
81.58
81.60
81.70
81.73
81.79
81.75
81.75
81.83
81.88
81.89
81.84
81.75
81.82
81.74
81.78
81.75
81.76
81.78
81.82
81.85
81.93
81.91
81.94
81.90
81.93
81.92
81.89
81.84
81.82
81.82
81.82
81.77
81.80
81.83
81.83
81.85
81.87
81.84
81.84
81.84
81.78
81.70
81.70
81.69
81.65
81.70
81.71
81.70
81.69
81.72
81.73
81.69
81.72
81.72
81.68
81.74
81.75
81.75
81.77
81.77
81.73
81.72
81.76
81.71
81.72
81.69
81.75
81.73
81.78
81.78
81.79
81.80
81.77
81.77
81.77
81.73
81.72
81.74
81.75
81.74
81.76
81.75
81.70
81.69
81.69
81.69
81.73
81.74
81.71
81.72
81.76
81.79
81.82
81.80
81.75
81.74
81.75
81.76
81.78
81.77
81.74
81.72
81.75
81.77
81.77
81.76
81.74
81.73
81.72
81.71
81.73
81.74
81.76
81.79
81.77
81.79
81.80
81.76
81.75
81.73
81.72
81.69
81.71
81.69
81.69
81.71
81.72
81.72
81.73
81.73
81.75
81.76
81.77
81.77
81.76
81.73
81.74
81.73
81.75
81.73
81.74
81.71
81.67
81.66
81.68
81.69
81.70
81.68
81.68
81.69
81.70
81.73
81.72
81.70
81.69
81.73
81.71
81.71
81.68
81.70
81.69
81.70
81.72
81.72
81.76
81.74
81.74
81.76
81.77
81.76
81.76
81.78
81.79
81.82
81.84
81.83
81.81
81.82
81.82
81.81
81.82
81.80
81.79
81.80
81.80
81.81
81.82
81.84
81.85
81.85
81.86
81.85
81.85
81.86
81.86
81.86
81.85
81.84
81.86
81.87
81.88
81.87
81.86
81.86
81.87
81.89
81.90
81.91
81.91
81.93
81.91
81.95
81.94
81.92
81.92
81.92
81.92
81.93
81.93
81.94
81.92
81.93
81.93
81.95
81.94
81.95
81.94
81.94
81.94
81.94
81.93
81.90
81.87
81.88
81.90
81.91
81.90
81.89
81.88
81.86
81.86
81.88
81.90
81.87
81.86
81.89
81.89
81.90
81.91
81.88
81.88
81.87
81.85
81.84
81.85
81.86
81.87
81.85
81.84
81.85
81.85
81.86
81.88
81.86
81.85
81.84
81.82
81.82
81.82
81.81
81.81
81.80
81.79
81.78
81.78
81.79
81.80
81.80
81.81
81.83
81.85
81.85
81.85
81.85
81.84
81.85
81.82
81.83
81.84
81.85
81.84
81.82
81.80
81.78
81.77
81.75
81.77
81.76
81.76
81.75
81.76
81.77
81.78
81.77
81.79
81.79
81.78
81.77
81.77
81.72
81.72
81.71
81.71
81.73
81.72
81.72
81.71
81.71
81.71
81.70
81.70
81.72
81.72
81.73
81.74
81.72
81.73
81.75
81.74
81.74
81.74
81.75
81.76
81.76
81.77
81.78
81.76
81.75
81.75
81.76
81.72
81.71
81.72
81.74
81.73
81.73
81.70
81.70
81.70
81.70
81.70
81.71
81.70
81.70
81.71
81.71
81.70
81.70
81.71
81.70
81.69
81.69
81.69
81.70
81.72
81.71
81.70
81.72
81.71
81.70
81.69
81.70
81.69
81.70
81.69
81.71
81.71
81.71
81.71
81.70
81.71
81.72
81.72
81.72
81.70
81.68
81.70
81.69
81.70
81.71
81.71
81.70
81.70
81.71
81.72
81.72
81.74
81.74
81.75
81.76
81.77
81.77
81.76
81.76
81.75
81.75
81.76
81.76
81.75
81.75
81.75
81.75
81.76
81.77
81.76
81.75
81.76
81.74
81.73
81.73
81.73
81.74
81.73
81.74
81.74
81.75
81.76
81.75
81.75
81.75
81.75
81.77
81.75
81.76
81.77
81.76
81.76
81.76
81.77
81.77
81.76
81.76
81.78
81.78
81.77
81.76
81.76
81.76
81.77
81.76
81.75
81.76
81.75
81.77
81.77
81.78
81.78
81.77
81.76
81.77
81.78
81.78
81.79
81.79
81.79
81.79
81.80
81.80
81.80
81.80
81.81
81.81
81.81
81.82
81.82
81.82
81.83
81.83
81.84
81.86
81.85
81.84
81.85
81.86
81.86
81.85
81.86
81.86
81.85
81.84
81.82
81.82
81.81
81.81
81.80
81.81
81.82
81.83
81.83
81.83
81.83
81.84
81.84
81.83
81.84
81.83
81.82
81.82
81.81
81.81
81.81
81.80
81.80
81.80
81.79
81.79
81.79
81.79
81.79
81.79
81.80
81.81
81.80
81.80
81.79
81.79
81.80
81.80
81.81
81.80
81.80
81.79
81.77
81.77
81.78
81.79
81.79
81.79
81.78
81.78
81.78
81.77
81.76
81.75
81.75
81.74
81.74
81.74
81.75
81.76
81.74
81.75
81.74
81.75
81.75
81.75
81.74
81.75
81.75
81.74
81.74
81.73
81.73
81.72
81.73
81.73
81.74
81.74
81.75
81.74
81.75
81.75
81.73
81.73
81.72
81.73
81.72
81.72
81.72
81.73
81.73
81.74
81.73
81.73
81.74
81.74
81.74
81.73
81.73
81.72
81.71
81.70
81.71
81.70
81.71
81.71
81.72
81.72
81.72
81.71
81.71
81.71
81.71
81.72
81.72
81.73
81.72
81.72
81.73
81.73
81.72
81.74
81.74
81.75
81.76
81.75
81.75
81.75
81.75
81.76
81.75
81.76
81.75
81.76
81.77
81.77
81.77
81.77
81.78
81.78
81.78
81.76
81.76
81.75
81.75
81.76
81.76
81.76
81.76
81.76
81.76
81.76
81.76
81.76
81.77
81.77
81.76
81.76
81.77
81.75
81.74
81.73
81.72
81.71
81.71
81.71
81.70
81.70
81.70
81.70
81.70
81.71
81.71
81.71
81.71
81.71
81.72
81.73
81.72
81.73
81.74
81.73
81.73
81.73
81.73
81.72
81.73
81.73
81.73
81.72
81.72
81.72
81.71
81.72
81.64
