79.69
78.91
79.17
80.47
80.62
79.95
79.69
78.91
77.60
78.12
77.70
77.86
78.12
78.46
77.92
78.03
78.58
78.47
78.62
78.67
78.72
78.91
78.87
79.23
79.25
79.33
79.57
79.30
79.42
79.43
79.69
79.93
79.88
79.92
80.00
80.12
80.03
79.98
79.81
79.73
79.92
80.02
80.23
80.29
80.49
80.40
80.45
80.34
80.36
80.34
80.30
80.38
80.13
80.12
80.11
80.19
80.26
80.31
80.43
80.57
80.56
80.57
80.63
80.64
80.70
80.75
80.83
80.77
80.82
80.94
80.94
80.92
80.91
80.98
80.98
80.96
81.01
80.87
80.89
80.90
80.86
80.85
80.85
80.84
80.88
80.92
80.94
81.02
81.04
81.02
80.96
80.96
80.96
80.95
80.99
80.99
81.02
81.03
81.09
81.05
81.00
81.07
81.07
81.07
81.12
81.07
81.07
81.06
81.11
81.18
81.19
81.19
81.22
81.24
81.32
81.40
81.49
81.54
81.49
81.52
81.57
81.56
81.47
81.50
81.45
81.47
81.42
81.46
81.46
81.44
81.49
81.50
81.51
81.53
81.59
81.56
81.51
81.49
81.52
81.57
81.60
81.55
81.61
81.58
81.49
81.47
81.51
81.50
81.45
81.47
81.48
81.46
81.46
81.45
81.45
81.45
81.41
81.40
81.37
81.36
81.36
81.39
81.38
81.36
81.35
81.38
81.41
81.40
81.39
81.37
81.39
81.40
81.40
81.45
81.42
81.43
81.41
81.43
81.42
81.45
81.44
81.42
81.44
81.48
81.51
81.49
81.53
81.55
81.56
81.57
81.59
81.59
81.61
81.59
81.59
81.62
81.61
81.64
81.65
81.61
81.64
81.60
81.60
81.56
81.60
81.58
81.57
81.57
81.58
81.58
81.56
81.57
81.55
81.57
81.59
81.56
81.56
81.58
81.56
81.55
81.56
81.55
81.58
81.53
81.52
81.53
81.52
81.55
81.55
81.53
81.57
81.59
81.59
81.62
81.65
81.64
81.67
81.66
81.67
81.67
81.68
81.66
81.66
81.63
81.63
81.64
81.62
81.62
81.60
81.59
81.59
81.59
81.58
81.57
81.57
81.57
81.58
81.59
81.58
81.57
81.59
81.55
81.59
81.62
81.60
81.64
81.63
81.62
81.62
81.64
81.65
81.65
81.65
81.64
81.64
81.63
81.64
81.64
81.68
81.66
81.63
81.63
81.62
81.62
81.62
81.62
81.63
81.61
81.62
81.61
81.64
81.63
81.62
81.61
81.60
81.60
81.61
81.61
81.61
81.61
81.62
81.61
81.61
81.60
81.62
81.64
81.66
81.66
81.67
81.72
81.72
81.73
81.70
81.71
81.73
81.76
81.75
81.76
81.74
81.74
81.73
81.73
81.70
81.72
81.73
81.71
81.72
81.75
81.72
81.71
81.71
81.71
81.70
81.69
81.68
81.71
81.73
81.72
81.71
81.72
81.74
81.74
81.74
81.75
81.77
81.81
81.80
81.81
81.82
81.82
81.85
81.82
81.82
81.81
81.82
81.80
81.78
81.77
81.77
81.78
81.77
81.79
81.78
81.79
81.78
81.80
81.80
81.78
81.77
81.77
81.77
81.76
81.77
81.77
81.77
81.78
81.78
81.77
81.74
81.76
81.75
81.74
81.75
81.74
81.74
81.74
81.73
81.73
81.74
81.73
81.73
81.73
81.74
81.73
81.72
81.70
81.70
81.69
81.68
81.66
81.66
81.66
81.65
81.65
81.65
81.65
81.67
81.66
81.66
81.66
81.66
81.63
81.63
81.62
81.61
81.61
81.63
81.61
81.62
81.63
81.63
81.65
81.65
81.63
81.62
81.63
81.62
81.64
81.64
81.65
81.64
81.65
81.65
81.65
81.64
81.62
81.63
81.63
81.63
81.64
81.61
81.61
81.62
81.60
81.60
81.60
81.60
81.60
81.62
81.62
81.62
81.61
81.61
81.59
81.58
81.57
81.58
81.57
81.57
81.57
81.57
81.57
81.58
81.58
81.56
81.57
81.57
81.58
81.58
81.60
81.60
81.62
81.62
81.61
81.62
81.64
81.63
81.63
81.63
81.63
81.61
81.60
81.61
81.60
81.59
81.59
81.60
81.61
81.61
81.62
81.61
81.60
81.62
81.62
81.62
81.63
81.63
81.64
81.64
81.65
81.66
81.65
81.65
81.64
81.65
81.66
81.66
81.64
81.63
81.64
81.65
81.65
81.66
81.68
81.67
81.68
81.68
81.68
81.67
81.67
81.66
81.66
81.66
81.64
81.65
81.67
81.65
81.64
81.64
81.65
81.64
81.65
81.65
81.67
81.66
81.67
81.68
81.69
81.68
81.70
81.71
81.70
81.69
81.68
81.68
81.67
81.67
81.68
81.69
81.69
81.69
81.69
81.70
81.70
81.71
81.71
81.71
81.73
81.75
81.75
81.76
81.76
81.76
81.74
81.74
81.73
81.73
81.72
81.74
81.74
81.75
81.75
81.74
81.75
81.76
81.75
81.76
81.76
81.75
81.75
81.76
81.77
81.76
81.77
81.76
81.75
81.75
81.75
81.75
81.73
81.73
81.73
81.74
81.74
81.73
81.73
81.74
81.75
81.76
81.75
81.75
81.75
81.76
81.77
81.77
81.78
81.79
81.78
81.78
81.79
81.78
81.78
81.78
81.77
81.78
81.79
81.80
81.81
81.81
81.81
81.80
81.80
81.80
81.80
81.79
81.81
81.80
81.80
81.80
81.81
81.82
81.81
81.82
81.82
81.82
81.81
81.82
81.83
81.82
81.83
81.82
81.82
81.82
81.83
81.83
81.85
81.86
81.85
81.84
81.84
81.85
81.84
81.83
81.83
81.84
81.85
81.87
81.85
81.84
81.84
81.83
81.82
81.82
81.82
81.83
81.83
81.83
81.84
81.83
81.84
81.85
81.85
81.85
81.85
81.84
81.84
81.83
81.83
81.84
81.85
81.86
81.86
81.86
81.86
81.87
81.86
81.85
81.86
81.86
81.85
81.85
81.84
81.83
81.82
81.81
81.81
81.82
81.82
81.82
81.83
81.83
81.83
81.84
81.83
81.82
81.82
81.83
81.83
81.83
81.83
81.83
81.83
81.82
81.83
81.82
81.81
81.81
81.80
81.80
81.79
81.79
81.80
81.80
81.81
81.80
81.79
81.80
81.81
81.81
81.80
81.80
81.79
81.80
81.79
81.79
81.78
81.78
81.79
81.79
81.79
81.79
81.78
81.79
81.79
81.78
81.79
81.79
81.78
81.77
81.77
81.78
81.78
81.77
81.78
81.77
81.76
81.77
81.78
81.78
81.78
81.78
81.77
81.77
81.76
81.76
81.76
81.76
81.75
81.75
81.75
81.75
81.75
81.75
81.75
81.76
81.76
81.74
81.74
81.74
81.73
81.74
81.66
