76.56
78.12
79.69
77.34
77.19
77.08
78.12
78.12
78.82
78.91
79.40
79.43
80.29
80.36
80.62
80.37
80.15
80.21
80.26
80.55
79.99
79.97
80.23
80.14
80.50
80.35
80.50
80.47
80.55
80.57
80.14
80.37
80.49
80.61
80.58
80.51
80.45
80.80
80.89
80.94
80.98
80.88
80.74
80.75
80.66
80.74
80.88
80.86
80.77
80.78
80.94
80.92
80.90
80.87
80.80
80.83
80.87
80.85
80.93
80.96
80.94
81.05
81.05
81.08
81.08
81.11
81.09
81.14
81.16
81.27
81.14
81.21
81.14
81.14
81.15
81.15
81.21
81.19
81.19
81.11
81.08
81.19
81.10
81.18
81.25
81.25
81.34
81.36
81.43
81.39
81.39
81.44
81.45
81.40
81.50
81.49
81.44
81.41
81.46
81.50
81.51
81.59
81.48
81.49
81.53
81.52
81.48
81.52
81.54
81.55
81.59
81.56
81.57
81.57
81.55
81.52
81.48
81.42
81.37
81.34
81.39
81.38
81.36
81.38
81.38
81.36
81.34
81.35
81.41
81.43
81.42
81.44
81.44
81.46
81.53
81.53
81.51
81.54
81.56
81.56
81.57
81.60
81.64
81.60
81.57
81.58
81.63
81.62
81.56
81.58
81.60
81.62
81.60
81.61
81.63
81.67
81.67
81.72
81.78
81.78
81.74
81.75
81.70
81.74
81.73
81.73
81.75
81.81
81.79
81.76
81.79
81.84
81.88
81.89
81.87
81.80
81.83
81.89
81.89
81.90
81.89
81.91
81.92
81.97
81.96
81.92
81.91
81.93
81.90
81.87
81.88
81.90
81.91
81.89
81.91
81.94
81.92
81.98
81.94
81.92
81.87
81.86
81.90
81.93
81.98
81.96
81.95
81.94
81.94
81.97
81.92
81.94
81.90
81.93
81.95
81.92
81.91
81.90
81.91
81.92
81.94
81.89
81.87
81.89
81.84
81.85
81.85
81.83
81.83
81.83
81.86
81.86
81.88
81.85
81.86
81.88
81.88
81.89
81.90
81.91
81.94
81.97
81.96
81.95
81.93
81.94
81.90
81.90
81.92
81.91
81.92
81.93
81.91
81.90
81.89
81.89
81.85
81.86
81.86
81.84
81.85
81.89
81.90
81.92
81.94
81.94
81.93
81.95
81.94
81.94
81.91
81.90
81.88
81.88
81.87
81.90
81.89
81.87
81.90
81.89
81.90
81.91
81.91
81.93
81.95
81.95
81.91
81.89
81.88
81.88
81.87
81.89
81.89
81.88
81.89
81.90
81.88
81.86
81.88
81.89
81.87
81.88
81.87
81.89
81.89
81.88
81.87
81.85
81.83
81.84
81.87
81.86
81.86
81.87
81.86
81.87
81.87
81.90
81.92
81.90
81.91
81.92
81.92
81.91
81.92
81.92
81.91
81.90
81.93
81.92
81.91
81.94
81.95
81.96
81.95
81.95
81.94
81.93
81.94
81.95
81.96
81.96
81.98
81.98
81.97
81.96
81.95
81.97
81.95
81.96
81.95
81.92
81.92
81.91
81.93
81.93
81.92
81.93
81.92
81.92
81.95
81.96
81.98
81.98
81.98
81.99
82.00
81.98
81.98
81.95
81.97
81.96
81.97
81.97
81.99
82.01
82.00
81.99
81.97
81.98
82.00
82.00
81.97
81.99
82.00
81.98
81.98
81.97
82.00
81.98
81.99
81.99
81.99
81.96
81.95
81.95
81.93
81.92
81.91
81.91
81.90
81.88
81.89
81.88
81.88
81.91
81.90
81.91
81.91
81.93
81.95
81.97
81.97
81.99
81.98
82.00
82.00
81.99
82.00
81.99
82.00
82.01
82.01
82.02
82.04
82.04
82.04
82.03
82.05
82.06
82.07
82.09
82.09
82.08
82.06
82.08
82.08
82.07
82.07
82.07
82.06
82.06
82.07
82.09
82.10
82.09
82.08
82.09
82.08
82.09
82.08
82.07
82.07
82.08
82.07
82.08
82.08
82.07
82.06
82.07
82.05
82.04
82.04
82.02
82.04
82.03
82.01
82.01
82.00
82.02
81.99
82.00
81.98
81.97
81.97
81.98
81.98
82.00
82.00
81.99
81.98
81.98
81.98
81.99
81.99
82.00
81.99
81.99
82.00
82.00
81.99
82.00
82.00
82.01
81.99
82.01
82.00
82.02
82.00
82.01
82.01
82.02
82.00
81.99
82.00
82.02
82.01
82.01
82.00
81.99
81.98
81.99
82.01
82.01
82.01
82.02
82.03
82.02
82.03
82.02
82.02
82.02
82.00
82.00
81.98
81.97
81.98
81.98
81.98
81.96
81.95
81.95
81.95
81.96
81.97
81.98
81.98
82.00
82.00
82.00
82.00
81.99
81.98
81.97
81.98
81.99
81.98
81.97
81.97
81.97
81.96
81.97
81.98
81.98
81.98
81.99
82.00
82.00
82.00
82.01
82.00
81.98
81.98
81.98
81.99
82.00
82.01
82.02
82.01
82.00
81.98
81.98
81.98
81.97
81.97
81.96
81.96
81.97
81.94
81.93
81.93
81.93
81.92
81.92
81.93
81.91
81.90
81.90
81.90
81.89
81.90
81.88
81.89
81.88
81.90
81.90
81.90
81.90
81.90
81.89
81.91
81.91
81.92
81.93
81.93
81.95
81.95
81.95
81.95
81.95
81.95
81.95
81.95
81.96
81.96
81.94
81.95
81.95
81.96
81.96
81.95
81.94
81.92
81.92
81.91
81.90
81.90
81.89
81.90
81.90
81.90
81.90
81.91
81.92
81.92
81.91
81.91
81.91
81.91
81.92
81.91
81.91
81.90
81.90
81.90
81.90
81.89
81.89
81.87
81.87
81.86
81.87
81.86
81.87
81.87
81.88
81.87
81.87
81.86
81.87
81.87
81.86
81.85
81.85
81.84
81.83
81.83
81.83
81.84
81.84
81.85
81.86
81.86
81.85
81.85
81.86
81.87
81.87
81.88
81.89
81.90
81.90
81.90
81.91
81.90
81.89
81.89
81.89
81.89
81.89
81.88
81.88
81.87
81.88
81.88
81.88
81.89
81.88
81.88
81.88
81.89
81.89
81.89
81.90
81.90
81.90
81.91
81.90
81.89
81.89
81.89
81.89
81.89
81.89
81.89
81.90
81.90
81.91
81.90
81.90
81.89
81.90
81.91
81.92
81.93
81.93
81.94
81.93
81.91
81.91
81.91
81.90
81.90
81.91
81.89
81.89
81.89
81.90
81.91
81.90
81.90
81.90
81.90
81.91
81.90
81.89
81.89
81.89
81.90
81.91
81.91
81.90
81.91
81.92
81.92
81.91
81.90
81.90
81.90
81.90
81.91
81.90
81.91
81.91
81.90
81.91
81.92
81.93
81.93
81.93
81.92
81.92
81.93
81.94
81.95
81.95
81.95
81.95
81.96
81.96
81.97
81.90
