87.50
84.38
84.38
83.59
81.25
81.77
81.25
81.05
81.94
82.19
82.10
82.55
83.29
83.26
83.02
82.91
82.81
83.16
83.22
83.05
82.96
83.03
82.81
82.75
83.00
82.81
82.70
82.59
82.81
82.86
82.81
82.62
82.48
82.54
82.50
82.51
82.31
82.28
82.25
82.23
82.51
82.33
82.41
82.42
82.36
82.30
82.28
82.36
82.49
82.44
82.51
82.48
82.64
82.58
82.61
82.65
82.62
82.57
82.42
82.37
82.38
82.33
82.32
82.23
82.21
82.27
82.28
82.28
82.36
82.41
82.44
82.36
82.38
82.41
82.38
82.42
82.39
82.35
82.38
82.44
82.41
82.43
82.47
82.48
82.50
82.58
82.56
82.60
82.57
82.57
82.66
82.66
82.58
82.55
82.63
82.57
82.51
82.53
82.54
82.55
82.47
82.49
82.31
82.24
82.17
82.13
82.17
82.18
82.22
82.26
82.29
82.30
82.31
82.35
82.32
82.33
82.26
82.27
82.31
82.30
82.19
82.22
82.24
82.25
82.24
82.22
82.17
82.19
82.26
82.25
82.23
82.22
82.27
82.26
82.28
82.28
82.23
82.21
82.16
82.14
82.18
82.24
82.28
82.31
82.27
82.26
82.27
82.26
82.26
82.23
82.25
82.26
82.21
82.23
82.20
82.24
82.30
82.25
82.25
82.28
82.28
82.20
82.19
82.20
82.23
82.22
82.23
82.18
82.21
82.22
82.23
82.19
82.20
82.17
82.21
82.24
82.23
82.23
82.22
82.20
82.17
82.14
82.17
82.16
82.17
82.16
82.17
82.19
82.18
82.20
82.14
82.11
82.08
82.04
82.01
82.02
82.00
82.06
82.03
82.02
82.02
82.02
82.04
82.07
82.05
82.06
82.04
82.02
82.06
82.08
82.07
82.03
82.03
82.04
82.06
82.02
82.02
82.00
81.99
81.99
81.99
81.96
81.95
81.95
81.98
81.98
81.97
82.00
81.99
82.00
82.03
82.04
82.05
82.06
82.07
82.08
82.09
82.10
82.10
82.07
82.07
82.06
82.07
82.06
82.02
82.02
82.03
82.04
82.00
82.00
82.01
81.99
82.02
81.99
81.95
81.95
81.93
81.88
81.88
81.86
81.87
81.85
81.85
81.85
81.84
81.86
81.86
81.85
81.88
81.89
81.84
81.84
81.85
81.87
81.85
81.86
81.86
81.85
81.87
81.85
81.84
81.87
81.90
81.87
81.85
81.88
81.90
81.93
81.92
81.93
81.89
81.88
81.87
81.86
81.83
81.86
81.87
81.87
81.87
81.88
81.88
81.84
81.84
81.87
81.88
81.87
81.88
81.88
81.88
81.90
81.88
81.90
81.89
81.87
81.88
81.89
81.91
81.90
81.93
81.95
81.98
81.99
81.99
81.99
82.01
82.03
82.05
82.07
82.06
82.06
82.08
82.10
82.08
82.06
82.06
82.07
82.09
82.10
82.10
82.09
82.11
82.10
82.11
82.09
82.10
82.10
82.10
82.10
82.10
82.09
82.09
82.09
82.09
82.11
82.10
82.11
82.13
82.11
82.11
82.13
82.14
82.13
82.17
82.16
82.17
82.16
82.15
82.16
82.16
82.17
82.18
82.18
82.20
82.18
82.19
82.20
82.17
82.18
82.19
82.17
82.15
82.13
82.11
82.11
82.09
82.09
82.09
82.12
82.13
82.13
82.11
82.11
82.11
82.11
82.13
82.13
82.12
82.14
82.15
82.18
82.21
82.21
82.22
82.22
82.21
82.23
82.23
82.25
82.24
82.23
82.22
82.23
82.22
82.23
82.21
82.22
82.21
82.21
82.22
82.19
82.19
82.20
82.19
82.19
82.19
82.19
82.17
82.18
82.18
82.18
82.19
82.19
82.17
82.15
82.14
82.14
82.13
82.15
82.17
82.16
82.16
82.16
82.16
82.16
82.16
82.16
82.14
82.13
82.14
82.14
82.15
82.14
82.14
82.13
82.13
82.14
82.13
82.14
82.12
82.11
82.11
82.12
82.12
82.14
82.15
82.14
82.14
82.15
82.17
82.16
82.15
82.15
82.16
82.15
82.15
82.15
82.14
82.14
82.14
82.15
82.14
82.14
82.15
82.15
82.13
82.13
82.12
82.12
82.14
82.14
82.13
82.13
82.14
82.15
82.15
82.14
82.14
82.15
82.16
82.17
82.18
82.19
82.17
82.16
82.17
82.16
82.16
82.14
82.16
82.16
82.15
82.15
82.16
82.15
82.16
82.18
82.18
82.18
82.18
82.18
82.16
82.14
82.13
82.12
82.12
82.12
82.12
82.11
82.11
82.10
82.10
82.09
82.10
82.10
82.10
82.11
82.11
82.09
82.10
82.10
82.10
82.12
82.10
82.11
82.10
82.09
82.09
82.09
82.09
82.10
82.12
82.12
82.10
82.10
82.09
82.11
82.09
82.09
82.10
82.11
82.11
82.12
82.13
82.12
82.12
82.11
82.12
82.11
82.13
82.13
82.13
82.12
82.13
82.13
82.14
82.13
82.12
82.14
82.14
82.14
82.15
82.14
82.13
82.13
82.12
82.11
82.10
82.10
82.11
82.10
82.10
82.09
82.11
82.12
82.12
82.11
82.11
82.11
82.11
82.11
82.11
82.12
82.11
82.11
82.12
82.12
82.11
82.12
82.11
82.11
82.11
82.12
82.13
82.12
82.13
82.12
82.12
82.11
82.12
82.11
82.11
82.10
82.11
82.11
82.12
82.12
82.12
82.11
82.10
82.09
82.09
82.09
82.09
82.09
82.08
82.08
82.07
82.08
82.08
82.09
82.08
82.07
82.07
82.07
82.07
82.07
82.08
82.08
82.09
82.08
82.09
82.10
82.10
82.09
82.10
82.09
82.08
82.08
82.06
82.05
82.06
82.07
82.07
82.08
82.08
82.08
82.08
82.08
82.09
82.10
82.09
82.09
82.10
82.11
82.10
82.11
82.11
82.10
82.11
82.11
82.11
82.11
82.10
82.11
82.12
82.13
82.12
82.12
82.11
82.11
82.11
82.11
82.12
82.12
82.12
82.11
82.13
82.12
82.09
82.09
82.09
82.08
82.08
82.08
82.09
82.09
82.09
82.08
82.09
82.09
82.09
82.09
82.10
82.09
82.10
82.09
82.09
82.08
82.08
82.08
82.07
82.07
82.06
82.06
82.06
82.05
82.04
82.04
82.04
82.04
82.04
82.03
82.03
82.03
82.04
82.02
82.02
82.02
82.02
82.01
82.02
82.01
82.01
82.02
82.02
82.01
82.01
82.01
82.02
82.01
82.01
82.01
82.01
82.01
82.01
82.01
82.01
82.01
82.00
81.99
81.99
81.99
82.00
82.00
82.00
81.99
82.00
82.01
82.01
82.00
81.99
81.99
81.99
81.99
81.98
81.98
81.98
81.99
81.98
81.99
81.98
81.90
