85.94
79.69
80.21
82.03
83.75
83.33
84.15
83.01
82.64
81.72
81.11
81.51
81.49
81.81
81.77
81.54
81.80
81.77
82.40
82.27
82.29
82.46
82.61
82.42
82.25
82.33
82.41
82.31
82.27
82.29
82.26
82.13
82.43
82.72
82.72
82.68
82.73
82.73
82.73
82.62
82.58
82.55
82.56
82.56
82.71
82.61
82.45
82.42
82.21
82.06
82.08
82.03
82.08
81.97
82.05
82.17
82.24
82.27
82.34
82.37
82.33
82.23
82.19
82.01
82.04
82.01
82.00
81.99
82.09
82.03
82.06
82.05
82.04
81.97
81.85
81.87
82.02
82.09
82.04
81.91
81.89
81.90
81.89
82.01
81.99
82.01
81.95
81.89
81.90
81.88
81.83
81.84
81.89
81.82
81.81
81.88
81.91
81.89
81.91
81.83
81.85
81.74
81.78
81.75
81.80
81.78
81.76
81.76
81.81
81.80
81.86
81.91
81.93
81.94
82.00
81.96
81.98
81.91
81.92
81.93
81.95
81.98
82.01
82.02
82.04
82.04
82.07
82.06
82.06
82.14
82.13
82.15
82.17
82.16
82.12
82.09
82.04
82.03
82.07
82.06
82.07
82.10
82.10
82.10
82.06
82.03
82.04
82.03
82.01
81.99
81.97
81.99
81.98
81.95
82.01
82.00
81.99
81.94
81.92
81.94
81.91
81.92
81.90
81.86
81.86
81.87
81.88
81.92
81.89
81.89
81.94
81.91
81.87
81.87
81.86
81.83
81.86
81.86
81.83
81.83
81.85
81.84
81.86
81.86
81.86
81.86
81.85
81.88
81.89
81.91
81.91
81.96
81.92
81.93
81.90
81.89
81.91
81.89
81.89
81.89
81.86
81.88
81.87
81.86
81.88
81.85
81.85
81.84
81.83
81.87
81.83
81.85
81.86
81.83
81.85
81.86
81.83
81.83
81.82
81.82
81.83
81.81
81.81
81.82
81.79
81.81
81.79
81.81
81.81
81.80
81.78
81.76
81.79
81.78
81.78
81.76
81.74
81.74
81.74
81.77
81.78
81.75
81.73
81.72
81.68
81.68
81.69
81.67
81.70
81.71
81.70
81.72
81.74
81.69
81.70
81.70
81.71
81.73
81.71
81.71
81.72
81.71
81.70
81.74
81.75
81.76
81.78
81.78
81.80
81.79
81.80
81.82
81.82
81.82
81.85
81.84
81.83
81.85
81.85
81.88
81.90
81.93
81.95
81.94
81.94
81.95
81.96
81.93
81.94
81.94
81.93
81.90
81.91
81.88
81.89
81.89
81.86
81.83
81.83
81.81
81.82
81.81
81.84
81.84
81.84
81.84
81.85
81.85
81.87
81.87
81.87
81.89
81.90
81.91
81.90
81.92
81.88
81.86
81.89
81.90
81.90
81.89
81.89
81.89
81.87
81.88
81.88
81.89
81.87
81.86
81.89
81.87
81.87
81.86
81.84
81.85
81.83
81.81
81.84
81.86
81.85
81.87
81.86
81.86
81.87
81.89
81.89
81.89
81.87
81.87
81.89
81.88
81.89
81.89
81.88
81.88
81.91
81.90
81.90
81.89
81.87
81.85
81.86
81.84
81.82
81.84
81.84
81.83
81.85
81.84
81.85
81.86
81.87
81.87
81.87
81.87
81.88
81.89
81.89
81.90
81.91
81.90
81.88
81.87
81.86
81.87
81.87
81.88
81.87
81.89
81.90
81.89
81.87
81.88
81.88
81.87
81.89
81.89
81.89
81.88
81.89
81.90
81.89
81.90
81.88
81.86
81.87
81.87
81.85
81.86
81.87
81.87
81.88
81.88
81.87
81.89
81.89
81.85
81.86
81.86
81.86
81.86
81.85
81.86
81.86
81.85
81.86
81.87
81.88
81.89
81.89
81.88
81.90
81.91
81.90
81.91
81.92
81.91
81.92
81.92
81.93
81.94
81.92
81.93
81.93
81.94
81.94
81.94
81.96
81.95
81.96
81.97
81.93
81.92
81.91
81.91
81.92
81.92
81.95
81.97
81.97
81.96
81.91
81.91
81.90
81.90
81.90
81.91
81.92
81.91
81.91
81.91
81.90
81.91
81.91
81.92
81.92
81.93
81.95
81.95
81.94
81.95
81.95
81.96
81.97
81.97
81.98
81.98
81.97
81.96
81.96
81.97
81.96
81.97
81.98
81.97
81.97
81.97
81.95
81.93
81.94
81.93
81.94
81.95
81.96
81.95
81.96
81.96
81.96
81.95
81.94
81.94
81.95
81.94
81.93
81.93
81.94
81.95
81.96
81.96
81.97
81.97
81.98
81.99
81.98
81.97
81.97
81.96
81.96
81.97
81.96
81.96
81.97
81.96
81.96
81.96
81.96
81.97
81.97
81.96
81.95
81.96
81.97
81.96
81.96
81.97
81.98
81.98
81.98
81.99
82.00
82.00
82.00
81.99
81.99
81.99
81.98
81.99
81.99
81.99
82.00
82.00
82.00
82.00
82.02
82.00
81.99
81.98
81.98
81.98
81.98
81.98
81.98
81.98
81.99
81.99
81.98
81.96
81.97
81.97
81.97
81.96
81.95
81.96
81.95
81.96
81.97
81.96
81.95
81.95
81.94
81.95
81.95
81.96
81.95
81.94
81.94
81.93
81.93
81.93
81.93
81.93
81.93
81.93
81.92
81.92
81.93
81.92
81.92
81.93
81.93
81.93
81.94
81.92
81.92
81.92
81.90
81.90
81.90
81.90
81.89
81.90
81.89
81.90
81.90
81.90
81.89
81.90
81.90
81.89
81.89
81.90
81.91
81.91
81.91
81.92
81.92
81.93
81.92
81.91
81.92
81.92
81.92
81.93
81.93
81.94
81.94
81.95
81.95
81.95
81.96
81.97
81.97
81.98
81.97
81.97
81.97
81.97
81.96
81.94
81.94
81.94
81.93
81.93
81.94
81.94
81.94
81.95
81.95
81.94
81.95
81.94
81.94
81.95
81.95
81.94
81.94
81.94
81.94
81.94
81.93
81.93
81.94
81.93
81.94
81.93
81.94
81.94
81.94
81.93
81.93
81.93
81.92
81.92
81.93
81.92
81.92
81.91
81.92
81.92
81.93
81.94
81.94
81.94
81.94
81.94
81.94
81.94
81.93
81.92
81.92
81.91
81.91
81.91
81.89
81.90
81.89
81.89
81.89
81.88
81.88
81.88
81.88
81.87
81.89
81.89
81.88
81.88
81.88
81.89
81.89
81.89
81.90
81.90
81.90
81.90
81.89
81.89
81.89
81.89
81.89
81.88
81.88
81.89
81.89
81.89
81.89
81.89
81.87
81.87
81.87
81.87
81.87
81.87
81.87
81.87
81.86
81.86
81.86
81.87
81.85
81.85
81.84
81.83
81.84
81.83
81.84
81.84
81.86
81.86
81.86
81.87
81.87
81.87
81.88
81.88
81.88
81.88
