87.50
87.50
86.46
84.38
84.69
83.07
84.82
84.96
84.38
83.91
83.52
82.81
82.81
83.15
83.23
82.52
82.35
82.64
82.40
82.73
82.66
82.24
82.07
82.42
82.44
81.97
81.89
82.14
82.11
82.14
82.06
82.03
82.34
82.58
82.32
82.29
82.35
82.24
82.37
82.42
82.43
82.44
82.38
82.42
82.40
82.17
82.28
82.39
82.40
82.22
82.32
82.33
82.40
82.35
82.24
82.34
82.35
82.19
82.10
82.24
82.25
82.33
82.27
82.28
82.26
82.27
82.23
82.26
82.29
82.32
82.37
82.38
82.41
82.39
82.38
82.32
82.33
82.33
82.34
82.32
82.37
82.43
82.47
82.44
82.41
82.39
82.27
82.21
82.20
82.19
82.16
82.17
82.16
82.13
82.07
82.08
82.04
82.08
82.13
82.14
82.09
82.06
82.04
82.11
82.11
82.09
82.08
82.07
82.07
82.07
82.12
82.20
82.23
82.26
82.28
82.31
82.33
82.36
82.43
82.46
82.54
82.47
82.41
82.46
82.42
82.32
82.30
82.35
82.39
82.38
82.34
82.34
82.31
82.36
82.29
82.20
82.15
82.16
82.17
82.21
82.18
82.19
82.20
82.17
82.14
82.17
82.19
82.16
82.13
82.15
82.10
82.10
82.14
82.15
82.16
82.15
82.13
82.12
82.12
82.19
82.14
82.12
82.13
82.08
82.08
82.06
82.10
82.11
82.17
82.17
82.16
82.21
82.21
82.22
82.23
82.28
82.26
82.26
82.22
82.21
82.19
82.17
82.19
82.24
82.26
82.27
82.28
82.31
82.33
82.32
82.31
82.32
82.35
82.40
82.40
82.41
82.42
82.38
82.40
82.41
82.43
82.42
82.44
82.42
82.37
82.40
82.40
82.39
82.36
82.36
82.38
82.37
82.38
82.39
82.41
82.41
82.34
82.34
82.37
82.34
82.37
82.37
82.37
82.39
82.41
82.40
82.41
82.41
82.43
82.44
82.43
82.42
82.44
82.44
82.43
82.43
82.41
82.39
82.37
82.36
82.33
82.35
82.34
82.31
82.30
82.29
82.33
82.32
82.34
82.31
82.31
82.31
82.29
82.28
82.26
82.27
82.27
82.27
82.25
82.25
82.26
82.26
82.26
82.23
82.21
82.21
82.19
82.19
82.16
82.17
82.15
82.15
82.12
82.13
82.12
82.13
82.10
82.15
82.15
82.15
82.14
82.13
82.13
82.13
82.12
82.10
82.08
82.08
82.08
82.06
82.06
82.08
82.08
82.06
82.10
82.10
82.09
82.09
82.07
82.06
82.03
82.03
82.01
82.00
82.02
82.01
82.00
82.01
82.03
82.02
82.03
82.03
82.02
82.01
82.01
82.00
81.99
82.00
81.98
81.97
82.01
82.02
82.00
82.02
82.02
82.03
82.02
82.01
82.01
82.01
82.00
82.02
81.98
81.98
81.99
81.99
82.01
81.99
81.98
81.98
81.97
81.98
81.99
82.01
82.03
82.03
82.04
82.06
82.06
82.07
82.05
82.07
82.06
82.06
82.06
82.09
82.10
82.09
82.10
82.11
82.13
82.13
82.12
82.12
82.13
82.10
82.11
82.11
82.12
82.13
82.12
82.13
82.14
82.12
82.12
82.10
82.08
82.10
82.10
82.10
82.11
82.10
82.09
82.09
82.09
82.10
82.10
82.10
82.09
82.09
82.10
82.11
82.13
82.13
82.12
82.11
82.12
82.11
82.13
82.12
82.14
82.17
82.15
82.15
82.15
82.17
82.16
82.15
82.14
82.12
82.12
82.13
82.11
82.10
82.10
82.07
82.04
82.05
82.06
82.05
82.06
82.07
82.05
82.05
82.06
82.05
82.06
82.06
82.06
82.05
82.05
82.05
82.06
82.06
82.06
82.07
82.09
82.09
82.08
82.09
82.09
82.10
82.10
82.13
82.12
82.11
82.09
82.08
82.08
82.08
82.09
