76.56
81.25
80.73
82.81
82.81
80.73
81.25
82.23
82.47
82.34
82.39
83.20
83.29
83.26
83.33
82.71
82.72
82.55
82.24
82.03
81.85
81.82
81.66
81.58
81.69
81.67
81.54
81.64
81.52
81.77
81.96
81.98
82.01
81.76
81.83
81.86
81.80
81.74
81.73
81.52
81.48
81.44
81.40
81.50
81.53
81.66
81.72
81.64
81.76
81.88
81.86
81.94
82.05
82.09
82.05
82.06
82.21
82.17
82.18
82.08
82.02
81.91
81.94
81.88
81.95
81.98
82.02
82.01
82.02
81.96
81.98
81.90
81.87
81.84
81.77
81.64
81.78
81.79
81.84
81.86
81.79
81.75
81.66
81.70
81.62
81.56
81.54
81.45
81.44
81.48
81.46
81.45
81.43
81.48
81.41
81.41
81.46
81.54
81.41
81.47
81.51
81.53
81.57
81.57
81.56
81.63
81.73
81.83
81.82
81.82
81.77
81.84
81.80
81.80
81.79
81.86
81.86
81.89
81.93
81.93
81.96
81.97
81.96
82.01
82.01
81.94
81.99
81.98
81.99
82.01
81.99
82.00
82.00
82.05
82.01
82.01
82.03
81.99
82.00
82.02
82.05
82.04
82.01
82.00
82.08
82.04
82.03
82.01
81.97
81.99
82.01
82.01
81.98
81.97
81.92
81.91
81.93
81.94
81.98
81.98
81.98
81.95
81.92
81.87
81.90
81.96
81.97
81.94
81.92
81.90
81.92
81.91
81.92
81.91
81.94
81.93
81.94
81.92
81.88
81.86
81.82
81.84
81.83
81.83
81.83
81.84
81.86
81.88
81.91
81.89
81.90
81.91
81.92
81.89
81.90
81.86
81.85
81.82
81.82
81.84
81.83
81.82
81.84
81.82
81.87
81.91
81.91
81.93
81.98
81.96
81.92
81.91
81.90
81.89
81.92
81.89
81.89
81.90
81.84
81.80
81.79
81.79
81.79
81.77
81.74
81.75
81.75
81.77
81.73
81.72
81.74
81.76
81.75
81.73
81.75
81.76
81.80
81.83
81.86
81.84
81.80
81.84
81.81
81.84
81.80
81.83
81.84
81.85
81.85
81.86
81.86
81.83
81.87
81.90
81.89
81.88
81.88
81.87
81.89
81.86
81.87
81.83
81.84
81.82
81.83
81.82
81.82
81.80
81.79
81.79
81.80
81.81
81.81
81.79
81.78
81.78
81.80
81.81
81.82
81.81
81.81
81.81
81.82
81.81
81.81
81.80
81.82
81.82
81.79
81.77
81.75
81.76
81.78
81.77
81.77
81.73
81.74
81.74
81.75
81.76
81.74
81.72
81.72
81.74
81.74
81.76
81.76
81.77
81.76
81.78
81.78
81.77
81.77
81.79
81.79
81.78
81.80
81.81
81.79
81.81
81.80
81.84
81.86
81.82
81.85
81.85
81.87
81.87
81.85
81.87
81.85
81.85
81.85
81.84
81.82
81.82
81.81
81.80
81.79
81.77
81.77
81.75
81.76
81.76
81.78
81.78
81.77
81.75
81.74
81.75
81.75
81.76
81.75
81.76
81.75
81.75
81.73
81.74
81.72
81.71
81.71
81.69
81.72
81.72
81.72
81.72
81.73
81.73
81.72
81.73
81.70
81.72
81.72
81.71
81.70
81.72
81.70
81.71
81.71
81.73
81.71
81.72
81.72
81.70
81.70
81.70
81.71
81.70
81.69
81.70
81.71
81.70
81.71
81.71
81.70
81.70
81.68
81.70
81.71
81.71
81.71
81.71
81.73
81.73
81.72
81.75
81.74
81.74
81.74
81.75
81.77
81.77
81.78
81.77
81.75
81.74
81.73
81.72
81.72
81.73
81.73
81.72
81.71
81.71
81.72
81.71
81.71
81.72
81.73
81.75
81.76
81.77
81.75
81.76
81.75
81.75
81.74
81.74
81.75
81.75
81.75
81.74
81.75
81.74
81.75
81.75
81.74
81.74
81.74
81.75
81.73
81.74
81.73
81.74
81.75
81.75
81.75
81.77
81.77
81.77
81.73
81.74
81.74
81.75
81.77
81.78
81.80
81.79
81.79
81.78
81.78
81.76
81.77
81.77
81.77
81.78
81.77
81.78
81.79
81.79
81.80
81.79
81.79
81.79
81.78
81.81
81.81
81.82
81.82
81.83
81.82
81.82
81.81
81.81
81.82
81.83
81.84
81.84
81.84
81.85
81.85
81.84
81.83
81.83
81.83
81.84
81.81
81.82
81.81
81.81
81.82
81.83
81.83
81.83
81.83
81.83
81.82
81.82
81.83
81.84
81.84
81.86
81.87
81.86
81.86
81.84
81.85
81.86
81.85
81.84
81.82
81.81
81.82
81.83
81.84
81.84
81.83
81.82
81.83
81.84
81.83
81.81
81.80
81.82
81.82
81.82
81.81
81.81
81.81
81.82
81.83
81.84
81.84
81.84
81.84
81.85
81.84
81.85
81.85
81.86
81.87
81.88
81.87
81.88
81.87
81.87
81.88
81.89
81.88
81.89
81.88
81.88
81.89
81.90
81.91
81.90
81.90
81.91
81.92
81.92
81.93
81.92
81.92
81.92
81.92
81.90
81.90
81.91
81.91
81.90
81.89
81.88
81.86
81.86
81.85
81.85
81.86
81.86
81.87
81.87
81.86
81.87
81.87
81.87
81.86
81.86
81.87
81.85
81.86
81.85
81.85
81.86
81.86
81.87
81.88
81.88
81.87
81.86
81.87
81.88
81.88
81.88
81.88
81.89
81.89
81.89
81.89
81.89
81.89
81.90
81.91
81.89
81.89
81.90
81.89
81.89
81.91
81.90
81.90
81.89
81.90
81.89
81.90
81.89
81.90
81.90
81.90
81.90
81.90
81.90
81.91
81.90
81.92
81.93
81.93
81.93
81.93
81.93
81.93
81.93
81.93
81.94
81.94
81.94
81.93
81.93
81.92
81.92
81.91
81.92
81.92
81.92
81.93
81.94
81.94
81.93
81.93
81.92
81.92
81.93
81.93
81.93
81.93
81.93
81.92
81.91
81.91
81.92
81.92
81.93
81.92
81.93
81.94
81.93
81.94
81.93
81.92
81.92
81.93
81.93
81.93
81.94
81.94
81.94
81.95
81.95
81.95
81.94
81.95
81.95
81.96
81.96
81.96
81.96
81.96
81.96
81.97
81.98
81.99
81.98
81.98
81.99
81.97
81.98
81.98
81.97
81.98
81.98
81.98
81.98
81.98
81.98
81.99
81.97
81.97
81.97
81.97
81.98
81.99
82.00
81.99
81.99
81.99
82.00
81.99
81.99
81.99
81.99
81.99
82.00
81.99
81.99
81.99
81.99
82.00
82.01
82.01
82.01
82.02
82.01
82.01
82.01
82.00
82.00
82.00
82.00
82.00
82.00
82.00
82.00
81.99
81.99
81.99
81.99
81.99
81.99
81.97
81.97
81.96
81.96
81.97
81.89
