78.12
74.22
77.08
78.91
78.75
78.12
79.46
80.27
80.38
79.84
79.12
79.56
80.17
80.36
80.73
81.25
81.43
81.68
82.15
82.03
81.92
81.68
81.66
81.77
81.88
81.85
81.71
81.75
81.95
81.98
81.85
81.74
81.53
81.62
81.61
81.55
81.50
81.33
81.57
81.52
81.52
81.44
81.43
81.43
81.49
81.49
81.48
81.58
81.51
81.47
81.50
81.43
81.54
81.51
81.34
81.31
81.25
81.17
81.22
81.15
81.07
81.15
81.10
81.18
81.18
81.23
81.37
81.30
81.41
81.47
81.56
81.53
81.55
81.63
81.65
81.74
81.74
81.67
81.70
81.60
81.66
81.69
81.68
81.62
81.54
81.49
81.50
81.48
81.51
81.51
81.58
81.66
81.64
81.53
81.48
81.53
81.64
81.54
81.53
81.58
81.50
81.53
81.54
81.52
81.44
81.50
81.48
81.45
81.51
81.51
81.50
81.46
81.51
81.54
81.48
81.44
81.46
81.42
81.46
81.48
81.57
81.63
81.64
81.68
81.70
81.63
81.72
81.69
81.72
81.77
81.73
81.76
81.74
81.77
81.77
81.77
81.82
81.82
81.87
81.86
81.87
81.86
81.87
81.85
81.84
81.85
81.88
81.89
81.95
81.99
82.02
81.97
82.05
82.08
82.13
82.09
82.07
82.03
82.00
82.00
82.04
82.02
82.02
82.03
82.01
82.03
82.03
82.07
82.05
82.10
82.10
82.12
82.13
82.12
82.11
82.13
82.14
82.13
82.11
82.08
82.09
82.07
82.07
82.09
82.04
82.06
82.03
82.03
82.05
82.06
82.07
82.07
82.08
82.10
82.10
82.10
82.11
82.09
82.15
82.14
82.14
82.12
82.15
82.15
82.13
82.15
82.16
82.15
82.10
82.05
82.05
82.01
82.02
82.06
82.08
82.06
82.02
82.03
81.99
82.02
82.00
82.00
82.03
82.05
82.04
82.04
82.03
82.00
82.01
82.00
81.99
81.96
81.89
81.91
81.97
81.96
81.94
81.95
81.97
81.97
81.99
81.98
81.95
81.93
81.88
81.89
81.90
81.91
81.89
81.90
81.85
81.88
81.86
81.88
81.89
81.90
81.88
81.87
81.87
81.88
81.90
81.92
81.93
81.95
81.95
81.95
81.93
81.95
81.93
81.91
81.91
81.92
81.90
81.89
81.91
81.92
81.89
81.88
81.87
81.82
81.84
81.85
81.86
81.86
81.87
81.87
81.84
81.83
81.83
81.85
81.85
81.86
81.87
81.87
81.89
81.88
81.89
81.89
81.87
81.89
81.88
81.90
81.93
81.95
81.96
81.94
81.92
81.93
81.90
81.90
81.93
81.91
81.89
81.91
81.92
81.94
81.94
81.93
81.92
81.92
81.94
81.95
81.96
81.96
81.96
81.94
81.95
81.94
81.91
81.91
81.90
81.89
81.89
81.92
81.91
81.93
81.95
81.94
81.97
81.97
82.00
81.99
82.01
82.00
81.99
81.98
81.97
81.98
82.00
82.00
82.00
82.00
82.01
82.01
82.01
81.99
81.99
81.96
81.97
81.97
81.99
81.98
81.96
81.95
81.96
81.98
81.99
82.00
81.98
81.99
82.00
82.00
81.99
81.99
81.98
81.98
81.97
81.94
81.94
81.94
81.92
81.93
81.91
81.91
81.92
81.92
81.90
81.92
81.94
81.93
81.95
81.96
81.97
81.98
81.97
81.97
81.95
81.94
81.94
81.91
81.93
81.94
81.95
81.94
81.93
81.95
81.95
81.95
81.93
81.92
81.93
81.95
81.98
82.00
81.99
82.00
82.00
81.99
81.97
81.97
81.95
81.95
81.92
81.92
81.92
81.91
81.90
81.92
81.94
81.93
81.94
81.95
81.94
81.94
81.94
81.94
81.93
81.93
81.93
81.94
81.95
81.94
81.94
81.95
81.96
81.95
81.94
81.94
81.95
81.95
81.95
81.94
81.93
81.93
81.94
81.95
81.93
81.93
81.91
81.90
81.90
81.89
81.89
81.90
81.89
81.90
81.90
81.90
81.91
81.90
81.91
81.92
81.94
81.93
81.92
81.93
81.94
81.93
81.94
81.94
81.94
81.94
81.94
81.93
81.95
81.94
81.95
81.95
81.96
81.95
81.94
81.95
81.95
81.94
81.93
81.93
81.93
81.92
81.92
81.92
81.91
81.90
81.92
81.92
81.92
81.92
81.92
81.91
81.93
81.93
81.93
81.94
81.93
81.91
81.91
81.89
81.89
81.89
81.89
81.89
81.89
81.89
81.90
81.90
81.91
81.92
81.91
81.91
81.91
81.91
81.91
81.91
81.90
81.90
81.90
81.89
81.91
81.90
81.89
81.87
81.88
81.88
81.88
81.89
81.90
81.91
81.90
81.90
81.91
81.89
81.89
81.90
81.89
81.87
81.87
81.86
81.84
81.85
81.86
81.87
81.88
81.89
81.88
81.88
81.86
81.87
81.88
81.88
81.89
81.88
81.87
81.87
81.87
81.89
81.88
81.87
81.87
81.85
81.86
81.87
81.87
81.86
81.86
81.85
81.86
81.87
81.88
81.87
81.88
81.88
81.88
81.88
81.88
81.88
81.88
81.87
81.88
81.88
81.88
81.88
81.89
81.89
81.89
81.88
81.88
81.87
81.88
81.87
81.87
81.86
81.87
81.88
81.89
81.90
81.90
81.89
81.90
81.89
81.89
81.90
81.90
81.89
81.89
81.88
81.89
81.89
81.89
81.89
81.89
81.90
81.90
81.90
81.91
81.91
81.89
81.89
81.90
81.90
81.90
81.89
81.89
81.89
81.89
81.90
81.90
81.89
81.89
81.90
81.89
81.89
81.89
81.89
81.89
81.90
81.90
81.91
81.90
81.89
81.89
81.90
81.90
81.90
81.90
81.90
81.90
81.90
81.88
81.88
81.88
81.88
81.88
81.88
81.87
81.88
81.89
81.89
81.88
81.88
81.89
81.88
81.89
81.89
81.90
81.91
81.91
81.92
81.91
81.91
81.91
81.92
81.91
81.91
81.93
81.93
81.93
81.93
81.93
81.92
81.93
81.93
81.94
81.95
81.95
81.94
81.94
81.94
81.95
81.96
81.96
81.95
81.94
81.94
81.94
81.95
81.94
81.95
81.95
81.96
81.95
81.96
81.96
81.97
81.97
81.96
81.97
81.97
81.96
81.96
81.96
81.95
81.95
81.94
81.95
81.94
81.94
81.95
81.95
81.96
81.96
81.97
81.97
81.97
81.97
81.97
81.97
81.98
82.00
82.00
82.00
82.00
81.99
82.00
82.00
81.99
81.99
81.99
81.99
81.99
81.99
81.98
81.98
81.98
81.97
81.96
81.96
81.97
81.97
81.98
81.98
81.99
81.99
81.99
81.99
81.98
81.97
81.97
81.96
81.98
81.98
81.98
81.98
81.90
