82.81
80.47
84.38
84.77
84.69
85.16
85.04
84.77
84.55
84.22
83.52
83.85
84.01
84.15
84.27
84.86
84.74
84.46
84.05
83.91
83.63
83.31
83.56
83.53
83.31
83.29
82.93
82.70
82.33
82.24
82.41
82.37
82.15
82.12
82.05
82.20
82.31
82.40
82.29
82.11
82.20
82.29
82.12
82.14
82.29
82.30
82.28
82.26
82.33
82.22
82.23
82.18
82.08
82.03
81.93
81.86
81.83
81.73
81.70
81.69
81.53
81.45
81.50
81.52
81.63
81.68
81.65
81.73
81.79
81.72
81.76
81.84
81.74
81.76
81.81
81.76
81.84
81.87
81.88
81.91
81.93
81.90
81.97
82.07
82.19
82.23
82.22
82.24
82.20
82.17
82.18
82.18
82.22
82.20
82.15
82.19
82.22
82.25
82.23
82.20
82.19
82.23
82.24
82.30
82.31
82.28
82.24
82.25
82.20
82.19
82.15
82.10
82.12
82.13
82.04
81.99
81.97
81.99
82.09
82.10
82.17
82.20
82.27
82.21
82.24
82.29
82.25
82.20
82.22
82.20
82.17
82.15
82.18
82.15
82.14
82.13
82.07
82.03
82.08
82.09
82.08
82.08
82.10
82.10
82.11
82.06
82.08
82.08
82.12
82.18
82.16
82.14
82.18
82.23
82.25
82.26
82.26
82.25
82.24
82.25
82.26
82.28
82.28
82.28
82.25
82.26
82.26
82.26
82.28
82.29
82.32
82.34
82.36
82.32
82.37
82.35
82.32
82.29
82.32
82.33
82.35
82.34
82.34
82.35
82.33
82.32
82.32
82.29
82.33
82.34
82.32
82.32
82.32
82.31
82.32
82.29
82.28
82.29
82.31
82.34
82.37
82.36
82.36
82.31
82.36
82.41
82.42
82.42
82.43
82.43
82.43
82.41
82.39
82.40
82.38
82.38
82.40
82.40
82.39
82.35
82.37
82.36
82.35
82.33
82.31
82.32
82.28
82.28
82.30
82.30
82.28
82.29
82.28
82.29
82.27
82.26
82.28
82.29
82.26
82.26
82.26
82.28
82.27
82.26
82.23
82.21
82.18
82.20
82.22
82.22
82.21
82.22
82.20
82.21
82.19
82.15
82.13
82.14
82.16
82.16
82.19
82.17
82.16
82.16
82.16
82.13
82.14
82.12
82.12
82.12
82.11
82.08
82.10
82.12
82.13
82.11
82.11
82.12
82.12
82.11
82.11
82.13
82.11
82.12
82.13
82.15
82.15
82.18
82.20
82.20
82.19
82.17
82.16
82.16
82.18
82.17
82.17
82.20
82.20
82.21
82.19
82.20
82.21
82.23
82.23
82.24
82.23
82.21
82.22
82.20
82.18
82.17
82.17
82.16
82.17
82.14
82.13
82.18
82.16
82.16
82.16
82.17
82.17
82.20
82.18
82.17
82.17
82.14
82.14
82.14
82.11
82.10
82.10
82.10
82.12
82.15
82.19
82.20
82.18
82.19
82.19
82.19
82.19
82.19
82.19
82.19
82.18
82.16
82.15
82.11
82.09
82.08
82.09
82.08
82.10
82.08
82.08
82.07
82.07
82.06
82.05
82.04
82.03
82.04
82.04
82.05
82.05
82.06
82.09
82.09
82.11
82.09
82.09
82.08
82.08
82.09
82.10
82.09
82.09
82.07
82.08
82.07
82.08
82.09
82.08
82.10
82.09
82.08
82.07
82.08
82.08
82.06
82.05
82.06
82.05
82.05
82.06
82.06
82.05
82.05
82.06
82.07
82.07
82.07
82.05
82.05
82.04
82.06
82.06
82.05
82.07
82.05
82.05
82.05
82.04
82.05
82.05
82.06
82.06
82.05
82.04
82.03
82.02
82.03
82.04
82.03
82.04
82.07
82.07
82.09
82.08
82.09
82.07
82.06
82.07
82.05
82.05
82.07
82.06
82.07
82.06
82.06
82.06
82.08
82.09
82.08
82.10
82.10
82.11
82.10
82.10
82.10
82.10
82.10
82.09
82.09
82.09
82.10
82.12
82.11
82.11
82.11
82.11
82.11
82.13
82.12
82.13
82.13
82.14
82.12
82.12
82.14
82.15
82.15
82.15
82.16
82.17
82.16
82.16
82.17
82.17
82.16
82.14
82.15
82.16
82.16
82.15
82.15
82.13
82.14
82.13
82.12
82.12
82.11
82.12
82.12
82.12
82.13
82.14
82.15
82.16
82.16
82.17
82.16
82.16
82.15
82.15
82.15
82.15
82.13
82.12
82.12
82.11
82.11
82.11
82.11
82.10
82.11
82.10
82.10
82.10
82.11
82.12
82.13
82.14
82.15
82.15
82.15
82.16
82.17
82.17
82.15
82.16
82.15
82.14
82.14
82.15
82.13
82.13
82.12
82.11
82.11
82.11
82.12
82.12
82.13
82.14
82.13
82.13
82.12
82.11
82.10
82.11
82.08
82.09
82.09
82.10
82.09
82.09
82.10
82.08
82.10
82.09
82.08
82.09
82.09
82.09
82.08
82.07
82.07
82.07
82.06
82.07
82.06
82.07
82.07
82.07
82.08
82.07
82.07
82.07
82.07
82.08
82.07
82.07
82.06
82.06
82.06
82.07
82.07
82.07
82.08
82.09
82.09
82.07
82.06
82.07
82.06
82.06
82.06
82.05
82.04
82.05
82.05
82.05
82.04
82.04
82.03
82.03
82.04
82.03
82.03
82.04
82.04
82.04
82.03
82.03
82.03
82.03
82.03
82.03
82.03
82.02
82.03
82.04
82.04
82.03
82.04
82.05
82.04
82.04
82.03
82.03
82.02
82.03
82.03
82.02
82.02
82.03
82.03
82.03
82.04
82.03
82.04
82.04
82.05
82.06
82.05
82.04
82.03
82.04
82.05
82.06
82.07
82.07
82.06
82.07
82.06
82.07
82.07
82.07
82.07
82.06
82.06
82.06
82.06
82.06
82.06
82.06
82.07
82.06
82.06
82.05
82.04
82.04
82.05
82.06
82.06
82.06
82.07
82.06
82.06
82.06
82.05
82.06
82.07
82.05
82.05
82.06
82.07
82.07
82.07
82.07
82.07
82.08
82.08
82.08
82.07
82.06
82.06
82.07
82.05
82.05
82.05
82.06
82.06
82.06
82.06
82.05
82.04
82.05
82.04
82.04
82.04
82.03
82.03
82.04
82.04
82.03
82.02
82.03
82.03
82.02
82.01
82.01
81.99
81.99
82.00
82.00
81.99
82.00
82.00
81.99
81.99
81.98
81.98
81.96
81.96
81.97
81.97
81.98
81.99
81.99
82.00
82.00
81.99
81.99
81.99
81.98
81.98
81.99
81.99
81.99
81.99
81.99
82.00
82.01
82.00
82.00
82.00
82.01
82.00
82.00
81.99
82.00
82.01
82.00
81.99
82.00
82.00
82.00
82.00
82.00
82.00
82.01
82.01
82.00
81.99
81.98
81.97
81.95
81.87
