90.62
85.16
81.77
82.42
85.31
85.42
84.38
83.59
83.68
83.44
82.67
82.68
82.81
82.48
82.50
82.13
82.63
82.12
82.24
82.27
81.99
82.03
81.86
81.58
81.19
81.49
81.31
81.47
81.36
81.61
81.60
81.64
81.72
81.89
81.70
81.77
81.59
81.66
81.65
81.84
81.78
81.73
81.69
81.71
81.60
81.45
81.35
81.38
81.35
81.34
81.40
81.49
81.46
81.48
81.34
81.33
81.44
81.36
81.36
81.43
81.40
81.55
81.62
81.64
81.54
81.49
81.44
81.46
81.39
81.50
81.56
81.51
81.51
81.55
81.62
81.64
81.72
81.67
81.70
81.60
81.67
81.65
81.70
81.66
81.69
81.70
81.70
81.59
81.55
81.53
81.49
81.44
81.38
81.38
81.37
81.25
81.27
81.30
81.34
81.39
81.42
81.51
81.55
81.57
81.58
81.52
81.50
81.47
81.39
81.32
81.33
81.31
81.37
81.40
81.41
81.47
81.48
81.50
81.53
81.56
81.60
81.62
81.63
81.62
81.65
81.63
81.59
81.59
81.66
81.69
81.73
81.76
81.79
81.77
81.72
81.69
81.69
81.73
81.77
81.79
81.79
81.82
81.82
81.81
81.82
81.82
81.82
81.83
81.84
81.81
81.82
81.84
81.85
81.86
81.84
81.89
81.89
81.92
81.86
81.84
81.78
81.79
81.78
81.79
81.81
81.79
81.81
81.84
81.77
81.77
81.78
81.72
81.70
81.72
81.69
81.61
81.59
81.61
81.61
81.57
81.59
81.61
81.58
81.58
81.62
81.62
81.60
81.57
81.56
81.58
81.54
81.53
81.56
81.61
81.64
81.64
81.61
81.63
81.62
81.61
81.60
81.63
81.64
81.61
81.61
81.61
81.60
81.63
81.62
81.63
81.64
81.61
81.59
81.62
81.66
81.63
81.62
81.64
81.65
81.67
81.67
81.66
81.66
81.65
81.67
81.69
81.67
81.69
81.70
81.75
81.76
81.76
81.75
81.78
81.80
81.82
81.84
81.85
81.84
81.87
81.83
81.81
81.80
81.79
81.79
81.80
81.78
81.79
81.80
81.76
81.78
81.77
81.77
81.77
81.74
81.73
81.74
81.73
81.71
81.74
81.75
81.76
81.74
81.77
81.79
81.78
81.79
81.80
81.81
81.81
81.80
81.81
81.82
81.83
81.81
81.79
81.79
81.76
81.75
81.77
81.79
81.81
81.81
81.81
81.81
81.82
81.84
81.85
81.82
81.79
81.78
81.80
81.78
81.80
81.81
81.83
81.80
81.80
81.79
81.79
81.78
81.78
81.78
81.79
81.79
81.80
81.79
81.78
81.81
81.83
81.83
81.84
81.85
81.84
81.86
81.84
81.82
81.82
81.81
81.81
81.81
81.81
81.80
81.82
81.83
81.83
81.83
81.84
81.81
81.81
81.83
81.85
81.83
81.82
81.82
81.79
81.79
81.78
81.75
81.78
81.78
81.78
81.78
81.78
81.78
81.77
81.79
81.78
81.78
81.78
81.78
81.79
81.80
81.81
81.81
81.83
81.83
81.84
81.87
81.86
81.85
81.86
81.86
81.88
81.89
81.88
81.88
81.87
81.86
81.88
81.89
81.93
81.94
81.95
81.95
81.96
81.96
81.96
81.96
81.97
81.98
82.00
82.00
81.98
81.98
81.99
82.00
82.02
82.02
82.04
82.05
82.06
82.06
82.04
82.06
82.05
82.05
82.07
82.06
82.07
82.07
82.10
82.09
82.10
82.09
82.09
82.08
82.09
82.10
82.10
82.07
82.08
82.09
82.09
82.11
82.13
82.12
82.12
82.10
82.10
82.10
82.10
82.10
82.10
82.10
82.08
82.08
82.08
82.07
82.07
82.08
82.09
82.09
82.08
82.09
82.10
82.09
82.09
82.09
82.08
82.09
82.12
82.11
82.12
82.11
82.10
82.09
82.09
82.07
82.09
82.08
82.08
82.09
82.09
82.09
82.09
82.10
82.09
82.09
82.10
82.10
82.08
82.06
82.06
82.06
82.06
82.04
82.04
82.05
82.04
82.05
82.05
82.06
82.06
82.06
82.06
82.07
82.07
82.05
82.04
82.06
82.07
82.05
82.05
82.05
82.04
82.04
82.05
82.06
82.07
82.07
82.09
82.09
82.09
82.09
82.08
82.08
82.07
82.05
82.05
82.04
82.05
82.04
82.02
82.02
82.03
82.03
82.03
82.04
82.03
82.04
82.04
82.05
82.04
82.04
82.03
82.04
82.04
82.04
82.03
82.04
82.03
82.02
82.04
82.02
82.01
82.01
82.02
82.03
82.03
82.04
82.04
82.04
82.05
82.06
82.06
82.06
82.06
82.06
82.07
82.07
82.07
82.07
82.08
82.06
82.07
82.08
82.07
82.07
82.06
82.04
82.03
82.03
82.03
82.01
82.01
82.00
81.99
81.99
81.99
81.99
81.98
81.98
81.99
82.00
82.00
82.01
82.00
81.99
82.00
82.01
82.00
82.00
82.01
82.00
81.99
82.01
82.00
81.99
82.00
81.99
81.99
82.01
82.01
82.01
82.02
82.01
82.00
82.01
82.00
81.99
81.99
81.99
82.00
82.00
82.00
81.98
81.98
81.99
81.99
81.99
81.99
81.98
81.98
81.98
81.97
81.97
81.98
81.99
81.97
81.97
81.97
81.96
81.96
81.96
81.96
81.96
81.97
81.99
81.97
81.97
81.97
81.97
81.98
81.97
81.98
81.99
81.99
81.98
81.97
81.98
81.98
81.97
81.97
81.98
81.96
81.96
81.95
81.95
81.97
81.96
81.97
81.97
81.98
81.98
81.98
81.97
81.96
81.96
81.96
81.96
81.96
81.95
81.94
81.95
81.95
81.95
81.95
81.96
81.97
81.97
81.96
81.97
81.97
81.98
81.99
81.97
81.98
81.98
81.99
82.00
82.00
82.02
82.01
82.02
82.02
82.02
82.02
82.03
82.04
82.04
82.04
82.03
82.04
82.03
82.02
82.03
82.02
82.01
82.01
81.99
81.99
81.99
81.98
81.97
81.97
81.96
81.96
81.97
81.97
81.96
81.97
81.96
81.96
81.96
81.96
81.94
81.94
81.95
81.97
81.96
81.96
81.96
81.96
81.95
81.93
81.93
81.92
81.92
81.92
81.92
81.92
81.92
81.92
81.92
81.92
81.91
81.91
81.92
81.92
81.92
81.93
81.93
81.93
81.94
81.94
81.93
81.91
81.89
81.90
81.90
81.91
81.91
81.91
81.92
81.92
81.91
81.91
81.90
81.90
81.90
81.89
81.89
81.89
81.89
81.89
81.89
81.89
81.89
81.88
81.88
81.87
81.87
81.88
81.88
81.88
81.88
81.87
81.88
81.88
81.88
81.88
81.87
81.86
81.86
81.86
81.86
81.86
81.86
81.86
81.87
81.79
