78.12
80.47
80.73
81.64
81.25
81.51
80.80
81.84
81.42
80.94
80.68
80.73
81.13
81.25
80.94
80.96
80.88
81.16
81.25
81.17
81.18
81.32
81.52
81.64
81.69
81.85
81.83
81.98
81.95
81.93
81.75
81.69
81.53
81.48
81.70
81.77
81.67
81.95
82.01
82.07
82.20
82.11
82.16
82.10
82.22
82.24
82.28
82.29
82.21
82.03
82.11
82.09
82.19
82.23
82.24
82.25
82.21
82.22
82.18
82.29
82.17
82.21
82.09
82.03
82.00
81.96
81.86
81.80
81.79
81.76
81.82
81.86
81.91
81.90
81.92
81.91
82.02
81.99
81.86
81.88
81.91
81.90
81.87
81.83
81.78
81.80
81.86
81.91
81.99
81.98
81.94
81.91
81.87
81.93
82.04
82.13
82.10
82.08
82.09
82.08
82.04
81.94
81.90
81.87
81.80
81.80
81.82
81.76
81.71
81.68
81.73
81.74
81.80
81.80
81.86
81.88
81.90
81.98
81.92
81.86
81.84
81.88
81.80
81.77
81.80
81.73
81.67
81.65
81.71
81.72
81.69
81.68
81.74
81.77
81.78
81.73
81.75
81.76
81.72
81.73
81.70
81.68
81.67
81.67
81.75
81.76
81.77
81.71
81.76
81.80
81.77
81.76
81.73
81.76
81.81
81.81
81.82
81.81
81.84
81.84
81.80
81.78
81.79
81.77
81.80
81.79
81.80
81.82
81.87
81.80
81.81
81.81
81.80
81.86
81.86
81.83
81.87
81.87
81.86
81.88
81.79
81.80
81.77
81.76
81.76
81.73
81.73
81.78
81.84
81.84
81.82
81.82
81.81
81.79
81.76
81.77
81.75
81.76
81.75
81.77
81.76
81.76
81.78
81.79
81.76
81.75
81.75
81.72
81.70
81.62
81.63
81.60
81.61
81.62
81.64
81.60
81.60
81.55
81.56
81.53
81.48
81.46
81.47
81.47
81.50
81.53
81.55
81.54
81.55
81.58
81.58
81.59
81.60
81.61
81.65
81.64
81.63
81.66
81.66
81.65
81.63
81.64
81.69
81.71
81.71
81.69
81.70
81.69
81.68
81.71
81.70
81.71
81.73
81.74
81.72
81.73
81.71
81.72
81.68
81.68
81.69
81.67
81.68
81.68
81.70
81.68
81.67
81.67
81.66
81.67
81.68
81.68
81.67
81.69
81.68
81.64
81.64
81.66
81.64
81.61
81.63
81.62
81.63
81.61
81.58
81.57
81.57
81.56
81.55
81.54
81.53
81.52
81.53
81.55
81.57
81.56
81.57
81.58
81.59
81.59
81.60
81.61
81.62
81.60
81.60
81.61
81.60
81.58
81.57
81.57
81.58
81.58
81.59
81.60
81.59
81.58
81.60
81.55
81.56
81.58
81.60
81.58
81.56
81.56
81.56
81.57
81.57
81.55
81.55
81.55
81.54
81.55
81.56
81.56
81.58
81.59
81.59
81.60
81.60
81.58
81.57
81.58
81.61
81.61
81.59
81.60
81.63
81.63
81.63
81.64
81.66
81.67
81.66
81.66
81.66
81.68
81.67
81.68
81.69
81.66
81.66
81.69
81.69
81.69
81.72
81.71
81.70
81.69
81.71
81.71
81.73
81.72
81.74
81.73
81.75
81.77
81.77
81.77
81.76
81.76
81.77
81.77
81.76
81.75
81.74
81.75
81.76
81.77
81.78
81.79
81.79
81.80
81.79
81.79
81.81
81.82
81.81
81.82
81.82
81.81
81.80
81.82
81.83
81.83
81.83
81.83
81.81
81.81
81.80
81.79
81.79
81.78
81.81
81.80
81.80
81.81
81.80
81.80
81.79
81.80
81.81
81.78
81.79
81.77
81.77
81.76
81.77
81.76
81.77
81.76
81.75
81.77
81.75
81.74
81.73
81.70
81.70
81.71
81.70
81.72
81.71
81.72
81.74
81.72
81.71
81.69
81.70
81.71
81.71
81.72
81.72
81.73
81.74
81.75
81.75
81.74
81.73
81.71
81.72
81.71
81.72
81.73
81.72
81.71
81.72
81.72
81.71
81.71
81.71
81.72
81.71
81.71
81.73
81.72
81.73
81.74
81.74
81.74
81.75
81.75
81.74
81.75
81.76
81.77
81.78
81.78
81.79
81.80
81.81
81.82
81.83
81.84
81.83
81.84
81.85
81.86
81.87
81.85
81.85
81.85
81.85
81.85
81.86
81.85
81.86
81.86
81.87
81.87
81.87
81.86
81.86
81.86
81.87
81.87
81.87
81.87
81.85
81.86
81.86
81.88
81.89
81.88
81.88
81.87
81.87
81.85
81.87
81.87
81.87
81.87
81.88
81.87
81.87
81.86
81.87
81.87
81.86
81.85
81.85
81.85
81.87
81.88
81.88
81.89
81.90
81.89
81.89
81.90
81.89
81.88
81.89
81.89
81.89
81.89
81.88
81.87
81.87
81.87
81.86
81.86
81.85
81.84
81.83
81.80
81.79
81.78
81.78
81.78
81.78
81.77
81.76
81.74
81.72
81.73
81.74
81.75
81.75
81.76
81.77
81.77
81.77
81.77
81.76
81.76
81.77
81.78
81.79
81.79
81.78
81.78
81.78
81.78
81.79
81.79
81.79
81.77
81.77
81.76
81.77
81.77
81.78
81.79
81.79
81.77
81.77
81.78
81.78
81.77
81.77
81.76
81.76
81.75
81.76
81.76
81.76
81.75
81.76
81.77
81.77
81.76
81.75
81.75
81.75
81.76
81.76
81.76
81.75
81.75
81.74
81.73
81.72
81.73
81.72
81.71
81.71
81.72
81.73
81.73
81.72
81.72
81.71
81.71
81.71
81.71
81.71
81.72
81.73
81.72
81.71
81.71
81.70
81.69
81.69
81.69
81.68
81.69
81.69
81.68
81.69
81.68
81.68
81.68
81.68
81.67
81.67
81.68
81.68
81.67
81.65
81.65
81.66
81.66
81.66
81.66
81.67
81.68
81.67
81.66
81.66
81.67
81.67
81.67
81.66
81.66
81.66
81.66
81.65
81.65
81.66
81.65
81.65
81.65
81.65
81.66
81.66
81.68
81.69
81.69
81.69
81.69
81.69
81.68
81.67
81.67
81.67
81.67
81.67
81.67
81.68
81.68
81.69
81.69
81.69
81.69
81.70
81.70
81.71
81.71
81.70
81.71
81.70
81.69
81.70
81.69
81.69
81.69
81.69
81.70
81.71
81.69
81.71
81.70
81.71
81.70
81.70
81.72
81.72
81.72
81.71
81.70
81.71
81.71
81.71
81.71
81.71
81.72
81.72
81.72
81.73
81.73
81.73
81.73
81.72
81.72
81.73
81.74
81.73
81.73
81.73
81.72
81.72
81.72
81.72
81.72
81.73
81.73
81.71
81.72
81.72
81.71
81.70
81.71
81.71
81.71
81.71
81.70
81.71
81.71
81.72
81.72
81.73
81.65
