76.56
80.47
82.29
83.59
83.75
83.59
83.26
83.01
83.85
82.97
83.24
82.16
82.33
83.15
82.81
82.91
82.81
82.64
82.73
82.66
82.29
82.46
82.47
82.16
82.31
82.51
82.52
82.48
82.49
82.40
82.46
82.32
82.34
82.26
82.23
82.07
82.01
82.15
82.09
82.03
81.90
81.92
82.01
82.10
82.05
82.00
82.05
81.87
81.79
81.78
81.77
81.85
81.87
81.89
81.70
81.75
81.74
81.73
81.75
81.64
81.66
81.50
81.55
81.47
81.49
81.51
81.55
81.48
81.45
81.54
81.56
81.51
81.57
81.69
81.79
81.74
81.80
81.77
81.84
81.88
81.89
81.82
81.83
81.81
81.67
81.54
81.56
81.46
81.51
81.49
81.56
81.56
81.57
81.63
81.56
81.58
81.59
81.65
81.71
81.70
81.70
81.76
81.72
81.61
81.70
81.62
81.63
81.60
81.57
81.58
81.57
81.61
81.58
81.52
81.54
81.60
81.57
81.55
81.62
81.63
81.66
81.62
81.63
81.59
81.60
81.58
81.62
81.60
81.56
81.57
81.62
81.63
81.64
81.62
81.56
81.59
81.64
81.67
81.73
81.73
81.79
81.78
81.74
81.71
81.70
81.65
81.65
81.62
81.56
81.54
81.55
81.55
81.60
81.56
81.55
81.55
81.55
81.53
81.54
81.60
81.59
81.59
81.54
81.50
81.52
81.55
81.55
81.56
81.55
81.53
81.55
81.57
81.51
81.55
81.55
81.56
81.58
81.57
81.57
81.55
81.52
81.52
81.52
81.50
81.50
81.52
81.53
81.52
81.54
81.59
81.64
81.64
81.65
81.68
81.69
81.70
81.72
81.70
81.72
81.71
81.69
81.66
81.70
81.69
81.65
81.65
81.65
81.64
81.64
81.63
81.63
81.61
81.59
81.59
81.62
81.61
81.59
81.59
81.58
81.58
81.60
81.61
81.63
81.60
81.59
81.62
81.62
81.61
81.60
81.58
81.59
81.59
81.60
81.59
81.59
81.61
81.57
81.58
81.59
81.60
81.63
81.66
81.66
81.63
81.66
81.67
81.69
81.68
81.66
81.69
81.68
81.66
81.64
81.64
81.61
81.58
81.57
81.58
81.61
81.62
81.66
81.67
81.65
81.64
81.63
81.66
81.69
81.70
81.72
81.75
81.74
81.77
81.73
81.75
81.72
81.74
81.76
81.76
81.75
81.74
81.75
81.76
81.76
81.77
81.76
81.75
81.76
81.77
81.75
81.75
81.76
81.76
81.76
81.78
81.78
81.77
81.76
81.75
81.73
81.71
81.72
81.71
81.71
81.72
81.72
81.73
81.74
81.68
81.67
81.66
81.67
81.70
81.69
81.70
81.70
81.68
81.69
81.70
81.71
81.71
81.72
81.72
81.69
81.68
81.68
81.67
81.65
81.66
81.68
81.68
81.70
81.72
81.72
81.73
81.74
81.73
81.75
81.77
81.75
81.76
81.74
81.74
81.76
81.76
81.77
81.74
81.75
81.76
81.76
81.73
81.74
81.73
81.73
81.74
81.76
81.78
81.77
81.77
81.75
81.76
81.78
81.77
81.78
81.78
81.77
81.78
81.79
81.76
81.75
81.76
81.78
81.80
81.80
81.81
81.80
81.79
81.77
81.75
81.75
81.75
81.77
81.77
81.76
81.74
81.74
81.72
81.73
81.75
81.77
81.77
81.76
81.78
81.79
81.79
81.81
81.81
81.81
81.82
81.84
81.85
81.86
81.88
81.87
81.86
81.86
81.85
81.84
81.84
81.85
81.84
81.81
81.83
81.83
81.81
81.81
81.82
81.82
81.81
81.81
81.79
81.78
81.80
81.79
81.80
81.79
81.80
81.79
81.78
81.77
81.79
81.77
81.75
81.76
81.76
81.75
81.73
81.74
81.72
81.72
81.73
81.73
81.76
81.77
81.76
81.74
81.75
81.74
81.75
81.72
81.72
81.71
81.72
81.70
81.70
81.70
81.71
81.70
81.69
81.71
81.72
81.74
81.73
81.73
81.71
81.69
81.70
81.71
81.72
81.71
81.72
81.70
81.70
81.70
81.68
81.70
81.70
81.71
81.71
81.71
81.70
81.69
81.69
81.70
81.70
81.70
81.69
81.68
81.69
81.68
81.68
81.69
81.68
81.67
81.68
81.70
81.72
81.71
81.70
81.70
81.70
81.70
81.69
81.70
81.70
81.69
81.69
81.69
81.68
81.69
81.70
81.69
81.69
81.68
81.67
81.68
81.67
81.66
81.68
81.69
81.70
81.68
81.69
81.68
81.67
81.67
81.68
81.69
81.68
81.68
81.67
81.68
81.68
81.67
81.66
81.65
81.63
81.61
81.61
81.60
81.61
81.61
81.62
81.62
81.61
81.62
81.63
81.64
81.63
81.61
81.61
81.62
81.61
81.61
81.63
81.61
81.60
81.62
81.62
81.62
81.63
81.64
81.64
81.64
81.64
81.64
81.63
81.63
81.63
81.62
81.64
81.65
81.65
81.65
81.67
81.66
81.64
81.65
81.65
81.66
81.65
81.66
81.66
81.68
81.68
81.68
81.68
81.68
81.67
81.66
81.66
81.65
81.66
81.66
81.66
81.65
81.65
81.64
81.64
81.63
81.64
81.64
81.65
81.65
81.66
81.66
81.67
81.66
81.65
81.65
81.66
81.65
81.65
81.64
81.64
81.64
81.65
81.65
81.64
81.64
81.63
81.64
81.63
81.63
81.63
81.64
81.63
81.63
81.62
81.62
81.62
81.62
81.62
81.63
81.62
81.62
81.62
81.61
81.62
81.63
81.64
81.65
81.64
81.64
81.63
81.63
81.64
81.63
81.64
81.64
81.64
81.65
81.66
81.64
81.64
81.65
81.65
81.65
81.66
81.66
81.66
81.67
81.67
81.67
81.68
81.68
81.67
81.68
81.69
81.68
81.69
81.68
81.69
81.68
81.68
81.69
81.70
81.70
81.70
81.71
81.72
81.72
81.72
81.72
81.71
81.71
81.70
81.70
81.70
81.69
81.70
81.70
81.69
81.69
81.69
81.69
81.69
81.68
81.66
81.67
81.67
81.68
81.68
81.68
81.68
81.69
81.68
81.68
81.68
81.68
81.69
81.68
81.68
81.68
81.69
81.69
81.70
81.69
81.69
81.68
81.68
81.69
81.68
81.69
81.70
81.70
81.70
81.71
81.70
81.69
81.69
81.69
81.69
81.69
81.69
81.69
81.69
81.69
81.68
81.68
81.69
81.70
81.71
81.71
81.73
81.72
81.71
81.71
81.72
81.74
81.74
81.74
81.74
81.74
81.75
81.75
81.75
81.75
81.75
81.74
81.74
81.73
81.72
81.73
81.72
81.72
81.72
81.72
81.72
81.71
81.71
81.72
81.72
81.71
81.72
81.72
81.72
81.72
81.72
81.71
81.71
81.72
81.64
