89.06
87.50
84.90
82.03
81.56
80.47
80.36
81.05
81.25
81.09
81.25
81.64
81.01
80.69
80.62
80.96
80.88
80.82
80.76
80.55
80.43
80.54
80.30
80.08
80.06
80.29
80.15
80.02
80.01
80.21
80.29
80.27
80.40
80.47
80.58
80.60
80.79
80.96
80.97
81.17
81.10
80.99
81.03
81.11
81.28
81.45
81.65
81.61
81.70
81.78
81.80
81.67
81.66
81.66
81.65
81.61
81.63
81.73
81.75
81.77
81.84
81.85
81.80
81.81
81.80
81.89
81.86
81.85
81.86
81.81
81.65
81.68
81.64
81.63
81.62
81.54
81.62
81.57
81.55
81.56
81.71
81.67
81.70
81.81
81.80
81.85
81.82
81.84
81.74
81.74
81.78
81.88
81.80
81.77
81.79
81.74
81.60
81.63
81.63
81.63
81.53
81.54
81.58
81.57
81.64
81.65
81.70
81.70
81.69
81.63
81.67
81.72
81.79
81.85
81.83
81.87
81.86
81.82
81.80
81.80
81.83
81.81
81.86
81.73
81.74
81.75
81.69
81.67
81.71
81.68
81.68
81.71
81.70
81.67
81.66
81.72
81.72
81.76
81.77
81.81
81.83
81.87
81.82
81.83
81.79
81.84
81.78
81.81
81.82
81.84
81.84
81.83
81.84
81.85
81.88
81.84
81.84
81.84
81.88
81.84
81.87
81.85
81.83
81.83
81.83
81.81
81.79
81.82
81.84
81.84
81.84
81.85
81.83
81.82
81.88
81.92
81.91
81.93
81.89
81.87
81.86
81.89
81.94
81.95
81.92
81.94
81.93
81.94
81.91
81.89
81.90
81.89
81.86
81.85
81.86
81.89
81.89
81.88
81.88
81.92
81.96
81.93
81.92
81.92
81.93
81.94
81.93
81.87
81.92
81.93
81.93
81.93
81.93
81.97
81.95
81.95
81.98
81.99
82.01
82.01
81.98
81.97
81.98
81.97
81.98
81.96
82.01
81.99
82.00
82.01
81.99
82.00
82.00
82.03
82.05
82.04
82.02
81.98
81.94
81.97
81.98
81.99
82.00
82.04
82.04
82.04
82.06
82.07
82.07
82.03
82.00
81.99
81.98
82.01
82.03
82.04
82.00
81.99
81.96
81.97
81.99
81.98
81.96
81.96
81.98
82.00
82.00
82.02
82.02
82.03
82.05
82.06
82.06
82.04
82.05
82.08
82.03
82.05
82.05
82.03
82.02
82.00
81.99
81.98
81.97
81.95
81.97
81.97
81.96
81.96
81.94
81.95
81.96
81.92
81.92
81.93
81.91
81.93
81.90
81.91
81.92
81.94
81.96
81.95
81.93
81.95
81.95
81.94
81.91
81.88
81.87
81.88
81.89
81.92
81.94
81.92
81.91
81.92
81.92
81.92
81.93
81.92
81.92
81.91
81.93
81.91
81.90
81.91
81.91
81.89
81.91
81.93
81.92
81.92
81.94
81.91
81.92
81.92
81.92
81.90
81.91
81.90
81.91
81.92
81.92
81.92
81.91
81.90
81.89
81.90
81.91
81.90
81.91
81.91
81.92
81.90
81.92
81.90
81.93
81.92
81.94
81.94
81.93
81.94
81.93
81.92
81.94
81.96
81.95
81.95
81.97
81.97
81.98
81.99
81.97
81.99
82.00
82.01
82.02
82.04
82.05
82.04
82.03
82.04
82.04
82.04
82.03
82.01
82.03
82.03
82.01
82.02
82.01
82.02
82.00
82.01
82.01
82.02
82.01
82.00
81.98
82.00
82.02
82.02
82.01
82.02
82.03
82.04
82.05
82.04
82.04
82.03
82.01
82.01
82.01
82.02
82.01
82.02
82.04
82.04
82.04
82.03
82.03
82.01
82.01
82.02
82.03
82.03
82.01
82.00
82.00
81.99
81.99
82.00
81.99
81.99
81.97
81.97
81.97
81.95
81.96
81.96
81.95
81.94
81.92
81.92
81.93
81.93
81.93
81.92
81.91
81.90
81.91
81.90
81.91
81.91
81.92
81.91
81.92
81.92
81.92
81.93
81.93
81.92
81.92
81.91
81.93
81.91
81.91
81.91
81.92
81.93
81.92
81.92
81.91
81.90
81.91
81.89
81.88
81.87
81.88
81.89
81.89
81.88
81.89
81.89
81.88
81.87
81.86
81.87
81.86
81.87
81.88
81.89
81.88
81.86
81.86
81.86
81.86
81.86
81.86
81.86
81.87
81.86
81.85
81.85
81.84
81.84
81.84
81.85
81.84
81.85
81.83
81.83
81.83
81.84
81.84
81.84
81.86
81.88
81.89
81.90
81.92
81.92
81.93
81.92
81.92
81.92
81.92
81.92
81.92
81.91
81.90
81.91
81.90
81.89
81.89
81.89
81.88
81.89
81.89
81.89
81.90
81.90
81.92
81.92
81.91
81.91
81.90
81.90
81.89
81.90
81.89
81.89
81.89
81.90
81.90
81.89
81.90
81.90
81.91
81.92
81.93
81.92
81.93
81.90
81.90
81.92
81.93
81.93
81.92
81.92
81.91
81.90
81.90
81.90
81.89
81.89
81.89
81.90
81.91
81.91
81.90
81.91
81.90
81.89
81.90
81.90
81.89
81.90
81.90
81.88
81.88
81.88
81.88
81.89
81.89
81.90
81.91
81.91
81.92
81.91
81.93
81.92
81.93
81.95
81.94
81.94
81.95
81.96
81.96
81.95
81.95
81.94
81.95
81.95
81.95
81.96
81.95
81.96
81.97
81.97
81.97
81.98
81.97
81.97
81.98
81.99
81.99
81.97
81.98
81.98
81.98
81.98
81.98
81.98
81.98
81.97
81.98
81.98
81.98
81.98
81.98
81.99
81.98
81.98
81.98
81.99
81.99
82.00
82.01
82.01
82.02
82.01
82.02
82.02
82.02
82.03
82.03
82.04
82.04
82.04
82.04
82.04
82.03
82.03
82.02
82.01
82.03
82.03
82.03
82.03
82.03
82.03
82.03
82.03
82.02
82.01
82.01
82.02
82.02
82.02
82.02
82.02
82.01
82.02
82.01
82.02
82.03
82.02
82.02
82.02
82.01
82.01
82.02
82.00
82.01
82.02
82.01
82.02
82.01
82.01
82.01
82.00
82.00
82.01
82.02
82.03
82.02
82.01
82.01
82.00
82.00
81.99
82.01
82.00
82.00
81.99
81.98
81.98
81.99
81.99
81.99
81.98
81.98
81.98
81.98
81.98
81.99
81.99
81.98
81.98
81.98
81.98
81.98
81.97
81.97
81.97
81.97
81.97
81.96
81.96
81.95
81.96
81.96
81.95
81.95
81.93
81.93
81.93
81.93
81.93
81.95
81.95
81.96
81.96
81.95
81.97
81.96
81.96
81.96
81.96
81.95
81.96
81.96
81.96
81.97
81.97
81.97
81.97
81.98
81.99
81.99
82.00
81.99
81.99
81.99
81.99
81.99
81.98
81.97
81.89
