85.94
87.50
86.46
86.72
87.19
86.20
85.49
84.96
85.07
85.00
84.66
84.11
83.77
83.48
83.23
83.11
83.36
83.25
83.39
83.44
83.48
83.59
83.49
83.59
83.62
83.29
82.87
82.81
82.70
82.50
82.36
82.23
82.10
82.12
82.10
82.16
82.14
82.03
81.93
81.72
81.86
81.88
81.98
81.75
81.91
82.07
82.08
82.16
81.98
81.81
81.80
81.73
81.84
81.94
81.96
81.84
81.94
81.92
81.94
81.80
81.71
81.78
81.85
81.64
81.66
81.77
81.58
81.41
81.39
81.25
81.34
81.34
81.34
81.33
81.33
81.15
81.13
81.11
81.03
81.07
81.15
81.21
81.23
81.16
81.16
81.21
81.14
81.20
81.23
81.25
81.27
81.18
81.18
81.23
81.30
81.30
81.23
81.19
81.25
81.23
81.23
81.28
81.27
81.22
81.28
81.29
81.25
81.24
81.25
81.31
81.28
81.33
81.33
81.39
81.37
81.45
81.45
81.49
81.53
81.55
81.59
81.53
81.53
81.48
81.50
81.55
81.57
81.63
81.59
81.57
81.58
81.57
81.63
81.66
81.70
81.70
81.73
81.70
81.71
81.72
81.80
81.81
81.79
81.83
81.85
81.77
81.76
81.78
81.82
81.80
81.82
81.83
81.85
81.86
81.86
81.85
81.85
81.86
81.85
81.83
81.76
81.77
81.78
81.83
81.83
81.82
81.83
81.79
81.79
81.81
81.83
81.83
81.84
81.81
81.78
81.72
81.72
81.72
81.77
81.79
81.79
81.83
81.80
81.79
81.80
81.85
81.83
81.86
81.85
81.83
81.80
81.79
81.80
81.80
81.82
81.83
81.80
81.78
81.72
81.73
81.78
81.78
81.78
81.77
81.80
81.79
81.76
81.76
81.77
81.79
81.79
81.77
81.79
81.80
81.77
81.77
81.77
81.77
81.78
81.80
81.79
81.79
81.80
81.82
81.84
81.82
81.82
81.84
81.81
81.77
81.78
81.79
81.80
81.80
81.80
81.81
81.79
81.78
81.77
81.74
81.74
81.73
81.72
81.74
81.74
81.75
81.76
81.75
81.75
81.72
81.72
81.73
81.76
81.77
81.75
81.76
81.76
81.76
81.76
81.74
81.76
81.79
81.80
81.79
81.79
81.80
81.80
81.80
81.84
81.83
81.80
81.79
81.80
81.80
81.80
81.81
81.81
81.83
81.82
81.86
81.83
81.84
81.83
81.83
81.80
81.78
81.77
81.78
81.77
81.75
81.75
81.76
81.76
81.74
81.74
81.77
81.78
81.79
81.78
81.76
81.76
81.78
81.78
81.79
81.80
81.80
81.82
81.82
81.81
81.82
81.81
81.79
81.78
81.79
81.77
81.73
81.76
81.75
81.76
81.78
81.78
81.78
81.77
81.75
81.76
81.77
81.78
81.78
81.78
81.79
81.80
81.80
81.80
81.79
81.79
81.82
81.81
81.84
81.83
81.82
81.81
81.80
81.80
81.78
81.78
81.80
81.83
81.81
81.81
81.79
81.80
81.83
81.84
81.85
81.85
81.87
81.85
81.83
81.81
81.81
81.81
81.79
81.80
81.78
81.77
81.77
81.79
81.78
81.79
81.79
81.80
81.82
81.81
81.81
81.82
81.82
81.81
81.80
81.82
81.83
81.84
81.85
81.84
81.85
81.85
81.85
81.85
81.86
81.85
81.85
81.87
81.88
81.86
81.85
81.84
81.83
81.79
81.81
81.81
81.82
81.82
81.81
81.80
81.81
81.82
81.83
81.85
81.85
81.83
81.84
81.82
81.83
81.84
81.86
81.85
81.86
81.86
81.87
81.86
81.86
81.86
81.86
81.87
81.87
81.86
81.87
81.87
81.88
81.89
81.88
81.88
81.89
81.91
81.91
81.92
81.92
81.91
81.91
81.91
81.91
81.90
81.91
81.91
81.92
81.93
81.93
81.93
81.94
81.92
81.93
81.91
81.92
81.92
81.91
81.92
81.91
81.92
81.92
81.92
81.91
81.91
81.91
81.90
81.89
81.89
81.90
81.90
81.90
81.91
81.91
81.93
81.93
81.94
81.95
81.93
81.92
81.91
81.91
81.91
81.91
81.92
81.93
81.93
81.93
81.92
81.91
81.90
81.90
81.89
81.89
81.89
81.87
81.87
81.87
81.88
81.89
81.88
81.89
81.90
81.91
81.90
81.89
81.89
81.89
81.89
81.90
81.90
81.90
81.90
81.91
81.91
81.90
81.91
81.89
81.89
81.90
81.90
81.90
81.89
81.89
81.90
81.91
81.90
81.89
81.89
81.88
81.88
81.88
81.88
81.88
81.88
81.86
81.86
81.85
81.86
81.87
81.88
81.87
81.88
81.89
81.88
81.88
81.89
81.88
81.89
81.89
81.88
81.89
81.88
81.88
81.87
81.87
81.88
81.88
81.88
81.88
81.89
81.89
81.89
81.91
81.91
81.92
81.92
81.91
81.91
81.91
81.90
81.90
81.91
81.89
81.90
81.89
81.88
81.88
81.88
81.88
81.86
81.86
81.85
81.85
81.84
81.85
81.85
81.85
81.84
81.83
81.83
81.83
81.84
81.84
81.84
81.84
81.84
81.85
81.84
81.84
81.83
81.84
81.86
81.86
81.87
81.88
81.88
81.87
81.88
81.87
81.87
81.88
81.88
81.88
81.88
81.89
81.89
81.89
81.90
81.90
81.91
81.90
81.89
81.89
81.88
81.89
81.90
81.90
81.91
81.91
81.92
81.92
81.91
81.90
81.90
81.91
81.90
81.90
81.90
81.90
81.89
81.90
81.90
81.90
81.91
81.91
81.91
81.90
81.90
81.90
81.89
81.90
81.92
81.91
81.91
81.91
81.89
81.90
81.90
81.90
81.89
81.89
81.89
81.88
81.88
81.89
81.89
81.89
81.88
81.87
81.87
81.87
81.87
81.87
81.87
81.87
81.86
81.88
81.88
81.89
81.89
81.88
81.89
81.90
81.90
81.90
81.91
81.91
81.91
81.91
81.91
81.91
81.92
81.91
81.91
81.90
81.89
81.88
81.89
81.89
81.89
81.89
81.89
81.89
81.89
81.89
81.89
81.88
81.88
81.89
81.90
81.90
81.89
81.90
81.89
81.91
81.90
81.90
81.91
81.92
81.92
81.92
81.92
81.91
81.90
81.91
81.91
81.92
81.93
81.95
81.94
81.94
81.94
81.94
81.94
81.94
81.94
81.93
81.93
81.93
81.93
81.92
81.92
81.93
81.94
81.94
81.93
81.94
81.95
81.95
81.95
81.95
81.96
81.97
81.97
81.97
81.97
81.97
81.95
81.96
81.97
81.97
81.96
81.96
81.94
81.95
81.95
81.95
81.95
81.96
81.96
81.96
81.96
81.96
81.97
81.96
81.96
81.97
81.96
81.96
81.96
81.96
81.94
81.95
81.96
81.88
