1.56
3.12
3.12
2.73
2.50
2.34
2.46
2.73
2.95
2.97
2.84
2.99
2.88
2.79
3.02
3.22
3.31
3.30
3.37
3.52
3.72
3.76
3.80
3.78
3.81
3.73
3.65
3.79
3.66
3.59
3.53
3.52
3.69
3.86
3.75
3.86
3.89
3.91
4.05
3.95
3.96
4.02
4.03
3.94
3.92
3.91
3.86
3.84
3.89
3.84
3.92
4.00
3.95
4.02
4.03
4.05
4.00
4.07
4.08
4.06
4.05
4.03
4.07
4.15
4.13
4.07
4.03
4.09
4.08
4.04
4.03
4.04
4.02
4.01
4.02
3.97
3.96
3.95
3.92
3.91
3.90
3.85
3.86
3.89
3.88
3.89
3.88
3.85
3.84
3.84
3.79
3.77
3.80
3.77
3.83
3.81
3.87
3.84
3.88
3.86
3.87
3.91
3.96
4.00
3.99
3.97
4.00
3.96
3.96
3.93
3.97
3.93
3.91
3.93
3.95
3.93
3.91
3.91
3.91
3.89
3.87
3.87
3.85
3.87
3.85
3.84
3.84
3.85
3.84
3.85
3.86
3.85
3.85
3.86
3.87
3.88
3.87
3.87
3.89
3.90
3.90
3.90
3.90
3.90
3.88
3.90
3.90
3.93
3.92
3.93
3.95
3.95
3.93
3.94
3.92
3.92
3.89
3.90
3.88
3.89
3.88
3.90
3.91
3.92
3.89
3.90
3.90
3.90
3.87
3.86
3.87
3.87
3.85
3.83
3.84
3.84
3.82
3.82
3.81
3.83
3.84
3.84
3.83
3.82
3.80
3.81
3.84
3.82
3.82
3.82
3.81
3.82
3.82
3.82
3.81
3.81
3.80
3.82
3.83
3.84
3.85
3.85
3.86
3.86
3.86
3.86
3.85
3.84
3.84
3.84
3.82
3.85
3.85
3.84
3.82
3.83
3.82
3.81
3.81
3.79
3.79
3.79
3.78
3.81
3.82
3.82
3.82
3.81
3.81
3.81
3.79
3.79
3.80
3.81
3.81
3.81
3.83
3.81
3.80
3.80
3.79
3.78
3.81
3.80
3.81
3.81
3.82
3.82
3.80
3.81
3.81
3.82
3.82
3.84
3.84
3.83
3.84
3.83
3.82
3.85
3.85
3.85
3.84
3.85
3.85
3.85
3.86
3.85
3.85
3.85
3.86
3.85
3.85
3.84
3.85
3.84
3.86
3.88
3.86
3.86
3.86
3.85
3.86
3.85
3.85
3.85
3.85
3.84
3.84
3.84
3.82
3.82
3.81
3.81
3.81
3.82
3.82
3.82
3.81
3.81
3.81
3.81
3.82
3.82
3.83
3.83
3.83
3.82
3.81
3.81
3.81
3.82
3.80
3.80
3.78
3.79
3.80
3.78
3.78
3.77
3.77
3.78
3.78
3.78
3.79
3.79
3.78
3.78
3.77
3.76
3.76
3.77
3.78
3.78
3.78
3.79
3.79
3.79
3.79
3.79
3.79
3.78
3.79
3.80
3.80
3.80
3.80
3.80
3.81
3.82
3.82
3.82
3.82
3.82
3.82
3.82
3.83
3.83
3.84
3.85
3.84
3.84
3.85
3.85
3.85
3.86
3.86
3.85
3.86
3.87
3.86
3.86
3.86
3.85
3.85
3.84
3.84
3.84
3.83
3.82
3.83
3.82
3.83
3.83
3.83
3.83
3.84
3.83
3.83
3.82
3.82
3.83
3.82
3.82
3.81
3.80
3.80
3.80
3.80
3.82
3.82
3.82
3.82
3.82
3.82
3.82
3.82
3.83
3.83
3.82
3.82
3.82
3.82
3.82
3.83
3.83
3.82
3.82
3.82
3.82
3.83
3.83
3.82
3.81
3.82
3.81
3.81
3.80
3.80
3.80
3.80
3.79
3.79
3.79
3.80
3.80
3.80
3.80
3.80
3.80
3.80
3.80
3.80
3.79
3.79
3.79
3.79
3.79
3.79
3.79
3.79
3.80
3.81
3.80
3.80
3.80
3.81
3.80
3.81
3.81
3.82
3.82
3.82
3.82
3.82
3.82
3.82
3.82
3.81
3.81
3.81
3.81
3.80
3.80
3.80
3.80
3.79
3.80
3.80
3.81
3.83
3.83
3.83
3.82
3.82
3.82
3.81
3.83
3.83
3.82
3.82
3.82
3.82
3.82
3.83
3.82
3.82
3.82
3.82
3.83
3.83
3.83
3.83
3.83
3.83
3.83
3.83
3.83
3.83
3.83
3.83
3.84
3.84
3.84
3.84
3.84
3.83
3.83
3.83
3.83
3.83
3.84
3.84
3.83
3.84
3.84
3.84
3.84
3.85
3.84
3.85
3.85
3.85
3.85
3.85
3.85
3.85
3.85
3.85
3.84
3.84
3.85
3.86
3.86
3.86
3.86
3.86
3.86
3.87
3.87
3.87
3.87
3.87
3.86
3.87
3.86
3.86
3.87
3.87
3.87
3.87
3.87
3.87
3.86
3.86
3.86
3.86
3.86
3.85
3.85
3.84
3.84
3.85
3.85
3.85
3.85
3.85
3.85
3.85
3.85
3.86
3.86
3.86
3.86
3.86
3.86
3.85
3.85
3.86
3.86
3.85
3.85
3.85
3.85
3.85
3.85
3.87
3.86
3.86
3.86
3.87
3.87
3.87
3.87
3.87
3.88
3.87
3.87
3.87
3.88
3.87
3.87
3.87
3.88
3.88
3.88
3.87
3.89
3.88
3.88
3.88
3.87
3.87
3.87
3.88
3.89
3.89
3.89
3.89
3.89
3.89
3.88
3.88
3.88
3.89
3.89
3.89
3.89
3.90
3.89
3.90
3.90
3.90
3.89
3.89
3.89
3.90
3.91
3.91
3.92
3.91
3.91
3.91
3.91
3.91
3.91
3.91
3.91
3.91
3.92
3.91
3.91
3.91
3.91
3.91
3.91
3.91
3.91
3.91
3.92
3.91
3.91
3.90
3.90
3.90
3.90
3.89
3.90
3.90
3.90
3.91
3.91
3.91
3.91
3.90
3.90
3.90
3.89
3.88
3.89
3.88
3.88
3.89
3.89
3.89
3.89
3.89
3.89
3.89
3.88
3.89
3.89
3.89
3.89
3.88
3.88
3.88
3.88
3.89
3.90
3.89
3.89
3.89
3.88
3.89
3.89
3.89
3.89
3.89
3.89
3.89
3.89
3.89
3.89
3.89
3.88
3.89
3.88
3.88
3.88
3.89
3.89
3.89
3.89
3.89
3.89
3.89
3.90
3.90
3.90
3.91
3.90
3.90
3.90
3.90
3.90
3.89
3.89
3.89
3.90
3.90
3.90
3.90
3.90
3.90
3.91
3.91
3.91
3.90
3.90
3.90
3.90
3.91
3.91
3.91
3.91
3.91
3.91
3.91
3.91
3.91
3.91
3.91
3.91
3.91
3.91
3.91
3.91
3.90
3.90
3.90
3.90
