75.00
76.56
78.65
79.69
78.75
79.17
79.02
79.49
80.38
81.09
81.25
80.99
81.13
81.70
82.19
82.71
82.81
83.07
83.22
83.28
83.18
83.24
83.02
83.07
83.06
83.11
83.04
83.09
83.14
82.76
82.81
83.01
82.95
82.67
82.68
82.68
82.77
82.73
82.57
82.23
82.24
82.25
82.27
82.24
82.15
82.07
82.15
82.16
82.05
82.00
81.95
82.15
82.16
82.12
82.22
82.25
82.10
82.14
82.20
82.27
82.15
82.06
82.09
82.13
82.09
82.17
82.07
82.17
82.16
82.12
82.06
82.05
82.17
82.24
82.27
82.24
82.26
82.21
82.16
82.19
82.23
82.22
82.23
82.25
82.26
82.21
82.24
82.21
82.25
82.33
82.30
82.25
82.22
82.21
82.30
82.32
82.33
82.35
82.37
82.34
82.35
82.34
82.33
82.26
82.31
82.30
82.24
82.18
82.22
82.22
82.12
82.09
82.09
82.14
82.11
82.15
82.10
82.11
82.13
82.15
82.23
82.24
82.19
82.17
82.17
82.20
82.22
82.28
82.24
82.19
82.19
82.23
82.25
82.23
82.25
82.22
82.21
82.19
82.22
82.15
82.17
82.15
82.12
82.12
82.06
82.06
82.06
82.01
81.95
81.94
81.96
82.00
82.06
82.08
82.09
82.09
82.07
82.09
82.08
82.07
82.08
82.08
82.08
82.09
82.11
82.11
82.11
82.13
82.12
82.13
82.15
82.09
82.05
82.07
82.04
82.04
82.04
81.99
82.04
82.06
82.05
82.06
82.04
82.00
82.00
82.08
82.06
82.06
82.08
82.12
82.13
82.10
82.07
82.08
82.10
82.13
82.08
82.06
82.06
82.07
82.09
82.09
82.10
82.10
82.05
82.03
82.06
82.08
82.07
82.06
82.04
82.00
82.01
81.96
81.96
81.97
81.96
81.95
81.96
81.94
81.94
81.93
81.90
81.95
81.90
81.91
81.90
81.90
81.88
81.90
81.91
81.86
81.85
81.84
81.82
81.86
81.89
81.89
81.91
81.92
81.90
81.86
81.83
81.83
81.82
81.80
81.78
81.74
81.76
81.78
81.77
81.78
81.77
81.69
81.68
81.71
81.73
81.74
81.72
81.72
81.72
81.69
81.70
81.69
81.65
81.66
81.68
81.68
81.69
81.68
81.68
81.70
81.73
81.72
81.73
81.73
81.74
81.73
81.76
81.76
81.76
81.75
81.74
81.75
81.73
81.73
81.72
81.71
81.70
81.70
81.71
81.70
81.70
81.68
81.65
81.64
81.64
81.69
81.70
81.72
81.73
81.71
81.71
81.72
81.72
81.72
81.70
81.69
81.70
81.68
81.69
81.69
81.69
81.68
81.70
81.69
81.68
81.70
81.71
81.70
81.69
81.70
81.71
81.70
81.71
81.70
81.69
81.70
81.72
81.70
81.71
81.71
81.71
81.74
81.74
81.75
81.72
81.74
81.72
81.71
81.71
81.70
81.69
81.67
81.68
81.69
81.67
81.68
81.69
81.71
81.71
81.70
81.67
81.68
81.69
81.70
81.71
81.73
81.72
81.76
81.77
81.77
81.73
81.73
81.75
81.75
81.77
81.77
81.76
81.77
81.79
81.76
81.79
81.79
81.81
81.81
81.83
81.81
81.81
81.81
81.82
81.81
81.83
81.83
81.84
81.82
81.82
81.82
81.79
81.78
81.77
81.78
81.77
81.78
81.77
81.78
81.77
81.78
81.78
81.78
81.79
81.76
81.76
81.75
81.76
81.76
81.76
81.74
81.75
81.76
81.76
81.75
81.75
81.74
81.76
81.76
81.74
81.73
81.72
81.72
81.72
81.73
81.72
81.71
81.71
81.72
81.73
81.71
81.73
81.73
81.75
81.73
81.75
81.75
81.75
81.77
81.76
81.78
81.79
81.80
81.79
81.77
81.78
81.78
81.78
81.78
81.75
81.76
81.75
81.77
81.77
81.76
81.76
81.76
81.75
81.75
81.76
81.77
81.77
81.76
81.73
81.71
81.74
81.76
81.75
81.73
81.72
81.71
81.74
81.74
81.74
81.75
81.75
81.75
81.75
81.76
81.76
81.76
81.77
81.77
81.76
81.76
81.76
81.75
81.77
81.76
81.75
81.74
81.74
81.73
81.73
81.73
81.72
81.73
81.73
81.74
81.74
81.73
81.74
81.73
81.73
81.74
81.74
81.73
81.73
81.74
81.75
81.75
81.75
81.76
81.74
81.74
81.74
81.72
81.72
81.71
81.70
81.70
81.68
81.67
81.66
81.66
81.66
81.67
81.65
81.64
81.63
81.63
81.62
81.62
81.62
81.62
81.62
81.64
81.64
81.63
81.63
81.62
81.62
81.62
81.62
81.63
81.64
81.65
81.65
81.63
81.64
81.65
81.65
81.65
81.64
81.63
81.63
81.64
81.63
81.64
81.64
81.63
81.62
81.60
81.61
81.61
81.63
81.62
81.62
81.62
81.63
81.63
81.63
81.64
81.65
81.64
81.64
81.65
81.65
81.66
81.66
81.65
81.65
81.65
81.66
81.66
81.65
81.65
81.65
81.66
81.65
81.65
81.65
81.67
81.66
81.65
81.65
81.65
81.64
81.65
81.65
81.63
81.62
81.63
81.64
81.63
81.62
81.62
81.61
81.60
81.60
81.59
81.60
81.60
81.61
81.60
81.59
81.59
81.58
81.58
81.57
81.56
81.56
81.56
81.57
81.57
81.57
81.57
81.56
81.56
81.56
81.56
81.56
81.57
81.58
81.57
81.58
81.57
81.56
81.57
81.57
81.55
81.56
81.58
81.56
81.57
81.56
81.57
81.56
81.57
81.58
81.59
81.59
81.59
81.59
81.59
81.60
81.61
81.61
81.62
81.62
81.63
81.65
81.65
81.64
81.64
81.65
81.65
81.65
81.66
81.65
81.65
81.64
81.63
81.63
81.64
81.65
81.65
81.66
81.65
81.65
81.64
81.64
81.65
81.65
81.65
81.65
81.66
81.67
81.68
81.66
81.67
81.66
81.66
81.65
81.65
81.64
81.65
81.67
81.67
81.66
81.66
81.65
81.66
81.66
81.65
81.65
81.66
81.66
81.67
81.67
81.67
81.67
81.68
81.67
81.68
81.67
81.67
81.66
81.65
81.66
81.67
81.67
81.66
81.67
81.66
81.65
81.66
81.66
81.65
81.64
81.64
81.64
81.64
81.64
81.65
81.64
81.64
81.64
81.65
81.65
81.66
81.66
81.65
81.66
81.66
81.66
81.66
81.66
81.66
81.65
81.66
81.67
81.67
81.68
81.68
81.68
81.68
81.68
81.69
81.69
81.69
81.69
81.70
81.69
81.70
81.69
81.68
81.68
81.68
81.69
81.68
81.67
81.66
81.67
81.67
81.67
81.67
81.67
81.67
81.67
81.67
81.68
81.67
81.67
81.60
