82.81
81.25
81.77
82.42
82.81
84.38
83.71
82.23
81.94
81.72
81.96
82.03
81.85
81.92
81.67
82.13
82.17
82.20
82.57
82.27
82.29
82.10
82.27
81.97
81.75
82.03
82.29
82.42
82.22
82.24
82.51
82.62
82.53
82.63
82.59
82.47
82.39
82.61
82.49
82.34
82.24
82.29
82.30
82.32
82.22
82.24
82.28
82.16
82.24
82.06
81.99
82.03
82.22
82.23
82.19
82.03
82.02
81.98
81.97
81.82
81.81
81.78
81.75
81.74
81.68
81.51
81.51
81.48
81.54
81.61
81.65
81.58
81.53
81.57
81.48
81.48
81.45
81.39
81.43
81.41
81.42
81.36
81.25
81.21
81.29
81.29
81.20
81.25
81.37
81.35
81.32
81.33
81.33
81.40
81.43
81.46
81.49
81.44
81.44
81.41
81.40
81.42
81.39
81.37
81.32
81.34
81.35
81.29
81.32
81.35
81.39
81.40
81.36
81.39
81.29
81.25
81.25
81.33
81.32
81.26
81.20
81.21
81.22
81.25
81.25
81.29
81.21
81.21
81.24
81.24
81.23
81.24
81.21
81.17
81.18
81.18
81.17
81.20
81.23
81.25
81.31
81.31
81.29
81.30
81.29
81.31
81.38
81.41
81.39
81.40
81.36
81.39
81.42
81.43
81.44
81.46
81.51
81.50
81.49
81.45
81.45
81.48
81.50
81.47
81.46
81.46
81.46
81.46
81.49
81.47
81.51
81.53
81.56
81.58
81.60
81.54
81.53
81.56
81.59
81.56
81.56
81.61
81.63
81.59
81.62
81.63
81.65
81.64
81.64
81.64
81.63
81.61
81.61
81.60
81.65
81.60
81.61
81.64
81.62
81.62
81.62
81.61
81.61
81.64
81.63
81.58
81.58
81.63
81.61
81.58
81.57
81.57
81.57
81.60
81.61
81.63
81.62
81.59
81.59
81.59
81.60
81.60
81.59
81.60
81.58
81.58
81.57
81.59
81.59
81.58
81.55
81.54
81.55
81.53
81.54
81.55
81.59
81.60
81.59
81.58
81.58
81.59
81.59
81.59
81.59
81.56
81.53
81.52
81.51
81.51
81.51
81.49
81.45
81.47
81.48
81.48
81.47
81.43
81.41
81.42
81.47
81.47
81.44
81.46
81.47
81.50
81.48
81.45
81.45
81.47
81.46
81.47
81.46
81.43
81.44
81.44
81.47
81.45
81.41
81.41
81.42
81.43
81.42
81.39
81.37
81.38
81.39
81.40
81.42
81.40
81.41
81.40
81.42
81.43
81.45
81.46
81.45
81.43
81.42
81.41
81.41
81.42
81.41
81.43
81.41
81.39
81.38
81.39
81.40
81.42
81.41
81.41
81.43
81.46
81.47
81.47
81.48
81.48
81.50
81.51
81.51
81.50
81.51
81.52
81.52
81.52
81.53
81.54
81.54
81.56
81.56
81.59
81.57
81.59
81.57
81.55
81.54
81.56
81.56
81.56
81.58
81.56
81.55
81.56
81.54
81.57
81.56
81.58
81.59
81.59
81.60
81.61
81.62
81.63
81.64
81.65
81.67
81.66
81.66
81.67
81.67
81.68
81.68
81.67
81.67
81.66
81.65
81.67
81.67
81.66
81.68
81.66
81.66
81.64
81.64
81.64
81.64
81.63
81.62
81.63
81.63
81.64
81.63
81.65
81.66
81.64
81.65
81.65
81.66
81.65
81.65
81.66
81.67
81.67
81.67
81.68
81.68
81.67
81.65
81.64
81.65
81.64
81.64
81.64
81.65
81.65
81.66
81.68
81.67
81.66
81.66
81.63
81.63
81.63
81.63
81.64
81.65
81.64
81.64
81.63
81.61
81.61
81.60
81.58
81.58
81.59
81.60
81.60
81.61
81.61
81.61
81.62
81.64
81.61
81.63
81.64
81.66
81.62
81.62
81.62
81.60
81.59
81.57
81.57
81.58
81.57
81.58
81.58
81.59
81.57
81.59
81.59
81.60
81.60
81.62
81.62
81.62
81.64
81.64
81.63
81.63
81.61
81.61
81.61
81.62
81.62
81.61
81.61
81.60
81.58
81.57
81.56
81.55
81.55
81.56
81.55
81.54
81.54
81.54
81.56
81.56
81.56
81.54
81.55
81.55
81.53
81.52
81.53
81.54
81.55
81.56
81.56
81.55
81.55
81.54
81.54
81.53
81.52
81.53
81.53
81.52
81.53
81.54
81.53
81.54
81.54
81.54
81.54
81.54
81.54
81.53
81.54
81.55
81.54
81.54
81.56
81.57
81.57
81.56
81.55
81.56
81.55
81.55
81.54
81.54
81.53
81.51
81.52
81.54
81.54
81.53
81.54
81.52
81.51
81.51
81.52
81.52
81.53
81.54
81.53
81.54
81.56
81.57
81.57
81.57
81.56
81.56
81.55
81.56
81.57
81.57
81.58
81.58
81.59
81.59
81.58
81.58
81.59
81.59
81.59
81.59
81.60
81.61
81.61
81.59
81.60
81.57
81.57
81.57
81.58
81.59
81.59
81.58
81.57
81.58
81.58
81.59
81.60
81.60
81.58
81.58
81.57
81.58
81.58
81.57
81.57
81.56
81.57
81.59
81.58
81.58
81.57
81.57
81.56
81.56
81.56
81.56
81.56
81.56
81.56
81.56
81.55
81.55
81.54
81.55
81.55
81.55
81.56
81.57
81.58
81.59
81.60
81.61
81.62
81.61
81.62
81.61
81.62
81.62
81.61
81.62
81.63
81.63
81.62
81.63
81.65
81.66
81.67
81.68
81.66
81.67
81.67
81.67
81.67
81.67
81.69
81.69
81.68
81.69
81.69
81.70
81.70
81.71
81.71
81.71
81.70
81.70
81.70
81.71
81.70
81.70
81.70
81.71
81.71
81.70
81.70
81.71
81.72
81.73
81.73
81.74
81.74
81.74
81.72
81.71
81.71
81.70
81.70
81.70
81.70
81.71
81.71
81.70
81.70
81.71
81.72
81.72
81.72
81.73
81.73
81.75
81.74
81.74
81.75
81.75
81.77
81.76
81.77
81.76
81.76
81.76
81.76
81.77
81.78
81.78
81.77
81.78
81.78
81.78
81.79
81.79
81.80
81.80
81.81
81.82
81.83
81.83
81.82
81.83
81.83
81.82
81.82
81.82
81.83
81.82
81.82
81.82
81.82
81.82
81.81
81.81
81.82
81.81
81.81
81.79
81.81
81.81
81.81
81.82
81.82
81.83
81.83
81.84
81.83
81.83
81.83
81.83
81.83
81.84
81.85
81.85
81.86
81.87
81.88
81.88
81.87
81.86
81.86
81.86
81.86
81.86
81.85
81.84
81.84
81.84
81.84
81.84
81.84
81.84
81.84
81.83
81.83
81.84
81.83
81.83
81.82
81.81
81.82
81.82
81.83
81.84
81.84
81.84
81.83
81.83
81.83
81.83
81.84
81.84
81.83
81.83
81.75
