79.69
82.81
84.90
85.94
85.31
84.64
85.04
84.38
84.20
84.38
84.09
84.11
84.01
83.93
83.65
83.50
83.36
83.59
83.39
83.44
83.56
83.66
83.76
83.59
83.75
83.59
83.62
83.59
83.62
83.49
83.62
83.69
83.62
83.55
83.48
83.33
83.36
83.31
83.45
83.36
83.38
83.18
83.39
83.27
83.16
83.08
83.21
83.37
83.39
83.31
83.30
83.17
83.11
83.10
83.27
83.20
83.17
83.14
83.16
83.26
83.17
83.37
83.33
83.40
83.25
83.12
83.02
82.97
83.04
82.92
82.97
83.05
83.11
83.13
83.06
83.06
83.02
83.07
83.11
82.97
83.01
82.95
83.00
83.04
83.07
82.99
83.01
82.99
83.01
83.00
82.93
82.98
82.98
82.93
82.85
82.89
82.86
82.80
82.80
82.81
82.81
82.80
82.80
82.78
82.80
82.77
82.81
82.81
82.80
82.74
82.76
82.77
82.80
82.76
82.69
82.72
82.65
82.67
82.68
82.72
82.75
82.72
82.70
82.64
82.60
82.64
82.62
82.65
82.55
82.57
82.61
82.56
82.52
82.47
82.42
82.42
82.41
82.46
82.45
82.44
82.46
82.52
82.52
82.52
82.49
82.45
82.50
82.46
82.42
82.49
82.43
82.43
82.46
82.43
82.38
82.35
82.33
82.33
82.35
82.35
82.39
82.30
82.29
82.23
82.26
82.20
82.20
82.25
82.25
82.26
82.29
82.19
82.19
82.23
82.25
82.23
82.20
82.22
82.25
82.21
82.20
82.19
82.24
82.26
82.26
82.25
82.28
82.21
82.17
82.15
82.13
82.13
82.12
82.11
82.09
82.11
82.14
82.12
82.17
82.18
82.17
82.16
82.15
82.12
82.13
82.12
82.13
82.11
82.13
82.14
82.12
82.10
82.05
82.02
81.98
81.98
81.98
81.97
81.98
81.98
81.99
81.98
81.96
81.95
81.98
81.99
81.99
82.02
82.01
81.98
81.99
82.02
82.03
82.03
82.00
82.02
82.01
82.02
82.01
82.02
81.99
81.99
82.01
81.99
82.02
81.99
81.97
81.97
81.95
81.94
81.95
81.94
81.94
81.96
81.97
81.94
81.92
81.93
81.91
81.89
81.90
81.91
81.89
81.87
81.85
81.89
81.88
81.87
81.87
81.89
81.86
81.84
81.82
81.83
81.81
81.80
81.84
81.86
81.84
81.83
81.84
81.83
81.86
81.85
81.84
81.85
81.85
81.85
81.85
81.84
81.85
81.87
81.86
81.87
81.88
81.85
81.87
81.87
81.87
81.86
81.88
81.87
81.87
81.88
81.87
81.87
81.90
81.89
81.91
81.91
81.91
81.91
81.87
81.86
81.84
81.82
81.79
81.78
81.76
81.77
81.79
81.78
81.78
81.77
81.75
81.75
81.76
81.77
81.76
81.72
81.69
81.68
81.67
81.68
81.69
81.71
81.72
81.74
81.71
81.72
81.73
81.73
81.73
81.74
81.72
81.73
81.72
81.72
81.72
81.70
81.72
81.69
81.70
81.71
81.71
81.72
81.73
81.73
81.71
81.71
81.69
81.69
81.68
81.66
81.67
81.68
81.70
81.68
81.67
81.66
81.65
81.66
81.65
81.65
81.65
81.64
81.61
81.61
81.59
81.60
81.61
81.61
81.62
81.62
81.64
81.65
81.64
81.62
81.62
81.61
81.61
81.61
81.59
81.60
81.60
81.61
81.60
81.60
81.61
81.61
81.62
81.62
81.64
81.64
81.63
81.63
81.63
81.64
81.64
81.67
81.66
81.69
81.71
81.71
81.72
81.71
81.70
81.74
81.75
81.75
81.77
81.78
81.77
81.77
81.78
81.77
81.79
81.77
81.76
81.77
81.75
81.74
81.72
81.73
81.75
81.74
81.74
81.75
81.74
81.74
81.75
81.75
81.74
81.74
81.73
81.73
81.71
81.72
81.73
81.73
81.72
81.72
81.73
81.74
81.74
81.76
81.73
81.76
81.76
81.78
81.79
81.79
81.78
81.78
81.78
81.79
81.80
81.81
81.82
81.82
81.81
81.80
81.81
81.82
81.83
81.82
81.82
81.83
81.84
81.84
81.85
81.83
81.84
81.84
81.85
81.85
81.84
81.83
81.83
81.82
81.82
81.83
81.83
81.81
81.80
81.79
81.79
81.77
81.77
81.76
81.75
81.73
81.72
81.71
81.72
81.74
81.74
81.75
81.76
81.75
81.75
81.73
81.74
81.74
81.73
81.72
81.74
81.73
81.74
81.75
81.76
81.76
81.76
81.78
81.79
81.79
81.79
81.79
81.78
81.78
81.79
81.78
81.78
81.77
81.77
81.76
81.77
81.76
81.77
81.78
81.78
81.77
81.78
81.78
81.78
81.78
81.78
81.79
81.79
81.78
81.79
81.80
81.79
81.79
81.78
81.78
81.78
81.79
81.80
81.80
81.80
81.80
81.81
81.80
81.81
81.80
81.80
81.81
81.80
81.79
81.79
81.80
81.79
81.78
81.78
81.79
81.81
81.81
81.82
81.83
81.82
81.82
81.82
81.82
81.82
81.81
81.82
81.82
81.84
81.84
81.84
81.85
81.85
81.84
81.85
81.84
81.84
81.84
81.83
81.83
81.84
81.84
81.84
81.83
81.84
81.83
81.83
81.82
81.82
81.81
81.81
81.82
81.82
81.84
81.83
81.84
81.84
81.84
81.83
81.82
81.84
81.84
81.85
81.84
81.84
81.85
81.84
81.83
81.83
81.84
81.83
81.82
81.83
81.84
81.85
81.86
81.86
81.86
81.86
81.87
81.87
81.87
81.89
81.89
81.90
81.89
81.88
81.88
81.89
81.87
81.87
81.87
81.87
81.87
81.88
81.86
81.86
81.86
81.86
81.86
81.87
81.87
81.86
81.86
81.86
81.87
81.85
81.85
81.85
81.86
81.87
81.86
81.87
81.87
81.87
81.86
81.87
81.88
81.88
81.88
81.87
81.86
81.86
81.85
81.85
81.84
81.83
81.83
81.83
81.83
81.82
81.81
81.81
81.82
81.82
81.81
81.80
81.80
81.82
81.82
81.82
81.82
81.83
81.84
81.84
81.84
81.83
81.83
81.82
81.82
81.82
81.82
81.83
81.82
81.82
81.83
81.83
81.80
81.82
81.83
81.82
81.82
81.83
81.85
81.86
81.86
81.86
81.84
81.85
81.85
81.85
81.85
81.84
81.83
81.82
81.83
81.84
81.84
81.84
81.84
81.84
81.83
81.83
81.83
81.83
81.83
81.83
81.83
81.83
81.83
81.82
81.82
81.83
81.83
81.84
81.84
81.84
81.85
81.83
81.84
81.85
81.85
81.85
81.86
81.86
81.85
81.85
81.84
81.83
81.84
81.86
81.85
81.85
81.85
81.86
81.87
81.88
81.89
81.90
81.89
81.88
81.80
