84.38
85.16
84.90
84.38
81.88
83.33
83.04
83.79
83.33
82.03
81.68
82.29
82.45
82.70
82.71
82.42
81.99
82.20
82.15
82.50
82.96
82.95
82.88
83.33
83.56
83.53
83.62
83.26
83.19
83.07
83.17
83.30
83.24
82.95
82.77
82.86
82.60
82.69
82.69
82.81
82.89
82.96
82.74
82.74
82.71
82.74
82.78
82.88
82.78
82.72
82.75
82.66
82.58
82.58
82.50
82.48
82.35
82.41
82.42
82.34
82.40
82.38
82.34
82.35
82.50
82.53
82.53
82.51
82.43
82.37
82.50
82.44
82.51
82.52
82.48
82.52
82.61
82.67
82.77
82.71
82.68
82.60
82.61
82.66
82.72
82.65
82.70
82.71
82.67
82.66
82.61
82.61
82.63
82.63
82.71
82.68
82.68
82.67
82.75
82.75
82.77
82.67
82.72
82.74
82.77
82.71
82.71
82.65
82.63
82.70
82.63
82.65
82.72
82.73
82.73
82.72
82.73
82.72
82.75
82.73
82.71
82.74
82.72
82.79
82.79
82.74
82.74
82.67
82.58
82.61
82.62
82.60
82.54
82.54
82.51
82.53
82.52
82.52
82.55
82.53
82.52
82.52
82.53
82.54
82.58
82.56
82.58
82.60
82.63
82.60
82.62
82.67
82.63
82.62
82.62
82.60
82.59
82.58
82.60
82.61
82.60
82.58
82.53
82.55
82.53
82.53
82.54
82.50
82.45
82.44
82.44
82.49
82.47
82.38
82.36
82.36
82.39
82.41
82.37
82.35
82.40
82.38
82.45
82.47
82.49
82.45
82.44
82.47
82.48
82.50
82.53
82.54
82.51
82.52
82.51
82.52
82.55
82.56
82.57
82.55
82.56
82.51
82.49
82.45
82.45
82.48
82.50
82.49
82.51
82.49
82.50
82.50
82.55
82.57
82.55
82.59
82.57
82.51
82.50
82.49
82.47
82.48
82.46
82.46
82.47
82.47
82.48
82.46
82.44
82.45
82.46
82.48
82.46
82.47
82.50
82.53
82.52
82.48
82.49
82.47
82.46
82.46
82.43
82.45
82.46
82.41
82.43
82.42
82.43
82.40
82.45
82.47
82.48
82.47
82.46
82.45
82.49
82.49
82.50
82.49
82.48
82.47
82.47
82.48
82.46
82.42
82.41
82.41
82.38
82.37
82.36
82.40
82.40
82.41
82.41
82.43
82.42
82.41
82.41
82.42
82.40
82.38
82.37
82.37
82.36
82.35
82.36
82.35
82.37
82.38
82.41
82.42
82.41
82.45
82.47
82.47
82.47
82.46
82.46
82.49
82.46
82.46
82.44
82.43
82.41
82.42
82.42
82.41
82.37
82.38
82.42
82.42
82.42
82.41
82.41
82.43
82.41
82.41
82.42
82.39
82.36
82.36
82.34
82.33
82.33
82.36
82.37
82.38
82.39
82.41
82.41
82.39
82.37
82.35
82.36
82.34
82.33
82.33
82.32
82.30
82.30
82.30
82.31
82.32
82.32
82.32
82.33
82.33
82.34
82.33
82.35
82.35
82.31
82.32
82.33
82.30
82.29
82.29
82.31
82.31
82.33
82.33
82.31
82.31
82.30
82.28
82.28
82.28
82.27
82.28
82.29
82.27
82.23
82.24
82.25
82.25
82.26
82.26
82.25
82.23
82.21
82.20
82.20
82.19
82.20
82.21
82.17
82.17
82.19
82.21
82.20
82.20
82.16
82.18
82.16
82.17
82.17
82.16
82.16
82.14
82.12
82.12
82.11
82.13
82.13
82.14
82.13
82.13
82.12
82.12
82.11
82.11
82.13
82.11
82.13
82.13
82.13
82.11
82.10
82.10
82.09
82.09
82.09
82.10
82.10
82.10
82.12
82.12
82.11
82.10
82.09
82.08
82.06
82.07
82.08
82.08
82.08
82.07
82.08
82.08
82.05
82.06
82.06
82.07
82.08
82.09
82.09
82.10
82.10
82.10
82.08
82.07
82.08
82.09
82.11
82.12
82.13
82.13
82.11
82.11
82.10
82.10
82.08
82.06
82.06
82.08
82.08
82.09
82.07
82.07
82.06
82.06
82.06
82.04
82.02
82.03
82.02
82.00
82.02
82.03
82.02
82.02
82.01
82.00
81.99
82.00
81.99
81.98
81.99
82.01
82.01
82.01
81.99
82.01
81.99
82.00
81.99
82.01
82.01
82.00
81.99
81.98
81.98
81.97
81.96
81.97
