81.25
81.25
83.85
83.98
81.56
80.47
81.92
81.05
81.60
81.56
81.68
81.38
80.65
81.25
81.15
80.76
81.07
81.16
81.00
81.17
80.88
80.68
80.71
80.92
81.06
80.53
80.56
80.58
80.50
80.83
80.75
81.05
81.20
81.20
81.34
81.38
81.46
81.29
81.37
81.33
81.10
81.14
81.32
81.32
81.25
81.15
81.28
81.38
81.28
81.44
81.25
81.13
81.10
80.99
81.02
81.00
80.95
80.93
80.83
80.86
80.94
80.95
81.05
81.05
81.01
80.92
80.97
81.04
81.18
81.16
81.18
81.27
81.31
81.25
81.27
81.17
81.19
81.17
81.29
81.39
81.39
81.35
81.29
81.32
81.36
81.34
81.27
81.23
81.23
81.32
81.39
81.35
81.30
81.37
81.41
81.49
81.54
81.51
81.53
81.47
81.44
81.50
81.54
81.64
81.58
81.62
81.67
81.70
81.74
81.70
81.70
81.71
81.76
81.69
81.68
81.72
81.78
81.82
81.85
81.82
81.79
81.80
81.76
81.75
81.77
81.78
81.79
81.80
81.80
81.80
81.74
81.66
81.63
81.53
81.54
81.53
81.55
81.54
81.56
81.56
81.56
81.56
81.57
81.61
81.59
81.57
81.58
81.63
81.61
81.67
81.69
81.70
81.71
81.72
81.72
81.72
81.72
81.74
81.80
81.79
81.78
81.84
81.80
81.85
81.87
81.84
81.83
81.85
81.92
81.93
81.94
81.93
81.95
81.93
81.94
81.92
81.91
81.86
81.83
81.81
81.81
81.86
81.87
81.84
81.87
81.88
81.88
81.89
81.91
81.92
81.94
81.96
81.97
81.93
81.92
81.88
81.90
81.90
81.86
81.88
81.86
81.86
81.88
81.86
81.84
81.87
81.88
81.86
81.88
81.87
81.89
81.92
81.92
81.91
81.93
81.93
81.93
81.93
81.96
81.95
81.94
81.93
81.94
81.93
81.88
81.89
81.84
81.85
81.83
81.79
81.79
81.79
81.80
81.82
81.83
81.83
81.86
81.85
81.87
81.90
81.91
81.92
81.89
81.86
81.87
81.89
81.91
81.93
81.93
81.93
81.95
81.93
81.94
81.93
81.92
81.92
81.89
81.88
81.87
81.82
81.81
81.85
81.86
81.83
81.85
81.84
81.80
81.77
81.76
81.77
81.76
81.76
81.80
81.81
81.78
81.82
81.80
81.79
81.79
81.80
81.81
81.82
81.82
81.81
81.81
81.82
81.82
81.79
81.80
81.80
81.80
81.82
81.82
81.81
81.82
81.85
81.86
81.87
81.86
81.86
81.85
81.85
81.86
81.86
81.86
81.90
81.93
81.92
81.93
81.94
81.96
81.99
81.98
82.00
81.96
81.98
81.94
81.95
81.96
81.94
81.96
81.96
82.00
82.01
82.01
82.01
82.01
82.03
82.02
82.03
82.04
82.05
82.04
82.01
82.01
82.00
82.01
82.01
82.00
82.00
81.99
81.99
82.00
82.00
82.00
82.00
81.99
81.98
81.99
82.01
82.00
81.99
82.00
81.98
81.97
81.98
81.99
81.99
82.01
82.01
82.00
82.01
82.00
81.99
81.97
81.99
81.99
82.01
82.01
82.00
82.02
82.01
82.02
82.02
82.03
82.05
82.05
82.02
82.01
82.04
82.03
82.05
82.05
82.07
82.07
82.08
82.09
82.07
82.07
82.08
82.08
82.08
82.10
82.11
82.11
82.11
82.11
82.12
82.12
82.11
82.12
82.11
82.12
82.12
82.10
82.08
82.08
82.09
82.10
82.10
82.11
82.10
82.12
82.11
82.13
82.15
82.15
82.12
82.14
82.15
82.13
82.13
82.14
82.14
82.15
82.16
82.16
82.17
82.16
82.17
82.18
82.17
82.18
82.18
82.17
82.17
82.18
82.16
82.17
82.18
82.19
82.18
82.18
82.19
82.18
82.16
82.14
82.17
82.15
82.16
82.17
82.18
82.18
82.19
82.18
82.18
82.19
82.20
82.20
82.19
82.20
82.20
82.19
82.20
82.19
82.20
82.19
82.20
82.21
82.21
82.21
82.21
82.21
82.21
82.21
82.20
82.20
82.19
82.19
82.21
82.20
82.19
82.20
82.19
82.17
82.18
82.16
82.19
82.18
82.21
82.22
82.22
82.24
82.24
82.25
82.25
82.24
82.22
82.23
82.22
82.24
82.26
82.25
82.25
82.23
82.22
82.23
82.21
82.21
82.22
82.22
82.22
82.21
82.22
82.22
82.23
82.22
82.23
82.23
82.23
82.22
82.22
82.23
82.23
82.23
82.21
82.21
82.21
82.21
82.23
82.23
82.23
82.23
82.24
82.22
82.23
82.24
82.22
82.21
82.20
82.19
82.21
82.19
82.17
82.19
82.19
82.18
82.18
82.17
82.17
82.17
82.18
82.19
82.18
82.18
82.19
82.18
82.18
82.18
82.17
82.17
82.16
82.17
82.18
82.17
82.17
82.18
82.19
82.18
82.19
82.19
82.19
82.18
82.16
82.15
82.15
82.16
82.16
82.15
82.15
82.15
82.14
82.14
82.14
82.14
82.14
82.12
82.12
82.13
82.13
82.13
82.11
82.11
82.10
82.09
82.10
82.10
82.11
82.12
82.13
82.14
82.14
82.14
82.13
82.14
82.13
82.12
82.13
82.14
82.12
82.11
82.11
82.11
82.12
82.11
82.12
82.13
82.12
82.13
82.13
82.14
82.13
82.12
82.14
82.13
82.12
82.11
82.11
82.12
82.13
82.10
82.10
82.10
82.10
82.10
82.10
82.10
82.11
82.10
82.11
82.10
82.10
82.11
82.11
82.11
82.11
82.10
82.11
82.10
82.10
82.12
82.11
82.12
82.13
82.13
82.13
82.13
82.14
82.14
82.14
82.14
82.14
82.14
82.15
82.16
82.14
82.15
82.16
82.16
82.16
82.17
82.17
82.18
82.18
82.17
82.17
82.16
82.16
82.15
82.15
82.14
82.14
82.14
82.14
82.14
82.13
82.11
82.10
82.10
82.09
82.10
82.11
82.10
82.11
82.10
82.10
82.10
82.08
82.09
82.09
82.10
82.10
82.09
82.10
82.10
82.10
82.10
82.09
82.08
82.09
82.09
82.09
82.09
82.09
82.09
82.09
82.09
82.09
82.08
82.08
82.07
82.07
82.06
82.06
82.06
82.05
82.05
82.05
82.03
82.03
82.02
82.02
82.03
82.03
82.03
82.02
82.02
82.03
82.03
82.04
82.05
82.05
82.04
82.04
82.04
82.04
82.03
82.02
82.03
82.03
82.02
82.03
82.02
82.03
82.02
82.00
81.99
81.99
81.99
81.98
81.97
81.96
81.97
81.98
81.98
81.98
81.98
81.97
81.97
81.97
81.97
81.97
81.97
81.98
81.98
81.98
81.98
81.98
81.98
81.98
81.98
81.90
