75.00
77.34
81.25
82.03
81.56
80.99
81.25
81.05
81.60
80.78
80.54
80.21
80.17
80.47
80.52
80.76
80.70
80.56
80.35
80.62
80.58
80.40
80.77
80.86
81.12
81.01
81.13
81.08
81.25
81.20
81.40
81.40
81.34
81.39
81.52
81.55
81.55
81.50
81.45
81.56
81.52
81.66
81.94
81.85
81.74
81.79
81.62
81.67
81.66
81.78
81.86
81.94
81.84
81.80
81.62
81.64
81.74
81.84
81.94
81.93
81.84
81.91
81.99
82.01
82.04
81.91
81.88
81.94
81.93
81.99
81.78
81.73
81.72
81.65
81.73
81.60
81.66
81.63
81.59
81.62
81.50
81.54
81.59
81.60
81.62
81.63
81.66
81.68
81.65
81.60
81.61
81.61
81.57
81.57
81.53
81.51
81.52
81.47
81.44
81.42
81.39
81.31
81.33
81.40
81.46
81.44
81.51
81.58
81.61
81.61
81.59
81.60
81.62
81.63
81.58
81.55
81.54
81.51
81.54
81.51
81.60
81.62
81.64
81.69
81.74
81.66
81.63
81.59
81.52
81.53
81.60
81.61
81.66
81.60
81.57
81.55
81.56
81.60
81.58
81.55
81.56
81.56
81.58
81.64
81.66
81.68
81.64
81.63
81.69
81.72
81.67
81.60
81.59
81.63
81.64
81.66
81.64
81.61
81.64
81.68
81.74
81.75
81.75
81.70
81.72
81.76
81.76
81.78
81.74
81.73
81.65
81.65
81.62
81.64
81.65
81.65
81.66
81.64
81.70
81.71
81.68
81.69
81.66
81.62
81.60
81.59
81.61
81.62
81.63
81.51
81.50
81.49
81.49
81.49
81.50
81.45
81.45
81.46
81.48
81.50
81.48
81.48
81.48
81.47
81.50
81.52
81.53
81.51
81.54
81.53
81.48
81.46
81.46
81.45
81.43
81.40
81.37
81.34
81.38
81.37
81.34
81.32
81.35
81.36
81.34
81.35
81.40
81.41
81.43
81.45
81.48
81.50
81.52
81.52
81.54
81.55
81.57
81.55
81.50
81.53
81.54
81.58
81.60
81.65
81.66
81.63
81.65
81.67
81.68
81.69
81.67
81.67
81.66
81.67
81.63
81.63
81.63
81.60
81.61
81.59
81.60
81.61
81.62
81.58
81.58
81.60
81.57
81.58
81.59
81.60
81.61
81.61
81.61
81.61
81.59
81.57
81.58
81.58
81.55
81.55
81.56
81.55
81.56
81.56
81.56
81.57
81.58
81.58
81.57
81.58
81.59
81.56
81.56
81.58
81.58
81.58
81.61
81.60
81.62
81.62
81.64
81.63
81.65
81.66
81.67
81.64
81.66
81.66
81.67
81.68
81.67
81.67
81.68
81.68
81.71
81.72
81.72
81.70
81.70
81.70
81.70
81.72
81.71
81.71
81.70
81.68
81.65
81.63
81.64
81.67
81.67
81.67
81.67
81.67
81.68
81.67
81.66
81.66
81.69
81.69
81.70
81.67
81.66
81.66
81.66
81.67
81.68
81.68
81.69
81.69
81.68
81.69
81.68
81.69
81.68
81.67
81.67
81.67
81.66
81.66
81.64
81.61
81.61
81.60
81.61
81.61
81.63
81.63
81.64
81.63
81.65
81.63
81.61
81.60
81.60
81.60
81.61
81.59
81.58
81.57
81.58
81.60
81.60
81.61
81.62
81.63
81.63
81.59
81.61
81.63
81.63
81.63
81.62
81.62
81.63
81.61
81.62
81.62
81.59
81.59
81.61
81.61
81.61
81.60
81.57
81.55
81.56
81.54
81.52
81.50
81.50
81.50
81.52
81.52
81.52
81.52
81.54
81.53
81.54
81.54
81.54
81.55
81.55
81.55
81.54
81.52
81.54
81.53
81.54
81.54
81.54
81.53
81.55
81.56
81.56
81.58
81.57
81.57
81.58
81.58
81.58
81.59
81.59
81.59
81.60
81.61
81.61
81.63
81.62
81.64
81.62
81.62
81.61
81.63
81.63
81.62
81.64
81.66
81.66
81.66
81.65
81.66
81.64
81.65
81.64
81.65
81.66
81.67
81.67
81.68
81.67
81.67
81.68
81.68
81.66
81.67
81.69
81.70
81.70
81.70
81.70
81.68
81.68
81.68
81.67
81.66
81.66
81.65
81.65
81.65
81.65
81.64
81.64
81.64
81.63
81.63
81.63
81.61
81.63
81.62
81.62
81.63
81.63
81.62
81.62
81.62
81.61
81.60
81.60
81.58
81.58
81.59
81.58
81.59
81.59
81.61
81.61
81.62
81.61
81.61
81.61
81.60
81.61
81.60
81.62
81.62
81.62
81.64
81.63
81.63
81.64
81.64
81.64
81.65
81.65
81.65
81.65
81.64
81.64
81.63
81.63
81.62
81.62
81.61
81.62
81.61
81.62
81.63
81.63
81.62
81.63
81.64
81.63
81.64
81.64
81.64
81.65
81.66
81.66
81.65
81.65
81.66
81.66
81.65
81.66
81.65
81.65
81.64
81.65
81.64
81.65
81.64
81.65
81.64
81.63
81.64
81.63
81.63
81.63
81.64
81.65
81.65
81.65
81.65
81.66
81.66
81.66
81.67
81.67
81.66
81.66
81.66
81.65
81.66
81.66
81.67
81.66
81.67
81.68
81.68
81.69
81.70
81.70
81.69
81.69
81.71
81.69
81.68
81.68
81.69
81.68
81.69
81.69
81.70
81.70
81.70
81.70
81.71
81.72
81.71
81.70
81.70
81.70
81.72
81.71
81.71
81.71
81.72
81.72
81.72
81.73
81.73
81.72
81.73
81.72
81.72
81.73
81.72
81.73
81.74
81.74
81.74
81.74
81.73
81.73
81.73
81.74
81.74
81.74
81.74
81.74
81.74
81.75
81.74
81.74
81.75
81.74
81.74
81.74
81.74
81.74
81.73
81.73
81.73
81.73
81.73
81.73
81.72
81.72
81.72
81.73
81.72
81.74
81.74
81.75
81.73
81.74
81.73
81.74
81.73
81.74
81.73
81.72
81.72
81.73
81.73
81.72
81.72
81.72
81.71
81.72
81.71
81.70
81.69
81.69
81.69
81.69
81.69
81.69
81.69
81.70
81.71
81.71
81.71
81.71
81.70
81.69
81.69
81.70
81.70
81.70
81.69
81.69
81.69
81.70
81.70
81.68
81.69
81.69
81.69
81.69
81.70
81.70
81.70
81.69
81.69
81.69
81.68
81.67
81.67
81.68
81.69
81.69
81.69
81.68
81.67
81.68
81.69
81.69
81.68
81.68
81.68
81.69
81.68
81.67
81.67
81.68
81.67
81.67
81.67
81.67
81.68
81.68
81.67
81.66
81.66
81.66
81.66
81.67
81.67
81.66
81.64
81.64
81.64
81.65
81.66
81.66
81.66
81.65
81.66
81.65
81.62
81.62
81.62
81.63
81.62
81.62
81.62
81.61
81.61
81.61
81.53
