78.12
84.38
85.42
85.94
86.56
85.94
85.71
84.38
84.55
85.16
84.09
84.64
84.86
84.82
84.06
84.18
83.92
83.59
83.63
83.28
83.11
83.38
83.36
82.94
82.88
82.51
82.47
82.59
82.49
82.50
82.51
82.67
82.43
82.31
82.10
82.29
82.31
82.28
82.21
82.23
82.01
82.03
82.01
81.82
81.88
81.86
81.75
81.80
81.92
81.97
81.99
81.88
81.78
81.80
81.70
81.53
81.33
81.36
81.33
81.41
81.38
81.48
81.37
81.32
81.30
81.23
81.18
81.09
81.11
81.03
81.05
81.10
81.06
81.10
81.17
81.13
81.07
81.09
81.11
81.09
81.17
81.14
81.04
81.10
81.19
81.18
81.27
81.25
81.25
81.20
81.22
81.32
81.33
81.37
81.33
81.35
81.43
81.35
81.41
81.47
81.44
81.43
81.39
81.36
81.38
81.34
81.31
81.37
81.42
81.48
81.42
81.40
81.42
81.39
81.43
81.44
81.50
81.51
81.53
81.59
81.53
81.60
81.63
81.62
81.57
81.52
81.52
81.53
81.58
81.63
81.70
81.70
81.74
81.75
81.74
81.71
81.71
81.68
81.71
81.70
81.69
81.69
81.67
81.65
81.62
81.61
81.58
81.55
81.53
81.54
81.58
81.59
81.58
81.55
81.60
81.61
81.63
81.56
81.57
81.62
81.64
81.63
81.62
81.59
81.52
81.56
81.58
81.55
81.56
81.58
81.56
81.60
81.59
81.62
81.63
81.64
81.66
81.63
81.64
81.65
81.61
81.58
81.57
81.55
81.55
81.51
81.54
81.54
81.48
81.51
81.52
81.53
81.52
81.52
81.55
81.56
81.49
81.49
81.49
81.48
81.48
81.53
81.50
81.50
81.50
81.50
81.49
81.51
81.49
81.50
81.49
81.47
81.47
81.50
81.45
81.45
81.42
81.43
81.46
81.48
81.50
81.49
81.47
81.49
81.50
81.49
81.49
81.47
81.47
81.51
81.50
81.49
81.50
81.48
81.46
81.46
81.49
81.49
81.50
81.52
81.52
81.51
81.53
81.49
81.49
81.47
81.45
81.45
81.43
81.44
81.45
81.45
81.46
81.47
81.46
81.46
81.46
81.47
81.46
81.44
81.47
81.46
81.47
81.46
81.46
81.46
81.45
81.45
81.45
81.44
81.43
81.44
81.44
81.42
81.42
81.40
81.41
81.39
81.42
81.38
81.38
81.39
81.42
81.43
81.43
81.42
81.47
81.47
81.48
81.45
81.45
81.43
81.43
81.43
81.42
81.42
81.43
81.40
81.42
81.44
81.47
81.48
81.49
81.50
81.50
81.50
81.48
81.46
81.47
81.48
81.46
81.46
81.46
81.46
81.47
81.46
81.48
81.50
81.49
81.50
81.51
81.53
81.55
81.52
81.52
81.54
81.52
81.51
81.51
81.49
81.49
81.51
81.48
81.49
81.48
81.49
81.49
81.51
81.52
81.53
81.52
81.51
81.51
81.50
81.49
81.51
81.48
81.46
81.47
81.49
81.49
81.49
81.49
81.50
81.50
81.50
81.52
81.54
81.54
81.54
81.55
81.54
81.54
81.54
81.53
81.52
81.52
81.53
81.52
81.53
81.53
81.52
81.53
81.55
81.56
81.56
81.58
81.57
81.56
81.56
81.56
81.56
81.57
81.57
81.59
81.57
81.57
81.56
81.58
81.57
81.58
81.58
81.58
81.58
81.59
81.59
81.58
81.60
81.60
81.60
81.60
81.62
81.61
81.59
81.59
81.59
81.60
81.58
81.57
81.58
81.57
81.60
81.59
81.60
81.59
81.60
81.59
81.60
81.62
81.62
81.62
81.62
81.64
81.62
81.63
81.62
81.63
81.64
81.64
81.66
81.66
81.68
81.67
81.67
81.68
81.69
81.71
81.68
81.68
81.68
81.68
81.69
81.69
81.70
81.70
81.69
81.70
81.69
81.68
81.66
81.67
81.68
81.67
81.65
81.64
81.64
81.63
81.64
81.64
81.65
81.66
81.68
81.67
81.66
81.67
81.68
81.69
81.70
81.71
81.72
81.72
81.71
81.68
81.68
81.69
81.68
81.67
81.66
81.67
81.68
81.67
81.69
81.69
81.68
81.68
81.69
81.68
81.69
81.69
81.68
81.67
81.67
81.66
81.66
81.66
81.67
81.67
81.66
81.65
81.65
81.66
81.67
81.69
81.69
81.67
81.69
81.69
81.70
81.69
81.69
81.68
81.69
81.69
81.69
81.69
81.69
81.70
81.70
81.70
81.71
81.69
81.68
81.67
81.69
81.70
81.70
81.71
81.69
81.69
81.68
81.69
81.69
81.69
81.69
81.68
81.68
81.68
81.67
81.68
81.67
81.67
81.68
81.68
81.68
81.69
81.69
81.68
81.69
81.70
81.71
81.70
81.69
81.70
81.70
81.69
81.69
81.69
81.70
81.70
81.70
81.70
81.70
81.69
81.69
81.70
81.70
81.70
81.71
81.72
81.72
81.70
81.70
81.70
81.70
81.68
81.66
81.66
81.66
81.65
81.65
81.66
81.67
81.67
81.67
81.67
81.66
81.66
81.65
81.66
81.66
81.67
81.68
81.68
81.68
81.68
81.67
81.65
81.66
81.66
81.67
81.66
81.68
81.69
81.68
81.69
81.69
81.69
81.69
81.69
81.69
81.69
81.69
81.69
81.69
81.69
81.69
81.70
81.70
81.70
81.70
81.70
81.70
81.69
81.71
81.72
81.73
81.73
81.73
81.74
81.75
81.75
81.75
81.76
81.77
81.77
81.77
81.78
81.78
81.79
81.78
81.79
81.80
81.79
81.79
81.78
81.78
81.78
81.78
81.78
81.79
81.78
81.80
81.80
81.79
81.80
81.79
81.79
81.79
81.78
81.78
81.77
81.76
81.75
81.75
81.76
81.77
81.77
81.77
81.77
81.76
81.78
81.78
81.78
81.78
81.78
81.77
81.76
81.75
81.74
81.74
81.75
81.75
81.75
81.75
81.75
81.75
81.74
81.75
81.76
81.76
81.76
81.75
81.76
81.76
81.77
81.77
81.77
81.77
81.76
81.77
81.76
81.77
81.78
81.79
81.79
81.79
81.78
81.78
81.76
81.77
81.77
81.76
81.76
81.76
81.77
81.78
81.78
81.78
81.79
81.79
81.79
81.80
81.79
81.79
81.78
81.79
81.80
81.81
81.81
81.81
81.82
81.83
81.83
81.83
81.83
81.83
81.83
81.84
81.83
81.83
81.84
81.84
81.84
81.83
81.82
81.83
81.82
81.82
81.82
81.82
81.84
81.83
81.84
81.84
81.84
81.85
81.85
81.85
81.86
81.86
81.86
81.86
81.86
81.85
81.85
81.85
81.85
81.85
81.86
81.85
81.85
81.86
81.87
81.86
81.86
81.87
81.88
81.87
81.86
81.87
81.88
81.80
