82.81
82.03
84.38
84.77
82.81
83.07
83.48
83.20
83.33
83.59
84.09
83.85
84.13
84.49
83.96
83.59
83.27
82.90
83.22
82.97
83.26
83.24
83.22
83.07
83.00
83.11
82.93
83.09
83.24
83.49
83.52
83.40
83.62
83.73
83.79
83.77
83.78
83.88
83.57
83.71
83.84
83.97
84.01
83.95
83.75
83.80
83.54
83.56
83.39
83.19
83.15
83.08
83.02
82.99
83.04
83.09
83.25
83.32
83.24
83.20
83.27
83.11
83.18
83.25
83.20
83.12
83.07
83.13
83.20
83.15
83.27
83.09
82.94
82.98
83.04
83.12
83.12
83.13
83.03
83.05
82.97
82.83
82.91
82.89
82.90
82.90
83.05
83.04
83.08
82.99
82.88
82.90
82.91
82.91
82.93
82.88
82.83
82.81
82.73
82.73
82.74
82.71
82.71
82.69
82.68
82.75
82.71
82.73
82.71
82.76
82.74
82.77
82.77
82.74
82.74
82.72
82.72
82.73
82.69
82.76
82.68
82.71
82.72
82.74
82.65
82.64
82.59
82.58
82.58
82.64
82.65
82.61
82.61
82.64
82.64
82.70
82.62
82.68
82.67
82.67
82.66
82.69
82.67
82.69
82.66
82.65
82.68
82.71
82.73
82.71
82.74
82.68
82.69
82.65
82.68
82.68
82.69
82.67
82.69
82.69
82.69
82.71
82.65
82.60
82.59
82.61
82.63
82.65
82.67
82.67
82.63
82.62
82.60
82.62
82.62
82.63
82.64
82.69
82.70
82.70
82.69
82.66
82.64
82.60
82.58
82.58
82.61
82.60
82.61
82.63
82.63
82.63
82.61
82.61
82.56
82.53
82.50
82.46
82.44
82.49
82.49
82.50
82.54
82.51
82.52
82.51
82.49
82.46
82.47
82.45
82.41
82.39
82.36
82.35
82.36
82.36
82.34
82.35
82.36
82.34
82.36
82.35
82.36
82.37
82.38
82.35
82.37
82.37
82.38
82.40
82.43
82.44
82.44
82.42
82.44
82.41
82.38
82.38
82.37
82.30
82.31
82.28
82.31
82.32
82.31
82.30
82.34
82.31
82.30
82.32
82.31
82.30
82.27
82.30
82.33
82.32
82.31
82.36
82.38
82.33
82.35
82.34
82.34
82.33
82.30
82.31
82.32
82.30
82.26
82.22
82.21
82.22
82.19
82.20
82.18
82.19
82.16
82.18
82.20
82.20
82.22
82.20
82.16
82.17
82.17
82.16
82.18
82.18
82.19
82.17
82.15
82.17
82.18
82.17
82.18
82.19
82.19
82.19
82.19
82.19
82.21
82.20
82.21
82.21
82.22
82.22
82.19
82.18
82.20
82.21
82.21
82.22
82.24
82.23
82.22
82.23
82.24
82.25
82.25
82.26
82.23
82.23
82.25
82.24
82.25
82.28
82.28
82.31
82.31
82.33
82.32
82.31
82.31
82.29
82.28
82.27
82.28
82.30
82.31
82.31
82.30
82.27
82.29
82.29
82.30
82.30
82.30
82.29
82.30
82.26
82.26
82.24
82.25
82.27
82.26
82.27
82.27
82.27
82.26
82.26
82.23
82.22
82.21
82.22
82.21
82.21
82.23
82.23
82.22
82.21
82.20
82.20
82.20
82.21
82.20
82.22
82.22
82.23
82.23
82.22
82.22
82.23
82.21
82.20
82.20
82.19
82.19
82.20
82.19
82.18
82.17
82.18
82.19
82.19
82.18
82.19
82.16
82.16
82.15
82.14
82.13
82.12
82.08
82.09
82.11
82.11
82.11
82.09
82.10
82.09
82.11
82.11
82.10
82.11
82.12
82.11
82.10
82.08
82.07
82.08
82.06
82.05
82.06
82.08
82.10
82.09
82.08
82.08
82.07
82.09
82.08
82.07
82.07
82.07
82.08
82.07
82.06
82.04
82.04
82.05
82.05
82.06
82.04
82.05
82.05
82.04
82.05
82.03
82.04
82.04
82.03
82.04
82.03
82.03
82.02
82.01
82.00
82.01
82.00
81.99
81.98
81.98
81.99
81.96
81.95
81.94
81.95
81.94
81.93
81.94
81.94
81.93
81.94
81.93
81.92
81.93
81.91
81.89
81.91
81.90
81.89
81.88
81.89
81.90
81.90
81.89
81.88
81.88
81.88
81.87
81.89
81.86
81.87
81.87
81.88
81.91
81.90
81.90
81.91
81.90
81.91
81.90
81.90
81.90
81.92
81.91
