85.94
82.81
85.42
86.72
86.88
86.20
85.94
85.16
84.90
83.28
83.24
82.68
82.69
83.04
82.71
82.91
83.09
83.25
83.06
82.97
82.59
82.32
82.00
82.23
82.00
81.85
81.66
81.25
81.09
80.99
81.25
81.45
81.01
81.02
81.25
81.34
81.29
81.29
81.41
81.64
81.75
81.62
81.65
81.75
81.67
81.79
81.62
81.61
81.38
81.41
81.40
81.52
81.43
81.37
81.34
81.36
81.44
81.41
81.38
81.35
81.40
81.30
81.32
81.37
81.47
81.46
81.60
81.64
81.63
81.65
81.60
81.62
81.70
81.63
81.67
81.76
81.80
81.87
81.80
81.78
81.67
81.69
81.70
81.64
81.62
81.61
81.57
81.59
81.58
81.67
81.64
81.66
81.62
81.68
81.69
81.75
81.80
81.78
81.79
81.78
81.79
81.77
81.74
81.75
81.76
81.72
81.76
81.70
81.72
81.80
81.86
81.85
81.87
81.84
81.86
81.91
81.93
81.93
81.93
82.01
82.02
82.02
81.99
82.02
81.95
81.98
81.96
81.92
81.92
81.91
81.89
81.90
81.88
81.91
81.93
81.97
81.96
81.92
81.95
81.93
81.98
82.02
82.00
82.02
82.05
82.06
82.06
82.13
82.16
82.19
82.20
82.21
82.24
82.22
82.21
82.22
82.22
82.28
82.28
82.21
82.22
82.21
82.23
82.23
82.24
82.29
82.31
82.25
82.28
82.30
82.33
82.37
82.41
82.43
82.45
82.46
82.49
82.51
82.50
82.49
82.48
82.43
82.41
82.39
82.42
82.44
82.45
82.47
82.47
82.47
82.44
82.38
82.37
82.36
82.40
82.40
82.36
82.35
82.32
82.34
82.28
82.26
82.27
82.25
82.25
82.25
82.19
82.17
82.17
82.15
82.13
82.09
82.09
82.08
82.05
82.03
82.02
82.04
82.06
82.06
82.09
82.07
82.10
82.11
82.14
82.15
82.13
82.13
82.11
82.10
82.09
82.06
82.06
81.99
82.01
82.05
82.05
82.04
82.00
82.03
82.05
82.05
82.08
82.09
82.10
82.08
82.08
82.09
82.08
82.08
82.06
82.04
82.05
82.06
82.05
82.05
82.06
82.05
82.05
82.04
82.07
82.08
82.09
82.11
82.10
82.09
82.10
82.10
82.08
82.09
82.10
82.10
82.09
82.10
82.10
82.07
82.08
82.09
82.11
82.10
82.10
82.06
82.07
82.07
82.07
82.05
82.04
82.02
82.03
82.03
82.04
82.03
82.02
82.01
82.00
81.98
81.99
81.99
81.99
81.99
81.99
81.97
81.98
81.98
81.97
81.96
81.94
81.93
81.95
81.98
81.97
81.96
81.93
81.93
81.92
81.90
81.93
81.93
81.93
81.91
81.90
81.90
81.91
81.90
81.89
81.91
81.92
81.92
81.95
81.93
81.93
81.93
81.92
81.90
81.90
81.90
81.93
81.93
81.92
81.91
81.91
81.89
81.91
81.88
81.89
81.90
81.92
81.93
81.93
81.94
81.96
81.94
81.91
81.89
81.86
81.87
81.88
81.89
81.90
81.88
81.86
81.87
81.89
81.89
81.90
81.90
81.90
81.90
81.91
81.92
81.91
81.89
81.89
81.91
81.90
81.91
81.90
81.88
81.88
81.89
81.90
81.92
81.91
81.92
81.92
81.93
81.92
81.93
81.93
81.94
81.93
81.92
81.90
81.91
81.91
81.91
81.91
81.91
81.90
81.90
81.92
81.92
81.92
81.92
81.95
81.94
81.93
81.92
81.91
81.87
81.88
81.87
81.86
81.86
81.86
81.87
81.89
81.89
81.89
81.87
81.87
81.88
81.87
81.88
81.88
81.88
81.88
81.88
81.87
81.88
81.88
81.88
81.88
81.87
81.88
81.88
81.88
81.87
81.88
81.89
81.89
81.88
81.86
81.86
81.86
81.86
81.86
81.86
81.87
81.86
81.86
81.87
81.87
81.88
81.88
81.88
81.88
81.88
81.89
81.91
81.88
81.89
81.86
81.86
81.85
81.85
81.85
81.84
81.86
81.87
81.86
81.86
81.84
81.84
81.85
81.86
81.87
81.87
81.85
81.87
81.87
81.87
81.86
81.87
81.88
81.86
81.85
81.86
81.85
81.86
81.87
81.87
81.88
81.89
81.90
81.91
81.92
81.93
81.94
81.94
81.94
81.94
81.94
81.94
81.92
81.93
81.92
81.92
81.92
81.91
81.90
81.91
81.91
81.93
81.93
81.92
81.92
81.93
81.92
81.91
81.92
81.91
81.90
81.91
81.92
81.92
81.93
81.94
81.94
81.93
81.93
81.93
81.93
81.92
81.90
81.90
81.90
81.89
81.89
81.87
81.89
81.90
81.89
81.90
81.90
81.90
81.90
81.90
81.91
81.91
81.92
81.90
81.91
81.92
81.91
81.92
81.93
81.93
81.94
81.94
81.93
81.91
81.90
81.90
81.89
81.89
81.88
81.88
81.89
81.88
81.89
81.89
81.89
81.89
81.89
81.89
81.89
81.88
81.88
81.88
81.89
81.87
81.88
81.89
81.89
81.90
81.90
81.90
81.92
81.91
81.91
81.89
81.89
81.89
81.89
81.88
81.88
81.89
81.90
81.89
81.88
81.89
81.90
81.90
81.90
81.90
81.90
81.90
81.88
81.89
81.88
81.88
81.87
81.86
81.86
81.86
81.85
81.85
81.85
81.85
81.86
81.88
81.88
81.90
81.91
81.92
81.92
81.90
81.91
81.90
81.91
81.90
81.88
81.88
81.86
81.87
81.86
81.85
81.85
81.86
81.87
81.86
81.86
81.85
81.85
81.85
81.84
81.85
81.84
81.86
81.86
81.86
81.86
81.84
81.84
81.84
81.85
81.84
81.84
81.85
81.85
81.85
81.85
81.84
81.83
81.83
81.82
81.82
81.83
81.83
81.83
81.82
81.83
81.82
81.82
81.84
81.85
81.84
81.84
81.83
81.83
81.83
81.83
81.82
81.83
81.84
81.84
81.84
81.83
81.83
81.84
81.83
81.84
81.82
81.83
81.83
81.83
81.82
81.82
81.82
81.83
81.83
81.84
81.85
81.83
81.83
81.83
81.82
81.82
81.83
81.83
81.83
81.83
81.82
81.83
81.83
81.82
81.82
81.82
81.81
81.80
81.81
81.82
81.81
81.82
81.82
81.82
81.81
81.82
81.82
81.82
81.82
81.82
81.81
81.81
81.80
81.81
81.81
81.81
81.82
81.82
81.81
81.82
81.82
81.82
81.82
81.83
81.83
81.84
81.83
81.84
81.84
81.85
81.84
81.85
81.84
81.84
81.83
81.84
81.85
81.85
81.85
81.86
81.86
81.87
81.87
81.87
81.87
81.87
81.88
81.88
81.89
81.88
81.87
81.88
81.88
81.88
81.89
81.88
81.88
81.88
81.80
