82.81
84.38
82.81
83.20
82.81
82.03
82.81
83.59
83.68
83.28
83.52
83.98
84.13
84.49
84.27
83.79
83.46
83.33
82.98
83.12
83.18
82.95
82.68
82.75
82.44
82.45
82.41
82.37
82.33
82.08
82.11
81.84
81.96
82.22
82.23
82.29
82.22
82.20
82.25
82.15
81.86
81.85
81.98
81.78
81.98
81.93
81.95
81.93
82.14
82.19
82.26
82.03
81.90
81.83
81.93
81.89
81.96
82.09
82.15
82.27
82.25
82.36
82.37
82.35
82.33
82.36
82.37
82.28
82.29
82.21
82.24
82.31
82.21
82.16
82.12
82.15
82.20
82.21
82.24
82.25
82.31
82.39
82.38
82.33
82.41
82.43
82.38
82.35
82.34
82.40
82.38
82.39
82.38
82.46
82.48
82.52
82.51
82.48
82.37
82.44
82.39
82.41
82.37
82.36
82.29
82.27
82.18
82.20
82.25
82.24
82.21
82.21
82.16
82.18
82.23
82.26
82.26
82.30
82.31
82.34
82.33
82.38
82.36
82.37
82.42
82.45
82.48
82.50
82.51
82.51
82.56
82.60
82.57
82.50
82.47
82.42
82.40
82.38
82.34
82.34
82.34
82.37
82.40
82.39
82.41
82.41
82.34
82.38
82.34
82.26
82.24
82.23
82.22
82.20
82.16
82.14
82.15
82.17
82.15
82.20
82.14
82.16
82.14
82.15
82.10
82.04
82.05
82.09
82.11
82.02
81.98
81.96
81.98
82.03
82.06
82.04
82.04
82.02
82.03
82.07
82.06
82.04
82.05
82.10
82.10
82.08
82.09
82.12
82.08
82.06
82.08
82.06
82.06
82.06
82.04
82.03
82.00
82.02
82.04
82.04
82.07
82.05
82.07
82.05
82.06
82.06
82.09
82.08
82.10
82.14
82.18
82.15
82.16
82.15
82.14
82.13
82.15
82.16
82.15
82.14
82.13
82.12
82.10
82.12
82.16
82.14
82.16
82.13
82.10
82.07
82.10
82.11
82.09
82.06
82.05
82.07
82.09
82.09
82.12
82.14
82.13
82.13
82.13
82.12
82.10
82.08
82.10
82.09
82.10
82.09
82.10
82.07
82.10
82.07
82.07
82.06
82.08
82.06
82.08
82.10
82.07
82.03
82.03
82.03
82.03
82.00
82.03
82.03
82.04
82.04
82.03
82.03
82.04
82.03
81.95
81.95
81.96
81.96
81.96
81.94
81.95
81.93
81.94
81.94
81.96
81.96
81.93
81.94
81.96
81.95
81.97
81.98
81.95
81.94
81.90
81.88
81.89
81.88
81.88
81.86
81.90
81.88
81.86
81.87
81.87
81.87
81.88
81.89
81.88
81.88
81.87
81.88
81.88
81.89
81.87
81.86
81.87
81.90
81.90
81.91
81.93
81.95
81.95
81.95
81.95
81.94
81.96
81.95
81.96
81.94
81.94
81.94
81.96
81.96
81.96
81.96
81.96
81.96
81.99
81.99
81.98
81.98
81.98
81.97
81.96
81.96
81.96
81.94
81.93
81.92
81.92
81.93
81.91
81.91
81.92
81.93
81.93
81.91
81.88
81.89
81.89
81.89
81.92
81.92
81.94
81.93
81.91
81.90
81.89
81.87
81.89
81.89
81.90
81.90
81.88
81.89
81.87
81.90
81.90
81.90
81.91
81.89
81.90
81.91
81.92
81.91
81.91
81.90
81.90
81.88
81.87
81.85
81.84
81.87
81.86
81.85
81.86
81.87
81.88
81.89
81.90
81.90
81.91
81.91
81.91
81.89
81.91
81.90
81.90
81.91
81.89
81.91
81.89
81.91
81.91
81.90
81.91
81.91
81.92
81.92
81.94
81.93
81.93
81.96
81.95
81.95
81.94
81.93
81.93
81.90
81.90
81.88
81.87
81.89
81.87
81.88
81.88
81.86
81.85
81.85
81.85
81.85
81.86
81.86
81.86
81.86
81.87
81.86
81.88
81.89
81.88
81.87
81.86
81.86
81.84
81.84
81.83
81.83
81.83
81.82
81.82
81.82
81.82
81.83
81.83
81.84
81.84
81.83
81.84
81.85
81.87
81.87
81.87
81.88
81.89
81.89
81.90
81.88
81.87
81.84
81.84
81.83
81.82
81.82
81.81
81.81
81.81
81.81
81.81
81.82
81.82
81.82
81.82
81.82
81.81
81.81
81.82
81.81
81.81
81.82
81.81
81.83
81.82
81.84
81.85
81.85
81.86
81.87
81.86
81.86
81.87
81.89
81.89
81.89
81.88
81.87
81.85
81.83
81.83
81.84
81.85
81.83
81.83
81.85
81.85
81.86
81.84
81.84
81.82
81.85
81.85
81.86
81.86
81.86
81.87
81.87
81.87
81.88
81.88
81.88
81.88
81.88
81.89
81.90
81.91
81.91
81.92
81.91
81.90
81.90
81.92
81.92
81.93
81.93
81.91
81.93
81.93
81.92
81.94
81.96
81.95
81.96
81.96
81.96
81.97
81.95
81.95
81.95
81.94
81.94
81.92
81.91
81.90
81.89
81.89
81.89
81.89
81.90
81.90
81.89
81.88
81.89
81.90
81.91
81.91
81.90
81.90
81.90
81.91
81.90
81.89
81.91
81.91
81.91
81.91
81.92
81.91
81.91
81.92
81.90
81.91
81.90
81.91
81.90
81.90
81.90
81.90
81.91
81.91
81.90
81.88
81.89
81.88
81.88
81.88
81.88
81.89
81.89
81.89
81.90
81.90
81.90
81.89
81.89
81.88
81.88
81.88
81.88
81.88
81.88
81.87
81.89
81.89
81.89
81.88
81.88
81.89
81.89
81.89
81.88
81.88
81.89
81.89
81.89
81.88
81.89
81.88
81.88
81.88
81.89
81.89
81.89
81.89
81.89
81.89
81.89
81.88
81.88
81.88
81.87
81.88
81.88
81.89
81.89
81.91
81.91
81.91
81.90
81.90
81.90
81.89
81.89
81.89
81.88
81.87
81.87
81.87
81.87
81.86
81.86
81.87
81.87
81.87
81.87
81.86
81.85
81.85
81.86
81.86
81.86
81.86
81.86
81.85
81.85
81.85
81.85
81.87
81.87
81.87
81.86
81.86
81.87
81.86
81.87
81.86
81.87
81.86
81.86
81.86
81.86
81.86
81.85
81.86
81.86
81.86
81.87
81.86
81.86
81.86
81.87
81.87
81.88
81.89
81.90
81.89
81.89
81.90
81.89
81.90
81.92
81.93
81.94
81.95
81.94
81.93
81.94
81.93
81.94
81.93
81.93
81.92
81.91
81.91
81.92
81.93
81.92
81.91
81.92
81.92
81.92
81.92
81.91
81.93
81.93
81.94
81.95
81.95
81.96
81.97
81.98
81.98
81.97
81.97
81.97
81.97
81.97
81.98
81.96
81.96
81.96
81.97
81.97
81.96
81.96
81.97
81.97
81.97
81.97
81.97
81.98
81.97
81.90
