81.25
83.59
81.77
79.69
80.62
80.99
80.80
80.86
80.90
81.88
81.53
81.38
80.89
81.70
81.25
82.13
82.17
82.47
82.89
82.66
82.66
82.81
82.68
82.62
82.44
82.51
82.47
82.53
82.54
82.81
82.96
83.15
82.91
82.77
82.90
83.03
83.15
83.22
83.17
82.85
82.85
82.78
82.70
82.67
82.67
82.78
82.68
82.68
82.59
82.50
82.66
82.48
82.55
82.47
82.33
82.11
82.15
82.11
81.99
82.03
81.99
82.03
82.04
81.96
82.02
82.01
82.02
82.03
82.09
82.08
82.06
82.07
82.06
82.14
82.10
82.15
82.10
82.15
82.12
82.09
82.12
82.18
82.23
82.31
82.32
82.23
82.22
82.21
82.27
82.26
82.31
82.37
82.38
82.36
82.43
82.37
82.18
82.13
82.10
82.12
82.02
81.99
81.95
81.88
81.93
81.91
81.94
81.97
82.00
81.97
82.02
81.98
81.97
81.92
81.92
81.88
81.81
81.73
81.75
81.76
81.81
81.79
81.77
81.84
81.85
81.82
81.78
81.74
81.75
81.71
81.72
81.74
81.78
81.75
81.75
81.77
81.72
81.69
81.73
81.75
81.73
81.70
81.65
81.72
81.71
81.76
81.82
81.82
81.86
81.80
81.83
81.87
81.85
81.87
81.87
81.91
81.83
81.83
81.78
81.79
81.77
81.79
81.79
81.80
81.80
81.75
81.75
81.72
81.70
81.73
81.75
81.74
81.74
81.74
81.72
81.72
81.77
81.77
81.74
81.76
81.72
81.72
81.73
81.73
81.74
81.75
81.73
81.70
81.70
81.67
81.67
81.68
81.71
81.75
81.77
81.79
81.83
81.86
81.81
81.77
81.75
81.75
81.78
81.82
81.81
81.80
81.80
81.83
81.84
81.82
81.83
81.78
81.77
81.79
81.80
81.83
81.83
81.85
81.88
81.81
81.79
81.74
81.76
81.75
81.76
81.76
81.76
81.77
81.78
81.78
81.78
81.80
81.79
81.77
81.76
81.76
81.74
81.76
81.76
81.75
81.73
81.77
81.78
81.76
81.75
81.79
81.79
81.80
81.80
81.76
81.77
81.75
81.76
81.80
81.77
81.77
81.79
81.78
81.77
81.76
81.79
81.80
81.84
81.85
81.82
81.83
81.86
81.84
81.84
81.82
81.83
81.80
81.81
81.81
81.81
81.77
81.75
81.76
81.79
81.82
81.81
81.83
81.80
81.84
81.85
81.85
81.86
81.87
81.87
81.86
81.85
81.84
81.82
81.82
81.82
81.83
81.81
81.79
81.77
81.77
81.76
81.73
81.73
81.72
81.71
81.71
81.74
81.72
81.74
81.71
81.71
81.72
81.71
81.70
81.66
81.67
81.68
81.68
81.68
81.66
81.64
81.64
81.64
81.64
81.62
81.63
81.61
81.63
81.60
81.61
81.60
81.59
81.62
81.63
81.64
81.61
81.63
81.62
81.59
81.60
81.61
81.62
81.61
81.63
81.63
81.62
81.61
81.61
81.60
81.61
81.63
81.64
81.64
81.63
81.60
81.60
81.57
81.57
81.57
81.56
81.55
81.56
81.57
81.58
81.58
81.59
81.60
81.59
81.61
81.58
81.58
81.59
81.58
81.59
81.59
81.59
81.59
81.59
81.61
81.61
81.61
81.62
81.61
81.61
81.61
81.61
81.61
81.61
81.60
81.60
81.60
81.60
81.60
81.59
81.57
81.59
81.60
81.60
81.58
81.59
81.60
81.59
81.59
81.57
81.58
81.58
81.58
81.57
81.57
81.55
81.55
81.56
81.56
81.56
81.54
81.53
81.52
81.53
81.53
81.54
81.55
81.55
81.55
81.56
81.56
81.54
81.55
81.57
81.56
81.55
81.57
81.57
81.57
81.56
81.55
81.57
81.58
81.57
81.58
81.58
81.57
81.57
81.56
81.57
81.57
81.56
81.57
81.57
81.57
81.58
81.59
81.58
81.59
81.58
81.58
81.57
81.56
81.57
81.57
81.57
81.55
81.54
81.54
81.53
81.53
81.52
81.52
81.53
81.53
81.53
81.53
81.52
81.51
81.49
81.48
81.47
81.47
81.47
81.47
81.48
81.48
81.48
81.49
81.49
81.50
81.50
81.51
81.53
81.53
81.54
81.53
81.51
81.51
81.52
81.52
81.52
81.53
81.53
81.53
81.53
81.53
81.53
81.53
81.55
81.56
81.56
81.56
81.56
81.56
81.57
81.55
81.56
81.57
81.58
81.58
81.57
81.56
81.56
81.57
81.58
81.58
81.58
81.58
81.58
81.58
81.59
81.59
81.60
81.61
81.61
81.61
81.61
81.61
81.62
81.62
81.60
81.59
81.60
81.62
81.61
81.61
81.61
81.59
81.60
81.60
81.60
81.62
81.63
81.65
81.66
81.66
81.65
81.65
81.66
81.68
81.69
81.68
81.70
81.69
81.69
81.70
81.71
81.70
81.69
81.69
81.70
81.70
81.69
81.69
81.69
81.69
81.68
81.68
81.69
81.68
81.68
81.66
81.65
81.64
81.64
81.65
81.65
81.65
81.65
81.64
81.66
81.64
81.65
81.65
81.63
81.64
81.64
81.65
81.65
81.65
81.64
81.63
81.61
81.62
81.62
81.62
81.62
81.63
81.64
81.64
81.63
81.62
81.63
81.62
81.62
81.62
81.62
81.61
81.60
81.60
81.60
81.58
81.58
81.58
81.58
81.58
81.59
81.59
81.59
81.58
81.58
81.58
81.58
81.56
81.57
81.57
81.57
81.58
81.59
81.59
81.58
81.59
81.60
81.60
81.61
81.61
81.59
81.60
81.61
81.61
81.61
81.61
81.62
81.62
81.63
81.64
81.64
81.62
81.62
81.61
81.62
81.63
81.63
81.62
81.61
81.62
81.62
81.63
81.62
81.62
81.62
81.63
81.62
81.62
81.62
81.62
81.62
81.61
81.61
81.63
81.63
81.62
81.64
81.64
81.65
81.65
81.65
81.64
81.64
81.64
81.64
81.63
81.63
81.63
81.63
81.64
81.65
81.65
81.65
81.64
81.64
81.64
81.64
81.64
81.63
81.62
81.63
81.64
81.64
81.64
81.65
81.65
81.65
81.66
81.66
81.66
81.67
81.66
81.67
81.67
81.67
81.67
81.68
81.68
81.69
81.69
81.69
81.68
81.68
81.69
81.69
81.68
81.69
81.68
81.68
81.67
81.67
81.67
81.67
81.66
81.67
81.68
81.68
81.69
81.69
81.69
81.68
81.68
81.68
81.68
81.68
81.69
81.69
81.69
81.70
81.70
81.69
81.70
81.71
81.71
81.70
81.71
81.71
81.72
81.72
81.71
81.70
81.70
81.71
81.70
81.70
81.71
81.71
81.72
81.71
81.71
81.71
81.71
81.71
81.72
81.72
81.73
81.74
81.73
81.74
81.73
81.65
