79.69
82.81
82.81
82.81
83.12
83.07
83.48
83.79
83.68
83.28
82.53
82.55
81.85
81.81
81.67
81.54
82.17
82.12
82.24
82.58
82.37
82.39
82.13
82.23
82.06
82.45
82.52
82.37
82.38
82.45
82.66
82.81
82.58
82.67
82.72
82.86
82.81
82.89
83.05
82.97
82.62
82.59
82.59
82.56
82.71
82.64
82.81
82.68
82.56
82.69
82.78
82.81
82.84
82.99
82.84
82.73
82.87
82.84
82.92
82.97
82.99
82.89
82.94
83.01
83.00
82.88
82.88
82.81
82.72
82.77
82.75
82.73
82.66
82.71
82.77
82.73
82.73
82.77
82.77
82.68
82.68
82.72
82.68
82.63
82.74
82.67
82.70
82.71
82.65
82.59
82.55
82.61
82.66
82.71
82.71
82.68
82.67
82.64
82.65
82.58
82.63
82.55
82.65
82.72
82.75
82.69
82.75
82.65
82.65
82.66
82.66
82.63
82.61
82.65
82.61
82.57
82.59
82.61
82.59
82.55
82.57
82.49
82.52
82.46
82.46
82.47
82.48
82.39
82.36
82.36
82.40
82.43
82.40
82.40
82.40
82.42
82.37
82.43
82.44
82.40
82.35
82.37
82.39
82.38
82.39
82.42
82.38
82.40
82.42
82.48
82.48
82.49
82.51
82.51
82.50
82.53
82.52
82.51
82.49
82.53
82.53
82.55
82.57
82.58
82.59
82.59
82.49
82.47
82.41
82.42
82.39
82.35
82.31
82.24
82.25
82.22
82.23
82.28
82.31
82.33
82.28
82.31
82.30
82.24
82.25
82.25
82.25
82.26
82.23
82.18
82.18
82.16
82.19
82.13
82.14
82.11
82.08
82.05
82.05
82.09
82.11
82.14
82.11
82.12
82.15
82.11
82.12
82.11
82.09
82.11
82.13
82.13
82.13
82.11
82.07
82.07
82.05
82.00
82.01
82.02
82.04
82.02
82.03
82.02
82.05
82.02
82.02
82.02
82.03
82.04
81.97
81.98
81.97
81.97
81.97
81.97
81.99
82.00
81.97
81.97
82.00
81.99
82.00
82.03
82.05
82.03
82.01
81.99
82.01
82.01
82.00
82.00
82.03
82.01
82.02
82.02
82.02
82.02
81.99
81.95
81.95
81.94
81.90
81.94
81.89
81.90
81.89
81.89
81.92
81.90
81.91
81.92
81.93
81.91
81.90
81.85
81.84
81.85
81.83
81.82
81.82
81.78
81.79
81.78
81.77
81.76
81.78
81.78
81.75
81.75
81.78
81.77
81.79
81.79
81.80
81.78
81.77
81.74
81.75
81.74
81.73
81.74
81.75
81.76
81.76
81.78
81.78
81.81
81.82
81.82
81.84
81.86
81.85
81.87
81.87
81.85
81.85
81.83
81.82
81.83
81.82
81.82
81.81
81.80
81.80
81.80
81.78
81.79
81.78
81.78
81.75
81.73
81.74
81.74
81.74
81.72
81.71
81.73
81.71
81.69
81.70
81.70
81.70
81.69
81.68
81.69
81.68
81.67
81.68
81.66
81.66
81.65
81.65
81.66
81.65
81.65
81.64
81.64
81.65
81.63
81.61
81.63
81.62
81.64
81.64
81.64
81.65
81.64
81.64
81.64
81.64
81.62
81.62
81.62
81.59
81.58
81.57
81.55
81.56
81.56
81.55
81.57
81.55
81.56
81.57
81.59
81.55
81.57
81.55
81.56
81.56
81.55
81.56
81.55
81.53
81.52
81.51
81.52
81.54
81.54
81.55
81.55
81.54
81.57
81.57
81.58
81.60
81.59
81.61
81.62
81.60
81.60
81.59
81.59
81.59
81.60
81.59
81.58
81.56
81.57
81.58
81.57
81.59
81.57
81.55
81.55
81.54
81.57
81.56
81.56
81.55
81.58
81.58
81.56
81.58
81.59
81.59
81.60
81.58
81.58
81.57
81.57
81.58
81.59
81.58
81.58
81.59
81.58
81.60
81.58
81.60
81.60
81.62
81.60
81.60
81.60
81.57
81.57
81.59
81.57
81.57
81.56
81.55
81.57
81.56
81.55
81.54
81.55
81.55
81.54
81.53
81.53
81.51
81.52
81.52
81.51
81.53
81.53
81.52
81.52
81.51
81.52
81.51
81.52
81.51
81.51
81.51
81.50
81.50
81.50
81.49
81.47
81.47
81.47
81.47
81.46
81.46
81.45
81.46
81.45
81.45
81.44
81.46
81.46
81.44
81.44
81.44
81.44
81.47
81.47
81.47
81.46
81.47
81.46
81.47
81.48
81.48
81.48
81.49
81.49
81.51
81.50
81.52
81.52
81.52
81.52
81.52
81.52
81.53
81.54
81.55
81.55
81.55
81.55
81.56
81.55
81.56
81.56
81.57
81.57
81.58
81.56
81.55
81.54
81.54
81.54
81.54
81.53
81.54
81.54
81.55
81.57
81.58
81.58
81.59
81.59
81.58
81.58
81.58
81.57
81.57
81.57
81.58
81.58
81.58
81.59
81.59
81.58
81.57
81.57
81.56
81.57
81.55
81.54
81.55
81.54
81.55
81.56
81.55
81.56
81.55
81.56
81.57
81.57
81.57
81.57
81.58
81.57
81.56
81.56
81.56
81.57
81.56
81.56
81.57
81.56
81.56
81.56
81.57
81.57
81.58
81.59
81.59
81.57
81.56
81.55
81.56
81.57
81.57
81.57
81.56
81.56
81.55
81.56
81.57
81.57
81.56
81.57
81.56
81.56
81.55
81.56
81.57
81.56
81.58
81.58
81.58
81.58
81.59
81.59
81.58
81.59
81.57
81.57
81.57
81.57
81.57
81.58
81.58
81.58
81.57
81.57
81.58
81.57
81.58
81.58
81.58
81.59
81.58
81.58
81.58
81.59
81.59
81.59
81.59
81.60
81.60
81.60
81.61
81.61
81.63
81.64
81.65
81.65
81.64
81.63
81.64
81.63
81.63
81.65
81.64
81.65
81.63
81.63
81.63
81.62
81.63
81.64
81.64
81.62
81.62
81.63
81.64
81.63
81.64
81.63
81.65
81.65
81.67
81.66
81.67
81.67
81.66
81.66
81.66
81.65
81.65
81.66
81.65
81.66
81.66
81.66
81.65
81.65
81.65
81.66
81.66
81.66
81.65
81.65
81.63
81.64
81.63
81.64
81.64
81.64
81.64
81.63
81.63
81.64
81.64
81.64
81.64
81.64
81.65
81.65
81.65
81.66
81.66
81.66
81.67
81.66
81.67
81.67
81.66
81.66
81.64
81.65
81.65
81.66
81.66
81.67
81.66
81.67
81.68
81.69
81.69
81.68
81.69
81.69
81.68
81.69
81.69
81.69
81.69
81.68
81.69
81.68
81.69
81.69
81.69
81.69
81.69
81.68
81.68
81.68
81.68
81.68
81.68
81.68
81.67
81.68
81.67
81.67
81.67
81.67
81.68
81.68
81.69
81.70
81.70
81.63
