87.50
85.16
84.90
83.98
84.69
84.11
83.71
82.81
82.64
82.50
82.81
83.07
83.05
82.48
82.60
82.23
82.17
82.64
82.32
82.19
81.55
81.68
81.59
81.45
81.56
81.37
81.42
81.25
81.41
81.41
81.45
81.54
81.39
81.53
81.38
81.29
81.38
81.54
81.49
81.60
81.63
81.77
81.72
81.68
81.63
81.73
81.75
81.74
81.60
81.59
81.56
81.52
81.66
81.57
81.59
81.75
81.69
81.76
81.91
82.06
82.04
82.06
81.92
81.91
81.80
81.82
81.93
81.96
82.00
82.08
81.93
81.90
81.81
81.71
81.81
81.83
81.88
81.83
81.82
81.84
81.83
81.96
82.02
81.99
82.08
82.16
82.17
82.14
82.20
82.20
82.23
82.20
82.19
82.30
82.29
82.34
82.36
82.38
82.31
82.31
82.32
82.35
82.39
82.33
82.31
82.40
82.43
82.45
82.41
82.43
82.36
82.30
82.36
82.35
82.30
82.23
82.26
82.27
82.29
82.30
82.30
82.31
82.32
82.26
82.30
82.27
82.25
82.21
82.21
82.24
82.26
82.24
82.30
82.32
82.34
82.31
82.24
82.24
82.30
82.31
82.30
82.35
82.31
82.34
82.32
82.36
82.33
82.33
82.34
82.32
82.34
82.36
82.35
82.30
82.30
82.21
82.22
82.19
82.18
82.22
82.28
82.30
82.30
82.34
82.31
82.28
82.30
82.30
82.28
82.25
82.26
82.29
82.29
82.28
82.26
82.25
82.27
82.22
82.19
82.20
82.24
82.27
82.29
82.30
82.35
82.33
82.29
82.31
82.28
82.26
82.30
82.23
82.20
82.19
82.15
82.14
82.12
82.13
82.15
82.15
82.16
82.16
82.14
82.14
82.10
82.13
82.12
82.11
82.14
82.15
82.18
82.19
82.20
82.18
82.18
82.15
82.16
82.19
82.21
82.23
82.23
82.20
82.20
82.19
82.21
82.23
82.25
82.26
82.29
82.28
82.30
82.28
82.30
82.29
82.25
82.26
82.28
82.29
82.29
82.27
82.30
82.29
82.29
82.28
82.26
82.27
82.29
82.30
82.32
82.33
82.33
82.30
82.27
82.30
82.29
82.28
82.27
82.28
82.31
82.34
82.37
82.39
82.37
82.40
82.39
82.41
82.44
82.45
82.46
82.42
82.43
82.43
82.42
82.37
82.36
82.37
82.36
82.35
82.34
82.30
82.30
82.32
82.34
82.33
82.37
82.36
82.36
82.35
82.36
82.35
82.35
82.35
82.36
82.38
82.38
82.38
82.37
82.35
82.37
82.36
82.35
82.37
82.36
82.36
82.33
82.33
82.33
82.34
82.36
82.35
82.34
82.31
82.32
82.31
82.31
82.30
82.29
82.29
82.28
82.29
82.31
82.32
82.29
82.27
82.26
82.26
82.25
82.24
82.22
82.24
82.21
82.21
82.19
82.21
82.19
82.19
82.18
82.18
82.16
82.16
82.14
82.14
82.18
82.21
82.24
82.22
82.21
82.22
82.22
82.23
82.25
82.25
82.26
82.24
82.26
82.24
82.23
82.21
82.21
82.20
82.22
82.21
82.19
82.20
82.20
82.19
82.18
82.18
82.18
82.18
82.18
82.20
82.21
82.24
82.25
82.22
82.22
82.24
82.22
82.24
82.25
82.25
82.23
82.23
82.22
82.20
82.21
82.22
82.20
82.20
82.19
82.19
82.20
82.20
82.21
82.21
82.21
82.22
82.22
82.22
82.22
82.22
82.25
82.26
82.25
82.27
82.26
82.27
82.26
82.26
82.25
82.27
82.26
82.26
82.24
82.23
82.23
82.25
82.25
82.24
82.21
82.22
82.24
82.25
82.25
82.25
82.23
82.23
82.22
82.21
82.20
82.21
82.21
82.24
82.24
82.25
82.27
82.26
82.26
82.28
82.28
82.26
82.25
82.27
82.26
82.26
82.25
82.25
82.25
82.23
82.23
82.24
82.24
82.24
82.25
82.23
82.24
82.24
82.25
82.26
82.27
82.27
82.25
82.25
82.24
82.24
82.23
82.21
82.22
82.22
82.21
82.19
82.19
82.19
82.20
82.20
82.18
82.17
82.18
82.17
82.16
82.15
82.16
82.16
82.18
82.17
82.18
82.18
82.19
82.21
82.22
82.22
82.22
82.23
82.22
82.23
82.22
82.22
82.21
82.22
82.22
82.22
82.22
82.22
82.22
82.20
82.21
82.20
82.20
82.21
82.22
82.21
82.21
82.21
82.22
82.22
82.21
82.23
82.25
82.24
82.24
82.24
82.23
82.24
82.25
82.24
82.25
82.26
82.26
82.26
82.26
82.26
82.25
82.24
82.25
82.25
82.25
82.25
82.26
82.25
82.25
82.25
82.27
82.27
82.25
82.25
82.25
82.24
82.24
82.24
82.25
82.25
82.27
82.27
82.27
82.26
82.27
82.26
82.25
82.25
82.25
82.26
82.26
82.25
82.25
82.25
82.25
82.24
82.23
82.23
82.22
82.22
82.21
82.22
82.21
82.20
82.21
82.20
82.19
82.18
82.18
82.18
82.17
82.18
82.17
82.18
82.17
82.17
82.17
82.15
82.16
82.17
82.17
82.15
82.17
82.15
82.15
82.14
82.15
82.15
82.14
82.15
82.14
82.14
82.14
82.15
82.15
82.13
82.13
82.14
82.14
82.15
82.14
82.15
82.15
82.14
82.14
82.14
82.15
82.15
82.15
82.15
82.15
82.14
82.14
82.13
82.12
82.13
82.14
82.14
82.13
82.13
82.14
82.14
82.13
82.12
82.11
82.10
82.11
82.10
82.11
82.11
82.10
82.10
82.10
82.10
82.10
82.12
82.11
82.10
82.10
82.11
82.11
82.11
82.12
82.13
82.13
82.12
82.12
82.11
82.11
82.12
82.11
82.10
82.10
82.11
82.10
82.09
82.07
82.07
82.08
82.07
82.09
82.08
82.08
82.07
82.06
82.07
82.07
82.07
82.07
82.08
82.08
82.08
82.08
82.08
82.08
82.07
82.08
82.07
82.08
82.08
82.06
82.05
82.05
82.06
82.06
82.07
82.05
82.04
82.04
82.04
82.05
82.05
82.05
82.05
82.06
82.06
82.05
82.07
82.06
82.06
82.05
82.05
82.04
82.04
82.03
82.02
82.02
82.01
82.01
82.01
82.01
82.01
82.02
82.01
82.00
82.00
82.00
82.00
82.00
81.99
81.99
81.98
81.99
81.99
81.97
81.96
81.96
81.97
81.97
81.96
81.96
81.96
81.97
81.96
81.95
81.95
81.95
81.95
81.96
81.96
81.95
81.94
81.94
81.94
81.93
81.92
81.92
81.93
81.92
81.92
81.91
81.91
81.91
81.91
81.93
81.93
81.93
81.94
81.95
81.95
81.95
81.95
81.94
81.95
81.96
81.96
81.97
81.97
81.95
81.88
