6.25
5.47
6.77
5.86
5.62
5.73
5.80
5.47
5.56
5.47
5.68
5.47
5.65
5.69
5.52
5.57
5.42
5.38
5.43
5.31
5.13
4.97
5.16
5.01
5.00
4.93
4.86
4.91
4.96
4.95
4.94
4.79
4.97
4.96
5.00
4.95
4.94
4.85
4.81
4.80
4.80
4.87
4.87
4.76
4.72
4.69
4.69
4.65
4.59
4.53
4.53
4.54
4.60
4.60
4.60
4.55
4.58
4.55
4.56
4.58
4.53
4.51
4.46
4.52
4.50
4.55
4.62
4.60
4.57
4.67
4.64
4.67
4.69
4.65
4.65
4.63
4.59
4.63
4.59
4.55
4.53
4.55
4.61
4.59
4.58
4.54
4.58
4.55
4.51
4.57
4.53
4.50
4.47
4.42
4.41
4.38
4.40
4.42
4.43
4.39
4.42
4.41
4.40
4.37
4.39
4.39
4.38
4.35
4.34
4.30
4.29
4.28
4.30
4.29
4.31
4.30
4.26
4.24
4.24
4.24
4.22
4.24
4.26
4.26
4.24
4.24
4.23
4.27
4.24
4.25
4.25
4.26
4.25
4.27
4.24
4.23
4.25
4.22
4.24
4.26
4.23
4.24
4.26
4.29
4.30
4.28
4.26
4.28
4.25
4.23
4.22
4.27
4.26
4.26
4.25
4.26
4.26
4.28
4.31
4.30
4.29
4.27
4.29
4.29
4.30
4.31
4.32
4.32
4.35
4.37
4.35
4.38
4.36
4.36
4.36
4.37
4.35
4.36
4.36
4.37
4.38
4.38
4.40
4.41
4.40
4.39
4.39
4.38
4.39
4.39
4.39
4.38
4.39
4.39
4.39
4.38
4.41
4.43
4.42
4.41
4.39
4.40
4.41
4.43
4.43
4.42
4.41
4.39
4.40
4.38
4.37
4.37
4.36
4.37
4.37
4.36
4.38
4.39
4.39
4.40
4.39
4.38
4.37
4.36
4.35
4.34
4.36
4.39
4.39
4.38
4.38
4.37
4.37
4.37
4.35
4.36
4.36
4.35
4.35
4.34
4.33
4.32
4.32
4.33
4.31
4.31
4.31
4.31
4.32
4.34
4.33
4.34
4.35
4.34
4.33
4.32
4.31
4.31
4.32
4.31
4.31
4.32
4.31
4.30
4.30
4.28
4.28
4.26
4.26
4.25
4.24
4.24
4.24
4.24
4.24
4.24
4.25
4.24
4.23
4.25
4.24
4.24
4.23
4.23
4.24
4.24
4.24
4.24
4.24
4.25
4.24
4.22
4.22
4.23
4.22
4.23
4.24
4.25
4.24
4.24
4.24
4.23
4.22
4.22
4.22
4.22
4.21
4.21
4.21
4.20
4.19
4.19
4.18
4.19
4.18
4.17
4.17
4.18
4.18
4.18
4.18
4.17
4.17
4.20
4.20
4.19
4.20
4.21
4.21
4.21
4.21
4.20
4.19
4.20
4.19
4.18
4.18
4.17
4.18
4.17
4.17
4.18
4.19
4.18
4.18
4.19
4.19
4.19
4.19
4.21
4.20
4.19
4.21
4.22
4.22
4.22
4.21
4.22
4.23
4.22
4.23
4.24
4.24
4.25
4.24
4.24
4.24
4.24
4.23
4.24
4.23
4.22
4.22
4.22
4.22
4.23
4.23
4.22
4.22
4.21
4.21
4.20
4.21
4.21
4.22
4.23
4.23
4.23
4.23
4.23
4.24
4.24
4.25
4.24
4.25
4.25
4.25
4.24
4.25
4.26
4.25
4.24
4.23
4.24
4.24
4.23
4.23
4.24
4.23
4.23
4.22
4.22
4.23
4.23
4.25
4.25
4.25
4.25
4.27
4.26
4.27
4.28
4.28
4.29
4.30
4.30
4.30
4.30
4.30
4.30
4.30
4.30
4.30
4.30
4.31
4.31
4.30
4.30
4.30
4.29
4.29
4.29
4.28
4.29
4.28
4.28
4.29
4.29
4.30
4.30
4.29
4.29
4.30
4.30
4.29
4.28
4.27
4.28
4.29
4.29
4.28
4.28
4.28
4.28
4.28
4.28
4.27
4.27
4.27
4.28
4.29
4.29
4.29
4.29
4.29
4.28
4.28
4.28
4.27
4.28
4.27
4.28
4.28
4.28
4.28
4.28
4.27
4.27
4.27
4.27
4.27
4.27
4.28
4.28
4.28
4.27
4.28
4.28
4.28
4.28
4.29
4.29
4.30
4.29
4.29
4.29
4.30
4.30
4.31
4.31
4.31
4.31
4.30
4.30
4.31
4.30
4.30
4.30
4.30
4.29
4.29
4.30
4.30
4.31
4.30
4.30
4.30
4.30
4.30
4.30
4.30
4.29
4.29
4.28
4.28
4.28
4.27
4.28
4.28
4.28
4.29
4.32
4.31
4.31
4.31
4.31
4.31
4.31
4.31
4.31
4.30
4.30
4.29
4.29
4.29
4.29
4.29
4.29
4.29
4.28
4.28
4.28
4.28
4.28
4.29
4.28
4.29
4.29
4.28
4.29
4.30
4.30
4.29
4.29
4.29
4.29
4.29
4.28
4.29
4.29
4.29
4.29
4.29
4.29
4.29
4.29
4.29
4.29
4.28
4.28
4.28
4.29
4.28
4.28
4.27
4.27
4.27
4.27
4.27
4.27
4.26
4.27
4.27
4.27
4.27
4.27
4.27
4.28
4.28
4.29
4.28
4.29
4.29
4.28
4.29
4.30
4.31
4.31
4.31
4.30
4.30
4.30
4.29
4.30
4.30
4.30
4.31
4.30
4.30
4.31
4.30
4.31
4.31
4.30
4.30
4.30
4.30
4.29
4.29
4.29
4.28
4.28
4.28
4.28
4.29
4.29
4.29
4.28
4.29
4.29
4.29
4.28
4.29
4.30
4.29
4.29
4.29
4.29
4.29
4.28
4.28
4.28
4.28
4.29
4.29
4.29
4.29
4.29
4.28
4.29
4.29
4.29
4.29
4.30
4.30
4.30
4.30
4.30
4.29
4.29
4.30
4.29
4.29
4.29
4.29
4.29
4.29
4.29
4.29
4.29
4.29
4.29
4.29
4.29
4.29
4.29
4.29
4.30
4.29
4.29
4.29
4.28
4.28
4.28
4.28
4.28
4.28
4.28
4.28
4.28
4.28
4.28
4.28
4.28
4.29
4.28
4.28
4.28
4.29
4.28
4.28
4.28
4.28
4.28
4.27
4.27
4.27
4.27
4.27
4.26
4.27
4.26
4.26
4.27
4.26
4.27
4.27
4.27
4.27
4.27
4.27
4.27
4.27
4.27
4.27
4.27
4.28
4.28
4.28
4.28
4.27
4.27
4.27
4.27
4.27
4.27
4.27
4.27
4.27
4.27
4.27
4.27
4.27
4.27
4.27
4.27
4.26
4.26
4.26
4.26
4.25
4.25
4.25
4.25
4.25
4.25
4.25
4.24
4.24
4.25
4.25
4.24
