81.25
82.03
81.77
81.64
83.12
83.59
83.93
84.18
83.33
84.06
83.95
83.72
83.41
83.37
83.12
82.81
82.26
82.73
82.24
82.34
82.37
82.60
82.34
82.23
82.56
82.15
82.18
81.81
81.73
81.82
81.80
81.45
81.30
81.25
81.16
81.25
81.46
81.46
81.61
81.52
81.63
81.88
81.87
81.96
81.91
81.90
81.95
82.00
82.11
82.22
82.32
82.33
82.40
82.44
82.22
82.20
82.26
82.22
82.26
82.29
82.33
82.26
82.12
82.03
81.92
81.89
81.86
81.82
81.75
81.83
81.89
81.88
81.91
81.90
81.88
81.89
81.88
81.83
81.88
81.88
81.93
81.97
81.98
81.96
81.97
81.98
81.90
81.96
81.93
82.00
82.01
81.96
81.97
81.98
82.07
82.00
82.06
82.05
82.07
82.03
82.07
82.05
81.96
81.91
81.83
81.87
81.85
81.90
82.00
81.88
81.87
81.89
81.94
81.98
82.00
81.98
82.05
82.07
82.02
81.97
81.97
81.98
82.01
82.07
82.04
81.99
82.03
81.95
81.99
81.95
81.97
81.96
81.99
82.03
82.04
82.04
82.04
82.08
82.12
82.15
82.17
82.14
82.11
82.12
82.13
82.13
82.08
82.08
82.05
82.01
82.03
82.05
82.07
82.08
82.08
82.12
82.07
82.04
82.02
82.01
82.07
82.10
82.10
82.11
82.14
82.18
82.20
82.25
82.25
82.22
82.23
82.19
82.19
82.14
82.14
82.17
82.13
82.13
82.14
82.16
82.13
82.13
82.16
82.17
82.17
82.16
82.19
82.20
82.21
82.25
82.25
82.28
82.24
82.24
82.21
82.18
82.20
82.17
82.17
82.18
82.21
82.20
82.24
82.24
82.28
82.27
82.26
82.27
82.26
82.26
82.26
82.26
82.31
82.29
82.28
82.29
82.31
82.31
82.31
82.30
82.30
82.32
82.27
82.23
82.24
82.25
82.24
82.22
82.24
82.25
82.24
82.23
82.26
82.25
82.21
82.22
82.19
82.20
82.20
82.23
82.22
82.19
82.18
82.15
82.16
82.16
82.16
82.18
82.19
82.19
82.21
82.21
82.20
82.17
82.16
82.18
82.16
82.14
82.15
82.17
82.17
82.16
82.14
82.10
82.09
82.10
82.10
82.12
82.11
82.09
82.11
82.15
82.14
82.11
82.11
82.08
82.07
82.08
82.10
82.09
82.07
82.08
82.08
82.07
82.03
82.02
82.02
82.03
82.01
81.99
81.99
82.02
82.03
82.02
82.03
82.02
82.00
82.01
81.99
82.00
81.99
82.00
82.03
82.03
82.01
82.02
82.03
82.03
82.03
82.03
82.03
82.04
82.05
82.05
82.04
82.07
82.09
82.07
82.07
82.10
82.10
82.08
82.10
82.10
82.09
82.10
82.12
82.10
82.12
82.10
82.10
82.11
82.10
82.10
82.11
82.12
82.12
82.14
82.14
82.14
82.14
82.13
82.14
82.16
82.17
82.14
82.14
82.14
82.15
82.13
82.11
82.14
82.14
82.14
82.13
82.13
82.13
82.13
82.12
82.13
82.12
82.12
82.14
82.15
82.17
82.18
82.17
82.21
82.21
82.22
82.22
82.22
82.22
82.22
82.23
82.21
82.22
82.21
82.19
82.20
82.18
82.18
82.16
82.16
82.14
82.14
82.15
82.15
82.15
82.15
82.15
82.15
82.16
82.16
82.17
82.16
82.16
82.17
82.16
82.18
82.18
82.19
82.19
82.21
82.20
82.18
82.18
82.17
82.17
82.18
82.17
82.17
82.14
82.12
82.13
82.12
82.10
82.09
82.11
82.10
82.11
82.11
82.10
82.11
82.10
82.08
82.09
82.10
82.09
82.09
82.08
82.09
82.09
82.08
82.09
82.08
82.06
82.07
82.05
82.05
82.05
82.06
82.07
82.06
82.06
82.06
82.06
82.06
82.05
82.05
82.05
82.06
82.05
82.05
82.05
82.05
82.05
82.03
82.04
82.04
82.01
82.03
82.04
82.05
82.06
82.07
82.06
82.03
82.04
82.03
82.03
82.04
82.03
82.03
82.03
82.02
82.02
82.02
82.03
82.03
82.03
82.04
82.04
82.04
82.05
82.05
82.04
82.05
82.06
82.06
82.04
82.04
82.06
82.07
82.07
82.08
82.08
82.08
82.07
82.07
82.07
82.05
82.06
82.07
82.08
82.07
82.09
82.08
82.08
82.08
82.09
82.10
82.09
82.10
82.11
82.11
82.11
82.10
82.10
82.12
82.11
82.10
82.10
82.09
82.10
82.09
82.10
82.09
82.08
82.08
82.08
82.07
82.06
82.07
82.07
82.06
82.07
82.08
82.07
82.07
82.07
82.08
82.08
82.09
82.10
82.10
82.11
82.11
82.11
82.10
82.10
82.12
82.11
82.12
82.12
82.12
82.12
82.10
82.10
82.09
82.09
82.09
82.09
82.09
82.09
82.09
82.08
82.07
82.07
82.08
82.09
82.08
82.08
82.08
82.09
82.09
82.08
82.08
82.08
82.07
82.07
82.07
82.07
82.06
82.08
82.06
82.08
82.08
82.08
82.08
82.08
82.08
82.08
82.09
82.11
82.10
82.10
82.09
82.09
82.09
82.07
82.06
82.06
82.06
82.05
82.04
82.04
82.04
82.04
82.06
82.06
82.05
82.06
82.06
82.06
82.05
82.06
82.07
82.08
82.08
82.08
82.07
82.08
82.06
82.06
82.06
82.06
82.04
82.05
82.06
82.06
82.08
82.09
82.08
82.08
82.07
82.07
82.07
82.08
82.09
82.09
82.09
82.09
82.07
82.07
82.07
82.06
82.06
82.06
82.06
82.05
82.06
82.05
82.06
82.07
82.07
82.07
82.06
82.06
82.06
82.05
82.05
82.05
82.04
82.04
82.04
82.02
82.03
82.02
82.03
82.02
82.03
82.03
82.03
82.02
82.01
82.00
82.00
82.01
82.02
82.03
82.03
82.04
82.04
82.05
82.05
82.06
82.05
82.05
82.05
82.03
82.03
82.02
82.02
82.02
82.01
82.01
82.01
82.01
82.01
82.02
82.02
82.01
82.02
82.00
81.98
81.98
81.97
81.96
81.96
81.96
81.95
81.95
81.95
81.95
81.94
81.94
81.95
81.94
81.94
81.96
81.96
81.95
81.96
81.95
81.95
81.95
81.96
81.97
81.98
81.99
81.99
81.98
81.98
81.96
81.97
81.96
81.97
81.97
81.97
81.98
81.98
81.98
81.98
81.98
81.99
81.98
81.99
81.98
81.98
81.98
81.99
82.00
82.00
81.99
81.99
81.99
81.99
81.99
81.99
82.00
82.00
82.00
82.00
81.99
81.98
81.99
81.99
81.99
81.98
81.98
81.98
81.98
81.99
81.98
81.99
81.99
81.99
81.98
81.98
81.99
81.91
