85.94
82.03
81.25
82.03
81.88
82.29
81.92
81.45
81.08
81.25
81.68
80.99
81.85
81.36
81.56
81.45
81.62
81.34
81.25
80.94
81.03
80.89
80.84
80.92
80.88
80.71
80.61
80.64
80.77
80.83
80.85
81.05
81.16
81.20
81.25
81.51
81.50
81.54
81.77
81.76
81.75
81.92
81.76
81.71
81.49
81.66
81.65
81.67
81.79
81.69
81.86
81.88
81.87
81.89
81.90
81.86
81.85
81.92
81.81
81.74
81.63
81.53
81.40
81.52
81.49
81.51
81.58
81.59
81.57
81.67
81.80
81.79
81.87
81.90
81.83
81.76
81.82
81.85
81.92
81.97
81.94
81.97
81.87
81.90
81.86
81.89
81.86
81.87
81.90
81.94
81.89
81.88
81.85
81.87
81.89
81.90
81.91
82.00
81.99
82.02
82.05
82.05
82.02
82.03
82.02
82.02
82.02
82.03
82.02
82.07
82.11
82.10
82.15
82.18
82.23
82.29
82.35
82.28
82.22
82.25
82.24
82.30
82.33
82.32
82.35
82.34
82.33
82.37
82.33
82.30
82.26
82.24
82.15
82.18
82.15
82.12
82.05
82.09
82.14
82.11
82.15
82.17
82.15
82.16
82.19
82.16
82.11
82.15
82.14
82.14
82.11
82.10
82.15
82.13
82.11
82.04
82.08
82.05
82.02
82.06
82.00
81.97
82.00
82.02
82.04
82.03
81.96
81.96
81.96
81.96
82.02
82.06
82.07
82.09
82.11
82.06
82.06
82.06
82.07
82.04
82.05
82.07
82.10
82.12
82.16
82.16
82.16
82.18
82.16
82.18
82.17
82.15
82.15
82.14
82.16
82.17
82.15
82.17
82.17
82.14
82.20
82.16
82.19
82.18
82.17
82.15
82.12
82.14
82.18
82.16
82.15
82.18
82.19
82.18
82.15
82.16
82.22
82.25
82.26
82.29
82.32
82.31
82.32
82.35
82.33
82.30
82.29
82.28
82.29
82.29
82.27
82.26
82.21
82.22
82.23
82.22
82.24
82.22
82.21
82.23
82.23
82.25
82.24
82.22
82.21
82.20
82.17
82.18
82.19
82.19
82.18
82.16
82.15
82.15
82.13
82.12
82.14
82.12
82.12
82.12
82.11
82.11
82.14
82.12
82.13
82.14
82.17
82.17
82.14
82.14
82.13
82.12
82.13
82.14
82.15
82.14
82.13
82.13
82.11
82.10
82.13
82.16
82.16
82.17
82.19
82.15
82.15
82.16
82.15
82.14
82.15
82.14
82.14
82.14
82.14
82.11
82.14
82.13
82.12
82.10
82.10
82.11
82.10
82.10
82.11
82.11
82.11
82.08
82.07
82.08
82.06
82.03
82.04
82.05
82.04
82.02
82.02
82.03
82.03
82.01
81.99
82.00
82.01
82.01
82.02
82.02
82.01
82.01
81.99
81.99
81.99
81.99
82.01
82.02
82.03
82.02
82.02
82.03
82.02
82.05
82.05
82.06
82.06
82.05
82.03
82.03
82.02
82.00
82.01
82.00
82.01
82.02
82.05
82.04
82.02
82.02
82.02
82.04
82.00
82.00
81.98
81.99
81.98
82.00
81.98
81.99
81.99
81.99
82.02
82.02
82.02
82.02
82.04
82.05
82.06
82.04
82.01
82.01
82.02
82.04
82.03
82.02
82.01
82.01
82.02
82.04
82.04
82.04
82.04
82.05
82.02
82.02
82.01
82.01
82.02
82.02
82.04
82.05
82.06
82.04
82.04
82.04
82.05
82.05
82.04
82.05
82.05
82.03
82.02
82.04
82.04
82.05
82.08
82.06
82.05
82.04
82.04
82.03
82.01
81.99
81.97
81.96
81.96
81.96
81.97
81.97
81.96
81.97
81.97
81.95
81.96
81.98
81.98
81.99
82.00
82.01
81.99
82.00
82.00
82.00
82.00
82.01
82.00
82.01
82.00
82.01
82.02
82.01
82.01
82.00
82.01
82.01
82.01
82.01
82.02
81.99
82.01
82.01
82.03
82.02
82.03
82.02
82.02
82.02
82.01
82.00
82.00
81.99
81.99
81.98
81.97
81.99
81.99
81.98
81.97
81.99
81.99
81.99
81.99
81.98
81.98
81.98
81.98
81.98
81.98
81.99
81.97
81.97
81.97
81.95
81.95
81.94
81.93
81.93
81.93
81.94
81.92
81.91
81.91
81.92
81.92
81.92
81.91
81.91
81.91
81.93
81.93
81.92
81.92
81.91
81.93
81.94
81.93
81.92
81.94
81.93
81.94
81.95
81.94
81.96
81.97
81.99
81.99
81.99
82.01
82.01
82.02
82.02
82.02
82.02
82.02
82.03
82.02
82.01
82.01
82.02
82.02
82.01
82.02
82.01
82.02
82.00
81.99
81.99
82.00
82.00
81.99
82.01
82.02
82.02
82.02
82.03
82.01
82.02
82.02
82.03
82.03
82.04
82.02
82.01
82.02
82.01
82.00
82.01
82.01
82.01
82.02
82.02
82.02
82.03
82.03
82.04
82.04
82.04
82.05
82.05
82.05
82.04
82.04
82.05
82.05
82.05
82.04
82.04
82.04
82.04
82.04
82.02
82.02
82.02
82.01
82.01
82.00
81.99
82.00
81.99
82.00
81.99
81.99
81.99
82.00
82.00
82.01
82.01
82.00
82.00
81.99
81.99
82.00
81.99
81.99
82.00
81.99
81.99
81.98
81.98
81.96
81.96
81.96
81.95
81.95
81.96
81.95
81.96
81.96
81.97
81.97
81.97
81.96
81.97
81.96
81.95
81.96
81.95
81.95
81.96
81.94
81.95
81.96
81.95
81.95
81.95
81.94
81.95
81.95
81.96
81.96
81.96
81.97
81.95
81.95
81.94
81.94
81.94
81.94
81.93
81.92
81.91
81.89
81.88
81.88
81.88
81.88
81.88
81.88
81.86
81.85
81.85
81.85
81.85
81.84
81.84
81.84
81.84
81.84
81.84
81.84
81.84
81.84
81.83
81.83
81.83
81.83
81.83
81.83
81.83
81.83
81.84
81.83
81.84
81.81
81.82
81.81
81.81
81.81
81.82
81.82
81.81
81.80
81.80
81.80
81.80
81.79
81.78
81.78
81.79
81.80
81.80
81.80
81.79
81.79
81.78
81.78
81.78
81.78
81.79
81.78
81.78
81.78
81.78
81.79
81.79
81.80
81.79
81.80
81.80
81.79
81.79
81.78
81.79
81.79
81.80
81.80
81.80
81.80
81.80
81.79
81.80
81.80
81.79
81.80
81.79
81.80
81.80
81.79
81.79
81.79
81.80
81.80
81.79
81.81
81.81
81.81
81.80
81.80
81.80
81.81
81.80
81.80
81.80
81.79
81.79
81.79
81.80
81.79
81.79
81.79
81.80
81.80
81.80
81.79
81.80
81.81
81.82
81.82
81.80
81.81
81.81
81.82
81.83
81.83
81.75
