84.38
84.38
81.77
83.98
85.94
84.90
84.82
84.96
85.07
85.31
85.09
85.29
85.22
85.60
85.73
85.35
85.48
85.33
85.36
84.53
84.67
84.30
84.31
84.31
84.06
84.01
83.56
83.59
83.46
83.54
83.52
83.25
83.10
83.00
82.95
82.86
82.94
82.94
82.89
82.58
82.51
82.63
82.63
82.74
82.64
82.51
82.55
82.49
82.37
82.44
82.32
82.30
82.28
82.32
82.24
82.25
82.15
82.25
82.26
82.29
82.30
82.38
82.34
82.20
82.31
82.32
82.35
82.24
82.31
82.28
82.33
82.31
82.30
82.31
82.31
82.26
82.24
82.29
82.38
82.36
82.39
82.37
82.32
82.29
82.28
82.34
82.27
82.26
82.27
82.31
82.37
82.37
82.39
82.41
82.35
82.47
82.44
82.35
82.34
82.39
82.38
82.40
82.39
82.32
82.28
82.25
82.23
82.16
82.18
82.23
82.25
82.30
82.31
82.31
82.38
82.38
82.36
82.35
82.33
82.27
82.27
82.25
82.23
82.18
82.15
82.22
82.25
82.28
82.27
82.26
82.32
82.29
82.27
82.33
82.28
82.31
82.29
82.29
82.26
82.23
82.27
82.22
82.24
82.20
82.21
82.20
82.25
82.28
82.23
82.21
82.24
82.29
82.30
82.30
82.28
82.29
82.21
82.18
82.15
82.17
82.16
82.19
82.20
82.20
82.17
82.17
82.15
82.12
82.14
82.14
82.11
82.11
82.14
82.15
82.16
82.16
82.16
82.09
82.15
82.19
82.21
82.20
82.23
82.23
82.26
82.23
82.29
82.27
82.31
82.31
82.32
82.26
82.25
82.27
82.27
82.28
82.28
82.28
82.29
82.27
82.32
82.33
82.29
82.28
82.29
82.24
82.26
82.23
82.21
82.20
82.19
82.23
82.21
82.19
82.23
82.23
82.18
82.16
82.16
82.17
82.19
82.20
82.19
82.17
82.16
82.14
82.18
82.17
82.14
82.11
82.08
82.11
82.14
82.14
82.12
82.14
82.14
82.18
82.17
82.20
82.21
82.22
82.21
82.20
82.24
82.22
82.24
82.24
82.23
82.25
82.23
82.23
82.24
82.23
82.19
82.23
82.25
82.26
82.28
82.24
82.25
82.27
82.28
82.30
82.29
82.26
82.27
82.28
82.25
82.22
82.24
82.22
82.23
82.25
82.28
82.27
82.29
82.28
82.26
82.29
82.28
82.29
82.29
82.30
82.28
82.29
82.29
82.25
82.27
82.27
82.26
82.26
82.25
82.27
82.28
82.27
82.27
82.29
82.32
82.30
82.30
82.28
82.29
82.28
82.27
82.27
82.27
82.29
82.30
82.31
82.32
82.30
82.30
82.28
82.28
82.26
82.25
82.27
82.28
82.25
82.23
82.22
82.21
82.20
82.20
82.18
82.19
82.18
82.17
82.18
82.17
82.18
82.17
82.16
82.16
82.16
82.14
82.15
82.16
82.16
82.15
82.16
82.17
82.14
82.13
82.10
82.10
82.09
82.09
82.11
82.10
82.12
82.11
82.09
82.07
82.08
82.09
82.11
82.08
82.09
82.09
82.10
82.11
82.10
82.09
82.08
82.05
82.04
82.01
82.01
81.98
81.97
81.97
81.98
81.98
82.00
82.00
82.00
82.01
82.01
82.00
81.98
81.97
81.99
81.99
81.99
81.98
81.99
81.99
81.98
81.97
81.98
81.98
81.98
81.98
81.99
81.98
81.98
81.99
82.00
81.99
81.98
81.99
82.00
81.99
81.99
81.96
81.95
81.96
81.97
81.96
81.96
81.97
81.98
81.97
82.00
81.99
81.97
81.97
81.96
81.96
81.95
81.95
81.95
81.93
81.94
81.93
81.93
81.95
81.95
81.96
81.96
81.98
81.98
81.99
81.99
81.99
82.00
81.97
81.95
81.96
81.94
81.91
81.92
81.91
81.91
81.91
81.89
81.90
81.90
81.90
81.92
81.91
81.90
81.92
81.92
81.91
81.92
81.91
81.92
81.90
81.89
81.88
81.88
81.89
81.90
81.91
81.90
81.89
81.87
81.88
81.89
81.88
81.88
81.89
81.90
81.90
81.90
81.90
81.91
81.92
81.91
81.90
81.89
81.90
81.89
81.89
81.89
81.89
81.91
81.91
81.92
81.89
81.89
81.87
81.85
81.87
81.87
81.86
81.84
81.83
81.84
81.83
81.85
81.85
81.84
81.84
81.82
81.82
81.81
81.81
81.81
81.81
81.81
81.81
81.81
81.82
81.81
81.82
81.82
81.82
81.83
81.83
81.83
81.82
81.82
81.83
81.83
81.83
81.82
81.82
81.83
81.84
81.84
81.84
81.85
81.84
81.84
81.85
81.85
81.86
81.86
81.85
81.85
81.86
81.85
81.85
81.85
81.85
81.83
81.82
81.81
81.83
81.83
81.84
81.84
81.82
81.83
81.83
81.82
81.83
81.82
81.82
81.82
81.82
81.82
81.81
81.82
81.84
81.85
81.85
81.85
81.85
81.84
81.81
81.80
81.80
81.79
81.80
81.79
81.79
81.78
81.78
81.78
81.78
81.79
81.79
81.78
81.77
81.76
81.78
81.76
81.76
81.75
81.76
81.75
81.75
81.74
81.75
81.76
81.76
81.76
81.76
81.78
81.78
81.78
81.79
81.78
81.78
81.79
81.80
81.81
81.82
81.81
81.80
81.80
81.80
81.79
81.79
81.79
81.78
81.78
81.78
81.80
81.78
81.78
81.79
81.79
81.80
81.79
81.80
81.80
81.79
81.78
81.78
81.77
81.76
81.77
81.78
81.77
81.76
81.76
81.75
81.75
81.75
81.76
81.74
81.76
81.76
81.76
81.75
81.74
81.74
81.74
81.75
81.75
81.76
81.76
81.76
81.76
81.77
81.76
81.77
81.77
81.77
81.77
81.78
81.78
81.77
81.76
81.75
81.77
81.77
81.76
81.76
81.76
81.75
81.75
81.76
81.75
81.75
81.75
81.76
81.76
81.76
81.77
81.77
81.77
81.77
81.75
81.76
81.76
81.76
81.76
81.75
81.75
81.75
81.76
81.77
81.77
81.76
81.76
81.76
81.76
81.76
81.76
81.77
81.76
81.76
81.75
81.74
81.74
81.76
81.76
81.77
81.76
81.76
81.76
81.76
81.76
81.75
81.76
81.76
81.77
81.76
81.78
81.78
81.79
81.79
81.79
81.79
81.79
81.79
81.79
81.79
81.79
81.81
81.81
81.80
81.80
81.79
81.80
81.79
81.79
81.79
81.81
81.80
81.80
81.80
81.81
81.81
81.80
81.79
81.79
81.80
81.79
81.79
81.80
81.79
81.79
81.79
81.79
81.79
81.78
81.79
81.79
81.79
81.79
81.79
81.80
81.80
81.79
81.79
81.79
81.79
81.79
81.80
81.79
81.79
81.79
81.80
81.72
