93.75
90.62
88.54
87.50
85.62
84.64
84.82
84.38
83.16
83.28
82.81
82.03
82.33
81.92
81.88
81.74
81.34
81.60
81.66
81.64
81.40
81.46
81.52
81.58
81.56
81.55
81.94
82.09
82.00
81.93
81.96
81.98
81.91
81.57
81.43
81.42
81.50
81.50
81.49
81.37
81.25
81.14
81.03
81.11
80.97
80.84
80.92
80.99
80.90
81.06
81.28
81.37
81.37
81.45
81.56
81.64
81.69
81.98
82.12
82.21
82.25
82.31
82.42
82.37
82.36
82.41
82.35
82.38
82.34
82.37
82.31
82.29
82.26
82.35
82.27
82.34
82.22
82.25
82.22
82.21
82.04
82.05
82.08
82.09
82.11
82.14
82.11
82.17
82.13
82.12
82.06
82.07
82.02
82.05
82.01
81.98
82.01
82.08
82.05
82.12
82.12
82.12
82.13
82.06
82.07
82.03
82.05
82.09
82.05
82.05
82.07
82.10
82.12
82.13
82.09
82.00
82.01
82.02
82.00
82.02
82.02
82.06
81.96
81.91
81.89
81.91
81.90
81.87
81.92
81.85
81.88
81.87
81.79
81.83
81.84
81.86
81.89
81.91
81.92
81.96
81.99
82.01
81.96
81.93
81.97
82.02
81.98
82.02
82.02
82.00
81.98
81.99
82.06
82.09
82.06
82.08
82.05
82.08
82.09
82.10
82.13
82.13
82.08
82.06
82.10
82.13
82.09
82.12
82.13
82.11
82.12
82.14
82.10
82.13
82.14
82.16
82.11
82.14
82.15
82.14
82.19
82.17
82.14
82.11
82.12
82.17
82.14
82.12
82.10
82.10
82.08
82.05
82.08
82.06
82.07
82.09
82.08
82.07
82.04
82.09
82.10
82.10
82.10
82.12
82.07
82.08
82.09
82.08
82.08
82.05
82.11
82.08
82.01
81.98
81.98
81.97
81.94
81.94
81.95
81.94
81.96
81.95
81.94
81.92
81.92
81.89
81.88
81.88
81.89
81.88
81.85
81.85
81.83
81.82
81.83
81.85
81.81
81.83
81.83
81.86
81.87
81.88
81.87
81.85
81.81
81.82
81.86
81.85
81.86
81.87
81.87
81.87
81.88
81.88
81.88
81.85
81.83
81.83
81.83
81.79
81.79
81.79
81.79
81.83
81.82
81.83
81.80
81.84
81.85
81.88
81.89
81.89
81.87
81.85
81.86
81.84
81.84
81.82
81.82
81.80
81.79
81.78
81.76
81.79
81.80
81.80
81.78
81.79
81.81
81.82
81.81
81.77
81.75
81.75
81.77
81.76
81.76
81.76
81.76
81.76
81.77
81.79
81.80
81.81
81.78
81.77
81.78
81.76
81.74
81.71
81.73
81.73
81.73
81.75
81.76
81.73
81.75
81.75
81.75
81.75
81.75
81.75
81.74
81.75
81.73
81.73
81.75
81.75
81.75
81.75
81.76
81.75
81.77
81.80
81.80
81.80
81.81
81.79
81.78
81.77
81.74
81.73
81.71
81.68
81.70
81.70
81.71
81.72
81.72
81.71
81.70
81.71
81.69
81.70
81.70
81.72
81.71
81.72
81.68
81.67
81.68
81.67
81.68
81.67
81.69
81.69
81.70
81.70
81.71
81.68
81.71
81.70
81.68
81.68
81.69
81.69
81.70
81.69
81.69
81.67
81.69
81.70
81.71
81.69
81.68
81.70
81.70
81.70
81.72
81.72
81.73
81.71
81.72
81.69
81.69
81.70
81.70
81.69
81.70
81.73
81.71
81.69
81.70
81.69
81.70
81.72
81.73
81.72
81.71
81.72
81.73
81.73
81.75
81.77
81.77
81.76
81.76
81.75
81.75
81.77
81.76
81.78
81.79
81.79
81.78
81.78
81.78
81.79
81.80
81.80
81.79
81.79
81.77
81.78
81.78
81.78
81.77
81.76
81.75
81.75
81.75
81.76
81.78
81.78
81.77
81.77
81.77
81.76
81.76
81.77
81.77
81.75
81.76
81.76
81.76
81.76
81.77
81.76
81.76
81.76
81.75
81.74
81.76
81.74
81.73
81.74
81.73
81.72
81.73
81.73
81.73
81.74
81.75
81.75
81.74
81.76
81.76
81.77
81.77
81.77
81.77
81.77
81.77
81.76
81.75
81.73
81.74
81.74
81.76
81.75
81.77
81.78
81.79
81.78
81.80
81.80
81.81
81.80
81.81
81.80
81.81
81.79
81.77
81.78
81.78
81.77
81.78
81.79
81.79
81.80
81.79
81.80
81.81
81.81
81.81
81.80
81.79
81.80
81.80
81.79
81.80
81.81
81.81
81.82
81.82
81.83
81.84
81.85
81.86
81.88
81.86
81.88
81.86
81.86
81.87
81.86
81.87
81.87
81.87
81.87
81.87
81.87
81.87
81.87
81.88
81.89
81.90
81.90
81.91
81.91
81.91
81.92
81.92
81.92
81.91
81.91
81.91
81.91
81.90
81.90
81.91
81.90
81.90
81.90
81.92
81.92
81.92
81.93
81.94
81.93
81.93
81.93
81.93
81.93
81.93
81.94
81.94
81.94
81.94
81.95
81.94
81.96
81.96
81.96
81.94
81.94
81.96
81.98
81.98
81.96
81.97
81.97
81.98
81.97
81.97
81.97
81.97
81.97
81.97
81.98
81.99
82.00
82.00
82.00
82.01
82.01
81.99
81.99
81.99
81.98
81.98
81.99
82.00
81.99
82.00
81.99
82.00
82.00
82.00
82.01
82.00
82.01
82.03
82.02
82.01
82.02
82.03
82.03
82.03
82.03
82.03
82.04
82.06
82.07
82.05
82.04
82.03
82.03
82.03
82.03
82.03
82.03
82.02
82.01
82.01
82.00
81.99
82.01
82.00
82.00
82.00
81.99
81.99
81.99
81.98
81.98
81.97
81.98
81.98
81.98
81.98
81.97
81.97
81.97
81.97
81.97
81.97
81.97
81.97
81.97
81.97
81.98
81.97
81.97
81.98
81.96
81.95
81.95
81.94
81.93
81.94
81.94
81.94
81.94
81.93
81.94
81.94
81.93
81.93
81.94
81.94
81.94
81.95
81.94
81.93
81.93
81.94
81.95
81.95
81.95
81.95
81.95
81.94
81.94
81.93
81.94
81.95
81.95
81.95
81.95
81.95
81.94
81.93
81.93
81.93
81.93
81.93
81.94
81.93
81.92
81.92
81.92
81.92
81.93
81.93
81.93
81.93
81.93
81.93
81.93
81.93
81.92
81.92
81.91
81.92
81.92
81.92
81.93
81.93
81.93
81.92
81.93
81.94
81.94
81.95
81.96
81.95
81.94
81.94
81.95
81.94
81.94
81.93
81.93
81.93
81.91
81.90
81.90
81.91
81.92
81.92
81.92
81.92
81.92
81.93
81.92
81.93
81.92
81.93
81.94
81.94
81.95
81.95
81.95
81.96
81.96
81.96
81.96
81.97
81.97
81.96
81.89
