79.69
80.47
79.17
80.86
81.88
82.29
81.92
82.23
82.29
81.72
81.53
81.77
82.21
82.14
82.08
81.93
82.26
82.12
82.07
82.34
82.22
82.53
82.13
81.84
81.75
81.61
81.60
81.36
81.36
81.25
81.00
80.81
80.92
81.20
81.12
80.90
80.74
80.63
80.57
80.62
80.75
80.88
81.03
81.00
81.01
81.01
80.95
81.02
81.06
80.91
80.91
80.89
80.96
81.08
81.22
81.25
81.06
81.12
81.01
81.02
80.97
81.05
81.00
81.01
80.94
80.97
81.06
81.11
81.09
81.07
81.18
81.21
81.14
81.27
81.27
81.23
81.29
81.37
81.45
81.33
81.31
81.31
81.34
81.25
81.29
81.36
81.25
81.21
81.18
81.22
81.22
81.18
81.20
81.17
81.22
81.30
81.35
81.41
81.39
81.42
81.45
81.46
81.51
81.48
81.59
81.56
81.62
81.55
81.58
81.52
81.57
81.57
81.53
81.52
81.55
81.51
81.52
81.57
81.58
81.64
81.66
81.69
81.69
81.70
81.77
81.81
81.87
81.85
81.86
81.83
81.81
81.84
81.88
81.89
81.81
81.82
81.84
81.87
81.86
81.89
81.89
81.92
81.89
81.89
81.93
81.96
81.98
81.93
81.92
81.95
81.97
82.02
82.00
81.97
82.02
82.02
81.98
81.99
81.98
81.96
81.95
81.95
81.97
81.96
81.99
81.95
81.89
81.85
81.87
81.88
81.87
81.89
81.89
81.89
81.89
81.90
81.95
81.93
81.92
81.97
81.95
81.96
81.96
81.95
81.97
81.96
81.96
81.91
81.92
81.93
81.95
81.92
81.91
81.93
81.95
81.97
81.97
81.98
81.96
81.96
81.93
81.97
81.97
81.95
81.96
81.92
81.93
81.93
81.92
81.93
81.91
81.91
81.91
81.91
81.90
81.91
81.87
81.84
81.81
81.81
81.79
81.81
81.83
81.81
81.81
81.82
81.83
81.80
81.80
81.79
81.77
81.78
81.81
81.83
81.88
81.88
81.90
81.89
81.92
81.88
81.88
81.88
81.87
81.89
81.87
81.90
81.91
81.94
81.92
81.93
81.95
81.96
81.95
81.95
81.89
81.90
81.88
81.90
81.91
81.92
81.93
81.94
81.93
81.91
81.91
81.93
81.92
81.95
81.94
81.96
81.97
81.99
81.99
81.94
81.95
81.91
81.94
81.93
81.91
81.93
81.91
81.89
81.91
81.92
81.92
81.89
81.89
81.88
81.86
81.84
81.86
81.85
81.84
81.81
81.82
81.79
81.74
81.75
81.73
81.72
81.74
81.76
81.75
81.76
81.76
81.79
81.79
81.77
81.75
81.74
81.73
81.76
81.75
81.76
81.74
81.73
81.75
81.76
81.76
81.77
81.79
81.78
81.81
81.80
81.79
81.79
81.80
81.78
81.80
81.78
81.81
81.80
81.81
81.81
81.79
81.79
81.80
81.76
81.78
81.78
81.78
81.79
81.80
81.76
81.75
81.76
81.78
81.78
81.77
81.77
81.79
81.78
81.77
81.78
81.77
81.76
81.78
81.78
81.79
81.77
81.75
81.75
81.76
81.77
81.78
81.78
81.80
81.81
81.83
81.84
81.82
81.83
81.82
81.82
81.80
81.79
81.80
81.80
81.81
81.81
81.84
81.83
81.83
81.84
81.83
81.86
81.87
81.89
81.87
81.85
81.85
81.84
81.85
81.86
81.85
81.83
81.83
81.84
81.86
81.86
81.87
81.87
81.87
81.88
81.89
81.92
81.93
81.91
81.92
81.91
81.91
81.89
81.89
81.89
81.91
81.91
81.91
81.89
81.88
81.89
81.90
81.90
81.87
81.89
81.90
81.92
81.94
81.95
81.95
81.94
81.96
81.95
81.94
81.94
81.94
81.95
81.93
81.93
81.94
81.95
81.94
81.93
81.92
81.94
81.95
81.96
81.95
81.93
81.93
81.93
81.94
81.96
81.98
81.98
81.98
81.99
81.98
82.00
81.99
81.97
81.96
81.96
81.95
81.97
81.97
81.95
81.95
81.93
81.94
81.93
81.95
81.94
81.94
81.95
81.95
81.95
81.96
81.95
81.95
81.97
81.96
81.97
81.97
81.97
81.96
81.95
81.93
81.94
81.93
81.94
81.94
81.93
81.92
81.93
81.92
81.92
81.93
81.93
81.93
81.91
81.91
81.90
81.89
81.90
81.91
81.89
81.90
81.90
81.92
81.92
81.93
81.92
81.92
81.94
81.94
81.93
81.94
81.96
81.95
81.97
81.97
81.95
81.96
81.95
81.95
81.94
81.93
81.93
81.91
81.92
81.93
81.92
81.92
81.92
81.91
81.91
81.90
81.89
81.90
81.90
81.91
81.90
81.90
81.90
81.90
81.90
81.90
81.90
81.90
81.90
81.89
81.89
81.89
81.89
81.89
81.89
81.90
81.89
81.90
81.89
81.90
81.89
81.89
81.90
81.89
81.89
81.89
81.89
81.86
81.87
81.88
81.89
81.90
81.91
81.91
81.92
81.91
81.91
81.91
81.92
81.91
81.91
81.91
81.91
81.92
81.91
81.89
81.90
81.90
81.89
81.88
81.87
81.89
81.88
81.87
81.86
81.84
81.85
81.85
81.85
81.86
81.85
81.85
81.84
81.83
81.82
81.82
81.83
81.83
81.84
81.84
81.83
81.84
81.85
81.85
81.87
81.88
81.88
81.89
81.90
81.91
81.92
81.91
81.91
81.91
81.92
81.93
81.92
81.94
81.95
81.96
81.97
81.97
81.98
81.99
81.99
82.00
82.00
81.99
81.99
82.00
82.00
82.00
82.00
82.00
82.00
82.00
82.00
81.99
81.99
81.99
82.00
81.99
81.99
81.98
81.97
81.96
81.97
81.96
81.97
81.97
81.98
81.99
81.99
81.97
81.96
81.96
81.97
81.96
81.97
81.96
81.98
81.99
82.00
81.99
81.99
81.98
81.99
82.00
81.99
81.98
81.99
81.99
82.00
81.99
81.99
81.99
81.99
81.99
81.98
81.99
82.00
82.00
81.99
81.99
81.99
81.99
81.98
81.98
81.98
82.00
82.01
82.02
82.02
82.01
82.00
82.00
81.99
82.01
82.01
82.00
82.00
81.99
81.99
81.99
81.99
81.99
81.99
81.99
81.99
81.99
81.99
82.00
81.99
81.99
81.99
82.00
82.00
82.00
82.00
82.02
82.00
82.01
82.01
81.99
81.98
81.98
81.97
81.96
81.96
81.95
81.96
81.95
81.96
81.96
81.96
81.98
81.98
81.98
81.98
81.99
81.99
81.99
81.98
81.97
81.97
81.98
81.98
81.99
81.99
82.00
81.99
81.99
81.98
81.98
81.99
81.99
81.99
81.99
81.99
81.98
81.98
81.98
81.98
81.98
81.97
81.98
81.96
81.97
81.97
81.98
81.90
