85.94
84.38
82.29
81.25
82.50
82.29
81.47
81.25
81.60
82.19
81.96
81.90
81.37
81.36
81.56
81.93
81.71
81.60
81.91
81.64
81.40
81.68
81.73
81.71
81.81
81.67
81.48
81.53
81.47
81.46
81.45
81.40
81.53
81.80
81.65
81.68
81.63
81.41
81.45
81.45
81.48
81.55
81.43
81.46
81.46
81.56
81.55
81.41
81.35
81.41
81.34
81.37
81.28
81.28
81.28
81.33
81.44
81.55
81.54
81.46
81.40
81.63
81.65
81.71
81.68
81.65
81.69
81.71
81.75
81.74
81.73
81.75
81.79
81.82
81.88
81.89
81.96
82.01
81.90
81.99
82.02
82.01
81.95
81.96
82.06
82.07
82.02
82.01
81.99
82.00
81.99
82.00
81.92
81.88
81.96
82.00
81.94
81.94
81.88
81.89
81.88
81.89
81.95
81.91
81.92
81.90
81.98
82.02
82.00
82.03
82.02
81.99
81.86
81.80
81.79
81.79
81.72
81.69
81.67
81.67
81.71
81.66
81.66
81.63
81.61
81.68
81.68
81.67
81.63
81.63
81.61
81.62
81.54
81.53
81.52
81.55
81.48
81.51
81.54
81.54
81.55
81.51
81.47
81.49
81.50
81.51
81.55
81.61
81.65
81.66
81.60
81.61
81.63
81.68
81.65
81.71
81.74
81.73
81.79
81.79
81.77
81.79
81.80
81.77
81.79
81.80
81.78
81.79
81.76
81.74
81.73
81.73
81.73
81.72
81.67
81.72
81.73
81.72
81.70
81.69
81.69
81.73
81.71
81.73
81.71
81.70
81.67
81.64
81.62
81.68
81.69
81.69
81.68
81.74
81.76
81.71
81.67
81.64
81.64
81.63
81.65
81.61
81.63
81.62
81.64
81.64
81.67
81.65
81.66
81.67
81.72
81.73
81.73
81.74
81.76
81.74
81.75
81.76
81.78
81.78
81.80
81.76
81.78
81.79
81.81
81.82
81.81
81.81
81.82
81.85
81.85
81.84
81.83
81.86
81.86
81.85
81.84
81.80
81.81
81.76
81.77
81.77
81.75
81.74
81.71
81.72
81.70
81.72
81.73
81.74
81.77
81.75
81.76
81.78
81.78
81.75
81.75
81.73
81.76
81.79
81.80
81.79
81.81
81.78
81.77
81.76
81.76
81.76
81.74
81.77
81.78
81.77
81.77
81.74
81.75
81.73
81.73
81.70
81.69
81.69
81.68
81.69
81.72
81.73
81.75
81.73
81.75
81.72
81.75
81.73
81.71
81.72
81.72
81.73
81.73
81.74
81.74
81.75
81.75
81.74
81.72
81.75
81.75
81.74
81.73
81.75
81.72
81.70
81.71
81.70
81.67
81.70
81.70
81.68
81.68
81.70
81.72
81.71
81.71
81.73
81.73
81.74
81.74
81.75
81.76
81.73
81.74
81.74
81.72
81.73
81.72
81.73
81.74
81.70
81.68
81.67
81.67
81.66
81.66
81.64
81.66
81.66
81.66
81.66
81.65
81.62
81.62
81.64
81.64
81.65
81.65
81.64
81.64
81.63
81.62
81.60
81.61
81.60
81.60
81.60
81.60
81.60
81.60
81.60
81.61
81.62
81.60
81.59
81.59
81.59
81.59
81.60
81.61
81.61
81.58
81.58
81.59
81.62
81.60
81.59
81.57
81.58
81.57
81.59
81.58
81.59
81.61
81.61
81.61
81.60
81.61
81.60
81.60
81.60
81.60
81.62
81.63
81.61
81.60
81.59
81.59
81.60
81.59
81.57
81.56
81.57
81.57
81.56
81.57
81.58
81.58
81.56
81.56
81.57
81.57
81.58
81.58
81.57
81.57
81.56
81.55
81.56
81.57
81.59
81.59
81.57
81.56
81.56
81.56
81.56
81.57
81.59
81.56
81.57
81.57
81.59
81.61
81.62
81.63
81.63
81.64
81.65
81.64
81.62
81.63
81.62
81.63
81.63
81.65
81.64
81.61
81.61
81.61
81.62
81.63
81.63
81.63
81.63
81.63
81.62
81.61
81.62
81.60
81.57
81.57
81.57
81.59
81.60
81.58
81.59
81.60
81.61
81.61
81.60
81.61
81.60
81.60
81.59
81.56
81.57
81.57
81.59
81.58
81.58
81.59
81.58
81.58
81.59
81.59
81.60
81.59
81.58
81.58
81.56
81.57
81.57
81.55
81.56
81.55
81.54
81.54
81.55
81.54
81.52
81.52
81.51
81.52
81.52
81.50
81.49
81.50
81.51
81.50
81.51
81.52
81.51
81.53
81.52
81.52
81.52
81.51
81.50
81.50
81.50
81.49
81.48
81.49
81.48
81.48
81.48
81.48
81.49
81.49
81.50
81.50
81.50
81.49
81.50
81.50
81.48
81.49
81.47
81.47
81.47
81.48
81.46
81.47
81.48
81.48
81.48
81.48
81.48
81.49
81.50
81.51
81.53
81.54
81.54
81.53
81.52
81.53
81.54
81.54
81.54
81.54
81.54
81.55
81.55
81.54
81.55
81.55
81.55
81.56
81.54
81.54
81.53
81.53
81.52
81.52
81.53
81.52
81.54
81.54
81.54
81.53
81.52
81.51
81.51
81.50
81.50
81.51
81.50
81.51
81.50
81.51
81.52
81.52
81.52
81.52
81.52
81.51
81.51
81.51
81.51
81.52
81.54
81.55
81.54
81.55
81.55
81.56
81.56
81.57
81.56
81.57
81.55
81.55
81.56
81.57
81.57
81.58
81.57
81.57
81.57
81.56
81.55
81.55
81.56
81.57
81.58
81.58
81.59
81.59
81.58
81.57
81.57
81.56
81.58
81.58
81.57
81.58
81.57
81.57
81.57
81.57
81.57
81.58
81.58
81.55
81.56
81.56
81.57
81.56
81.56
81.56
81.55
81.54
81.54
81.53
81.55
81.55
81.55
81.56
81.57
81.57
81.57
81.57
81.57
81.57
81.57
81.57
81.56
81.56
81.56
81.56
81.56
81.56
81.57
81.58
81.58
81.59
81.59
81.59
81.60
81.59
81.60
81.61
81.60
81.60
81.61
81.60
81.61
81.62
81.62
81.61
81.61
81.60
81.61
81.61
81.60
81.60
81.61
81.61
81.60
81.61
81.62
81.62
81.61
81.61
81.61
81.61
81.61
81.62
81.62
81.62
81.61
81.61
81.61
81.62
81.62
81.62
81.61
81.62
81.63
81.63
81.64
81.65
81.64
81.64
81.65
81.65
81.65
81.66
81.67
81.67
81.68
81.68
81.67
81.66
81.64
81.64
81.65
81.65
81.65
81.64
81.64
81.64
81.64
81.63
81.64
81.64
81.63
81.63
81.62
81.63
81.62
81.63
81.62
81.62
81.62
81.63
81.63
81.62
81.62
81.63
81.63
81.63
81.63
81.63
81.63
81.64
81.63
81.64
81.65
81.65
81.66
81.66
81.66
81.66
81.65
81.67
81.59
