85.94
82.81
80.73
82.81
82.50
82.81
83.26
82.03
81.77
82.34
82.39
81.64
81.49
81.58
81.46
81.84
82.08
82.29
82.15
82.11
81.85
82.10
82.07
82.10
81.81
81.67
81.77
82.03
81.90
81.93
81.96
81.49
81.58
81.53
81.56
81.60
81.71
81.78
81.81
81.95
81.82
82.03
81.98
82.03
82.15
82.03
82.01
82.03
82.11
82.09
82.08
82.06
82.05
82.09
82.07
82.09
82.10
82.19
82.26
82.24
82.22
82.28
82.27
82.25
82.26
82.32
82.14
82.28
82.34
82.30
82.26
82.16
82.13
82.03
82.15
82.07
82.12
82.01
81.98
81.99
82.02
81.90
81.85
81.86
81.88
81.80
81.81
81.73
81.76
81.67
81.71
81.69
81.70
81.65
81.64
81.62
81.65
81.60
81.66
81.62
81.62
81.72
81.71
81.78
81.76
81.71
81.63
81.60
81.61
81.61
81.59
81.56
81.57
81.55
81.49
81.53
81.56
81.58
81.58
81.58
81.65
81.65
81.67
81.65
81.69
81.68
81.77
81.73
81.70
81.63
81.67
81.65
81.64
81.66
81.69
81.72
81.76
81.78
81.79
81.82
81.85
81.79
81.82
81.79
81.82
81.81
81.75
81.77
81.73
81.72
81.72
81.66
81.69
81.70
81.68
81.68
81.64
81.65
81.60
81.55
81.54
81.56
81.57
81.54
81.49
81.45
81.45
81.43
81.43
81.41
81.42
81.45
81.44
81.41
81.39
81.44
81.44
81.45
81.42
81.41
81.38
81.41
81.43
81.42
81.43
81.45
81.45
81.50
81.51
81.51
81.55
81.53
81.51
81.51
81.51
81.49
81.52
81.52
81.50
81.53
81.57
81.57
81.60
81.63
81.65
81.71
81.71
81.69
81.67
81.69
81.70
81.69
81.69
81.69
81.70
81.68
81.69
81.69
81.70
81.73
81.74
81.72
81.68
81.68
81.69
81.70
81.71
81.68
81.67
81.66
81.66
81.68
81.67
81.68
81.68
81.67
81.65
81.65
81.66
81.69
81.70
81.72
81.69
81.70
81.71
81.73
81.71
81.73
81.69
81.71
81.69
81.72
81.73
81.72
81.71
81.70
81.71
81.73
81.73
81.74
81.73
81.74
81.75
81.78
81.77
81.78
81.76
81.75
81.75
81.75
81.75
81.72
81.70
81.70
81.71
81.71
81.71
81.72
81.73
81.71
81.70
81.69
81.69
81.68
81.64
81.64
81.64
81.64
81.63
81.63
81.63
81.65
81.65
81.63
81.61
81.61
81.59
81.56
81.56
81.58
81.60
81.58
81.56
81.55
81.55
81.55
81.57
81.57
81.55
81.56
81.54
81.54
81.54
81.54
81.54
81.53
81.53
81.55
81.54
81.55
81.55
81.55
81.57
81.58
81.60
81.60
81.59
81.58
81.57
81.60
81.62
81.63
81.63
81.61
81.58
81.58
81.60
81.62
81.60
81.60
81.60
81.60
81.61
81.65
81.65
81.65
81.66
81.68
81.68
81.67
81.69
81.69
81.69
81.70
81.70
81.72
81.73
81.74
81.75
81.75
81.73
81.73
81.75
81.71
81.71
81.72
81.70
81.72
81.71
81.71
81.74
81.71
81.71
81.71
81.73
81.74
81.73
81.72
81.73
81.74
81.75
81.75
81.76
81.78
81.79
81.80
81.80
81.81
81.82
81.83
81.82
81.82
81.81
81.80
81.81
81.80
81.80
81.80
81.81
81.81
81.80
81.80
81.81
81.81
81.81
81.79
81.79
81.79
81.80
81.82
81.83
81.85
81.84
81.85
81.85
81.85
81.86
81.86
81.86
81.88
81.87
81.86
81.87
81.87
81.86
81.87
81.88
81.87
81.88
81.87
81.87
81.89
81.89
81.88
81.89
81.89
81.87
81.87
81.86
81.84
81.83
81.83
81.82
81.82
81.83
81.82
81.82
81.80
81.79
81.77
81.78
81.77
81.78
81.77
81.79
81.80
81.80
81.81
81.79
81.79
81.81
81.80
81.79
81.80
81.80
81.81
81.80
81.81
81.79
81.81
81.81
81.83
81.83
81.83
81.84
81.83
81.84
81.85
81.86
81.86
81.85
81.85
81.84
81.85
81.85
81.85
81.85
81.86
81.88
81.87
81.89
81.88
81.87
81.87
81.85
81.85
81.85
81.85
81.84
81.84
81.85
81.85
81.85
81.86
81.85
81.86
81.87
81.88
81.88
81.88
81.85
81.86
81.85
81.85
81.84
81.84
81.84
81.84
81.83
81.83
81.81
81.82
81.81
81.79
81.82
81.82
81.83
81.84
81.85
81.84
81.85
81.85
81.86
81.86
81.87
81.87
81.86
81.87
81.86
81.87
81.86
81.86
81.88
81.88
81.88
81.87
81.87
81.86
81.86
81.87
81.87
81.88
81.87
81.87
81.87
81.87
81.86
81.85
81.85
81.86
81.86
81.85
81.85
81.84
81.84
81.85
81.85
81.86
81.86
81.85
81.85
81.85
81.85
81.84
81.85
81.85
81.85
81.84
81.85
81.85
81.85
81.85
81.84
81.85
81.85
81.86
81.86
81.86
81.87
81.87
81.88
81.87
81.86
81.85
81.85
81.84
81.84
81.85
81.85
81.84
81.85
81.85
81.85
81.84
81.84
81.85
81.85
81.85
81.85
81.84
81.85
81.83
81.83
81.83
81.83
81.84
81.83
81.82
81.83
81.83
81.85
81.85
81.85
81.83
81.83
81.83
81.84
81.85
81.84
81.84
81.84
81.84
81.85
81.86
81.88
81.88
81.89
81.90
81.90
81.90
81.89
81.89
81.87
81.87
81.88
81.87
81.87
81.87
81.87
81.85
81.87
81.86
81.86
81.85
81.85
81.85
81.84
81.83
81.82
81.83
81.83
81.83
81.84
81.84
81.85
81.86
81.87
81.88
81.88
81.88
81.88
81.88
81.87
81.88
81.88
81.88
81.88
81.88
81.88
81.89
81.89
81.90
81.90
81.91
81.92
81.92
81.92
81.91
81.91
81.92
81.92
81.93
81.93
81.93
81.93
81.93
81.94
81.94
81.95
81.96
81.95
81.95
81.95
81.96
81.96
81.97
81.97
81.98
81.98
81.97
81.98
81.96
81.96
81.95
81.96
81.95
81.96
81.96
81.96
81.96
81.97
81.98
81.98
81.98
81.97
81.96
81.95
81.96
81.97
81.96
81.96
81.97
81.97
81.97
81.96
81.95
81.95
81.96
81.97
81.97
81.98
81.97
81.98
81.98
81.97
81.97
81.97
81.95
81.94
81.94
81.95
81.96
81.96
81.97
81.97
81.97
81.98
81.97
81.96
81.96
81.96
81.96
81.96
81.95
81.95
81.96
81.96
81.96
81.97
81.98
81.98
81.98
81.98
81.97
81.97
81.97
81.97
81.97
81.97
81.97
81.97
81.89
