84.38
81.25
81.25
80.08
79.06
79.69
79.46
80.08
80.56
80.78
80.68
81.12
81.25
80.92
81.46
81.54
81.71
82.12
81.99
81.88
81.40
81.39
81.52
81.32
81.25
81.25
81.48
81.42
81.41
81.46
81.45
81.54
81.20
81.16
81.21
81.42
81.55
81.46
81.45
81.48
81.48
81.32
81.32
81.43
81.46
81.25
81.42
81.41
81.38
81.34
81.43
81.40
81.54
81.60
81.56
81.47
81.55
81.41
81.51
81.59
81.56
81.65
81.57
81.64
81.61
81.46
81.41
81.46
81.43
81.36
81.34
81.42
81.46
81.29
81.29
81.35
81.31
81.29
81.27
81.11
81.02
81.08
81.08
81.25
81.23
81.29
81.36
81.39
81.43
81.46
81.40
81.40
81.38
81.35
81.43
81.45
81.51
81.52
81.57
81.52
81.54
81.54
81.60
81.66
81.76
81.80
81.86
81.87
81.90
81.89
81.95
81.92
81.98
81.99
81.93
81.98
82.01
82.11
82.12
82.04
82.09
82.08
82.09
82.08
82.10
82.14
82.12
82.17
82.12
82.10
82.10
82.05
82.08
82.04
82.05
82.10
82.11
82.10
82.06
82.10
82.01
81.97
81.95
81.93
81.95
81.96
81.99
82.02
82.07
82.08
82.10
82.11
82.15
82.17
82.16
82.14
82.15
82.17
82.17
82.15
82.16
82.16
82.12
82.18
82.14
82.16
82.20
82.19
82.19
82.12
82.13
82.14
82.16
82.11
82.13
82.12
82.12
82.14
82.18
82.15
82.17
82.17
82.16
82.14
82.15
82.19
82.19
82.17
82.21
82.23
82.23
82.22
82.21
82.18
82.19
82.22
82.19
82.20
82.21
82.22
82.21
82.20
82.20
82.23
82.24
82.24
82.23
82.23
82.23
82.22
82.25
82.24
82.26
82.24
82.23
82.23
82.21
82.22
82.20
82.21
82.25
82.21
82.22
82.21
82.20
82.18
82.16
82.14
82.16
82.15
82.15
82.18
82.20
82.20
82.18
82.21
82.21
82.23
82.22
82.27
82.27
82.31
82.34
82.35
82.35
82.37
82.39
82.40
82.39
82.37
82.36
82.36
82.34
82.33
82.34
82.36
82.39
82.40
82.38
82.36
82.35
82.35
82.38
82.39
82.41
82.41
82.39
82.38
82.34
82.34
82.34
82.33
82.33
82.33
82.34
82.31
82.30
82.29
82.31
82.26
82.27
82.27
82.25
82.26
82.26
82.26
82.30
82.31
82.32
82.33
82.30
82.30
82.32
82.33
82.35
82.34
82.37
82.37
82.37
82.37
82.36
82.35
82.37
82.38
82.40
82.41
82.41
82.40
82.41
82.40
82.40
82.41
82.40
82.39
82.39
82.37
82.37
82.40
82.38
82.36
82.38
82.37
82.35
82.35
82.34
82.31
82.30
82.28
82.28
82.29
82.29
82.29
82.29
82.29
82.28
82.28
82.30
82.30
82.29
82.31
82.31
82.31
82.28
82.27
82.24
82.23
82.23
82.25
82.26
82.24
82.23
82.20
82.22
82.22
82.23
82.22
82.20
82.19
82.18
82.17
82.16
82.16
82.14
82.13
82.14
82.11
82.11
82.11
82.12
82.12
82.13
82.14
82.14
82.16
82.18
82.17
82.17
82.18
82.19
82.19
82.19
82.20
82.21
82.23
82.21
82.22
82.22
82.22
82.22
82.19
82.16
82.17
82.16
82.17
82.17
82.18
82.18
82.19
82.17
82.18
82.18
82.19
82.19
82.19
82.18
82.17
82.16
82.16
82.17
82.18
82.18
82.18
82.18
82.16
82.15
82.15
82.15
82.17
82.18
82.19
82.20
82.20
82.21
82.17
82.18
82.17
82.17
82.17
82.17
82.14
82.15
82.13
82.14
82.15
82.15
82.16
82.17
82.17
82.16
82.17
82.17
82.18
82.17
82.16
82.17
82.17
82.16
82.17
82.16
82.16
82.15
82.14
82.15
82.16
82.16
82.17
82.17
82.16
82.16
82.16
82.15
82.16
82.16
82.16
82.17
82.19
82.20
82.18
82.18
82.18
82.18
82.19
82.20
82.22
82.22
82.22
82.20
82.20
82.21
82.21
82.20
82.19
82.20
82.17
82.16
82.16
82.16
82.17
82.15
82.16
82.15
82.15
82.15
82.15
82.15
82.15
82.15
82.15
82.13
82.14
82.14
82.16
82.14
82.14
82.14
82.14
82.15
82.15
82.16
82.16
82.17
82.16
82.16
82.16
82.15
82.13
82.14
82.12
82.12
82.12
82.09
82.08
82.08
82.06
82.05
82.04
82.05
82.05
82.05
82.05
82.05
82.05
82.06
82.08
82.08
82.07
82.07
82.07
82.07
82.07
82.08
82.09
82.08
82.10
82.11
82.10
82.10
82.08
82.08
82.08
82.07
82.07
82.08
82.07
82.07
82.08
82.07
82.07
82.09
82.09
82.09
82.11
82.10
82.09
82.08
82.09
82.08
82.08
82.07
82.05
82.05
82.05
82.05
82.05
82.05
82.06
82.06
82.05
82.06
82.06
82.04
82.03
82.04
82.04
82.04
82.04
82.03
82.02
82.02
82.01
82.00
82.00
82.01
82.01
82.00
82.00
82.00
82.02
82.04
82.03
82.01
82.01
82.01
82.00
82.01
81.99
81.98
81.99
81.99
82.00
81.99
81.99
81.99
82.00
82.00
82.00
81.98
81.98
81.98
81.98
81.97
81.99
82.00
81.99
81.99
81.99
81.99
81.99
81.98
81.99
81.99
81.98
81.98
81.98
81.99
81.98
81.99
81.98
81.98
81.99
81.99
81.99
82.01
82.00
82.01
82.00
82.00
82.00
82.00
82.00
81.99
81.99
82.00
81.98
81.98
81.98
81.99
81.99
82.00
82.01
82.01
82.02
82.03
82.03
82.03
82.03
82.03
82.03
82.04
82.05
82.04
82.05
82.05
82.05
82.05
82.06
82.06
82.06
82.06
82.05
82.04
82.06
82.05
82.04
82.03
82.03
82.03
82.02
82.03
82.04
82.03
82.02
82.03
82.02
82.02
82.01
82.01
82.01
82.01
82.02
82.03
82.03
82.02
82.02
82.01
82.02
82.03
82.04
82.03
82.04
82.04
82.04
82.02
82.02
82.03
82.02
82.03
82.04
82.05
82.06
82.05
82.06
82.07
82.07
82.06
82.07
82.06
82.06
82.06
82.06
82.07
82.07
82.06
82.05
82.07
82.07
82.08
82.08
82.08
82.07
82.07
82.06
82.08
82.07
82.07
82.07
82.06
82.05
82.05
82.05
82.05
82.05
82.05
82.04
82.05
82.05
82.05
82.05
82.05
82.05
82.05
82.06
82.05
82.04
82.05
82.05
82.05
82.06
82.05
82.06
82.05
82.04
82.04
82.04
82.05
82.05
82.04
82.03
82.03
82.02
82.01
81.94
