84.38
79.69
80.21
80.86
80.62
80.21
81.70
81.84
81.60
81.41
81.11
80.73
80.89
80.69
80.73
81.15
81.16
81.68
81.91
82.11
81.85
82.10
81.73
81.71
81.69
81.61
81.77
81.92
81.90
82.08
82.11
82.18
82.24
82.17
82.32
82.38
82.31
82.24
82.05
81.95
82.05
82.25
82.19
82.21
82.33
82.37
82.35
82.23
82.17
82.19
82.35
82.30
82.46
82.47
82.59
82.53
82.54
82.54
82.42
82.42
82.45
82.43
82.44
82.50
82.60
82.60
82.58
82.65
82.65
82.68
82.61
82.62
82.60
82.75
82.71
82.61
82.63
82.63
82.58
82.50
82.54
82.55
82.61
82.68
82.65
82.61
82.58
82.67
82.60
82.57
82.57
82.54
82.56
82.38
82.37
82.32
82.26
82.25
82.26
82.20
82.19
82.22
82.21
82.15
82.23
82.25
82.17
82.18
82.07
82.16
82.19
82.13
82.11
82.15
82.17
82.18
82.18
82.19
82.20
82.16
82.15
82.17
82.19
82.13
82.17
82.12
82.12
82.07
82.05
81.98
81.98
81.94
81.99
81.95
81.93
81.97
81.95
81.99
81.92
81.93
81.97
81.95
81.87
81.85
81.82
81.82
81.80
81.85
81.81
81.78
81.79
81.78
81.78
81.79
81.80
81.73
81.72
81.70
81.70
81.67
81.68
81.71
81.69
81.69
81.68
81.70
81.74
81.75
81.75
81.76
81.81
81.80
81.76
81.75
81.71
81.70
81.69
81.67
81.66
81.70
81.69
81.66
81.68
81.63
81.63
81.61
81.57
81.57
81.61
81.60
81.61
81.61
81.57
81.56
81.58
81.58
81.58
81.61
81.58
81.57
81.60
81.54
81.50
81.52
81.52
81.51
81.52
81.55
81.53
81.55
81.55
81.52
81.51
81.53
81.48
81.51
81.51
81.54
81.54
81.53
81.52
81.48
81.46
81.47
81.48
81.47
81.48
81.50
81.49
81.51
81.51
81.51
81.46
81.50
81.45
81.43
81.43
81.41
81.41
81.45
81.48
81.45
81.42
81.42
81.42
81.42
81.45
81.47
81.49
81.48
81.49
81.48
81.45
81.43
81.42
81.43
81.43
81.44
81.45
81.46
81.48
81.49
81.54
81.50
81.47
81.46
81.46
81.48
81.49
81.50
81.52
81.50
81.48
81.50
81.49
81.49
81.52
81.52
81.50
81.49
81.50
81.52
81.52
81.53
81.50
81.51
81.52
81.50
81.49
81.50
81.52
81.53
81.54
81.55
81.57
81.58
81.58
81.57
81.56
81.54
81.54
81.52
81.49
81.50
81.49
81.50
81.48
81.49
81.49
81.49
81.50
81.49
81.49
81.48
81.49
81.54
81.55
81.56
81.54
81.54
81.53
81.54
81.55
81.56
81.54
81.56
81.58
81.58
81.58
81.61
81.61
81.60
81.62
81.61
81.61
81.61
81.61
81.62
81.62
81.62
81.61
81.58
81.58
81.58
81.59
81.57
81.56
81.58
81.58
81.58
81.59
81.61
81.65
81.66
81.66
81.67
81.69
81.68
81.68
81.66
81.65
81.65
81.66
81.66
81.69
81.70
81.68
81.68
81.68
81.68
81.68
81.69
81.67
81.68
81.68
81.67
81.68
81.70
81.70
81.71
81.72
81.72
81.72
81.71
81.72
81.71
81.68
81.70
81.71
81.70
81.71
81.71
81.71
81.69
81.70
81.70
81.71
81.70
81.70
81.71
81.72
81.71
81.73
81.73
81.73
81.74
81.73
81.73
81.73
81.72
81.73
81.71
81.71
81.71
81.72
81.73
81.72
81.73
81.73
81.71
81.71
81.71
81.73
81.73
81.74
81.74
81.74
81.75
81.76
81.75
81.76
81.76
81.78
81.76
81.74
81.73
81.73
81.73
81.73
81.72
81.70
81.70
81.69
81.68
81.67
81.67
81.67
81.67
81.66
81.65
81.65
81.65
81.65
81.66
81.66
81.65
81.66
81.66
81.65
81.65
81.61
81.59
81.60
81.59
81.59
81.59
81.58
81.58
81.58
81.60
81.59
81.57
81.58
81.58
81.58
81.58
81.59
81.61
81.60
81.60
81.60
81.62
81.62
81.64
81.64
81.63
81.62
81.62
81.63
81.63
81.62
81.60
81.61
81.61
81.61
81.62
81.61
81.60
81.61
81.60
81.59
81.60
81.61
81.60
81.61
81.61
81.60
81.61
81.60
81.61
81.60
81.60
81.61
81.61
81.60
81.60
81.61
81.60
81.59
81.59
81.60
81.59
81.58
81.58
81.58
81.59
81.59
81.58
81.59
81.57
81.58
81.59
81.60
81.59
81.58
81.58
81.57
81.57
81.58
81.59
81.58
81.58
81.59
81.59
81.59
81.60
81.58
81.58
81.57
81.56
81.57
81.59
81.57
81.57
81.58
81.59
81.60
81.60
81.60
81.58
81.58
81.59
81.58
81.58
81.57
81.57
81.57
81.57
81.57
81.57
81.56
81.57
81.55
81.55
81.55
81.55
81.53
81.53
81.53
81.53
81.55
81.55
81.55
81.55
81.55
81.55
81.55
81.55
81.55
81.54
81.54
81.53
81.53
81.54
81.54
81.54
81.54
81.54
81.54
81.55
81.55
81.55
81.55
81.56
81.56
81.57
81.57
81.56
81.56
81.58
81.57
81.56
81.57
81.55
81.55
81.55
81.56
81.57
81.57
81.56
81.56
81.55
81.55
81.55
81.55
81.54
81.53
81.53
81.53
81.53
81.54
81.55
81.55
81.55
81.55
81.55
81.56
81.57
81.57
81.57
81.57
81.57
81.56
81.58
81.56
81.56
81.56
81.57
81.58
81.57
81.58
81.58
81.58
81.60
81.60
81.59
81.59
81.61
81.61
81.61
81.60
81.60
81.59
81.58
81.58
81.58
81.58
81.58
81.58
81.57
81.57
81.57
81.57
81.58
81.57
81.57
81.57
81.57
81.57
81.57
81.58
81.58
81.58
81.59
81.58
81.59
81.59
81.60
81.60
81.60
81.61
81.61
81.60
81.60
81.60
81.60
81.60
81.59
81.58
81.57
81.57
81.57
81.57
81.58
81.59
81.58
81.56
81.55
81.55
81.56
81.55
81.55
81.54
81.54
81.55
81.56
81.55
81.55
81.55
81.55
81.56
81.57
81.56
81.55
81.56
81.57
81.57
81.57
81.57
81.57
81.57
81.58
81.58
81.58
81.57
81.57
81.57
81.57
81.56
81.56
81.56
81.56
81.56
81.56
81.56
81.56
81.55
81.55
81.54
81.54
81.54
81.54
81.54
81.54
81.54
81.53
81.53
81.53
81.53
81.53
81.53
81.52
81.51
81.52
81.52
81.52
81.51
81.51
81.51
81.51
81.52
81.53
81.53
81.54
81.54
81.55
81.55
81.56
81.55
81.55
81.55
81.47
