84.38
83.59
83.85
81.64
80.94
81.25
82.37
81.84
81.77
82.34
83.10
82.94
82.81
82.37
81.77
81.64
81.71
81.68
81.66
82.42
82.07
81.96
82.13
82.23
82.00
81.91
81.77
81.70
81.63
81.72
81.65
81.84
81.58
81.76
81.65
81.64
81.59
81.70
81.77
81.88
81.90
81.99
82.05
82.14
82.33
82.34
82.41
82.45
82.46
82.50
82.51
82.48
82.52
82.38
82.44
82.45
82.54
82.41
82.42
82.32
82.35
82.41
82.47
82.42
82.45
82.36
82.30
82.22
82.16
82.14
82.11
82.07
82.08
82.05
82.04
82.03
81.94
81.93
81.90
81.86
81.85
81.88
81.97
81.96
81.86
81.76
81.77
81.71
81.67
81.60
81.59
81.56
81.55
81.60
81.73
81.74
81.77
81.74
81.76
81.78
81.68
81.65
81.66
81.61
81.61
81.66
81.69
81.68
81.65
81.62
81.62
81.65
81.64
81.61
81.59
81.56
81.61
81.57
81.55
81.54
81.52
81.53
81.59
81.54
81.56
81.60
81.57
81.57
81.59
81.57
81.61
81.61
81.66
81.65
81.67
81.69
81.65
81.69
81.73
81.72
81.76
81.70
81.69
81.74
81.72
81.70
81.71
81.66
81.73
81.73
81.74
81.72
81.72
81.75
81.74
81.70
81.68
81.70
81.68
81.75
81.75
81.80
81.81
81.82
81.81
81.81
81.81
81.79
81.73
81.76
81.74
81.77
81.79
81.80
81.85
81.82
81.85
81.83
81.77
81.83
81.83
81.83
81.82
81.80
81.77
81.79
81.80
81.80
81.80
81.80
81.80
81.82
81.81
81.82
81.84
81.86
81.88
81.93
81.92
81.95
81.92
81.92
81.91
81.92
81.94
81.93
81.94
81.94
81.94
81.94
81.95
81.91
81.95
81.94
81.91
81.88
81.88
81.93
81.92
81.95
81.94
81.96
81.93
81.90
81.86
81.89
81.88
81.87
81.87
81.86
81.84
81.86
81.87
81.86
81.88
81.86
81.86
81.86
81.90
81.93
81.94
81.93
81.94
81.94
81.88
81.87
81.83
81.82
81.83
81.84
81.84
81.83
81.85
81.85
81.84
81.87
81.86
81.87
81.88
81.89
81.89
81.91
81.90
81.90
81.88
81.87
81.89
81.88
81.88
81.89
81.89
81.90
81.86
81.84
81.86
81.87
81.85
81.85
81.85
81.85
81.84
81.85
81.85
81.84
81.84
81.84
81.79
81.78
81.79
81.80
81.82
81.85
81.85
81.83
81.84
81.86
81.84
81.82
81.82
81.82
81.84
81.84
81.84
81.85
81.86
81.84
81.86
81.87
81.88
81.86
81.83
81.84
81.86
81.85
81.83
81.85
81.86
81.87
81.90
81.91
81.90
81.90
81.91
81.92
81.92
81.94
81.92
81.91
81.90
81.88
81.88
81.89
81.87
81.86
81.86
81.84
81.87
81.88
81.89
81.89
81.89
81.88
81.86
81.86
81.88
81.90
81.88
81.89
81.87
81.89
81.90
81.91
81.92
81.91
81.90
81.90
81.89
81.88
81.91
81.90
81.89
81.88
81.89
81.90
81.89
81.87
81.89
81.87
81.89
81.88
81.87
81.87
81.85
81.86
81.85
81.84
81.84
81.83
81.84
81.85
81.87
81.85
81.87
81.84
81.87
81.86
81.85
81.85
81.85
81.83
81.84
81.84
81.81
81.84
81.84
81.85
81.86
81.87
81.87
81.86
81.87
81.86
81.84
81.83
81.84
81.83
81.85
81.85
81.84
81.85
81.85
81.86
81.84
81.83
81.86
81.85
81.87
81.87
81.87
81.87
81.88
81.88
81.87
81.86
81.88
81.88
81.85
81.86
81.88
81.88
81.88
81.87
81.87
81.88
81.89
81.89
81.89
81.90
81.89
81.89
81.89
81.91
81.91
81.91
81.90
81.92
81.93
81.92
81.93
81.92
81.93
81.94
81.94
81.94
81.94
81.95
81.96
81.96
81.95
81.95
81.96
81.95
81.95
81.96
81.98
81.99
81.99
81.99
81.99
82.02
82.02
82.03
82.01
82.01
82.00
82.02
82.03
82.01
82.00
81.99
82.00
82.00
81.99
81.98
81.98
81.98
81.99
82.00
81.99
81.99
81.99
81.97
81.95
81.95
81.96
81.97
81.98
81.97
81.98
81.99
81.96
81.97
81.97
81.97
81.97
81.97
81.98
82.00
82.00
81.99
82.00
82.01
82.01
82.03
82.02
82.02
82.03
82.03
82.02
82.02
82.02
82.02
82.02
82.03
82.02
82.03
82.03
82.02
82.02
81.98
81.98
81.98
81.98
81.98
81.98
81.99
81.98
81.98
81.98
81.99
81.97
81.99
81.99
81.99
81.99
81.99
81.99
81.98
81.98
81.98
81.97
81.97
81.95
81.95
81.96
81.95
81.95
81.94
81.92
81.92
81.92
81.92
81.91
81.91
81.87
81.88
81.89
81.90
81.90
81.90
81.91
81.91
81.91
81.91
81.92
81.92
81.94
81.95
81.96
81.97
81.97
81.96
81.96
81.95
81.95
81.94
81.94
81.94
81.95
81.95
81.95
81.95
81.95
81.97
81.98
81.98
81.98
81.98
81.98
81.98
81.98
81.98
81.98
81.98
81.98
81.96
81.96
81.96
81.96
81.96
81.97
81.97
81.98
81.97
81.95
81.93
81.93
81.94
81.95
81.95
81.95
81.96
81.97
81.98
81.99
81.98
81.99
81.99
81.98
81.97
81.98
81.98
81.98
81.99
82.01
82.00
81.99
81.97
81.97
81.96
81.97
81.98
81.97
81.97
81.97
81.98
81.97
81.97
81.97
81.95
81.96
81.97
81.96
81.95
81.95
81.94
81.93
81.94
81.94
81.93
81.92
81.90
81.91
81.92
81.93
81.93
81.93
81.93
81.93
81.94
81.95
81.95
81.96
81.96
81.96
81.96
81.96
81.97
81.95
81.96
81.96
81.97
81.97
81.98
81.97
81.97
81.96
81.96
81.96
81.96
81.96
81.95
81.96
81.97
81.98
81.97
81.96
81.96
81.97
81.97
81.97
81.95
81.96
81.97
81.97
81.96
81.96
81.96
81.96
81.96
81.97
81.96
81.97
81.98
81.97
81.98
81.97
81.96
81.95
81.94
81.96
81.94
81.95
81.96
81.95
81.95
81.96
81.95
81.96
81.96
81.96
81.95
81.95
81.95
81.96
81.95
81.95
81.95
81.95
81.95
81.96
81.96
81.96
81.95
81.94
81.95
81.94
81.94
81.94
81.94
81.94
81.94
81.94
81.94
81.94
81.93
81.92
81.93
81.94
81.94
81.94
81.95
81.93
81.92
81.94
81.94
81.94
81.94
81.94
81.95
81.94
81.94
81.93
81.93
81.93
81.91
81.92
81.92
81.93
81.93
81.93
81.85
