75.00
81.25
82.29
80.86
80.94
80.73
81.03
80.86
81.25
81.41
81.68
82.16
81.97
82.37
82.40
82.62
82.63
82.55
82.73
83.05
83.26
83.31
83.42
83.07
83.38
83.65
83.91
83.87
84.00
83.96
83.72
83.84
83.71
83.64
83.75
83.55
83.57
83.47
83.29
83.09
82.85
82.89
82.78
82.78
82.78
82.91
82.85
82.75
82.62
82.69
82.63
82.66
82.61
82.58
82.56
82.53
82.57
82.57
82.55
82.37
82.35
82.33
82.22
82.23
82.21
82.27
82.32
82.31
82.18
82.30
82.20
82.25
82.28
82.33
82.27
82.26
82.22
82.17
82.18
82.19
82.23
82.26
82.25
82.27
82.26
82.19
82.15
82.08
82.06
82.08
82.06
82.12
82.11
82.13
82.19
82.11
82.04
82.11
82.17
82.12
82.15
82.14
82.15
82.21
82.20
82.19
82.18
82.18
82.20
82.20
82.19
82.24
82.30
82.33
82.35
82.34
82.36
82.36
82.39
82.45
82.48
82.40
82.38
82.40
82.46
82.40
82.42
82.37
82.35
82.37
82.35
82.33
82.34
82.30
82.27
82.27
82.28
82.33
82.30
82.31
82.34
82.30
82.29
82.28
82.31
82.27
82.27
82.28
82.30
82.26
82.24
82.27
82.26
82.20
82.25
82.25
82.26
82.24
82.25
82.22
82.24
82.26
82.28
82.22
82.23
82.23
82.24
82.26
82.28
82.27
82.28
82.26
82.20
82.16
82.16
82.14
82.09
82.08
82.13
82.17
82.19
82.23
82.23
82.25
82.25
82.26
82.28
82.26
82.31
82.33
82.34
82.34
82.32
82.33
82.32
82.30
82.30
82.35
82.38
82.33
82.34
82.32
82.29
82.34
82.35
82.37
82.39
82.40
82.41
82.37
82.30
82.30
82.28
82.26
82.29
82.26
82.29
82.30
82.32
82.32
82.31
82.32
82.31
82.32
82.28
82.31
82.30
82.32
82.28
82.28
82.24
82.23
82.25
82.26
82.28
82.26
82.29
82.30
82.28
82.25
82.27
82.26
82.26
82.31
82.35
82.35
82.35
82.35
82.34
82.34
82.38
82.37
82.39
82.39
82.40
82.40
82.42
82.42
82.43
82.43
82.44
82.47
82.46
82.43
82.42
82.41
82.37
82.32
82.28
82.27
82.27
82.27
82.26
82.25
82.27
82.25
82.25
82.25
82.26
82.26
82.22
82.23
82.21
82.22
82.23
82.24
82.23
82.21
82.21
82.23
82.25
82.25
82.25
82.24
82.27
82.25
82.22
82.21
82.23
82.26
82.28
82.29
82.30
82.29
82.26
82.26
82.26
82.26
82.27
82.29
