85.94
84.38
83.33
82.81
81.88
80.99
81.70
80.66
80.03
79.69
79.97
80.47
80.77
81.14
81.98
81.45
81.62
81.60
81.99
82.11
81.92
82.32
82.34
82.36
82.38
82.51
82.23
81.86
81.84
81.72
81.65
81.74
81.58
81.62
81.47
81.34
81.38
81.21
81.13
81.17
81.02
81.10
81.40
81.43
81.35
81.35
81.42
81.48
81.66
81.53
81.53
81.46
81.34
81.25
81.34
81.36
81.39
81.49
81.67
81.48
81.53
81.65
81.80
81.79
81.78
81.72
81.83
81.87
81.95
82.03
82.04
82.01
81.98
81.97
81.92
81.91
81.96
81.99
82.02
82.07
82.08
82.01
82.15
82.05
82.10
81.99
81.95
81.98
82.00
82.03
81.94
81.88
81.89
81.96
82.02
81.92
81.96
82.00
82.01
82.03
82.12
82.08
81.98
81.97
82.02
82.08
82.04
82.02
82.10
82.06
82.07
82.07
82.11
82.13
82.08
82.07
82.08
82.10
82.09
82.08
82.13
82.06
82.02
82.03
81.99
81.92
81.94
81.95
81.93
81.86
81.89
81.91
81.95
82.00
81.98
81.99
81.99
81.96
81.98
82.04
82.06
82.02
82.06
82.06
82.07
82.06
82.04
82.06
82.03
81.97
81.93
81.91
81.92
81.93
81.93
81.88
81.93
81.94
81.92
81.88
81.93
81.95
81.95
81.87
81.89
81.85
81.84
81.87
81.88
81.92
81.94
81.90
81.88
81.90
81.88
81.89
81.86
81.86
81.92
81.90
81.91
81.91
81.92
81.92
81.91
81.87
81.90
81.91
81.94
81.92
81.94
81.91
81.93
81.92
81.93
81.98
82.00
81.99
82.04
82.05
82.07
82.04
82.04
82.06
82.06
82.02
82.03
82.02
82.04
82.05
82.05
82.05
82.06
82.06
82.06
82.08
82.09
82.11
82.11
82.12
82.13
82.12
82.11
82.11
82.11
82.13
82.12
82.13
82.15
82.15
82.16
82.16
82.14
82.14
82.12
82.11
82.11
82.13
82.10
82.07
82.10
82.10
82.11
82.15
82.10
82.14
82.15
82.14
82.17
82.15
82.14
82.12
82.08
82.11
82.13
82.14
82.11
82.12
82.12
82.12
82.10
82.10
82.10
82.12
82.08
82.05
82.05
82.04
82.07
82.05
82.06
82.04
82.05
82.05
82.05
82.04
82.05
82.01
82.04
82.05
82.03
82.05
82.04
82.02
82.03
82.04
82.06
82.05
82.08
82.06
82.06
82.05
82.03
82.05
82.06
82.07
82.06
82.05
82.04
82.05
82.04
82.04
82.03
82.06
82.07
82.06
82.08
82.06
82.03
82.05
82.05
82.04
82.02
82.02
82.00
81.99
81.97
81.97
81.96
81.93
81.93
81.95
81.97
82.00
82.00
81.99
82.02
81.99
81.99
81.96
81.97
81.98
81.96
81.95
81.94
81.95
81.95
81.94
81.94
81.95
81.93
81.94
81.94
81.97
81.99
81.99
81.98
81.97
82.00
82.00
81.99
81.99
82.01
82.01
82.01
81.99
81.99
81.97
81.96
81.95
81.93
81.91
81.90
81.92
81.93
81.92
81.94
81.94
81.92
81.90
81.92
81.93
81.92
81.93
81.94
81.96
81.95
81.97
81.98
81.97
81.94
81.95
81.96
81.96
81.96
81.98
81.98
81.98
81.97
81.96
81.92
81.92
81.93
81.92
81.92
81.90
81.89
81.88
81.88
81.89
81.89
81.89
81.89
81.88
81.87
81.87
81.86
81.85
81.85
81.88
81.87
81.86
81.86
81.86
81.86
81.87
81.87
81.88
81.87
81.86
81.88
81.88
81.88
81.88
81.88
81.89
81.88
81.89
81.89
81.90
81.89
81.88
81.87
81.89
81.87
81.86
81.86
81.86
81.87
81.89
81.88
81.88
81.87
81.86
81.88
81.88
81.88
81.88
81.89
81.90
81.90
81.92
81.91
81.91
81.91
81.91
81.91
81.92
81.93
81.93
81.92
81.91
81.90
81.91
81.90
81.90
81.91
81.90
81.90
81.89
81.88
81.89
81.89
81.89
81.89
81.88
81.87
81.86
81.86
81.85
81.85
81.87
81.88
81.89
81.88
81.88
81.87
81.87
81.88
81.88
81.86
81.84
81.84
81.82
81.83
81.83
81.83
81.84
81.84
81.84
81.86
81.85
81.83
81.83
81.84
81.84
81.84
81.86
81.86
81.85
81.84
81.84
81.84
81.82
81.82
81.80
81.80
81.81
81.83
81.83
81.83
81.84
81.85
81.85
81.86
81.87
81.86
81.86
81.88
81.89
81.88
81.87
81.86
81.87
81.87
81.87
81.84
81.83
81.81
81.81
81.82
81.83
81.84
81.82
81.81
81.82
81.83
81.84
81.85
81.84
81.84
81.85
81.86
81.85
81.85
81.84
81.84
81.83
81.84
81.85
81.85
81.84
81.85
81.83
81.84
81.84
81.82
81.82
81.83
81.83
81.84
81.85
81.85
81.84
81.83
81.84
81.85
81.83
81.82
81.83
81.83
81.84
81.84
81.84
81.85
81.85
81.86
81.85
81.85
81.86
81.86
81.86
81.87
81.88
81.87
81.87
81.87
81.87
81.87
81.87
81.88
81.88
81.88
81.88
81.89
81.88
81.89
81.90
81.90
81.91
81.91
81.91
81.91
81.91
81.91
81.91
81.92
81.91
81.91
81.90
81.89
81.89
81.90
81.90
81.91
81.91
81.91
81.92
81.92
81.92
81.92
81.92
81.92
81.93
81.92
81.91
81.91
81.92
81.92
81.93
81.94
81.93
81.94
81.94
81.92
81.92
81.91
81.91
81.90
81.89
81.90
81.90
81.90
81.90
81.90
81.91
81.92
81.92
81.93
81.93
81.92
81.92
81.92
81.92
81.91
81.91
81.92
81.92
81.93
81.93
81.93
81.93
81.90
81.90
81.90
81.91
81.92
81.93
81.92
81.91
81.91
81.91
81.92
81.92
81.92
81.92
81.93
81.94
81.93
81.93
81.92
81.91
81.91
81.92
81.91
81.90
81.90
81.91
81.92
81.92
81.91
81.91
81.91
81.91
81.90
81.89
81.90
81.90
81.90
81.91
81.92
81.92
81.93
81.93
81.93
81.92
81.92
81.92
81.92
81.92
81.92
81.92
81.93
81.93
81.93
81.93
81.93
81.93
81.93
81.92
81.93
81.93
81.92
81.93
81.92
81.92
81.92
81.93
81.93
81.93
81.93
81.93
81.94
81.94
81.94
81.95
81.94
81.95
81.96
81.96
81.95
81.95
81.95
81.95
81.95
81.95
81.96
81.96
81.96
81.96
81.95
81.95
81.96
81.96
81.97
81.96
81.97
81.97
81.97
81.97
81.98
81.98
81.98
81.98
81.98
81.97
81.98
81.98
81.99
81.99
81.99
81.91
