78.12
80.47
81.25
82.03
82.19
83.85
82.59
82.03
82.29
82.50
82.39
82.55
82.81
83.15
83.12
83.50
83.55
83.33
83.47
83.59
83.48
83.52
83.29
83.01
83.19
83.29
83.16
83.15
83.14
83.12
83.06
82.86
82.91
83.13
82.99
83.12
82.77
82.89
82.85
82.93
83.00
82.89
83.03
83.10
83.12
83.08
82.98
82.98
83.13
83.16
83.33
83.35
83.25
83.36
83.35
83.29
83.22
83.22
83.26
83.26
83.27
83.37
83.28
83.28
83.05
82.95
82.98
83.00
83.06
83.06
83.05
83.09
82.96
82.92
82.96
82.94
82.91
83.01
82.97
82.95
82.87
82.93
82.89
82.87
82.83
82.79
82.79
82.79
82.76
82.81
82.81
82.81
82.81
82.75
82.68
82.65
82.64
82.68
82.61
82.58
82.49
82.46
82.43
82.36
82.31
82.31
82.35
82.41
82.44
82.37
82.36
82.31
82.27
82.24
82.21
82.13
82.17
82.24
82.27
82.27
82.27
82.21
82.24
82.20
82.21
82.18
82.20
82.21
82.27
82.27
82.26
82.24
82.24
82.31
82.36
82.30
82.34
82.35
82.34
82.39
82.39
82.38
82.40
82.35
82.33
82.30
82.31
82.33
82.32
82.30
82.33
82.30
82.30
82.34
82.36
82.34
82.38
82.41
82.40
82.33
82.27
82.25
82.18
82.16
82.18
82.24
82.21
82.22
82.27
82.27
82.23
82.23
82.28
82.26
82.23
82.24
82.19
82.21
82.21
82.20
82.22
82.25
82.27
82.28
82.27
82.24
82.24
82.26
82.23
82.20
82.22
82.19
82.21
82.22
82.25
82.26
82.24
82.25
82.29
82.29
82.31
82.35
82.36
82.36
82.36
82.37
82.36
82.35
82.33
82.29
82.34
82.36
82.35
82.36
82.38
82.41
82.39
82.36
82.37
82.38
82.37
82.37
82.36
82.32
82.30
82.29
82.30
82.30
82.32
82.35
82.37
82.37
82.36
82.37
82.37
82.31
82.30
82.32
82.32
82.30
82.30
82.30
82.25
82.26
82.24
82.23
82.20
82.18
82.17
82.16
82.16
82.18
82.16
82.15
82.17
82.14
82.16
82.18
82.21
82.18
82.19
82.19
82.21
82.21
82.21
82.21
82.21
82.21
82.20
82.21
82.20
82.20
82.19
82.19
82.18
82.17
82.16
82.15
82.17
82.18
82.18
82.18
82.14
82.16
82.15
82.16
82.15
82.16
82.16
82.18
82.16
82.14
82.12
82.14
82.12
82.11
82.12
82.13
82.11
82.13
82.14
82.15
82.14
82.13
82.13
82.11
82.11
82.12
82.11
82.09
82.09
82.09
82.07
82.04
82.04
82.03
82.05
82.06
82.07
82.10
82.09
82.12
82.11
82.11
82.10
82.09
82.07
82.08
82.08
82.08
82.12
82.13
82.15
82.19
82.21
82.22
82.20
82.21
82.21
82.19
82.17
82.17
82.20
82.17
82.18
82.16
82.15
82.14
82.14
82.14
82.16
82.14
82.15
82.15
82.15
82.15
82.18
82.20
82.19
82.19
82.20
82.18
82.19
82.19
82.19
82.20
82.20
82.21
82.22
82.20
82.18
82.19
82.19
82.19
82.18
82.19
82.17
82.17
82.15
82.16
82.15
82.15
82.16
82.15
82.16
82.18
82.17
82.16
82.17
82.18
82.19
82.20
82.19
82.19
82.20
82.20
82.22
82.23
82.22
82.19
82.19
82.20
82.20
82.17
82.17
82.16
82.18
82.18
82.17
82.18
82.16
82.18
82.15
82.16
82.15
82.15
82.16
82.15
82.16
82.17
82.18
82.20
82.22
82.21
82.21
82.18
82.18
82.17
82.17
82.17
82.17
82.18
82.17
82.16
82.16
82.15
82.15
82.15
82.16
82.16
82.16
82.17
82.15
82.16
82.16
82.14
82.13
82.13
82.12
82.12
82.11
82.12
82.12
82.12
82.14
82.14
82.14
82.12
82.12
82.10
82.10
82.12
82.12
82.12
82.09
82.08
82.09
82.08
82.07
82.07
82.05
82.05
82.04
82.04
82.05
82.06
82.06
82.06
82.06
82.05
82.02
82.02
82.02
82.02
82.04
82.02
82.03
82.04
82.04
82.03
82.04
82.02
82.04
82.04
82.04
82.04
82.04
82.03
82.02
82.01
82.01
82.00
82.00
81.98
81.98
81.98
81.98
81.98
81.99
81.99
81.99
81.99
82.00
82.01
82.03
82.02
82.01
82.02
82.02
82.03
82.03
82.03
82.04
82.02
82.03
82.04
82.04
82.03
82.03
82.03
82.04
82.04
82.05
82.06
82.06
82.06
82.06
82.07
82.06
82.07
82.08
82.07
82.07
82.08
82.07
82.05
82.06
82.06
82.06
82.06
82.06
82.06
82.06
82.05
82.06
82.06
82.06
82.04
82.03
82.04
82.05
82.06
82.06
82.06
82.05
82.05
82.05
82.05
82.05
82.04
82.03
82.03
82.01
82.01
82.02
82.03
82.04
82.03
82.04
82.03
82.02
82.02
82.03
82.03
82.02
82.02
82.03
82.05
82.05
82.06
82.06
82.06
82.04
82.05
82.06
82.06
82.07
82.08
82.09
82.08
82.09
82.10
82.09
82.08
82.08
82.09
82.07
82.09
82.08
82.08
82.07
82.06
82.05
82.05
82.06
82.06
82.05
82.04
82.04
82.05
82.06
82.05
82.04
82.04
82.04
82.04
82.03
82.04
82.02
82.01
82.00
81.99
81.98
81.97
81.98
81.97
81.97
81.97
81.98
81.97
81.97
81.97
81.97
81.97
81.96
81.97
81.96
81.96
81.95
81.94
81.94
81.94
81.94
81.94
81.93
81.93
81.92
81.93
81.94
81.94
81.94
81.94
81.94
81.94
81.94
81.94
81.93
81.94
81.94
81.95
81.95
81.97
81.97
81.98
81.97
81.96
81.97
81.97
81.96
81.96
81.95
81.96
81.96
81.96
81.96
81.96
81.95
81.94
81.95
81.94
81.95
81.94
81.94
81.96
81.95
81.95
81.96
81.96
81.97
81.98
81.99
81.99
82.00
82.00
81.99
82.00
81.99
81.99
81.99
82.00
81.99
82.00
82.00
81.99
81.98
81.97
81.97
81.97
81.97
81.97
81.98
81.97
81.97
81.96
81.97
81.97
81.97
81.97
81.98
81.98
81.98
81.98
81.98
81.98
81.97
81.97
81.97
81.97
81.96
81.97
81.97
81.97
81.98
81.98
81.98
81.99
81.98
81.99
81.98
81.98
82.00
82.00
81.99
81.99
81.99
81.98
81.98
81.99
82.00
82.01
82.01
82.01
82.01
82.02
82.02
82.01
82.02
82.00
81.98
81.98
81.97
81.96
81.96
81.96
81.96
81.97
81.96
81.96
81.97
81.97
81.97
81.90
