82.81
84.38
85.42
84.77
85.00
83.85
83.93
83.59
83.33
82.66
82.53
83.07
82.81
82.37
82.60
82.32
82.54
82.03
81.99
82.11
82.22
82.17
82.27
82.55
82.75
82.75
82.75
82.98
82.87
82.55
82.56
82.52
82.53
82.35
82.50
82.55
82.47
82.48
82.53
82.34
82.24
82.18
81.98
81.96
82.01
81.90
81.88
81.93
81.95
81.91
81.80
81.94
81.75
81.86
81.99
82.03
82.21
82.30
82.36
82.40
82.40
82.38
82.29
82.45
82.36
82.15
82.09
82.08
82.18
82.25
82.35
82.25
82.21
82.24
82.29
82.28
82.24
82.33
82.30
82.29
82.29
82.30
82.29
82.22
82.11
82.18
82.24
82.24
82.25
82.24
82.28
82.32
82.27
82.33
82.29
82.21
82.20
82.22
82.10
82.08
81.99
81.95
81.98
82.02
82.05
82.08
82.08
82.02
82.02
81.96
81.95
81.99
82.02
82.07
82.07
82.06
82.06
82.10
82.13
82.08
82.06
82.03
81.97
82.02
82.04
82.07
82.06
82.04
82.04
82.07
82.08
82.02
81.97
82.02
82.01
82.01
81.96
81.97
82.01
82.01
82.04
81.99
82.03
82.04
82.08
82.11
82.15
82.18
82.15
82.11
82.13
82.16
82.12
82.12
82.13
82.11
82.12
82.15
82.16
82.16
82.14
82.12
82.14
82.13
82.08
82.13
82.12
82.12
82.09
82.03
82.10
82.13
82.14
82.20
82.14
82.14
82.18
82.20
82.18
82.20
82.18
82.16
82.15
82.16
82.14
82.15
82.12
82.15
82.18
82.14
82.17
82.15
82.12
82.10
82.09
82.10
82.11
82.09
82.11
82.14
82.16
82.13
82.13
82.14
82.12
82.10
82.15
82.14
82.15
82.16
82.15
82.14
82.16
82.15
82.13
82.10
82.11
82.12
82.09
82.06
82.05
82.04
82.04
82.02
82.01
81.97
81.95
81.94
81.91
81.94
81.94
81.94
81.99
81.98
81.97
81.98
81.96
81.97
81.98
82.00
81.95
81.97
81.96
81.95
81.93
81.91
81.93
81.88
81.86
81.86
81.85
81.83
81.79
81.76
81.81
81.79
81.76
81.76
81.77
81.79
81.78
81.78
81.77
81.78
81.75
81.74
81.75
81.72
81.66
81.66
81.65
81.62
81.64
81.64
81.68
81.67
81.68
81.69
81.69
81.70
81.71
81.69
81.69
81.67
81.68
81.69
81.69
81.69
81.69
81.69
81.68
81.70
81.70
81.70
81.71
81.71
81.72
81.72
81.72
81.71
81.68
81.67
81.68
81.67
81.67
81.64
81.65
81.64
81.63
81.63
81.62
81.64
81.61
81.62
81.62
81.63
81.65
81.63
81.62
81.63
81.62
81.62
81.61
81.62
81.62
81.64
81.64
81.64
81.63
81.67
81.68
81.66
81.66
81.67
81.66
81.67
81.66
81.67
81.70
81.73
81.71
81.70
81.70
81.70
81.71
81.71
81.71
81.71
81.71
81.71
81.69
81.69
81.67
81.68
81.68
81.68
81.67
81.69
81.70
81.72
81.70
81.72
81.73
81.74
81.73
81.72
81.71
81.68
81.69
81.69
81.68
81.67
81.67
81.68
81.65
81.66
81.68
81.68
81.69
81.69
81.71
81.72
81.73
81.73
81.71
81.72
81.70
81.73
81.73
81.74
81.73
81.73
81.74
81.71
81.70
81.69
81.69
81.69
81.70
81.71
81.69
81.70
81.72
81.71
81.72
81.72
81.70
81.71
81.72
81.71
81.71
81.70
81.70
81.71
81.72
81.72
81.72
81.72
81.72
81.72
81.70
81.69
81.70
81.71
81.71
81.70
81.69
81.71
81.72
81.73
81.74
81.77
81.75
81.74
81.72
81.72
81.71
81.71
81.71
81.70
81.69
81.70
81.70
81.68
81.67
81.69
81.69
81.67
81.67
81.68
81.69
81.68
81.68
81.68
81.67
81.67
81.68
81.68
81.68
81.68
81.67
81.68
81.67
81.69
81.69
81.71
81.69
81.68
81.67
81.68
81.66
81.63
81.64
81.64
81.64
81.61
81.62
81.62
81.62
81.60
81.60
81.61
81.62
81.62
81.62
81.62
81.62
81.62
81.62
81.62
81.61
81.60
81.60
81.60
81.59
81.58
81.57
81.58
81.60
81.61
81.62
81.64
81.64
81.65
81.65
81.66
81.67
81.66
81.67
81.66
81.66
81.65
81.65
81.67
81.66
81.67
81.66
81.68
81.67
81.66
81.66
81.66
81.66
81.64
81.63
81.64
81.64
81.65
81.65
81.66
81.65
81.66
81.66
81.65
81.64
81.65
81.67
81.66
81.65
81.66
81.66
81.67
81.67
81.68
81.68
81.69
81.70
81.69
81.68
81.68
81.68
81.69
81.69
81.66
81.66
81.67
81.66
81.67
81.69
81.69
81.70
81.69
81.69
81.71
81.68
81.68
81.69
81.68
81.68
81.69
81.70
81.71
81.72
81.72
81.71
81.71
81.70
81.70
81.71
81.69
81.70
81.69
81.69
81.69
81.70
81.69
81.70
81.70
81.70
81.71
81.72
81.71
81.71
81.71
81.69
81.70
81.71
81.70
81.70
81.70
81.70
81.70
81.69
81.69
81.69
81.69
81.68
81.68
81.67
81.68
81.67
81.67
81.66
81.67
81.66
81.66
81.66
81.67
81.66
81.67
81.68
81.68
81.67
81.67
81.67
81.67
81.67
81.67
81.67
81.68
81.68
81.68
81.68
81.69
81.70
81.70
81.72
81.72
81.72
81.72
81.73
81.73
81.73
81.74
81.72
81.72
81.72
81.73
81.73
81.75
81.73
81.74
81.74
81.74
81.73
81.73
81.73
81.72
81.71
81.72
81.72
81.71
81.71
81.71
81.72
81.72
81.71
81.71
81.71
81.70
81.71
81.71
81.71
81.70
81.70
81.70
81.70
81.70
81.70
81.71
81.71
81.71
81.71
81.71
81.72
81.73
81.74
81.74
81.74
81.73
81.73
81.73
81.73
81.73
81.74
81.74
81.74
81.75
81.75
81.76
81.76
81.75
81.75
81.75
81.76
81.75
81.75
81.75
81.75
81.76
81.74
81.74
81.75
81.76
81.75
81.74
81.75
81.76
81.76
81.77
81.75
81.76
81.76
81.75
81.73
81.71
81.71
81.71
81.70
81.69
81.70
81.70
81.70
81.71
81.70
81.70
81.70
81.70
81.71
81.71
81.71
81.71
81.71
81.72
81.72
81.72
81.72
81.71
81.72
81.71
81.71
81.71
81.71
81.71
81.71
81.71
81.71
81.70
81.69
81.69
81.70
81.69
81.68
81.69
81.69
81.69
81.68
81.67
81.68
81.68
81.66
81.66
81.66
81.66
81.67
81.67
81.67
81.67
81.67
81.67
81.66
81.58
