84.38
85.16
84.90
82.81
80.62
80.99
80.80
80.47
80.21
80.00
79.83
79.69
80.05
80.47
80.83
80.66
80.97
81.08
81.25
81.41
81.40
81.39
80.84
80.73
80.62
80.47
80.50
80.19
80.23
80.00
79.89
80.13
80.21
80.42
80.27
80.30
80.24
80.47
80.41
80.74
80.75
80.77
80.63
80.50
80.45
80.57
80.62
80.40
80.45
80.44
80.70
80.71
80.66
80.70
80.85
80.94
81.11
81.14
81.09
81.12
81.10
81.20
80.98
81.03
81.03
81.18
81.06
81.11
81.20
81.36
81.25
81.36
81.31
81.31
81.42
81.41
81.31
81.39
81.45
81.54
81.44
81.48
81.55
81.57
81.60
81.69
81.68
81.68
81.60
81.67
81.68
81.66
81.60
81.57
81.61
81.58
81.56
81.60
81.61
81.64
81.67
81.68
81.74
81.72
81.74
81.80
81.82
81.80
81.78
81.80
81.84
81.85
81.82
81.69
81.66
81.68
81.66
81.69
81.74
81.82
81.75
81.78
81.81
81.84
81.88
81.87
81.88
81.91
81.88
81.95
81.97
81.92
81.97
81.98
82.04
82.05
82.01
82.00
82.03
82.06
82.03
82.08
82.08
82.09
82.12
82.14
82.14
82.16
82.13
82.18
82.17
82.21
82.21
82.17
82.13
82.12
82.15
82.12
82.15
82.18
82.15
82.15
82.16
82.15
82.13
82.14
82.18
82.18
82.22
82.22
82.22
82.24
82.21
82.18
82.17
82.16
82.18
82.15
82.13
82.18
82.17
82.13
82.08
82.10
82.12
82.15
82.16
82.16
82.13
82.15
82.16
82.16
82.14
82.18
82.16
82.18
82.20
82.20
82.23
82.22
82.21
82.17
82.20
82.22
82.22
82.25
82.26
82.21
82.19
82.21
82.21
82.22
82.22
82.22
82.22
82.17
82.16
82.15
82.13
82.08
82.08
82.05
82.06
82.04
82.05
82.05
82.06
82.05
82.05
82.06
82.05
82.08
82.06
82.06
82.06
82.05
82.04
82.06
82.11
82.12
82.09
82.10
82.08
82.04
82.05
82.06
82.06
82.08
82.06
82.09
82.10
82.13
82.12
82.12
82.11
82.12
82.14
82.14
82.14
82.14
82.11
82.15
82.16
82.18
82.17
82.18
82.19
82.22
82.23
82.26
82.26
82.25
82.24
82.23
82.23
82.22
82.24
82.23
82.22
82.23
82.22
82.22
82.23
82.23
82.22
82.21
82.22
82.24
82.26
82.21
82.20
82.21
82.20
82.18
82.15
82.16
82.14
82.16
82.19
82.19
82.19
82.20
82.19
82.19
82.19
82.18
82.14
82.16
82.19
82.19
82.19
82.18
82.18
82.20
82.20
82.20
82.20
82.19
82.18
82.20
82.17
82.17
82.16
82.16
82.17
82.17
82.17
82.16
82.16
82.17
82.18
82.18
82.15
82.13
82.13
82.10
82.06
82.04
82.04
82.04
82.01
82.02
82.01
82.01
82.00
82.00
81.97
81.97
81.98
81.99
81.99
81.99
81.98
81.97
81.99
82.01
82.03
82.03
82.03
82.01
82.02
82.00
81.97
81.99
81.97
81.97
81.98
81.97
81.97
81.96
81.95
81.94
81.95
81.92
81.92
81.94
81.95
81.97
81.97
81.97
81.96
81.96
81.96
81.95
81.95
81.95
81.94
81.97
81.98
81.96
81.97
81.94
81.95
81.95
81.96
81.95
81.95
81.95
81.94
81.94
81.95
81.94
81.93
81.93
81.92
81.92
81.90
81.91
81.91
81.91
81.91
81.92
81.93
81.93
81.94
81.94
81.92
81.93
81.92
81.93
81.93
81.92
81.94
81.94
81.95
81.94
81.93
81.94
81.94
81.94
81.94
81.95
81.95
81.94
81.96
81.96
81.95
81.95
81.94
81.96
81.97
81.97
81.96
81.97
81.95
81.95
81.96
81.98
81.97
81.97
81.97
81.97
81.97
81.96
81.97
81.98
81.99
81.99
81.98
81.98
81.98
81.97
81.97
81.99
82.00
82.01
82.02
82.01
81.99
82.01
82.01
82.02
82.02
82.01
82.02
82.03
82.03
82.03
82.04
82.04
82.03
82.03
82.03
82.01
82.01
82.01
82.02
82.02
82.03
82.02
82.03
82.04
82.03
82.04
82.05
82.05
82.04
82.04
82.03
82.03
82.03
82.04
82.04
82.04
82.05
82.05
82.07
82.07
82.05
82.02
82.04
82.04
82.06
82.06
82.04
82.05
82.07
82.06
82.04
82.04
82.04
82.05
82.05
82.05
82.06
82.05
82.04
82.03
82.03
82.03
82.02
82.03
82.01
82.02
82.03
82.04
82.03
82.03
82.02
82.03
82.05
82.06
82.07
82.08
82.09
82.08
82.08
82.08
82.08
82.07
82.07
82.07
82.06
82.06
82.06
82.05
82.06
82.06
82.05
82.04
82.04
82.04
82.04
82.04
82.03
82.02
82.02
82.02
82.02
82.03
82.02
82.01
82.01
82.00
82.00
82.01
82.01
82.02
82.01
82.00
82.02
82.02
82.03
82.04
82.04
82.05
82.04
82.04
82.05
82.05
82.05
82.05
82.05
82.03
82.03
82.02
82.01
82.02
82.02
82.03
82.03
82.04
82.04
82.04
82.04
82.04
82.04
82.03
82.03
82.03
82.02
82.01
82.00
82.01
81.98
81.98
81.98
81.98
81.98
81.98
81.99
81.98
81.97
81.98
81.98
81.98
81.99
81.98
81.98
81.98
81.97
81.98
81.97
81.99
81.98
81.97
81.97
81.97
81.96
81.96
81.96
81.96
81.96
81.97
81.96
81.97
81.97
81.96
81.97
81.96
81.97
81.96
81.97
81.97
81.96
81.96
81.97
81.97
81.97
81.97
81.97
81.97
81.96
81.96
81.96
81.96
81.95
81.95
81.96
81.95
81.96
81.97
81.96
81.96
81.96
81.95
81.94
81.95
81.95
81.94
81.95
81.95
81.95
81.95
81.95
81.96
81.94
81.94
81.95
81.95
81.94
81.94
81.93
81.94
81.95
81.94
81.93
81.92
81.93
81.93
81.93
81.93
81.93
81.92
81.92
81.92
81.92
81.92
81.93
81.92
81.92
81.91
81.91
81.92
81.91
81.89
81.89
81.89
81.90
81.90
81.90
81.90
81.89
81.88
81.87
81.86
81.85
81.86
81.86
81.86
81.86
81.85
81.86
81.87
81.87
81.88
81.89
81.89
81.89
81.89
81.90
81.90
81.90
81.89
81.89
81.90
81.90
81.90
81.90
81.91
81.90
81.91
81.90
81.89
81.90
81.91
81.91
81.93
81.93
81.93
81.93
81.95
81.95
81.95
81.95
81.95
81.95
81.94
81.94
81.95
81.95
81.95
81.96
81.95
81.95
81.95
81.96
81.96
81.96
81.96
81.95
81.88
