73.44
75.00
78.12
81.25
79.38
79.69
79.24
79.49
80.03
80.94
80.97
80.99
80.77
81.14
80.73
80.57
81.25
81.16
81.00
80.86
81.25
81.04
81.45
81.25
81.69
81.73
81.60
81.75
81.63
81.72
82.01
82.03
81.91
81.66
81.52
81.38
81.29
81.13
81.09
81.13
81.21
81.10
81.25
81.36
81.56
81.59
81.28
81.25
81.25
81.22
81.25
81.31
81.37
81.48
81.51
81.42
81.44
81.60
81.54
81.54
81.58
81.65
81.62
81.67
81.63
81.72
81.81
81.87
82.02
81.96
82.00
82.05
81.91
81.86
81.85
81.91
81.90
81.81
81.84
81.72
81.69
81.76
81.85
81.92
81.97
82.03
82.09
82.10
82.04
82.01
82.02
82.01
82.04
82.01
82.07
82.16
82.09
82.05
82.10
82.12
82.13
82.08
82.15
82.15
82.16
82.19
82.24
82.31
82.24
82.24
82.22
82.21
82.19
82.13
82.13
82.14
82.13
82.12
82.09
82.11
82.13
82.10
82.11
82.12
82.01
82.08
82.06
82.08
82.15
82.08
82.06
82.10
82.05
82.07
82.00
81.99
81.98
81.91
81.92
81.93
81.97
82.01
82.03
82.01
82.08
82.00
81.93
81.96
81.94
81.93
81.88
81.94
81.89
81.95
81.97
81.99
82.01
81.97
82.00
81.96
81.97
81.95
81.98
81.96
81.95
81.97
81.98
81.97
82.03
81.99
81.98
82.03
82.04
82.02
82.00
81.94
81.93
81.94
81.96
81.98
81.98
81.95
81.98
81.97
81.95
81.89
81.88
81.86
81.86
81.90
81.90
81.88
81.89
81.89
81.89
81.87
81.88
81.90
81.85
81.86
81.84
81.81
81.87
81.89
81.91
81.91
81.94
81.94
81.98
81.96
81.92
81.94
81.97
81.94
81.94
81.94
81.93
81.95
81.96
81.97
81.96
81.95
81.95
81.93
81.93
81.96
81.95
81.92
81.91
81.92
81.94
81.95
81.97
81.94
81.94
81.96
81.98
81.98
81.96
81.94
81.96
81.97
82.00
82.02
82.03
82.01
82.02
82.01
82.03
82.04
82.01
82.02
81.98
82.02
82.00
82.01
82.00
81.97
81.98
81.98
81.99
82.01
82.00
82.01
82.02
82.01
82.01
82.01
81.99
82.01
82.00
82.01
82.01
82.00
81.98
82.01
82.02
82.03
82.01
82.01
82.01
81.98
81.97
81.96
81.93
81.93
81.93
81.92
81.94
81.92
81.91
81.89
81.91
81.92
81.94
81.95
81.96
81.95
81.95
81.96
81.95
81.94
81.93
81.92
81.94
81.91
81.89
81.91
81.90
81.90
81.90
81.89
81.89
81.90
81.92
81.91
81.90
81.88
81.89
81.88
81.90
81.92
81.93
81.93
81.88
81.86
81.86
81.85
81.84
81.85
81.87
81.87
81.87
81.88
81.88
81.88
81.90
81.87
81.89
81.88
81.91
81.89
81.87
81.85
81.86
81.89
81.90
81.90
81.90
81.92
81.93
81.94
81.93
81.93
81.94
81.92
81.93
81.94
81.96
81.95
81.96
81.97
81.97
81.98
81.98
81.98
81.97
81.95
81.95
81.94
81.95
81.91
81.91
81.90
81.90
81.90
81.89
81.89
81.88
81.88
81.89
81.90
81.91
81.91
81.94
81.95
81.94
81.96
81.95
81.95
81.93
81.93
81.92
81.92
81.93
81.91
81.91
81.91
81.91
81.92
81.92
81.91
81.92
81.93
81.93
81.93
81.92
81.93
81.94
81.94
81.95
81.94
81.93
81.92
81.90
81.89
81.89
81.89
81.88
81.87
81.87
81.88
81.87
81.88
81.89
81.90
81.91
81.91
81.92
81.92
81.91
81.91
81.92
81.92
81.93
81.92
81.93
81.95
81.95
81.94
81.96
81.95
81.95
81.95
81.97
81.98
81.98
81.98
81.97
81.99
82.00
82.00
82.01
82.01
82.03
82.03
82.02
82.02
82.03
82.04
82.04
82.05
82.04
82.04
82.04
82.03
82.03
82.03
82.02
82.02
82.02
81.99
82.00
82.00
82.01
82.01
82.01
82.01
82.01
82.01
82.03
82.02
82.02
82.02
82.01
82.02
82.00
82.01
82.01
82.00
82.01
81.99
81.99
81.98
81.99
81.99
81.99
81.98
81.99
81.99
82.00
81.99
81.99
81.99
82.00
81.98
81.97
81.96
81.97
81.97
81.97
