78.12
78.12
79.17
80.86
80.00
81.25
79.91
79.30
79.51
78.91
78.84
79.30
79.21
79.69
80.00
80.27
80.06
80.03
80.59
80.55
80.28
80.61
80.71
80.73
80.88
80.71
80.44
80.47
80.66
80.78
80.85
80.76
80.82
81.20
81.29
81.21
81.17
81.37
81.29
81.25
81.29
81.29
81.21
81.11
81.32
81.22
80.88
80.76
80.84
80.72
80.64
80.47
80.63
80.67
80.71
80.61
80.59
80.50
80.38
80.44
80.58
80.65
80.78
80.86
80.79
80.71
80.74
80.84
80.80
80.87
80.92
80.92
80.97
80.98
80.98
81.06
81.07
81.01
80.97
81.00
81.04
81.12
81.19
81.19
81.32
81.36
81.48
81.45
81.46
81.48
81.58
81.57
81.62
81.53
81.50
81.46
81.48
81.46
81.50
81.47
81.53
81.50
81.48
81.55
81.52
81.57
81.54
81.52
81.48
81.45
81.42
81.42
81.49
81.41
81.37
81.38
81.32
81.36
81.36
81.43
81.40
81.47
81.53
81.58
81.62
81.71
81.69
81.63
81.64
81.65
81.70
81.74
81.76
81.77
81.75
81.74
81.77
81.79
81.83
81.80
81.80
81.82
81.84
81.83
81.85
81.82
81.83
81.85
81.87
81.86
81.84
81.87
81.82
81.86
81.93
81.92
81.90
81.89
81.84
81.84
81.86
81.91
81.87
81.93
81.91
81.93
81.96
81.96
81.97
81.93
81.94
81.89
81.90
81.90
81.89
81.85
81.80
81.81
81.81
81.82
81.82
81.83
81.86
81.87
81.88
81.87
81.89
81.88
81.89
81.88
81.90
81.92
81.86
81.83
81.79
81.76
81.75
81.73
81.74
81.75
81.74
81.74
81.73
81.70
81.73
81.70
81.73
81.76
81.77
81.76
81.79
81.81
81.82
81.83
81.83
81.86
81.80
81.77
81.79
81.78
81.77
81.76
81.80
81.79
81.82
81.80
81.78
81.78
81.77
81.77
81.74
81.76
81.77
81.78
81.78
81.77
81.74
81.76
81.77
81.77
81.79
81.79
81.79
81.78
81.79
81.78
81.81
81.82
81.83
81.86
81.87
81.91
81.89
81.88
81.86
81.84
81.87
81.87
81.86
81.83
81.86
81.86
81.87
81.88
81.92
81.93
81.92
81.90
81.87
81.86
81.87
81.88
81.85
81.83
81.82
81.82
81.85
81.84
81.87
81.89
81.88
81.88
81.90
81.90
81.89
81.88
81.88
81.87
81.86
81.85
81.84
81.82
81.79
81.82
81.82
81.85
81.87
81.89
81.88
81.87
81.87
81.88
81.88
81.90
81.89
81.88
81.88
81.89
81.90
81.91
81.91
81.92
81.93
81.93
81.94
81.96
81.95
81.93
81.93
81.93
81.95
81.95
81.97
81.99
82.00
81.99
82.01
81.99
81.99
82.00
82.01
81.99
81.99
81.99
81.99
81.98
81.97
81.97
81.96
81.96
81.96
81.95
81.97
81.98
81.97
82.00
82.01
82.02
82.02
82.01
82.02
82.04
82.04
82.03
82.03
82.00
82.04
82.03
82.06
82.05
82.05
82.02
82.03
82.04
82.01
82.01
82.03
82.05
82.05
82.08
82.08
82.08
82.07
82.08
82.08
82.08
82.10
82.09
82.10
82.07
82.07
82.08
82.07
82.04
82.04
82.04
82.03
82.05
82.05
82.03
82.00
81.99
81.99
82.00
82.00
82.01
82.00
82.00
82.00
81.99
82.01
82.03
82.02
82.01
82.01
82.01
82.01
82.02
82.01
82.02
81.98
81.99
82.00
82.02
82.04
82.03
82.04
82.03
82.02
82.02
82.03
82.01
82.00
82.01
82.01
82.01
82.01
82.00
82.01
82.03
82.03
82.02
82.03
82.02
82.03
82.01
82.00
81.99
81.97
81.97
81.96
81.96
81.94
81.95
81.96
81.96
81.96
81.96
81.97
81.97
81.95
81.96
81.95
81.96
81.97
81.97
81.97
81.99
81.98
81.98
81.98
81.97
81.98
81.97
81.95
81.94
81.95
81.95
81.95
81.95
81.96
81.96
81.96
81.96
81.97
81.96
81.95
81.95
81.96
81.97
81.96
81.95
81.96
81.95
81.94
81.95
81.94
81.94
81.93
81.92
81.93
81.92
81.92
81.93
81.94
81.94
81.93
81.94
81.94
81.92
81.94
81.94
81.94
81.93
81.93
81.93
81.92
81.91
81.91
81.92
81.92
81.92
81.91
81.92
81.91
81.90
81.90
81.91
81.92
81.91
81.90
81.89
81.90
81.89
81.90
81.87
81.85
81.86
81.86
81.86
81.87
81.87
81.88
81.88
81.88
81.89
81.89
81.89
81.89
81.89
81.89
81.90
81.90
81.90
81.90
81.90
81.90
81.90
81.90
81.91
81.91
81.91
81.91
81.93
81.93
81.93
81.93
81.93
81.92
81.91
81.92
81.91
81.91
81.92
81.90
81.90
81.89
81.89
81.89
81.89
81.88
81.89
81.89
81.89
81.90
81.90
81.90
81.90
81.90
81.90
81.90
81.90
81.90
81.91
81.90
81.91
81.88
81.87
81.88
81.88
81.88
81.90
81.90
81.90
81.91
81.90
81.90
81.89
81.88
81.88
81.88
81.88
81.88
81.87
81.86
81.86
81.85
81.85
81.86
81.86
81.86
81.86
81.85
81.84
81.84
81.84
81.82
81.81
81.81
81.81
81.82
81.81
81.81
81.82
81.83
81.84
81.84
81.85
81.86
81.85
81.87
81.86
81.87
81.87
81.88
81.86
81.86
81.87
81.87
81.87
81.87
81.87
81.87
81.87
81.87
81.87
81.86
81.86
81.84
81.85
81.86
81.85
81.85
81.85
81.86
81.87
81.88
81.87
81.87
81.88
81.88
81.88
81.86
81.87
81.87
81.88
81.88
81.88
81.89
81.89
81.90
81.91
81.91
81.90
81.91
81.91
81.90
81.89
81.90
81.91
81.92
81.91
81.92
81.92
81.92
81.90
81.89
81.89
81.88
81.89
81.89
81.89
81.88
81.89
81.89
81.90
81.91
81.92
81.92
81.92
81.91
81.91
81.90
81.91
81.91
81.91
81.91
81.91
81.92
81.92
81.93
81.93
81.94
81.94
81.93
81.92
