81.25
85.94
86.98
85.16
83.75
82.55
83.04
82.42
82.29
82.34
82.53
82.42
82.45
82.81
82.81
82.91
82.26
82.47
82.32
82.19
82.22
82.17
82.07
82.36
82.56
82.81
82.52
82.48
82.17
82.03
82.11
81.93
82.01
81.89
81.79
81.73
81.71
81.74
81.81
81.72
81.86
81.77
81.65
81.46
81.56
81.39
81.48
81.41
81.31
81.34
81.43
81.43
81.52
81.54
81.62
81.67
81.74
81.76
81.65
81.72
81.69
81.65
81.57
81.57
81.61
81.63
81.74
81.66
81.61
81.63
81.56
81.62
81.61
81.63
81.71
81.62
81.66
81.73
81.61
81.64
81.66
81.69
81.63
81.68
81.67
81.67
81.59
81.68
81.64
81.58
81.56
81.45
81.45
81.45
81.43
81.36
81.38
81.28
81.25
81.27
81.25
81.25
81.25
81.28
81.35
81.32
81.32
81.37
81.35
81.35
81.36
81.31
81.22
81.30
81.29
81.30
81.30
81.34
81.34
81.35
81.28
81.29
81.31
81.30
81.29
81.24
81.26
81.26
81.26
81.30
81.36
81.38
81.40
81.40
81.46
81.48
81.49
81.50
81.50
81.52
81.54
81.51
81.51
81.51
81.50
81.49
81.52
81.52
81.59
81.58
81.59
81.62
81.63
81.69
81.68
81.72
81.74
81.72
81.67
81.65
81.69
81.72
81.69
81.74
81.77
81.77
81.76
81.72
81.71
81.67
81.72
81.71
81.72
81.75
81.79
81.78
81.77
81.71
81.72
81.71
81.72
81.71
81.70
81.67
81.62
81.62
81.61
81.63
81.64
81.67
81.67
81.67
81.66
81.66
81.67
81.68
81.70
81.71
81.76
81.79
81.78
81.77
81.71
81.74
81.69
81.68
81.69
81.68
81.64
81.63
81.63
81.67
81.69
81.68
81.72
81.75
81.74
81.78
81.76
81.78
81.78
81.78
81.75
81.72
81.74
81.75
81.75
81.78
81.77
81.78
81.76
81.75
81.75
81.74
81.74
81.74
81.74
81.73
81.71
81.73
81.70
81.68
81.69
81.65
81.66
81.67
81.66
81.66
81.66
81.66
81.65
81.64
81.66
81.67
81.62
81.62
81.64
81.63
81.62
81.63
81.65
81.64
81.63
81.62
81.63
81.63
81.64
81.63
81.64
81.63
81.61
81.63
81.63
81.65
81.66
81.66
81.66
81.66
81.67
81.65
81.66
81.64
81.63
81.64
81.63
81.64
81.64
81.64
81.63
81.61
81.59
81.60
81.60
81.62
81.58
81.59
81.62
81.63
81.63
81.61
81.62
81.61
81.61
81.61
81.60
81.60
81.61
81.62
81.62
81.64
81.63
81.63
81.61
81.59
81.61
81.60
81.58
81.59
81.60
81.58
81.60
81.60
81.57
81.57
81.59
81.61
81.59
81.60
81.60
81.62
81.62
81.65
81.66
81.69
81.67
81.68
81.68
81.68
81.68
81.69
81.72
81.72
81.74
81.76
81.78
81.79
81.81
81.82
81.82
81.82
81.84
81.85
81.85
81.87
81.87
81.86
81.86
81.88
81.90
81.89
81.89
81.87
81.88
81.88
81.87
81.89
81.90
81.88
81.87
81.88
81.89
81.90
81.87
81.87
81.88
81.87
81.86
81.85
81.87
81.87
81.87
81.87
81.88
81.87
81.87
81.86
81.85
81.88
81.90
81.90
81.91
81.90
81.92
81.94
81.94
81.96
81.96
81.95
81.96
81.96
81.96
81.95
81.96
81.95
81.94
81.94
81.93
81.92
81.94
81.94
81.96
81.97
81.97
81.97
81.98
81.97
81.97
81.95
81.94
81.95
81.94
81.94
81.93
81.94
81.93
81.95
81.96
81.97
81.96
81.97
81.96
81.97
81.98
81.97
81.99
82.01
82.00
82.01
82.00
82.01
82.01
82.01
82.00
82.01
82.01
82.00
82.01
82.02
82.04
82.03
82.02
82.02
82.02
82.00
82.00
82.01
82.01
82.02
82.02
82.02
82.01
81.99
82.00
82.00
81.98
81.98
81.96
81.96
81.96
81.97
81.96
81.96
81.95
81.95
81.95
81.95
81.95
81.96
81.95
81.97
81.97
81.97
81.98
81.98
81.99
81.99
81.99
82.00
82.02
82.02
82.01
82.01
81.98
82.00
82.00
82.01
82.02
82.02
82.02
82.02
82.02
82.02
82.02
82.04
82.05
82.04
82.05
82.06
82.07
82.07
82.08
82.08
82.08
82.07
82.07
82.08
82.07
82.06
82.06
82.06
82.07
82.08
82.09
82.08
82.10
82.10
82.09
82.09
82.07
82.06
82.07
82.06
82.06
82.05
82.06
82.07
82.06
82.06
82.06
82.06
82.05
82.06
82.07
82.07
82.08
82.09
82.08
82.09
82.09
82.08
82.08
82.09
82.07
82.07
82.04
82.05
82.05
82.05
82.05
82.05
82.04
82.05
82.06
82.05
82.06
82.05
82.05
82.05
82.04
82.02
82.02
82.02
82.02
82.02
82.02
82.02
82.01
82.00
81.99
81.99
81.99
81.99
82.00
81.98
81.99
82.00
82.00
82.00
82.02
82.01
82.02
82.00
82.00
81.99
81.98
81.98
81.98
81.99
81.98
81.99
81.99
81.99
81.98
81.99
81.99
81.99
82.00
81.99
82.00
82.00
82.01
82.00
82.01
82.01
82.00
82.00
82.01
82.02
82.01
82.01
82.00
82.01
82.01
82.01
82.01
82.00
81.99
82.00
82.00
81.98
81.99
81.98
81.99
81.98
82.00
82.00
81.99
81.98
82.00
82.00
82.00
82.01
82.01
82.01
82.01
82.00
82.00
82.00
82.00
82.00
81.99
81.99
81.99
81.99
81.99
81.98
81.98
81.97
81.98
81.98
81.99
81.98
81.98
81.97
81.97
81.97
81.97
81.98
81.98
81.98
81.99
82.01
82.01
82.01
82.01
82.02
82.01
82.02
82.03
82.02
82.02
82.01
82.00
82.01
82.01
82.00
82.00
82.00
82.01
82.02
82.03
82.03
82.03
82.03
82.04
82.04
82.03
82.02
82.01
82.01
82.01
82.01
82.01
82.01
82.02
82.02
82.01
82.01
82.01
82.02
82.02
82.02
82.01
82.02
82.01
82.01
82.01
82.02
82.02
82.02
82.02
82.00
81.99
81.99
81.99
81.99
82.00
82.01
82.00
82.00
82.00
82.00
82.00
82.00
82.01
82.00
82.00
82.00
82.00
82.00
81.99
82.00
82.00
81.99
81.98
81.99
81.98
81.99
81.99
81.99
81.99
82.00
81.99
81.98
81.98
81.99
81.99
82.00
82.00
82.00
82.00
81.99
81.99
81.98
81.99
81.99
81.99
81.98
81.99
81.99
82.00
81.99
81.98
81.97
81.98
81.97
81.98
81.96
81.97
81.98
81.98
81.90
