82.81
82.03
81.77
81.25
80.62
81.51
80.80
81.84
81.25
80.62
81.11
81.51
81.13
80.92
81.46
82.13
81.89
82.12
82.32
81.88
81.92
81.82
81.79
81.77
81.81
82.03
81.48
81.25
81.14
81.30
81.20
81.40
81.49
81.25
81.25
81.03
80.95
81.13
81.13
81.21
81.14
80.88
80.85
80.82
81.01
81.25
81.35
81.48
81.47
81.56
81.62
81.61
81.66
81.83
81.79
81.81
81.88
81.92
82.02
81.93
81.94
82.03
82.17
82.30
82.31
82.39
82.37
82.38
82.38
82.37
82.37
82.36
82.36
82.37
82.42
82.48
82.33
82.31
82.36
82.38
82.23
82.20
82.12
82.11
82.17
82.21
82.29
82.37
82.39
82.41
82.45
82.46
82.46
82.38
82.34
82.29
82.22
82.30
82.37
82.39
82.39
82.34
82.37
82.38
82.37
82.39
82.48
82.55
82.44
82.49
82.47
82.51
82.40
82.37
82.35
82.37
82.33
82.34
82.38
82.34
82.35
82.30
82.28
82.28
82.30
82.29
82.33
82.35
82.33
82.32
82.29
82.28
82.24
82.25
82.26
82.27
82.29
82.30
82.36
82.37
82.35
82.37
82.39
82.40
82.42
82.44
82.45
82.51
82.48
82.52
82.56
82.52
82.52
82.52
82.51
82.49
82.46
82.52
82.42
82.39
82.37
82.37
82.36
82.37
82.41
82.43
82.46
82.41
82.43
82.44
82.47
82.45
82.43
82.38
82.38
82.43
82.42
82.44
82.45
82.46
82.42
82.39
82.39
82.35
82.35
82.36
82.38
82.37
82.29
82.29
82.30
82.29
82.29
82.27
82.28
82.24
82.23
82.27
82.26
82.23
82.21
82.20
82.17
82.13
82.17
82.20
82.21
82.22
82.23
82.20
82.18
82.19
82.19
82.20
82.17
82.18
82.19
82.22
82.18
82.18
82.17
82.16
82.13
82.16
82.15
82.13
82.12
82.15
82.14
82.15
82.16
82.17
82.19
82.21
82.17
82.15
82.13
82.14
82.13
82.15
82.16
82.17
82.17
82.18
82.19
82.20
82.21
82.17
82.18
82.17
82.17
82.17
82.18
82.19
82.18
82.15
82.14
82.14
82.12
82.12
82.12
82.13
82.11
82.13
82.09
82.09
82.06
82.06
82.07
82.07
82.07
82.07
82.07
82.07
82.08
82.07
82.05
82.04
82.07
82.03
82.03
82.03
82.00
82.04
82.01
82.00
82.00
82.01
81.97
81.99
81.99
82.00
82.00
81.98
81.99
81.99
81.97
81.98
82.01
82.03
82.03
82.02
82.03
82.00
82.00
81.97
82.00
81.99
82.00
82.00
82.00
82.01
82.01
82.02
82.02
82.00
81.99
81.98
81.96
81.93
81.93
81.92
81.93
81.92
81.92
81.93
81.93
81.91
81.91
81.91
81.93
81.93
81.96
81.96
81.97
81.96
81.96
81.97
81.98
81.98
81.98
81.98
81.96
81.93
81.92
81.89
81.88
81.87
81.89
81.87
81.86
81.86
81.90
81.89
81.91
81.92
81.91
81.89
81.90
81.90
81.89
81.89
81.91
81.91
81.92
81.92
81.92
81.93
81.94
81.93
81.94
81.93
81.95
81.94
81.92
81.92
81.92
81.92
81.93
81.92
81.93
81.93
81.93
81.92
81.92
81.91
81.91
81.92
81.94
81.92
81.92
81.93
81.93
81.92
81.94
81.92
81.91
81.90
81.90
81.88
81.90
81.92
81.93
81.91
81.90
81.89
81.91
81.90
81.90
81.90
81.92
81.90
81.92
81.93
81.93
81.91
81.92
81.90
81.87
81.89
81.88
81.89
81.90
81.89
81.87
81.88
81.89
81.90
81.92
81.91
81.90
81.90
81.91
81.92
81.92
81.93
81.94
81.94
81.94
81.93
81.94
81.94
81.91
81.92
81.92
81.94
81.92
81.91
81.92
81.92
81.93
81.93
81.92
81.93
81.93
81.93
81.94
81.93
81.92
81.91
81.90
81.90
81.90
81.88
81.89
81.88
81.86
81.85
81.86
81.86
81.86
81.86
81.85
81.86
81.87
81.88
81.87
81.86
81.86
81.86
81.86
81.86
81.87
81.87
81.88
81.88
81.89
81.90
81.90
81.90
81.90
81.90
81.90
81.90
81.91
81.89
81.90
81.90
81.90
81.89
81.88
81.87
81.88
81.87
81.87
81.86
81.85
81.85
81.86
81.88
81.86
81.86
81.87
81.85
81.86
81.86
81.86
81.87
81.87
81.87
81.88
81.88
81.88
81.88
81.88
81.88
81.89
81.89
81.88
81.89
81.89
81.90
81.89
81.87
81.85
81.87
81.85
81.86
81.87
81.88
81.89
81.90
81.91
81.91
81.90
81.89
81.90
81.88
81.87
81.88
81.89
81.91
81.91
81.92
81.92
81.91
81.91
81.91
81.90
81.91
81.90
81.90
81.91
81.90
81.90
81.90
81.90
81.89
81.90
81.90
81.89
81.88
81.87
81.87
81.87
81.87
81.88
81.88
81.88
81.88
81.87
81.88
81.88
81.89
81.89
81.89
81.88
81.87
81.88
81.88
81.90
81.90
81.90
81.89
81.89
81.89
81.89
81.88
81.87
81.85
81.85
81.85
81.84
81.84
81.84
81.85
81.85
81.85
81.85
81.87
81.86
81.86
81.87
81.88
81.89
81.88
81.89
81.88
81.89
81.89
81.87
81.88
81.87
81.86
81.86
81.87
81.86
81.87
81.88
81.88
81.87
81.89
81.88
81.90
81.89
81.89
81.88
81.89
81.89
81.88
81.88
81.89
81.88
81.87
81.87
81.86
81.86
81.87
81.88
81.88
81.88
81.89
81.89
81.90
81.88
81.87
81.87
81.88
81.89
81.90
81.91
81.90
81.90
81.88
81.88
81.88
81.88
81.87
81.88
81.88
81.90
81.90
81.89
81.90
81.90
81.90
81.90
81.91
81.90
81.89
81.89
81.88
81.88
81.87
81.88
81.87
81.89
81.89
81.90
81.89
81.89
81.89
81.89
81.91
81.91
81.92
81.93
81.92
81.91
81.90
81.90
81.90
81.92
81.92
81.91
81.92
81.90
81.90
81.90
81.90
81.90
81.90
81.90
81.91
81.91
81.91
81.91
81.91
81.90
81.89
81.90
81.89
81.88
81.88
81.89
81.90
81.90
81.90
81.91
81.92
81.92
81.91
81.90
81.90
81.89
81.89
81.88
81.87
81.87
81.87
81.89
81.88
81.88
81.89
81.89
81.89
81.89
81.88
81.87
81.88
81.88
81.89
81.89
81.90
81.90
81.90
81.90
81.90
81.90
81.91
81.90
81.91
81.91
81.91
81.91
81.91
81.89
81.89
81.89
81.89
81.89
81.89
81.89
81.89
81.89
81.89
81.90
81.89
81.90
81.90
81.90
81.82
