81.25
79.69
79.17
78.91
78.75
78.91
77.90
77.73
76.39
77.97
77.98
78.26
78.61
77.46
77.71
78.22
78.31
78.30
78.45
78.36
78.65
78.55
78.67
78.65
78.88
78.91
79.05
78.96
79.04
79.17
79.28
79.49
79.59
79.69
79.78
79.64
79.69
79.73
79.73
79.80
79.99
80.06
80.20
80.26
80.24
80.30
80.25
80.14
80.20
80.09
80.36
80.38
80.37
80.30
80.23
80.22
80.32
80.36
80.38
80.44
80.46
80.52
80.53
80.49
80.48
80.42
80.46
80.56
80.62
80.62
80.55
80.60
80.63
80.66
80.73
80.69
80.64
80.67
80.78
80.78
80.84
80.95
80.91
80.99
81.01
80.96
81.05
81.14
81.20
81.25
81.30
81.32
81.38
81.35
81.37
81.48
81.57
81.58
81.71
81.69
81.68
81.62
81.58
81.55
81.50
81.53
81.57
81.55
81.59
81.53
81.56
81.60
81.62
81.62
81.66
81.68
81.65
81.63
81.57
81.56
81.53
81.60
81.58
81.57
81.59
81.52
81.55
81.51
81.46
81.39
81.39
81.40
81.40
81.39
81.33
81.34
81.34
81.34
81.38
81.36
81.41
81.43
81.39
81.39
81.38
81.39
81.39
81.39
81.40
81.39
81.37
81.37
81.41
81.43
81.43
81.43
81.45
81.48
81.46
81.46
81.49
81.50
81.48
81.46
81.48
81.49
81.47
81.47
81.45
81.44
81.42
81.40
81.45
81.46
81.46
81.50
81.49
81.51
81.53
81.55
81.59
81.57
81.57
81.56
81.52
81.54
81.49
81.43
81.42
81.41
81.40
81.41
81.40
81.43
81.40
81.39
81.38
81.35
81.37
81.39
81.36
81.35
81.38
81.41
81.43
81.42
81.44
81.47
81.46
81.42
81.43
81.40
81.41
81.42
81.40
81.42
81.40
81.41
81.41
81.43
81.40
81.38
81.36
81.39
81.40
81.40
81.38
81.39
81.36
81.37
81.37
81.38
81.37
81.38
81.37
81.37
81.40
81.38
81.41
81.40
81.41
81.44
81.40
81.42
81.41
81.42
81.39
81.36
81.36
81.38
81.38
81.35
81.37
81.39
81.37
81.36
81.40
81.37
81.38
81.39
81.44
81.42
81.43
81.47
81.46
81.45
81.46
81.43
81.41
81.40
81.44
81.43
81.42
81.39
81.40
81.39
81.42
81.42
81.45
81.49
81.47
81.48
81.48
81.49
81.54
81.56
81.56
81.54
81.56
81.55
81.54
81.54
81.56
81.56
81.57
81.61
81.60
81.62
81.63
81.61
81.60
81.62
81.62
81.63
81.64
81.64
81.65
81.67
81.67
81.69
81.71
81.71
81.72
81.71
81.72
81.73
81.74
81.75
81.74
81.74
81.74
81.71
81.72
81.71
81.72
81.71
81.70
81.69
81.70
81.71
81.72
81.71
81.73
81.75
81.74
81.73
81.72
81.72
81.71
81.72
81.69
81.70
81.68
81.70
81.68
81.70
81.70
81.69
81.71
81.73
81.72
81.72
81.70
81.70
81.71
81.73
81.72
81.74
81.77
81.78
81.78
81.78
81.76
81.76
81.75
81.74
81.76
81.76
81.77
81.79
81.80
81.80
81.79
81.79
81.78
81.79
81.78
81.78
81.79
81.79
81.78
81.77
81.80
81.82
81.81
81.80
81.79
81.79
81.81
81.81
81.80
81.79
81.82
81.83
81.84
81.83
81.84
81.82
81.82
81.82
81.82
81.83
81.82
81.84
81.84
81.86
81.85
81.88
81.87
81.87
81.88
81.86
81.86
81.87
81.85
81.87
81.89
81.88
81.87
81.87
81.89
81.89
81.89
81.89
81.90
81.91
81.90
81.90
81.91
81.89
81.90
81.87
81.86
81.88
81.87
81.87
81.86
81.87
81.88
81.85
81.85
81.84
81.85
81.84
81.85
81.85
81.86
81.87
81.88
81.89
81.90
81.92
81.93
81.93
81.94
81.94
81.93
81.92
81.92
81.93
81.92
81.92
81.92
81.91
81.92
81.90
81.90
81.89
81.90
81.91
81.91
81.92
81.93
81.93
81.94
81.94
81.95
81.94
81.94
81.94
81.95
81.95
81.96
81.96
81.96
81.99
81.99
81.98
81.98
82.00
82.00
81.99
81.99
81.99
82.01
82.01
82.03
82.04
82.06
82.08
82.09
82.08
82.08
82.08
82.07
82.07
82.05
82.05
82.04
82.05
82.04
82.05
82.04
82.05
82.04
82.05
82.04
82.06
82.07
82.07
82.07
82.09
82.10
82.11
82.09
82.10
82.10
82.11
82.11
82.10
82.08
82.08
82.10
82.09
82.07
82.09
82.09
82.08
82.07
82.05
82.05
82.05
82.05
82.05
82.04
82.05
82.05
82.05
82.04
82.04
82.04
82.03
82.03
82.01
82.00
82.01
82.00
81.99
81.99
81.99
81.99
81.99
81.98
81.97
81.96
81.98
81.97
81.97
81.96
81.97
81.98
81.98
81.98
81.98
81.99
81.98
81.97
81.97
81.97
81.96
81.98
81.98
81.97
81.96
81.96
81.95
81.96
81.95
81.94
81.95
81.94
81.94
81.93
81.92
81.90
81.90
81.89
81.90
81.89
81.90
81.89
81.88
81.87
81.87
81.88
81.88
81.87
81.85
81.86
81.87
81.87
81.88
81.87
81.86
81.87
81.86
81.83
81.84
81.85
81.86
81.85
81.86
81.85
81.87
81.87
81.86
81.87
81.86
81.87
81.87
81.86
81.87
81.87
81.86
81.87
81.88
81.88
81.88
81.88
81.89
81.89
81.89
81.90
81.89
81.89
81.90
81.89
81.89
81.90
81.88
81.87
81.87
81.88
81.89
81.89
81.89
81.89
81.90
81.90
81.89
81.88
81.88
81.89
81.89
81.88
81.89
81.88
81.90
81.90
81.91
81.91
81.90
81.90
81.90
81.89
81.89
81.90
81.91
81.92
81.93
81.91
81.92
81.92
81.91
81.91
81.89
81.89
81.88
81.88
81.89
81.89
81.90
81.89
81.90
81.89
81.89
81.88
81.89
81.89
81.90
81.90
81.90
81.89
81.87
81.87
81.86
81.86
81.87
81.87
81.87
81.86
81.86
81.85
81.85
81.85
81.84
81.83
81.83
81.82
81.81
81.81
81.80
81.81
81.81
81.80
81.80
81.80
81.80
81.80
81.80
81.81
81.80
81.80
81.80
81.80
81.81
81.81
81.81
81.81
81.81
81.82
81.81
81.82
81.81
81.80
81.81
81.80
81.79
81.80
81.81
81.81
81.80
81.81
81.82
81.82
81.81
81.82
81.83
81.84
81.84
81.84
81.84
81.84
81.83
81.83
81.83
81.84
81.84
81.84
81.84
81.84
81.82
81.82
81.82
81.81
81.82
81.82
81.81
81.83
81.83
81.84
81.76
