87.50
85.16
85.42
86.72
86.25
85.94
85.94
85.55
84.55
84.53
83.81
83.46
83.29
83.82
83.33
83.20
83.27
83.77
82.89
82.73
82.51
82.67
82.81
82.68
82.50
82.33
82.23
82.37
82.49
82.50
82.56
82.57
82.62
82.54
82.54
82.55
82.47
82.44
82.37
82.42
82.39
82.25
82.16
82.17
82.33
82.40
82.38
82.29
82.37
82.19
82.17
82.18
82.25
82.18
82.16
82.06
82.18
82.17
81.94
81.93
81.84
81.88
81.89
81.91
81.90
81.91
81.97
81.96
81.97
81.94
81.87
81.88
81.79
81.80
81.79
81.89
81.90
81.83
81.82
81.89
81.94
81.97
81.89
81.96
81.95
81.90
81.93
81.96
82.04
81.96
81.97
82.00
82.02
81.98
81.99
81.93
81.99
82.02
81.99
82.06
82.12
82.20
82.25
82.30
82.34
82.40
82.45
82.47
82.45
82.46
82.39
82.38
82.34
82.31
82.35
82.38
82.36
82.32
82.27
82.30
82.27
82.29
82.22
82.14
82.14
82.03
81.99
82.01
82.01
82.06
82.12
82.21
82.24
82.21
82.18
82.09
82.11
82.16
82.17
82.21
82.23
82.28
82.28
82.34
82.36
82.42
82.42
82.39
82.42
82.46
82.48
82.50
82.49
82.51
82.51
82.49
82.45
82.50
82.50
82.51
82.49
82.47
82.46
82.48
82.50
82.40
82.34
82.38
82.40
82.36
82.35
82.35
82.34
82.32
82.35
82.35
82.39
82.40
82.38
82.38
82.37
82.37
82.39
82.35
82.32
82.28
82.29
82.27
82.30
82.26
82.24
82.28
82.29
82.34
82.32
82.31
82.32
82.33
82.31
82.33
82.32
82.29
82.26
82.28
82.26
82.27
82.26
82.22
82.17
82.19
82.18
82.19
82.17
82.20
82.16
82.15
82.16
82.13
82.13
82.15
82.19
82.16
82.17
82.18
82.18
82.16
82.17
82.15
82.14
82.11
82.09
82.04
82.07
82.08
82.05
82.05
82.05
82.06
82.07
82.08
82.06
82.04
82.03
82.01
82.00
81.97
81.99
81.98
81.97
81.94
81.95
81.95
81.94
81.92
81.90
81.92
81.91
81.92
81.91
81.91
81.91
81.94
81.94
81.92
81.92
81.91
81.92
81.91
81.94
81.90
81.89
81.88
81.89
81.85
81.86
81.86
81.82
81.81
81.82
81.82
81.79
81.78
81.79
81.78
81.80
81.80
81.80
81.81
81.80
81.80
81.83
81.82
81.80
81.79
81.75
81.73
81.73
81.75
81.74
81.76
81.75
81.75
81.78
81.79
81.81
81.81
81.81
81.81
81.80
81.81
81.83
81.82
81.82
81.83
81.84
81.87
81.89
81.88
81.89
81.89
81.86
81.85
81.83
81.83
81.80
81.77
81.78
81.75
81.75
81.75
81.75
81.74
81.71
81.72
81.68
81.68
81.66
81.63
81.62
81.63
81.66
81.66
81.64
81.64
81.65
81.63
81.62
81.63
81.61
81.62
81.61
81.61
81.61
81.62
81.59
81.60
81.57
81.58
81.58
81.59
81.57
81.60
81.62
81.63
81.63
81.62
81.62
81.62
81.64
81.63
81.63
81.62
81.64
81.63
81.63
81.64
81.64
81.62
81.62
81.62
81.61
81.62
81.63
81.62
81.64
81.63
81.63
81.63
81.63
81.63
81.64
81.67
81.64
81.63
81.63
81.64
81.64
81.65
81.65
81.64
81.66
81.67
81.67
81.66
81.67
81.67
81.68
81.69
81.69
81.69
81.69
81.71
81.71
81.71
81.71
81.73
81.73
81.74
81.75
81.74
81.74
81.74
81.75
81.75
81.74
81.75
81.71
81.73
81.73
81.73
81.72
81.75
81.74
81.74
81.75
81.75
81.75
81.77
81.77
81.78
81.77
81.79
81.78
81.79
81.77
81.79
81.78
81.77
81.77
81.75
81.75
81.75
81.74
81.75
81.74
81.75
81.76
81.79
81.78
81.79
81.79
81.79
81.79
81.79
81.78
81.77
81.77
81.77
81.77
81.77
81.78
81.78
81.77
81.78
81.79
81.78
81.79
81.81
81.80
81.81
81.81
81.80
81.79
81.78
81.78
81.78
81.79
81.79
81.78
81.80
81.80
81.81
81.81
81.81
81.79
81.78
81.78
81.78
81.77
81.78
81.78
81.78
81.78
81.78
81.79
