78.12
82.03
81.25
81.25
79.38
79.95
80.13
80.66
81.60
81.88
81.82
82.29
82.45
82.37
82.50
83.11
83.46
83.68
83.88
83.83
83.71
83.66
83.63
83.40
83.25
83.59
83.04
82.92
82.92
82.81
82.71
82.62
82.81
82.67
82.77
82.81
82.77
82.69
82.65
82.77
82.89
82.85
83.03
82.81
82.64
82.47
82.65
82.71
82.68
82.66
82.72
82.81
82.75
82.70
82.73
82.73
82.73
82.65
82.60
82.50
82.51
82.56
82.47
82.42
82.36
82.27
82.28
82.33
82.27
82.28
82.11
82.16
82.28
82.20
82.21
82.24
82.14
82.09
82.20
82.19
82.08
82.16
82.17
82.11
82.08
82.10
82.11
82.03
82.08
82.08
82.04
81.90
81.92
81.95
81.96
81.98
81.91
81.90
81.90
82.02
81.99
81.95
82.04
82.08
82.07
82.06
82.02
82.03
82.02
82.07
82.09
82.11
82.16
82.17
82.12
82.09
82.06
82.00
82.01
82.01
81.95
81.92
81.95
81.89
81.89
81.86
81.84
81.80
81.78
81.77
81.76
81.70
81.76
81.81
81.84
81.86
81.90
81.92
81.91
81.90
81.94
81.95
82.03
82.06
81.99
82.02
82.05
82.00
81.99
81.93
81.93
81.92
81.95
81.95
81.95
81.95
82.01
81.99
82.06
82.00
81.98
81.96
81.99
81.98
82.01
81.98
81.95
81.97
81.97
81.96
81.96
81.93
81.89
81.93
81.95
81.95
81.98
81.99
82.01
82.01
81.98
82.00
82.02
82.06
82.09
82.10
82.11
82.14
82.18
82.17
82.13
82.13
82.11
82.13
82.09
82.10
82.13
82.17
82.18
82.20
82.21
82.22
82.25
82.28
82.31
82.32
82.30
82.28
82.30
82.33
82.33
82.38
82.37
82.36
82.38
82.38
82.38
82.39
82.42
82.41
82.44
82.41
82.48
82.50
82.50
82.52
82.56
82.52
82.50
82.49
82.48
82.52
82.51
82.51
82.46
82.44
82.44
82.42
82.41
82.39
82.40
82.41
82.43
82.43
82.42
82.41
82.41
82.40
82.43
82.42
82.43
82.45
82.40
82.41
82.42
82.38
82.33
82.34
82.35
82.34
82.33
82.35
82.34
82.33
82.35
82.34
82.37
82.34
82.35
82.38
82.37
82.36
82.38
82.38
82.36
82.37
82.38
82.36
82.38
82.38
82.37
82.39
82.39
82.38
82.36
82.35
82.33
82.31
82.33
82.33
82.31
82.29
82.28
82.30
82.31
82.33
82.32
82.28
82.26
82.26
82.27
82.25
82.23
82.22
82.22
82.25
82.27
82.27
82.28
82.29
82.29
82.28
82.27
82.28
82.27
82.25
82.27
82.25
82.26
82.24
82.23
82.23
82.23
82.23
82.24
82.24
82.24
82.25
82.23
82.21
82.20
82.19
82.18
82.20
82.20
82.18
82.16
82.15
82.16
82.16
82.14
82.17
82.16
82.19
82.19
82.20
82.20
82.20
82.23
82.21
82.20
82.19
82.20
82.19
82.19
82.18
82.16
82.14
82.15
82.16
82.16
82.16
82.15
82.16
82.15
82.15
82.16
82.16
82.16
82.16
82.17
82.18
82.15
82.15
82.14
82.13
82.14
82.15
82.15
82.13
82.13
82.12
82.09
82.10
82.11
82.10
82.10
82.11
82.12
82.12
82.13
82.13
82.14
82.14
82.14
82.15
82.15
82.16
82.17
82.13
82.14
82.12
82.15
82.13
82.13
82.11
82.10
82.12
82.13
82.13
82.15
82.13
82.14
82.14
82.15
82.14
82.14
82.12
82.14
82.12
82.13
82.12
82.11
82.10
82.12
82.12
82.11
82.09
82.11
82.11
82.10
82.10
82.11
82.08
82.08
82.08
82.07
82.06
82.05
82.06
82.06
82.06
82.07
82.08
82.08
82.08
82.09
82.08
82.06
82.06
82.06
82.06
82.05
82.04
82.04
82.04
82.04
82.04
82.02
82.02
82.03
82.03
82.02
82.04
82.05
82.04
82.04
82.04
82.04
82.04
82.05
82.04
82.04
82.03
82.04
82.05
82.08
82.07
82.08
82.07
82.06
82.06
82.07
82.06
82.07
82.08
82.06
82.06
82.05
82.05
82.06
82.07
82.06
82.07
82.06
82.06
82.04
82.04
82.05
82.05
82.05
82.06
82.06
82.07
82.08
82.08
82.07
82.09
82.09
82.09
82.08
82.08
82.11
82.13
82.13
82.12
82.13
82.12
82.13
82.12
82.12
82.12
82.13
82.12
82.14
82.14
82.13
82.12
82.13
82.13
82.13
82.14
82.11
82.11
82.10
82.11
82.11
82.12
82.12
82.11
82.12
82.11
82.12
82.13
82.13
82.14
82.15
82.15
82.13
82.15
82.13
82.15
82.15
82.14
82.13
82.12
82.13
82.14
82.15
82.15
82.14
82.15
82.15
82.15
82.15
82.15
82.16
82.16
82.18
82.17
82.17
82.17
82.14
82.14
82.14
82.13
82.11
82.10
82.09
82.09
82.08
82.07
82.07
82.08
82.08
82.08
82.11
82.09
82.07
82.05
82.05
82.05
82.06
82.06
82.07
82.08
82.09
82.09
82.09
82.08
82.10
82.10
82.10
82.11
82.12
82.11
82.12
82.12
82.12
82.12
82.11
82.11
82.10
82.10
82.10
82.09
82.10
82.10
82.10
82.08
82.08
82.08
82.10
82.10
82.09
82.10
82.10
82.10
82.10
82.12
82.10
82.11
82.10
82.10
82.11
82.11
82.11
82.09
82.10
82.09
82.09
82.08
82.08
82.08
82.08
82.09
82.09
82.09
82.10
82.11
82.11
82.11
82.10
82.10
82.09
82.10
82.09
82.07
82.08
82.08
82.09
82.09
82.09
82.10
82.09
82.09
82.08
82.09
82.09
82.08
82.07
82.07
82.07
82.08
82.07
82.08
82.09
82.07
82.08
82.07
82.07
82.08
82.08
82.09
82.10
82.10
82.10
82.09
82.08
82.09
82.09
82.09
82.09
82.09
82.08
82.09
82.07
82.08
82.07
82.06
82.07
82.07
82.08
82.09
82.08
82.07
82.06
82.07
82.06
82.06
82.06
82.06
82.05
82.04
82.04
82.04
82.03
82.02
82.01
82.01
82.03
82.03
82.03
82.02
82.03
82.02
82.02
82.01
82.01
82.01
82.02
82.03
82.02
82.02
82.03
82.03
82.03
82.03
82.03
82.04
82.04
82.04
82.04
82.04
82.04
82.04
82.04
82.05
82.04
82.04
82.04
82.04
82.02
82.02
82.02
82.01
82.00
81.99
81.98
81.99
81.99
81.99
81.99
81.99
82.00
81.98
81.98
81.98
81.98
81.99
81.99
82.01
82.00
81.99
81.99
81.99
81.99
81.99
81.98
81.97
81.96
81.88
