85.94
85.94
84.90
84.77
85.31
84.38
83.48
83.20
82.99
83.12
83.10
82.81
83.05
82.92
82.81
82.71
82.72
82.38
82.32
82.42
81.99
81.82
81.73
81.77
82.12
82.21
82.23
82.14
82.11
82.50
82.46
82.57
82.34
82.40
82.59
82.38
82.35
82.69
82.81
82.81
82.81
82.51
82.49
82.42
82.50
82.30
82.28
82.26
82.33
82.47
82.44
82.45
82.64
82.55
82.56
82.59
82.54
82.41
82.55
82.58
82.51
82.54
82.47
82.42
82.55
82.58
82.60
82.58
82.54
82.61
82.53
82.62
82.58
82.62
82.42
82.34
82.16
82.13
82.02
82.11
82.10
82.09
82.08
82.03
82.00
82.03
82.08
82.07
82.13
82.24
82.28
82.29
82.29
82.30
82.24
82.34
82.35
82.30
82.24
82.20
82.19
82.17
82.15
82.09
82.10
82.09
82.05
82.07
82.01
82.06
82.07
82.00
82.02
82.04
82.08
82.13
82.20
82.16
82.20
82.17
82.15
82.17
82.23
82.20
82.20
82.14
82.10
82.12
82.09
82.10
82.07
82.11
82.17
82.19
82.18
82.17
82.16
82.11
82.08
82.05
82.06
82.10
82.12
82.16
82.14
82.19
82.19
82.21
82.21
82.23
82.28
82.28
82.30
82.28
82.31
82.36
82.40
82.40
82.44
82.47
82.41
82.38
82.37
82.34
82.33
82.30
82.29
82.28
82.28
82.26
82.22
82.18
82.17
82.11
82.11
82.11
82.12
82.09
82.15
82.13
82.18
82.17
82.14
82.05
82.08
82.12
82.14
82.15
82.15
82.11
82.08
82.12
82.13
82.12
82.09
82.06
82.05
82.05
82.05
82.05
82.07
82.09
82.05
82.05
82.09
82.08
82.08
82.04
82.05
82.05
82.04
82.01
82.03
82.03
82.04
82.09
82.12
82.12
82.10
82.10
82.10
82.09
82.08
82.07
82.03
82.02
82.02
81.98
81.99
82.01
82.01
82.06
82.03
82.00
82.00
81.99
82.02
82.02
82.02
82.06
82.05
82.06
82.07
82.02
82.04
82.06
82.06
82.08
82.09
82.07
82.05
82.02
82.03
82.03
82.00
82.01
82.02
82.03
82.04
82.03
82.08
82.08
82.08
82.10
82.09
82.09
82.10
82.08
82.08
82.07
82.06
82.06
82.07
82.07
82.09
82.09
82.09
82.08
82.07
82.06
82.07
82.06
82.07
82.06
82.07
82.05
82.07
82.05
82.04
82.05
82.06
82.06
82.06
82.08
82.09
82.08
82.08
82.07
82.07
82.06
82.07
82.07
82.09
82.08
82.09
82.09
82.09
82.07
82.08
82.08
82.09
82.11
82.13
82.14
82.15
82.15
82.14
82.13
82.15
82.10
82.09
82.07
82.07
82.07
82.09
82.08
82.04
82.03
82.00
82.00
82.02
82.02
82.02
82.00
82.02
82.02
82.03
82.05
82.05
82.01
82.01
81.98
82.00
82.01
82.01
82.00
81.98
81.97
82.00
82.00
81.98
81.98
81.98
81.99
81.99
81.98
82.00
81.98
81.97
81.98
81.97
81.97
81.96
81.96
81.95
81.93
81.93
81.91
81.92
81.91
81.90
81.91
81.90
81.89
81.89
81.89
81.88
81.87
81.87
81.86
81.88
81.91
81.91
81.89
81.90
81.89
81.90
81.90
81.92
81.92
81.89
81.91
81.92
81.94
81.93
81.94
81.93
81.94
81.93
81.94
81.94
81.94
81.95
81.96
81.97
81.97
81.96
81.97
81.97
81.98
81.97
81.96
81.96
81.95
81.95
81.94
81.95
81.93
81.93
81.93
81.92
81.91
81.92
81.92
81.91
81.91
81.89
81.89
81.86
81.87
81.88
81.89
81.89
81.89
81.90
81.90
81.89
81.90
81.89
81.89
81.87
81.87
81.87
81.87
81.87
81.90
81.89
81.89
81.88
81.89
81.87
81.86
81.87
81.87
81.88
81.89
81.87
81.87
81.85
81.85
81.86
81.86
81.85
81.87
81.86
81.86
81.87
81.85
81.85
81.86
81.85
81.85
81.85
81.86
81.86
81.87
81.86
81.86
81.87
81.87
81.86
81.86
81.84
81.85
81.84
81.84
81.86
81.85
81.86
81.84
81.85
81.87
81.86
81.86
81.85
81.85
81.84
81.83
81.83
81.83
81.83
81.84
81.85
81.86
81.87
81.87
81.86
81.86
81.87
81.87
81.88
81.88
81.89
81.89
81.88
81.88
81.88
81.88
81.87
81.88
81.87
81.88
81.87
81.88
81.87
81.87
81.88
81.87
81.89
81.89
81.89
81.90
81.89
81.89
81.88
81.88
81.88
81.89
81.89
81.90
81.90
81.90
81.88
81.89
81.90
81.90
81.90
81.89
81.88
81.90
81.93
81.90
81.90
81.90
81.90
81.90
81.90
81.91
81.91
81.91
81.89
81.89
81.89
81.90
81.89
81.89
81.88
81.89
81.88
81.89
81.88
81.89
81.90
81.91
81.90
81.91
81.90
81.89
81.90
81.90
81.91
81.92
81.93
81.93
81.93
81.94
81.94
81.93
81.94
81.93
81.93
81.94
81.94
81.94
81.95
81.96
81.96
81.97
81.96
81.95
81.94
81.95
81.94
81.94
81.94
81.94
81.95
81.95
81.94
81.94
81.93
81.93
81.93
81.94
81.94
81.94
81.93
81.95
81.95
81.97
81.97
81.97
81.95
81.95
81.96
81.96
81.95
81.95
81.95
81.95
81.95
81.94
81.93
81.93
81.92
81.92
81.91
81.90
81.90
81.91
81.92
81.92
81.92
81.92
81.93
81.93
81.94
81.95
81.95
81.95
81.94
81.94
81.93
81.94
81.94
81.95
81.95
81.94
81.95
81.94
81.94
81.94
81.95
81.96
81.96
81.96
81.97
81.97
81.97
81.98
81.98
81.97
81.97
81.99
81.98
81.98
81.96
81.95
81.96
81.97
81.97
81.97
81.96
81.97
81.97
81.98
81.98
81.99
81.98
81.97
81.97
81.98
81.98
81.98
81.99
81.99
81.99
81.99
81.99
81.97
81.97
81.97
81.97
81.96
81.96
81.97
81.98
81.98
81.99
81.99
82.00
82.01
82.01
82.00
82.00
82.00
82.00
81.99
82.00
82.00
82.00
82.00
81.99
81.99
81.99
82.00
82.00
82.00
81.99
81.98
81.99
81.99
82.00
81.99
81.99
81.99
81.99
81.98
81.99
82.00
81.99
82.00
82.00
81.99
81.98
81.97
81.97
81.97
81.98
81.97
81.98
81.98
81.98
81.97
81.98
81.97
81.97
81.97
81.97
81.98
81.97
81.98
81.99
81.99
82.00
81.99
81.99
81.99
81.99
81.99
81.98
81.99
81.98
81.98
81.98
81.98
81.99
81.99
81.99
81.99
81.99
81.91
