85.94
82.81
82.81
82.03
80.94
80.99
81.47
82.03
81.42
81.41
81.68
81.77
81.61
81.36
81.25
81.64
81.99
81.86
82.24
82.27
82.37
82.17
82.13
81.97
82.00
81.97
82.00
82.09
82.00
81.98
82.21
82.18
81.87
81.89
81.74
81.68
81.80
81.70
81.65
81.80
81.94
81.92
81.94
82.03
82.19
82.13
82.05
82.13
82.05
82.16
82.20
82.27
82.28
82.26
82.30
82.45
82.51
82.49
82.55
82.53
82.63
82.66
82.64
82.71
82.84
82.81
82.77
82.84
82.86
82.92
83.03
82.92
82.90
83.00
82.92
83.02
83.00
82.97
82.97
82.83
82.83
82.76
82.77
82.83
82.79
82.78
82.74
82.67
82.64
82.66
82.66
82.69
82.75
82.80
82.75
82.73
82.73
82.75
82.75
82.80
82.80
82.71
82.69
82.72
82.74
82.71
82.72
82.71
82.68
82.71
82.73
82.73
82.77
82.73
82.69
82.66
82.67
82.73
82.76
82.71
82.71
82.67
82.67
82.74
82.74
82.69
82.71
82.71
82.70
82.73
82.75
82.75
82.72
82.64
82.62
82.61
82.62
82.65
82.61
82.62
82.66
82.66
82.68
82.75
82.70
82.67
82.73
82.76
82.77
82.75
82.70
82.73
82.72
82.69
82.68
82.65
82.66
82.69
82.68
82.73
82.76
82.76
82.78
82.80
82.82
82.79
82.78
82.82
82.80
82.78
82.74
82.78
82.79
82.79
82.71
82.63
82.64
82.65
82.66
82.68
82.65
82.63
82.67
82.64
82.62
82.59
82.59
82.63
82.63
82.64
82.62
82.63
82.62
82.59
82.55
82.55
82.55
82.56
82.58
82.59
82.58
82.60
82.54
82.53
82.51
82.50
82.50
82.51
82.51
82.51
82.52
82.50
82.51
82.51
82.46
82.48
82.49
82.50
82.50
82.45
82.49
82.51
82.53
82.52
82.50
82.53
82.50
82.50
82.55
82.56
82.55
82.56
82.52
82.51
82.47
82.47
82.51
82.47
82.47
82.47
82.49
82.47
82.48
82.47
82.47
82.48
82.46
82.45
82.45
82.46
82.48
82.48
82.47
82.46
82.46
82.42
82.42
82.43
82.43
82.44
82.43
82.42
82.42
82.41
82.42
82.41
82.43
82.42
82.42
82.41
82.41
82.38
82.40
82.44
82.47
82.45
82.43
82.42
82.40
82.40
82.39
82.40
82.41
82.41
82.41
82.38
82.39
82.38
82.37
82.37
82.33
82.36
82.36
82.36
82.37
82.36
82.33
82.35
82.35
82.34
82.36
82.38
82.38
82.39
82.38
82.39
82.40
82.40
82.40
82.38
82.40
82.38
82.35
82.34
82.35
82.35
82.36
82.34
82.32
82.33
82.33
82.34
82.33
82.32
82.31
82.33
82.34
82.32
82.33
82.33
82.32
82.30
82.30
82.30
82.30
82.29
82.31
82.31
82.33
82.35
82.37
82.36
82.35
82.34
82.34
82.33
82.34
82.33
82.34
82.35
82.36
82.36
82.37
82.36
82.36
82.36
82.36
82.37
82.37
82.36
82.37
82.39
82.39
82.40
82.41
82.44
82.43
82.43
82.40
82.40
82.39
82.40
82.39
82.38
82.37
82.36
82.37
82.37
82.37
82.36
82.36
82.37
82.38
82.40
82.37
82.38
82.38
82.37
82.36
82.35
82.34
82.36
82.34
82.34
82.35
82.34
82.34
82.35
82.36
82.34
82.34
82.34
82.34
82.34
82.33
82.31
82.30
82.28
82.29
82.28
82.30
82.30
82.30
82.30
82.29
82.28
82.27
82.25
82.23
82.24
82.24
82.22
82.22
82.23
82.23
82.23
82.23
82.22
82.21
82.19
82.18
82.19
82.20
82.19
82.18
82.20
82.20
82.18
82.19
82.18
82.19
82.19
82.20
82.21
82.22
82.19
82.18
82.20
82.18
82.18
82.19
82.19
82.19
82.20
82.22
82.22
82.22
82.21
82.20
82.19
82.18
82.17
82.16
82.16
82.16
82.16
82.16
82.16
82.15
82.16
82.15
82.15
82.16
82.16
82.15
82.15
82.15
82.15
82.14
82.12
82.11
82.12
82.12
82.12
82.13
82.11
82.12
82.10
82.11
82.11
82.12
82.11
82.11
82.09
82.09
82.08
82.07
82.07
82.08
82.07
82.08
82.09
82.08
82.08
82.07
82.06
82.09
82.10
82.09
82.09
82.12
82.11
82.10
82.09
82.09
82.09
82.10
82.09
82.09
82.09
82.07
82.08
82.08
82.08
82.07
82.08
82.09
82.09
82.08
82.06
82.07
82.05
82.05
82.04
82.02
82.01
81.99
81.99
81.98
81.97
81.97
81.96
81.97
81.98
81.98
81.99
81.99
81.98
81.97
81.97
81.97
81.98
81.98
81.98
81.97
81.98
81.98
81.98
81.97
81.96
81.95
81.95
81.94
81.94
81.95
81.95
81.97
81.96
81.96
81.96
81.96
81.96
81.96
81.94
81.95
81.95
81.95
81.95
81.97
81.96
81.96
81.96
81.97
81.97
81.97
81.95
81.96
81.94
81.93
81.93
81.92
81.93
81.91
81.93
81.93
81.94
81.94
81.93
81.95
81.95
81.95
81.96
81.96
81.96
81.97
81.96
81.96
81.97
81.97
81.97
81.98
81.98
81.97
81.98
81.97
81.98
81.98
81.98
81.97
81.98
81.98
81.98
81.99
81.98
81.99
82.01
82.01
82.00
82.01
82.02
82.03
82.03
82.03
82.04
82.04
82.05
82.04
82.04
82.04
82.05
82.04
82.05
82.04
82.05
82.05
82.06
82.06
82.07
82.06
82.06
82.07
82.07
82.08
82.08
82.09
82.08
82.08
82.08
82.08
82.08
82.08
82.07
82.06
82.07
82.07
82.06
82.04
82.03
82.04
82.04
82.04
82.05
82.06
82.04
82.05
82.05
82.05
82.05
82.04
82.03
82.03
82.02
82.03
82.02
82.03
82.03
82.03
82.03
82.03
82.04
82.05
82.04
82.05
82.05
82.05
82.04
82.04
82.04
82.05
82.04
82.04
82.04
82.05
82.04
82.05
82.05
82.05
82.05
82.05
82.06
82.06
82.06
82.06
82.05
82.07
82.07
82.07
82.08
82.07
82.07
82.07
82.07
82.08
82.08
82.06
82.06
82.06
82.07
82.06
82.04
82.05
82.05
82.05
82.05
82.06
82.06
82.06
82.05
82.04
82.05
82.05
82.04
82.04
82.03
82.02
82.01
82.01
82.00
82.00
82.00
82.00
82.00
81.99
81.99
81.99
81.99
82.00
81.99
82.00
81.99
82.00
81.98
81.99
81.99
81.99
81.98
81.97
81.97
81.97
81.98
81.99
81.98
81.98
81.98
81.98
81.97
81.97
81.98
81.97
81.97
81.97
81.90
