89.06
83.59
81.77
82.03
80.94
80.47
81.03
81.25
81.42
81.56
82.24
82.81
82.93
83.04
83.12
83.01
83.00
82.81
82.73
82.89
82.59
82.81
83.15
83.20
83.44
83.65
83.62
83.26
83.08
82.97
82.51
82.57
82.43
82.44
82.72
82.86
82.81
83.06
82.81
82.89
82.89
82.66
82.92
82.85
82.74
82.68
82.68
82.55
82.53
82.53
82.69
82.81
82.72
82.78
82.64
82.65
82.51
82.46
82.52
82.50
82.38
82.31
82.22
82.28
82.16
82.20
82.14
82.19
82.20
82.17
82.06
82.01
82.13
82.24
82.27
82.36
82.45
82.25
82.28
82.11
81.98
81.97
82.00
82.03
82.04
81.99
81.95
82.01
81.97
82.01
81.99
81.98
81.92
81.88
81.97
81.93
81.78
81.78
81.71
81.62
81.61
81.66
81.71
81.76
81.74
81.78
81.80
81.87
81.90
81.95
82.01
82.00
81.96
81.89
81.86
81.82
81.81
81.83
81.88
81.88
81.77
81.67
81.62
81.72
81.70
81.67
81.58
81.57
81.58
81.59
81.54
81.63
81.60
81.63
81.68
81.64
81.66
81.68
81.72
81.71
81.69
81.65
81.61
81.67
81.67
81.72
81.73
81.71
81.68
81.74
81.77
81.74
81.79
81.79
81.78
81.80
81.77
81.78
81.80
81.84
81.81
81.80
81.83
81.78
81.86
81.85
81.81
81.85
81.88
81.87
81.85
81.89
81.92
81.96
81.98
81.97
81.97
81.97
81.90
81.92
81.90
81.95
81.98
81.97
81.96
81.98
81.94
81.91
81.94
81.97
81.99
82.03
82.01
82.00
82.02
82.02
82.03
82.00
82.05
82.00
82.00
81.95
81.93
81.92
81.92
81.87
81.85
81.82
81.82
81.85
81.83
81.82
81.86
81.89
81.86
81.81
81.83
81.81
81.78
81.78
81.82
81.81
81.82
81.85
81.84
81.86
81.90
81.91
81.91
81.90
81.93
81.92
81.92
81.92
81.93
81.94
81.94
81.93
81.92
81.91
81.89
81.90
81.92
81.97
81.96
81.97
81.98
81.97
81.98
81.96
81.95
81.95
81.97
81.96
81.95
81.97
81.94
81.91
81.90
81.92
81.90
81.89
81.87
81.88
81.89
81.87
81.87
81.89
81.87
81.86
81.86
81.88
81.87
81.87
81.89
81.91
81.91
81.87
81.87
81.85
81.84
81.85
81.84
81.83
81.84
81.85
81.87
81.90
81.87
81.85
81.86
81.85
81.86
81.86
81.85
81.81
81.81
81.84
81.82
81.82
81.81
81.80
81.83
81.85
81.84
81.85
81.82
81.81
81.81
81.80
81.80
81.81
81.79
81.81
81.83
81.83
81.83
81.84
81.85
81.85
81.84
81.85
81.86
81.88
81.88
81.89
81.90
81.90
81.90
81.91
81.92
81.92
81.91
81.89
81.88
81.91
81.91
81.91
81.93
81.94
81.91
81.93
81.97
81.96
81.97
81.98
81.98
82.02
82.02
82.01
82.01
82.00
82.01
82.01
82.02
82.06
82.06
82.08
82.07
82.07
82.06
82.07
82.04
82.05
82.04
82.06
82.03
82.02
82.04
82.03
82.04
82.03
82.02
82.01
82.02
82.03
82.03
82.02
82.01
82.01
82.01
82.01
81.99
81.99
81.99
81.98
81.99
81.99
81.98
81.97
81.96
81.96
81.96
81.98
81.97
81.96
81.95
81.94
81.94
81.94
81.95
81.95
81.96
81.97
81.95
81.95
81.95
81.95
81.95
81.96
81.97
81.99
81.98
82.00
82.01
82.01
82.01
81.99
82.01
82.01
81.98
81.97
81.97
81.97
81.97
81.98
81.98
81.98
82.00
82.00
82.01
82.00
81.98
81.96
81.95
81.93
81.91
81.92
81.92
81.92
81.91
81.91
81.91
81.90
81.90
81.90
81.91
81.91
81.90
81.89
81.89
81.89
81.90
81.91
81.91
81.93
81.94
81.95
81.92
81.92
81.92
81.91
81.92
81.94
81.95
81.94
81.94
81.93
81.93
81.94
81.93
81.94
81.92
81.94
81.94
81.95
81.94
81.94
81.96
81.95
81.96
81.97
81.97
81.98
81.99
81.98
81.98
81.96
81.95
81.96
81.96
81.95
81.95
81.96
81.97
81.97
81.97
81.98
81.98
81.98
81.96
81.95
81.95
81.97
81.95
81.98
81.97
81.97
81.99
81.98
81.98
81.99
82.01
82.01
81.99
81.99
81.99
82.00
82.01
82.02
82.03
82.03
82.03
82.03
82.02
82.03
82.02
82.02
82.02
82.04
82.04
82.05
82.04
82.05
82.06
82.07
82.07
82.05
82.06
82.05
82.05
82.04
82.04
82.05
82.03
82.04
82.01
82.01
82.01
82.02
82.02
82.02
82.03
82.01
82.01
82.02
82.01
82.02
82.04
82.03
82.03
82.02
82.03
82.03
82.04
82.03
82.03
82.03
82.03
82.02
82.03
82.02
82.02
82.00
82.01
82.01
82.01
82.00
82.01
82.00
82.00
82.00
82.00
82.00
82.00
81.98
81.98
82.00
82.00
81.99
81.98
81.98
81.99
81.99
81.99
81.99
81.99
81.98
81.99
81.99
81.98
81.97
81.97
81.95
81.94
81.95
81.95
81.94
81.94
81.94
81.94
81.95
81.96
81.97
81.97
81.97
81.95
81.95
81.95
81.95
81.94
81.95
81.96
81.96
81.96
81.96
81.96
81.95
81.95
81.96
81.97
81.98
81.98
81.97
81.98
81.97
81.97
81.97
81.95
81.94
81.94
81.95
81.95
81.95
81.93
81.92
81.93
81.92
81.93
81.94
81.94
81.94
81.95
81.96
81.96
81.96
81.96
81.96
81.96
81.96
81.96
81.96
81.95
81.95
81.94
81.94
81.94
81.94
81.94
81.94
81.94
81.94
81.94
81.94
81.95
81.95
81.95
81.97
81.98
81.98
81.98
81.98
81.99
82.00
82.01
82.02
82.02
82.01
81.99
81.99
82.00
82.02
82.01
82.01
82.01
82.00
82.00
82.00
82.00
81.99
81.99
81.98
81.99
81.97
81.96
81.95
81.96
81.96
81.96
81.94
81.94
81.93
81.93
81.93
81.93
81.93
81.93
81.94
81.94
81.93
81.92
81.92
81.92
81.91
81.89
81.88
81.88
81.88
81.88
81.88
81.90
81.90
81.90
81.91
81.91
81.90
81.92
81.90
81.91
81.92
81.92
81.92
81.93
81.93
81.93
81.92
81.93
81.93
81.93
81.91
81.91
81.91
81.91
81.90
81.91
81.92
81.92
81.93
81.92
81.91
81.90
81.91
81.91
81.90
81.91
81.91
81.91
81.90
81.90
81.90
81.90
81.90
81.90
81.89
81.89
81.90
81.89
81.90
81.89
81.89
81.89
81.81
