82.81
83.59
80.21
82.03
81.56
80.21
79.91
79.49
78.82
79.84
79.83
80.21
80.41
81.03
80.73
80.96
80.70
80.90
81.00
81.09
81.03
80.89
80.71
80.86
80.56
80.95
81.08
81.31
81.47
81.41
81.35
81.25
80.97
80.88
80.76
80.86
80.83
80.96
81.25
81.29
81.52
81.40
81.36
81.46
81.49
81.62
81.72
81.74
81.82
81.84
81.83
81.76
81.84
81.77
81.79
81.98
81.99
82.00
81.97
81.95
82.10
82.13
82.19
82.08
82.09
82.10
82.00
82.01
82.02
82.01
82.11
82.07
82.11
82.12
82.17
82.11
82.12
82.19
82.30
82.29
82.25
82.30
82.17
82.16
82.17
82.16
82.17
82.08
82.13
82.12
82.13
82.17
82.16
82.13
82.06
82.10
82.17
82.13
82.13
82.09
82.10
82.11
82.16
82.15
82.13
82.09
82.13
82.13
82.12
82.14
82.12
82.02
81.96
81.92
81.86
81.76
81.84
81.85
81.83
81.86
81.87
81.86
81.90
81.88
81.80
81.77
81.72
81.75
81.72
81.68
81.64
81.62
81.63
81.66
81.68
81.68
81.67
81.66
81.67
81.67
81.67
81.66
81.70
81.72
81.71
81.76
81.76
81.68
81.71
81.72
81.72
81.71
81.71
81.75
81.72
81.77
81.81
81.83
81.87
81.90
81.92
81.90
81.91
81.90
81.88
81.91
81.86
81.83
81.87
81.85
81.83
81.83
81.84
81.83
81.83
81.83
81.86
81.85
81.89
81.92
81.86
81.90
81.88
81.80
81.82
81.82
81.87
81.84
81.82
81.82
81.78
81.80
81.82
81.81
81.83
81.84
81.84
81.83
81.84
81.84
81.86
81.88
81.88
81.89
81.88
81.89
81.88
81.86
81.83
81.78
81.78
81.74
81.73
81.71
81.74
81.73
81.74
81.74
81.76
81.76
81.80
81.79
81.78
81.78
81.74
81.75
81.72
81.73
81.73
81.76
81.72
81.68
81.71
81.70
81.70
81.70
81.69
81.65
81.69
81.65
81.66
81.67
81.67
81.68
81.66
81.64
81.61
81.60
81.63
81.62
81.59
81.57
81.58
81.59
81.58
81.58
81.55
81.57
81.58
81.57
81.54
81.55
81.53
81.55
81.57
81.61
81.61
81.65
81.66
81.67
81.69
81.67
81.70
81.63
81.61
81.60
81.60
81.61
81.60
81.60
81.56
81.58
81.56
81.57
81.59
81.60
81.59
81.61
81.60
81.61
81.60
81.61
81.61
81.61
81.63
81.64
81.61
81.62
81.63
81.65
81.65
81.67
81.68
81.68
81.68
81.69
81.68
81.68
81.68
81.69
81.68
81.67
81.68
81.70
81.71
81.70
81.68
81.70
81.72
81.73
81.73
81.76
81.77
81.78
81.79
81.81
81.81
81.80
81.80
81.79
81.76
81.77
81.78
81.78
81.81
81.80
81.80
81.78
81.79
81.78
81.78
81.81
81.82
81.81
81.79
81.78
81.79
81.78
81.81
81.80
81.81
81.79
81.80
81.78
81.77
81.79
81.78
81.77
81.76
81.75
81.76
81.78
81.79
81.80
81.79
81.78
81.80
81.80
81.80
81.79
81.78
81.79
81.80
81.81
81.79
81.79
81.81
81.80
81.79
81.79
81.80
81.82
81.83
81.85
81.86
81.87
81.87
81.86
81.86
81.86
81.86
81.87
81.88
81.87
81.90
81.89
81.88
81.88
81.89
81.87
81.89
81.90
81.89
81.88
81.88
81.88
81.88
81.86
81.87
81.87
81.86
81.88
81.89
81.88
81.88
81.88
81.87
81.89
81.90
81.89
81.91
81.93
81.93
81.94
81.92
81.93
81.94
81.94
81.92
81.93
81.94
81.94
81.94
81.94
81.93
81.92
81.94
81.93
81.93
81.96
81.96
81.96
81.97
81.95
81.97
81.96
81.97
81.98
81.98
81.98
81.96
81.97
81.96
81.96
81.97
81.98
81.99
81.98
81.98
81.98
81.97
81.98
81.96
81.94
81.95
81.96
81.97
81.96
81.97
81.96
81.96
81.96
81.96
81.97
81.98
81.98
81.99
82.00
82.01
82.00
81.99
82.00
81.99
81.98
81.98
81.99
81.98
81.99
81.99
81.98
81.96
81.96
81.96
81.95
81.95
81.96
81.96
81.96
81.98
81.94
81.94
81.92
81.91
81.93
81.93
81.94
81.96
81.96
81.98
81.97
81.97
81.97
81.97
81.97
81.97
81.97
81.97
81.97
81.96
81.97
81.98
81.96
81.97
81.97
81.99
81.98
81.98
81.98
81.99
81.98
81.98
81.99
81.97
81.97
81.98
81.98
81.99
81.99
82.00
82.00
82.00
82.01
82.01
82.00
82.00
82.01
82.02
82.01
82.00
82.01
82.01
82.01
82.00
81.98
81.99
82.00
82.00
82.01
82.00
82.00
81.98
81.96
81.95
81.95
81.96
81.95
81.94
81.95
81.94
81.95
81.93
81.92
81.92
81.93
81.94
81.94
81.94
81.95
81.95
81.96
81.98
81.98
81.98
81.99
82.00
82.00
82.00
82.00
82.00
82.00
82.00
82.00
82.00
82.01
82.01
82.01
81.99
81.99
81.99
81.99
82.00
81.98
81.99
81.98
81.99
81.97
81.97
81.95
81.95
81.96
81.95
81.95
81.94
81.94
81.94
81.95
81.95
81.95
81.95
81.96
81.95
81.94
81.94
81.94
81.94
81.94
81.93
81.93
81.92
81.91
81.92
81.91
81.92
81.92
81.92
81.92
81.92
81.92
81.91
81.92
81.92
81.92
81.93
81.93
81.93
81.93
81.92
81.93
81.93
81.94
81.92
81.93
81.94
81.93
81.93
81.94
81.94
81.95
81.96
81.97
81.97
81.97
81.97
81.97
81.96
81.97
81.96
81.98
81.98
81.97
81.97
81.97
81.99
81.99
81.99
82.00
81.99
81.99
81.98
81.98
81.99
81.97
81.98
81.97
81.96
81.97
81.95
81.93
81.93
81.95
81.94
81.94
81.94
81.95
81.96
81.97
81.96
81.97
81.97
81.96
81.96
81.96
81.96
81.96
81.96
81.96
81.97
81.97
81.96
81.97
81.97
81.96
81.95
81.96
81.96
81.95
81.95
81.95
81.95
81.96
81.96
81.96
81.96
81.96
81.96
81.96
81.96
81.95
81.95
81.97
81.97
81.96
81.95
81.95
81.94
81.94
81.94
81.93
81.93
81.92
81.92
81.92
81.93
81.92
81.92
81.93
81.94
81.96
81.95
81.94
81.94
81.94
81.94
81.93
81.94
81.93
81.92
81.93
81.93
81.93
81.95
81.94
81.94
81.93
81.93
81.94
81.94
81.96
81.95
81.95
81.96
81.96
81.95
81.95
81.94
81.94
81.95
81.95
81.95
81.95
81.95
81.87
