79.69
80.47
80.21
81.64
81.88
80.47
81.25
82.03
82.47
82.81
82.24
82.55
82.69
82.48
82.19
82.32
82.35
82.20
82.32
82.66
82.81
82.81
82.54
82.88
83.00
83.05
83.10
82.76
82.92
82.81
82.66
82.91
82.81
82.67
82.72
82.55
82.47
82.61
82.61
82.73
82.74
82.55
82.81
82.88
83.02
82.91
82.81
82.78
82.84
82.62
82.54
82.60
82.43
82.38
82.27
82.14
82.24
82.33
82.36
82.32
82.27
82.28
82.24
82.25
82.33
82.20
82.07
82.08
82.09
82.03
82.02
82.07
82.04
81.97
82.02
81.99
82.06
82.05
82.22
82.34
82.48
82.47
82.49
82.50
82.48
82.47
82.42
82.49
82.51
82.59
82.64
82.66
82.66
82.61
82.63
82.57
82.57
82.53
82.54
82.52
82.44
82.35
82.33
82.30
82.31
82.30
82.24
82.18
82.21
82.23
82.28
82.28
82.25
82.24
82.13
82.11
82.06
82.03
82.06
82.03
82.04
82.04
82.06
82.02
82.08
82.13
82.12
82.14
82.16
82.09
82.08
82.08
82.07
82.08
82.09
82.02
81.98
81.95
81.94
81.93
81.86
81.83
81.79
81.81
81.81
81.81
81.80
81.78
81.80
81.78
81.76
81.75
81.69
81.74
81.74
81.75
81.75
81.75
81.77
81.76
81.74
81.74
81.71
81.61
81.61
81.64
81.61
81.67
81.71
81.70
81.71
81.68
81.67
81.67
81.71
81.76
81.80
81.82
81.78
81.74
81.78
81.80
81.78
81.76
81.75
81.77
81.78
81.82
81.78
81.83
81.82
81.86
81.86
81.91
81.90
81.92
81.92
81.93
81.97
81.96
81.97
81.98
81.99
81.99
81.98
81.97
81.99
81.96
81.98
81.97
81.98
81.99
82.00
81.99
82.01
82.02
82.03
82.05
82.02
82.00
81.98
81.97
81.99
81.98
81.97
81.96
81.93
81.91
81.91
81.91
81.89
81.91
81.91
81.92
81.95
81.96
81.95
81.93
81.95
81.96
81.96
81.96
81.93
81.90
81.93
81.94
81.94
81.90
81.89
81.88
81.88
81.83
81.82
81.81
81.83
81.81
81.82
81.80
81.82
81.83
81.84
81.83
81.84
81.84
81.85
81.85
81.87
81.86
81.86
81.87
81.86
81.88
81.90
81.88
81.84
81.82
81.81
81.79
81.81
81.81
81.84
81.80
81.81
81.83
81.81
81.81
81.79
81.80
81.80
81.77
81.78
81.75
81.78
81.78
81.78
81.80
81.82
81.82
81.82
81.80
81.77
81.79
81.80
81.82
81.85
81.87
81.86
81.83
81.86
81.84
81.84
81.83
81.82
81.83
81.85
81.83
81.86
81.86
81.84
81.83
81.85
81.82
81.85
81.84
81.83
81.85
81.87
81.88
81.88
81.88
81.86
81.86
81.86
81.85
81.84
81.85
81.87
81.84
81.83
81.85
81.86
81.86
81.87
81.88
81.88
81.90
81.89
81.87
81.85
81.84
81.85
81.86
81.83
81.82
81.84
81.85
81.85
81.87
81.90
81.91
81.94
81.91
81.90
81.90
81.90
81.89
81.89
81.88
81.86
81.86
81.86
81.86
81.87
81.85
81.86
81.88
81.88
81.87
81.86
81.85
81.85
81.84
81.86
81.87
81.88
81.87
81.86
81.86
81.86
81.86
81.87
81.87
81.88
81.87
81.85
81.83
81.83
81.85
81.86
81.87
81.89
81.88
81.89
81.88
81.87
81.87
81.87
81.86
81.85
81.88
81.89
81.89
81.90
81.92
81.93
81.91
81.91
81.90
81.91
81.92
81.91
81.91
81.91
81.92
81.92
81.93
81.95
81.96
81.96
81.96
81.97
81.96
81.96
81.92
81.93
81.93
81.94
81.95
81.93
81.96
81.96
81.95
81.95
81.95
81.93
81.94
81.95
81.94
81.95
81.94
81.93
81.93
81.96
81.97
81.97
81.98
81.98
82.00
82.01
82.01
82.03
82.02
82.01
82.01
82.01
81.99
81.99
82.00
82.01
81.99
82.00
81.99
81.99
82.00
81.97
81.99
81.98
81.98
81.98
81.98
81.96
81.97
81.96
81.97
81.97
81.98
81.98
82.00
81.98
81.99
82.01
82.01
82.02
82.03
82.02
82.02
82.00
81.99
81.99
81.99
81.98
81.98
81.97
81.96
81.96
81.95
81.95
81.95
81.94
81.94
81.94
81.95
81.95
81.93
81.94
81.94
81.95
81.96
81.97
81.96
81.96
81.97
81.96
81.97
81.97
81.97
81.98
81.98
81.99
81.97
81.99
82.00
81.98
81.99
81.99
81.98
81.99
81.98
81.99
81.98
81.98
81.99
81.99
81.99
82.00
82.01
82.03
82.02
82.00
82.00
82.00
82.00
82.02
82.01
81.99
82.01
82.02
82.03
82.03
82.03
82.04
82.03
82.04
82.04
82.04
82.03
82.02
82.00
82.00
82.00
82.00
82.00
82.01
82.01
82.01
82.01
82.00
82.00
81.99
81.99
82.00
81.99
81.98
81.98
81.98
81.99
81.99
81.98
81.97
81.98
81.96
81.96
81.96
81.95
81.95
81.95
81.95
81.94
81.93
81.93
81.93
81.92
81.92
81.93
81.93
81.94
81.93
81.92
81.92
81.92
81.92
81.93
81.93
81.92
81.91
81.92
81.93
81.95
81.94
81.94
81.95
81.97
81.96
81.96
81.96
81.96
81.96
81.97
81.97
81.96
81.97
81.97
81.96
81.96
81.98
81.98
81.98
81.99
82.00
82.01
82.02
82.03
82.03
82.03
82.02
82.02
82.02
82.01
82.01
82.01
82.00
82.00
82.00
82.00
82.01
82.01
82.01
82.01
82.00
82.01
82.00
82.00
82.00
82.00
82.00
82.00
82.01
82.00
82.01
82.01
82.02
82.02
82.02
82.02
82.03
82.02
82.02
82.02
82.03
82.03
82.03
82.03
82.04
82.04
82.04
82.04
82.05
82.05
82.05
82.05
82.05
82.05
82.05
82.06
82.06
82.05
82.05
82.05
82.05
82.04
82.04
82.04
82.04
82.04
82.03
82.03
82.03
82.02
82.01
82.02
82.01
82.02
82.02
82.02
82.01
82.02
82.01
82.01
82.01
82.02
82.02
82.02
82.03
82.02
82.02
82.02
82.02
82.02
82.02
82.02
82.03
82.03
82.02
82.02
82.02
82.02
82.02
82.02
82.02
82.02
82.01
82.00
82.00
82.01
82.01
82.00
82.01
82.01
82.02
82.01
82.02
82.01
82.03
82.02
82.01
82.02
82.01
82.00
82.00
82.00
82.01
82.00
82.00
82.00
81.99
81.98
81.99
81.97
81.97
81.96
81.97
81.97
81.97
