82.81
82.03
83.33
81.64
81.56
80.99
80.58
81.45
80.90
80.47
80.11
79.95
80.17
79.91
79.17
79.59
79.96
80.47
80.51
80.62
80.43
80.61
80.64
80.60
80.44
80.53
80.67
80.80
80.98
80.57
80.34
80.22
80.49
80.51
80.27
80.08
80.36
80.26
80.25
80.27
80.45
80.54
80.41
80.50
80.59
80.60
80.68
80.83
80.80
80.94
81.00
81.04
81.07
81.02
81.08
80.97
80.92
81.03
81.12
81.12
81.17
81.15
81.25
81.30
81.30
81.39
81.39
81.34
81.32
81.29
81.36
81.29
81.21
81.19
81.17
81.19
81.23
81.35
81.31
81.27
81.29
81.31
81.25
81.29
81.29
81.34
81.41
81.45
81.43
81.49
81.47
81.47
81.45
81.50
81.45
81.49
81.52
81.52
81.57
81.64
81.64
81.68
81.69
81.72
81.67
81.68
81.69
81.71
81.69
81.75
81.67
81.72
81.71
81.74
81.73
81.69
81.68
81.67
81.66
81.60
81.66
81.67
81.63
81.72
81.66
81.70
81.66
81.63
81.64
81.63
81.63
81.57
81.59
81.67
81.66
81.64
81.68
81.65
81.70
81.66
81.69
81.69
81.68
81.63
81.64
81.62
81.61
81.67
81.70
81.74
81.68
81.66
81.66
81.68
81.73
81.74
81.77
81.75
81.74
81.72
81.67
81.68
81.74
81.73
81.71
81.69
81.68
81.70
81.68
81.74
81.74
81.74
81.76
81.73
81.71
81.72
81.74
81.78
81.78
81.82
81.85
81.88
81.88
81.90
81.89
81.84
81.84
81.78
81.77
81.81
81.81
81.80
81.78
81.79
81.80
81.80
81.77
81.76
81.77
81.77
81.82
81.80
81.78
81.78
81.78
81.78
81.78
81.77
81.77
81.81
81.82
81.82
81.84
81.86
81.86
81.86
81.81
81.82
81.81
81.82
81.82
81.81
81.78
81.81
81.83
81.82
81.82
81.81
81.80
81.82
81.87
81.84
81.82
81.81
81.80
81.79
81.80
81.81
81.80
81.83
81.81
81.82
81.79
81.78
81.78
81.76
81.76
81.73
81.75
81.76
81.77
81.75
81.75
81.75
81.74
81.73
81.71
81.71
81.74
81.74
81.75
81.73
81.77
81.78
81.81
81.80
81.76
81.76
81.74
81.74
81.74
81.76
81.74
81.73
81.71
81.70
81.72
81.71
81.73
81.71
81.72
81.70
81.71
81.73
81.73
81.71
81.71
81.71
81.73
81.75
81.76
81.76
81.76
81.75
81.74
81.73
81.76
81.76
81.77
81.79
81.82
81.82
81.82
81.81
81.80
81.80
81.79
81.81
81.79
81.78
81.78
81.78
81.78
81.79
81.81
81.82
81.82
81.83
81.84
81.85
81.84
81.85
81.84
81.88
81.90
81.90
81.91
81.91
81.90
81.90
81.92
81.93
81.92
81.94
81.91
81.91
81.93
81.92
81.92
81.92
81.90
81.88
81.89
81.91
81.91
81.91
81.90
81.89
81.89
81.89
81.87
81.86
81.87
81.87
81.86
81.85
81.84
81.83
81.83
81.83
81.83
81.85
81.86
81.86
81.88
81.90
81.90
81.90
81.89
81.91
81.94
81.93
81.91
81.92
81.91
81.90
81.91
81.91
81.93
81.91
81.91
81.89
81.86
81.86
81.82
81.80
81.81
81.80
81.82
81.83
81.85
81.85
81.86
81.85
81.85
81.83
81.82
81.84
81.86
81.85
81.86
81.87
81.87
81.90
81.88
81.88
81.88
81.85
81.85
81.86
81.86
81.85
81.83
81.83
81.82
81.81
81.80
81.78
81.81
81.82
81.81
81.81
81.80
81.78
81.78
81.78
81.78
81.78
81.79
81.76
81.75
81.75
81.74
81.75
81.76
81.74
81.75
81.75
81.74
81.76
81.75
81.77
81.75
81.76
81.77
81.78
81.77
81.78
81.78
81.78
81.79
81.80
81.80
81.80
81.81
81.81
81.81
81.81
81.81
81.79
81.78
81.76
81.78
81.80
81.82
81.80
81.80
81.79
81.80
81.81
81.80
81.80
81.81
81.81
81.81
81.82
81.82
81.81
81.81
81.80
81.80
81.80
81.81
81.83
81.83
81.82
81.82
81.82
81.82
81.83
81.84
81.84
81.85
81.83
81.82
81.81
81.80
81.80
81.80
81.79
81.80
81.79
81.79
81.79
81.79
81.79
81.77
81.77
81.77
81.78
81.79
81.80
81.79
81.79
81.80
81.80
81.80
81.80
81.79
81.81
81.81
81.81
81.83
81.84
81.84
81.81
81.81
81.82
81.83
81.83
81.84
81.83
81.84
81.84
81.85
81.86
81.86
81.84
81.84
81.84
81.86
81.84
81.83
81.84
81.84
81.85
81.86
81.86
81.85
81.86
81.84
81.84
81.84
81.83
81.82
81.81
81.81
81.80
81.80
81.81
81.83
81.82
81.81
81.81
81.83
81.82
81.83
81.85
81.84
81.85
81.84
81.84
81.84
81.84
81.84
81.84
81.85
81.84
81.83
81.84
81.85
81.85
81.85
81.85
81.86
81.85
81.85
81.85
81.85
81.85
81.86
81.87
81.87
81.86
81.87
81.86
81.86
81.85
81.85
81.84
81.85
81.85
81.84
81.85
81.86
81.86
81.86
81.87
81.87
81.87
81.86
81.83
81.82
81.83
81.82
81.83
81.84
81.84
81.86
81.86
81.86
81.86
81.86
81.85
81.86
81.86
81.86
81.85
81.86
81.86
81.84
81.83
81.83
81.84
81.83
81.82
81.84
81.84
81.83
81.83
81.83
81.84
81.85
81.84
81.85
81.85
81.85
81.86
81.85
81.86
81.87
81.86
81.86
81.86
81.86
81.85
81.84
81.83
81.83
81.83
81.84
81.85
81.85
81.85
81.83
81.82
81.83
81.83
81.83
81.82
81.83
81.83
81.83
81.83
81.83
81.84
81.86
81.85
81.87
81.86
81.86
81.87
81.88
81.88
81.87
81.88
81.88
81.88
81.87
81.87
81.87
81.87
81.86
81.86
81.85
81.85
81.85
81.86
81.86
81.85
81.85
81.85
81.85
81.84
81.84
81.85
81.84
81.85
81.85
81.86
81.86
81.86
81.84
81.84
81.84
81.85
81.86
81.85
81.86
81.86
81.86
81.85
81.84
81.85
81.85
81.85
81.85
81.85
81.85
81.83
81.83
81.83
81.83
81.81
81.81
81.80
81.81
81.80
81.80
81.80
81.81
81.80
81.81
81.80
81.81
81.81
81.80
81.80
81.80
81.80
81.80
81.80
81.81
81.81
81.80
81.80
81.80
81.80
81.79
81.80
81.80
81.80
81.79
81.78
81.79
81.79
81.79
81.79
81.80
81.80
81.79
81.79
81.78
81.79
81.79
81.79
81.79
81.80
81.81
81.81
81.82
81.74
