79.69
81.25
81.25
80.47
80.00
81.25
80.36
81.45
81.94
82.50
82.39
82.03
81.73
81.03
81.46
81.74
81.71
81.94
81.83
81.88
81.99
82.17
82.40
82.75
82.62
82.69
82.75
82.70
82.92
82.71
82.41
82.67
82.58
82.49
82.50
82.42
82.35
81.95
81.93
81.88
81.90
81.88
81.61
81.57
81.56
81.62
81.65
81.77
81.76
81.84
81.83
81.94
81.99
82.12
82.10
82.06
82.07
82.03
82.02
82.16
82.17
82.16
82.17
82.28
82.21
82.24
82.25
82.15
82.09
82.03
82.11
82.25
82.32
82.37
82.38
82.38
82.28
82.23
82.32
82.27
82.29
82.36
82.32
82.31
82.26
82.38
82.29
82.30
82.36
82.34
82.35
82.32
82.26
82.28
82.29
82.29
82.28
82.27
82.24
82.30
82.32
82.31
82.31
82.24
82.22
82.13
82.10
82.03
82.07
82.19
82.24
82.30
82.33
82.32
82.23
82.26
82.20
82.22
82.21
82.20
82.18
82.26
82.34
82.30
82.32
82.30
82.25
82.24
82.28
82.28
82.29
82.29
82.34
82.32
82.34
82.32
82.36
82.36
82.33
82.38
82.41
82.37
82.41
82.44
82.40
82.40
82.39
82.40
82.38
82.35
82.34
82.34
82.30
82.28
82.27
82.27
82.28
82.17
82.13
82.14
82.15
82.19
82.18
82.18
82.16
82.16
82.12
82.08
82.13
82.19
82.17
82.16
82.14
82.14
82.19
82.22
82.19
82.16
82.15
82.20
82.22
82.16
82.11
82.11
82.09
82.12
82.09
82.10
82.08
82.10
82.12
82.10
82.06
82.06
82.03
81.99
82.00
82.03
82.05
82.02
82.03
82.02
82.02
82.02
81.98
81.99
82.01
82.02
82.04
82.05
82.02
82.00
81.98
81.96
81.93
81.97
81.98
82.00
82.01
82.02
82.02
82.03
82.03
82.06
82.05
82.08
82.10
82.11
82.10
82.09
82.07
82.05
82.07
82.09
82.12
82.08
82.07
82.08
82.06
82.08
82.06
82.07
82.06
82.09
82.10
82.09
82.09
82.13
82.13
82.14
82.15
82.12
82.13
82.14
82.12
82.12
82.11
82.12
82.09
82.09
82.08
82.07
82.12
82.08
82.08
82.08
82.10
82.10
82.07
82.10
82.10
82.10
82.09
82.10
82.13
82.11
82.13
82.14
82.13
82.15
82.18
82.18
82.17
82.18
82.18
82.14
82.14
82.15
82.14
82.12
82.15
82.15
82.16
82.18
82.18
82.19
82.20
82.18
82.16
82.16
82.17
82.17
82.14
82.14
82.15
82.10
82.11
82.10
82.12
82.09
82.08
82.07
82.08
82.08
82.04
82.06
82.07
82.07
82.05
82.04
82.04
82.04
82.04
82.06
82.05
82.04
82.03
82.00
82.01
82.00
82.01
82.00
82.00
82.03
82.03
82.02
82.02
82.01
82.02
82.02
82.02
82.00
81.99
81.98
81.98
81.99
81.97
81.98
81.98
81.97
81.94
81.96
81.94
81.95
81.95
81.96
81.99
82.00
82.01
81.99
81.99
81.98
81.97
81.96
81.97
81.95
81.96
81.98
81.98
81.98
82.01
82.00
82.01
82.01
82.00
82.00
82.00
81.99
82.01
81.99
82.00
82.01
82.01
82.01
82.01
82.02
82.03
82.03
82.04
82.04
82.02
82.02
82.01
82.00
82.01
82.01
81.97
81.97
81.97
81.99
82.00
82.00
82.01
81.98
81.98
82.00
81.99
82.00
82.02
82.04
82.03
82.00
82.01
82.00
82.01
82.02
82.01
82.00
81.98
81.99
82.01
82.01
82.01
82.01
82.00
81.96
81.97
81.99
82.00
82.02
82.01
82.02
82.03
82.01
82.01
82.01
82.02
82.01
82.00
82.00
81.97
81.98
81.99
82.00
82.00
82.00
82.01
82.02
82.03
82.03
82.03
82.02
82.03
82.05
82.06
82.07
82.08
82.07
82.08
82.08
82.07
82.07
82.08
82.10
82.09
82.09
82.09
82.10
82.11
82.10
82.11
82.12
82.12
82.13
82.14
82.14
82.14
82.12
82.12
82.11
82.11
82.11
82.10
82.09
82.08
82.09
82.09
82.07
82.07
82.04
82.03
82.03
82.05
82.04
82.04
82.03
82.04
82.04
82.04
82.05
82.05
82.05
82.05
82.04
82.05
82.05
82.05
82.07
82.06
82.05
82.04
82.04
82.04
82.05
82.05
82.04
82.04
82.04
82.04
82.03
82.04
82.05
82.05
82.04
82.04
82.06
82.05
82.05
82.04
82.04
82.03
82.03
82.03
82.03
82.04
82.04
82.05
82.04
82.04
82.04
82.04
82.04
82.04
82.05
82.04
82.04
82.03
82.03
82.03
82.03
82.04
82.03
82.04
82.04
82.03
82.05
82.06
82.07
82.07
82.07
82.08
82.09
82.10
82.11
82.11
82.11
82.11
82.09
82.10
82.11
82.10
82.09
82.10
82.11
82.11
82.11
82.11
82.09
82.11
82.12
82.12
82.12
82.13
82.12
82.13
82.12
82.13
82.13
82.13
82.13
82.14
82.14
82.15
82.14
82.13
82.14
82.13
82.13
82.13
82.13
82.14
82.14
82.13
82.12
82.13
82.13
82.11
82.11
82.11
82.11
82.10
82.11
82.11
82.11
82.11
82.10
82.10
82.09
82.10
82.10
82.12
82.10
82.11
82.10
82.10
82.10
82.10
82.10
82.10
82.10
82.09
82.08
82.07
82.07
82.08
82.08
82.08
82.08
82.08
82.10
82.10
82.10
82.11
82.11
82.11
82.09
82.08
82.09
82.09
82.08
82.08
82.09
82.08
82.08
82.09
82.10
82.09
82.10
82.10
82.10
82.08
82.09
82.10
82.10
82.10
82.10
82.10
82.09
82.09
82.09
82.10
82.10
82.10
82.08
82.09
82.09
82.09
82.10
82.10
82.10
82.10
82.09
82.09
82.08
82.08
82.07
82.08
82.07
82.07
82.07
82.07
82.07
82.07
82.06
82.07
82.08
82.08
82.09
82.09
82.09
82.09
82.09
82.08
82.09
82.09
82.09
82.08
82.07
82.06
82.06
82.06
82.06
82.05
82.06
82.07
82.06
82.06
82.07
82.07
82.06
82.05
82.06
82.05
82.06
82.06
82.05
82.05
82.05
82.05
82.04
82.04
82.05
82.05
82.04
82.04
82.03
82.02
82.02
82.03
82.03
82.03
82.04
82.04
82.03
82.04
82.04
82.04
82.02
82.02
82.02
82.01
82.03
82.02
82.02
82.03
82.02
82.02
82.02
82.02
82.02
82.01
82.01
82.00
81.99
81.99
81.99
81.99
82.00
82.00
82.00
82.00
81.99
82.00
81.98
81.99
81.99
81.99
81.99
81.99
81.99
81.99
81.91
