75.00
77.34
81.77
83.20
82.81
81.51
80.58
81.45
80.56
81.25
81.96
80.86
80.65
81.03
81.56
81.74
81.53
81.60
81.50
81.56
81.70
81.75
82.00
81.90
81.56
81.61
81.83
81.92
81.73
81.72
81.80
81.64
81.68
81.66
81.74
81.68
81.59
81.70
81.65
81.60
81.63
81.58
81.54
81.53
81.42
81.35
81.28
81.12
81.22
81.06
81.07
81.04
81.10
80.90
80.74
80.78
80.89
80.95
80.96
80.99
80.94
80.92
81.08
81.18
81.18
81.25
81.30
81.23
81.25
81.23
81.23
81.14
81.19
81.19
81.21
81.27
81.39
81.51
81.39
81.37
81.33
81.23
81.34
81.36
81.31
81.29
81.36
81.37
81.29
81.34
81.37
81.40
81.43
81.30
81.30
81.17
81.14
81.03
81.03
81.02
81.00
81.00
81.02
80.98
81.03
81.01
81.03
81.08
81.01
80.97
81.00
81.00
81.00
81.07
81.07
81.05
81.06
81.10
81.14
81.13
81.15
81.13
81.10
81.12
81.09
81.15
81.14
81.13
81.14
81.13
81.14
81.16
81.16
81.15
81.15
81.15
81.16
81.10
81.13
81.08
81.08
81.10
81.06
81.05
81.07
81.18
81.10
81.11
81.12
81.08
81.01
81.08
81.12
81.19
81.16
81.13
81.12
81.11
81.12
81.18
81.23
81.19
81.21
81.26
81.25
81.22
81.25
81.26
81.29
81.31
81.36
81.39
81.30
81.33
81.30
81.25
81.23
81.26
81.26
81.24
81.22
81.22
81.20
81.22
81.25
81.26
81.23
81.25
81.22
81.23
81.23
81.24
81.18
81.20
81.20
81.18
81.15
81.16
81.12
81.12
81.08
81.09
81.10
81.07
81.06
81.05
81.06
81.02
81.04
81.02
81.02
81.01
81.02
81.02
80.97
80.95
80.95
80.95
80.98
80.97
80.95
80.98
81.01
81.02
81.01
81.00
81.00
81.02
81.06
81.06
81.09
81.10
81.09
81.12
81.12
81.16
81.20
81.21
81.18
81.20
81.20
81.20
81.19
81.20
81.22
81.22
81.20
81.19
81.17
81.16
81.18
81.14
81.11
81.09
81.08
81.07
81.05
81.07
81.10
81.08
81.09
81.10
81.14
81.16
81.14
81.11
81.12
81.13
81.13
81.11
81.11
81.12
81.13
81.12
81.13
81.11
81.13
81.18
81.20
81.19
81.21
81.20
81.18
81.16
81.17
81.20
81.20
81.19
81.17
81.18
81.17
81.16
81.16
81.18
81.21
81.22
81.19
81.18
81.18
81.20
81.21
81.23
81.22
81.23
81.24
81.29
81.27
81.26
81.27
81.28
81.26
81.27
81.26
81.28
81.27
81.30
81.30
81.32
81.35
81.35
81.38
81.36
81.36
81.37
81.36
81.36
81.35
81.35
81.37
81.38
81.38
81.40
81.38
81.40
81.41
81.42
81.45
81.44
81.43
81.42
81.41
81.43
81.42
81.43
81.42
81.41
81.42
81.43
81.42
81.44
81.43
81.45
81.43
81.44
81.43
81.43
81.40
81.43
81.41
81.41
81.41
81.41
81.41
81.41
81.40
81.39
81.39
81.37
81.36
81.37
81.35
81.36
81.38
81.39
81.39
81.35
81.35
81.36
81.35
81.36
81.36
81.36
81.37
81.36
81.35
81.36
81.35
81.34
81.35
81.36
81.38
81.38
81.36
81.37
81.36
81.34
81.36
81.38
81.38
81.40
81.39
81.38
81.40
81.41
81.42
81.41
81.40
81.40
81.40
81.39
81.40
81.40
81.38
81.39
81.39
81.40
81.41
81.41
81.41
81.40
81.41
81.41
81.40
81.42
81.42
81.42
81.43
81.41
81.39
81.40
81.38
81.38
81.39
81.40
81.41
81.40
81.40
81.41
81.41
81.37
81.37
81.38
81.40
81.41
81.40
81.42
81.42
81.45
81.44
81.46
81.45
81.44
81.43
81.44
81.45
81.45
81.46
81.46
81.46
81.46
81.47
81.49
81.49
81.50
81.49
81.48
81.49
81.50
81.48
81.49
81.49
81.49
81.48
81.49
81.50
81.52
81.52
81.54
81.53
81.54
81.54
81.54
81.54
81.55
81.55
81.54
81.55
81.54
81.55
81.55
81.55
81.53
81.54
81.55
81.55
81.56
81.56
81.56
81.58
81.58
81.58
81.59
81.57
81.58
81.57
81.58
81.58
81.59
81.59
81.60
81.59
81.59
81.58
81.58
81.58
81.59
81.61
81.61
81.61
81.62
81.63
81.62
81.62
81.61
81.61
81.62
81.64
81.61
81.61
81.59
81.60
81.59
81.59
81.60
81.60
81.61
81.61
81.61
81.61
81.59
81.59
81.60
81.61
81.61
81.63
81.63
81.63
81.63
81.63
81.62
81.62
81.62
81.64
81.63
81.64
81.66
81.65
81.66
81.67
81.68
81.66
81.66
81.67
81.67
81.66
81.67
81.67
81.67
81.66
81.65
81.65
81.65
81.64
81.63
81.64
81.65
81.65
81.67
81.67
81.68
81.68
81.68
81.68
81.69
81.68
81.67
81.68
81.68
81.68
81.67
81.68
81.68
81.68
81.68
81.69
81.68
81.68
81.69
81.68
81.68
81.69
81.68
81.69
81.69
81.68
81.67
81.67
81.66
81.67
81.68
81.69
81.69
81.70
81.71
81.69
81.70
81.70
81.69
81.69
81.69
81.69
81.69
81.70
81.70
81.70
81.69
81.70
81.71
81.72
81.72
81.72
81.71
81.71
81.72
81.73
81.73
81.73
81.73
81.72
81.71
81.71
81.72
81.70
81.70
81.70
81.70
81.69
81.70
81.69
81.69
81.69
81.68
81.68
81.68
81.69
81.69
81.68
81.68
81.70
81.69
81.69
81.69
81.68
81.69
81.69
81.69
81.69
81.69
81.69
81.69
81.69
81.69
81.68
81.68
81.68
81.68
81.68
81.68
81.68
81.66
81.67
81.67
81.68
81.67
81.66
81.66
81.65
81.64
81.63
81.64
81.63
81.64
81.65
81.65
81.66
81.66
81.66
81.66
81.66
81.65
81.62
81.62
81.62
81.62
81.62
81.62
81.62
81.63
81.62
81.63
81.63
81.62
81.62
81.60
81.61
81.62
81.61
81.62
81.63
81.62
81.62
81.61
81.60
81.60
81.59
81.60
81.62
81.62
81.62
81.62
81.63
81.62
81.62
81.61
81.62
81.61
81.61
81.62
81.62
81.60
81.61
81.61
81.61
81.61
81.62
81.61
81.61
81.61
81.62
81.61
81.60
81.60
81.61
81.60
81.60
81.60
81.60
81.60
81.61
81.61
81.62
81.62
81.62
81.62
81.63
81.63
81.62
81.63
81.64
81.64
81.64
81.63
81.65
81.65
81.65
81.65
81.65
81.65
81.65
81.65
81.64
81.57
