89.06
89.84
84.38
84.77
85.62
84.90
84.60
83.98
84.55
84.53
83.81
83.46
82.57
82.70
83.23
83.11
82.90
82.81
82.48
82.50
82.66
82.81
82.88
82.94
82.69
82.63
82.47
82.42
82.44
82.19
82.31
82.37
82.34
82.22
82.10
82.20
82.01
81.74
81.81
81.88
81.90
81.85
81.87
81.78
81.91
81.86
81.82
81.67
81.54
81.50
81.43
81.37
81.40
81.45
81.51
81.39
81.39
81.33
81.38
81.46
81.45
81.48
81.55
81.71
81.73
81.65
81.65
81.69
81.63
81.54
81.56
81.66
81.66
81.67
81.65
81.70
81.78
81.83
81.69
81.68
81.75
81.82
81.85
81.83
81.73
81.78
81.81
81.84
81.88
81.94
81.94
81.96
82.06
82.11
82.19
82.18
82.14
82.13
82.05
82.00
81.95
81.94
81.98
81.96
82.01
82.09
82.11
82.12
82.08
82.05
82.11
82.14
82.19
82.22
82.20
82.17
82.17
82.16
82.18
82.16
82.17
82.21
82.22
82.25
82.26
82.24
82.23
82.18
82.19
82.19
82.14
82.13
82.08
82.16
82.21
82.20
82.21
82.22
82.25
82.19
82.13
82.12
82.07
81.99
82.00
82.03
82.04
82.00
82.01
82.01
81.96
82.00
82.01
81.94
81.95
81.91
81.96
81.98
81.95
81.96
81.97
81.95
81.93
81.94
81.92
81.91
81.95
81.91
81.94
81.94
81.94
81.89
81.86
81.87
81.87
81.84
81.83
81.82
81.82
81.83
81.86
81.88
81.84
81.83
81.88
81.90
81.92
81.95
81.94
81.96
81.97
81.93
81.94
81.96
81.96
81.95
81.97
81.97
81.99
81.98
82.01
82.05
82.02
82.02
82.03
81.99
81.96
81.98
81.95
81.91
81.92
81.93
81.92
81.89
81.90
81.91
81.91
81.92
81.91
81.90
81.90
81.90
81.90
81.86
81.88
81.88
81.88
81.91
81.92
81.89
81.88
81.85
81.84
81.85
81.85
81.84
81.79
81.79
81.81
81.82
81.82
81.82
81.84
81.82
81.84
81.87
81.88
81.87
81.84
81.84
81.82
81.81
81.84
81.83
81.85
81.84
81.84
81.84
81.85
81.82
81.78
81.80
81.80
81.78
81.76
81.80
81.82
81.83
81.82
81.83
81.83
81.85
81.85
81.81
81.80
81.82
81.84
81.82
81.85
81.85
81.87
81.85
81.91
81.90
81.92
81.91
81.90
81.90
81.90
81.92
81.93
81.92
81.93
81.93
81.96
81.97
81.97
81.98
81.99
81.98
82.01
82.00
82.02
82.02
82.02
82.02
82.00
82.02
82.02
82.04
82.05
82.05
82.05
82.05
82.05
82.07
82.10
82.08
82.10
82.08
82.08
82.09
82.07
82.08
82.08
82.09
82.08
82.09
82.09
82.11
82.10
82.09
82.09
82.08
82.10
82.08
82.08
82.10
82.10
82.11
82.11
82.10
82.11
82.11
82.11
82.12
82.11
82.12
82.15
82.14
82.11
82.11
82.11
82.12
82.13
82.13
82.13
82.12
82.12
82.13
82.12
82.11
82.09
82.07
82.10
82.08
82.08
82.07
82.09
82.07
82.07
82.06
82.06
82.05
82.05
82.06
82.07
82.07
82.06
82.08
82.07
82.08
82.08
82.08
82.11
82.10
82.11
82.12
82.13
82.14
82.13
82.15
82.14
82.11
82.12
82.10
82.10
82.10
82.09
82.10
82.11
82.10
82.10
82.10
82.12
82.12
82.13
82.13
82.14
82.15
82.14
82.15
82.15
82.16
82.15
82.15
82.15
82.14
82.15
82.16
82.16
82.18
82.17
82.17
82.17
82.16
82.15
82.17
82.16
82.19
82.20
82.20
82.22
82.21
82.20
82.20
82.20
82.20
82.21
82.21
82.22
82.22
82.23
82.22
82.22
82.23
82.23
82.22
82.22
82.24
82.25
82.26
82.27
82.27
82.25
82.24
82.23
82.23
82.22
82.22
82.21
82.22
82.22
82.22
82.22
82.21
82.21
82.21
82.21
82.23
82.23
82.21
82.21
82.23
82.22
82.23
82.24
82.22
82.21
82.22
82.22
82.24
82.23
82.22
82.22
82.22
82.23
82.22
82.21
82.21
82.21
82.20
82.20
82.19
82.17
82.17
82.17
82.17
82.15
82.15
82.13
82.14
82.14
82.15
82.17
82.16
82.15
82.15
82.13
82.13
82.14
82.14
82.13
82.13
82.12
82.13
82.13
82.12
82.13
82.13
82.13
82.13
82.13
82.11
82.10
82.11
82.12
82.11
82.11
82.12
82.12
82.12
82.11
82.11
82.08
82.08
82.08
82.08
82.07
82.07
82.06
82.06
82.06
82.08
82.06
82.06
82.07
82.08
82.09
82.09
82.08
82.08
82.08
82.07
82.08
82.08
82.07
82.08
82.07
82.07
82.07
82.06
82.06
82.07
82.07
82.07
82.07
82.08
82.09
82.09
82.09
82.08
82.07
82.06
82.05
82.04
82.05
82.04
82.04
82.04
82.04
82.04
82.04
82.03
82.04
82.04
82.04
82.04
82.05
82.04
82.04
82.03
82.04
82.03
82.01
82.01
82.02
82.03
82.04
82.04
82.05
82.05
82.06
82.05
82.05
82.04
82.04
82.04
82.03
82.02
82.02
82.02
82.02
82.03
82.03
82.04
82.04
82.02
82.02
82.02
82.03
82.03
82.03
82.04
82.04
82.02
82.02
82.03
82.03
82.02
82.03
82.02
82.03
82.02
82.02
82.02
82.02
82.01
82.02
82.02
82.01
82.01
82.02
82.02
82.01
82.00
81.99
81.99
81.99
81.98
81.97
81.96
81.95
81.94
81.94
81.93
81.93
81.92
81.92
81.91
81.92
81.92
81.91
81.92
81.92
81.92
81.92
81.91
81.92
81.92
81.93
81.92
81.91
81.90
81.90
81.89
81.89
81.88
81.88
81.88
81.88
81.88
81.90
81.89
81.88
81.89
81.89
81.89
81.90
81.91
81.91
81.90
81.91
81.92
81.92
81.91
81.91
81.91
81.91
81.92
81.92
81.92
81.92
81.93
81.94
81.94
81.95
81.95
81.94
81.94
81.93
81.94
81.92
81.92
81.93
81.93
81.93
81.93
81.93
81.92
81.93
81.93
81.94
81.94
81.95
81.95
81.94
81.94
81.94
81.95
81.95
81.95
81.94
81.95
81.95
81.95
81.95
81.95
81.95
81.95
81.95
81.94
81.93
81.94
81.94
81.95
81.96
81.96
81.97
81.97
81.97
81.98
81.99
81.98
81.98
81.98
81.98
81.98
81.98
81.98
81.97
81.97
81.97
81.97
81.97
81.96
81.97
81.96
81.96
81.96
81.97
81.98
81.97
81.97
81.98
81.97
81.98
81.99
81.98
81.99
81.98
81.90
