70.31
77.34
77.08
78.91
80.00
80.73
81.25
81.84
82.47
82.19
82.24
82.03
81.85
81.70
80.94
81.35
81.89
82.03
81.91
81.88
82.07
82.32
82.27
82.16
82.25
82.45
82.18
82.03
82.00
81.82
81.85
81.79
81.72
81.71
81.52
81.55
81.55
81.37
81.53
81.56
81.40
81.51
81.50
81.68
81.56
81.49
81.52
81.45
81.60
81.53
81.46
81.55
81.54
81.57
81.56
81.58
81.44
81.33
81.38
81.43
81.38
81.40
81.30
81.18
81.25
81.27
81.30
81.14
81.16
81.14
81.03
80.99
81.01
81.08
81.19
81.29
81.33
81.29
81.39
81.29
81.27
81.33
81.27
81.29
81.34
81.25
81.30
81.23
81.23
81.23
81.23
81.11
81.07
81.05
81.02
80.92
80.94
80.92
80.84
80.91
80.96
80.96
81.01
80.98
80.98
81.04
81.02
80.98
80.96
80.98
81.04
80.97
80.90
80.96
80.92
80.95
80.96
80.92
80.97
80.96
80.93
80.90
80.91
80.91
80.93
80.94
80.99
81.03
81.04
81.02
81.02
80.98
80.96
80.92
80.88
80.80
80.84
80.85
80.87
80.87
80.92
80.82
80.82
80.84
80.87
80.93
80.94
80.91
80.94
80.89
80.86
80.86
80.87
80.87
80.91
80.96
80.97
80.96
80.98
81.04
81.03
81.02
81.04
81.05
81.03
81.03
81.03
81.04
81.09
81.08
81.08
81.10
81.08
81.09
81.06
81.07
81.09
81.06
81.13
81.15
81.14
81.14
81.17
81.17
81.17
81.15
81.15
81.18
81.21
81.23
81.24
81.24
81.25
81.21
81.23
81.23
81.20
81.17
81.19
81.18
81.16
81.14
81.17
81.14
81.18
81.17
81.20
81.18
81.19
81.23
81.25
81.25
81.22
81.21
81.22
81.21
81.21
81.19
81.21
81.23
81.24
81.26
81.24
81.26
81.28
81.24
81.28
81.29
81.28
81.28
81.28
81.30
81.28
81.26
81.27
81.27
81.26
81.29
81.27
81.27
81.24
81.26
81.27
81.31
81.28
81.31
81.33
81.33
81.30
81.29
81.29
81.31
81.33
81.31
81.31
81.32
81.36
81.37
81.36
81.36
81.34
81.30
81.29
81.27
81.30
81.30
81.29
81.28
81.27
81.27
81.29
81.31
81.30
81.33
81.34
81.34
81.36
81.35
81.37
81.37
81.36
81.34
81.35
81.35
81.34
81.35
81.34
81.35
81.35
81.37
81.36
81.35
81.36
81.35
81.31
81.32
81.32
81.29
81.27
81.28
81.30
81.31
81.31
81.33
81.35
81.37
81.37
81.38
81.38
81.36
81.37
81.38
81.38
81.38
81.38
81.38
81.38
81.38
81.36
81.35
81.34
81.35
81.36
81.37
81.36
81.36
81.32
81.32
81.35
81.33
81.31
81.32
81.32
81.32
81.30
81.32
81.32
81.30
81.31
81.30
81.27
81.29
81.28
81.30
81.30
81.29
81.31
81.26
81.27
81.29
81.29
81.29
81.28
81.26
81.26
81.25
81.23
81.22
81.19
81.18
81.19
81.21
81.22
81.18
81.19
81.19
81.18
81.18
81.16
81.17
81.17
81.17
81.18
81.16
81.14
81.17
81.16
81.13
81.13
81.12
81.14
81.15
81.15
81.15
81.16
81.17
81.17
81.19
81.20
81.19
81.21
81.23
81.24
81.25
81.25
81.27
81.28
81.28
81.27
81.28
81.28
81.29
81.31
81.32
81.31
81.31
81.30
81.31
81.31
81.30
81.31
81.31
81.31
81.31
81.30
81.29
81.30
81.31
81.31
81.31
81.31
81.30
81.29
81.28
81.25
81.26
81.26
81.27
81.28
81.27
81.26
81.26
81.26
81.28
81.30
81.30
81.30
81.30
81.30
81.29
81.27
81.29
81.27
81.26
81.25
81.26
81.25
81.26
81.26
81.27
81.28
81.28
81.27
81.28
81.28
81.29
81.28
81.29
81.31
81.32
81.31
81.31
81.31
81.32
81.32
81.33
81.33
81.32
81.32
81.33
81.34
81.34
81.35
81.35
81.34
81.35
81.34
81.33
81.32
81.32
81.31
81.32
81.33
81.33
81.35
81.36
81.34
81.34
81.36
81.36
81.37
81.36
81.37
81.38
81.36
81.35
81.35
81.35
81.36
81.34
81.34
81.33
81.33
81.34
81.34
81.34
81.33
81.34
81.34
81.34
81.32
81.31
81.30
81.31
81.32
81.33
81.34
81.34
81.34
81.33
81.33
81.33
81.35
81.36
81.37
81.37
81.38
81.39
81.40
81.40
81.40
81.41
81.40
81.39
81.39
81.39
81.40
81.39
81.40
81.40
81.40
81.40
81.40
81.41
81.40
81.40
81.39
81.39
81.40
81.39
81.39
81.39
81.39
81.41
81.42
81.43
81.42
81.41
81.40
81.40
81.39
81.39
81.39
81.38
81.39
81.39
81.39
81.41
81.41
81.41
81.40
81.39
81.39
81.39
81.39
81.40
81.40
81.39
81.39
81.41
81.43
81.42
81.42
81.41
81.42
81.42
81.42
81.42
81.41
81.41
81.41
81.40
81.40
81.39
81.40
81.39
81.38
81.37
81.36
81.36
81.36
81.37
81.37
81.38
81.39
81.39
81.38
81.39
81.39
81.40
81.41
81.41
81.42
81.41
81.40
81.41
81.40
81.40
81.40
81.40
81.41
81.40
81.41
81.41
81.42
81.43
81.44
81.46
81.46
81.47
81.47
81.47
81.47
81.48
81.49
81.49
81.49
81.50
81.48
81.48
81.49
81.50
81.49
81.48
81.47
81.47
81.48
81.49
81.50
81.49
81.50
81.50
81.50
81.50
81.50
81.50
81.50
81.51
81.51
81.52
81.51
81.51
81.52
81.53
81.54
81.53
81.54
81.54
81.54
81.54
81.54
81.54
81.54
81.54
81.54
81.55
81.56
81.57
81.57
81.58
81.59
81.60
81.60
81.59
81.61
81.60
81.61
81.62
81.62
81.62
81.62
81.62
81.63
81.62
81.63
81.62
81.62
81.62
81.62
81.61
81.62
81.62
81.61
81.61
81.61
81.61
81.60
81.61
81.60
81.59
81.59
81.59
81.58
81.59
81.59
81.59
81.59
81.60
81.59
81.60
81.60
81.60
81.60
81.61
81.62
81.63
81.63
81.63
81.64
81.64
81.65
81.66
81.66
81.67
81.66
81.67
81.67
81.67
81.67
81.66
81.66
81.66
81.66
81.66
81.64
81.64
81.64
81.65
81.65
81.65
81.65
81.65
81.65
81.64
81.64
81.65
81.65
81.65
81.63
81.63
81.62
81.63
81.62
81.62
81.62
81.62
81.63
81.62
81.63
81.63
81.63
81.64
81.65
81.64
81.64
81.63
81.64
81.64
81.64
81.64
81.63
81.55
