79.69
80.47
82.29
82.81
81.56
80.73
80.58
81.25
81.25
81.56
81.39
81.12
80.77
80.36
81.15
81.54
81.53
81.16
81.09
81.09
81.32
80.82
80.91
81.25
81.19
80.95
81.19
80.75
80.87
80.89
80.90
81.10
81.34
81.30
81.29
81.21
81.17
81.13
81.29
81.05
81.29
81.18
81.18
81.39
81.39
81.52
81.45
81.35
81.41
81.47
81.34
81.25
81.25
81.19
81.36
81.22
81.33
81.30
81.28
81.15
80.97
80.85
80.83
80.88
80.79
80.75
80.81
80.77
80.66
80.80
80.72
80.64
80.74
80.74
80.71
80.74
80.72
80.83
80.83
80.84
80.90
80.91
80.91
80.92
80.96
80.94
80.94
81.00
80.93
80.99
81.03
81.01
80.95
80.97
80.97
80.92
80.94
81.01
81.01
81.06
81.05
81.04
81.07
81.04
81.09
81.15
81.22
81.18
81.14
81.09
81.14
81.15
81.14
81.15
81.14
81.20
81.21
81.17
81.20
81.22
81.22
81.19
81.21
81.19
81.26
81.19
81.21
81.24
81.23
81.23
81.19
81.21
81.23
81.26
81.33
81.32
81.38
81.36
81.41
81.41
81.42
81.48
81.45
81.45
81.45
81.30
81.31
81.36
81.35
81.30
81.33
81.37
81.39
81.46
81.42
81.42
81.40
81.44
81.41
81.39
81.42
81.46
81.46
81.46
81.46
81.49
81.44
81.47
81.49
81.44
81.43
81.41
81.43
81.42
81.45
81.44
81.43
81.45
81.45
81.46
81.41
81.39
81.38
81.42
81.42
81.37
81.38
81.38
81.40
81.37
81.42
81.43
81.44
81.48
81.47
81.48
81.46
81.50
81.54
81.52
81.47
81.47
81.44
81.43
81.42
81.43
81.42
81.42
81.44
81.44
81.39
81.38
81.37
81.39
81.39
81.41
81.41
81.44
81.46
81.44
81.48
81.47
81.45
81.45
81.44
81.43
81.42
81.47
81.48
81.44
81.41
81.38
81.38
81.34
81.34
81.29
81.30
81.32
81.33
81.35
81.37
81.37
81.35
81.35
81.40
81.36
81.40
81.38
81.38
81.41
81.42
81.44
81.42
81.42
81.43
81.46
81.46
81.47
81.47
81.51
81.49
81.51
81.50
81.50
81.49
81.50
81.54
81.57
81.55
81.58
81.57
81.59
81.60
81.59
81.58
81.60
81.59
81.61
81.59
81.60
81.64
81.63
81.65
81.64
81.63
81.63
81.64
81.65
81.66
81.66
81.66
81.67
81.70
81.71
81.68
81.69
81.71
81.72
81.73
81.73
81.72
81.75
81.76
81.76
81.78
81.80
81.79
81.79
81.79
81.80
81.82
81.82
81.83
81.81
81.83
81.82
81.82
81.78
81.77
81.78
81.80
81.82
81.83
81.83
81.82
81.83
81.85
81.84
81.84
81.84
81.83
81.83
81.84
81.86
81.84
81.84
81.83
81.82
81.83
81.86
81.86
81.89
81.89
81.87
81.85
81.87
81.86
81.87
81.87
81.88
81.88
81.89
81.89
81.91
81.90
81.91
81.92
81.90
81.90
81.93
81.93
81.94
81.96
81.97
81.96
81.98
81.98
81.98
81.97
81.97
81.96
81.96
81.97
81.96
81.96
81.97
81.97
81.98
81.95
81.96
81.96
81.98
81.98
81.97
81.97
81.96
81.96
81.93
81.93
81.93
81.93
81.92
81.91
81.93
81.95
81.93
81.94
81.94
81.91
81.91
81.92
81.92
81.91
81.91
81.93
81.93
81.93
81.91
81.91
81.91
81.90
81.90
81.90
81.90
81.89
81.89
81.90
81.90
81.88
81.89
81.90
81.92
81.94
81.94
81.96
81.95
81.96
81.95
81.96
81.96
81.97
81.97
81.96
81.96
81.95
81.95
81.97
81.96
81.96
81.95
81.96
81.96
81.96
81.97
81.97
81.96
81.97
81.96
81.97
81.99
81.99
82.02
82.03
82.03
82.04
82.04
82.03
82.03
82.04
82.04
82.04
82.05
82.05
82.04
82.05
82.05
82.05
82.05
82.05
82.05
82.05
82.04
82.04
82.04
82.03
82.03
82.01
82.02
82.03
82.03
82.01
82.02
82.02
82.02
82.01
82.01
82.01
82.02
82.03
82.03
82.03
82.03
82.05
82.05
82.04
82.02
82.01
82.00
82.00
82.00
81.98
81.98
81.97
81.97
81.97
81.98
81.98
81.97
81.98
81.99
81.98
81.98
81.98
81.98
81.99
81.99
81.99
82.00
81.99
81.99
81.97
81.98
81.97
81.97
81.99
81.99
81.99
81.98
81.98
81.98
81.98
81.97
81.96
81.96
81.95
81.96
81.97
81.96
81.98
82.00
82.00
82.01
82.00
82.00
82.00
82.00
82.00
82.01
82.00
82.01
82.02
82.01
82.01
82.03
82.04
82.03
82.02
82.00
81.98
81.99
82.00
82.02
82.02
82.01
82.01
82.01
82.02
82.02
82.01
82.00
82.00
82.00
82.01
81.99
81.98
81.99
82.00
82.00
82.01
82.02
82.03
82.03
82.02
82.04
82.04
82.03
82.03
82.01
82.01
82.00
82.00
81.99
81.98
81.98
81.97
81.98
81.98
81.98
81.98
81.98
81.98
81.98
81.98
81.98
81.98
81.97
81.96
81.96
81.96
81.96
81.98
81.96
81.97
81.95
81.96
81.95
81.95
81.97
81.97
81.99
82.00
81.99
81.99
81.97
81.97
81.98
81.97
81.98
81.97
81.97
81.97
81.98
81.97
81.98
81.99
81.99
81.99
82.00
82.01
82.02
82.02
82.02
82.02
82.02
82.02
82.01
82.00
82.00
81.99
81.99
81.98
81.97
81.98
81.99
81.99
82.00
81.99
81.99
81.99
81.99
82.00
82.00
82.00
82.00
82.00
81.99
81.99
81.99
82.00
82.00
81.99
81.99
81.99
82.00
82.01
82.00
82.01
82.01
81.99
81.98
81.98
81.97
81.98
81.97
81.96
81.96
81.96
81.96
81.96
81.96
81.95
81.95
81.95
81.95
81.95
81.94
81.92
81.91
81.92
81.93
81.93
81.92
81.93
81.93
81.93
81.93
81.93
81.94
81.93
81.94
81.93
81.93
81.94
81.94
81.95
81.94
81.94
81.95
81.95
81.94
81.93
81.93
81.93
81.93
81.94
81.94
81.94
81.94
81.95
81.95
81.95
81.95
81.96
81.95
81.95
81.95
81.95
81.96
81.97
81.97
81.97
81.96
81.95
81.95
81.95
81.95
81.96
81.96
81.96
81.96
81.96
81.96
81.97
81.97
81.97
81.99
81.98
81.98
81.99
81.99
81.99
81.99
81.99
82.00
82.00
82.00
82.00
82.00
81.99
82.00
82.00
81.99
81.99
81.99
81.98
81.99
82.00
82.00
81.99
81.99
81.99
81.91
