84.38
82.81
84.90
83.98
84.69
82.81
82.81
81.64
81.77
82.34
82.53
81.64
81.49
81.81
81.46
81.35
81.53
81.51
81.17
81.17
81.25
81.46
81.59
81.58
81.62
81.73
81.71
81.53
81.63
81.51
81.50
81.59
81.63
81.71
81.61
81.47
81.59
81.70
81.81
81.91
81.90
81.99
82.12
82.14
82.22
82.24
82.08
82.00
82.05
82.22
82.26
82.21
82.25
82.09
82.05
82.03
82.13
82.19
82.10
82.14
82.04
81.96
82.02
81.96
82.02
81.96
82.14
82.19
82.25
82.21
82.15
82.16
82.21
82.12
82.08
82.11
82.10
82.03
82.00
82.05
82.02
82.05
82.13
82.14
82.17
82.21
82.15
82.21
82.15
82.10
82.09
82.13
82.07
82.10
82.09
82.13
82.18
82.08
82.07
82.09
82.04
82.05
82.07
81.97
81.98
81.97
81.95
81.96
82.01
82.00
82.05
82.05
82.11
82.10
82.12
82.11
82.16
82.15
82.14
82.14
82.15
82.12
82.09
82.06
82.06
82.14
82.11
82.02
82.07
82.08
82.10
82.11
82.08
82.09
82.08
82.07
82.14
82.09
82.13
82.12
82.14
82.12
82.12
82.10
81.98
82.00
81.98
82.02
82.02
82.03
82.05
82.03
82.03
82.02
82.03
82.03
81.98
81.95
82.02
82.01
81.98
81.99
81.98
82.01
82.00
81.96
82.01
81.98
81.99
81.96
81.97
81.98
81.98
82.00
81.98
82.00
82.07
82.05
82.10
82.05
82.06
82.07
82.06
82.08
82.07
82.07
82.09
82.08
82.04
82.05
82.03
82.06
82.11
82.11
82.15
82.16
82.09
82.14
82.12
82.12
82.14
82.15
82.07
82.05
82.04
82.06
82.04
82.05
82.04
82.03
82.00
82.01
82.01
82.01
82.05
82.07
82.10
82.07
82.06
82.04
82.04
82.06
82.06
82.04
82.06
82.07
82.04
82.05
82.06
82.08
82.06
82.06
82.07
82.10
82.10
82.08
82.08
82.10
82.10
82.08
82.10
82.12
82.14
82.13
82.14
82.17
82.15
82.15
82.17
82.15
82.17
82.18
82.18
82.18
82.19
82.17
82.17
82.16
82.15
82.16
82.17
82.17
82.18
82.17
82.19
82.17
82.19
82.16
82.17
82.17
82.16
82.19
82.18
82.19
82.18
82.21
82.19
82.19
82.19
82.18
82.18
82.19
82.16
82.14
82.14
82.14
82.15
82.15
82.16
82.14
82.15
82.13
82.15
82.15
82.16
82.17
82.14
82.13
82.14
82.14
82.12
82.11
82.14
82.11
82.11
82.11
82.14
82.14
82.13
82.13
82.14
82.13
82.13
82.14
82.12
82.12
82.10
82.09
82.10
82.09
82.08
82.07
82.05
82.05
82.04
82.01
82.01
82.00
82.00
82.01
82.02
82.01
82.00
82.02
82.04
82.04
82.05
82.05
82.06
82.07
82.07
82.05
82.06
82.07
82.07
82.05
82.04
82.02
82.04
82.01
82.03
82.04
82.04
82.04
82.06
82.04
82.03
82.03
82.01
82.01
81.99
82.00
81.97
81.96
81.95
81.95
81.95
81.94
81.94
81.96
81.92
81.93
81.92
81.91
81.93
81.93
81.94
81.91
81.91
81.92
81.95
81.95
81.92
81.91
81.92
81.91
81.90
81.91
81.92
81.94
81.94
81.97
81.96
81.96
81.94
81.94
81.95
81.96
81.95
81.95
81.96
81.96
81.94
81.93
81.93
81.92
81.93
81.94
81.95
81.92
81.91
81.91
81.90
81.89
81.90
81.90
81.89
81.89
81.88
81.89
81.89
81.88
81.88
81.89
81.90
81.91
81.91
81.91
81.91
81.90
81.90
81.91
81.91
81.92
81.93
81.93
81.92
81.92
81.92
81.93
81.92
81.91
81.92
81.94
81.95
81.94
81.93
81.95
81.96
81.95
81.96
81.96
81.96
81.96
81.97
81.97
81.96
81.97
81.97
81.95
81.97
81.98
81.99
82.01
82.02
82.01
82.02
82.02
82.02
82.03
82.03
82.03
82.04
82.04
82.05
82.06
82.06
82.07
82.08
82.08
82.08
82.07
82.08
82.08
82.10
82.11
82.11
82.09
82.07
82.07
82.09
82.10
82.09
82.10
82.09
82.10
82.08
82.11
82.10
82.10
82.10
82.09
82.10
82.09
82.10
82.09
82.08
82.07
82.06
82.05
82.05
82.06
82.08
82.07
82.07
82.07
82.07
82.06
82.04
82.03
82.04
82.04
82.04
82.04
82.04
82.03
82.01
82.01
82.01
82.02
82.01
82.00
82.01
82.02
82.02
82.02
82.02
82.01
82.02
82.02
82.00
82.00
82.00
82.00
81.99
81.97
81.96
81.97
81.94
81.94
81.93
81.92
81.90
81.90
81.89
81.88
81.89
81.89
81.90
81.89
81.91
81.91
81.90
81.88
81.89
81.88
81.89
81.89
81.90
81.90
81.91
81.91
81.92
81.91
81.90
81.90
81.91
81.91
81.91
81.91
81.93
81.93
81.93
81.93
81.96
81.96
81.97
81.97
81.96
81.95
81.95
81.96
81.95
81.95
81.96
81.96
81.96
81.96
81.93
81.95
81.95
81.95
81.95
81.97
81.95
81.95
81.96
81.95
81.94
81.95
81.95
81.93
81.93
81.93
81.94
81.94
81.93
81.95
81.95
81.97
81.96
81.97
81.97
81.98
81.99
81.97
81.97
81.98
81.98
81.98
81.98
81.98
81.98
81.98
81.98
81.98
81.98
81.98
81.99
82.00
82.00
82.01
81.99
81.98
81.98
81.97
81.98
81.98
81.99
81.99
81.98
81.99
82.01
82.00
82.01
82.01
82.01
82.00
82.00
81.99
81.97
81.97
81.97
81.96
81.96
81.95
81.96
81.96
81.96
81.96
81.95
81.96
81.95
81.96
81.97
81.98
81.97
81.98
81.98
81.97
81.97
81.96
81.96
81.97
81.98
81.99
81.98
81.98
81.99
81.98
81.98
81.99
81.97
81.97
81.96
81.95
81.96
81.96
81.96
81.96
81.97
81.97
81.98
81.98
82.00
82.00
81.99
81.98
81.99
81.98
81.98
81.97
81.98
81.98
81.98
81.98
81.97
81.99
81.99
82.00
82.00
82.01
82.01
82.00
82.01
82.01
82.00
81.99
82.00
82.01
82.00
81.98
81.97
81.98
81.99
82.00
82.00
81.98
81.97
81.98
81.98
81.99
81.99
81.98
81.98
81.98
81.98
81.97
81.99
81.99
81.99
81.99
81.99
81.98
81.97
81.98
81.98
81.98
81.96
81.95
81.95
81.95
81.95
81.95
81.96
81.97
81.97
81.97
81.97
81.97
81.97
81.96
81.97
81.97
81.96
81.96
81.95
81.94
81.95
81.95
81.94
81.87
