84.38
78.91
77.08
77.34
80.00
80.99
80.58
80.27
81.08
80.62
81.25
81.64
81.25
81.47
81.25
81.05
81.25
81.42
81.50
81.64
81.47
81.82
81.93
81.84
81.69
81.67
81.66
81.70
81.79
81.93
81.75
81.88
81.58
81.66
81.70
81.55
81.59
81.41
81.21
81.21
81.36
81.32
81.36
81.25
81.15
80.94
81.08
81.15
81.22
81.22
81.34
81.34
81.31
81.13
81.05
81.03
80.84
80.95
80.99
81.07
81.15
81.15
81.20
81.10
81.11
81.20
81.20
81.43
81.45
81.32
81.29
81.36
81.44
81.46
81.38
81.39
81.29
81.31
81.31
81.29
81.25
81.27
81.27
81.29
81.29
81.36
81.32
81.39
81.36
81.48
81.52
81.45
81.45
81.50
81.55
81.62
81.62
81.65
81.69
81.69
81.59
81.59
81.63
81.64
81.74
81.75
81.73
81.77
81.75
81.80
81.78
81.79
81.75
81.81
81.74
81.68
81.65
81.69
81.76
81.74
81.70
81.69
81.71
81.72
81.67
81.70
81.64
81.68
81.64
81.62
81.57
81.50
81.51
81.49
81.47
81.46
81.51
81.48
81.44
81.43
81.47
81.48
81.47
81.45
81.39
81.36
81.32
81.35
81.34
81.34
81.32
81.33
81.25
81.30
81.34
81.35
81.34
81.38
81.34
81.31
81.30
81.34
81.33
81.38
81.39
81.41
81.38
81.39
81.34
81.36
81.35
81.37
81.35
81.33
81.33
81.34
81.32
81.37
81.41
81.41
81.44
81.49
81.46
81.51
81.52
81.52
81.49
81.52
81.53
81.57
81.60
81.62
81.63
81.64
81.66
81.64
81.63
81.63
81.64
81.62
81.59
81.57
81.54
81.53
81.53
81.54
81.55
81.54
81.49
81.50
81.54
81.56
81.53
81.50
81.50
81.47
81.51
81.56
81.56
81.52
81.54
81.58
81.59
81.58
81.59
81.58
81.57
81.59
81.61
81.62
81.61
81.63
81.64
81.62
81.64
81.67
81.67
81.70
81.69
81.67
81.72
81.72
81.70
81.72
81.72
81.69
81.69
81.66
81.67
81.69
81.70
81.68
81.68
81.69
81.69
81.71
81.74
81.72
81.72
81.72
81.73
81.74
81.76
81.76
81.78
81.77
81.79
81.83
81.85
81.83
81.84
81.81
81.82
81.83
81.80
81.80
81.84
81.83
81.83
81.80
81.80
81.79
81.81
81.76
81.79
81.75
81.74
81.73
81.74
81.76
81.77
81.76
81.79
81.75
81.76
81.76
81.74
81.74
81.76
81.76
81.75
81.77
81.77
81.77
81.75
81.75
81.76
81.76
81.78
81.75
81.73
81.72
81.70
81.70
81.72
81.71
81.71
81.72
81.73
81.73
81.71
81.74
81.74
81.72
81.72
81.71
81.67
81.66
81.66
81.67
81.67
81.66
81.67
81.66
81.67
81.69
81.67
81.68
81.70
81.71
81.72
81.71
81.71
81.70
81.69
81.70
81.70
81.69
81.69
81.72
81.73
81.72
81.71
81.70
81.69
81.68
81.68
81.67
81.66
81.67
81.67
81.68
81.68
81.70
81.70
81.70
81.72
81.73
81.74
81.74
81.74
81.72
81.73
81.70
81.70
81.67
81.67
81.68
81.68
81.67
81.68
81.66
81.65
81.67
81.67
81.66
81.68
81.68
81.69
81.68
81.69
81.69
81.71
81.72
81.72
81.72
81.73
81.73
81.74
81.73
81.73
81.74
81.74
81.75
81.74
81.75
81.75
81.76
81.75
81.76
81.77
81.76
81.76
81.77
81.78
81.78
81.78
81.76
81.76
81.75
81.75
81.77
81.76
81.76
81.77
81.77
81.76
81.76
81.75
81.76
81.76
81.77
81.78
81.76
81.76
81.76
81.76
81.76
81.75
81.76
81.76
81.74
81.75
81.76
81.76
81.79
81.78
81.77
81.78
81.76
81.75
81.75
81.76
81.75
81.74
81.73
81.74
81.73
81.73
81.73
81.72
81.72
81.74
81.73
81.74
81.74
81.74
81.72
81.72
81.71
81.70
81.69
81.69
81.68
81.67
81.66
81.66
81.67
81.66
81.66
81.69
81.68
81.70
81.69
81.70
81.69
81.70
81.68
81.67
81.66
81.66
81.67
81.66
81.65
81.63
81.62
81.62
81.61
81.61
81.61
81.60
81.60
81.60
81.61
81.62
81.61
81.60
81.61
81.60
81.59
81.60
81.60
81.59
81.58
81.58
81.58
81.57
81.57
81.57
81.58
81.60
81.61
81.60
81.60
81.61
81.61
81.61
81.62
81.63
81.63
81.63
81.62
81.60
81.59
81.59
81.59
81.59
81.59
81.59
81.59
81.60
81.60
81.61
81.63
81.63
81.63
81.64
81.63
81.65
81.66
81.65
81.65
81.65
81.66
81.66
81.67
81.65
81.66
81.66
81.67
81.65
81.65
81.65
81.65
81.65
81.65
81.65
81.66
81.66
81.66
81.67
81.67
81.68
81.68
81.69
81.69
81.69
81.69
81.70
81.70
81.71
81.70
81.71
81.71
81.71
81.71
81.71
81.70
81.70
81.71
81.72
81.72
81.71
81.70
81.70
81.71
81.71
81.72
81.72
81.72
81.72
81.72
81.73
81.73
81.74
81.73
81.71
81.71
81.72
81.74
81.74
81.73
81.73
81.72
81.72
81.72
81.71
81.72
81.71
81.72
81.72
81.73
81.72
81.71
81.71
81.71
81.72
81.72
81.73
81.73
81.74
81.73
81.73
81.72
81.72
81.72
81.72
81.71
81.71
81.70
81.70
81.70
81.70
81.70
81.70
81.71
81.68
81.69
81.70
81.70
81.70
81.71
81.71
81.73
81.73
81.74
81.72
81.72
81.71
81.70
81.71
81.71
81.70
81.69
81.68
81.66
81.65
81.64
81.65
81.65
81.66
81.66
81.66
81.65
81.65
81.64
81.64
81.63
81.63
81.62
81.62
81.63
81.63
81.62
81.61
81.61
81.61
81.62
81.60
81.61
81.60
81.60
81.59
81.59
81.58
81.58
81.59
81.59
81.59
81.59
81.59
81.60
81.60
81.60
81.60
81.61
81.62
81.62
81.62
81.63
81.63
81.63
81.63
81.62
81.62
81.64
81.64
81.62
81.63
81.63
81.63
81.64
81.64
81.64
81.64
81.63
81.63
81.63
81.64
81.65
81.66
81.66
81.67
81.66
81.65
81.65
81.66
81.67
81.67
81.68
81.69
81.69
81.68
81.68
81.68
81.68
81.69
81.69
81.69
81.69
81.68
81.68
81.67
81.66
81.66
81.67
81.67
81.67
81.68
81.68
81.68
81.67
81.68
81.67
81.66
81.65
81.65
81.64
81.65
81.65
81.66
81.65
81.65
81.64
81.65
81.65
81.65
81.65
81.65
81.66
81.66
81.58
