76.56
81.25
80.73
79.30
80.94
80.21
79.91
80.27
80.38
80.78
80.68
80.99
81.25
81.70
81.35
81.64
81.99
82.03
82.65
82.73
82.22
81.75
81.52
81.38
81.81
81.67
81.54
81.64
81.73
81.82
81.85
81.79
81.91
81.94
82.05
82.16
82.01
82.03
82.13
82.11
82.20
82.03
81.94
81.64
81.67
81.56
81.55
81.67
81.63
81.75
81.86
81.82
81.81
81.83
81.85
81.86
81.88
81.84
81.78
81.72
81.71
81.68
81.75
81.86
81.80
81.94
82.04
81.99
81.91
81.99
81.91
81.77
81.76
81.67
81.67
81.48
81.51
81.49
81.55
81.46
81.48
81.54
81.53
81.55
81.51
81.54
81.47
81.48
81.46
81.51
81.51
81.47
81.43
81.47
81.41
81.43
81.39
81.39
81.41
81.36
81.33
81.36
81.40
81.40
81.38
81.50
81.47
81.50
81.57
81.62
81.57
81.58
81.61
81.54
81.49
81.53
81.53
81.50
81.54
81.58
81.60
81.63
81.62
81.65
81.69
81.72
81.73
81.73
81.70
81.71
81.69
81.66
81.66
81.62
81.62
81.62
81.67
81.68
81.68
81.72
81.70
81.75
81.79
81.75
81.68
81.73
81.70
81.73
81.71
81.76
81.81
81.84
81.88
81.86
81.89
81.94
81.92
81.87
81.84
81.85
81.84
81.87
81.87
81.91
81.98
81.96
81.98
81.97
82.03
82.04
82.07
82.07
82.09
82.09
82.08
82.11
82.11
82.10
82.09
82.09
82.09
82.07
82.09
82.07
82.10
82.10
82.07
82.06
82.10
82.14
82.15
82.09
82.11
82.08
82.12
82.10
82.04
82.06
82.08
82.08
82.09
82.10
82.14
82.08
82.10
82.04
82.03
81.96
81.96
81.97
81.97
81.96
81.95
81.97
82.01
82.03
82.06
82.10
82.13
82.12
82.11
82.10
82.10
82.13
82.11
82.10
82.08
82.09
82.06
82.04
82.05
82.04
82.07
82.06
82.05
82.05
82.03
82.07
82.02
82.00
82.02
82.00
82.01
82.00
81.99
81.93
81.92
81.92
81.93
81.92
81.92
81.94
81.97
81.98
81.99
82.00
82.00
81.96
81.97
81.95
81.94
81.94
81.90
81.90
81.93
81.95
81.93
81.95
81.98
82.01
82.02
82.07
82.07
82.07
82.07
82.09
82.07
82.05
82.04
82.01
82.01
82.00
82.00
82.00
81.98
81.96
81.96
81.94
81.93
81.92
81.93
81.91
81.91
81.90
81.92
81.95
81.95
81.95
81.97
81.99
81.98
81.97
81.98
82.00
81.98
82.00
81.98
82.01
82.03
82.05
82.03
82.05
82.04
82.03
82.03
82.02
82.02
82.01
82.01
82.03
82.04
82.05
82.07
82.07
82.06
82.05
82.03
82.02
82.03
82.03
82.05
82.06
82.05
82.05
82.07
82.05
82.06
82.06
82.06
82.06
82.07
82.09
82.09
82.08
82.07
82.06
82.06
82.09
82.08
82.09
82.10
82.10
82.10
82.11
82.10
82.13
82.13
82.14
82.13
82.15
82.15
82.13
82.14
82.15
82.14
82.14
82.13
82.12
82.13
82.12
82.09
82.08
82.08
82.10
82.10
82.10
82.10
82.11
82.11
82.11
82.09
82.10
82.11
82.10
82.10
82.11
82.11
82.09
82.09
82.10
82.11
82.09
82.09
82.08
82.08
82.09
82.12
82.11
82.10
82.12
82.12
82.11
82.10
82.11
82.11
82.13
82.12
82.11
82.12
82.13
82.13
82.14
82.14
82.12
82.12
82.12
82.12
82.13
82.12
82.12
82.13
82.11
82.10
82.10
82.11
82.11
82.13
82.12
82.11
82.11
82.11
82.13
82.12
82.12
82.14
82.15
82.16
82.16
82.17
82.17
82.16
82.16
82.16
82.14
82.14
82.12
82.13
82.11
82.13
82.13
82.12
82.10
82.10
82.09
82.08
82.08
82.08
82.06
82.06
82.08
82.08
82.09
82.09
82.10
82.10
82.11
82.11
82.10
82.11
82.13
82.12
82.14
82.13
82.10
82.08
82.08
82.10
82.07
82.09
82.08
82.08
82.08
82.08
82.08
82.08
82.08
82.07
82.09
82.10
82.09
82.10
82.10
82.12
82.13
82.14
82.14
82.14
82.12
82.11
82.10
82.08
82.08
82.05
82.07
82.07
82.07
82.08
82.07
82.08
82.07
82.08
82.07
82.06
82.07
82.05
82.05
82.05
82.05
82.05
82.06
82.07
82.08
82.08
82.07
82.08
82.08
82.09
82.10
82.09
82.08
82.07
82.06
82.07
82.07
82.08
82.07
82.08
82.07
82.06
82.04
82.04
82.05
82.04
82.04
82.01
81.99
82.00
82.00
82.01
82.01
82.01
82.00
81.99
81.97
81.96
81.96
81.96
81.96
81.96
81.95
81.95
81.94
81.93
81.93
81.94
81.95
81.95
81.95
81.95
81.94
81.95
81.94
81.93
81.94
81.94
81.94
81.94
81.94
81.96
81.96
81.96
81.97
81.95
81.97
81.98
81.98
81.98
81.97
81.96
81.96
81.96
81.96
81.96
81.97
81.98
81.97
81.98
81.98
82.00
81.98
81.97
81.98
82.00
81.99
81.99
81.99
81.99
81.98
81.98
81.97
81.96
81.96
81.97
81.97
81.98
81.98
81.96
81.96
81.96
81.96
81.96
81.95
81.95
81.97
81.97
81.97
81.97
81.97
81.98
81.99
81.99
82.00
82.00
82.00
82.00
81.99
81.99
81.98
81.98
81.99
81.98
81.98
81.97
81.98
81.97
81.97
81.97
81.99
81.99
81.98
81.98
82.00
82.00
82.01
82.02
82.02
82.02
82.04
82.03
82.04
82.03
82.04
82.05
82.04
82.02
82.02
82.02
82.03
82.03
82.03
82.02
82.02
82.03
82.04
82.04
82.04
82.03
82.04
82.01
82.02
82.01
82.02
82.03
82.03
82.02
82.00
82.01
82.00
81.99
81.99
81.99
82.00
82.00
81.99
82.00
82.00
82.01
82.00
81.99
82.00
82.00
82.00
82.00
82.01
82.01
82.01
82.01
81.99
81.99
81.98
81.98
81.98
81.98
81.98
81.96
81.95
81.96
81.96
81.97
81.97
81.96
81.97
81.97
81.98
81.98
81.98
81.97
81.97
81.97
81.98
81.97
81.98
81.97
81.97
81.98
81.97
81.99
81.99
82.00
82.01
82.00
82.01
82.02
82.01
82.02
82.01
82.01
82.00
82.00
82.00
82.00
82.00
82.01
82.00
82.00
81.99
81.99
81.99
81.98
81.98
81.99
81.98
81.99
81.99
82.00
81.99
81.99
81.99
81.99
81.97
81.98
81.98
81.98
81.98
81.98
81.98
81.97
81.97
81.98
81.98
81.97
81.89
