81.25
79.69
82.29
81.25
83.12
81.25
81.25
81.64
81.08
81.09
81.53
82.42
82.69
83.04
82.19
81.84
81.53
82.03
81.99
82.34
82.51
82.60
82.68
82.81
82.75
82.87
82.93
82.59
82.44
82.03
81.85
81.84
81.91
82.08
82.14
82.34
82.43
82.40
82.33
82.30
82.32
82.29
82.30
82.28
82.08
82.07
82.08
81.93
81.79
81.72
81.71
81.70
81.63
81.51
81.56
81.61
81.61
81.57
81.49
81.48
81.53
81.60
81.55
81.49
81.42
81.49
81.55
81.50
81.36
81.29
81.34
81.36
81.42
81.42
81.42
81.44
81.51
81.49
81.59
81.54
81.56
81.59
81.55
81.58
81.56
81.58
81.61
81.64
81.62
81.63
81.54
81.56
81.50
81.38
81.45
81.43
81.41
81.36
81.41
81.38
81.39
81.46
81.51
81.55
81.52
81.47
81.53
81.48
81.44
81.49
81.50
81.53
81.55
81.59
81.56
81.49
81.54
81.54
81.53
81.55
81.55
81.53
81.50
81.53
81.59
81.61
81.62
81.58
81.65
81.61
81.57
81.56
81.57
81.53
81.48
81.43
81.48
81.47
81.49
81.55
81.56
81.55
81.56
81.55
81.62
81.59
81.62
81.62
81.64
81.65
81.66
81.67
81.67
81.69
81.69
81.75
81.80
81.79
81.76
81.80
81.83
81.86
81.83
81.84
81.89
81.88
81.89
81.91
81.91
81.93
81.95
81.96
81.94
81.91
81.93
81.88
81.86
81.85
81.88
81.88
81.88
81.90
81.92
81.93
81.90
81.88
81.89
81.87
81.84
81.83
81.86
81.86
81.85
81.88
81.86
81.87
81.88
81.91
81.88
81.84
81.87
81.88
81.86
81.86
81.85
81.88
81.88
81.90
81.87
81.89
81.92
81.93
81.93
81.95
81.96
81.94
81.95
81.98
82.01
82.02
82.02
82.00
82.00
82.00
82.01
82.01
82.00
81.98
82.01
82.02
82.01
82.00
81.99
82.00
81.99
81.98
81.96
81.99
81.99
82.02
82.03
82.04
82.06
82.08
82.07
82.08
82.09
82.09
82.08
82.08
82.12
82.11
82.10
82.11
82.13
82.15
82.15
82.13
82.14
82.13
82.14
82.11
82.11
82.08
82.09
82.09
82.09
82.10
82.09
82.09
82.07
82.08
82.09
82.12
82.09
82.10
82.08
82.10
82.10
82.10
82.12
82.14
82.16
82.13
82.12
82.10
82.06
82.05
82.04
82.06
82.08
82.09
82.10
82.12
82.15
82.15
82.15
82.16
82.16
82.14
82.14
82.14
82.13
82.12
82.13
82.11
82.12
82.14
82.13
82.13
82.15
82.15
82.16
82.17
82.15
82.15
82.14
82.15
82.17
82.16
82.15
82.15
82.16
82.15
82.16
82.17
82.18
82.19
82.20
82.20
82.20
82.21
82.20
82.21
82.18
82.16
82.15
82.17
82.14
82.15
82.14
82.13
82.14
82.12
82.13
82.13
82.13
82.11
82.12
82.12
82.12
82.10
82.12
82.11
82.08
82.07
82.07
82.06
82.07
82.08
82.07
82.06
82.08
82.08
82.08
82.07
82.06
82.04
82.05
82.03
82.02
82.03
82.05
82.02
82.01
82.00
82.01
82.02
82.02
82.01
82.00
82.01
82.01
82.00
82.00
82.01
82.01
82.01
81.99
82.00
82.01
82.03
82.02
82.01
82.00
82.00
81.99
81.96
81.95
81.96
81.94
81.94
81.89
81.91
81.91
81.92
81.91
81.90
81.90
81.91
81.90
81.89
81.89
81.90
81.90
81.92
81.95
81.93
81.94
81.96
81.95
81.95
81.96
81.97
81.97
81.97
81.96
81.97
81.97
81.97
81.98
81.99
82.00
82.01
82.02
82.02
82.02
82.02
82.03
82.03
82.03
82.03
82.01
82.02
81.99
81.98
81.98
81.99
81.99
82.00
81.98
81.98
81.99
82.00
82.01
82.00
81.99
81.98
81.98
81.96
81.97
81.96
81.95
81.96
81.96
81.96
81.97
81.98
81.97
81.97
81.97
81.97
81.97
81.96
81.96
81.97
81.98
81.98
81.97
81.98
81.98
81.98
81.98
81.98
81.97
81.99
81.99
81.99
82.01
82.00
82.00
82.01
82.00
82.02
82.03
82.03
82.02
82.00
81.99
82.00
81.99
81.98
81.99
81.98
81.99
81.98
81.99
81.99
81.99
81.99
82.00
81.98
81.99
81.98
81.97
81.96
81.96
81.94
81.95
81.94
81.94
81.95
81.96
81.96
81.97
81.96
81.95
81.96
81.96
81.96
81.95
81.94
81.93
81.94
81.94
81.94
81.96
81.96
81.97
81.97
81.97
81.96
81.96
81.96
81.96
81.96
81.97
81.97
81.97
81.97
81.97
81.97
81.95
81.94
81.94
81.94
81.95
81.95
81.94
81.95
81.96
81.96
81.97
81.98
81.99
82.00
82.00
82.00
81.99
81.99
81.99
81.99
81.99
82.00
81.99
82.00
81.99
81.99
81.98
81.99
82.00
82.01
82.00
81.99
81.99
81.98
81.99
81.99
81.99
81.99
81.99
81.98
81.99
81.99
82.00
81.98
82.00
82.00
82.00
82.01
82.00
82.00
82.01
82.02
82.03
82.03
82.05
82.03
82.02
82.03
82.03
82.02
82.02
82.01
82.02
82.03
82.02
82.03
82.03
82.04
82.04
82.02
82.02
82.03
82.03
82.03
82.03
82.02
82.01
82.01
82.01
82.02
82.00
81.99
81.97
81.96
81.95
81.94
81.93
81.94
81.94
81.94
81.94
81.94
81.94
81.93
81.94
81.94
81.94
81.94
81.94
81.94
81.93
81.93
81.93
81.92
81.92
81.91
81.91
81.91
81.92
81.92
81.93
81.93
81.93
81.93
81.92
81.92
81.92
81.92
81.91
81.91
81.91
81.92
81.93
81.92
81.91
81.92
81.92
81.92
81.92
81.93
81.92
81.93
81.91
81.90
81.91
81.93
81.91
81.91
81.92
81.93
81.93
81.93
81.94
81.94
81.94
81.94
81.93
81.93
81.95
81.95
81.95
81.94
81.94
81.93
81.94
81.94
81.95
81.95
81.94
81.94
81.94
81.95
81.96
81.97
81.98
81.97
81.97
81.97
81.96
81.95
81.95
81.96
81.95
81.97
81.97
81.96
81.97
81.97
81.98
81.98
81.97
81.96
81.96
81.96
81.96
81.97
81.97
81.96
81.97
81.97
81.98
81.99
81.99
82.00
82.00
82.00
82.01
82.01
82.01
82.01
82.00
82.01
82.01
82.01
82.01
82.00
82.02
82.01
82.00
82.00
82.00
82.01
82.00
82.01
82.01
82.01
82.01
82.00
82.01
82.00
82.00
81.99
81.99
81.99
81.99
81.99
81.98
81.98
81.97
81.90
