75.00
81.25
78.12
77.34
77.81
79.95
79.69
80.27
80.56
81.09
81.11
81.51
82.09
81.81
81.67
81.35
81.43
81.51
81.50
81.64
81.62
81.32
81.39
81.18
81.19
81.19
81.19
81.31
81.63
81.77
81.75
81.64
81.58
81.66
81.61
81.51
81.71
81.70
81.65
81.64
81.63
81.77
81.72
81.92
81.98
81.93
82.01
81.90
81.95
81.88
81.99
81.97
81.99
81.92
81.79
81.81
81.74
81.57
81.51
81.59
81.69
81.48
81.37
81.40
81.35
81.34
81.39
81.27
81.30
81.25
81.16
81.14
81.14
81.21
81.15
81.15
81.23
81.19
81.29
81.27
81.35
81.36
81.34
81.38
81.45
81.47
81.47
81.46
81.48
81.44
81.37
81.40
81.45
81.50
81.46
81.45
81.39
81.39
81.49
81.48
81.54
81.63
81.55
81.61
81.65
81.72
81.69
81.71
81.74
81.78
81.80
81.82
81.86
81.83
81.78
81.76
81.74
81.74
81.76
81.77
81.78
81.80
81.82
81.78
81.72
81.77
81.77
81.77
81.82
81.81
81.85
81.84
81.86
81.90
81.91
81.95
81.91
81.91
81.95
81.99
81.97
81.98
81.91
81.97
81.96
81.93
81.93
81.92
81.90
81.85
81.86
81.84
81.86
81.79
81.77
81.74
81.76
81.79
81.80
81.71
81.73
81.70
81.74
81.69
81.66
81.68
81.69
81.70
81.68
81.76
81.73
81.78
81.79
81.82
81.80
81.78
81.75
81.72
81.71
81.73
81.74
81.73
81.75
81.76
81.76
81.76
81.82
81.79
81.70
81.73
81.72
81.70
81.76
81.76
81.78
81.80
81.81
81.79
81.79
81.78
81.77
81.74
81.73
81.74
81.73
81.66
81.64
81.64
81.65
81.70
81.72
81.68
81.75
81.73
81.71
81.73
81.70
81.67
81.64
81.66
81.67
81.65
81.66
81.61
81.56
81.57
81.64
81.62
81.58
81.60
81.55
81.53
81.52
81.56
81.54
81.53
81.51
81.55
81.51
81.54
81.55
81.56
81.57
81.57
81.56
81.55
81.58
81.55
81.55
81.57
81.56
81.55
81.56
81.55
81.57
81.57
81.57
81.57
81.57
81.57
81.56
81.58
81.54
81.52
81.50
81.51
81.51
81.52
81.51
81.56
81.56
81.56
81.55
81.56
81.54
81.51
81.55
81.55
81.55
81.56
81.60
81.59
81.60
81.60
81.62
81.61
81.60
81.60
81.59
81.61
81.62
81.60
81.60
81.60
81.59
81.61
81.65
81.67
81.70
81.71
81.72
81.73
81.71
81.72
81.72
81.70
81.71
81.69
81.67
81.68
81.70
81.71
81.67
81.64
81.63
81.64
81.65
81.65
81.66
81.67
81.68
81.66
81.69
81.66
81.67
81.67
81.66
81.67
81.66
81.69
81.68
81.68
81.69
81.69
81.71
81.72
81.71
81.72
81.71
81.70
81.69
81.67
81.65
81.66
81.64
81.64
81.65
81.65
81.64
81.65
81.66
81.64
81.65
81.65
81.67
81.67
81.65
81.65
81.63
81.62
81.63
81.64
81.64
81.63
81.63
81.64
81.68
81.68
81.68
81.69
81.68
81.69
81.67
81.68
81.68
81.68
81.68
81.68
81.68
81.69
81.69
81.67
81.68
81.66
81.68
81.67
81.68
81.68
81.68
81.69
81.68
81.69
81.68
81.69
81.68
81.68
81.69
81.72
81.71
81.71
81.70
81.70
81.71
81.73
81.74
81.72
81.71
81.70
81.69
81.68
81.68
81.67
81.68
81.66
81.66
81.66
81.66
81.65
81.66
81.66
81.66
81.67
81.67
81.68
81.68
81.67
81.66
81.67
81.68
81.66
81.67
81.68
81.67
81.68
81.68
81.70
81.70
81.70
81.69
81.70
81.71
81.70
81.70
81.70
81.71
81.72
81.74
81.74
81.75
81.75
81.72
81.72
81.72
81.72
81.73
81.73
81.72
81.71
81.72
81.72
81.71
81.71
81.71
81.73
81.73
81.74
81.74
81.74
81.73
81.73
81.72
81.72
81.73
81.71
81.71
81.71
81.70
81.70
81.71
81.71
81.70
81.69
81.68
81.67
81.66
81.66
81.65
81.66
81.66
81.66
81.67
81.68
81.68
81.68
81.68
81.70
81.71
81.73
81.73
81.72
81.73
81.74
81.76
81.77
81.76
81.75
81.76
81.76
81.77
81.78
81.77
81.76
81.77
81.78
81.79
81.81
81.81
81.80
81.80
81.81
81.80
81.82
81.81
81.82
81.81
81.81
81.82
81.82
81.82
81.81
81.81
81.80
81.80
81.79
81.79
81.80
81.80
81.80
81.81
81.81
81.82
81.82
81.81
81.80
81.80
81.79
81.79
81.79
81.78
81.78
81.79
81.79
81.80
81.80
81.80
81.80
81.78
81.80
81.78
81.78
81.78
81.79
81.81
81.80
81.81
81.80
81.81
81.82
81.82
81.81
81.82
81.82
81.82
81.83
81.81
81.81
81.82
81.83
81.82
81.83
81.83
81.84
81.84
81.85
81.85
81.85
81.85
81.84
81.84
81.85
81.87
81.88
81.87
81.86
81.85
81.85
81.83
81.82
81.83
81.84
81.84
81.84
81.84
81.83
81.84
81.84
81.85
81.85
81.83
81.83
81.84
81.85
81.85
81.84
81.84
81.85
81.86
81.84
81.83
81.82
81.82
81.82
81.81
81.80
81.79
81.79
81.78
81.79
81.80
81.81
81.81
81.82
81.81
81.81
81.81
81.82
81.81
81.82
81.82
81.81
81.82
81.80
81.81
81.80
81.80
81.79
81.80
81.79
81.80
81.81
81.82
81.82
81.83
81.84
81.84
81.84
81.84
81.84
81.84
81.83
81.84
81.84
81.84
81.85
81.86
81.85
81.85
81.84
81.85
81.84
81.85
81.85
81.86
81.85
81.87
81.87
81.87
81.87
81.86
81.85
81.84
81.85
81.85
81.85
81.86
81.85
81.86
81.86
81.86
81.85
81.84
81.84
81.84
81.84
81.82
81.82
81.82
81.82
81.83
81.82
81.81
81.82
81.82
81.82
81.82
81.82
81.82
81.83
81.83
81.84
81.83
81.83
81.84
81.83
81.82
81.82
81.83
81.83
81.83
81.82
81.82
81.82
81.82
81.82
81.83
81.83
81.83
81.82
81.81
81.82
81.82
81.82
81.83
81.83
81.84
81.84
81.85
81.85
81.85
81.86
81.87
81.87
81.86
81.84
81.84
81.86
81.85
81.83
81.83
81.83
81.83
81.83
81.84
81.83
81.83
81.83
81.83
81.83
81.84
81.83
81.82
81.82
81.83
81.83
81.83
81.83
81.83
81.83
81.84
81.84
81.85
81.86
81.86
81.86
81.86
81.87
81.87
81.87
81.87
81.88
81.87
81.80
