10.94
7.03
6.25
6.25
6.56
5.99
5.80
6.05
5.73
5.16
4.97
4.82
5.05
5.36
5.62
5.96
5.79
5.47
5.59
5.55
5.51
5.68
5.84
5.99
5.94
5.83
5.96
5.92
5.82
5.99
6.05
6.01
5.92
5.88
5.80
5.90
5.91
5.84
5.89
5.78
5.64
5.77
5.78
5.86
6.15
6.11
6.05
6.05
6.09
6.09
6.04
6.01
5.93
5.90
5.82
5.78
5.78
5.87
5.88
5.83
5.87
5.87
5.83
5.79
5.75
5.75
5.67
5.74
5.75
5.74
5.70
5.69
5.74
5.74
5.73
5.76
5.76
5.71
5.68
5.66
5.75
5.79
5.76
5.71
5.75
5.74
5.69
5.70
5.79
5.85
5.80
5.79
5.81
5.77
5.76
5.78
5.75
5.76
5.73
5.80
5.77
5.74
5.72
5.71
5.70
5.69
5.68
5.67
5.71
5.75
5.76
5.78
5.77
5.77
5.73
5.74
5.73
5.75
5.72
5.69
5.72
5.72
5.73
5.73
5.71
5.70
5.70
5.70
5.70
5.66
5.63
5.66
5.64
5.61
5.64
5.62
5.62
5.59
5.63
5.67
5.65
5.64
5.64
5.65
5.65
5.64
5.65
5.64
5.63
5.60
5.60
5.60
5.61
5.60
5.62
5.61
5.59
5.60
5.58
5.57
5.55
5.57
5.57
5.56
5.54
5.54
5.54
5.54
5.53
5.54
5.54
5.53
5.54
5.51
5.48
5.48
5.49
5.50
5.50
5.49
5.46
5.45
5.47
5.46
5.46
5.45
5.44
5.43
5.47
5.48
5.50
5.49
5.48
5.52
5.53
5.55
5.54
5.53
5.53
5.54
5.54
5.55
5.56
5.56
5.56
5.57
5.58
5.60
5.61
5.60
5.58
5.59
5.58
5.57
5.56
5.54
5.53
5.51
5.52
5.50
5.50
5.51
5.50
5.50
5.50
5.50
5.48
5.46
5.47
5.46
5.43
5.46
5.47
5.49
5.49
5.48
5.50
5.49
5.47
5.52
5.53
5.52
5.53
5.52
5.52
5.52
5.53
5.52
5.54
5.57
5.57
5.55
5.55
5.57
5.56
5.57
5.56
5.58
5.57
5.58
5.57
5.57
5.55
5.55
5.57
5.57
5.57
5.57
5.58
5.56
5.58
5.58
5.58
5.57
5.57
5.58
5.58
5.60
5.58
5.59
5.59
5.60
5.60
5.59
5.60
5.61
5.60
5.60
5.61
5.61
5.61
5.61
5.60
5.59
5.58
5.58
5.59
5.59
5.60
5.60
5.64
5.64
5.64
5.62
5.61
5.60
5.61
5.60
5.60
5.60
5.59
5.58
5.57
5.56
5.56
5.56
5.57
5.58
5.57
5.56
5.55
5.55
5.55
5.55
5.56
5.56
5.56
5.55
5.56
5.55
5.55
5.55
5.55
5.54
5.54
5.55
5.55
5.55
5.54
5.56
5.55
5.56
5.55
5.55
5.56
5.55
5.56
5.56
5.56
5.54
5.56
5.57
5.57
5.57
5.59
5.59
5.59
5.58
5.58
5.58
5.60
5.59
5.58
5.59
5.59
5.58
5.58
5.59
5.60
5.60
5.60
5.61
5.60
5.60
5.60
5.60
5.60
5.58
5.59
5.59
5.58
5.59
5.59
5.59
5.60
5.60
5.60
5.59
5.59
5.60
5.59
5.59
5.59
5.60
5.60
5.61
5.62
5.61
5.61
5.61
5.62
5.65
5.66
5.65
5.66
5.67
5.67
5.66
5.65
5.66
5.65
5.67
5.67
5.66
5.66
5.66
5.66
5.66
5.66
5.66
5.66
5.67
5.68
5.68
5.68
5.69
5.69
5.68
5.67
5.69
5.68
5.68
5.68
5.68
5.67
5.67
5.68
5.68
5.67
5.66
5.66
5.67
5.67
5.68
5.68
5.69
5.69
5.68
5.70
5.70
5.69
5.69
5.68
5.68
5.68
5.68
5.67
5.67
5.67
5.67
5.66
5.66
5.65
5.64
5.65
5.68
5.67
5.68
5.66
5.66
5.65
5.65
5.65
5.65
5.64
5.64
5.64
5.63
5.63
5.62
5.63
5.63
5.64
5.64
5.63
5.63
5.63
5.63
5.63
5.63
5.63
5.62
5.62
5.61
5.60
5.61
5.61
5.59
5.60
5.59
5.59
5.58
5.59
5.58
5.57
5.57
5.57
5.57
5.57
5.57
5.57
5.56
5.56
5.56
5.56
5.56
5.55
5.54
5.53
5.54
5.54
5.54
5.54
5.53
5.54
5.54
5.54
5.55
5.54
5.55
5.56
5.56
5.57
5.57
5.57
5.56
5.57
5.56
5.56
5.56
5.55
5.56
5.55
5.55
5.56
5.55
5.55
5.55
5.55
5.55
5.55
5.55
5.55
5.57
5.57
5.57
5.56
5.56
5.56
5.56
5.56
5.57
5.58
5.58
5.59
5.58
5.58
5.58
5.58
5.58
5.59
5.60
5.60
5.60
5.60
5.60
5.60
5.60
5.59
5.59
5.59
5.59
5.59
5.59
5.59
5.58
5.58
5.59
5.59
5.59
5.59
5.59
5.59
5.58
5.59
5.58
5.57
5.57
5.57
5.57
5.59
5.59
5.60
5.60
5.60
5.59
5.59
5.60
5.61
5.60
5.61
5.60
5.60
5.60
5.60
5.60
5.59
5.60
5.61
5.61
5.60
5.60
5.60
5.60
5.60
5.60
5.60
5.61
5.62
5.61
5.61
5.61
5.61
5.61
5.61
5.61
5.60
5.60
5.60
5.61
5.61
5.61
5.61
5.60
5.60
5.59
5.60
5.59
5.59
5.60
5.59
5.59
5.59
5.59
5.59
5.59
5.58
5.58
5.58
5.57
5.57
5.57
5.57
5.57
5.57
5.57
5.58
5.57
5.57
5.57
5.57
5.57
5.57
5.58
5.57
5.57
5.57
5.56
5.56
5.56
5.55
5.55
5.55
5.55
5.55
5.55
5.56
5.56
5.56
5.55
5.55
5.55
5.55
5.54
5.54
5.54
5.55
5.54
5.55
5.55
5.55
5.54
5.54
5.54
5.55
5.55
5.54
5.54
5.54
5.55
5.55
5.55
5.55
5.55
5.55
5.55
5.55
5.56
5.55
5.55
5.55
5.55
5.54
5.54
5.54
5.55
5.55
5.55
5.55
5.55
5.54
5.54
5.55
5.54
5.55
5.55
5.54
5.54
5.54
5.54
5.54
5.54
5.55
5.55
5.55
5.54
5.54
5.54
5.54
5.54
5.54
5.54
5.54
5.54
5.54
5.54
5.54
5.55
5.55
5.55
5.55
5.56
5.57
5.56
5.56
5.57
5.57
5.57
5.57
5.57
5.57
5.56
5.56
5.57
5.57
5.57
5.56
5.58
5.58
5.58
5.57
5.56
