82.81
80.47
82.81
83.20
83.75
82.55
83.26
82.81
82.81
82.03
81.68
81.90
81.61
82.37
82.40
81.93
81.99
82.20
82.40
82.19
82.44
82.46
82.47
82.75
82.44
82.39
82.12
82.14
82.17
82.08
82.21
82.32
81.96
81.85
81.96
81.86
81.93
82.07
81.89
81.80
81.82
81.81
81.69
81.71
81.49
81.32
81.32
81.45
81.31
81.41
81.50
81.52
81.52
81.66
81.59
81.72
81.83
81.76
81.67
81.77
81.89
81.88
81.97
82.01
82.12
82.29
82.37
82.33
82.22
82.23
82.24
82.16
82.26
82.31
82.33
82.44
82.35
82.39
82.48
82.50
82.56
82.53
82.53
82.59
82.61
82.54
82.54
82.49
82.50
82.55
82.55
82.54
82.44
82.40
82.42
82.45
82.46
82.46
82.35
82.31
82.36
82.32
82.24
82.26
82.31
82.25
82.27
82.25
82.27
82.33
82.26
82.27
82.29
82.29
82.26
82.27
82.26
82.27
82.25
82.23
82.18
82.22
82.20
82.20
82.20
82.14
82.12
82.13
82.07
82.08
82.11
82.10
82.11
82.12
82.13
82.10
82.14
82.12
82.09
82.13
82.10
82.09
82.08
82.07
82.07
82.07
82.07
82.04
82.03
82.02
82.04
81.99
81.95
81.94
81.93
81.93
81.86
81.85
81.80
81.82
81.79
81.74
81.72
81.69
81.64
81.62
81.63
81.59
81.56
81.53
81.52
81.53
81.51
81.56
81.58
81.53
81.52
81.49
81.50
81.45
81.47
81.52
81.48
81.47
81.48
81.49
81.49
81.52
81.49
81.50
81.50
81.53
81.55
81.56
81.54
81.55
81.54
81.53
81.55
81.55
81.55
81.57
81.59
81.61
81.61
81.59
81.58
81.59
81.56
81.56
81.61
81.63
81.65
81.64
81.66
81.63
81.61
81.64
81.66
81.68
81.70
81.70
81.70
81.70
81.69
81.67
81.68
81.67
81.67
81.68
81.67
81.65
81.65
81.63
81.66
81.67
81.68
81.70
81.66
81.68
81.68
81.68
81.70
81.72
81.72
81.73
81.68
81.68
81.65
81.64
81.62
81.60
81.60
81.61
81.60
81.57
81.54
81.56
81.59
81.61
81.62
81.63
81.65
81.66
81.67
81.67
81.67
81.65
81.66
81.66
81.68
81.69
81.66
81.67
81.64
81.63
81.63
81.64
81.63
81.63
81.62
81.60
81.61
81.62
81.62
81.61
81.58
81.55
81.54
81.55
81.55
81.56
81.55
81.53
81.51
81.50
81.48
81.49
81.48
81.47
81.49
81.50
81.50
81.50
81.50
81.50
81.49
81.49
81.51
81.52
81.52
81.52
81.53
81.53
81.54
81.52
81.51
81.53
81.56
81.57
81.57
81.57
81.57
81.57
81.57
81.55
81.55
81.54
81.55
81.58
81.59
81.56
81.56
81.58
81.59
81.59
81.57
81.57
81.56
81.55
81.57
81.56
81.56
81.52
81.50
81.52
81.48
81.49
81.49
81.49
81.52
81.52
81.52
81.52
81.54
81.55
81.56
81.53
81.54
81.55
81.54
81.53
81.53
81.55
81.53
81.53
81.52
81.53
81.54
81.56
81.55
81.55
81.56
81.56
81.57
81.58
81.58
81.58
81.59
81.57
81.59
81.60
81.58
81.58
81.59
81.59
81.59
81.60
81.61
81.61
81.61
81.63
81.63
81.63
81.63
81.64
81.65
81.65
81.67
81.66
81.67
81.69
81.69
81.68
81.68
81.65
81.66
81.66
81.66
81.67
81.67
81.67
81.66
81.65
81.65
81.63
81.64
81.66
81.63
81.64
81.63
81.63
81.65
81.67
81.66
81.66
81.65
81.65
81.65
81.66
81.67
81.68
81.68
81.66
81.65
81.64
81.64
81.61
81.63
81.62
81.63
81.61
81.59
81.60
81.60
81.59
81.61
81.60
81.60
81.61
81.63
81.63
81.65
81.65
81.66
81.65
81.65
81.64
81.63
81.63
81.62
81.61
81.61
81.62
81.62
81.60
81.60
81.59
81.59
81.57
81.59
81.58
81.58
81.58
81.57
81.58
81.57
81.56
81.57
81.58
81.59
81.59
81.59
81.59
81.58
81.58
81.56
81.56
81.57
81.56
81.57
81.57
81.59
81.58
81.58
81.58
81.57
81.60
81.59
81.58
81.59
81.58
81.59
81.59
81.60
81.60
81.61
81.63
81.64
81.61
81.60
81.60
81.61
81.61
81.61
81.60
81.60
81.61
81.61
81.61
81.59
81.59
81.58
81.56
81.56
81.56
81.55
81.55
81.56
81.55
81.55
81.55
81.55
81.54
81.54
81.54
81.56
81.54
81.53
81.53
81.55
81.54
81.54
81.52
81.53
81.53
81.52
81.54
81.54
81.54
81.53
81.52
81.54
81.53
81.53
81.54
81.54
81.54
81.56
81.56
81.58
81.58
81.58
81.58
81.57
81.57
81.57
81.58
81.58
81.58
81.58
81.56
81.54
81.53
81.53
81.52
81.52
81.53
81.53
81.52
81.53
81.52
81.52
81.53
81.53
81.53
81.53
81.54
81.55
81.54
81.52
81.52
81.52
81.52
81.51
81.51
81.50
81.51
81.51
81.52
81.52
81.54
81.54
81.54
81.53
81.53
81.53
81.54
81.53
81.53
81.53
81.53
81.52
81.51
81.51
81.50
81.49
81.49
81.48
81.48
81.49
81.48
81.49
81.49
81.50
81.50
81.50
81.51
81.50
81.50
81.51
81.52
81.52
81.53
81.55
81.55
81.55
81.55
81.54
81.55
81.54
81.53
81.54
81.54
81.54
81.55
81.55
81.55
81.55
81.56
81.57
81.55
81.56
81.56
81.56
81.57
81.57
81.57
81.57
81.57
81.58
81.58
81.57
81.58
81.59
81.59
81.59
81.59
81.60
81.59
81.60
81.60
81.59
81.60
81.60
81.60
81.59
81.59
81.59
81.59
81.58
81.57
81.57
81.57
81.57
81.56
81.58
81.58
81.57
81.56
81.55
81.56
81.57
81.57
81.56
81.56
81.57
81.58
81.57
81.57
81.57
81.59
81.59
81.59
81.58
81.58
81.59
81.59
81.58
81.59
81.59
81.60
81.59
81.59
81.59
81.59
81.59
81.60
81.60
81.61
81.62
81.62
81.62
81.61
81.60
81.62
81.62
81.60
81.60
81.59
81.59
81.59
81.60
81.60
81.61
81.61
81.61
81.61
81.62
81.61
81.62
81.62
81.64
81.63
81.64
81.62
81.63
81.63
81.64
81.65
81.64
81.64
81.65
81.64
81.64
81.63
81.64
81.65
81.65
81.65
81.64
81.63
81.62
81.63
81.62
81.62
81.62
81.63
81.63
81.63
81.63
81.63
81.63
81.63
81.63
81.63
81.64
81.64
81.64
81.63
81.64
81.55
