4.69
5.47
5.21
5.08
4.38
5.21
4.91
4.69
5.03
5.62
5.68
5.86
6.25
6.03
6.04
6.15
6.25
5.99
5.84
5.86
5.88
5.75
5.84
5.86
6.06
6.19
6.25
6.36
6.41
6.25
6.20
6.20
6.25
6.34
6.43
6.47
6.46
6.54
6.53
6.41
6.36
6.29
6.29
6.32
6.39
6.39
6.25
6.18
6.22
6.19
6.13
6.04
6.13
6.05
6.11
6.14
6.06
6.01
5.96
5.94
5.99
5.95
5.93
5.96
5.91
6.01
5.97
6.07
6.07
6.12
6.05
6.05
6.12
6.12
6.10
6.09
6.07
6.05
6.11
6.19
6.19
6.23
6.21
6.18
6.27
6.29
6.29
6.29
6.36
6.32
6.30
6.28
6.32
6.35
6.37
6.40
6.44
6.39
6.42
6.42
6.40
6.37
6.33
6.30
6.28
6.31
6.28
6.25
6.26
6.24
6.25
6.31
6.36
6.32
6.30
6.34
6.30
6.30
6.29
6.29
6.24
6.26
6.28
6.24
6.25
6.26
6.29
6.25
6.23
6.20
6.18
6.17
6.16
6.16
6.13
6.11
6.09
6.09
6.09
6.12
6.09
6.08
6.13
6.17
6.19
6.21
6.22
6.28
6.33
6.31
6.32
6.28
6.27
6.29
6.31
6.32
6.31
6.30
6.30
6.30
6.32
6.35
6.34
6.34
6.32
6.31
6.31
6.30
6.27
6.30
6.30
6.35
6.33
6.35
6.35
6.35
6.34
6.34
6.32
6.33
6.31
6.30
6.31
6.31
6.29
6.29
6.32
6.32
6.37
6.38
6.41
6.41
6.42
6.40
6.39
6.40
6.41
6.42
6.42
6.41
6.39
6.40
6.42
6.41
6.40
6.39
6.39
6.40
6.41
6.44
6.42
6.42
6.42
6.40
6.40
6.43
6.45
6.45
6.46
6.44
6.42
6.43
6.43
6.42
6.42
6.40
6.41
6.42
6.42
6.43
6.45
6.44
6.43
6.42
6.44
6.42
6.41
6.41
6.39
6.39
6.39
6.38
6.36
6.36
6.38
6.38
6.38
6.38
6.36
6.36
6.36
6.36
6.35
6.34
6.35
6.36
6.37
6.35
6.36
6.37
6.36
6.35
6.36
6.37
6.38
6.40
6.38
6.38
6.37
6.37
6.35
6.35
6.34
6.34
6.35
6.34
6.35
6.33
6.32
6.34
6.34
6.37
6.37
6.35
6.35
6.35
6.36
6.37
6.37
6.36
6.35
6.35
6.38
6.38
6.37
6.37
6.35
6.34
6.35
6.36
6.35
6.34
6.33
6.33
6.32
6.31
6.31
6.29
6.30
6.30
6.30
6.30
6.29
6.28
6.28
6.31
6.30
6.30
6.31
6.32
6.31
6.30
6.29
6.30
6.32
6.31
6.30
6.30
6.32
6.31
6.31
6.31
6.31
6.31
6.31
6.31
6.31
6.32
6.31
6.32
6.32
6.31
6.31
6.30
6.31
6.33
6.32
6.31
6.31
6.31
6.32
6.33
6.32
6.31
6.29
6.29
6.29
6.28
6.29
6.28
6.28
6.28
6.28
6.27
6.28
6.28
6.28
6.28
6.28
6.28
6.28
6.27
6.28
6.28
6.28
6.29
6.29
6.28
6.27
6.27
6.28
6.27
6.28
6.29
6.29
6.29
6.30
6.30
6.29
6.30
6.30
6.30
6.29
6.28
6.27
6.27
6.27
6.26
6.25
6.25
6.24
6.23
6.23
6.23
6.22
6.23
6.23
6.23
6.23
6.22
6.23
6.22
6.22
6.21
6.20
6.23
6.25
6.25
6.25
6.25
6.25
6.24
6.23
6.23
6.24
6.23
6.22
6.21
6.22
6.21
6.22
6.21
6.20
6.20
6.20
6.20
6.20
6.20
6.20
6.20
6.20
6.20
6.19
6.19
6.19
6.19
6.19
6.20
6.20
6.19
6.19
6.20
6.19
6.18
6.18
6.19
6.19
6.18
6.18
6.18
6.18
6.17
6.17
6.16
6.16
6.17
6.17
6.18
6.17
6.18
6.19
6.19
6.19
6.18
6.18
6.17
6.17
6.17
6.17
6.18
6.19
6.20
6.20
6.21
6.21
6.21
6.21
6.21
6.21
6.21
6.23
6.22
6.23
6.23
6.24
6.24
6.24
6.23
6.23
6.23
6.23
6.22
6.23
6.22
6.21
6.20
6.20
6.20
6.20
6.20
6.19
6.20
6.20
6.20
6.19
6.20
6.19
6.18
6.18
6.17
6.16
6.17
6.16
6.17
6.16
6.17
6.16
6.16
6.17
6.17
6.18
6.18
6.19
6.21
6.21
6.21
6.21
6.20
6.20
6.20
6.20
6.20
6.20
6.20
6.20
6.20
6.20
6.20
6.19
6.18
6.18
6.17
6.17
6.17
6.16
6.17
6.17
6.17
6.17
6.17
6.17
6.17
6.18
6.18
6.18
6.18
6.18
6.17
6.16
6.16
6.17
6.18
6.17
6.17
6.16
6.16
6.17
6.17
6.17
6.17
6.17
6.17
6.17
6.18
6.17
6.18
6.16
6.16
6.17
6.16
6.15
6.15
6.16
6.16
6.16
6.16
6.17
6.16
6.17
6.18
6.18
6.19
6.18
6.19
6.19
6.19
6.19
6.19
6.18
6.19
6.19
6.18
6.19
6.19
6.20
6.20
6.21
6.21
6.21
6.21
6.21
6.21
6.22
6.23
6.23
6.23
6.24
6.24
6.24
6.25
6.25
6.25
6.25
6.25
6.25
6.25
6.24
6.24
6.25
6.24
6.25
6.25
6.25
6.27
6.27
6.27
6.27
6.27
6.27
6.26
6.28
6.28
6.28
6.28
6.28
6.28
6.29
6.29
6.28
6.27
6.27
6.27
6.27
6.27
6.26
6.25
6.25
6.25
6.25
6.25
6.25
6.25
6.25
6.24
6.25
6.24
6.24
6.23
6.23
6.23
6.23
6.24
6.24
6.24
6.23
6.23
6.22
6.22
6.22
6.22
6.21
6.21
6.21
6.22
6.22
6.21
6.21
6.23
6.23
6.23
6.23
6.23
6.23
6.22
6.22
6.21
6.21
6.21
6.21
6.20
6.20
6.20
6.20
6.19
6.20
6.20
6.21
6.21
6.20
6.20
6.20
6.19
6.20
6.19
6.20
6.19
6.18
6.19
6.18
6.18
6.18
6.18
6.18
6.17
6.18
6.18
6.18
6.17
6.17
6.17
6.17
6.17
6.17
6.17
6.16
6.16
6.15
6.15
6.14
6.15
6.15
6.15
6.15
6.15
6.17
6.16
6.16
6.15
6.15
6.16
6.15
6.15
6.15
6.16
6.15
6.15
6.15
6.14
6.14
6.15
6.15
6.15
6.15
6.15
6.15
6.15
6.15
6.16
6.16
6.16
6.16
6.16
