82.81
80.47
81.25
81.64
81.56
78.65
77.90
77.54
77.95
78.28
78.98
79.04
80.17
79.58
79.06
79.20
79.50
79.69
79.77
80.00
80.43
80.54
80.57
80.53
80.62
80.71
80.67
81.03
81.03
80.94
80.80
80.81
80.73
80.74
80.49
80.51
80.62
80.76
80.69
80.82
80.68
80.80
80.81
80.61
80.76
80.94
81.05
81.12
81.06
81.03
81.16
81.22
81.16
81.19
81.22
81.39
81.33
81.30
81.25
81.33
81.48
81.55
81.67
81.67
81.71
81.63
81.76
81.69
81.70
81.72
81.71
81.73
81.61
81.74
81.75
81.81
81.78
81.85
81.92
81.89
81.81
81.90
81.93
81.92
81.88
81.83
81.84
81.89
81.83
81.77
81.78
81.76
81.84
81.70
81.61
81.69
81.72
81.76
81.76
81.69
81.68
81.72
81.72
81.75
81.70
81.75
81.72
81.73
81.77
81.76
81.77
81.74
81.68
81.69
81.59
81.55
81.58
81.62
81.57
81.50
81.48
81.48
81.47
81.50
81.47
81.45
81.48
81.51
81.56
81.50
81.58
81.62
81.60
81.63
81.62
81.59
81.56
81.56
81.56
81.58
81.57
81.65
81.67
81.69
81.75
81.71
81.76
81.77
81.78
81.80
81.81
81.82
81.82
81.82
81.84
81.90
81.90
81.89
81.90
81.93
81.93
81.93
81.94
81.97
81.97
81.97
82.04
81.98
81.96
81.97
82.00
81.97
81.95
81.92
81.96
81.90
81.91
81.90
81.90
81.88
81.89
81.90
81.92
81.92
81.84
81.82
81.83
81.83
81.84
81.86
81.88
81.88
81.84
81.85
81.83
81.85
81.80
81.80
81.79
81.78
81.80
81.78
81.77
81.78
81.75
81.71
81.73
81.75
81.75
81.79
81.81
81.80
81.77
81.76
81.78
81.75
81.73
81.72
81.72
81.70
81.70
81.73
81.73
81.75
81.72
81.71
81.70
81.71
81.72
81.73
81.72
81.76
81.75
81.72
81.72
81.77
81.78
81.72
81.72
81.71
81.72
81.72
81.72
81.72
81.73
81.76
81.77
81.79
81.75
81.76
81.73
81.72
81.74
81.77
81.78
81.82
81.82
81.86
81.84
81.83
81.80
81.82
81.81
81.81
81.81
81.80
81.78
81.73
81.73
81.71
81.69
81.69
81.69
81.69
81.67
81.66
81.65
81.67
81.67
81.70
81.70
81.70
81.71
81.68
81.67
81.65
81.67
81.66
81.66
81.66
81.67
81.66
81.61
81.62
81.58
81.57
81.56
81.56
81.56
81.55
81.55
81.56
81.58
81.58
81.59
81.62
81.60
81.62
81.62
81.60
81.61
81.62
81.64
81.64
81.65
81.65
81.66
81.67
81.68
81.66
81.67
81.67
81.70
81.69
81.70
81.70
81.72
81.68
81.70
81.71
81.72
81.70
81.68
81.68
81.66
81.65
81.65
81.63
81.64
81.64
81.64
81.64
81.64
81.64
81.63
81.62
81.63
81.59
81.58
81.61
81.59
81.60
81.59
81.59
81.58
81.57
81.57
81.58
81.59
81.58
81.57
81.59
81.59
81.56
81.59
81.60
81.59
81.59
81.59
81.61
81.62
81.61
81.60
81.58
81.58
81.56
81.58
81.58
81.58
81.57
81.57
81.59
81.58
81.59
81.59
81.59
81.61
81.59
81.60
81.61
81.62
81.63
81.62
81.59
81.58
81.61
81.58
81.58
81.58
81.58
81.60
81.59
81.60
81.61
81.60
81.62
81.62
81.63
81.64
81.65
81.67
81.68
81.69
81.68
81.66
81.69
81.68
81.67
81.66
81.67
81.66
81.68
81.69
81.70
81.69
81.70
81.70
81.70
81.70
81.72
81.73
81.75
81.74
81.76
81.74
81.75
81.75
81.75
81.75
81.74
81.75
81.74
81.75
81.74
81.73
81.75
81.73
81.74
81.75
81.75
81.75
81.76
81.75
81.72
81.73
81.75
81.75
81.74
81.76
81.75
81.72
81.71
81.72
81.72
81.71
81.72
81.72
81.73
81.73
81.72
81.73
81.72
81.72
81.71
81.73
81.71
81.72
81.74
81.73
81.73
81.74
81.75
81.74
81.76
81.75
81.75
81.75
81.75
81.75
81.76
81.74
81.74
81.75
81.77
81.77
81.79
81.79
81.79
81.79
81.81
81.80
81.80
81.80
81.79
81.78
81.77
81.77
81.78
81.78
81.77
81.77
81.77
81.76
81.76
81.76
81.73
81.73
81.73
81.74
81.75
81.74
81.72
81.73
81.72
81.72
81.71
81.69
81.70
81.71
81.70
81.71
81.69
81.68
81.67
81.67
81.68
81.69
81.71
81.72
81.72
81.73
81.73
81.74
81.74
81.74
81.75
81.75
81.75
81.76
81.76
81.75
81.74
81.74
81.75
81.75
81.74
81.74
81.74
81.73
81.73
81.73
81.73
81.74
81.74
81.75
81.77
81.77
81.78
81.78
81.77
81.76
81.77
81.78
81.78
81.77
81.78
81.77
81.77
81.78
81.78
81.77
81.78
81.77
81.76
81.76
81.77
81.77
81.76
81.76
81.76
81.76
81.76
81.77
81.76
81.75
81.74
81.76
81.75
81.75
81.74
81.72
81.71
81.72
81.72
81.73
81.74
81.75
81.76
81.76
81.74
81.74
81.75
81.75
81.75
81.75
81.75
81.75
81.75
81.75
81.76
81.78
81.79
81.78
81.78
81.78
81.79
81.79
81.77
81.76
81.75
81.75
81.76
81.77
81.76
81.77
81.76
81.77
81.77
81.77
81.79
81.78
81.78
81.78
81.78
81.79
81.77
81.78
81.79
81.80
81.80
81.79
81.79
81.80
81.80
81.80
81.80
81.80
81.79
81.80
81.79
81.79
81.78
81.77
81.77
81.75
81.76
81.76
81.76
81.75
81.75
81.75
81.74
81.74
81.74
81.74
81.75
81.75
81.75
81.77
81.78
81.78
81.78
81.78
81.78
81.78
81.79
81.79
81.80
81.79
81.80
81.80
81.79
81.78
81.78
81.78
81.78
81.79
81.79
81.80
81.80
81.80
81.79
81.79
81.79
81.81
81.81
81.81
81.82
81.83
81.83
81.82
81.82
81.82
81.82
81.80
81.80
81.81
81.80
81.78
81.78
81.80
81.79
81.78
81.77
81.77
81.77
81.77
81.77
81.78
81.77
81.75
81.75
81.75
81.75
81.76
81.76
81.76
81.75
81.76
81.76
81.75
81.76
81.76
81.76
81.76
81.76
81.76
81.77
81.76
81.76
81.76
81.75
81.76
81.76
81.77
81.76
81.77
81.77
81.78
81.78
81.79
81.79
81.78
81.78
81.78
81.78
81.77
81.76
81.77
81.76
81.77
81.77
81.77
81.78
81.79
81.79
81.80
81.80
81.79
81.79
81.80
81.72
