73.44
78.91
78.65
79.69
80.31
78.91
79.24
79.88
79.51
79.84
79.83
80.21
80.29
81.25
81.67
81.84
82.08
82.38
82.57
82.58
82.51
81.68
82.07
81.77
82.12
82.03
81.89
81.86
81.90
81.82
81.80
81.79
81.68
81.71
81.52
81.64
81.55
81.50
81.69
81.68
81.67
81.51
81.47
81.53
81.53
81.56
81.62
81.67
81.76
81.72
81.86
81.79
81.75
81.86
81.73
81.81
81.83
81.87
81.81
81.90
81.86
82.01
82.04
82.08
82.07
82.13
82.07
82.05
82.11
82.01
81.95
82.05
82.02
81.97
81.90
81.87
81.86
81.91
81.94
81.97
81.94
81.88
81.87
81.90
81.91
81.85
81.88
81.92
82.02
82.00
82.06
82.08
82.04
82.05
82.07
82.10
82.09
82.14
82.10
82.19
82.18
82.23
82.25
82.17
82.17
82.19
82.20
82.20
82.15
82.14
82.14
82.14
82.16
82.13
82.17
82.21
82.16
82.15
82.16
82.11
82.14
82.07
82.05
82.09
82.12
82.17
82.21
82.19
82.13
82.19
82.17
82.14
82.19
82.17
82.15
82.18
82.17
82.12
82.15
82.18
82.13
82.10
82.08
82.04
82.07
82.08
82.08
82.13
82.07
82.03
82.03
82.00
81.93
81.94
81.98
81.98
81.99
81.96
81.93
81.90
81.92
81.90
81.98
82.01
81.97
81.99
81.99
81.96
81.98
82.00
81.93
81.91
81.93
81.94
81.98
81.98
82.00
81.99
81.99
81.99
82.06
82.01
82.01
82.04
82.08
82.10
82.10
82.15
82.14
82.13
82.13
82.14
82.16
82.16
82.20
82.20
82.19
82.20
82.22
82.19
82.21
82.20
82.17
82.22
82.20
82.21
82.16
82.18
82.17
82.19
82.18
82.19
82.21
82.21
82.19
82.17
82.21
82.18
82.21
82.19
82.18
82.19
82.16
82.17
82.18
82.20
82.19
82.18
82.16
82.13
82.09
82.09
82.08
82.06
82.05
82.07
82.06
82.08
82.07
82.06
82.05
82.06
82.05
82.02
82.02
82.02
82.00
81.97
81.99
81.99
82.00
81.99
81.99
81.96
81.95
81.95
81.96
81.92
81.95
81.96
81.97
81.98
81.98
81.99
82.00
82.00
82.00
82.00
82.02
82.03
82.02
82.06
82.05
82.05
82.06
82.05
82.04
82.01
82.01
82.00
81.97
81.99
82.00
81.99
81.98
81.98
81.96
81.94
81.95
81.92
81.93
81.93
81.95
81.97
81.95
81.95
81.97
81.95
81.93
81.94
81.97
81.99
82.00
82.02
82.00
82.01
81.99
82.00
82.02
82.03
82.03
82.03
82.01
82.01
82.02
82.04
82.04
82.03
82.02
82.00
82.00
82.01
82.03
82.03
82.02
81.97
81.99
81.96
81.95
81.96
81.97
81.96
81.96
81.97
81.98
82.01
82.01
82.03
82.02
82.02
82.02
82.01
82.02
82.04
82.03
82.04
82.07
82.07
82.07
82.04
82.04
82.04
82.06
82.04
82.03
82.04
82.04
82.03
82.00
81.99
81.98
82.00
81.99
81.99
82.00
81.98
81.99
81.97
81.98
81.99
81.98
81.99
82.00
81.99
81.99
81.98
81.96
81.99
82.02
82.03
82.00
82.00
82.00
81.99
81.99
81.99
81.98
82.01
82.02
82.01
82.00
81.99
81.99
82.00
82.00
82.01
81.99
81.98
82.01
82.01
82.01
82.04
82.06
82.07
82.06
82.06
82.04
82.05
82.05
82.02
82.02
82.01
82.02
82.04
82.02
82.01
82.03
82.03
82.01
82.02
82.03
82.03
82.04
82.06
82.05
82.04
82.05
82.03
82.04
82.01
81.99
81.99
81.98
81.98
81.98
81.98
81.99
81.98
81.97
81.96
81.96
81.92
81.93
81.94
81.93
81.93
81.93
81.92
81.94
81.94
81.95
81.98
82.00
81.99
82.00
81.99
82.00
82.01
82.01
82.00
81.99
81.99
82.00
81.99
82.00
81.99
82.01
82.00
82.00
81.99
82.00
82.00
82.00
81.99
81.97
81.97
81.96
81.96
81.95
81.95
81.94
81.94
81.94
81.94
81.95
81.94
81.94
81.92
81.91
81.87
81.88
81.88
81.90
81.90
81.90
81.89
81.88
81.87
81.87
81.87
81.86
81.88
81.88
81.88
81.87
81.87
81.88
81.87
81.88
81.90
81.90
81.90
81.91
81.91
81.91
81.91
81.91
81.92
81.92
81.92
81.93
81.94
81.94
81.95
81.96
81.96
81.96
81.95
81.95
81.96
81.96
81.96
81.96
81.94
81.93
81.93
81.94
81.93
81.93
81.92
81.92
81.91
81.91
81.91
81.90
81.89
81.89
81.90
81.91
81.91
81.92
81.91
81.90
81.91
81.90
81.89
81.89
81.90
81.90
81.90
81.91
81.91
81.91
81.89
81.89
81.88
81.88
81.88
81.90
81.89
81.90
81.90
81.91
81.93
81.93
81.93
81.92
81.92
81.90
81.89
81.89
81.89
81.89
81.90
81.90
81.89
81.89
81.89
81.88
81.88
81.85
81.85
81.87
81.86
81.85
81.84
81.83
81.85
81.84
81.84
81.83
81.82
81.83
81.82
81.83
81.82
81.82
81.83
81.84
81.84
81.84
81.84
81.85
81.84
81.84
81.84
81.85
81.86
81.86
81.87
81.87
81.87
81.87
81.87
81.88
81.87
81.89
81.89
81.90
81.88
81.88
81.89
81.90
81.91
81.89
81.90
81.89
81.90
81.89
81.88
81.88
81.88
81.89
81.89
81.88
81.89
81.89
81.88
81.87
81.88
81.87
81.89
81.89
81.88
81.89
81.87
81.88
81.88
81.89
81.88
81.89
81.88
81.88
81.89
81.89
81.89
81.89
81.88
81.89
81.90
81.89
81.89
81.89
81.89
81.90
81.89
81.89
81.90
81.89
81.89
81.90
81.90
81.90
81.90
81.89
81.88
81.88
81.88
81.89
81.89
81.90
81.91
81.90
81.91
81.91
81.91
81.92
81.92
81.93
81.93
81.94
81.93
81.93
81.93
81.92
81.92
81.93
81.93
81.93
81.94
81.95
81.95
81.96
81.94
81.94
81.95
81.94
81.94
81.94
81.93
81.93
81.93
81.93
81.94
81.94
81.93
81.94
81.95
81.96
81.96
81.95
81.94
81.93
81.93
81.93
81.93
81.93
81.92
81.92
81.93
81.93
81.91
81.92
81.92
81.91
81.91
81.92
81.93
81.93
81.93
81.92
81.91
81.91
81.92
81.92
81.92
81.92
81.92
81.91
81.91
81.91
81.91
81.91
81.91
81.92
81.92
81.92
81.93
81.93
81.93
81.93
81.94
81.94
81.93
81.95
81.95
81.94
81.94
81.95
81.96
81.96
81.88
