1.56
2.34
3.12
2.34
2.19
1.82
1.79
1.56
1.39
1.25
1.56
1.56
1.44
1.56
1.46
1.46
1.65
1.65
1.81
1.80
1.79
1.85
1.77
1.76
1.75
1.68
1.62
1.62
1.67
1.67
1.61
1.66
1.70
1.70
1.70
1.65
1.60
1.60
1.56
1.56
1.56
1.53
1.53
1.49
1.46
1.49
1.50
1.46
1.53
1.53
1.50
1.56
1.59
1.56
1.59
1.62
1.59
1.64
1.69
1.72
1.69
1.69
1.69
1.66
1.68
1.68
1.66
1.63
1.65
1.63
1.63
1.61
1.61
1.65
1.63
1.62
1.60
1.62
1.62
1.64
1.66
1.68
1.69
1.69
1.69
1.67
1.67
1.67
1.65
1.67
1.67
1.70
1.70
1.68
1.71
1.71
1.72
1.72
1.72
1.72
1.73
1.73
1.71
1.71
1.73
1.71
1.71
1.72
1.73
1.73
1.72
1.72
1.70
1.70
1.75
1.76
1.75
1.75
1.73
1.77
1.78
1.78
1.78
1.78
1.80
1.79
1.80
1.81
1.79
1.80
1.81
1.83
1.82
1.84
1.84
1.85
1.84
1.83
1.84
1.84
1.83
1.84
1.82
1.83
1.82
1.82
1.82
1.82
1.80
1.82
1.82
1.81
1.82
1.83
1.82
1.82
1.82
1.82
1.82
1.81
1.80
1.78
1.77
1.77
1.79
1.78
1.78
1.79
1.78
1.79
1.78
1.80
1.81
1.80
1.79
1.79
1.79
1.82
1.82
1.81
1.82
1.85
1.86
1.85
1.86
1.85
1.85
1.85
1.84
1.84
1.84
1.83
1.83
1.84
1.83
1.82
1.82
1.82
1.81
1.82
1.84
1.84
1.83
1.82
1.81
1.81
1.80
1.81
1.82
1.84
1.84
1.83
1.83
1.83
1.82
1.81
1.83
1.83
1.83
1.83
1.82
1.84
1.85
1.85
1.85
1.84
1.84
1.84
1.83
1.84
1.85
1.86
1.86
1.85
1.86
1.87
1.88
1.88
1.88
1.88
1.87
1.88
1.87
1.86
1.87
1.87
1.86
1.85
1.88
1.87
1.89
1.88
1.87
1.87
1.87
1.88
1.88
1.87
1.87
1.88
1.88
1.88
1.88
1.87
1.87
1.87
1.87
1.87
1.87
1.87
1.87
1.87
1.88
1.89
1.89
1.89
1.89
1.89
1.90
1.90
1.90
1.90
1.89
1.89
1.88
1.88
1.88
1.88
1.87
1.88
1.87
1.87
1.87
1.87
1.87
1.87
1.87
1.88
1.88
1.87
1.87
1.86
1.86
1.86
1.85
1.85
1.86
1.87
1.88
1.88
1.88
1.88
1.89
1.89
1.89
1.89
1.89
1.89
1.89
1.89
1.89
1.89
1.89
1.90
1.89
1.89
1.89
1.89
1.89
1.89
1.89
1.90
1.90
1.90
1.90
1.90
1.90
1.89
1.89
1.89
1.89
1.90
1.90
1.89
1.90
1.91
1.90
1.90
1.91
1.90
1.90
1.90
1.91
1.91
1.91
1.92
1.92
1.91
1.92
1.92
1.92
1.92
1.92
1.92
1.92
1.91
1.91
1.91
1.91
1.92
1.92
1.92
1.92
1.92
1.92
1.92
1.92
1.91
1.91
1.91
1.90
1.91
1.91
1.90
1.90
1.89
1.90
1.91
1.90
1.90
1.91
1.91
1.92
1.92
1.92
1.92
1.92
1.92
1.91
1.91
1.91
1.90
1.90
1.90
1.91
1.91
1.90
1.91
1.90
1.90
1.89
1.90
1.90
1.91
1.91
1.90
1.90
1.90
1.90
1.90
1.90
1.91
1.91
1.91
1.92
1.92
1.92
1.92
1.91
1.91
1.91
1.91
1.91
1.90
1.90
1.90
1.91
1.91
1.91
1.91
1.91
1.91
1.91
1.91
1.91
1.91
1.91
1.90
1.91
1.92
1.92
1.93
1.93
1.93
1.93
1.93
1.93
1.93
1.94
1.94
1.93
1.94
1.93
1.93
1.93
1.92
1.92
1.92
1.92
1.92
1.91
1.92
1.92
1.92
1.92
1.92
1.92
1.93
1.93
1.93
1.94
1.94
1.94
1.94
1.94
1.94
1.94
1.94
1.94
1.94
1.93
1.94
1.94
1.94
1.94
1.94
1.94
1.93
1.93
1.93
1.93
1.93
1.94
1.94
1.93
1.93
1.94
1.93
1.94
1.94
1.94
1.94
1.94
1.94
1.93
1.93
1.94
1.94
1.94
1.94
1.94
1.94
1.94
1.94
1.93
1.94
1.93
1.94
1.94
1.94
1.94
1.94
1.94
1.94
1.94
1.93
1.93
1.93
1.93
1.94
1.94
1.93
1.93
1.93
1.93
1.93
1.93
1.92
1.92
1.92
1.93
1.92
1.92
1.92
1.92
1.92
1.93
1.92
1.93
1.94
1.94
1.93
1.93
1.93
1.93
1.93
1.93
1.93
1.93
1.93
1.93
1.93
1.93
1.93
1.92
1.92
1.92
1.92
1.92
1.92
1.92
1.92
1.92
1.92
1.92
1.92
1.92
1.92
1.92
1.91
1.91
1.92
1.92
1.92
1.92
1.92
1.93
1.93
1.93
1.93
1.94
1.94
1.94
1.94
1.93
1.93
1.93
1.94
1.94
1.94
1.94
1.93
1.93
1.93
1.92
1.93
1.92
1.92
1.92
1.93
1.92
1.92
1.92
1.92
1.92
1.92
1.92
1.93
1.93
1.93
1.93
1.93
1.92
1.92
1.92
1.92
1.92
1.92
1.92
1.91
1.92
1.92
1.93
1.93
1.93
1.93
1.93
1.93
1.92
1.93
1.92
1.93
1.92
1.92
1.92
1.93
1.93
1.92
1.92
1.93
1.93
1.93
1.94
1.94
1.95
1.95
1.94
1.94
1.94
1.94
1.94
1.94
1.95
1.95
1.94
1.94
1.94
1.94
1.94
1.94
1.94
1.94
1.94
1.94
1.94
1.94
1.94
1.93
1.93
1.93
1.94
1.94
1.95
1.95
1.94
1.94
1.94
1.94
1.94
1.94
1.95
1.95
1.95
1.95
1.95
1.95
1.94
1.94
1.94
1.94
1.94
1.94
1.94
1.94
1.94
1.94
1.94
1.94
1.94
1.94
1.93
1.93
1.93
1.93
1.93
1.93
1.93
1.93
1.93
1.93
1.93
1.93
1.93
1.93
1.93
1.93
1.93
1.93
1.93
1.93
1.93
1.93
1.93
1.93
1.93
1.92
1.92
1.92
1.92
1.92
1.92
1.92
1.92
1.92
1.92
1.91
1.92
1.92
1.92
1.92
1.92
1.92
1.92
1.92
1.92
1.92
1.93
1.92
1.92
1.92
1.92
1.92
1.92
1.92
1.93
1.92
1.92
1.92
1.92
1.92
1.91
1.91
