84.38
84.38
85.42
84.77
86.25
84.64
83.71
83.20
83.51
83.44
82.67
82.42
82.45
83.04
82.40
82.62
82.54
82.64
82.81
83.12
83.04
83.03
82.81
82.68
82.56
82.87
82.58
82.59
82.65
82.55
82.41
82.37
82.53
82.44
82.23
82.29
82.35
82.03
81.97
82.15
82.20
82.22
82.16
82.28
82.33
82.44
82.38
82.42
82.59
82.56
82.69
82.69
82.72
82.73
82.56
82.62
82.65
82.70
82.65
82.58
82.53
82.59
82.66
82.62
82.81
82.74
82.81
82.77
82.68
82.72
82.61
82.62
82.64
82.66
82.65
82.46
82.55
82.53
82.54
82.56
82.47
82.41
82.29
82.31
82.22
82.19
82.22
82.14
82.09
82.19
82.04
82.07
82.07
82.06
82.06
81.98
82.01
81.98
81.94
81.83
81.76
81.74
81.80
81.75
81.79
81.78
81.80
81.76
81.79
81.79
81.83
81.91
81.98
81.99
81.97
82.06
82.01
82.00
82.02
82.04
82.06
82.03
81.97
81.94
81.97
81.99
82.05
81.99
81.95
81.96
81.97
81.96
81.98
81.97
81.98
82.05
82.13
82.16
82.17
82.18
82.19
82.19
82.18
82.17
82.10
82.03
81.99
82.03
82.06
82.06
82.00
82.02
82.02
82.06
82.07
82.07
82.01
81.96
81.98
81.98
82.01
82.08
82.11
82.09
82.07
82.11
82.07
82.03
82.05
82.06
82.05
82.10
82.13
82.13
82.13
82.11
82.14
82.15
82.11
82.11
82.14
82.15
82.11
82.12
82.11
82.16
82.14
82.16
82.17
82.23
82.24
82.23
82.23
82.25
82.26
82.26
82.24
82.22
82.18
82.18
82.20
82.23
82.17
82.17
82.16
82.21
82.19
82.22
82.20
82.18
82.15
82.13
82.17
82.16
82.17
82.18
82.19
82.20
82.21
82.19
82.20
82.14
82.15
82.18
82.15
82.14
82.12
82.11
82.10
82.09
82.08
82.05
82.09
82.08
82.10
82.10
82.10
82.14
82.18
82.17
82.15
82.14
82.14
82.08
82.07
82.04
82.06
82.06
82.05
82.03
82.05
82.06
82.05
82.07
82.10
82.08
82.07
82.04
82.03
82.04
82.04
82.04
82.00
82.00
82.00
82.01
82.03
82.01
82.02
82.01
82.04
82.02
82.03
82.00
82.01
82.01
81.98
81.96
82.01
82.03
82.02
82.02
82.00
82.00
82.00
82.01
82.01
82.00
81.97
81.98
81.97
81.98
81.97
81.96
81.98
81.96
81.97
81.98
81.98
81.99
81.97
81.95
81.98
81.97
81.94
81.93
81.91
81.91
81.92
81.95
81.94
81.96
81.95
81.93
81.94
81.92
81.90
81.89
81.92
81.93
81.93
81.93
81.94
81.94
81.95
81.94
81.96
81.95
81.96
81.94
81.95
81.94
81.91
81.90
81.88
81.89
81.89
81.90
81.90
81.90
81.92
81.90
81.86
81.88
81.88
81.86
81.88
81.87
81.89
81.91
81.91
81.92
81.94
81.94
81.92
81.93
81.93
81.94
81.94
81.96
81.96
81.96
81.97
81.97
81.96
81.97
81.97
81.98
81.99
82.02
82.02
82.01
82.02
82.01
82.01
82.01
82.03
82.03
82.01
82.00
82.00
82.00
82.00
82.01
82.00
82.01
82.00
82.00
82.01
82.02
82.03
82.04
82.05
82.05
82.05
82.05
82.08
82.07
82.07
82.05
82.04
82.05
82.06
82.09
82.09
82.09
82.08
82.07
82.08
82.07
82.06
82.07
82.09
82.09
82.08
82.08
82.08
82.06
82.06
82.07
82.08
82.08
82.07
82.08
82.07
82.06
82.07
82.07
82.07
82.09
82.10
82.10
82.08
82.09
82.07
82.07
82.07
82.06
82.06
82.05
82.06
82.07
82.08
82.07
82.05
82.06
82.07
82.08
82.07
82.06
82.05
82.05
82.06
82.07
82.09
82.09
82.10
82.12
82.12
82.11
82.12
82.12
82.12
82.11
82.10
82.11
82.11
82.12
82.12
82.12
82.13
82.11
82.12
82.11
82.11
82.12
82.13
82.12
82.12
82.12
82.13
82.12
82.13
82.13
82.13
82.11
82.11
82.12
82.13
82.13
82.12
82.12
82.12
82.13
82.12
82.10
82.09
82.08
82.08
82.09
82.09
82.09
82.08
82.05
82.02
82.03
82.03
82.03
82.03
82.02
82.01
82.02
82.00
82.00
82.01
82.00
81.98
81.96
81.97
81.97
81.97
81.96
81.96
81.96
81.95
81.96
81.94
81.95
81.95
81.96
81.97
81.96
81.97
81.98
81.99
81.98
81.97
81.98
81.98
81.98
81.96
81.97
81.96
81.95
81.96
81.97
81.97
81.96
81.97
81.95
81.95
81.95
81.95
81.95
81.94
81.94
81.93
81.92
81.93
81.93
81.94
81.93
81.92
81.91
81.91
81.90
81.90
81.90
81.89
81.89
81.90
81.89
81.90
81.91
81.93
81.93
81.93
81.93
81.93
81.93
81.92
81.92
81.93
81.94
81.94
81.94
81.95
81.96
81.96
81.95
81.95
81.95
81.95
81.95
81.94
81.94
81.94
81.93
81.93
81.93
81.92
81.92
81.93
81.94
81.95
81.95
81.95
81.94
81.95
81.95
81.94
81.94
81.94
81.94
81.94
81.94
81.96
81.96
81.96
81.96
81.96
81.95
81.95
81.94
81.95
81.95
81.96
81.96
81.96
81.96
81.97
81.97
81.98
81.99
81.99
82.00
82.00
81.99
81.99
82.01
82.02
82.02
82.01
82.01
82.01
82.02
82.03
82.02
82.03
82.03
82.02
82.03
82.03
82.02
82.02
82.01
82.01
82.01
82.02
82.03
82.03
82.03
82.03
82.03
82.04
82.02
82.02
82.03
82.01
82.01
82.02
82.04
82.04
82.04
82.04
82.04
82.04
82.03
82.03
82.03
82.03
82.04
82.04
82.03
82.03
82.02
82.02
82.02
82.03
82.03
82.03
82.02
82.02
82.02
82.01
82.02
82.02
82.02
82.02
82.03
82.03
82.04
82.03
82.04
82.05
82.05
82.05
82.05
82.05
82.05
82.06
82.07
82.07
82.04
82.04
82.04
82.03
82.03
82.04
82.04
82.04
82.04
82.04
82.05
82.04
82.03
82.03
82.04
82.03
82.02
82.03
82.04
82.03
82.02
82.02
82.02
82.02
82.02
82.02
82.01
82.02
82.01
82.02
82.02
82.00
82.01
82.00
82.01
82.01
82.02
82.01
82.01
82.02
82.01
82.01
82.02
82.02
82.00
82.00
82.00
82.00
81.99
81.99
82.00
82.01
82.00
82.01
82.00
82.00
82.01
82.01
82.00
82.01
82.00
81.99
81.99
82.00
82.00
81.98
81.98
81.98
81.90
