82.81
81.25
80.73
81.64
81.88
82.55
82.59
82.62
81.60
82.03
82.10
82.55
82.69
82.70
82.92
82.81
83.00
82.64
82.98
82.89
83.04
82.74
82.47
82.62
82.88
82.63
82.64
82.65
82.65
82.76
82.76
82.62
82.62
82.63
82.68
82.77
82.73
82.73
82.81
82.77
82.81
82.89
82.70
82.78
82.81
82.74
82.68
82.58
82.56
82.66
82.54
82.45
82.43
82.49
82.53
82.42
82.46
82.46
82.28
82.32
82.15
82.16
82.19
82.08
82.04
82.13
82.16
82.15
82.16
82.19
82.20
82.16
82.13
82.24
82.25
82.24
82.18
82.23
82.20
82.21
82.14
82.11
82.12
82.16
82.19
82.12
82.22
82.28
82.34
82.29
82.31
82.30
82.27
82.21
82.22
82.23
82.22
82.21
82.23
82.20
82.19
82.23
82.19
82.26
82.25
82.22
82.17
82.19
82.25
82.29
82.31
82.25
82.26
82.18
82.16
82.14
82.09
82.06
82.04
82.03
82.08
82.07
82.04
81.99
82.00
81.96
81.91
81.95
81.99
81.94
81.98
81.97
81.92
81.93
81.94
81.94
81.91
81.96
81.96
81.94
81.99
82.05
82.10
82.13
82.16
82.17
82.13
82.15
82.16
82.17
82.18
82.24
82.26
82.25
82.28
82.28
82.31
82.31
82.26
82.29
82.32
82.35
82.34
82.29
82.34
82.34
82.30
82.28
82.28
82.29
82.32
82.33
82.34
82.35
82.38
82.36
82.34
82.32
82.29
82.24
82.26
82.22
82.22
82.26
82.26
82.24
82.24
82.23
82.26
82.23
82.25
82.24
82.25
82.23
82.28
82.27
82.28
82.27
82.26
82.29
82.32
82.31
82.30
82.24
82.21
82.21
82.17
82.18
82.21
82.21
82.22
82.21
82.23
82.24
82.24
82.27
82.28
82.31
82.28
82.27
82.27
82.26
82.27
82.30
82.31
82.34
82.34
82.32
82.32
82.32
82.33
82.30
82.28
82.30
82.31
82.30
82.28
82.29
82.27
82.25
82.21
82.22
82.22
82.20
82.18
82.15
82.15
82.14
82.13
82.13
82.13
82.14
82.10
82.11
82.12
82.12
82.11
82.09
82.07
82.05
82.05
82.06
82.06
82.05
82.06
82.05
82.10
82.10
82.06
82.07
82.06
82.08
82.06
82.04
82.06
82.04
82.03
82.04
82.06
82.04
82.05
82.06
82.06
82.08
82.11
82.11
82.09
82.08
82.08
82.08
82.09
82.10
82.10
82.08
82.08
82.07
82.08
82.07
82.08
82.07
82.08
82.08
82.09
82.11
82.11
82.08
82.07
82.06
82.07
82.09
82.08
82.09
82.11
82.11
82.10
82.11
82.10
82.09
82.08
82.08
82.10
82.07
82.08
82.07
82.08
82.07
82.07
82.06
82.06
82.05
82.06
82.09
82.06
82.05
82.05
82.08
82.08
82.10
82.11
82.09
82.08
82.07
82.08
82.07
82.09
82.11
82.11
82.10
82.09
82.06
82.04
82.04
82.03
82.02
82.02
82.04
82.05
82.04
82.02
82.01
82.01
82.01
82.04
82.06
82.04
82.01
82.02
81.99
81.99
81.98
81.99
81.97
81.95
81.94
81.94
81.94
81.93
81.92
81.93
81.92
81.92
81.92
81.94
81.95
81.96
81.95
81.97
81.97
81.99
81.98
81.96
81.97
81.98
81.99
81.99
82.00
82.00
81.99
81.98
82.01
82.03
82.03
82.03
82.03
82.02
82.03
82.03
82.05
82.05
82.05
82.04
82.04
82.04
82.05
82.04
82.05
82.04
82.03
82.04
82.04
82.03
82.02
82.00
81.99
82.00
81.99
81.97
81.97
81.99
81.99
82.00
81.99
81.98
81.98
81.97
81.97
81.98
81.98
81.97
81.97
81.97
81.96
81.96
81.97
81.96
81.95
81.96
81.98
81.97
81.98
81.99
82.00
82.02
82.01
82.02
82.02
82.00
81.99
82.01
82.00
82.00
81.98
81.99
81.98
81.98
81.97
81.97
81.97
81.99
81.99
81.97
81.98
82.00
82.00
81.99
82.00
81.99
81.97
81.98
81.98
81.97
81.98
81.98
81.98
81.98
82.00
81.98
81.99
81.99
81.98
81.98
81.97
81.95
81.96
81.98
81.98
82.00
82.01
82.02
82.02
82.02
82.00
82.01
81.99
81.98
81.97
81.97
81.97
81.98
81.98
81.97
81.94
81.95
81.94
81.94
81.94
81.94
81.95
81.94
81.93
81.92
81.92
81.94
81.93
81.93
81.95
81.95
81.95
81.96
81.96
81.97
81.97
81.98
81.98
81.98
81.99
81.99
82.00
82.00
82.01
82.00
81.99
81.99
82.00
82.00
82.01
82.00
82.00
82.01
82.00
81.99
81.99
81.98
81.97
81.96
81.97
81.96
81.95
81.95
81.95
81.96
81.97
81.98
81.97
81.97
81.98
81.98
81.97
81.97
81.98
81.96
81.97
81.97
81.98
81.97
81.99
81.99
82.01
82.01
82.00
81.99
81.99
82.00
82.00
81.99
81.96
81.96
81.95
81.95
81.95
81.94
81.95
81.94
81.94
81.94
81.93
81.93
81.93
81.93
81.94
81.95
81.94
81.94
81.94
81.96
81.97
81.97
81.96
81.96
81.95
81.96
81.95
81.93
81.94
81.93
81.92
81.90
81.92
81.92
81.91
81.92
81.94
81.94
81.94
81.95
81.95
81.95
81.94
81.94
81.92
81.93
81.92
81.93
81.94
81.93
81.93
81.93
81.93
81.93
81.93
81.93
81.93
81.93
81.92
81.93
81.92
81.92
81.91
81.91
81.91
81.91
81.91
81.92
81.91
81.90
81.91
81.90
81.90
81.90
81.91
81.92
81.93
81.92
81.93
81.93
81.93
81.94
81.93
81.93
81.92
81.92
81.93
81.93
81.92
81.93
81.93
81.92
81.93
81.92
81.92
81.93
81.94
81.95
81.94
81.95
81.96
81.96
81.96
81.97
81.96
81.96
81.95
81.93
81.93
81.93
81.93
81.93
81.94
81.94
81.94
81.93
81.93
81.94
81.94
81.94
81.95
81.94
81.93
81.93
81.92
81.92
81.91
81.91
81.92
81.92
81.92
81.92
81.92
81.93
81.92
81.91
81.92
81.93
81.91
81.90
81.90
81.90
81.90
81.90
81.89
81.89
81.91
81.91
81.91
81.91
81.90
81.90
81.90
81.89
81.89
81.90
81.90
81.89
81.89
81.89
81.89
81.89
81.90
81.89
81.90
81.90
81.90
81.90
81.91
81.92
81.92
81.92
81.93
81.93
81.94
81.94
81.93
81.93
81.94
81.93
81.94
81.95
81.94
81.94
81.95
81.95
81.96
81.96
81.96
81.97
81.96
81.96
81.97
81.97
81.97
81.98
81.90
