87.50
81.25
81.77
80.08
80.62
80.47
79.46
78.91
79.69
79.53
79.97
79.95
79.81
79.91
79.90
79.79
79.96
80.03
80.10
80.62
80.65
80.61
80.84
80.73
81.06
81.19
81.13
81.19
81.68
81.88
81.80
82.13
81.96
82.08
82.10
82.12
82.05
81.99
81.97
81.84
81.63
81.51
81.65
81.71
81.53
81.49
81.35
81.32
81.22
81.28
81.28
81.22
81.19
81.05
81.19
81.17
81.14
81.06
81.04
81.12
81.20
81.12
81.08
81.15
81.15
81.16
81.20
81.14
81.11
81.25
81.34
81.45
81.46
81.55
81.54
81.64
81.64
81.55
81.53
81.54
81.56
81.54
81.59
81.57
81.60
81.70
81.65
81.69
81.78
81.79
81.70
81.73
81.75
81.72
81.74
81.77
81.73
81.63
81.66
81.66
81.67
81.51
81.57
81.60
81.55
81.62
81.63
81.63
81.67
81.70
81.70
81.65
81.66
81.67
81.64
81.64
81.69
81.66
81.71
81.77
81.82
81.84
81.89
81.82
81.86
81.87
81.87
81.88
81.93
81.89
81.91
81.94
81.94
81.94
81.97
82.05
82.05
81.96
81.99
82.06
82.05
82.04
81.98
81.94
81.98
81.97
81.95
81.93
81.93
81.89
81.91
81.82
81.85
81.84
81.85
81.88
81.81
81.82
81.80
81.77
81.77
81.70
81.72
81.71
81.70
81.68
81.72
81.72
81.74
81.77
81.80
81.81
81.79
81.82
81.83
81.83
81.80
81.82
81.83
81.86
81.88
81.90
81.88
81.88
81.88
81.82
81.82
81.84
81.82
81.81
81.81
81.80
81.75
81.76
81.74
81.78
81.78
81.78
81.74
81.73
81.72
81.72
81.77
81.78
81.79
81.79
81.76
81.73
81.73
81.73
81.69
81.64
81.62
81.62
81.66
81.64
81.60
81.64
81.62
81.63
81.64
81.61
81.63
81.56
81.55
81.51
81.53
81.52
81.54
81.52
81.55
81.55
81.55
81.55
81.59
81.61
81.63
81.62
81.61
81.63
81.62
81.64
81.69
81.68
81.68
81.69
81.69
81.70
81.70
81.71
81.71
81.73
81.72
81.75
81.78
81.81
81.74
81.77
81.79
81.80
81.84
81.86
81.84
81.81
81.82
81.84
81.86
81.89
81.92
81.92
81.92
81.94
81.95
81.96
81.94
81.96
81.98
81.96
81.94
81.93
81.91
81.90
81.90
81.89
81.90
81.88
81.89
81.90
81.88
81.88
81.91
81.92
81.94
81.94
81.95
81.94
81.94
81.98
81.95
81.94
81.97
81.96
81.98
81.97
81.96
81.98
81.95
81.95
81.94
81.95
81.96
81.96
81.93
81.90
81.89
81.89
81.88
81.87
81.89
81.89
81.92
81.93
81.93
81.93
81.91
81.92
81.91
81.88
81.87
81.86
81.87
81.86
81.83
81.83
81.84
81.83
81.82
81.82
81.81
81.79
81.78
81.79
81.80
81.80
81.81
81.83
81.84
81.85
81.87
81.86
81.87
81.87
81.89
81.91
81.89
81.89
81.89
81.91
81.91
81.89
81.90
81.89
81.90
81.91
81.90
81.91
81.91
81.91
81.91
81.93
81.91
81.88
81.89
81.88
81.88
81.89
81.89
81.87
81.85
81.86
81.86
81.84
81.85
81.84
81.81
81.81
81.81
81.81
81.82
81.80
81.80
81.80
81.79
81.80
81.81
81.79
81.81
81.83
81.83
81.83
81.81
81.81
81.82
81.81
81.83
81.83
81.83
81.83
81.83
81.84
81.84
81.84
81.83
81.80
81.78
81.78
81.77
81.78
81.77
81.78
81.78
81.81
81.81
81.81
81.81
81.80
81.80
81.79
81.79
81.78
81.75
81.73
81.72
81.73
81.73
81.69
81.68
81.66
81.65
81.66
81.67
81.66
81.67
81.67
81.67
81.66
81.67
81.65
81.63
81.62
81.62
81.64
81.64
81.63
81.61
81.62
81.64
81.65
81.68
81.66
81.66
81.65
81.64
81.64
81.61
81.61
81.63
81.63
81.62
81.60
81.60
81.60
81.60
81.59
81.58
81.58
81.56
81.56
81.57
81.57
81.56
81.56
81.55
81.56
81.54
81.55
81.55
81.57
81.57
81.57
81.58
81.59
81.58
81.58
81.57
81.57
81.57
81.57
81.58
81.57
81.56
81.56
81.56
81.55
81.56
81.56
81.56
81.58
81.57
81.57
81.57
81.58
81.58
81.59
81.58
81.59
81.59
81.58
81.57
81.55
81.54
81.54
81.55
81.57
81.55
81.54
81.54
81.55
81.54
81.54
81.54
81.56
81.58
81.57
81.57
81.58
81.58
81.57
81.57
81.58
81.56
81.56
81.56
81.57
81.58
81.57
81.58
81.58
81.58
81.57
81.56
81.58
81.57
81.57
81.57
81.58
81.56
81.56
81.55
81.57
81.57
81.56
81.55
81.57
81.57
81.57
81.57
81.56
81.56
81.57
81.56
81.56
81.57
81.57
81.56
81.56
81.56
81.56
81.56
81.55
81.55
81.54
81.54
81.53
81.55
81.55
81.55
81.55
81.54
81.52
81.52
81.53
81.53
81.53
81.51
81.53
81.52
81.52
81.53
81.52
81.52
81.51
81.52
81.52
81.50
81.51
81.50
81.49
81.48
81.48
81.48
81.49
81.50
81.52
81.53
81.54
81.53
81.53
81.53
81.54
81.55
81.55
81.55
81.55
81.54
81.54
81.54
81.54
81.54
81.54
81.55
81.53
81.53
81.54
81.54
81.53
81.53
81.53
81.54
81.55
81.55
81.55
81.56
81.55
81.55
81.54
81.55
81.54
81.55
81.55
81.54
81.54
81.55
81.55
81.56
81.57
81.57
81.59
81.59
81.59
81.58
81.58
81.56
81.56
81.56
81.56
81.55
81.55
81.55
81.56
81.56
81.57
81.58
81.59
81.59
81.60
81.59
81.60
81.60
81.61
81.61
81.61
81.61
81.60
81.61
81.60
81.61
81.61
81.60
81.60
81.59
81.60
81.61
81.60
81.61
81.60
81.59
81.59
81.59
81.59
81.59
81.57
81.57
81.58
81.58
81.57
81.57
81.59
81.58
81.60
81.59
81.59
81.60
81.59
81.59
81.59
81.59
81.59
81.60
81.60
81.61
81.61
81.62
81.61
81.62
81.62
81.61
81.62
81.61
81.61
81.62
81.61
81.61
81.61
81.62
81.62
81.61
81.61
81.62
81.62
81.62
81.61
81.61
81.62
81.62
81.62
81.63
81.61
81.62
81.62
81.62
81.61
81.61
81.61
81.61
81.62
81.61
81.60
81.59
81.59
81.59
81.60
81.60
81.61
81.61
81.62
81.62
81.62
81.64
81.64
81.63
81.63
81.63
81.63
81.63
81.63
81.62
81.62
81.62
81.61
81.61
81.53
