9.38
4.69
5.21
5.08
4.38
4.69
4.46
4.30
4.34
4.06
4.26
4.56
4.69
4.69
4.58
4.49
4.41
4.43
4.52
4.77
4.84
4.83
4.82
5.01
4.94
5.11
5.03
4.91
4.85
5.05
5.14
5.08
5.07
5.01
5.09
5.16
5.07
5.06
5.09
5.04
5.03
5.25
5.27
5.29
5.28
5.37
5.35
5.40
5.39
5.44
5.36
5.44
5.42
5.44
5.48
5.44
5.46
5.44
5.40
5.36
5.30
5.37
5.36
5.32
5.26
5.26
5.25
5.22
5.23
5.18
5.17
5.12
5.09
5.05
5.04
5.00
5.05
4.99
5.06
5.06
5.09
5.09
5.08
5.12
5.15
5.16
5.14
5.17
5.14
5.10
5.07
5.01
4.99
5.00
5.02
5.06
5.12
5.10
5.11
5.12
5.07
5.07
5.10
5.08
5.07
5.09
5.08
5.11
5.15
5.16
5.15
5.16
5.14
5.13
5.11
5.12
5.11
5.12
5.12
5.10
5.14
5.14
5.16
5.14
5.16
5.16
5.16
5.18
5.16
5.17
5.16
5.17
5.15
5.18
5.19
5.16
5.13
5.13
5.22
5.20
5.19
5.20
5.21
5.25
5.26
5.23
5.22
5.23
5.20
5.23
5.25
5.26
5.27
5.25
5.24
5.25
5.26
5.24
5.24
5.21
5.19
5.18
5.18
5.16
5.20
5.21
5.21
5.24
5.23
5.25
5.24
5.25
5.27
5.24
5.24
5.25
5.23
5.22
5.21
5.20
5.19
5.18
5.17
5.18
5.17
5.17
5.16
5.14
5.13
5.14
5.13
5.14
5.15
5.14
5.14
5.13
5.16
5.15
5.16
5.15
5.15
5.17
5.16
5.17
5.15
5.14
5.12
5.12
5.11
5.11
5.12
5.12
5.11
5.10
5.09
5.10
5.11
5.12
5.12
5.12
5.12
5.12
5.11
5.12
5.10
5.12
5.11
5.11
5.11
5.12
5.13
5.13
5.12
5.11
5.10
5.10
5.11
5.13
5.11
5.10
5.08
5.08
5.08
5.07
5.07
5.07
5.07
5.08
5.06
5.08
5.08
5.08
5.08
5.12
5.12
5.11
5.13
5.14
5.12
5.14
5.13
5.14
5.14
5.14
5.15
5.15
5.13
5.12
5.13
5.13
5.14
5.14
5.13
5.12
5.11
5.11
5.12
5.11
5.12
5.11
5.09
5.09
5.07
5.06
5.07
5.06
5.07
5.07
5.06
5.06
5.06
5.06
5.05
5.04
5.06
5.07
5.07
5.05
5.04
5.06
5.06
5.04
5.04
5.05
5.06
5.07
5.08
5.08
5.08
5.07
5.05
5.06
5.08
5.08
5.07
5.07
5.06
5.06
5.05
5.06
5.06
5.06
5.05
5.05
5.04
5.04
5.03
5.04
5.06
5.05
5.07
5.06
5.05
5.06
5.07
5.06
5.05
5.05
5.07
5.06
5.05
5.06
5.06
5.06
5.05
5.08
5.07
5.07
5.08
5.07
5.06
5.06
5.05
5.05
5.04
5.04
5.05
5.05
5.04
5.04
5.04
5.04
5.03
5.02
5.03
5.03
5.02
5.02
5.01
5.00
5.01
5.01
5.01
5.01
5.00
5.01
5.01
5.01
5.00
5.00
4.99
5.00
5.01
5.00
5.00
4.99
4.99
4.99
4.98
4.98
4.99
4.99
4.99
4.98
4.98
4.97
4.97
4.98
4.98
4.98
4.98
4.97
4.97
4.96
4.95
4.95
4.95
4.96
4.95
4.95
4.95
4.95
4.94
4.96
4.96
4.96
4.97
4.97
4.98
4.98
4.97
4.97
4.97
4.97
4.98
4.98
4.99
4.99
4.99
4.99
4.99
4.99
4.99
5.00
4.99
4.98
4.98
4.98
4.98
4.97
4.96
4.96
4.96
4.97
4.97
4.97
4.96
4.97
4.97
4.98
4.98
4.97
4.97
4.97
4.97
4.96
4.95
4.95
4.95
4.96
4.95
4.95
4.95
4.95
4.96
4.95
4.96
4.95
4.95
4.95
4.95
4.95
4.95
4.94
4.94
4.95
4.95
4.95
4.94
4.94
4.94
4.93
4.94
4.94
4.94
4.93
4.93
4.93
4.92
4.91
4.91
4.91
4.91
4.91
4.90
4.90
4.90
4.90
4.90
4.91
4.91
4.90
4.91
4.90
4.90
4.91
4.92
4.92
4.93
4.93
4.93
4.93
4.93
4.94
4.94
4.94
4.93
4.93
4.93
4.93
4.93
4.94
4.93
4.93
4.93
4.92
4.92
4.93
4.92
4.92
4.93
4.93
4.93
4.93
4.93
4.93
4.93
4.93
4.94
4.93
4.93
4.94
4.93
4.92
4.91
4.91
4.91
4.91
4.90
4.91
4.91
4.91
4.91
4.91
4.91
4.91
4.90
4.90
4.89
4.90
4.91
4.91
4.91
4.91
4.90
4.90
4.91
4.91
4.91
4.91
4.91
4.90
4.90
4.90
4.91
4.90
4.89
4.89
4.88
4.89
4.89
4.89
4.89
4.90
4.90
4.90
4.90
4.89
4.90
4.90
4.90
4.90
4.89
4.89
4.88
4.88
4.87
4.87
4.86
4.86
4.86
4.86
4.85
4.85
4.85
4.85
4.84
4.86
4.86
4.85
4.85
4.85
4.85
4.85
4.86
4.86
4.85
4.86
4.85
4.85
4.86
4.87
4.86
4.87
4.87
4.87
4.87
4.87
4.88
4.89
4.89
4.91
4.90
4.91
4.91
4.92
4.92
4.92
4.92
4.92
4.92
4.92
4.91
4.91
4.91
4.90
4.91
4.91
4.91
4.91
4.90
4.90
4.90
4.91
4.91
4.90
4.90
4.90
4.90
4.90
4.89
4.89
4.88
4.88
4.88
4.87
4.87
4.86
4.86
4.86
4.86
4.85
4.85
4.86
4.86
4.86
4.85
4.85
4.85
4.85
4.85
4.85
4.85
4.85
4.84
4.84
4.84
4.84
4.85
4.85
4.85
4.85
4.85
4.85
4.85
4.85
4.85
4.85
4.86
4.86
4.86
4.86
4.86
4.87
4.86
4.87
4.87
4.87
4.87
4.87
4.88
4.88
4.88
4.88
4.88
4.88
4.88
4.88
4.88
4.88
4.89
4.88
4.89
4.89
4.89
4.89
4.88
4.88
4.88
4.87
4.87
4.87
4.87
4.87
4.87
4.86
4.86
4.86
4.86
4.86
4.86
4.86
4.88
4.88
4.89
4.88
4.88
4.88
4.88
4.88
4.88
4.88
4.88
4.88
4.88
4.88
4.88
4.88
4.88
4.88
4.88
4.89
4.89
4.89
4.89
4.89
4.89
4.89
4.89
4.89
4.88
4.88
4.88
4.88
4.88
4.88
4.88
4.88
4.88
4.89
4.88
4.88
