81.25
86.72
83.85
83.20
83.75
82.81
81.92
81.05
81.08
81.72
81.96
81.90
82.33
82.70
83.44
83.59
83.18
82.90
83.14
82.97
82.74
82.74
82.81
82.81
82.62
82.39
82.41
82.37
82.76
82.66
82.56
82.86
82.86
82.72
82.95
82.94
82.73
82.77
82.97
82.77
82.70
82.48
82.52
82.42
82.40
82.54
82.61
82.85
82.91
82.87
82.87
82.81
82.81
82.84
82.73
82.78
82.89
82.76
82.73
82.84
82.79
82.74
82.66
82.76
82.64
82.60
82.53
82.51
82.50
82.39
82.37
82.40
82.41
82.41
82.29
82.38
82.43
82.45
82.36
82.34
82.29
82.32
82.29
82.38
82.32
82.36
82.38
82.28
82.34
82.34
82.40
82.39
82.36
82.33
82.42
82.42
82.39
82.41
82.47
82.45
82.46
82.51
82.49
82.54
82.51
82.46
82.46
82.45
82.47
82.51
82.55
82.58
82.66
82.74
82.77
82.79
82.73
82.73
82.67
82.63
82.63
82.68
82.65
82.61
82.66
82.68
82.64
82.60
82.58
82.57
82.54
82.58
82.55
82.54
82.63
82.56
82.57
82.61
82.62
82.60
82.59
82.58
82.50
82.49
82.51
82.54
82.53
82.53
82.56
82.54
82.51
82.44
82.44
82.41
82.40
82.34
82.38
82.36
82.32
82.28
82.27
82.20
82.20
82.23
82.22
82.22
82.24
82.21
82.22
82.23
82.22
82.23
82.30
82.28
82.28
82.27
82.30
82.25
82.25
82.26
82.22
82.22
82.17
82.15
82.11
82.10
82.10
82.09
82.09
82.10
82.12
82.10
82.14
82.14
82.14
82.13
82.15
82.17
82.16
82.14
82.16
82.13
82.13
82.09
82.09
82.05
82.06
82.06
82.12
82.09
82.10
82.10
82.08
82.08
82.10
82.11
82.09
82.10
82.11
82.08
82.06
82.07
82.08
82.08
82.11
82.11
82.11
82.11
82.09
82.12
82.13
82.12
82.14
82.17
82.16
82.17
82.17
82.16
82.17
82.15
82.14
82.15
82.18
82.17
82.16
82.16
82.17
82.16
82.15
82.13
82.12
82.11
82.13
82.15
82.13
82.13
82.15
82.12
82.13
82.13
82.12
82.09
82.08
82.05
82.00
82.00
82.01
82.00
81.98
81.98
82.01
82.03
82.00
82.02
82.02
82.01
82.02
81.97
81.99
81.99
82.01
81.99
81.95
81.97
81.96
81.93
81.94
81.92
81.94
81.94
81.94
81.94
81.96
81.97
81.98
81.99
82.01
82.00
82.00
81.99
81.99
82.02
82.02
82.03
82.01
82.03
82.01
82.01
82.01
82.04
82.05
82.05
82.06
82.05
82.03
82.06
82.06
82.06
82.01
82.05
82.05
82.01
82.02
82.03
82.02
82.03
82.04
82.04
82.02
82.03
82.03
82.04
82.06
82.05
82.03
82.05
82.05
82.05
82.05
82.05
82.03
82.05
82.04
82.02
82.03
82.02
82.04
82.06
82.08
82.09
82.09
82.08
82.06
82.03
82.04
82.05
82.03
82.02
81.99
82.00
81.99
81.99
82.00
82.02
82.02
82.03
82.04
82.07
82.06
82.06
82.04
82.04
82.04
82.02
82.03
82.04
82.03
82.03
82.05
82.05
82.04
82.03
82.04
82.07
82.08
82.08
82.07
82.04
82.05
82.05
82.06
82.08
82.07
82.09
82.06
82.08
82.06
82.07
82.08
82.07
82.05
82.04
82.05
82.06
82.07
82.05
82.06
82.07
82.07
82.07
82.08
82.08
82.11
82.11
82.10
82.09
82.09
82.08
82.09
82.07
82.07
82.06
82.06
82.07
82.05
82.06
82.05
82.03
82.04
82.05
82.05
82.05
82.08
82.07
82.08
82.09
82.07
82.09
82.08
82.10
82.11
82.10
82.08
82.08
82.08
82.09
82.09
82.10
82.09
82.10
82.11
82.12
82.14
82.14
82.14
82.15
82.15
82.15
82.15
82.15
82.14
82.14
82.15
82.17
82.17
82.18
82.17
82.15
82.14
82.12
82.09
82.09
82.09
82.07
82.07
82.06
82.07
82.07
82.07
82.07
82.06
82.08
82.07
82.07
82.08
82.08
82.09
82.09
82.10
82.10
82.11
82.11
82.10
82.09
82.10
82.11
82.12
82.13
82.14
82.13
82.14
82.14
82.14
82.13
82.13
82.12
82.12
82.12
82.11
82.11
82.12
82.11
82.12
82.13
82.13
82.15
82.14
82.14
82.14
82.14
82.13
82.14
82.13
82.11
82.11
82.11
82.11
82.11
82.11
82.10
82.08
82.09
82.09
82.08
82.08
82.06
82.06
82.07
82.06
82.05
82.04
82.04
82.03
82.05
82.05
82.04
82.04
82.05
82.06
82.04
82.04
82.05
82.05
82.05
82.04
82.04
82.03
82.04
82.04
82.03
82.02
82.03
82.03
82.03
82.04
82.04
82.04
82.02
82.03
82.03
82.04
82.05
82.03
82.02
82.02
82.02
82.01
82.02
82.01
82.02
82.01
81.99
82.00
82.01
82.01
82.01
82.01
82.00
82.00
82.01
82.01
82.02
82.02
82.02
82.02
82.01
82.01
82.02
82.01
82.02
82.01
82.00
81.99
82.00
82.00
82.01
82.02
82.01
82.00
82.02
82.00
82.01
82.00
82.00
82.00
82.00
82.00
82.01
82.01
82.02
82.01
82.00
81.99
81.99
81.99
81.99
82.00
82.00
82.01
82.00
82.00
81.99
82.00
82.01
82.01
81.98
81.98
81.98
81.98
81.98
81.99
81.99
81.98
81.98
81.99
81.99
81.98
81.98
81.98
81.97
81.97
81.96
81.95
81.95
81.93
81.94
81.93
81.94
81.95
81.94
81.94
81.94
81.94
81.95
81.95
81.95
81.95
81.95
81.95
81.95
81.95
81.95
81.95
81.95
81.96
81.96
81.96
81.97
81.97
81.96
81.98
81.97
81.96
81.96
81.96
81.95
81.95
81.96
81.98
81.97
81.99
81.99
81.98
81.98
81.99
81.99
81.99
81.98
81.97
81.96
81.97
81.97
81.97
81.98
81.97
81.98
81.98
81.98
81.98
81.98
81.98
81.97
81.97
81.97
81.98
81.99
81.98
81.98
81.99
81.98
81.97
81.98
81.96
81.95
81.94
81.93
81.94
81.93
81.92
81.92
81.92
81.91
81.91
81.91
81.91
81.90
81.89
81.90
81.90
81.90
81.90
81.90
81.90
81.90
81.90
81.90
81.89
81.90
81.90
81.91
81.92
81.92
81.93
81.93
81.94
81.92
81.92
81.94
81.94
81.94
81.94
81.95
81.95
81.96
81.96
81.96
81.96
81.97
81.98
81.98
81.98
81.99
81.99
81.98
81.99
81.99
81.98
81.98
81.98
81.98
81.97
81.89
