82.81
82.81
81.77
82.81
82.81
82.81
82.81
83.20
82.99
82.66
82.67
82.29
82.93
82.25
82.92
82.81
82.72
82.47
82.65
82.34
82.14
82.10
82.07
81.71
82.06
82.27
82.47
82.42
82.33
82.29
82.41
82.47
82.62
82.77
82.90
82.90
82.94
82.85
82.81
82.62
82.55
82.48
82.41
82.56
82.60
82.51
82.58
82.42
82.59
82.59
82.44
82.45
82.31
82.49
82.59
82.51
82.48
82.33
82.39
82.34
82.33
82.33
82.47
82.52
82.48
82.43
82.39
82.42
82.40
82.37
82.39
82.36
82.32
82.39
82.38
82.40
82.33
82.29
82.40
82.42
82.35
82.43
82.38
82.31
82.26
82.23
82.20
82.17
82.18
82.17
82.14
82.17
82.21
82.13
82.11
82.03
82.01
81.94
81.93
81.97
81.96
81.92
81.98
82.00
81.96
81.96
81.91
81.93
82.02
82.00
82.07
82.10
82.18
82.17
82.16
82.19
82.22
82.32
82.22
82.19
82.10
82.10
82.13
82.12
82.07
82.02
82.07
82.10
82.04
82.08
82.03
81.98
81.95
82.03
81.96
81.94
81.92
81.93
81.94
82.00
82.01
82.01
82.05
82.06
82.08
82.07
82.09
82.13
82.17
82.16
82.14
82.14
82.16
82.16
82.14
82.06
82.07
82.07
82.06
82.05
82.04
82.01
81.98
81.97
81.99
82.00
82.00
82.02
82.03
81.98
81.94
81.89
81.90
81.92
81.93
81.92
81.92
81.91
81.94
81.92
81.89
81.90
81.93
81.90
81.88
81.85
81.78
81.79
81.79
81.80
81.84
81.80
81.84
81.81
81.75
81.78
81.81
81.79
81.78
81.79
81.79
81.78
81.77
81.82
81.84
81.84
81.85
81.88
81.89
81.90
81.89
81.86
81.87
81.86
81.88
81.92
81.92
81.89
81.88
81.88
81.87
81.84
81.84
81.84
81.85
81.84
81.83
81.81
81.81
81.77
81.76
81.77
81.75
81.74
81.76
81.79
81.81
81.82
81.82
81.80
81.79
81.79
81.80
81.81
81.82
81.80
81.85
81.87
81.86
81.87
81.85
81.86
81.86
81.88
81.88
81.83
81.85
81.87
81.87
81.88
81.86
81.86
81.86
81.84
81.81
81.81
81.81
81.82
81.82
81.83
81.81
81.80
81.80
81.80
81.82
81.83
81.85
81.86
81.87
81.86
81.88
81.88
81.86
81.86
81.87
81.86
81.87
81.88
81.89
81.86
81.85
81.84
81.87
81.89
81.91
81.93
81.92
81.95
81.97
81.98
81.94
81.91
81.89
81.91
81.91
81.90
81.91
81.89
81.92
81.94
81.97
81.99
81.95
81.94
81.93
81.91
81.94
81.94
81.93
81.92
81.91
81.91
81.91
81.91
81.92
81.91
81.91
81.90
81.90
81.89
81.90
81.89
81.91
81.91
81.90
81.89
81.90
81.90
81.89
81.89
81.91
81.90
81.91
81.91
81.90
81.88
81.88
81.87
81.88
81.88
81.90
81.91
81.93
81.91
81.92
81.91
81.93
81.91
81.92
81.93
81.93
81.92
81.91
81.90
81.91
81.90
81.90
81.91
81.89
81.89
81.90
81.90
81.88
81.88
81.88
81.89
81.88
81.88
81.88
81.87
81.89
81.89
81.86
81.88
81.89
81.91
81.90
81.91
81.93
81.92
81.92
81.94
81.91
81.92
81.94
81.96
81.98
81.99
81.99
82.01
82.01
82.01
82.00
82.00
81.99
82.00
82.01
82.00
81.99
81.99
81.99
81.97
81.97
81.96
81.96
81.96
81.97
81.97
81.98
81.98
82.00
81.99
81.98
81.98
81.99
81.97
81.96
81.95
81.94
81.94
81.94
81.94
81.94
81.94
81.93
81.93
81.93
81.92
81.93
81.93
81.92
81.91
81.90
81.91
81.91
81.93
81.95
81.96
81.95
81.93
81.93
81.94
81.95
81.95
81.95
81.95
81.93
81.95
81.96
81.97
81.97
81.99
82.00
82.01
82.01
82.00
82.00
81.98
81.97
81.98
81.99
81.97
81.98
81.99
81.99
81.99
81.97
81.98
81.98
81.98
81.99
81.97
81.98
81.96
81.96
81.97
81.97
81.97
81.97
81.97
81.96
81.97
81.98
81.98
81.97
81.98
81.98
81.96
81.95
81.95
81.95
81.96
81.97
81.99
82.00
81.98
81.98
81.97
81.97
81.98
81.97
81.97
81.97
81.97
81.97
81.97
81.96
81.97
81.99
81.99
81.99
82.00
81.98
81.99
81.99
81.98
81.96
81.97
81.97
81.96
81.95
81.94
81.94
81.94
81.94
81.93
81.92
81.92
81.92
81.92
81.91
81.92
81.92
81.93
81.92
81.91
81.92
81.93
81.93
81.93
81.94
81.95
81.96
81.97
81.98
81.97
81.99
81.99
82.00
82.01
82.00
82.01
82.01
82.01
82.00
82.01
82.01
82.00
82.01
82.02
82.02
82.03
82.03
82.04
82.03
82.03
82.04
82.06
82.06
82.06
82.06
82.06
82.05
82.04
82.04
82.05
82.05
82.04
82.04
82.03
82.03
82.02
82.01
82.02
82.02
82.02
82.02
82.03
82.03
82.04
82.04
82.03
82.04
82.05
82.05
82.05
82.05
82.05
82.06
82.04
82.04
82.04
82.04
82.04
82.02
82.01
82.01
82.00
82.00
82.00
81.98
81.98
81.99
81.99
81.99
81.97
81.98
81.98
81.99
81.97
81.97
81.97
81.97
81.98
81.99
81.99
81.99
81.99
81.99
82.01
82.00
81.99
81.98
82.00
81.99
81.99
81.98
81.98
81.97
81.98
81.98
81.98
81.98
81.97
81.95
81.95
81.96
81.96
81.97
81.97
81.97
81.97
81.96
81.96
81.97
81.97
81.98
81.98
81.98
81.98
81.99
82.00
82.01
82.01
81.99
81.99
81.97
81.98
81.97
81.97
81.95
81.94
81.95
81.96
81.96
81.96
81.96
81.97
81.97
81.98
81.98
81.99
81.99
81.99
81.99
81.99
82.00
82.00
81.99
81.98
81.99
81.99
81.99
81.98
81.98
81.99
81.98
81.98
81.99
81.99
81.99
82.00
82.00
82.00
82.00
82.01
82.02
82.02
82.02
82.02
82.02
82.02
82.02
82.02
82.03
82.03
82.02
82.03
82.05
82.05
82.05
82.03
82.03
82.02
82.04
82.03
82.02
82.02
82.00
82.01
82.01
82.02
82.02
82.01
82.02
82.02
82.02
82.01
82.02
82.03
82.03
82.02
82.03
82.03
82.03
82.03
82.02
82.02
82.03
82.03
82.02
82.02
82.02
82.02
82.02
82.00
82.00
82.00
82.01
82.01
82.01
82.02
82.01
82.00
82.01
82.01
82.02
82.02
82.02
82.01
82.01
81.93
