79.69
82.81
84.38
83.59
83.44
83.33
83.48
83.98
83.51
82.81
82.81
82.94
83.17
82.92
82.50
82.62
82.35
82.64
82.73
82.81
82.74
82.81
82.54
82.62
82.62
82.45
82.58
82.65
82.65
82.76
82.61
82.86
82.95
83.00
82.90
82.60
82.64
82.69
82.65
82.58
82.74
82.78
82.96
82.88
82.99
83.08
83.05
83.07
83.00
82.81
82.84
82.87
82.81
82.81
82.81
82.73
82.79
82.73
82.71
82.79
82.81
82.89
82.99
82.76
82.84
82.74
82.72
82.81
82.72
82.75
82.81
82.86
82.77
82.83
82.73
82.75
82.65
82.63
82.67
82.70
82.74
82.79
82.77
82.68
82.70
82.70
82.67
82.65
82.67
82.64
82.61
82.57
82.61
82.51
82.52
82.54
82.55
82.61
82.64
82.61
82.60
82.61
82.65
82.65
82.66
82.68
82.75
82.70
82.77
82.74
82.69
82.67
82.69
82.59
82.58
82.62
82.60
82.57
82.54
82.53
82.53
82.53
82.51
82.51
82.52
82.55
82.48
82.52
82.51
82.48
82.45
82.41
82.39
82.43
82.44
82.40
82.41
82.42
82.37
82.42
82.36
82.38
82.39
82.37
82.37
82.38
82.39
82.35
82.35
82.31
82.28
82.28
82.25
82.27
82.29
82.27
82.27
82.24
82.19
82.17
82.09
82.10
82.06
82.05
82.06
82.11
82.06
82.06
82.05
82.01
81.94
81.93
81.97
82.00
81.96
81.93
81.96
81.94
81.97
81.97
81.95
81.95
81.98
81.97
81.98
81.97
81.95
81.93
81.94
81.92
81.91
81.90
81.89
81.83
81.86
81.80
81.77
81.76
81.75
81.74
81.76
81.71
81.73
81.72
81.73
81.71
81.73
81.78
81.80
81.79
81.70
81.71
81.71
81.69
81.68
81.66
81.62
81.61
81.61
81.68
81.65
81.65
81.65
81.65
81.62
81.64
81.64
81.62
81.59
81.60
81.59
81.61
81.58
81.59
81.62
81.65
81.67
81.69
81.72
81.73
81.74
81.74
81.78
81.79
81.79
81.77
81.79
81.80
81.80
81.78
81.79
81.81
81.81
81.81
81.81
81.84
81.84
81.81
81.82
81.79
81.81
81.81
81.81
81.83
81.82
81.81
81.79
81.78
81.80
81.81
81.80
81.81
81.79
81.80
81.80
81.79
81.76
81.78
81.78
81.79
81.79
81.79
81.80
81.77
81.77
81.79
81.81
81.84
81.83
81.82
81.79
81.79
81.78
81.76
81.77
81.78
81.77
81.78
81.79
81.79
81.77
81.76
81.77
81.74
81.75
81.76
81.76
81.78
81.79
81.79
81.79
81.80
81.79
81.77
81.78
81.79
81.82
81.82
81.81
81.81
81.79
81.81
81.82
81.83
81.84
81.85
81.86
81.83
81.83
81.82
81.83
81.83
81.86
81.84
81.85
81.84
81.84
81.83
81.81
81.81
81.81
81.80
81.78
81.77
81.76
81.76
81.78
81.78
81.78
81.79
81.78
81.79
81.82
81.82
81.83
81.82
81.82
81.80
81.79
81.78
81.79
81.78
81.78
81.78
81.79
81.80
81.82
81.84
81.80
81.81
81.82
81.78
81.79
81.77
81.74
81.75
81.76
81.75
81.74
81.75
81.77
81.77
81.78
81.77
81.77
81.78
81.78
81.79
81.79
81.79
81.77
81.78
81.80
81.78
81.75
81.74
81.75
81.76
81.76
81.77
81.78
81.76
81.77
81.78
81.80
81.79
81.80
81.81
81.81
81.81
81.81
81.81
81.81
81.82
81.82
81.84
81.85
81.85
81.85
81.84
81.83
81.83
81.83
81.84
81.85
81.85
81.86
81.87
81.89
81.88
81.87
81.88
81.89
81.87
81.88
81.90
81.89
81.89
81.89
81.89
81.91
81.91
81.88
81.88
81.89
81.90
81.89
81.89
81.89
81.88
81.87
81.86
81.85
81.85
81.84
81.84
81.84
81.85
81.84
81.83
81.83
81.84
81.84
81.84
81.83
81.84
81.83
81.83
81.85
81.84
81.85
81.85
81.82
81.82
81.81
81.81
81.82
81.83
81.84
81.86
81.87
81.88
81.87
81.87
81.88
81.89
81.89
81.89
81.87
81.88
81.87
81.87
81.86
81.87
81.85
81.85
81.84
81.84
81.83
81.84
81.83
81.84
81.85
81.86
81.87
81.86
81.87
81.88
81.87
81.87
81.86
81.86
81.86
81.87
81.87
81.86
81.84
81.85
81.84
81.85
81.85
81.86
81.87
81.87
81.88
81.88
81.88
81.87
81.86
81.86
81.87
81.89
81.88
81.88
81.89
81.88
81.88
81.89
81.89
81.90
81.91
81.92
81.93
81.93
81.92
81.91
81.92
81.92
81.91
81.93
81.93
81.94
81.93
81.93
81.95
81.95
81.95
81.96
81.96
81.95
81.96
81.96
81.95
81.97
81.97
81.98
81.97
81.98
81.97
81.96
81.96
81.96
81.96
81.96
81.96
81.96
81.96
81.96
81.96
81.97
81.98
81.99
81.98
81.98
81.98
81.99
82.00
81.99
82.00
82.00
82.01
81.99
81.99
81.98
81.97
81.97
81.97
81.97
81.97
81.97
81.97
81.95
81.95
81.96
81.96
81.97
81.97
81.97
81.98
81.99
81.99
81.99
82.00
81.99
81.98
81.99
81.97
81.97
81.97
81.98
81.99
81.99
82.00
82.01
82.03
82.04
82.03
82.04
82.02
82.03
82.03
82.03
82.04
82.04
82.04
82.04
82.03
82.03
82.03
82.03
82.03
82.03
82.03
82.04
82.03
82.04
82.02
82.01
82.01
82.02
82.01
82.00
82.00
82.00
82.00
82.01
82.01
82.02
82.02
82.02
82.02
82.03
82.03
82.03
82.02
82.03
82.04
82.03
82.04
82.04
82.04
82.04
82.04
82.05
82.05
82.05
82.04
82.05
82.04
82.04
82.04
82.06
82.06
82.06
82.05
82.05
82.05
82.06
82.05
82.04
82.04
82.03
82.02
82.02
82.02
82.02
82.01
82.02
82.01
82.01
82.01
82.02
82.03
82.02
82.03
82.03
82.04
82.05
82.06
82.06
82.04
82.04
82.03
82.04
82.03
82.01
82.02
82.02
82.03
82.02
82.02
82.02
82.02
82.01
82.01
82.01
82.01
82.01
82.01
82.01
82.01
82.00
82.01
82.01
82.01
82.01
82.01
82.01
82.01
82.01
82.02
82.02
82.02
82.02
82.00
82.01
82.01
82.01
82.01
82.00
81.99
82.00
81.99
81.99
82.00
81.99
81.99
81.99
82.00
82.00
81.99
81.99
81.97
81.98
81.97
81.98
81.98
81.97
81.98
81.97
81.97
81.97
81.97
81.97
81.96
81.96
81.95
81.95
81.96
81.95
81.94
81.87
