81.25
79.69
80.73
81.64
80.94
82.03
81.47
80.86
81.25
80.47
81.11
81.12
81.01
81.36
81.35
80.76
80.51
80.73
81.00
81.33
81.32
81.25
81.45
81.84
81.81
81.67
81.66
81.92
81.95
82.03
82.31
82.32
82.34
82.17
82.14
82.12
82.31
82.40
82.29
82.15
81.97
81.88
81.80
81.89
81.91
81.76
81.65
81.48
81.44
81.44
81.56
81.34
81.19
81.02
80.91
80.80
80.81
80.79
80.72
80.57
80.61
80.62
80.68
80.79
80.77
80.85
80.74
80.77
80.84
80.89
80.88
80.92
81.01
80.93
81.02
81.04
81.05
81.11
81.11
81.11
81.11
81.14
81.10
81.08
81.10
81.16
81.18
81.27
81.30
81.23
81.15
81.27
81.35
81.32
81.30
81.35
81.31
81.36
81.38
81.31
81.25
81.20
81.22
81.23
81.21
81.13
81.15
81.16
81.08
81.09
81.14
81.12
81.13
81.11
81.09
81.07
81.05
81.06
80.99
81.02
81.04
81.08
81.10
81.10
81.16
81.19
81.19
81.24
81.15
81.20
81.21
81.23
81.26
81.28
81.30
81.28
81.27
81.32
81.33
81.34
81.36
81.37
81.39
81.41
81.43
81.51
81.57
81.52
81.53
81.47
81.51
81.53
81.56
81.55
81.55
81.57
81.62
81.64
81.65
81.59
81.63
81.60
81.60
81.62
81.64
81.62
81.63
81.64
81.65
81.67
81.64
81.65
81.66
81.70
81.71
81.68
81.65
81.64
81.62
81.64
81.66
81.68
81.70
81.73
81.71
81.75
81.78
81.74
81.76
81.76
81.72
81.75
81.76
81.73
81.72
81.74
81.73
81.72
81.72
81.73
81.72
81.71
81.69
81.72
81.75
81.73
81.72
81.75
81.79
81.81
81.83
81.82
81.87
81.83
81.81
81.80
81.83
81.84
81.85
81.85
81.84
81.84
81.85
81.82
81.79
81.77
81.72
81.73
81.74
81.76
81.76
81.76
81.74
81.72
81.72
81.73
81.76
81.79
81.80
81.80
81.79
81.77
81.76
81.78
81.73
81.72
81.71
81.70
81.70
81.69
81.70
81.71
81.72
81.72
81.70
81.74
81.75
81.75
81.76
81.74
81.77
81.77
81.78
81.78
81.75
81.76
81.74
81.75
81.74
81.72
81.72
81.72
81.73
81.73
81.74
81.70
81.70
81.71
81.73
81.73
81.71
81.70
81.69
81.67
81.64
81.66
81.64
81.63
81.63
81.64
81.64
81.65
81.65
81.65
81.65
81.65
81.63
81.65
81.64
81.62
81.63
81.64
81.65
81.64
81.65
81.67
81.65
81.63
81.62
81.63
81.62
81.61
81.60
81.60
81.59
81.58
81.58
81.55
81.54
81.52
81.49
81.49
81.49
81.51
81.52
81.52
81.53
81.52
81.49
81.50
81.50
81.49
81.47
81.46
81.45
81.45
81.46
81.45
81.46
81.47
81.47
81.48
81.47
81.47
81.48
81.49
81.48
81.48
81.51
81.51
81.53
81.52
81.52
81.51
81.52
81.51
81.50
81.49
81.49
81.51
81.49
81.50
81.50
81.49
81.48
81.49
81.51
81.50
81.51
81.51
81.52
81.53
81.52
81.52
81.50
81.50
81.49
81.50
81.52
81.51
81.50
81.50
81.49
81.49
81.48
81.48
81.49
81.52
81.52
81.53
81.55
81.55
81.56
81.56
81.54
81.52
81.51
81.53
81.54
81.54
81.57
81.54
81.55
81.54
81.54
81.53
81.54
81.53
81.52
81.53
81.54
81.56
81.55
81.55
81.57
81.57
81.58
81.59
81.59
81.60
81.61
81.63
81.62
81.63
81.61
81.61
81.60
81.60
81.59
81.58
81.57
81.56
81.56
81.57
81.57
81.56
81.56
81.56
81.57
81.56
81.56
81.54
81.56
81.55
81.53
81.55
81.56
81.56
81.55
81.56
81.56
81.54
81.56
81.56
81.54
81.55
81.56
81.55
81.55
81.53
81.53
81.54
81.53
81.53
81.54
81.54
81.52
81.53
81.53
81.52
81.54
81.53
81.54
81.55
81.54
81.55
81.56
81.57
81.56
81.56
81.58
81.57
81.57
81.58
81.59
81.59
81.59
81.61
81.60
81.61
81.60
81.60
81.59
81.59
81.60
81.59
81.59
81.60
81.59
81.60
81.58
81.58
81.59
81.59
81.59
81.59
81.59
81.58
81.56
81.55
81.56
81.56
81.56
81.56
81.56
81.57
81.56
81.56
81.57
81.58
81.58
81.58
81.59
81.58
81.59
81.59
81.59
81.58
81.58
81.58
81.58
81.59
81.58
81.59
81.58
81.58
81.58
81.57
81.57
81.58
81.58
81.59
81.58
81.57
81.57
81.57
81.57
81.57
81.57
81.57
81.56
81.56
81.57
81.57
81.57
81.57
81.55
81.55
81.55
81.55
81.54
81.54
81.55
81.54
81.54
81.54
81.54
81.54
81.56
81.56
81.58
81.59
81.59
81.60
81.59
81.58
81.58
81.58
81.58
81.56
81.57
81.57
81.57
81.58
81.59
81.59
81.59
81.60
81.58
81.58
81.60
81.60
81.60
81.60
81.59
81.58
81.57
81.57
81.58
81.57
81.54
81.54
81.54
81.53
81.54
81.53
81.53
81.52
81.54
81.55
81.56
81.58
81.59
81.59
81.58
81.58
81.58
81.59
81.60
81.61
81.59
81.60
81.60
81.61
81.61
81.59
81.59
81.59
81.58
81.58
81.58
81.57
81.57
81.57
81.58
81.57
81.57
81.57
81.58
81.58
81.60
81.61
81.61
81.62
81.61
81.61
81.59
81.59
81.58
81.58
81.58
81.58
81.58
81.58
81.58
81.58
81.57
81.57
81.57
81.57
81.57
81.57
81.57
81.56
81.56
81.56
81.55
81.55
81.56
81.55
81.55
81.56
81.56
81.56
81.57
81.57
81.57
81.56
81.56
81.56
81.55
81.54
81.55
81.54
81.55
81.54
81.55
81.56
81.55
81.55
81.56
81.56
81.57
81.58
81.58
81.58
81.58
81.58
81.58
81.57
81.56
81.57
81.57
81.57
81.58
81.58
81.57
81.56
81.55
81.54
81.53
81.51
81.52
81.53
81.53
81.53
81.53
81.54
81.55
81.53
81.54
81.54
81.53
81.54
81.55
81.55
81.55
81.56
81.56
81.56
81.56
81.56
81.55
81.55
81.55
81.55
81.56
81.56
81.55
81.55
81.56
81.57
81.58
81.57
81.58
81.58
81.58
81.58
81.58
81.58
81.59
81.60
81.60
81.59
81.59
81.60
81.60
81.61
81.61
81.62
81.62
81.62
81.62
81.62
81.62
81.60
81.60
81.59
81.59
81.59
81.60
81.60
81.60
81.60
81.60
81.59
81.59
81.59
81.59
81.59
81.60
81.52
