87.50
78.91
79.17
79.30
79.69
79.95
79.46
79.49
80.21
79.38
79.55
79.82
78.97
79.02
79.06
78.91
79.78
79.95
80.18
80.08
80.13
80.26
80.57
80.79
80.88
80.89
80.96
80.97
80.87
81.04
81.40
81.15
81.11
81.25
81.07
80.95
81.00
81.13
81.01
81.21
81.17
81.06
81.10
81.00
80.90
81.01
81.05
81.28
81.31
81.25
81.22
81.34
81.34
81.39
81.25
81.11
81.11
81.06
81.01
81.17
81.22
81.28
81.40
81.40
81.47
81.44
81.58
81.59
81.52
81.58
81.62
81.62
81.74
81.67
81.54
81.56
81.66
81.65
81.67
81.72
81.69
81.69
81.65
81.68
81.64
81.67
81.65
81.53
81.57
81.56
81.58
81.62
81.67
81.65
81.74
81.79
81.88
81.76
81.80
81.70
81.71
81.66
81.71
81.69
81.68
81.72
81.76
81.71
81.72
81.75
81.81
81.82
81.86
81.92
81.94
81.92
81.94
82.03
82.02
81.95
81.93
81.93
81.97
81.98
82.00
81.97
81.99
82.04
82.11
82.14
82.19
82.22
82.25
82.25
82.34
82.27
82.28
82.31
82.33
82.33
82.34
82.35
82.24
82.29
82.25
82.28
82.26
82.28
82.27
82.20
82.16
82.13
82.17
82.18
82.15
82.13
82.15
82.14
82.11
82.09
82.10
82.13
82.09
82.12
82.10
82.10
82.10
82.10
82.06
82.07
82.04
82.02
81.98
81.99
82.01
82.04
82.06
82.05
82.05
82.07
82.08
82.11
82.10
82.11
82.07
82.07
82.12
82.12
82.17
82.20
82.18
82.11
82.11
82.13
82.11
82.08
82.09
82.09
82.12
82.13
82.15
82.12
82.12
82.10
82.10
82.12
82.11
82.12
82.12
82.11
82.13
82.14
82.15
82.16
82.16
82.16
82.19
82.18
82.17
82.19
82.20
82.20
82.18
82.21
82.22
82.17
82.13
82.12
82.12
82.13
82.13
82.15
82.18
82.16
82.17
82.19
82.21
82.22
82.22
82.17
82.16
82.15
82.13
82.13
82.12
82.14
82.14
82.16
82.16
82.18
82.21
82.22
82.26
82.26
82.27
82.28
82.31
82.32
82.30
82.29
82.30
82.30
82.29
82.30
82.31
82.34
82.35
82.33
82.34
82.35
82.33
82.34
82.34
82.32
82.28
82.26
82.26
82.27
82.25
82.25
82.23
82.24
82.24
82.23
82.24
82.24
82.22
82.22
82.21
82.23
82.22
82.23
82.22
82.22
82.22
82.19
82.18
82.17
82.16
82.17
82.13
82.14
82.15
82.13
82.13
82.15
82.15
82.16
82.13
82.12
82.12
82.12
82.13
82.15
82.15
82.16
82.18
82.20
82.19
82.18
82.17
82.19
82.18
82.20
82.22
82.22
82.20
82.20
82.20
82.22
82.21
82.22
82.23
82.23
82.20
82.20
82.20
82.20
82.20
82.20
82.20
82.18
82.16
82.16
82.17
82.16
82.15
82.15
82.16
82.15
82.14
82.13
82.11
82.11
82.11
82.09
82.07
82.08
82.06
82.05
82.04
82.05
82.08
82.07
82.07
82.04
82.05
82.07
82.08
82.07
82.07
82.07
82.08
82.08
82.07
82.05
82.06
82.06
82.06
82.07
82.07
82.09
82.11
82.10
82.08
82.08
82.09
82.07
82.08
82.07
82.08
82.08
82.07
82.06
82.05
82.05
82.05
82.06
82.05
82.04
82.04
82.04
82.03
82.03
82.02
82.03
81.99
82.01
82.01
82.00
81.98
81.98
81.98
81.97
81.93
81.92
81.91
81.92
81.93
81.93
81.92
81.91
81.91
81.92
81.93
81.94
81.95
81.94
81.92
81.93
81.93
81.94
81.94
81.94
81.93
81.92
81.92
81.93
81.93
81.94
81.93
81.93
81.93
81.94
81.93
81.94
81.93
81.95
81.95
81.94
81.95
81.94
81.95
81.95
81.94
81.93
81.94
81.94
81.93
81.95
81.95
81.93
81.92
81.94
81.94
81.95
81.95
81.95
81.95
81.94
81.94
81.95
81.94
81.95
81.94
81.95
81.94
81.93
81.93
81.93
81.93
81.92
81.92
81.92
81.92
81.90
81.92
81.92
81.92
81.93
81.94
81.96
81.95
81.96
81.96
81.97
81.98
81.97
81.97
81.96
81.96
81.97
81.96
81.95
81.93
81.94
81.95
81.95
81.95
81.96
81.95
81.94
81.95
81.93
81.92
81.92
81.94
81.95
81.97
81.97
81.97
81.95
81.96
81.96
81.96
81.95
81.96
81.96
81.97
81.97
81.97
81.97
81.97
81.97
81.96
81.96
81.96
81.96
81.97
81.96
81.96
81.94
81.94
81.95
81.95
81.95
81.96
81.96
81.96
81.96
81.96
81.97
81.96
81.96
81.94
81.95
81.95
81.96
81.95
81.93
81.94
81.92
81.92
81.91
81.91
81.92
81.91
81.91
81.91
81.92
81.93
81.94
81.95
81.95
81.96
81.95
81.96
81.95
81.97
81.95
81.96
81.95
81.94
81.95
81.95
81.96
81.97
81.97
81.99
81.97
81.97
81.98
81.98
81.98
81.98
81.99
81.98
81.98
82.00
81.99
81.99
81.99
82.00
82.00
82.01
82.01
82.01
82.01
82.01
82.00
82.00
82.00
82.01
82.02
82.01
82.02
82.02
82.03
82.02
82.02
82.02
82.02
82.03
82.03
82.04
82.05
82.06
82.06
82.05
82.06
82.04
82.04
82.04
82.04
82.04
82.04
82.02
82.00
82.01
82.01
82.01
82.00
81.99
81.98
81.98
81.97
81.96
81.96
81.97
81.96
81.95
81.95
81.95
81.94
81.94
81.94
81.94
81.94
81.94
81.95
81.95
81.96
81.96
81.97
81.97
81.97
81.97
81.98
81.98
81.97
81.96
81.97
81.96
81.95
81.95
81.95
81.95
81.93
81.92
81.92
81.91
81.92
81.92
81.91
81.91
81.91
81.91
81.89
81.89
81.90
81.90
81.90
81.89
81.89
81.88
81.88
81.87
81.85
81.86
81.86
81.85
81.86
81.86
81.86
81.87
81.86
81.86
81.86
81.85
81.85
81.84
81.85
81.85
81.85
81.85
81.85
81.84
81.84
81.84
81.84
81.84
81.85
81.85
81.86
81.86
81.85
81.87
81.87
81.87
81.88
81.87
81.88
81.89
81.88
81.86
81.85
81.86
81.86
81.85
81.86
81.87
81.85
81.84
81.85
81.85
81.86
81.86
81.85
81.85
81.85
81.84
81.83
81.83
81.83
81.82
81.82
81.82
81.82
81.80
81.81
81.80
81.80
81.81
81.80
81.80
81.80
81.81
81.80
81.79
81.79
81.78
81.79
81.79
81.79
81.78
81.79
81.79
81.79
81.79
81.78
81.78
81.70
