84.38
82.81
83.85
85.55
85.00
85.94
84.82
84.57
84.38
84.22
84.52
83.98
84.38
84.38
84.38
84.47
84.10
84.29
84.05
84.22
84.45
84.52
84.38
84.31
84.25
84.13
83.80
83.76
83.67
83.65
83.72
83.69
83.62
83.64
83.79
83.42
83.49
83.39
83.21
83.28
83.31
83.26
83.36
83.31
83.33
83.08
83.05
83.01
82.97
82.91
82.81
82.87
82.87
82.70
82.84
82.92
82.81
82.95
82.97
82.84
82.86
82.89
82.81
82.86
82.81
82.81
82.88
82.90
82.93
82.88
82.88
82.92
82.86
82.75
82.77
82.81
82.87
82.91
82.87
82.85
82.91
82.91
82.87
82.85
82.83
82.83
82.78
82.83
82.81
82.88
82.88
82.83
82.83
82.83
82.86
82.89
82.89
82.92
82.89
82.81
82.81
82.83
82.83
82.78
82.86
82.87
82.80
82.86
82.86
82.86
82.85
82.87
82.90
82.85
82.93
82.93
82.93
82.91
82.93
82.86
82.83
82.76
82.76
82.77
82.79
82.74
82.73
82.68
82.72
82.70
82.75
82.78
82.80
82.79
82.78
82.79
82.74
82.72
82.76
82.76
82.73
82.69
82.68
82.68
82.77
82.73
82.70
82.68
82.66
82.66
82.64
82.64
82.65
82.61
82.58
82.57
82.53
82.50
82.50
82.48
82.46
82.44
82.44
82.44
82.46
82.45
82.41
82.40
82.39
82.38
82.43
82.39
82.37
82.41
82.41
82.40
82.38
82.38
82.34
82.34
82.30
82.31
82.31
82.29
82.30
82.29
82.32
82.34
82.35
82.32
82.28
82.26
82.25
82.25
82.24
82.21
82.19
82.19
82.20
82.19
82.17
82.23
82.24
82.22
82.25
82.25
82.28
82.25
82.21
82.19
82.19
82.22
82.25
82.27
82.25
82.26
82.26
82.25
82.28
82.26
82.28
82.29
82.30
82.28
82.27
82.26
82.26
82.24
82.22
82.24
82.23
82.23
82.26
82.26
82.23
82.22
82.22
82.23
82.25
82.25
82.25
82.23
82.25
82.25
82.23
82.20
82.22
82.21
82.18
82.19
82.20
82.20
82.19
82.19
82.16
82.14
82.14
82.16
82.13
82.14
82.14
82.13
82.14
82.11
82.09
82.10
82.12
82.13
82.16
82.14
82.14
82.14
82.12
82.12
82.10
82.09
82.11
82.13
82.13
82.15
82.14
82.14
82.13
82.15
82.14
82.12
82.13
82.14
82.12
82.13
82.14
82.15
82.14
82.14
82.10
82.12
82.12
82.13
82.13
82.14
82.13
82.11
82.13
82.15
82.11
82.10
82.09
82.09
82.09
82.09
82.08
82.07
82.06
82.08
82.07
82.07
82.10
82.12
82.13
82.13
82.13
82.08
82.11
82.10
82.13
82.15
82.14
82.15
82.13
82.14
82.13
82.14
82.13
82.12
82.11
82.11
82.10
82.10
82.11
82.10
82.09
82.12
82.12
82.14
82.14
82.15
82.14
82.13
82.14
82.15
82.16
82.15
82.14
82.12
82.14
82.17
82.16
82.14
82.15
82.16
82.15
82.14
82.14
82.14
82.15
82.14
82.13
82.11
82.13
82.12
82.11
82.12
82.12
82.10
82.08
82.07
82.09
82.08
82.08
82.08
82.10
82.11
82.12
82.11
82.11
82.12
82.11
82.13
82.13
82.14
82.14
82.14
82.14
82.18
82.18
82.17
82.13
82.13
82.12
82.12
82.13
82.15
82.15
82.14
82.14
82.12
82.11
82.10
82.10
82.11
82.10
82.10
82.11
82.10
82.10
82.13
82.12
82.11
82.12
82.13
82.14
82.12
82.13
82.12
82.10
82.11
82.12
82.10
82.09
82.10
82.09
82.10
82.11
82.11
82.10
82.11
82.12
82.11
82.11
82.11
82.13
82.12
82.12
82.11
82.09
82.09
82.09
82.08
82.09
82.11
82.11
82.12
82.11
82.13
82.12
82.13
82.12
82.13
82.13
82.14
82.15
82.16
82.15
82.16
82.17
82.18
82.16
82.18
82.18
82.18
82.19
82.19
82.18
82.19
82.20
82.19
82.19
82.20
82.21
82.22
82.22
82.23
82.22
82.22
82.20
82.20
82.19
82.20
82.19
82.20
82.21
82.22
82.22
82.21
82.19
82.18
82.16
82.15
82.16
82.16
82.17
82.16
82.16
82.14
82.15
82.16
82.17
82.16
82.16
82.15
82.16
82.17
82.16
82.16
82.17
82.15
82.15
82.15
82.16
82.15
82.16
82.15
82.16
82.14
82.14
82.14
82.15
82.14
82.16
82.16
82.15
82.15
82.15
82.15
82.16
82.17
82.17
82.17
82.18
82.18
82.17
82.17
82.16
82.16
82.15
82.15
82.15
82.14
82.15
82.16
82.15
82.15
82.13
82.12
82.12
82.12
82.12
82.11
82.11
82.10
82.10
82.10
82.09
82.08
82.09
82.08
82.08
82.09
82.09
82.07
82.07
82.07
82.08
82.08
82.08
82.09
82.09
82.08
82.09
82.07
82.07
82.07
82.07
82.07
82.07
82.06
82.06
82.06
82.04
82.03
82.03
82.02
82.03
82.04
82.03
82.02
82.01
82.00
82.00
81.99
81.99
82.00
81.99
82.00
81.99
82.00
81.99
81.98
81.98
82.00
81.99
82.00
82.00
82.01
82.00
82.01
82.01
82.01
82.01
82.01
82.01
82.01
82.02
82.02
82.03
82.03
82.02
82.02
82.03
82.03
82.03
82.04
82.04
82.05
82.06
82.05
82.05
82.06
82.05
82.06
82.07
82.07
82.05
82.06
82.06
82.04
82.02
82.04
82.03
82.03
82.04
82.05
82.05
82.06
82.07
82.07
82.07
82.06
82.05
82.05
82.05
82.07
82.07
82.07
82.07
82.08
82.08
82.08
82.08
82.08
82.08
82.08
82.09
82.08
82.07
82.07
82.06
82.06
82.05
82.05
82.05
82.07
82.08
82.08
82.09
82.09
82.09
82.09
82.08
82.08
82.07
82.07
82.07
82.07
82.07
82.06
82.07
82.07
82.06
82.06
82.06
82.07
82.07
82.07
82.07
82.07
82.07
82.06
82.05
82.06
82.05
82.06
82.05
82.03
82.02
82.01
82.01
82.01
82.01
82.01
82.00
82.00
82.01
82.01
82.00
82.00
82.00
81.99
81.99
81.99
82.00
81.99
82.00
82.00
82.00
82.01
82.00
82.00
82.00
81.99
81.99
81.98
81.98
81.97
81.98
81.98
81.97
81.95
81.96
81.96
81.96
81.96
81.95
81.95
81.95
81.96
81.96
81.97
81.96
81.96
81.96
81.98
81.96
81.97
81.97
81.97
81.98
81.97
81.98
81.97
81.96
81.96
81.95
81.96
81.96
81.97
81.97
81.98
81.99
81.98
81.98
81.91
