3.12
1.56
1.04
1.17
0.94
1.30
1.12
1.37
1.22
1.25
1.14
1.04
0.96
0.89
0.94
0.98
0.92
0.87
0.82
0.78
0.82
0.78
0.82
0.78
0.75
0.72
0.69
0.67
0.65
0.68
0.81
0.78
0.99
1.01
1.07
1.13
1.10
1.07
1.04
1.02
1.03
1.00
1.02
1.07
1.11
1.09
1.16
1.14
1.15
1.13
1.13
1.11
1.12
1.10
1.14
1.17
1.15
1.24
1.22
1.22
1.23
1.21
1.22
1.25
1.25
1.25
1.24
1.24
1.22
1.23
1.21
1.22
1.24
1.25
1.23
1.23
1.22
1.22
1.25
1.23
1.23
1.22
1.20
1.19
1.18
1.18
1.19
1.17
1.18
1.16
1.15
1.14
1.16
1.15
1.17
1.16
1.16
1.20
1.18
1.17
1.16
1.16
1.17
1.19
1.21
1.24
1.23
1.22
1.22
1.22
1.22
1.21
1.20
1.19
1.20
1.20
1.19
1.18
1.18
1.20
1.19
1.18
1.18
1.17
1.17
1.17
1.16
1.15
1.14
1.13
1.13
1.15
1.14
1.14
1.13
1.13
1.12
1.12
1.11
1.14
1.15
1.17
1.17
1.19
1.20
1.23
1.22
1.22
1.22
1.21
1.20
1.20
1.22
1.23
1.23
1.22
1.21
1.21
1.25
1.24
1.23
1.23
1.24
1.24
1.24
1.25
1.24
1.26
1.28
1.27
1.26
1.26
1.27
1.28
1.27
1.27
1.29
1.30
1.30
1.29
1.29
1.30
1.30
1.30
1.29
1.29
1.29
1.28
1.27
1.27
1.28
1.28
1.29
1.29
1.29
1.29
1.28
1.28
1.27
1.27
1.27
1.26
1.26
1.26
1.25
1.26
1.26
1.26
1.26
1.26
1.27
1.28
1.28
1.29
1.29
1.30
1.30
1.30
1.30
1.30
1.30
1.30
1.30
1.30
1.31
1.31
1.31
1.30
1.30
1.32
1.33
1.33
1.33
1.32
1.32
1.32
1.31
1.31
1.31
1.32
1.33
1.34
1.34
1.34
1.34
1.33
1.33
1.34
1.34
1.34
1.33
1.34
1.34
1.35
1.34
1.34
1.34
1.34
1.33
1.34
1.34
1.34
1.34
1.34
1.33
1.34
1.33
1.34
1.33
1.33
1.34
1.34
1.35
1.34
1.35
1.36
1.38
1.39
1.39
1.38
1.39
1.39
1.39
1.38
1.39
1.38
1.38
1.38
1.38
1.38
1.39
1.39
1.39
1.38
1.38
1.39
1.40
1.40
1.41
1.41
1.41
1.42
1.42
1.42
1.42
1.42
1.41
1.43
1.42
1.43
1.42
1.42
1.42
1.42
1.41
1.41
1.40
1.40
1.40
1.41
1.40
1.41
1.42
1.42
1.41
1.42
1.42
1.41
1.41
1.42
1.42
1.42
1.42
1.43
1.43
1.43
1.43
1.42
1.42
1.42
1.41
1.41
1.40
1.40
1.39
1.40
1.40
1.40
1.40
1.41
1.41
1.41
1.41
1.41
1.41
1.40
1.40
1.41
1.41
1.40
1.40
1.40
1.39
1.40
1.39
1.39
1.38
1.39
1.39
1.39
1.39
1.38
1.38
1.38
1.38
1.39
1.39
1.39
1.39
1.39
1.38
1.38
1.39
1.39
1.40
1.40
1.40
1.40
1.40
1.40
1.40
1.40
1.40
1.40
1.40
1.40
1.40
1.40
1.40
1.40
1.40
1.40
1.40
1.39
1.40
1.40
1.39
1.39
1.39
1.39
1.39
1.39
1.39
1.40
1.41
1.41
1.41
1.42
1.42
1.41
1.41
1.41
1.41
1.41
1.40
1.40
1.41
1.40
1.40
1.40
1.40
1.40
1.40
1.40
1.40
1.40
1.39
1.39
1.40
1.40
1.40
1.40
1.40
1.40
1.40
1.40
1.41
1.41
1.41
1.41
1.41
1.42
1.41
1.42
1.42
1.42
1.43
1.43
1.43
1.43
1.43
1.43
1.43
1.43
1.42
1.43
1.44
1.44
1.44
1.44
1.44
1.44
1.44
1.44
1.43
1.43
1.43
1.43
1.44
1.44
1.44
1.44
1.45
1.44
1.44
1.44
1.44
1.44
1.44
1.43
1.44
1.44
1.44
1.44
1.45
1.45
1.45
1.45
1.45
1.45
1.45
1.45
1.45
1.44
1.44
1.45
1.45
1.45
1.46
1.46
1.46
1.46
1.46
1.45
1.45
1.45
1.45
1.45
1.45
1.46
1.46
1.46
1.46
1.46
1.46
1.46
1.46
1.46
1.46
1.45
1.46
1.45
1.45
1.45
1.45
1.45
1.45
1.46
1.46
1.45
1.45
1.45
1.45
1.44
1.45
1.45
1.45
1.45
1.45
1.46
1.45
1.45
1.46
1.46
1.45
1.45
1.45
1.44
1.45
1.45
1.44
1.44
1.44
1.44
1.44
1.44
1.44
1.44
1.44
1.44
1.43
1.44
1.43
1.43
1.43
1.43
1.43
1.43
1.43
1.43
1.43
1.43
1.43
1.43
1.43
1.43
1.43
1.43
1.43
1.43
1.44
1.43
1.43
1.43
1.43
1.43
1.43
1.43
1.43
1.43
1.43
1.43
1.43
1.43
1.43
1.43
1.43
1.43
1.43
1.43
1.43
1.43
1.44
1.43
1.43
1.43
1.43
1.43
1.43
1.43
1.43
1.44
1.43
1.43
1.44
1.44
1.44
1.44
1.44
1.44
1.44
1.43
1.44
1.43
1.44
1.44
1.44
1.44
1.44
1.44
1.45
1.45
1.44
1.44
1.44
1.44
1.44
1.44
1.44
1.44
1.44
1.45
1.44
1.45
1.45
1.45
1.45
1.45
1.45
1.45
1.45
1.45
1.45
1.45
1.45
1.46
1.46
1.46
1.46
1.46
1.46
1.46
1.46
1.46
1.45
1.46
1.46
1.45
1.45
1.45
1.45
1.45
1.45
1.45
1.45
1.45
1.44
1.45
1.44
1.44
1.45
1.45
1.45
1.45
1.45
1.45
1.45
1.45
1.45
1.45
1.45
1.45
1.45
1.45
1.45
1.45
1.45
1.45
1.45
1.45
1.45
1.45
1.45
1.45
1.44
1.44
1.45
1.44
1.45
1.45
1.45
1.45
1.44
1.45
1.45
1.45
1.45
1.45
1.45
1.45
1.45
1.45
1.45
1.44
1.44
1.44
1.44
1.44
1.44
1.44
1.44
1.45
1.45
1.45
1.45
1.45
1.45
1.45
1.45
1.45
1.45
1.44
1.44
1.44
1.44
1.44
1.44
1.45
1.45
1.45
1.45
1.45
1.45
1.45
1.45
1.45
1.45
1.44
1.44
1.44
1.44
1.44
1.44
1.45
1.45
1.44
1.45
1.45
1.45
1.45
1.45
1.45
