76.56
78.12
79.17
79.30
80.31
81.51
81.25
81.05
81.25
81.09
80.54
80.86
81.61
81.36
81.67
81.45
81.16
81.51
81.33
81.64
81.70
81.75
82.00
81.58
81.56
81.91
82.18
82.25
82.38
82.14
82.26
82.28
82.20
82.12
82.23
82.29
82.26
82.24
82.25
82.19
82.13
82.29
82.19
82.24
82.19
82.07
82.11
82.03
82.11
82.06
82.11
82.12
82.08
81.94
82.07
82.09
82.07
82.09
82.04
82.01
82.04
82.08
82.02
81.98
81.90
81.94
81.93
81.87
81.79
81.70
81.65
81.62
81.57
81.67
81.62
81.68
81.68
81.63
81.59
81.54
81.56
81.57
81.61
81.55
81.53
81.61
81.57
81.46
81.43
81.39
81.39
81.47
81.43
81.50
81.48
81.46
81.48
81.51
81.53
81.64
81.64
81.54
81.46
81.49
81.47
81.50
81.56
81.55
81.55
81.62
81.60
81.58
81.51
81.58
81.63
81.64
81.66
81.63
81.64
81.59
81.53
81.58
81.58
81.59
81.50
81.54
81.51
81.58
81.58
81.48
81.45
81.49
81.47
81.45
81.46
81.48
81.44
81.40
81.44
81.42
81.44
81.48
81.50
81.45
81.47
81.45
81.54
81.48
81.52
81.50
81.50
81.49
81.51
81.54
81.51
81.48
81.57
81.54
81.53
81.53
81.51
81.53
81.57
81.61
81.64
81.65
81.68
81.67
81.68
81.64
81.62
81.62
81.60
81.59
81.57
81.61
81.55
81.50
81.51
81.45
81.47
81.48
81.46
81.45
81.43
81.42
81.40
81.35
81.35
81.37
81.38
81.40
81.40
81.43
81.48
81.52
81.47
81.46
81.47
81.42
81.45
81.44
81.48
81.50
81.47
81.50
81.50
81.51
81.52
81.55
81.54
81.52
81.53
81.54
81.50
81.55
81.57
81.60
81.59
81.61
81.60
81.60
81.61
81.61
81.60
81.62
81.59
81.60
81.59
81.61
81.62
81.65
81.63
81.60
81.58
81.59
81.62
81.64
81.64
81.65
81.66
81.66
81.70
81.71
81.71
81.73
81.73
81.72
81.68
81.71
81.70
81.73
81.76
81.77
81.78
81.81
81.82
81.84
81.85
81.85
81.85
81.83
81.84
81.83
81.80
81.81
81.81
81.80
81.78
81.77
81.76
81.74
81.76
81.75
81.76
81.74
81.74
81.72
81.71
81.75
81.74
81.75
81.73
81.73
81.74
81.78
81.79
81.79
81.79
81.81
81.82
81.83
81.82
81.80
81.81
81.82
81.82
81.82
81.82
81.83
81.86
81.86
81.84
81.84
81.85
81.86
81.86
81.87
81.89
81.87
81.88
81.89
81.88
81.91
81.89
81.89
81.89
81.90
81.93
81.92
81.91
81.90
81.90
81.93
81.93
81.93
81.94
81.96
81.96
81.98
81.99
81.97
82.00
81.98
81.96
81.96
81.95
81.93
81.93
81.93
81.93
81.94
81.93
81.91
81.89
81.88
81.85
81.86
81.87
81.87
81.87
81.88
81.87
81.89
81.90
81.91
81.91
81.89
81.92
81.94
81.94
81.94
81.93
81.92
81.92
81.89
81.89
81.91
81.93
81.93
81.91
81.91
81.93
81.93
81.91
81.92
81.93
81.94
81.93
81.91
81.93
81.91
81.89
81.89
81.87
81.88
81.85
81.84
81.85
81.86
81.85
81.84
81.84
81.84
81.86
81.87
81.85
81.87
81.88
81.86
81.84
81.84
81.86
81.86
81.86
81.84
81.85
81.85
81.84
81.84
81.84
81.83
81.85
81.86
81.85
81.86
81.85
81.85
81.83
81.82
81.82
81.82
81.81
81.82
81.84
81.83
81.85
81.86
81.84
81.84
81.84
81.83
81.85
81.86
81.84
81.83
81.83
81.82
81.83
81.81
81.80
81.79
81.80
81.80
81.81
81.80
81.79
81.80
81.81
81.80
81.80
81.81
81.82
81.83
81.82
81.84
81.83
81.83
81.86
81.86
81.85
81.87
81.88
81.89
81.89
81.90
81.89
81.88
81.90
81.89
81.91
81.91
81.90
81.91
81.89
81.88
81.88
81.88
81.88
81.88
81.89
81.91
81.92
81.91
81.90
81.88
81.89
81.90
81.90
81.91
81.91
81.93
81.93
81.93
81.93
81.92
81.92
81.91
81.88
81.90
81.90
81.90
81.90
81.90
81.89
81.89
81.88
81.89
81.88
81.87
81.87
81.87
81.88
81.88
81.87
81.88
81.89
81.90
81.90
81.90
81.91
81.91
81.91
81.92
81.93
81.92
81.90
81.92
81.92
81.90
81.90
81.91
81.90
81.88
81.87
81.86
81.86
81.85
81.84
81.84
81.83
81.84
81.84
81.83
81.83
81.84
81.85
81.84
81.83
81.84
81.83
81.82
81.81
81.82
81.82
81.82
81.83
81.82
81.82
81.81
81.82
81.83
81.83
81.84
81.84
81.85
81.86
81.87
81.85
81.85
81.85
81.85
81.85
81.87
81.88
81.88
81.87
81.86
81.87
81.87
81.85
81.85
81.84
81.84
81.85
81.85
81.86
81.86
81.85
81.84
81.84
81.85
81.85
81.85
81.85
81.85
81.84
81.84
81.84
81.83
81.82
81.81
81.82
81.81
81.81
81.82
81.82
81.83
81.84
81.83
81.83
81.84
81.85
81.85
81.85
81.86
81.85
81.86
81.85
81.85
81.86
81.86
81.85
81.85
81.86
81.85
81.84
81.83
81.82
81.81
81.81
81.81
81.80
81.80
81.79
81.80
81.80
81.81
81.82
81.82
81.82
81.82
81.81
81.80
81.80
81.80
81.81
81.80
81.82
81.81
81.81
81.81
81.80
81.80
81.79
81.80
81.80
81.80
81.81
81.82
81.81
81.81
81.82
81.82
81.83
81.83
81.83
81.84
81.83
81.83
81.82
81.82
81.81
81.81
81.81
81.81
81.80
81.79
81.79
81.79
81.78
81.78
81.79
81.78
81.78
81.78
81.79
81.78
81.79
81.80
81.81
81.81
81.81
81.80
81.80
81.80
81.79
81.79
81.79
81.79
81.79
81.79
81.79
81.78
81.79
81.78
81.78
81.79
81.79
81.80
81.80
81.79
81.80
81.78
81.77
81.77
81.77
81.77
81.76
81.76
81.77
81.76
81.76
81.76
81.75
81.76
81.76
81.76
81.75
81.76
81.76
81.75
81.76
81.75
81.75
81.76
81.75
81.75
81.76
81.76
81.76
81.76
81.76
81.75
81.74
81.75
81.76
81.75
81.76
81.76
81.76
81.76
81.77
81.78
81.79
81.79
81.79
81.79
81.80
81.79
81.79
81.80
81.80
81.80
81.81
81.81
81.80
81.79
81.78
81.77
81.78
81.77
81.77
81.78
81.78
81.78
81.76
81.75
81.75
81.76
81.75
81.68
