79.69
82.81
83.33
83.20
82.19
82.29
82.81
82.23
82.12
81.88
80.97
80.86
80.77
80.92
80.62
80.76
80.79
80.90
80.84
80.39
80.51
80.61
80.64
80.79
80.81
81.07
80.90
80.64
80.44
80.57
80.75
80.57
80.82
80.97
80.80
81.03
80.95
81.00
81.01
80.90
81.06
80.92
80.96
81.00
81.04
81.25
81.05
81.09
81.25
81.25
81.28
81.13
81.22
81.05
81.14
81.11
81.22
81.22
81.25
81.28
81.38
81.28
81.40
81.49
81.61
81.63
81.67
81.64
81.61
81.65
81.62
81.64
81.55
81.59
81.58
81.58
81.64
81.63
81.51
81.48
81.46
81.50
81.59
81.60
81.64
81.78
81.81
81.91
81.99
81.96
81.92
81.96
82.01
81.96
82.02
82.05
82.10
82.10
82.04
82.05
81.99
82.03
81.99
82.02
82.05
82.00
82.08
81.99
82.04
82.09
82.07
82.05
82.04
82.04
82.04
82.07
82.06
82.11
82.10
82.10
82.10
82.06
82.06
82.12
82.20
82.27
82.28
82.29
82.30
82.21
82.26
82.28
82.27
82.31
82.37
82.35
82.37
82.38
82.37
82.41
82.38
82.28
82.27
82.30
82.28
82.29
82.36
82.37
82.41
82.37
82.36
82.35
82.37
82.34
82.35
82.36
82.36
82.37
82.32
82.25
82.23
82.22
82.20
82.23
82.24
82.19
82.19
82.18
82.19
82.14
82.15
82.14
82.14
82.10
82.06
82.08
82.11
82.15
82.11
82.12
82.12
82.09
82.14
82.14
82.07
82.03
82.02
82.03
82.06
82.07
82.08
82.09
82.09
82.13
82.08
82.08
82.09
82.05
82.04
82.04
82.04
81.99
81.96
81.94
81.94
81.96
81.97
81.98
82.00
82.02
82.03
82.07
82.04
82.05
82.06
82.06
82.07
82.07
82.03
82.02
82.06
82.07
82.08
82.08
82.10
82.12
82.11
82.14
82.10
82.11
82.11
82.11
82.12
82.12
82.15
82.17
82.18
82.21
82.20
82.20
82.18
82.17
82.16
82.14
82.15
82.15
82.18
82.13
82.13
82.11
82.11
82.09
82.10
82.11
82.12
82.12
82.12
82.14
82.14
82.15
82.15
82.17
82.18
82.20
82.19
82.20
82.19
82.22
82.20
82.22
82.25
82.23
82.22
82.20
82.21
82.21
82.19
82.19
82.17
82.19
82.19
82.19
82.17
82.15
82.13
82.08
82.07
82.08
82.06
82.04
82.05
82.05
82.07
82.07
82.07
82.06
82.05
82.07
82.08
82.08
82.09
82.08
82.08
82.08
82.07
82.10
82.09
82.10
82.10
82.10
82.07
82.04
82.03
82.03
82.03
82.03
82.03
82.05
82.04
82.06
82.04
82.05
82.05
82.08
82.05
82.06
82.04
82.06
82.07
82.08
82.08
82.09
82.07
82.06
82.04
82.05
82.05
82.05
82.04
82.07
82.07
82.06
82.07
82.09
82.09
82.09
82.07
82.05
82.06
82.03
82.03
82.01
82.03
82.02
82.00
82.02
82.02
82.04
82.02
82.04
82.01
82.01
82.02
82.02
82.03
82.04
82.02
82.03
82.02
82.01
81.99
81.97
81.95
81.97
81.95
81.97
81.98
81.97
81.96
81.94
81.95
81.94
81.94
81.94
81.95
81.93
81.93
81.93
81.93
81.94
81.95
81.94
81.93
81.91
81.92
81.91
81.91
81.92
81.92
81.91
81.92
81.92
81.91
81.91
81.89
81.89
81.87
81.87
81.87
81.87
81.86
81.86
81.86
81.84
81.84
81.83
81.82
81.80
81.81
81.80
81.78
81.76
81.77
81.76
81.75
81.74
81.75
81.76
81.75
81.74
81.75
81.76
81.75
81.76
81.78
81.78
81.78
81.76
81.76
81.74
81.72
81.71
81.70
81.70
81.72
81.72
81.73
81.73
81.72
81.70
81.71
81.72
81.71
81.69
81.69
81.71
81.71
81.72
81.72
81.71
81.70
81.68
81.66
81.65
81.66
81.66
81.66
81.68
81.68
81.68
81.69
81.71
81.72
81.70
81.69
81.69
81.70
81.68
81.68
81.69
81.70
81.68
81.69
81.71
81.72
81.72
81.70
81.70
81.68
81.68
81.69
81.67
81.67
81.67
81.68
81.70
81.71
81.71
81.71
81.72
81.71
81.70
81.70
81.70
81.69
81.69
81.68
81.70
81.70
81.69
81.70
81.69
81.69
81.68
81.66
81.67
81.68
81.68
81.69
81.70
81.71
81.71
81.73
81.74
81.75
81.76
81.77
81.76
81.74
81.74
81.74
81.75
81.76
81.77
81.78
81.78
81.78
81.76
81.75
81.75
81.75
81.73
81.73
81.74
81.75
81.75
81.74
81.72
81.71
81.71
81.72
81.72
81.71
81.72
81.73
81.73
81.73
81.73
81.72
81.72
81.72
81.72
81.72
81.73
81.74
81.74
81.75
81.74
81.75
81.76
81.76
81.76
81.75
81.73
81.74
81.73
81.74
81.73
81.73
81.72
81.70
81.70
81.69
81.69
81.68
81.68
81.67
81.68
81.67
81.69
81.69
81.67
81.67
81.69
81.68
81.68
81.69
81.69
81.69
81.70
81.68
81.69
81.69
81.69
81.70
81.68
81.69
81.70
81.70
81.69
81.69
81.69
81.69
81.69
81.68
81.69
81.69
81.70
81.70
81.69
81.70
81.71
81.72
81.72
81.73
81.74
81.74
81.75
81.76
81.76
81.77
81.78
81.79
81.79
81.79
81.79
81.78
81.77
81.76
81.75
81.76
81.76
81.76
81.74
81.75
81.74
81.75
81.74
81.75
81.74
81.73
81.72
81.73
81.73
81.74
81.74
81.74
81.73
81.74
81.75
81.75
81.76
81.76
81.76
81.76
81.75
81.76
81.76
81.75
81.75
81.74
81.75
81.75
81.74
81.73
81.73
81.72
81.72
81.73
81.73
81.72
81.73
81.73
81.73
81.72
81.71
81.72
81.71
81.70
81.70
81.69
81.69
81.68
81.68
81.68
81.67
81.67
81.67
81.66
81.65
81.65
81.65
81.65
81.66
81.66
81.64
81.64
81.65
81.66
81.66
81.66
81.66
81.65
81.66
81.66
81.66
81.66
81.65
81.65
81.65
81.64
81.64
81.64
81.63
81.63
81.64
81.63
81.63
81.63
81.64
81.64
81.64
81.64
81.64
81.63
81.63
81.62
81.63
81.61
81.60
81.60
81.60
81.61
81.61
81.60
81.61
81.62
81.61
81.62
81.61
81.62
81.62
81.63
81.63
81.62
81.62
81.62
81.61
81.60
81.61
81.60
81.59
81.60
81.60
81.60
81.61
81.60
81.61
81.61
81.61
81.61
81.61
81.61
81.62
81.62
81.63
81.64
81.65
81.65
81.65
81.64
81.56
