81.25
78.91
79.17
80.47
81.88
82.03
83.04
83.40
82.99
82.34
82.39
81.77
82.33
82.25
82.29
81.64
81.71
81.60
81.33
81.56
81.25
81.39
81.52
81.32
81.12
81.37
81.60
81.70
81.47
81.56
81.30
81.45
81.58
81.48
81.61
81.55
81.33
81.25
81.13
81.21
81.29
81.29
81.07
81.04
81.04
81.08
81.05
81.02
81.15
81.03
81.13
81.19
81.22
81.28
81.28
81.00
81.00
80.95
80.93
80.91
81.07
80.92
80.95
80.88
80.94
80.82
80.88
80.77
80.89
80.89
80.92
80.88
80.95
80.98
80.96
81.00
80.99
81.05
81.17
81.33
81.33
81.31
81.42
81.38
81.43
81.41
81.39
81.41
81.44
81.44
81.42
81.47
81.59
81.60
81.58
81.51
81.56
81.63
81.71
81.70
81.62
81.60
81.58
81.52
81.49
81.46
81.41
81.42
81.45
81.48
81.53
81.65
81.69
81.70
81.74
81.71
81.69
81.78
81.85
81.93
81.92
81.94
81.96
82.02
82.01
82.04
82.06
82.09
82.04
81.98
82.00
82.00
81.95
81.95
81.90
81.93
81.85
81.83
81.83
81.85
81.86
81.89
81.87
81.90
81.84
81.79
81.85
81.88
81.90
81.90
81.93
82.00
82.00
82.03
82.02
82.02
82.06
82.00
81.96
81.98
82.03
82.00
81.99
82.03
82.07
81.98
81.98
82.01
82.02
82.01
81.95
81.98
81.97
81.94
81.93
81.88
81.84
81.82
81.79
81.81
81.75
81.73
81.73
81.71
81.70
81.66
81.66
81.64
81.68
81.73
81.72
81.75
81.72
81.75
81.76
81.78
81.77
81.76
81.71
81.70
81.70
81.69
81.70
81.75
81.78
81.76
81.74
81.75
81.80
81.79
81.80
81.79
81.76
81.78
81.76
81.75
81.73
81.73
81.75
81.77
81.72
81.68
81.67
81.64
81.63
81.66
81.69
81.72
81.70
81.73
81.72
81.69
81.71
81.70
81.70
81.68
81.68
81.64
81.64
81.66
81.65
81.64
81.62
81.60
81.60
81.59
81.59
81.61
81.63
81.64
81.62
81.60
81.63
81.65
81.69
81.67
81.66
81.67
81.64
81.68
81.67
81.66
81.68
81.66
81.68
81.66
81.67
81.68
81.73
81.75
81.76
81.76
81.78
81.76
81.76
81.75
81.79
81.77
81.74
81.77
81.77
81.78
81.80
81.80
81.81
81.82
81.84
81.83
81.82
81.82
81.82
81.80
81.77
81.79
81.79
81.78
81.77
81.72
81.74
81.72
81.69
81.64
81.62
81.63
81.61
81.63
81.64
81.65
81.64
81.65
81.65
81.65
81.63
81.65
81.67
81.68
81.68
81.69
81.71
81.71
81.69
81.71
81.71
81.70
81.70
81.71
81.73
81.69
81.67
81.68
81.68
81.68
81.67
81.64
81.66
81.66
81.65
81.60
81.59
81.59
81.60
81.61
81.59
81.57
81.57
81.58
81.57
81.56
81.59
81.58
81.57
81.58
81.59
81.59
81.61
81.61
81.62
81.62
81.63
81.63
81.62
81.63
81.63
81.66
81.67
81.65
81.66
81.68
81.68
81.70
81.70
81.73
81.76
81.78
81.78
81.77
81.74
81.73
81.74
81.74
81.74
81.78
81.74
81.74
81.75
81.74
81.77
81.78
81.79
81.78
81.77
81.77
81.76
81.75
81.74
81.74
81.74
81.75
81.74
81.74
81.72
81.72
81.72
81.71
81.72
81.73
81.75
81.75
81.75
81.74
81.71
81.71
81.70
81.70
81.69
81.69
81.68
81.69
81.70
81.71
81.73
81.72
81.70
81.70
81.71
81.70
81.70
81.70
81.66
81.67
81.69
81.69
81.68
81.67
81.67
81.67
81.67
81.66
81.67
81.66
81.68
81.67
81.67
81.66
81.65
81.66
81.67
81.65
81.65
81.62
81.62
81.63
81.63
81.62
81.62
81.62
81.63
81.62
81.61
81.62
81.61
81.61
81.62
81.64
81.63
81.62
81.61
81.62
81.61
81.62
81.62
81.61
81.62
81.60
81.59
81.60
81.60
81.63
81.63
81.62
81.61
81.61
81.62
81.62
81.63
81.64
81.64
81.63
81.63
81.61
81.62
81.62
81.62
81.62
81.64
81.65
81.66
81.65
81.66
81.66
81.68
81.68
81.68
81.69
81.68
81.69
81.69
81.69
81.70
81.70
81.69
81.70
81.70
81.72
81.73
81.72
81.71
81.72
81.73
81.74
81.75
81.75
81.75
81.75
81.74
81.74
81.74
81.71
81.71
81.70
81.70
81.70
81.69
81.68
81.68
81.67
81.68
81.68
81.67
81.67
81.66
81.67
81.66
81.66
81.65
81.64
81.66
81.67
81.69
81.69
81.69
81.69
81.69
81.70
81.70
81.70
81.69
81.68
81.67
81.67
81.67
81.66
81.67
81.66
81.67
81.67
81.68
81.68
81.68
81.67
81.68
81.68
81.68
81.68
81.69
81.69
81.70
81.68
81.68
81.68
81.67
81.67
81.67
81.66
81.67
81.67
81.66
81.65
81.65
81.65
81.63
81.62
81.63
81.63
81.64
81.65
81.64
81.64
81.65
81.64
81.65
81.64
81.64
81.64
81.64
81.63
81.64
81.62
81.62
81.62
81.61
81.62
81.60
81.60
81.61
81.60
81.60
81.60
81.60
81.61
81.62
81.61
81.61
81.62
81.62
81.61
81.61
81.61
81.61
81.62
81.62
81.63
81.63
81.64
81.62
81.62
81.63
81.63
81.64
81.64
81.65
81.65
81.64
81.64
81.64
81.65
81.64
81.65
81.65
81.65
81.67
81.66
81.65
81.66
81.66
81.65
81.65
81.66
81.65
81.65
81.65
81.63
81.63
81.63
81.62
81.63
81.62
81.62
81.62
81.62
81.61
81.61
81.61
81.62
81.61
81.62
81.63
81.63
81.63
81.63
81.63
81.64
81.64
81.64
81.65
81.65
81.64
81.63
81.63
81.64
81.65
81.65
81.65
81.65
81.65
81.65
81.63
81.64
81.64
81.63
81.63
81.64
81.62
81.62
81.62
81.62
81.61
81.62
81.62
81.62
81.63
81.63
81.63
81.63
81.63
81.63
81.63
81.63
81.62
81.62
81.61
81.62
81.62
81.62
81.63
81.62
81.63
81.62
81.61
81.61
81.61
81.62
81.62
81.61
81.60
81.61
81.62
81.61
81.62
81.62
81.62
81.61
81.62
81.61
81.61
81.62
81.63
81.63
81.63
81.64
81.64
81.65
81.65
81.66
81.66
81.66
81.66
81.65
81.66
81.66
81.67
81.67
81.66
81.66
81.67
81.68
81.68
81.67
81.67
81.67
81.67
81.66
81.66
81.65
81.65
81.65
81.64
81.64
81.65
81.66
81.66
81.58
