89.06
83.59
83.85
83.20
82.19
82.03
81.92
81.45
80.73
80.94
81.82
82.03
81.97
81.70
81.67
81.35
81.89
81.68
81.83
81.88
82.14
82.39
82.61
82.68
82.75
82.33
82.35
82.59
82.87
82.40
82.46
82.37
82.53
82.49
82.37
82.16
82.31
82.28
82.05
81.99
82.05
82.25
82.49
82.56
82.74
82.81
82.85
82.78
82.59
82.50
82.54
82.39
82.34
82.29
82.36
82.39
82.24
82.27
82.28
82.16
82.12
81.96
81.87
81.93
82.02
81.94
81.97
82.03
82.04
81.99
82.04
82.03
82.02
82.01
82.00
81.91
81.96
81.85
81.74
81.84
81.93
81.96
81.85
81.88
81.88
81.87
81.90
81.91
81.95
81.98
81.92
81.88
81.92
81.91
81.92
82.03
82.07
82.06
82.09
82.02
81.99
81.92
81.93
81.97
81.90
81.87
81.83
81.86
81.81
81.79
81.77
81.81
81.84
81.83
81.78
81.73
81.68
81.66
81.67
81.65
81.70
81.76
81.81
81.80
81.76
81.80
81.78
81.79
81.82
81.81
81.86
81.83
81.80
81.86
81.81
81.72
81.73
81.74
81.78
81.80
81.78
81.72
81.71
81.76
81.77
81.75
81.71
81.64
81.64
81.65
81.64
81.64
81.66
81.64
81.67
81.70
81.68
81.70
81.69
81.71
81.74
81.77
81.80
81.80
81.86
81.84
81.79
81.75
81.78
81.78
81.83
81.81
81.79
81.78
81.75
81.75
81.66
81.68
81.70
81.65
81.65
81.67
81.68
81.67
81.66
81.70
81.68
81.67
81.70
81.74
81.77
81.82
81.81
81.81
81.79
81.80
81.83
81.83
81.80
81.83
81.84
81.84
81.83
81.84
81.84
81.84
81.80
81.81
81.82
81.80
81.83
81.82
81.80
81.79
81.80
81.81
81.81
81.81
81.84
81.85
81.85
81.82
81.81
81.80
81.80
81.82
81.86
81.84
81.82
81.83
81.85
81.84
81.83
81.82
81.84
81.81
81.78
81.80
81.83
81.84
81.81
81.81
81.80
81.83
81.84
81.83
81.81
81.81
81.81
81.79
81.79
81.79
81.79
81.77
81.78
81.78
81.78
81.78
81.77
81.75
81.75
81.76
81.71
81.67
81.71
81.70
81.70
81.70
81.66
81.64
81.65
81.68
81.66
81.65
81.65
81.67
81.64
81.64
81.66
81.67
81.67
81.67
81.64
81.61
81.58
81.59
81.58
81.59
81.57
81.58
81.53
81.55
81.55
81.54
81.55
81.55
81.57
81.55
81.54
81.56
81.55
81.52
81.50
81.49
81.51
81.51
81.51
81.53
81.54
81.55
81.57
81.57
81.57
81.59
81.60
81.59
81.59
81.59
81.57
81.57
81.58
81.59
81.61
81.60
81.62
81.64
81.62
81.65
81.64
81.64
81.61
81.59
81.61
81.61
81.60
81.59
81.60
81.62
81.63
81.64
81.65
81.64
81.64
81.65
81.64
81.64
81.63
81.65
81.65
81.66
81.65
81.66
81.67
81.68
81.68
81.67
81.65
81.66
81.66
81.68
81.67
81.69
81.68
81.66
81.64
81.64
81.64
81.64
81.63
81.63
81.64
81.65
81.65
81.66
81.66
81.69
81.70
81.71
81.71
81.72
81.72
81.72
81.73
81.72
81.75
81.72
81.72
81.73
81.74
81.75
81.76
81.75
81.73
81.72
81.74
81.73
81.73
81.74
81.75
81.75
81.74
81.73
81.74
81.74
81.74
81.73
81.74
81.75
81.77
81.78
81.80
81.80
81.81
81.82
81.81
81.81
81.83
81.83
81.81
81.81
81.81
81.82
81.85
81.84
81.82
81.83
81.83
81.84
81.83
81.82
81.82
81.81
81.83
81.82
81.83
81.84
81.85
81.85
81.83
81.85
81.85
81.83
81.83
81.83
81.84
81.86
81.85
81.82
81.82
81.83
81.83
81.84
81.84
81.85
81.83
81.83
81.83
81.83
81.82
81.81
81.81
81.79
81.80
81.79
81.79
81.79
81.79
81.78
81.80
81.80
81.80
81.82
81.82
81.82
81.81
81.81
81.80
81.80
81.81
81.81
81.82
81.80
81.81
81.81
81.82
81.82
81.81
81.80
81.82
81.80
81.78
81.79
81.77
81.77
81.76
81.75
81.73
81.72
81.71
81.71
81.71
81.70
81.69
81.69
81.68
81.69
81.68
81.69
81.70
81.69
81.68
81.67
81.66
81.65
81.65
81.65
81.65
81.65
81.65
81.66
81.66
81.67
81.67
81.68
81.68
81.70
81.69
81.68
81.68
81.67
81.67
81.67
81.68
81.67
81.68
81.68
81.68
81.68
81.67
81.68
81.71
81.69
81.70
81.70
81.68
81.66
81.67
81.67
81.69
81.68
81.70
81.68
81.70
81.69
81.69
81.69
81.70
81.69
81.69
81.70
81.70
81.69
81.69
81.68
81.68
81.68
81.69
81.70
81.71
81.71
81.71
81.70
81.68
81.70
81.71
81.70
81.71
81.72
81.70
81.70
81.70
81.69
81.68
81.68
81.67
81.69
81.68
81.69
81.69
81.71
81.70
81.70
81.70
81.70
81.69
81.69
81.69
81.69
81.69
81.68
81.69
81.70
81.70
81.71
81.70
81.69
81.70
81.69
81.70
81.71
81.71
81.71
81.73
81.72
81.73
81.71
81.72
81.72
81.71
81.72
81.72
81.72
81.71
81.71
81.73
81.73
81.73
81.74
81.74
81.74
81.72
81.72
81.72
81.71
81.71
81.70
81.71
81.70
81.69
81.69
81.70
81.71
81.71
81.70
81.70
81.71
81.71
81.72
81.72
81.72
81.71
81.71
81.72
81.72
81.72
81.73
81.73
81.72
81.73
81.73
81.73
81.73
81.71
81.72
81.70
81.70
81.70
81.70
81.69
81.69
81.69
81.69
81.69
81.70
81.69
81.70
81.69
81.69
81.69
81.68
81.67
81.68
81.67
81.67
81.68
81.68
81.68
81.70
81.70
81.70
81.70
81.70
81.70
81.70
81.69
81.71
81.70
81.70
81.70
81.70
81.70
81.70
81.70
81.71
81.71
81.70
81.69
81.69
81.70
81.70
81.70
81.71
81.71
81.72
81.72
81.72
81.71
81.72
81.71
81.70
81.70
81.69
81.70
81.69
81.70
81.70
81.70
81.69
81.70
81.70
81.71
81.72
81.72
81.71
81.72
81.73
81.73
81.73
81.73
81.72
81.71
81.72
81.73
81.73
81.74
81.74
81.75
81.75
81.75
81.76
81.75
81.74
81.74
81.74
81.73
81.73
81.73
81.73
81.73
81.72
81.73
81.73
81.74
81.75
81.75
81.75
81.76
81.75
81.75
81.76
81.75
81.75
81.74
81.74
81.74
81.74
81.74
81.73
81.73
81.73
81.73
81.66
