78.12
80.47
81.25
83.98
84.38
84.11
83.93
83.59
84.03
83.44
82.53
82.29
82.69
82.59
82.81
82.81
82.90
82.03
81.91
81.72
81.32
81.39
81.73
81.64
81.19
81.25
81.25
81.36
81.47
81.41
81.60
81.54
81.63
81.76
81.79
81.77
81.76
81.66
81.45
81.41
81.36
81.32
81.03
81.07
81.11
80.98
80.92
81.02
80.99
81.00
81.07
81.13
81.22
81.37
81.45
81.19
81.36
81.12
81.20
81.25
81.25
81.28
81.27
81.30
81.25
81.25
81.18
81.27
81.27
81.16
81.18
81.23
81.21
81.23
81.35
81.44
81.41
81.43
81.51
81.46
81.44
81.40
81.42
81.49
81.43
81.38
81.34
81.36
81.37
81.30
81.37
81.35
81.40
81.40
81.37
81.35
81.31
81.36
81.36
81.39
81.37
81.40
81.46
81.48
81.49
81.59
81.54
81.58
81.55
81.65
81.60
81.67
81.64
81.67
81.59
81.61
81.64
81.58
81.60
81.58
81.57
81.52
81.57
81.49
81.53
81.51
81.52
81.56
81.53
81.51
81.54
81.57
81.60
81.58
81.61
81.53
81.50
81.52
81.53
81.56
81.53
81.51
81.49
81.53
81.59
81.57
81.64
81.66
81.61
81.58
81.59
81.60
81.61
81.61
81.61
81.62
81.64
81.66
81.68
81.71
81.72
81.62
81.60
81.61
81.57
81.56
81.58
81.54
81.56
81.53
81.53
81.53
81.50
81.50
81.53
81.55
81.55
81.57
81.58
81.60
81.61
81.61
81.60
81.62
81.60
81.63
81.64
81.69
81.70
81.68
81.65
81.62
81.59
81.60
81.62
81.62
81.60
81.58
81.56
81.61
81.61
81.64
81.61
81.61
81.62
81.61
81.63
81.61
81.59
81.56
81.58
81.61
81.62
81.59
81.58
81.60
81.59
81.60
81.63
81.66
81.65
81.64
81.64
81.63
81.63
81.66
81.63
81.63
81.63
81.58
81.60
81.59
81.61
81.59
81.56
81.55
81.59
81.59
81.59
81.61
81.63
81.62
81.58
81.58
81.59
81.58
81.56
81.56
81.54
81.51
81.51
81.52
81.53
81.50
81.51
81.52
81.51
81.51
81.50
81.50
81.50
81.52
81.51
81.49
81.47
81.46
81.48
81.49
81.48
81.47
81.47
81.49
81.50
81.49
81.50
81.49
81.52
81.51
81.52
81.50
81.51
81.48
81.45
81.46
81.47
81.46
81.49
81.50
81.54
81.52
81.48
81.47
81.51
81.48
81.47
81.47
81.48
81.50
81.53
81.53
81.55
81.54
81.55
81.55
81.56
81.58
81.59
81.59
81.62
81.64
81.65
81.65
81.65
81.63
81.63
81.63
81.64
81.62
81.64
81.65
81.65
81.65
81.64
81.66
81.66
81.65
81.62
81.61
81.63
81.62
81.61
81.59
81.59
81.60
81.61
81.61
81.61
81.60
81.60
81.60
81.60
81.60
81.57
81.55
81.54
81.51
81.50
81.49
81.47
81.48
81.49
81.51
81.49
81.49
81.49
81.48
81.47
81.49
81.51
81.53
81.54
81.53
81.53
81.53
81.55
81.55
81.57
81.58
81.55
81.55
81.55
81.57
81.59
81.61
81.61
81.61
81.57
81.56
81.55
81.57
81.57
81.58
81.58
81.57
81.59
81.60
81.59
81.58
81.58
81.57
81.57
81.54
81.52
81.53
81.53
81.53
81.54
81.54
81.55
81.55
81.55
81.54
81.54
81.56
81.57
81.58
81.60
81.59
81.57
81.57
81.56
81.58
81.57
81.58
81.58
81.60
81.61
81.61
81.59
81.59
81.58
81.59
81.58
81.58
81.57
81.58
81.56
81.54
81.55
81.56
81.58
81.59
81.60
81.60
81.58
81.59
81.57
81.57
81.56
81.56
81.58
81.55
81.55
81.54
81.55
81.54
81.54
81.54
81.52
81.53
81.51
81.51
81.49
81.52
81.52
81.52
81.52
81.52
81.52
81.51
81.51
81.53
81.53
81.52
81.47
81.45
81.45
81.44
81.45
81.46
81.46
81.48
81.48
81.49
81.51
81.51
81.51
81.51
81.51
81.53
81.55
81.55
81.57
81.56
81.55
81.52
81.53
81.54
81.53
81.54
81.53
81.53
81.54
81.53
81.54
81.53
81.53
81.52
81.51
81.52
81.52
81.53
81.52
81.51
81.50
81.50
81.51
81.52
81.50
81.50
81.49
81.49
81.48
81.49
81.49
81.49
81.48
81.50
81.49
81.50
81.50
81.51
81.51
81.50
81.50
81.51
81.51
81.53
81.52
81.52
81.51
81.51
81.50
81.49
81.49
81.49
81.48
81.49
81.48
81.48
81.49
81.49
81.48
81.47
81.46
81.45
81.46
81.46
81.46
81.45
81.45
81.44
81.44
81.42
81.43
81.44
81.45
81.45
81.45
81.45
81.45
81.45
81.45
81.46
81.46
81.47
81.46
81.46
81.48
81.47
81.47
81.48
81.49
81.49
81.49
81.50
81.50
81.49
81.49
81.50
81.49
81.50
81.49
81.48
81.48
81.50
81.51
81.53
81.52
81.53
81.51
81.51
81.51
81.50
81.51
81.52
81.52
81.52
81.52
81.50
81.50
81.49
81.50
81.49
81.49
81.49
81.50
81.49
81.48
81.48
81.47
81.46
81.47
81.46
81.46
81.45
81.43
81.43
81.43
81.44
81.44
81.44
81.43
81.43
81.45
81.43
81.43
81.44
81.43
81.41
81.42
81.40
81.40
81.40
81.40
81.39
81.39
81.40
81.39
81.38
81.37
81.37
81.37
81.37
81.38
81.37
81.39
81.38
81.38
81.37
81.36
81.37
81.37
81.36
81.35
81.36
81.37
81.38
81.38
81.38
81.37
81.38
81.38
81.38
81.38
81.39
81.40
81.40
81.39
81.39
81.39
81.38
81.39
81.38
81.37
81.37
81.37
81.37
81.36
81.35
81.36
81.36
81.36
81.36
81.35
81.35
81.36
81.36
81.37
81.36
81.36
81.34
81.34
81.33
81.34
81.33
81.33
81.32
81.32
81.31
81.33
81.33
81.34
81.34
81.33
81.32
81.32
81.33
81.33
81.32
81.33
81.33
81.32
81.33
81.34
81.34
81.35
81.33
81.33
81.33
81.34
81.34
81.35
81.34
81.35
81.33
81.33
81.34
81.34
81.34
81.34
81.35
81.35
81.36
81.37
81.37
81.36
81.36
81.36
81.36
81.36
81.34
81.35
81.35
81.35
81.34
81.34
81.35
81.36
81.35
81.34
81.35
81.35
81.36
81.36
81.36
81.36
81.35
81.35
81.35
81.35
81.35
81.34
81.33
81.33
81.33
81.34
81.33
81.33
81.33
81.34
81.33
81.33
81.32
81.33
81.33
81.34
81.34
81.33
81.34
81.34
81.26
