85.94
82.03
83.85
83.20
80.94
78.91
79.24
79.69
80.56
81.25
81.53
81.64
81.97
81.92
82.29
82.03
81.71
81.94
81.58
81.88
81.77
81.61
81.45
81.38
81.62
81.19
81.31
81.31
81.41
81.09
81.35
81.54
81.53
81.48
81.56
81.38
81.55
81.37
81.49
81.45
81.52
81.62
81.80
81.96
81.91
82.03
82.11
82.13
82.43
82.50
82.44
82.39
82.37
82.29
82.36
82.37
82.26
82.30
82.34
82.24
82.35
82.38
82.32
82.28
82.33
82.36
82.42
82.51
82.50
82.37
82.28
82.29
82.30
82.24
82.19
82.09
82.04
82.05
82.04
82.11
82.10
82.16
82.21
82.20
82.21
82.18
82.27
82.28
82.29
82.19
82.21
82.15
82.17
82.11
82.15
82.06
82.07
82.11
82.12
82.14
82.10
82.06
82.10
82.06
82.04
82.08
82.10
82.18
82.08
82.00
82.07
82.05
82.05
82.06
82.08
82.04
82.08
82.11
82.12
82.14
82.19
82.21
82.24
82.22
82.19
82.18
82.19
82.13
82.12
82.10
82.17
82.15
82.13
82.16
82.09
82.10
82.07
82.11
82.15
82.14
82.14
82.13
82.09
82.11
82.09
82.07
82.08
82.11
82.09
82.09
82.12
82.14
82.17
82.22
82.24
82.24
82.23
82.28
82.27
82.30
82.29
82.28
82.27
82.28
82.25
82.24
82.23
82.24
82.28
82.22
82.24
82.29
82.27
82.26
82.27
82.24
82.20
82.22
82.24
82.21
82.23
82.25
82.28
82.26
82.27
82.25
82.22
82.24
82.26
82.25
82.26
82.25
82.29
82.27
82.26
82.25
82.22
82.17
82.17
82.16
82.15
82.16
82.17
82.17
82.18
82.19
82.20
82.20
82.16
82.17
82.14
82.16
82.14
82.11
82.13
82.15
82.16
82.20
82.19
82.18
82.17
82.14
82.12
82.09
82.06
82.02
82.01
81.99
81.94
81.91
81.92
81.93
81.89
81.87
81.86
81.89
81.88
81.89
81.87
81.89
81.89
81.84
81.82
81.83
81.85
81.87
81.88
81.89
81.88
81.89
81.90
81.91
81.91
81.90
81.91
81.92
81.91
81.90
81.89
81.86
81.87
81.85
81.86
81.84
81.85
81.85
81.87
81.89
81.86
81.81
81.78
81.79
81.79
81.77
81.79
81.79
81.79
81.81
81.82
81.80
81.83
81.84
81.87
81.87
81.88
81.91
81.89
81.89
81.86
81.82
81.81
81.79
81.79
81.79
81.83
81.83
81.80
81.80
81.80
81.83
81.84
81.85
81.86
81.86
81.88
81.89
81.89
81.88
81.86
81.87
81.88
81.88
81.89
81.87
81.88
81.89
81.91
81.91
81.93
81.91
81.90
81.86
81.86
81.84
81.81
81.82
81.82
81.81
81.80
81.81
81.80
81.78
81.76
81.77
81.78
81.77
81.79
81.80
81.80
81.78
81.78
81.78
81.78
81.78
81.78
81.77
81.76
81.76
81.76
81.77
81.76
81.77
81.77
81.78
81.78
81.76
81.80
81.78
81.76
81.78
81.78
81.79
81.78
81.80
81.82
81.83
81.86
81.84
81.84
81.85
81.84
81.84
81.84
81.85
81.85
81.86
81.86
81.86
81.86
81.86
81.87
81.89
81.88
81.88
81.92
81.90
81.90
81.90
81.90
81.85
81.86
81.87
81.89
81.88
81.88
81.87
81.88
81.89
81.90
81.91
81.93
81.92
81.91
81.93
81.94
81.94
81.94
81.92
81.93
81.95
81.94
81.96
81.95
81.95
81.94
81.96
81.95
81.94
81.95
81.96
81.94
81.93
81.92
81.93
81.90
81.92
81.90
81.91
81.92
81.91
81.91
81.90
81.91
81.92
81.93
81.93
81.94
81.96
81.95
81.95
81.93
81.94
81.94
81.94
81.95
81.92
81.92
81.92
81.91
81.91
81.89
81.91
81.89
81.89
81.90
81.89
81.88
81.87
81.88
81.90
81.89
81.88
81.90
81.89
81.90
81.90
81.90
81.91
81.92
81.90
81.91
81.88
81.88
81.87
81.86
81.87
81.85
81.86
81.87
81.88
81.86
81.87
81.88
81.89
81.89
81.89
81.88
81.87
81.88
81.90
81.91
81.90
81.88
81.89
81.88
81.89
81.91
81.89
81.90
81.88
81.88
81.87
81.87
81.87
81.87
81.86
81.86
81.85
81.86
81.86
81.86
81.85
81.86
81.85
81.84
81.84
81.85
81.84
81.83
81.83
81.83
81.84
81.85
81.85
81.86
81.84
81.84
81.84
81.82
81.83
81.84
81.83
81.82
81.82
81.81
81.81
81.81
81.82
81.84
81.83
81.81
81.81
81.82
81.82
81.82
81.81
81.82
81.82
81.82
81.82
81.82
81.82
81.81
81.81
81.81
81.81
81.81
81.81
81.81
81.80
81.79
81.79
81.80
81.80
81.80
81.78
81.79
81.79
81.79
81.80
81.79
81.78
81.78
81.79
81.79
81.78
81.80
81.79
81.80
81.80
81.79
81.80
81.82
81.83
81.84
81.85
81.85
81.85
81.87
81.86
81.86
81.86
81.87
81.88
81.88
81.88
81.88
81.87
81.87
81.85
81.86
81.85
81.85
81.85
81.85
81.84
81.83
81.84
81.84
81.85
81.85
81.87
81.86
81.85
81.85
81.85
81.85
81.84
81.85
81.85
81.86
81.86
81.86
81.86
81.85
81.84
81.84
81.84
81.83
81.84
81.85
