84.38
85.94
84.38
84.38
83.44
83.07
83.04
83.40
83.16
83.28
83.52
83.46
83.05
83.04
83.12
82.91
83.00
82.55
82.57
82.73
82.44
82.46
82.34
82.16
82.19
82.27
82.41
82.14
81.95
82.14
81.96
82.03
82.20
82.12
82.32
82.47
82.64
82.94
83.01
82.97
83.16
83.41
83.36
83.31
83.30
83.42
83.61
83.50
83.58
83.47
83.52
83.62
83.76
83.62
83.58
83.48
83.55
83.46
83.29
83.26
83.27
83.27
83.33
83.18
83.15
83.07
83.09
83.09
83.20
83.17
83.03
83.09
83.07
83.09
83.15
83.29
83.32
83.15
83.13
83.07
83.12
83.21
83.23
83.22
83.24
83.21
83.12
83.15
83.06
83.00
82.93
82.85
82.86
82.88
82.81
82.70
82.65
82.65
82.70
82.75
82.83
82.87
82.72
82.75
82.80
82.83
82.72
82.77
82.76
82.73
82.63
82.67
82.67
82.72
82.69
82.73
82.79
82.81
82.79
82.86
82.81
82.79
82.80
82.79
82.67
82.75
82.69
82.65
82.58
82.56
82.60
82.61
82.59
82.59
82.56
82.53
82.53
82.56
82.59
82.66
82.64
82.60
82.53
82.55
82.53
82.51
82.47
82.47
82.50
82.53
82.55
82.50
82.51
82.54
82.53
82.51
82.49
82.51
82.42
82.43
82.43
82.41
82.38
82.43
82.44
82.43
82.47
82.45
82.45
82.47
82.46
82.49
82.51
82.48
82.50
82.52
82.53
82.51
82.52
82.49
82.51
82.54
82.51
82.52
82.55
82.53
82.53
82.55
82.53
82.52
82.50
82.54
82.51
82.53
82.54
82.59
82.59
82.59
82.61
82.57
82.56
82.53
82.53
82.52
82.51
82.49
82.51
82.50
82.50
82.51
82.52
82.54
82.52
82.51
82.50
82.52
82.52
82.52
82.48
82.45
82.48
82.48
82.47
82.48
82.48
82.47
82.48
82.47
82.46
82.48
82.51
82.53
82.52
82.49
82.47
82.47
82.49
82.51
82.50
82.45
82.44
82.44
82.43
82.41
82.39
82.38
82.36
82.39
82.44
82.41
82.40
82.42
82.40
82.41
82.40
82.44
82.45
82.44
82.44
82.42
82.44
82.42
82.44
82.41
82.38
82.38
82.37
82.39
82.40
82.39
82.40
82.43
82.43
82.41
82.43
82.46
82.43
82.45
82.46
82.45
82.46
82.45
82.46
82.47
82.47
82.50
82.47
82.49
82.47
82.49
82.46
82.47
82.47
82.46
82.46
82.48
82.48
82.50
82.46
82.47
82.46
82.45
82.46
82.43
82.41
82.38
82.37
82.38
82.39
82.39
82.40
82.40
82.44
82.44
82.46
82.43
82.44
82.45
82.45
82.46
82.43
82.42
82.43
82.45
82.46
82.50
82.45
82.48
82.48
82.50
82.50
82.51
82.49
82.49
82.47
82.45
82.43
82.44
82.42
82.42
82.42
82.44
82.42
82.44
82.44
82.44
82.43
82.47
82.49
82.49
82.45
82.47
82.48
82.47
82.46
82.46
82.46
82.44
82.46
82.45
82.46
82.42
82.43
82.43
82.43
82.43
82.42
82.43
82.41
82.41
82.40
82.40
82.41
82.42
82.41
82.43
82.44
82.44
82.45
82.45
82.44
82.42
82.42
82.44
82.44
82.46
82.42
82.42
82.41
82.41
82.42
82.41
82.41
82.39
82.40
82.39
82.37
82.39
82.39
82.39
82.38
82.38
82.36
82.36
82.38
82.37
82.36
82.36
82.38
82.36
82.34
82.33
82.29
82.28
82.30
82.28
82.28
82.27
82.27
82.29
82.29
82.28
82.30
82.32
82.32
82.33
82.33
82.32
82.31
82.30
82.32
82.32
82.34
82.32
82.33
82.33
82.33
82.32
82.32
82.32
82.33
82.32
82.32
82.34
82.33
82.34
82.34
82.34
82.34
82.33
82.34
82.34
82.34
82.32
82.32
82.31
82.30
82.29
82.27
82.26
82.25
82.25
82.25
82.25
82.24
82.24
82.22
82.22
82.22
82.23
82.25
82.23
82.24
82.24
82.23
82.22
82.20
82.21
82.21
82.21
82.21
82.20
82.20
82.21
82.21
82.20
82.20
82.18
82.20
82.17
82.16
82.16
82.14
82.14
82.11
82.11
82.12
82.13
82.12
82.12
82.12
82.13
82.13
82.12
82.13
82.12
82.12
82.11
82.10
82.09
82.09
82.09
82.09
82.09
82.10
82.11
82.10
82.11
82.09
82.09
82.08
82.08
82.09
82.09
82.11
82.10
82.09
82.09
82.09
82.09
82.08
82.07
82.08
82.08
82.07
82.07
82.06
82.07
82.06
82.06
82.06
82.06
82.06
82.06
82.07
82.07
82.05
82.06
82.06
82.07
82.08
82.08
82.06
82.07
82.07
82.07
82.07
82.07
82.08
82.10
82.11
82.10
82.10
82.08
82.07
82.07
82.08
82.08
82.08
82.08
82.08
82.08
82.07
82.07
82.06
82.06
82.05
82.06
82.06
82.07
82.05
82.06
82.05
82.04
82.05
82.04
82.04
82.04
82.03
82.03
82.03
82.04
82.05
82.05
82.06
82.06
82.05
82.06
82.06
82.06
82.06
82.05
82.06
82.06
82.07
82.06
82.06
82.05
82.03
82.03
82.02
82.00
82.01
82.01
82.00
81.99
81.99
81.98
81.98
81.97
81.98
81.99
81.99
81.98
82.00
81.99
82.00
81.99
82.00
81.99
81.99
81.98
81.98
81.97
81.97
81.96
81.97
81.96
81.96
81.97
81.97
81.97
81.96
81.97
81.98
81.97
81.97
81.97
81.98
81.98
81.98
81.99
81.98
81.99
81.99
81.98
81.98
81.98
81.99
81.99
81.98
81.97
81.98
81.98
81.98
81.98
81.97
81.98
81.98
81.98
82.00
81.99
82.00
82.00
82.00
81.99
81.99
81.98
81.98
81.98
81.98
81.99
81.99
81.99
81.99
81.99
81.99
81.98
81.98
81.97
81.97
81.97
81.98
81.97
81.99
81.99
81.99
82.00
82.01
82.01
82.01
82.00
82.00
82.01
82.01
81.99
81.99
82.00
81.98
81.99
81.99
81.99
81.99
81.99
81.99
81.99
81.98
81.99
81.97
81.97
81.96
81.96
81.97
81.98
81.98
81.98
81.98
81.98
82.00
82.00
82.01
82.01
82.00
82.01
82.01
82.01
82.01
82.02
82.02
82.02
82.02
82.02
82.02
82.02
82.01
82.01
82.02
82.01
82.01
82.01
82.01
82.01
82.01
82.01
82.01
82.00
82.01
82.01
82.01
82.01
82.01
82.01
82.01
82.01
82.01
82.01
82.00
82.00
81.99
81.98
81.98
81.97
81.96
81.96
81.96
81.96
81.96
81.96
81.97
81.97
81.97
81.90
