93.75
91.41
91.15
87.89
87.81
86.98
87.05
86.52
85.24
84.84
84.66
84.77
85.10
85.04
85.00
84.77
84.74
84.81
84.87
85.00
85.19
84.94
84.85
84.57
84.31
84.13
83.97
83.82
83.84
83.70
83.77
83.59
83.62
83.59
83.44
83.51
83.61
83.68
83.57
83.36
83.42
83.63
83.61
83.59
83.51
83.49
83.48
83.50
83.45
83.41
83.36
83.29
83.31
83.33
83.21
83.18
83.33
83.24
83.26
83.10
83.12
83.06
82.96
82.98
82.88
82.91
82.77
82.74
82.77
82.72
82.66
82.64
82.56
82.52
82.54
82.40
82.39
82.43
82.44
82.48
82.47
82.41
82.36
82.38
82.32
82.36
82.44
82.48
82.44
82.48
82.50
82.56
82.64
82.65
82.55
82.47
82.41
82.48
82.42
82.47
82.49
82.46
82.51
82.38
82.40
82.40
82.39
82.32
82.31
82.29
82.32
82.38
82.37
82.32
82.21
82.25
82.24
82.27
82.23
82.23
82.26
82.27
82.29
82.31
82.31
82.24
82.25
82.21
82.21
82.21
82.18
82.14
82.11
82.14
82.16
82.17
82.16
82.14
82.15
82.17
82.25
82.23
82.27
82.27
82.31
82.27
82.30
82.31
82.26
82.26
82.27
82.30
82.35
82.41
82.38
82.36
82.33
82.31
82.30
82.27
82.26
82.22
82.25
82.29
82.31
82.26
82.28
82.24
82.19
82.22
82.21
82.21
82.16
82.19
82.25
82.25
82.29
82.29
82.28
82.25
82.23
82.24
82.25
82.27
82.23
82.26
82.29
82.32
82.32
82.29
82.26
82.23
82.27
82.29
82.27
82.25
82.28
82.27
82.23
82.22
82.24
82.29
82.28
82.28
82.27
82.27
82.27
82.27
82.27
82.22
82.21
82.22
82.25
82.24
82.21
82.20
82.18
82.20
82.17
82.15
82.15
82.15
82.13
82.14
82.17
82.15
82.14
82.13
82.13
82.11
82.09
82.06
82.09
82.06
82.05
82.02
81.99
82.01
82.00
82.03
82.03
82.08
82.07
82.04
82.06
82.07
82.07
82.04
82.05
82.04
82.05
82.05
82.02
82.04
82.04
82.04
82.05
82.03
82.01
82.00
81.97
81.95
81.94
81.95
81.93
81.93
81.95
81.94
81.93
81.91
81.91
81.89
81.91
81.89
81.85
81.86
81.85
81.83
81.83
81.82
81.82
81.82
81.86
81.85
81.84
81.86
81.87
81.86
81.87
81.86
81.86
81.86
81.87
81.89
81.86
81.88
81.90
81.87
81.86
81.86
81.85
81.85
81.84
81.84
81.83
81.83
81.82
81.83
81.85
81.86
81.85
81.82
81.78
81.78
81.79
81.79
81.79
81.78
81.78
81.80
81.81
81.81
81.83
81.83
81.84
81.85
81.88
81.90
81.90
81.88
81.86
81.87
81.87
81.89
81.91
81.92
81.89
81.88
81.85
81.86
81.86
81.88
81.90
81.88
81.88
81.86
81.85
81.86
81.85
81.82
81.82
81.80
81.80
81.82
81.82
81.82
81.82
81.80
81.79
81.78
81.80
81.79
81.79
81.81
81.81
81.81
81.80
81.83
81.84
81.85
81.85
81.85
81.84
81.83
81.85
81.84
81.81
81.81
81.81
81.81
81.83
81.84
81.84
81.86
81.86
81.85
81.85
81.86
81.84
81.82
81.81
81.80
81.80
81.81
81.81
81.80
81.79
81.78
81.78
81.76
81.75
81.77
81.77
81.75
81.76
81.75
81.75
81.75
81.75
81.74
81.75
81.74
81.75
81.74
81.71
81.73
81.75
81.74
81.73
81.75
81.75
81.77
81.76
81.76
81.76
81.75
81.74
81.72
81.72
81.70
81.70
81.70
81.69
81.69
81.69
81.70
81.70
81.71
81.72
81.70
81.72
81.72
81.72
81.72
81.72
81.69
81.69
81.68
81.66
81.65
81.65
81.64
81.65
81.64
81.64
81.64
81.64
81.63
81.63
81.63
81.63
81.64
81.64
81.67
81.69
81.68
81.67
81.68
81.70
81.70
81.69
81.68
81.68
81.68
81.68
81.67
81.67
81.65
81.65
81.64
81.66
81.66
81.66
81.66
81.67
81.66
81.66
81.65
81.62
81.61
81.62
81.63
81.63
81.63
81.64
81.64
81.65
81.64
81.64
81.63
81.65
81.65
81.66
81.67
81.67
81.67
81.66
81.65
81.66
81.65
81.66
81.65
81.65
81.67
81.68
81.68
81.69
81.68
81.69
81.69
81.69
81.68
81.67
81.67
81.67
81.69
81.69
81.68
81.67
81.67
81.67
81.68
81.69
81.69
81.69
81.69
81.69
81.69
81.70
81.71
81.72
81.73
81.72
81.71
81.71
81.70
81.69
81.70
81.70
81.68
81.69
81.69
81.69
81.67
81.68
81.67
81.68
81.70
81.71
81.72
81.74
81.75
81.74
81.74
81.74
81.74
81.72
81.72
81.72
81.72
81.73
81.73
81.73
81.73
81.73
81.73
81.72
81.72
81.72
81.73
81.73
81.74
81.74
81.76
81.75
81.75
81.75
81.76
81.77
81.77
81.77
81.78
81.78
81.78
81.77
81.77
81.78
81.78
81.78
81.78
81.78
81.78
81.79
81.80
81.78
81.78
81.79
81.79
81.79
81.79
81.79
81.78
81.78
81.77
81.76
81.77
81.76
81.76
81.77
81.78
81.76
81.76
81.75
81.74
81.74
81.74
81.73
81.74
81.74
81.75
81.75
81.76
81.76
81.75
81.75
81.76
81.76
81.76
81.76
81.76
81.76
81.76
81.76
81.75
81.76
81.77
81.76
81.77
81.77
81.77
81.76
81.76
81.78
81.79
81.79
81.80
81.79
81.80
81.80
81.78
81.79
81.80
81.81
81.80
81.81
81.82
81.81
81.82
81.83
81.83
81.83
81.82
81.82
81.81
81.81
81.81
81.81
81.82
81.82
81.81
81.82
81.82
81.83
81.83
81.83
81.83
81.83
81.85
81.84
81.85
81.85
81.86
81.86
81.87
81.87
81.87
81.87
81.87
81.87
81.87
81.86
81.88
81.86
81.87
81.87
81.88
81.88
81.88
81.89
81.88
81.89
81.89
81.90
81.90
81.90
81.90
81.90
81.90
81.89
81.90
81.91
81.92
81.92
81.93
81.92
81.92
81.92
81.92
81.93
81.93
81.94
81.94
81.95
