87.50
86.72
84.90
84.38
82.81
82.81
82.14
83.59
82.99
82.81
83.10
83.07
82.93
82.81
82.71
83.01
83.46
83.07
83.14
82.97
82.81
82.74
82.61
82.55
82.62
82.69
82.64
82.37
82.22
82.19
82.16
82.08
81.96
82.03
82.10
82.29
82.01
81.91
82.09
82.11
82.09
82.18
82.01
81.89
82.05
82.27
82.25
82.16
82.02
82.12
82.17
82.21
82.22
82.20
82.19
82.25
82.24
82.11
82.07
82.08
81.97
81.91
81.82
81.81
81.80
81.77
81.81
81.85
81.73
81.67
81.62
81.64
81.76
81.71
81.73
81.70
81.59
81.67
81.65
81.50
81.54
81.48
81.49
81.51
81.47
81.49
81.48
81.43
81.43
81.48
81.44
81.47
81.50
81.53
81.45
81.43
81.44
81.54
81.47
81.44
81.47
81.46
81.37
81.39
81.47
81.46
81.51
81.45
81.39
81.35
81.33
81.31
81.32
81.32
81.32
81.34
81.36
81.32
81.34
81.41
81.42
81.37
81.35
81.40
81.38
81.40
81.43
81.46
81.41
81.41
81.44
81.46
81.50
81.45
81.48
81.50
81.58
81.53
81.45
81.50
81.46
81.40
81.44
81.43
81.43
81.42
81.43
81.44
81.46
81.45
81.42
81.45
81.46
81.41
81.45
81.43
81.48
81.46
81.42
81.40
81.43
81.40
81.44
81.44
81.48
81.46
81.44
81.45
81.43
81.45
81.51
81.50
81.45
81.46
81.47
81.52
81.50
81.51
81.52
81.55
81.58
81.53
81.56
81.56
81.53
81.54
81.58
81.58
81.62
81.63
81.63
81.63
81.65
81.63
81.60
81.63
81.65
81.61
81.61
81.63
81.65
81.64
81.67
81.69
81.72
81.74
81.75
81.75
81.71
81.73
81.75
81.74
81.70
81.70
81.66
81.66
81.69
81.69
81.71
81.75
81.73
81.71
81.75
81.76
81.74
81.73
81.74
81.72
81.73
81.73
81.73
81.71
81.71
81.72
81.70
81.73
81.76
81.78
81.79
81.78
81.78
81.81
81.78
81.76
81.79
81.79
81.78
81.77
81.78
81.79
81.80
81.81
81.84
81.87
81.88
81.84
81.82
81.83
81.85
81.88
81.90
81.91
81.89
81.88
81.90
81.88
81.88
81.89
81.89
81.88
81.88
81.88
81.86
81.84
81.84
81.86
81.86
81.85
81.83
81.81
81.82
81.82
81.79
81.79
81.81
81.79
81.78
81.76
81.76
81.78
81.78
81.77
81.79
81.81
81.81
81.80
81.79
81.78
81.81
81.82
81.82
81.83
81.82
81.85
81.88
81.85
81.85
81.85
81.81
81.81
81.79
81.78
81.75
81.75
81.76
81.76
81.78
81.80
81.81
81.81
81.80
81.78
81.79
81.80
81.84
81.86
81.83
81.85
81.84
81.84
81.84
81.84
81.85
81.86
81.88
81.90
81.91
81.91
81.90
81.90
81.90
81.90
81.90
81.87
81.87
81.87
81.86
81.88
81.88
81.86
81.85
81.86
81.86
81.85
81.84
81.83
81.83
81.83
81.82
81.83
81.83
81.82
81.83
81.85
81.84
81.86
81.87
81.86
81.85
81.84
81.83
81.82
81.81
81.81
81.83
81.82
81.81
81.82
81.84
81.84
81.84
81.82
81.81
81.81
81.79
81.78
81.76
81.75
81.75
81.75
81.74
81.72
81.72
81.70
81.71
81.70
81.70
81.69
81.67
81.68
81.66
81.67
81.66
81.64
81.62
81.63
81.63
81.66
81.66
81.66
81.65
81.65
81.67
81.65
81.66
81.66
81.67
81.67
81.67
81.64
81.66
81.66
81.65
81.63
81.64
81.64
81.63
81.62
81.63
81.60
81.59
81.59
81.60
81.60
81.61
81.58
81.59
81.59
81.59
81.61
81.61
81.61
81.60
81.61
81.61
81.63
81.63
81.64
81.65
81.65
81.66
81.67
81.68
81.68
81.70
81.70
81.70
81.71
81.71
81.72
81.71
81.72
81.72
81.73
81.74
81.73
81.73
81.72
81.71
81.71
81.71
81.72
81.72
81.73
81.72
81.73
81.73
81.73
81.72
81.72
81.72
81.73
81.73
81.74
81.74
81.75
81.75
81.76
81.75
81.76
81.78
81.77
81.76
81.76
81.74
81.76
81.75
81.74
81.74
81.73
81.73
81.74
81.74
81.72
81.72
81.73
81.72
81.73
81.74
81.74
81.75
81.75
81.75
81.75
81.74
81.74
81.74
81.75
81.76
81.77
81.77
81.79
81.80
81.80
81.79
81.76
81.77
81.75
81.75
81.75
81.75
81.75
81.76
81.77
81.78
81.77
81.76
81.76
81.77
81.77
81.78
81.77
81.77
81.76
81.75
81.75
81.74
81.74
81.73
81.75
81.73
81.74
81.75
81.74
81.74
81.74
81.74
81.75
81.74
81.73
81.72
81.72
81.73
81.74
81.73
81.74
81.74
81.73
81.73
81.71
81.71
81.71
81.72
81.73
81.72
81.73
81.74
81.74
81.73
81.74
81.74
81.74
81.74
81.74
81.74
81.75
81.75
81.74
81.75
81.75
81.75
81.76
81.76
81.75
81.75
81.75
81.75
81.75
81.76
81.74
81.75
81.75
81.77
81.76
81.77
81.78
81.77
81.76
81.75
81.73
81.73
81.72
81.72
81.72
81.73
81.73
81.73
81.73
81.72
81.71
81.71
81.70
81.71
81.71
81.72
81.71
81.72
81.72
81.72
81.73
81.74
81.75
81.76
81.77
81.78
81.78
81.79
81.79
81.78
81.79
81.79
81.79
81.80
81.79
81.80
81.79
81.79
81.79
81.80
81.80
81.80
81.79
81.80
81.79
81.78
81.77
81.78
81.77
81.77
81.76
81.77
81.77
81.77
81.76
81.75
81.74
81.73
81.73
81.72
81.71
81.72
81.73
81.74
81.75
81.75
81.74
81.74
81.75
81.75
81.76
81.76
81.77
81.78
81.78
81.77
81.75
81.73
81.71
81.72
81.72
81.72
81.70
81.70
81.71
81.72
81.74
81.75
81.74
81.72
81.73
81.72
81.72
81.72
81.71
81.71
81.71
81.71
81.71
81.70
81.69
81.70
81.70
81.70
81.69
81.70
81.70
81.70
81.69
81.69
81.69
81.71
81.71
81.70
81.70
81.69
81.71
81.71
81.71
81.71
81.71
81.71
81.71
81.71
81.70
81.72
81.71
81.71
81.71
81.72
81.72
81.71
81.72
81.73
81.72
81.71
81.72
81.71
81.71
81.72
81.72
81.72
81.71
81.71
81.72
81.73
81.73
81.72
81.72
81.72
81.71
81.71
81.72
81.71
81.70
81.70
81.70
81.70
81.71
81.70
81.69
81.69
81.70
81.70
81.70
81.71
81.72
81.71
81.72
81.72
81.73
81.73
81.65
