79.69
82.81
81.77
81.25
80.94
82.03
81.70
81.84
82.12
82.81
82.39
82.68
82.45
82.37
82.40
82.42
82.54
82.20
82.32
82.50
82.37
82.60
82.54
82.49
82.31
82.21
82.18
82.09
82.11
82.19
82.31
82.18
82.15
82.35
82.32
82.25
82.35
82.36
82.13
82.07
82.13
81.96
81.80
81.68
81.74
81.59
81.58
81.71
81.63
81.69
81.77
81.82
81.90
82.06
82.02
81.98
82.02
82.11
82.12
82.08
82.02
82.01
81.99
81.93
82.00
81.98
81.79
81.66
81.73
81.65
81.62
81.68
81.66
81.69
81.77
81.87
81.76
81.69
81.67
81.74
81.77
81.76
81.70
81.72
81.65
81.65
81.57
81.62
81.69
81.77
81.83
81.96
81.96
82.00
81.86
81.88
81.93
81.94
81.99
81.95
81.93
81.88
81.90
81.84
81.88
81.91
81.86
81.84
81.90
81.90
81.94
82.00
81.96
81.98
81.97
81.95
81.90
81.99
81.97
82.04
82.04
82.04
82.13
82.17
82.19
82.17
82.22
82.23
82.18
82.16
82.19
82.19
82.21
82.21
82.25
82.22
82.14
82.18
82.15
82.20
82.21
82.22
82.21
82.22
82.25
82.17
82.15
82.13
82.12
82.14
82.15
82.18
82.21
82.17
82.17
82.09
82.14
82.10
82.07
82.06
82.06
82.09
82.10
82.08
82.10
82.11
82.08
82.06
82.09
82.09
82.07
82.09
82.11
82.08
82.09
82.06
82.10
82.11
82.12
82.13
82.10
82.10
82.13
82.11
82.12
82.15
82.14
82.15
82.09
82.08
82.15
82.16
82.13
82.15
82.18
82.20
82.20
82.24
82.22
82.23
82.24
82.23
82.24
82.25
82.27
82.29
82.28
82.26
82.21
82.18
82.21
82.21
82.23
82.25
82.27
82.28
82.29
82.30
82.29
82.30
82.31
82.28
82.29
82.30
82.33
82.31
82.30
82.31
82.31
82.28
82.27
82.27
82.24
82.26
82.24
82.21
82.21
82.23
82.23
82.24
82.27
82.31
82.29
82.28
82.27
82.25
82.26
82.25
82.28
82.30
82.33
82.33
82.31
82.32
82.30
82.29
82.30
82.32
82.30
82.29
82.29
82.26
82.25
82.24
82.23
82.23
82.22
82.21
82.20
82.18
82.18
82.17
82.16
82.13
82.15
82.12
82.14
82.14
82.14
82.12
82.13
82.12
82.07
82.05
82.07
82.08
82.08
82.08
82.06
82.06
82.07
82.07
82.07
82.10
82.09
82.11
82.11
82.13
82.11
82.10
82.10
82.09
82.09
82.10
82.13
82.12
82.15
82.13
82.15
82.14
82.13
82.13
82.14
82.14
82.14
82.12
82.13
82.15
82.17
82.18
82.18
82.20
82.19
82.19
82.20
82.22
82.21
82.21
82.22
82.19
82.20
82.20
82.20
82.19
82.22
82.22
82.20
82.18
82.16
82.15
82.17
82.17
82.14
82.13
82.14
82.14
82.13
82.10
82.12
82.12
82.12
82.11
82.10
82.10
82.11
82.11
82.10
82.14
82.14
82.12
82.11
82.13
82.12
82.11
82.12
82.11
82.11
82.12
82.12
82.13
82.14
82.13
82.14
82.14
82.15
82.12
82.13
82.15
82.16
82.17
82.16
82.15
82.13
82.14
82.15
82.18
82.18
82.19
82.21
82.19
82.19
82.19
82.18
82.18
82.16
82.16
82.16
82.15
82.18
82.17
82.18
82.18
82.18
82.18
82.19
82.19
82.19
82.20
82.20
82.20
82.19
82.19
82.18
82.17
82.16
82.15
82.14
82.14
82.13
82.12
82.13
82.11
82.10
82.10
82.07
82.07
82.07
82.07
82.07
82.08
82.08
82.08
82.08
82.07
82.10
82.08
82.08
82.10
82.11
82.10
82.09
82.08
82.08
82.08
82.08
82.09
82.10
82.08
82.08
82.08
82.08
82.08
82.08
82.09
82.10
82.11
82.11
82.10
82.10
82.10
82.10
82.11
82.11
82.12
82.10
82.08
82.09
82.09
82.09
82.08
82.06
82.05
82.05
82.06
82.06
82.05
82.04
82.03
82.04
82.05
82.04
82.02
82.04
82.05
82.05
82.04
82.04
82.03
82.05
82.03
82.02
82.02
82.01
82.02
82.01
82.01
82.00
82.01
82.00
81.98
81.98
81.98
81.96
81.96
81.96
81.95
81.96
81.97
81.99
82.00
82.00
82.00
81.99
81.99
82.01
82.00
82.00
82.00
82.01
82.00
82.00
82.01
82.00
82.01
82.01
82.01
82.01
82.01
82.02
82.03
82.03
82.02
82.02
82.03
81.99
81.99
81.99
81.99
81.98
81.98
81.98
81.98
81.99
81.99
81.99
81.99
81.99
81.99
81.98
81.96
81.96
81.96
81.96
81.96
81.97
81.96
81.94
81.94
81.94
81.92
81.92
81.91
81.90
81.91
81.90
81.90
81.89
81.89
81.89
81.89
81.88
81.87
81.88
81.88
81.88
81.88
81.87
81.87
81.88
81.88
81.87
81.86
81.86
81.85
81.86
81.84
81.84
81.86
81.85
81.85
81.84
81.84
81.83
81.83
81.83
81.82
81.83
81.83
81.83
81.83
81.84
81.84
81.85
81.84
81.84
81.85
81.85
81.85
81.86
81.87
81.87
81.87
81.87
81.88
81.88
81.89
81.90
81.90
81.90
81.89
81.89
81.89
81.88
81.89
81.90
81.89
81.89
81.89
81.90
81.89
81.89
81.88
81.88
81.88
81.88
81.87
81.87
81.88
81.88
81.87
81.87
81.88
81.89
81.91
81.91
81.90
81.92
81.91
81.91
81.91
81.91
81.90
81.91
81.90
81.90
81.90
81.91
81.92
81.92
81.92
81.91
81.92
81.92
81.91
81.91
81.92
81.91
81.91
81.91
81.91
81.90
81.90
81.91
81.91
81.91
81.90
81.91
81.92
81.92
81.90
81.90
81.91
81.92
81.92
81.91
81.91
81.92
81.92
81.92
81.93
81.92
81.93
81.92
81.91
81.91
81.89
81.89
81.90
81.89
81.89
81.89
81.90
81.90
81.91
81.91
81.92
81.91
81.89
81.89
81.89
81.89
81.90
81.89
81.89
81.89
81.88
81.87
81.87
81.87
81.87
81.88
81.88
81.86
81.86
81.87
81.87
81.88
81.89
81.89
81.88
81.88
81.87
81.86
81.87
81.86
81.86
81.86
81.87
81.87
81.86
81.86
81.86
81.87
81.88
81.87
81.86
81.87
81.87
81.87
81.87
81.86
81.85
81.85
81.87
81.86
81.86
81.86
81.86
81.86
81.86
81.85
81.84
81.85
81.83
81.84
81.85
81.85
81.85
81.85
81.84
81.83
81.82
81.83
81.82
81.83
81.81
81.82
81.81
81.82
81.81
81.82
81.74
