84.38
83.59
79.69
78.91
79.06
81.25
80.80
80.66
79.69
79.84
80.40
79.82
80.05
80.36
80.62
80.37
80.61
80.56
80.35
80.31
80.21
80.54
80.50
80.66
80.88
80.95
81.08
81.31
81.41
81.51
81.65
81.54
81.63
81.71
81.79
81.86
81.50
81.54
81.33
81.33
81.21
81.06
81.25
81.29
81.39
81.39
81.22
81.22
81.31
81.41
81.40
81.46
81.40
81.34
81.25
81.19
81.36
81.30
81.33
81.43
81.58
81.48
81.30
81.32
81.27
81.27
81.25
81.32
81.34
81.29
81.49
81.53
81.68
81.74
81.83
81.93
81.82
81.81
81.61
81.58
81.64
81.71
81.66
81.77
81.73
81.63
81.61
81.61
81.67
81.61
81.61
81.64
81.65
81.67
81.63
81.67
81.65
81.60
81.69
81.73
81.81
81.77
81.77
81.79
81.77
81.75
81.76
81.77
81.79
81.78
81.76
81.77
81.72
81.69
81.63
81.65
81.65
81.69
81.75
81.76
81.70
81.70
81.64
81.62
81.60
81.58
81.52
81.53
81.58
81.51
81.50
81.50
81.51
81.56
81.59
81.55
81.55
81.58
81.55
81.50
81.39
81.35
81.40
81.45
81.49
81.55
81.54
81.52
81.53
81.48
81.51
81.54
81.50
81.47
81.45
81.45
81.44
81.45
81.46
81.51
81.53
81.52
81.54
81.52
81.51
81.48
81.46
81.45
81.50
81.53
81.53
81.53
81.49
81.51
81.53
81.53
81.49
81.48
81.49
81.49
81.52
81.55
81.57
81.57
81.58
81.56
81.54
81.53
81.53
81.51
81.53
81.53
81.54
81.52
81.51
81.55
81.52
81.50
81.49
81.47
81.47
81.46
81.50
81.53
81.49
81.49
81.51
81.47
81.47
81.50
81.50
81.52
81.52
81.55
81.50
81.52
81.55
81.57
81.53
81.56
81.55
81.54
81.55
81.55
81.54
81.54
81.57
81.56
81.56
81.56
81.52
81.49
81.50
81.50
81.51
81.53
81.52
81.55
81.53
81.55
81.54
81.56
81.60
81.60
81.60
81.59
81.59
81.58
81.58
81.57
81.59
81.60
81.63
81.66
81.66
81.65
81.67
81.67
81.67
81.70
81.70
81.73
81.73
81.74
81.75
81.75
81.76
81.74
81.74
81.74
81.75
81.74
81.75
81.73
81.74
81.76
81.76
81.75
81.78
81.80
81.81
81.82
81.81
81.83
81.85
81.87
81.87
81.85
81.86
81.84
81.84
81.84
81.85
81.83
81.83
81.82
81.83
81.83
81.85
81.85
81.85
81.87
81.89
81.88
81.88
81.87
81.89
81.90
81.95
81.94
81.91
81.93
81.92
81.90
81.92
81.94
81.92
81.92
81.92
81.93
81.90
81.89
81.88
81.90
81.90
81.92
81.92
81.92
81.91
81.91
81.91
81.92
81.92
81.93
81.96
81.96
81.92
81.93
81.95
81.94
81.96
81.96
81.97
81.97
81.96
81.96
81.96
81.98
81.98
82.00
81.98
82.00
82.02
82.03
82.03
82.03
82.01
82.00
82.01
82.00
82.00
82.00
81.99
82.01
82.00
81.99
82.00
81.99
81.97
81.96
81.98
81.97
81.94
81.94
81.97
81.96
81.98
81.97
81.98
81.97
81.98
82.00
82.00
81.99
82.01
82.01
81.97
81.97
81.98
81.99
81.99
82.00
81.97
81.94
81.95
81.96
81.95
81.94
81.96
81.95
81.95
81.95
81.94
81.95
81.95
81.94
81.97
81.96
81.97
81.97
81.97
82.00
82.00
81.99
81.98
81.99
82.00
81.99
81.97
81.97
81.97
81.97
81.97
81.97
81.97
81.97
81.98
81.99
82.00
82.02
82.02
82.01
81.98
82.00
82.00
81.99
82.01
82.01
82.01
82.01
81.99
81.98
81.96
81.95
81.93
81.94
81.94
81.96
81.97
81.97
81.97
81.97
81.96
81.97
81.97
81.97
81.95
81.94
81.95
81.97
81.99
81.98
81.98
81.97
81.99
81.99
81.98
81.98
81.97
81.96
81.96
81.96
81.96
81.93
81.93
81.91
81.91
81.92
81.91
81.91
81.91
81.92
81.93
81.93
81.92
81.93
81.93
81.94
81.94
81.94
81.94
81.95
81.94
81.94
81.91
81.92
81.92
81.92
81.92
81.93
81.91
81.92
81.92
81.91
81.92
81.93
81.92
81.92
81.92
81.91
81.92
81.93
81.92
81.92
81.94
81.94
81.93
81.93
81.95
81.95
81.94
81.95
81.96
81.97
81.97
81.97
81.96
81.97
81.96
81.96
81.96
81.95
81.94
81.94
81.95
81.95
81.95
81.97
81.97
81.98
81.97
81.97
81.98
81.97
81.96
81.97
81.97
81.97
81.97
81.98
81.98
81.99
81.97
81.97
81.98
81.97
81.96
81.94
81.94
81.94
81.95
81.95
81.95
81.96
81.97
81.99
81.99
82.00
81.99
82.01
82.01
82.00
82.00
82.01
82.02
82.02
82.02
82.02
82.01
82.03
82.02
82.02
82.01
82.01
82.01
82.02
82.00
81.99
82.00
81.99
82.00
82.00
81.99
82.00
81.99
81.98
81.97
81.98
81.97
81.96
81.95
81.95
81.94
81.93
81.93
81.92
81.92
81.92
81.91
81.91
81.90
81.91
81.91
81.91
81.90
81.90
81.91
81.91
81.90
81.90
81.90
81.91
81.91
81.91
81.91
81.91
81.90
81.90
81.91
81.92
81.92
81.91
81.92
81.92
81.90
81.90
81.91
81.90
81.91
81.91
81.91
81.90
81.90
81.89
81.89
81.87
81.86
81.86
81.85
81.85
81.85
81.85
81.85
81.84
81.86
81.86
81.85
81.86
81.86
81.87
81.86
81.86
81.86
81.86
81.87
81.87
81.87
81.87
81.87
81.86
81.87
81.87
81.87
81.87
81.87
81.86
81.87
81.87
81.86
81.86
81.86
81.86
81.85
81.86
81.85
81.86
81.87
81.86
81.86
81.85
81.87
81.86
81.86
81.87
81.87
81.88
81.88
81.88
81.88
81.90
81.89
81.89
81.89
81.89
81.89
81.89
81.90
81.90
81.89
81.89
81.88
81.88
81.88
81.89
81.89
81.90
81.91
81.90
81.90
81.91
81.91
81.91
81.91
81.92
81.92
81.93
81.91
81.92
81.92
81.93
81.94
81.94
81.95
81.95
81.95
81.96
81.96
81.95
81.95
81.94
81.95
81.95
81.95
81.96
81.97
81.97
81.96
81.96
81.96
81.96
81.95
81.96
81.96
81.96
81.95
81.95
81.94
81.94
81.95
81.96
81.96
81.95
81.95
81.95
81.97
81.97
81.97
81.98
81.98
81.98
81.98
81.98
81.98
81.97
81.97
81.97
81.98
81.99
81.98
81.98
81.97
81.90
