81.25
82.81
82.81
80.86
81.56
80.21
80.58
81.25
81.08
81.25
81.53
81.90
81.97
82.03
81.88
82.42
82.35
82.38
82.40
82.50
82.66
82.95
82.88
82.94
82.56
82.15
82.00
82.14
82.33
82.19
81.91
81.84
81.91
81.94
81.79
81.81
81.88
81.78
81.57
81.76
81.97
81.88
81.94
82.07
82.01
82.17
82.28
82.32
82.17
82.22
82.23
82.27
82.31
82.32
82.19
82.17
82.18
82.11
82.07
82.08
82.07
82.08
82.04
82.06
82.04
82.05
82.00
82.08
82.16
82.30
82.28
82.20
82.23
82.18
82.23
82.15
82.14
82.07
81.98
82.09
81.94
81.94
81.81
81.77
81.73
81.72
81.68
81.66
81.72
81.75
81.66
81.69
81.75
81.68
81.73
81.71
81.70
81.68
81.69
81.58
81.56
81.59
81.64
81.66
81.64
81.62
81.69
81.64
81.65
81.61
81.57
81.54
81.49
81.55
81.51
81.48
81.44
81.46
81.54
81.56
81.65
81.65
81.63
81.60
81.62
81.67
81.74
81.75
81.82
81.91
81.94
81.96
82.00
82.01
82.01
82.04
82.05
82.02
81.98
81.89
81.90
81.91
81.93
81.99
81.99
81.99
82.00
82.00
82.05
82.05
82.10
82.11
82.15
82.16
82.14
82.15
82.17
82.17
82.16
82.21
82.19
82.22
82.25
82.24
82.25
82.21
82.25
82.29
82.27
82.23
82.21
82.22
82.23
82.16
82.14
82.15
82.17
82.18
82.21
82.20
82.16
82.18
82.21
82.24
82.22
82.20
82.18
82.18
82.18
82.17
82.19
82.19
82.19
82.17
82.16
82.14
82.12
82.12
82.13
82.12
82.12
82.12
82.10
82.12
82.12
82.15
82.16
82.18
82.20
82.20
82.21
82.21
82.20
82.23
82.23
82.23
82.27
82.27
82.27
82.28
82.30
82.27
82.29
82.27
82.26
82.27
82.22
82.24
82.25
82.25
82.24
82.20
82.16
82.12
82.13
82.10
82.11
82.10
82.11
82.11
82.06
82.04
82.04
82.06
82.03
82.04
82.05
82.06
82.07
82.06
82.02
82.04
82.07
82.04
82.06
82.06
82.05
82.07
82.06
82.04
82.06
82.06
82.06
82.04
82.05
82.05
82.05
82.04
82.05
82.06
82.03
82.03
82.03
82.02
82.05
82.07
82.05
82.05
82.03
82.05
82.06
82.08
82.07
82.08
82.07
82.07
82.09
82.11
82.10
82.12
82.09
82.12
82.14
82.14
82.13
82.14
82.14
82.16
82.16
82.17
82.17
82.16
82.18
82.19
82.17
82.14
82.14
82.09
82.13
82.12
82.11
82.13
82.12
82.14
82.11
82.10
82.10
82.13
82.14
82.16
82.17
82.19
82.18
82.19
82.19
82.19
82.19
82.16
82.15
82.15
82.16
82.17
82.16
82.17
82.17
82.16
82.17
82.17
82.16
82.15
82.15
82.16
82.16
82.17
82.17
82.16
82.15
82.14
82.14
82.15
82.15
82.16
82.16
82.14
82.16
82.13
82.15
82.15
82.16
82.17
82.15
82.15
82.18
82.18
82.17
82.16
82.17
82.17
82.17
82.17
82.17
82.17
82.19
82.16
82.15
82.15
82.13
82.14
82.15
82.15
82.16
82.15
82.13
82.14
82.15
82.14
82.15
82.15
82.15
82.16
82.17
82.18
82.19
82.19
82.18
82.16
82.14
82.12
82.12
82.11
82.12
82.12
82.12
82.13
82.11
82.12
82.12
82.12
82.11
82.12
82.09
82.10
82.09
82.10
82.09
82.08
82.08
82.08
82.08
82.09
82.10
82.09
82.07
82.07
82.07
82.06
82.06
82.08
82.07
82.07
82.07
82.09
82.09
82.09
82.10
82.10
82.10
82.09
82.09
82.09
82.09
82.09
82.11
82.10
82.09
82.07
82.05
82.06
82.04
82.03
82.02
82.01
82.01
82.00
82.02
82.02
82.03
82.03
82.03
82.03
82.03
82.03
82.02
82.02
82.00
82.00
82.00
81.98
81.96
81.95
81.95
81.95
81.96
81.96
81.95
81.93
81.94
81.95
81.97
81.99
81.99
82.02
82.02
82.00
81.98
82.01
81.98
81.98
81.98
81.97
81.98
81.96
81.96
81.97
81.97
81.96
81.97
81.97
81.99
82.00
81.99
81.98
82.00
81.99
81.97
81.96
81.97
81.97
81.98
81.97
81.97
81.98
81.97
81.98
81.99
81.99
81.99
81.98
81.99
82.00
81.99
81.99
82.00
82.00
81.98
82.00
81.99
81.98
81.99
82.00
81.99
82.00
81.99
82.00
82.00
82.00
81.99
82.01
82.01
82.01
82.02
82.01
82.02
82.03
82.04
82.05
82.04
82.05
82.04
82.03
82.04
82.03
82.02
82.02
82.01
82.02
82.02
82.01
82.02
82.02
82.02
82.02
82.01
82.01
82.02
82.02
82.03
82.01
82.01
82.02
82.00
81.99
81.99
82.00
82.00
82.01
82.01
82.00
81.97
81.99
81.99
81.98
81.99
82.00
81.98
81.99
81.99
81.99
81.99
81.99
82.00
82.01
82.01
82.01
81.99
81.99
82.00
82.00
82.00
82.00
82.00
82.00
82.01
82.01
82.02
82.01
82.00
82.01
82.01
82.02
82.02
82.02
82.02
82.02
82.02
82.02
82.02
82.02
82.04
82.03
82.04
82.04
82.04
82.05
82.06
82.05
82.04
82.04
82.05
82.05
82.05
82.05
82.04
82.04
82.04
82.04
82.05
82.05
82.05
82.05
82.05
82.06
82.05
82.05
82.05
82.06
82.05
82.05
82.05
82.04
82.05
82.05
82.04
82.04
82.03
82.03
82.03
82.03
82.04
82.05
82.05
82.04
82.05
82.05
82.06
82.05
82.05
82.05
82.04
82.04
82.03
82.04
82.05
82.05
82.05
82.06
82.06
82.06
82.07
82.07
82.07
82.07
82.06
82.06
82.06
82.06
82.05
82.05
82.05
82.04
82.05
82.04
82.04
82.05
82.05
82.07
82.07
82.07
82.09
82.07
82.07
82.08
82.08
82.09
82.09
82.09
82.09
82.09
82.09
82.10
82.10
82.10
82.10
82.11
82.11
82.10
82.10
82.10
82.11
82.11
82.11
82.12
82.12
82.11
82.11
82.10
82.11
82.10
82.09
82.08
82.09
82.09
82.09
82.08
82.09
82.08
82.08
82.08
82.07
82.05
82.05
82.04
82.03
82.04
82.05
82.04
82.04
82.04
82.04
82.03
82.03
82.04
82.04
82.04
82.04
82.05
82.06
82.05
82.05
82.03
82.03
82.03
82.03
82.04
82.03
82.03
82.04
82.03
82.02
82.02
82.01
82.00
82.00
81.98
81.98
81.98
81.98
81.98
81.98
81.98
81.98
81.90
