81.25
82.03
82.81
81.64
82.50
82.03
81.70
81.45
80.38
81.41
81.25
80.73
80.89
80.80
81.15
80.76
80.51
80.56
80.51
80.62
80.65
80.75
80.77
81.18
81.25
81.19
81.08
81.25
81.09
81.15
80.95
80.91
80.73
80.97
81.07
81.12
80.95
81.21
81.21
81.21
81.33
81.36
81.58
81.82
81.84
81.93
81.82
81.74
81.73
81.84
81.83
81.82
81.90
81.94
81.90
82.09
81.96
82.00
81.99
81.98
81.97
81.73
81.67
81.71
81.63
81.70
81.76
81.76
81.77
81.85
81.91
81.90
81.89
81.84
81.83
81.68
81.72
81.63
81.70
81.84
81.75
81.71
81.78
81.70
81.69
81.61
81.72
81.73
81.78
81.72
81.73
81.71
81.72
81.78
81.88
81.84
81.88
81.86
81.87
81.84
81.90
81.86
81.90
81.93
81.89
81.91
81.94
81.94
81.97
81.95
81.98
81.99
81.97
81.98
82.02
82.07
82.06
82.10
82.14
82.16
82.18
82.22
82.23
82.28
82.33
82.27
82.23
82.24
82.16
82.19
82.17
82.13
82.10
82.14
82.16
82.12
82.09
82.08
82.08
82.08
82.08
82.10
82.11
82.07
82.07
82.07
82.00
82.05
81.98
82.01
82.06
81.94
81.95
82.00
82.00
82.03
82.03
81.99
81.97
81.97
81.97
82.00
81.98
81.97
81.94
81.97
81.97
81.95
81.91
81.96
81.95
81.97
81.95
81.95
81.96
81.96
81.97
81.95
81.95
81.98
82.02
82.03
82.04
82.05
82.06
82.10
82.08
82.06
82.04
82.09
82.11
82.10
82.08
82.10
82.08
82.03
82.00
82.02
82.04
82.01
82.00
82.02
82.04
82.04
82.07
82.07
82.06
82.05
82.08
82.08
82.08
82.10
82.09
82.02
82.01
82.00
82.03
82.02
81.99
82.00
82.01
82.01
82.02
81.98
81.98
81.95
81.95
81.89
81.90
81.87
81.88
81.84
81.86
81.86
81.86
81.82
81.82
81.79
81.80
81.80
81.80
81.82
81.81
81.79
81.80
81.79
81.79
81.79
81.79
81.77
81.75
81.78
81.76
81.79
81.75
81.76
81.72
81.70
81.73
81.74
81.76
81.80
81.80
81.81
81.81
81.83
81.87
81.86
81.85
81.85
81.84
81.88
81.88
81.87
81.89
81.90
81.88
81.88
81.90
81.90
81.91
81.90
81.91
81.92
81.91
81.89
81.87
81.90
81.90
81.92
81.92
81.94
81.91
81.88
81.86
81.86
81.84
81.82
81.82
81.82
81.85
81.85
81.86
81.87
81.90
81.90
81.90
81.89
81.91
81.89
81.86
81.86
81.86
81.86
81.84
81.82
81.80
81.80
81.80
81.82
81.84
81.84
81.83
81.81
81.79
81.79
81.79
81.76
81.78
81.79
81.78
81.76
81.77
81.78
81.79
81.78
81.77
81.79
81.81
81.79
81.77
81.74
81.71
81.71
81.71
81.72
81.71
81.69
81.69
81.69
81.68
81.66
81.67
81.67
81.65
81.65
81.65
81.66
81.66
81.64
81.66
81.66
81.69
81.70
81.72
81.72
81.74
81.74
81.74
81.74
81.73
81.76
81.76
81.77
81.77
81.79
81.78
81.79
81.79
81.79
81.77
81.78
81.78
81.77
81.76
81.76
81.75
81.74
81.74
81.73
81.75
81.75
81.75
81.76
81.77
81.78
81.78
81.78
81.80
81.81
81.81
81.83
81.81
81.81
81.78
81.77
81.76
81.75
81.77
81.79
81.81
81.80
81.79
81.78
81.79
81.81
81.82
81.81
81.84
81.80
81.79
81.78
81.79
81.79
81.79
81.80
81.77
81.78
81.77
81.78
81.75
81.74
81.75
81.76
81.76
81.75
81.75
81.75
81.74
81.75
81.74
81.76
81.76
81.78
81.80
81.80
81.82
81.82
81.81
81.82
81.83
81.82
81.83
81.83
81.84
81.84
81.84
81.85
81.85
81.83
81.84
81.84
81.85
81.86
81.85
81.84
81.83
81.83
81.83
81.84
81.84
81.86
81.86
81.87
81.87
81.87
81.87
81.87
81.87
81.88
81.88
81.91
81.91
81.91
81.91
81.90
81.91
81.91
81.90
81.88
81.88
81.87
81.86
81.87
81.86
81.88
81.89
81.88
81.87
81.87
81.84
81.85
81.85
81.86
81.86
81.87
81.87
81.86
81.86
81.86
81.86
81.88
81.88
81.89
81.88
81.86
81.87
81.86
81.86
81.86
81.85
81.84
81.83
81.83
81.84
81.84
81.85
81.84
81.83
81.82
81.83
81.84
81.83
81.84
81.83
81.82
81.82
81.82
81.82
81.83
81.83
81.84
81.85
81.86
81.85
81.85
81.86
81.86
81.85
81.84
81.84
81.83
81.84
81.82
81.81
81.82
81.84
81.84
81.85
81.83
81.83
81.85
81.84
81.85
81.86
81.86
81.85
81.84
81.84
81.84
81.85
81.84
81.85
81.85
81.86
81.85
81.86
81.86
81.87
81.86
81.84
81.85
81.84
81.83
81.83
81.83
81.84
81.84
81.84
81.84
81.84
81.85
81.84
81.85
81.85
81.85
81.85
81.85
81.84
81.85
81.85
81.85
81.85
81.84
81.84
81.84
81.84
81.85
81.86
81.86
81.86
81.88
81.87
81.87
81.87
81.87
81.86
81.85
81.87
81.85
81.84
81.85
81.83
81.84
81.83
81.83
81.84
81.84
81.83
81.83
81.83
81.83
81.84
81.82
81.82
81.81
81.81
81.81
81.81
81.82
81.83
81.81
81.83
81.82
81.82
81.83
81.82
81.83
81.83
81.83
81.82
81.82
81.81
81.80
81.81
81.80
81.80
81.80
81.80
81.79
81.79
81.79
81.79
81.78
81.79
81.79
81.79
81.79
81.79
81.80
81.79
81.80
81.80
81.79
81.79
81.79
81.78
81.78
81.77
81.76
81.75
81.76
81.75
81.75
81.76
81.76
81.75
81.75
81.74
81.73
81.74
81.75
81.75
81.76
81.75
81.76
81.76
81.76
81.77
81.77
81.78
81.77
81.77
81.78
81.78
81.78
81.77
81.77
81.77
81.76
81.76
81.76
81.78
81.77
81.76
81.76
81.77
81.77
81.77
81.78
81.77
81.77
81.78
81.78
81.77
81.77
81.78
81.77
81.79
81.78
81.79
81.79
81.79
81.77
81.76
81.76
81.77
81.76
81.76
81.76
81.76
81.75
81.74
81.74
81.73
81.72
81.72
81.72
81.72
81.72
81.73
81.73
81.73
81.72
81.72
81.73
81.74
81.75
81.76
81.76
81.76
81.75
81.76
81.75
81.76
81.75
81.76
81.76
81.76
81.77
81.76
81.76
81.76
81.76
81.76
81.76
81.76
81.76
81.75
81.76
81.76
81.68
