85.94
85.94
85.42
84.38
84.06
83.07
82.59
83.40
82.81
83.28
83.38
83.20
82.69
82.81
82.60
82.71
82.81
82.81
83.06
83.12
83.41
83.66
83.76
83.66
83.69
83.47
83.45
83.59
83.78
83.49
83.52
83.50
83.43
83.23
82.95
82.90
82.73
82.77
82.69
82.73
82.66
82.74
82.81
82.78
82.81
82.88
82.88
82.98
82.94
83.03
83.12
83.02
82.96
83.02
82.95
83.04
82.98
83.14
83.10
83.10
83.17
83.06
83.01
83.08
83.05
83.05
82.98
82.95
83.02
83.06
83.03
82.99
83.07
82.98
82.98
82.89
82.85
82.77
82.67
82.66
82.66
82.74
82.77
82.70
82.61
82.58
82.54
82.56
82.51
82.47
82.40
82.37
82.33
82.38
82.34
82.29
82.20
82.11
82.12
82.14
82.18
82.11
82.15
82.11
82.05
82.03
82.05
82.02
82.08
82.05
82.09
82.10
82.07
82.09
82.07
82.04
82.14
82.14
82.17
82.23
82.23
82.26
82.24
82.25
82.16
82.12
82.16
82.14
82.16
82.09
82.08
82.04
81.99
82.01
82.00
82.02
82.00
82.02
82.00
81.98
82.00
82.01
81.95
81.93
81.98
81.97
82.02
82.00
82.03
82.01
82.01
82.00
81.95
81.98
82.00
81.99
81.99
82.00
82.03
81.99
81.97
81.97
81.96
81.99
81.93
81.92
81.93
81.98
81.93
81.96
81.95
81.97
81.99
82.00
82.00
82.01
82.00
81.96
81.96
81.97
81.97
81.96
81.98
81.95
81.94
81.92
81.96
82.02
82.02
82.03
81.98
81.97
82.00
81.98
82.03
82.02
82.04
82.07
82.10
82.08
82.06
82.09
82.10
82.14
82.11
82.12
82.10
82.11
82.10
82.10
82.09
82.09
82.12
82.13
82.13
82.14
82.14
82.15
82.13
82.10
82.11
82.12
82.13
82.14
82.16
82.17
82.17
82.18
82.18
82.16
82.14
82.16
82.14
82.12
82.13
82.12
82.11
82.10
82.07
82.06
82.02
82.01
82.02
81.99
81.95
81.96
81.97
81.98
81.98
82.00
81.98
81.97
81.95
81.95
81.99
81.99
82.00
82.03
81.99
82.02
82.03
82.03
82.05
82.05
82.03
82.04
82.01
82.00
81.99
81.99
81.99
81.98
81.99
82.00
82.02
81.99
82.02
82.04
82.03
82.01
82.02
82.03
82.03
82.01
82.01
82.00
81.99
81.98
81.99
81.98
81.99
81.98
81.98
81.97
81.99
81.98
82.00
82.02
82.03
82.04
82.07
82.09
82.10
82.09
82.08
82.11
82.12
82.13
82.12
82.14
82.14
82.16
82.16
82.18
82.19
82.21
82.24
82.25
82.24
82.26
82.24
82.24
82.24
82.22
82.21
82.23
82.23
82.23
82.24
82.23
82.24
82.23
82.23
82.22
82.22
82.24
82.24
82.24
82.25
82.23
82.24
82.26
82.27
82.25
82.27
82.28
82.26
82.26
82.26
82.25
82.25
82.27
82.28
82.26
82.25
82.23
82.22
82.22
82.22
82.22
82.22
82.23
82.22
82.21
82.21
82.22
82.22
82.21
82.22
82.23
82.19
82.18
82.16
82.16
82.15
82.14
82.12
82.11
82.12
82.11
82.10
82.10
82.09
82.08
82.08
82.08
82.09
82.10
82.11
82.10
82.09
82.08
82.10
82.11
82.11
82.11
82.12
82.12
82.10
82.10
82.09
82.10
82.10
82.11
82.11
82.14
82.13
82.12
82.14
82.12
82.12
82.12
82.12
82.11
82.11
82.12
82.12
82.12
82.13
82.13
82.11
82.10
82.07
82.06
82.07
82.07
82.06
82.06
82.07
82.05
82.05
82.04
82.05
82.04
82.04
82.04
82.03
82.04
82.03
82.02
81.99
82.00
82.00
82.00
82.02
82.00
82.00
82.01
82.02
82.01
82.01
82.01
82.01
82.00
81.98
81.99
82.00
81.99
81.99
81.99
82.02
82.04
82.03
82.04
82.06
82.06
82.04
82.04
82.04
82.05
82.02
82.02
82.00
82.01
82.01
82.00
82.01
82.01
82.01
82.01
82.00
81.98
81.98
81.98
81.99
81.99
81.98
81.98
81.98
82.00
81.99
81.97
81.97
81.97
81.97
81.97
81.99
81.99
81.99
81.98
82.00
82.00
81.99
82.00
82.01
82.02
82.02
82.02
82.02
81.99
81.99
82.00
81.99
81.98
81.98
81.98
81.98
81.98
81.99
82.01
82.01
82.01
82.01
82.01
82.01
82.01
82.01
82.01
82.00
82.00
81.98
81.98
81.97
81.97
81.96
81.96
81.96
81.97
81.97
81.98
81.99
82.00
82.00
82.01
82.02
82.00
82.00
82.00
82.00
81.97
81.95
81.96
81.95
81.97
81.96
81.96
81.96
81.95
81.95
81.96
81.95
81.96
81.95
81.95
81.94
81.93
81.93
81.92
81.93
81.94
81.94
81.93
81.94
81.92
81.92
81.92
81.91
81.92
81.93
81.93
81.94
81.93
81.94
81.95
81.96
81.93
81.93
81.95
81.95
81.96
81.97
81.98
81.98
81.99
81.99
82.00
82.00
81.98
81.98
81.98
81.98
81.98
81.98
81.97
81.98
81.97
81.95
81.95
81.95
81.94
81.93
81.93
81.93
81.93
81.94
81.92
81.92
81.91
81.92
81.92
81.94
81.94
81.94
81.95
81.94
81.94
81.92
81.92
81.91
81.91
81.91
81.91
81.92
81.94
81.94
81.93
81.93
81.92
81.92
81.92
81.92
81.93
81.94
81.94
81.94
81.92
81.93
81.92
81.91
81.92
81.92
81.92
81.93
81.94
81.93
81.92
81.94
81.95
81.95
81.95
81.94
81.94
81.95
81.95
81.97
81.97
81.98
81.97
81.97
81.98
81.97
81.98
81.99
81.99
81.99
81.99
82.00
82.00
82.00
82.02
82.02
82.01
82.01
82.02
82.02
82.02
82.02
82.01
82.01
82.01
82.01
82.01
82.01
82.00
81.99
81.98
81.98
81.98
81.99
81.99
81.99
81.98
81.97
81.96
81.97
81.98
81.99
81.99
82.00
82.01
82.02
82.02
82.02
82.02
82.03
82.03
82.03
82.02
82.02
82.02
82.02
82.03
82.02
82.02
82.02
82.02
82.03
82.04
82.03
82.02
82.02
82.02
82.02
82.03
82.03
82.02
82.03
82.04
82.04
82.03
82.02
82.02
82.02
82.01
82.01
81.99
82.00
81.99
81.99
82.00
81.99
81.99
81.99
81.99
81.98
81.97
81.98
81.97
81.96
81.96
81.95
81.95
81.95
81.95
81.95
81.96
81.95
81.94
81.94
81.94
81.95
81.95
81.95
81.95
81.96
81.96
81.97
81.96
81.96
81.97
81.97
81.89
