6.25
5.47
4.17
3.91
3.44
3.39
3.35
3.32
3.47
3.28
3.27
3.39
3.49
3.46
3.33
3.52
3.58
3.65
3.78
3.59
3.65
3.76
3.74
3.78
3.81
3.67
3.76
3.68
3.66
3.80
3.93
3.86
3.79
3.77
3.66
3.69
3.67
3.70
3.73
3.75
3.70
3.72
3.67
3.59
3.61
3.57
3.52
3.48
3.51
3.47
3.43
3.43
3.36
3.33
3.32
3.29
3.29
3.26
3.23
3.18
3.12
3.18
3.17
3.20
3.20
3.17
3.15
3.15
3.15
3.12
3.17
3.17
3.17
3.15
3.19
3.17
3.17
3.17
3.12
3.11
3.09
3.07
3.07
3.09
3.12
3.12
3.11
3.12
3.11
3.11
3.12
3.11
3.12
3.16
3.16
3.16
3.17
3.17
3.16
3.19
3.19
3.17
3.19
3.19
3.17
3.15
3.18
3.21
3.21
3.18
3.17
3.15
3.14
3.11
3.10
3.10
3.07
3.06
3.05
3.03
3.06
3.11
3.11
3.09
3.06
3.06
3.04
3.04
3.08
3.11
3.11
3.11
3.10
3.11
3.11
3.11
3.10
3.10
3.09
3.07
3.08
3.06
3.08
3.09
3.07
3.08
3.06
3.06
3.06
3.05
3.04
3.04
3.04
3.03
3.02
3.01
3.02
3.02
3.04
3.05
3.04
3.06
3.05
3.06
3.05
3.05
3.05
3.08
3.07
3.06
3.08
3.07
3.05
3.04
3.02
3.02
3.02
3.02
3.01
3.03
3.03
3.05
3.05
3.04
3.02
3.02
3.03
3.04
3.03
3.04
3.06
3.06
3.04
3.05
3.06
3.05
3.05
3.03
3.03
3.04
3.07
3.06
3.08
3.09
3.09
3.08
3.06
3.06
3.07
3.07
3.06
3.08
3.07
3.07
3.06
3.05
3.07
3.06
3.05
3.05
3.04
3.03
3.03
3.03
3.02
3.02
3.01
3.02
3.01
3.01
3.02
3.02
3.03
3.02
3.02
3.02
3.03
3.03
3.03
3.02
3.02
3.01
3.02
3.01
3.01
3.01
3.01
3.01
3.00
3.00
2.99
2.99
2.98
2.98
2.98
2.98
2.98
2.97
2.98
2.99
2.99
2.98
2.99
2.98
2.97
2.97
2.96
2.97
2.97
2.96
2.97
2.98
2.99
2.99
2.99
3.00
3.00
3.00
3.00
2.99
2.99
2.98
2.98
2.98
2.98
2.98
2.97
2.97
2.97
2.97
2.98
2.98
2.97
2.98
2.98
2.97
2.96
2.95
2.95
2.95
2.95
2.96
2.98
2.98
2.98
2.99
2.99
3.00
2.99
2.99
3.00
3.00
3.01
3.01
3.01
3.00
3.00
3.02
3.02
3.02
3.03
3.02
3.01
3.02
3.01
3.01
3.02
3.02
3.01
3.01
3.00
3.00
2.99
2.99
2.99
2.99
3.00
2.99
2.98
2.98
2.97
2.98
2.97
2.98
2.98
2.97
2.97
2.96
2.97
2.97
2.98
2.98
2.98
2.98
2.98
2.98
2.98
2.99
2.98
2.98
2.97
2.97
2.97
2.97
2.96
2.97
2.97
2.97
2.97
2.96
2.98
2.97
2.98
2.98
2.99
2.99
2.98
2.98
2.98
2.97
2.98
2.98
2.98
2.98
2.97
2.99
2.98
2.98
2.98
2.98
2.99
3.00
2.99
2.99
2.99
2.98
2.98
2.97
2.98
2.97
2.97
2.97
2.97
2.98
2.98
2.99
2.98
2.98
2.98
2.98
2.98
2.98
3.00
2.99
2.99
2.99
2.99
2.99
2.99
2.98
2.99
2.99
2.98
2.98
2.98
2.98
2.97
2.98
2.98
2.98
2.98
2.99
2.99
2.99
2.99
2.98
2.98
2.98
2.97
2.97
2.98
2.97
2.97
2.97
2.97
2.97
2.97
2.97
2.96
2.96
2.97
2.97
2.96
2.96
2.95
2.95
2.95
2.95
2.95
2.95
2.95
2.97
2.97
2.97
2.96
2.97
2.96
2.96
2.96
2.96
2.96
2.96
2.96
2.96
2.96
2.96
2.97
2.96
2.96
2.97
2.98
2.98
2.97
2.97
2.97
2.97
2.97
2.97
2.97
2.97
2.97
2.97
2.96
2.96
2.96
2.96
2.96
2.96
2.96
2.96
2.96
2.95
2.95
2.95
2.95
2.95
2.95
2.95
2.94
2.94
2.94
2.94
2.95
2.96
2.95
2.96
2.96
2.97
2.97
2.96
2.96
2.96
2.96
2.96
2.96
2.96
2.97
2.97
2.96
2.96
2.96
2.97
2.98
2.98
2.97
2.97
2.97
2.97
2.97
2.97
2.99
2.99
2.99
2.99
2.99
2.99
2.99
2.99
2.99
2.99
2.99
2.99
2.99
2.99
2.98
2.99
2.99
2.99
2.99
2.98
2.98
2.97
2.98
2.97
2.98
2.98
2.98
3.00
2.99
2.99
2.98
2.99
3.00
3.00
3.00
3.00
3.00
3.00
3.00
3.00
3.00
3.00
3.00
3.00
3.00
3.01
3.01
3.01
3.02
3.01
3.01
3.01
3.01
3.00
3.01
3.01
3.01
3.01
3.01
3.02
3.02
3.02
3.01
3.02
3.02
3.02
3.02
3.01
3.01
3.01
3.01
3.01
3.01
3.01
3.00
3.01
3.01
3.01
3.01
3.00
3.01
3.01
3.01
3.00
3.00
3.00
3.00
3.00
2.99
2.99
3.00
3.00
3.00
3.00
2.99
2.99
2.99
2.99
2.99
2.99
2.99
2.99
2.99
2.99
2.99
2.99
2.99
3.00
3.00
3.01
3.01
3.01
3.01
3.01
3.01
3.01
3.01
3.01
3.00
3.00
3.00
3.01
3.02
3.01
3.01
3.02
3.02
3.02
3.02
3.02
3.02
3.02
3.03
3.03
3.03
3.03
3.03
3.03
3.03
3.03
3.04
3.03
3.03
3.03
3.03
3.02
3.02
3.03
3.02
3.02
3.02
3.03
3.03
3.02
3.02
3.02
3.02
3.02
3.02
3.03
3.03
3.02
3.02
3.03
3.03
3.03
3.03
3.03
3.03
3.03
3.02
3.02
3.02
3.03
3.03
3.02
3.02
3.02
3.02
3.03
3.03
3.03
3.03
3.03
3.03
3.03
3.03
3.03
3.03
3.04
3.04
3.03
3.03
3.03
3.03
3.03
3.04
3.04
3.04
3.04
3.04
3.04
3.04
3.04
3.03
3.04
3.04
3.04
3.04
3.04
3.04
3.04
3.04
3.04
3.04
3.04
3.05
3.05
3.05
3.05
3.05
3.05
3.05
3.05
3.05
3.05
3.05
3.05
3.05
3.05
3.05
3.05
3.05
3.05
3.05
3.05
3.05
3.05
3.04
3.05
3.05
3.05
