79.69
81.25
80.21
82.81
81.56
82.03
81.70
82.23
82.29
82.97
82.81
82.42
82.57
83.04
82.71
82.03
82.17
81.94
82.15
82.11
82.22
81.75
81.86
81.97
81.88
81.97
81.77
81.92
81.90
81.82
81.96
82.23
82.10
82.22
82.14
82.25
82.22
82.11
82.33
82.19
82.09
82.29
82.34
82.35
82.36
82.17
82.11
82.06
81.92
81.75
81.80
81.82
81.96
81.97
81.96
82.06
82.07
82.09
81.99
81.95
82.07
81.93
81.92
81.91
81.78
81.72
81.83
81.82
81.91
81.83
81.69
81.77
81.72
81.80
81.85
81.93
81.98
82.09
82.12
82.21
82.21
82.15
82.25
82.25
82.33
82.38
82.31
82.37
82.39
82.41
82.43
82.42
82.36
82.35
82.40
82.36
82.31
82.30
82.28
82.23
82.30
82.37
82.22
82.23
82.19
82.18
82.20
82.22
82.20
82.13
82.08
82.10
82.09
82.13
82.16
82.21
82.24
82.23
82.21
82.25
82.26
82.22
82.15
82.16
82.12
82.11
82.15
82.10
82.04
82.01
82.03
81.97
81.97
81.97
81.98
82.04
82.04
82.03
82.05
82.04
81.96
81.95
81.97
81.93
81.94
81.97
81.94
81.99
82.02
82.02
82.07
82.02
82.03
82.03
82.04
82.03
82.08
82.06
82.04
82.02
82.03
82.03
82.05
82.00
82.01
81.95
81.97
81.95
81.99
81.99
81.99
81.97
81.99
82.02
82.00
82.00
82.00
82.00
81.98
81.97
81.95
81.95
81.95
81.94
81.94
81.93
81.88
81.87
81.91
81.88
81.86
81.86
81.88
81.89
81.90
81.86
81.85
81.88
81.83
81.82
81.79
81.80
81.82
81.81
81.77
81.74
81.78
81.77
81.77
81.80
81.79
81.78
81.79
81.80
81.80
81.76
81.80
81.78
81.69
81.67
81.68
81.69
81.71
81.70
81.73
81.70
81.68
81.66
81.69
81.68
81.67
81.65
81.69
81.66
81.68
81.66
81.66
81.70
81.67
81.67
81.68
81.70
81.68
81.70
81.70
81.71
81.69
81.68
81.66
81.66
81.62
81.62
81.63
81.63
81.61
81.56
81.59
81.59
81.57
81.59
81.58
81.58
81.59
81.57
81.56
81.58
81.59
81.61
81.58
81.59
81.60
81.55
81.55
81.55
81.56
81.57
81.59
81.59
81.60
81.61
81.59
81.62
81.60
81.62
81.63
81.58
81.57
81.59
81.59
81.60
81.63
81.62
81.62
81.65
81.63
81.63
81.64
81.63
81.64
81.64
81.63
81.64
81.62
81.58
81.59
81.57
81.58
81.59
81.60
81.60
81.60
81.60
81.59
81.60
81.61
81.62
81.61
81.60
81.60
81.62
81.62
81.61
81.63
81.62
81.62
81.62
81.63
81.64
81.63
81.65
81.66
81.67
81.68
81.66
81.66
81.67
81.67
81.68
81.66
81.65
81.63
81.62
81.60
81.61
81.60
81.60
81.62
81.63
81.62
81.62
81.62
81.62
81.63
81.65
81.66
81.67
81.65
81.67
81.69
81.68
81.69
81.70
81.70
81.71
81.71
81.71
81.70
81.69
81.69
81.67
81.68
81.68
81.67
81.68
81.67
81.64
81.65
81.64
81.65
81.64
81.64
81.65
81.66
81.67
81.66
81.65
81.65
81.64
81.64
81.63
81.64
81.66
81.67
81.69
81.69
81.68
81.66
81.66
81.65
81.65
81.65
81.64
81.66
81.64
81.62
81.63
81.63
81.63
81.62
81.65
81.65
81.67
81.66
81.65
81.66
81.64
81.65
81.65
81.66
81.67
81.70
81.69
81.70
81.68
81.67
81.69
81.69
81.70
81.71
81.71
81.72
81.71
81.70
81.71
81.71
81.73
81.73
81.73
81.74
81.74
81.72
81.72
81.72
81.70
81.71
81.72
81.73
81.74
81.73
81.72
81.71
81.71
81.70
81.70
81.72
81.72
81.71
81.70
81.71
81.69
81.69
81.70
81.70
81.71
81.72
81.71
81.69
81.70
81.70
81.71
81.71
81.72
81.71
81.72
81.72
81.73
81.72
81.72
81.71
81.72
81.73
81.73
81.74
81.73
81.74
81.75
81.76
81.75
81.75
81.74
81.73
81.74
81.74
81.72
81.72
81.73
81.74
81.75
81.76
81.76
81.76
81.78
81.77
81.77
81.78
81.77
81.76
81.75
81.76
81.76
81.76
81.77
81.76
81.75
81.76
81.76
81.75
81.75
81.76
81.76
81.76
81.77
81.78
81.77
81.76
81.76
81.77
81.77
81.78
81.77
81.78
81.78
81.77
81.75
81.76
81.75
81.74
81.74
81.74
81.74
81.74
81.74
81.71
81.71
81.72
81.71
81.71
81.71
81.73
81.74
81.74
81.74
81.74
81.72
81.73
81.74
81.73
81.73
81.73
81.73
81.73
81.73
81.73
81.74
81.74
81.74
81.75
81.75
81.75
81.74
81.75
81.73
81.72
81.72
81.72
81.72
81.72
81.71
81.70
81.70
81.70
81.70
81.70
81.71
81.71
81.70
81.70
81.71
81.72
81.72
81.72
81.73
81.71
81.71
81.72
81.70
81.71
81.71
81.72
81.71
81.70
81.69
81.68
81.69
81.69
81.69
81.68
81.67
81.66
81.66
81.67
81.68
81.68
81.70
81.69
81.68
81.68
81.67
81.67
81.67
81.66
81.67
81.66
81.65
81.66
81.66
81.67
81.67
81.67
81.67
81.68
81.69
81.68
81.68
81.67
81.66
81.65
81.65
81.64
81.65
81.64
81.64
81.64
81.64
81.63
81.62
81.63
81.63
81.61
81.59
81.61
81.60
81.60
81.61
81.61
81.60
81.60
81.60
81.59
81.61
81.61
81.60
81.61
81.62
81.63
81.63
81.62
81.61
81.60
81.61
81.61
81.61
81.60
81.62
81.62
81.63
81.63
81.64
81.64
81.65
81.65
81.65
81.66
81.66
81.66
81.66
81.66
81.67
81.66
81.64
81.65
81.65
81.64
81.65
81.64
81.64
81.64
81.61
81.61
81.60
81.60
81.60
81.60
81.60
81.60
81.60
81.61
81.61
81.61
81.61
81.61
81.61
81.60
81.60
81.60
81.61
81.62
81.60
81.61
81.62
81.61
81.62
81.62
81.60
81.61
81.61
81.62
81.62
81.61
81.60
81.61
81.62
81.63
81.63
81.64
81.64
81.63
81.63
81.62
81.62
81.62
81.62
81.62
81.62
81.61
81.61
81.62
81.62
81.62
81.63
81.62
81.62
81.63
81.62
81.62
81.62
81.62
81.63
81.64
81.63
81.63
81.63
81.62
81.60
81.60
81.60
81.60
81.61
81.60
81.60
81.60
81.59
81.58
81.57
81.56
81.56
81.55
81.55
81.54
81.54
81.55
81.47
