89.06
82.81
83.85
85.16
83.75
83.85
83.71
83.40
83.16
83.12
82.95
82.55
82.45
83.04
82.71
82.62
82.63
82.64
83.06
82.97
82.96
82.74
82.74
82.68
82.62
82.39
82.41
82.48
82.60
82.40
82.41
82.57
82.72
82.81
82.68
82.64
82.69
82.61
82.65
82.81
82.66
82.55
82.52
82.49
82.64
82.51
82.51
82.52
82.59
82.69
82.78
82.90
82.93
82.87
82.98
83.09
83.09
83.00
83.00
82.99
83.09
83.04
82.96
83.03
83.00
82.95
82.86
82.93
82.81
82.77
82.79
82.79
82.79
82.85
82.81
82.81
82.79
82.89
82.91
82.85
82.83
82.87
82.81
82.70
82.72
82.79
82.67
82.69
82.65
82.64
82.64
82.61
82.68
82.63
82.66
82.73
82.70
82.70
82.75
82.78
82.84
82.81
82.81
82.83
82.83
82.89
82.89
82.87
82.83
82.86
82.83
82.87
82.84
82.85
82.92
82.91
82.85
82.88
82.90
82.84
82.80
82.70
82.72
82.66
82.61
82.63
82.64
82.62
82.58
82.51
82.51
82.52
82.53
82.53
82.55
82.54
82.60
82.61
82.63
82.61
82.57
82.56
82.56
82.53
82.53
82.58
82.64
82.64
82.61
82.56
82.52
82.50
82.53
82.54
82.56
82.53
82.48
82.45
82.45
82.38
82.33
82.30
82.29
82.33
82.32
82.29
82.31
82.27
82.28
82.28
82.30
82.33
82.31
82.32
82.33
82.33
82.34
82.31
82.32
82.35
82.34
82.33
82.33
82.31
82.36
82.37
82.39
82.38
82.40
82.40
82.41
82.41
82.42
82.42
82.41
82.38
82.35
82.35
82.33
82.33
82.38
82.40
82.38
82.37
82.39
82.40
82.39
82.38
82.42
82.42
82.42
82.43
82.44
82.45
82.47
82.47
82.50
82.53
82.53
82.55
82.55
82.51
82.51
82.47
82.45
82.48
82.46
82.45
82.48
82.46
82.53
82.56
82.57
82.57
82.54
82.52
82.51
82.50
82.48
82.45
82.46
82.44
82.45
82.48
82.48
82.49
82.50
82.49
82.48
82.48
82.47
82.49
82.48
82.46
82.47
82.47
82.48
82.47
82.50
82.49
82.51
82.51
82.55
82.55
82.54
82.50
82.48
82.51
82.52
82.51
82.54
82.49
82.47
82.48
82.48
82.48
82.49
82.48
82.46
82.49
82.50
82.52
82.50
82.48
82.49
82.51
82.52
82.52
82.53
82.50
82.52
82.53
82.54
82.55
82.55
82.55
82.54
82.51
82.51
82.50
82.50
82.50
82.47
82.46
82.44
82.46
82.47
82.46
82.45
82.46
82.44
82.44
82.39
82.40
82.41
82.39
82.38
82.39
82.36
82.36
82.35
82.35
82.36
82.37
82.34
82.37
82.35
82.34
82.34
82.31
82.30
82.31
82.33
82.32
82.32
82.32
82.34
82.36
82.40
82.38
82.35
82.37
82.38
82.39
82.38
82.37
82.36
82.35
82.34
82.30
82.29
82.30
82.30
82.30
82.29
82.30
82.29
82.31
82.31
82.30
82.31
82.33
82.32
82.31
82.33
82.33
82.32
82.34
82.32
82.32
82.32
82.27
82.27
82.27
82.25
82.26
82.23
82.20
82.20
82.22
82.23
82.22
82.23
82.21
82.23
82.21
82.21
82.19
82.17
82.18
82.18
82.15
82.17
82.16
82.16
82.15
82.14
82.12
82.11
82.12
82.13
82.11
82.10
82.12
82.10
82.10
82.11
82.11
82.10
82.09
82.07
82.08
82.09
82.10
82.09
82.10
82.09
82.10
82.10
82.11
82.12
82.12
82.13
82.12
82.15
82.15
82.14
82.14
82.15
82.15
82.14
82.12
82.13
82.12
82.12
82.12
82.12
82.11
82.12
82.11
82.12
82.13
82.14
82.14
82.15
82.17
82.17
82.16
82.16
82.14
82.13
82.13
82.13
82.13
82.13
82.13
82.13
82.13
82.13
82.12
82.11
82.11
82.12
82.13
82.14
82.13
82.13
82.12
82.10
82.10
82.11
82.12
82.11
82.09
82.10
82.09
82.10
82.11
82.12
82.11
82.11
82.12
82.12
82.12
82.12
82.11
82.12
82.11
82.11
82.09
82.07
82.08
82.09
82.09
82.09
82.09
82.09
82.09
82.09
82.10
82.11
82.11
82.11
82.12
82.11
82.10
82.09
82.10
82.10
82.09
82.10
82.10
82.09
82.10
82.10
82.08
82.08
82.09
82.09
82.10
82.10
82.11
82.10
82.09
82.10
82.09
82.11
82.11
82.11
82.11
82.11
82.10
82.11
82.11
82.11
82.13
82.14
82.14
82.15
82.16
82.16
82.16
82.17
82.16
82.15
82.15
82.15
82.15
82.14
82.15
82.15
82.15
82.15
82.15
82.15
82.15
82.15
82.15
82.15
82.15
82.16
82.16
82.17
82.19
82.19
82.17
82.17
82.16
82.17
82.17
82.17
82.17
82.16
82.16
82.16
82.16
82.16
82.15
82.14
82.15
82.15
82.15
82.16
82.15
82.16
82.17
82.18
82.19
82.19
82.19
82.20
82.20
82.20
82.20
82.21
82.18
82.17
82.17
82.18
82.18
82.18
82.17
82.18
82.18
82.17
82.16
82.15
82.15
82.16
82.16
82.15
82.16
82.16
82.17
82.18
82.17
82.18
82.18
82.16
82.16
82.15
82.16
82.17
82.16
82.17
82.17
82.16
82.15
82.14
82.14
82.14
82.13
82.12
82.12
82.11
82.11
82.09
82.10
82.10
82.12
82.12
82.12
82.11
82.10
82.11
82.12
82.12
82.13
82.12
82.11
82.11
82.11
82.11
82.11
82.11
82.11
82.11
82.11
82.11
82.10
82.11
82.10
82.10
82.11
82.11
82.10
82.10
82.10
82.10
82.10
82.09
82.09
82.10
82.09
82.10
82.10
82.11
82.11
82.10
82.08
82.09
82.08
82.08
82.07
82.07
82.08
82.08
82.07
82.07
82.06
82.06
82.06
82.06
82.06
82.07
82.07
82.07
82.08
82.07
82.08
82.08
82.08
82.09
82.09
82.09
82.10
82.11
82.11
82.12
82.12
82.13
82.13
82.12
82.13
82.13
82.14
82.13
82.12
82.12
82.12
82.12
82.10
82.10
82.10
82.10
82.07
82.07
82.06
82.07
82.06
82.05
82.05
82.05
82.05
82.04
82.04
82.05
82.05
82.03
82.04
82.04
82.04
82.03
82.04
82.03
82.02
82.02
82.01
82.01
82.01
82.00
82.00
81.99
82.00
82.00
82.01
82.02
82.01
82.02
82.02
82.01
82.01
82.01
82.02
82.02
82.01
82.01
82.00
82.00
82.00
81.99
81.99
81.98
81.98
81.98
81.99
81.98
81.98
81.97
81.97
81.98
81.90
