89.06
84.38
81.77
80.86
80.94
79.69
79.02
79.10
80.03
79.84
80.26
81.12
81.49
82.14
81.15
80.96
81.34
81.42
81.74
81.72
81.40
81.53
81.25
81.64
81.50
81.73
81.89
81.86
81.95
82.08
82.11
82.37
82.34
82.54
82.50
82.55
82.64
82.73
82.73
83.12
82.96
82.70
82.74
82.63
82.64
82.54
82.41
82.29
82.17
82.22
82.14
82.03
81.93
81.86
81.85
81.89
81.85
81.98
81.83
81.93
82.02
81.80
81.67
81.71
81.59
81.65
81.67
81.69
81.52
81.58
81.71
81.75
81.79
81.69
81.77
81.78
81.86
81.83
81.74
81.76
81.81
81.76
81.83
81.85
81.93
81.87
81.90
81.91
81.83
81.79
81.77
81.78
81.75
81.78
81.78
81.71
81.68
81.66
81.71
81.70
81.75
81.77
81.60
81.63
81.62
81.66
81.64
81.63
81.61
81.68
81.64
81.54
81.51
81.55
81.63
81.63
81.56
81.50
81.54
81.58
81.51
81.57
81.63
81.68
81.69
81.72
81.72
81.77
81.75
81.71
81.69
81.69
81.67
81.70
81.77
81.77
81.80
81.78
81.81
81.85
81.88
81.87
81.88
81.90
81.93
81.95
81.91
81.90
81.94
81.96
81.93
81.89
81.85
81.80
81.77
81.76
81.77
81.76
81.72
81.72
81.70
81.73
81.66
81.63
81.66
81.65
81.65
81.67
81.70
81.58
81.59
81.55
81.55
81.50
81.50
81.52
81.46
81.47
81.44
81.48
81.48
81.45
81.44
81.45
81.43
81.42
81.43
81.41
81.36
81.36
81.41
81.39
81.41
81.41
81.38
81.35
81.33
81.34
81.34
81.30
81.33
81.33
81.36
81.33
81.30
81.32
81.31
81.32
81.32
81.31
81.29
81.29
81.32
81.32
81.31
81.29
81.30
81.29
81.27
81.27
81.30
81.29
81.31
81.31
81.35
81.33
81.33
81.36
81.39
81.39
81.38
81.38
81.38
81.40
81.40
81.40
81.39
81.39
81.43
81.41
81.45
81.43
81.43
81.42
81.42
81.40
81.39
81.41
81.44
81.44
81.46
81.47
81.45
81.48
81.48
81.45
81.43
81.44
81.48
81.49
81.48
81.48
81.48
81.47
81.46
81.44
81.41
81.42
81.44
81.45
81.42
81.40
81.41
81.40
81.39
81.40
81.39
81.41
81.42
81.45
81.45
81.47
81.46
81.45
81.46
81.48
81.51
81.50
81.50
81.49
81.46
81.46
81.46
81.45
81.47
81.45
81.44
81.44
81.45
81.48
81.48
81.49
81.50
81.52
81.53
81.54
81.53
81.52
81.53
81.54
81.53
81.54
81.52
81.54
81.53
81.51
81.49
81.46
81.48
81.49
81.50
81.46
81.46
81.44
81.45
81.44
81.44
81.45
81.47
81.49
81.49
81.47
81.48
81.49
81.48
81.47
81.49
81.47
81.47
81.46
81.44
81.44
81.46
81.49
81.49
81.47
81.46
81.47
81.47
81.46
81.45
81.45
81.43
81.43
81.43
81.43
81.42
81.40
81.36
81.36
81.36
81.38
81.37
81.35
81.34
81.35
81.36
81.37
81.37
81.37
81.38
81.38
81.37
81.39
81.37
81.36
81.37
81.40
81.41
81.39
81.38
81.41
81.41
81.39
81.39
81.40
81.42
81.42
81.39
81.41
81.39
81.39
81.37
81.38
81.36
81.35
81.34
81.36
81.37
81.37
81.37
81.36
81.37
81.37
81.37
81.38
81.38
81.41
81.38
81.40
81.40
81.41
81.42
81.42
81.41
81.42
81.43
81.44
81.43
81.43
81.44
81.44
81.41
81.41
81.40
81.40
81.39
81.39
81.40
81.40
81.41
81.40
81.41
81.41
81.41
81.41
81.42
81.43
81.44
81.43
81.44
81.43
81.43
81.44
81.45
81.47
81.48
81.49
81.50
81.49
81.49
81.49
81.48
81.48
81.47
81.45
81.47
81.44
81.43
81.43
81.41
81.41
81.41
81.44
81.40
81.39
81.37
81.37
81.39
81.40
81.39
81.39
81.42
81.42
81.40
81.41
81.40
81.39
81.41
81.43
81.44
81.45
81.44
81.45
81.45
81.44
81.45
81.44
81.44
81.45
81.47
81.47
81.48
81.48
81.48
81.45
81.46
81.47
81.48
81.48
81.48
81.49
81.51
81.51
81.50
81.51
81.50
81.50
81.51
81.51
81.51
81.50
81.48
81.47
81.48
81.49
81.49
81.50
81.50
81.51
81.51
81.50
81.48
81.49
81.49
81.47
81.47
81.47
81.48
81.48
81.48
81.48
81.49
81.50
81.49
81.47
81.48
81.48
81.50
81.51
81.50
81.51
81.50
81.49
81.46
81.45
81.44
81.44
81.45
81.45
81.45
81.44
81.43
81.44
81.44
81.44
81.43
81.44
81.45
81.45
81.44
81.44
81.44
81.45
81.46
81.45
81.44
81.44
81.45
81.47
81.47
81.48
81.49
81.49
81.49
81.49
81.48
81.47
81.48
81.48
81.49
81.49
81.49
81.49
81.48
81.48
81.48
81.49
81.48
81.49
81.48
81.48
81.48
81.49
81.50
81.50
81.51
81.52
81.52
81.50
81.51
81.50
81.50
81.52
81.52
81.53
81.54
81.55
81.56
81.55
81.56
81.57
81.57
81.57
81.58
81.57
81.56
81.58
81.59
81.58
81.58
81.59
81.58
81.59
81.60
81.60
81.61
81.61
81.61
81.61
81.61
81.60
81.60
81.61
81.60
81.60
81.59
81.59
81.58
81.58
81.58
81.58
81.59
81.59
81.59
81.59
81.58
81.58
81.57
81.57
81.57
81.57
81.57
81.57
81.57
81.57
81.57
81.57
81.56
81.56
81.56
81.59
81.59
81.59
81.59
81.59
81.60
81.60
81.60
81.60
81.61
81.61
81.61
81.61
81.61
81.62
81.61
81.61
81.61
81.62
81.62
81.63
81.64
81.64
81.64
81.64
81.65
81.65
81.66
81.67
81.67
81.67
81.67
81.67
81.68
81.69
81.68
81.68
81.68
81.69
81.69
81.69
81.67
81.66
81.66
81.64
81.63
81.64
81.64
81.64
81.63
81.62
81.61
81.61
81.61
81.62
81.63
81.64
81.65
81.66
81.66
81.65
81.65
81.65
81.66
81.65
81.66
81.66
81.67
81.66
81.67
81.67
81.67
81.67
81.68
81.69
81.70
81.70
81.70
81.70
81.69
81.68
81.68
81.68
81.69
81.68
81.68
81.67
81.68
81.68
81.68
81.69
81.69
81.70
81.71
81.72
81.72
81.72
81.72
81.72
81.73
81.72
81.71
81.70
81.72
81.73
81.73
81.73
81.73
81.73
81.72
81.73
81.72
81.72
81.72
81.73
81.73
81.73
81.74
81.75
81.76
81.68
