82.81
84.38
84.38
84.38
81.88
81.51
82.14
81.25
80.73
81.41
81.53
81.51
81.61
81.25
81.25
80.96
81.07
80.82
80.76
80.94
80.58
80.47
80.50
80.53
80.56
80.53
80.56
80.86
80.93
80.94
80.95
80.91
81.01
80.93
80.85
80.99
81.04
81.09
80.97
80.74
80.79
80.84
80.63
80.72
80.76
80.74
80.78
80.86
80.77
80.84
80.91
80.92
81.13
81.31
81.31
81.19
81.20
81.14
81.14
81.15
81.10
81.12
81.18
81.15
81.30
81.39
81.44
81.43
81.54
81.47
81.49
81.47
81.57
81.59
81.62
81.62
81.62
81.69
81.84
81.89
82.00
82.03
82.08
82.12
82.21
82.30
82.24
82.19
82.25
82.26
82.30
82.25
82.17
82.21
82.22
82.23
82.23
82.19
82.28
82.23
82.30
82.28
82.33
82.30
82.28
82.31
82.27
82.26
82.30
82.29
82.25
82.31
82.26
82.26
82.30
82.29
82.29
82.38
82.41
82.43
82.48
82.48
82.52
82.54
82.53
82.55
82.60
82.63
82.67
82.64
82.65
82.69
82.65
82.59
82.58
82.57
82.53
82.50
82.49
82.47
82.46
82.43
82.42
82.38
82.39
82.36
82.33
82.35
82.39
82.36
82.35
82.40
82.37
82.40
82.40
82.38
82.38
82.36
82.37
82.39
82.39
82.38
82.39
82.43
82.45
82.45
82.47
82.47
82.43
82.46
82.48
82.49
82.46
82.50
82.54
82.57
82.55
82.56
82.56
82.52
82.53
82.46
82.45
82.43
82.45
82.47
82.44
82.41
82.41
82.41
82.40
82.41
82.46
82.45
82.48
82.46
82.44
82.43
82.39
82.37
82.36
82.39
82.37
82.38
82.38
82.40
82.37
82.40
82.38
82.39
82.40
82.37
82.40
82.39
82.41
82.42
82.41
82.40
82.41
82.41
82.41
82.40
82.39
82.42
82.47
82.49
82.45
82.46
82.42
82.41
82.41
82.42
82.44
82.43
82.47
82.49
82.46
82.43
82.43
82.43
82.42
82.39
82.43
82.42
82.42
82.41
82.43
82.45
82.45
82.47
82.45
82.42
82.39
82.38
82.40
82.40
82.41
82.40
82.41
82.43
82.47
82.45
82.45
82.45
82.42
82.41
82.43
82.44
82.43
82.42
82.44
82.43
82.45
82.45
82.44
82.46
82.43
82.44
82.43
82.46
82.43
82.43
82.41
82.40
82.40
82.40
82.38
82.35
82.35
82.35
82.37
82.36
82.36
82.33
82.34
82.34
82.36
82.36
82.36
82.36
82.36
82.35
82.34
82.33
82.35
82.32
82.29
82.31
82.30
82.30
82.31
82.32
82.35
82.36
82.35
82.35
82.36
82.35
82.35
82.35
82.37
82.38
82.38
82.37
82.36
82.35
82.35
82.35
82.35
82.33
82.31
82.30
82.30
82.30
82.31
82.32
82.34
82.35
82.32
82.32
82.31
82.30
82.31
82.29
82.29
82.31
82.30
82.31
82.31
82.32
82.31
82.29
82.29
82.25
82.25
82.24
82.24
82.26
82.28
82.27
82.27
82.26
82.27
82.28
82.27
82.29
82.27
82.27
82.27
82.27
82.27
82.25
82.24
82.23
82.22
82.21
82.21
82.21
82.22
82.23
82.21
82.19
82.20
82.21
82.22
82.22
82.21
82.21
82.21
82.21
82.20
82.19
82.18
82.19
82.18
82.18
82.19
82.19
82.17
82.18
82.17
82.17
82.19
82.21
82.18
82.18
82.19
82.19
82.18
82.18
82.20
82.21
82.22
82.21
82.18
82.19
82.18
82.20
82.20
82.22
82.21
82.19
82.18
82.19
82.18
82.19
82.19
82.18
82.19
82.20
82.21
82.22
82.22
82.20
82.19
82.20
82.19
82.20
82.20
82.19
82.20
82.21
82.22
82.22
82.22
82.20
82.18
82.18
82.19
82.17
82.16
82.16
82.16
82.15
82.17
82.16
82.13
82.12
82.15
82.16
82.16
82.15
82.15
82.14
82.12
82.14
82.16
82.16
82.17
82.17
82.17
82.17
82.19
82.18
82.18
82.19
82.17
82.16
82.15
82.16
82.16
82.17
82.17
82.16
82.16
82.18
82.17
82.18
82.19
82.20
82.19
82.19
82.19
82.21
82.21
82.19
82.18
82.18
82.17
82.16
82.17
82.17
82.16
82.15
82.15
82.15
82.14
82.15
82.12
82.13
82.12
82.12
82.11
82.12
82.13
82.12
82.12
82.11
82.11
82.11
82.13
82.13
82.13
82.14
82.12
82.13
82.11
82.11
82.10
82.11
82.10
82.12
82.11
82.12
82.13
82.13
82.13
82.13
82.13
82.12
82.13
82.12
82.12
82.12
82.13
82.13
82.14
82.13
82.14
82.14
82.13
82.12
82.12
82.11
82.10
82.10
82.10
82.11
82.12
82.13
82.13
82.13
82.13
82.13
82.12
82.12
82.12
82.13
82.13
82.12
82.11
82.11
82.09
82.10
82.10
82.11
82.12
82.13
82.13
82.14
82.14
82.15
82.15
82.15
82.15
82.13
82.13
82.12
82.11
82.11
82.12
82.12
82.12
82.13
82.13
82.13
82.12
82.11
82.12
82.10
82.10
82.09
82.09
82.09
82.09
82.08
82.08
82.07
82.09
82.08
82.08
82.08
82.08
82.06
82.07
82.05
82.06
82.05
82.05
82.05
82.04
82.04
82.03
82.03
82.04
82.03
82.03
82.04
82.04
82.05
82.05
82.06
82.05
82.06
82.06
82.06
82.07
82.07
82.05
82.05
82.05
82.05
82.04
82.03
82.04
82.04
82.04
82.04
82.04
82.04
82.03
82.04
82.05
82.04
82.03
82.05
82.04
82.06
82.04
82.04
82.04
82.04
82.05
82.06
82.07
82.07
82.07
82.05
82.04
82.04
82.03
82.04
82.04
82.05
82.05
82.04
82.04
82.05
82.05
82.05
82.06
82.06
82.05
82.04
82.03
82.03
82.03
82.02
