84.38
80.47
82.81
81.25
81.56
80.21
80.36
80.86
80.90
81.09
80.82
80.86
81.37
82.03
81.88
81.84
81.16
81.16
81.25
81.25
81.25
81.11
80.98
81.32
81.50
81.49
81.60
81.47
81.57
81.67
81.40
81.40
81.25
81.57
81.70
81.60
81.71
81.87
81.97
81.80
81.75
81.70
81.61
81.53
81.60
81.66
81.78
81.87
81.86
81.94
82.11
82.09
82.08
82.23
82.19
82.17
82.26
82.19
82.20
82.21
82.25
82.31
82.39
82.45
82.52
82.48
82.56
82.61
82.45
82.54
82.59
82.47
82.38
82.43
82.46
82.44
82.47
82.55
82.54
82.44
82.47
82.43
82.40
82.38
82.30
82.29
82.29
82.35
82.36
82.38
82.40
82.46
82.48
82.48
82.52
82.54
82.51
82.46
82.53
82.47
82.50
82.44
82.52
82.51
82.50
82.46
82.36
82.36
82.37
82.34
82.36
82.35
82.29
82.24
82.24
82.29
82.22
82.18
82.16
82.15
82.15
82.16
82.10
82.13
82.19
82.20
82.14
82.12
82.05
82.07
82.03
82.08
82.01
82.09
82.12
82.17
82.20
82.21
82.21
82.23
82.26
82.23
82.27
82.22
82.20
82.19
82.21
82.23
82.21
82.17
82.19
82.23
82.22
82.21
82.20
82.18
82.17
82.17
82.13
82.11
82.13
82.15
82.13
82.16
82.16
82.16
82.16
82.18
82.15
82.11
82.15
82.16
82.16
82.15
82.13
82.12
82.12
82.15
82.17
82.18
82.19
82.23
82.24
82.25
82.23
82.22
82.22
82.24
82.23
82.24
82.29
82.27
82.29
82.29
82.32
82.39
82.42
82.42
82.40
82.43
82.40
82.39
82.42
82.40
82.40
82.44
82.44
82.44
82.44
82.44
82.43
82.39
82.37
82.37
82.33
82.28
82.27
82.27
82.29
82.28
82.25
82.27
82.25
82.25
82.28
82.27
82.28
82.30
82.30
82.28
82.28
82.29
82.28
82.28
82.28
82.25
82.21
82.22
82.22
82.19
82.17
82.16
82.18
82.17
82.16
82.18
82.17
82.16
82.16
82.14
82.17
82.19
82.20
82.21
82.25
82.26
82.25
82.24
82.23
82.27
82.27
82.26
82.24
82.23
82.24
82.24
82.24
82.26
82.29
82.29
82.32
82.34
82.33
82.32
82.32
82.35
82.34
82.36
82.34
82.33
82.35
82.37
82.40
82.39
82.42
82.41
82.43
82.43
82.42
82.44
82.41
82.42
82.42
82.40
82.39
82.38
82.36
82.37
82.37
82.35
82.33
82.35
82.32
82.33
82.35
82.35
82.34
82.32
82.31
82.31
82.32
82.31
82.33
82.32
82.34
82.32
82.31
82.30
82.29
82.30
82.31
82.27
82.27
82.28
82.29
82.30
82.29
82.28
82.28
82.29
82.27
82.29
82.28
82.29
82.29
82.30
82.29
82.26
82.26
82.22
82.23
82.26
82.26
82.26
82.25
82.27
82.27
82.26
82.27
82.27
82.24
82.24
82.22
82.21
82.20
82.22
82.19
82.20
82.20
82.21
82.22
82.20
82.18
82.19
82.18
82.16
82.14
82.14
82.14
82.13
82.15
82.13
82.10
82.10
82.09
82.10
82.10
82.08
82.07
82.08
82.07
82.08
82.09
82.08
82.07
82.06
82.05
82.06
82.06
82.04
82.01
82.01
82.01
82.01
82.01
82.02
82.01
82.00
82.02
82.04
82.05
82.05
82.04
82.03
82.04
82.04
82.03
82.05
82.06
82.07
82.06
82.08
82.09
82.09
82.07
82.08
82.08
82.07
82.06
82.06
82.06
82.06
82.06
82.06
82.06
82.04
82.05
82.05
82.04
82.04
82.05
82.04
82.04
82.06
82.06
82.06
82.06
82.05
82.05
82.07
82.04
82.04
82.05
82.06
82.06
82.06
82.07
82.07
82.07
82.07
82.08
82.08
82.08
82.09
82.07
82.07
82.07
82.06
82.04
82.04
82.03
82.03
82.02
82.02
82.02
82.03
82.02
82.02
82.01
82.00
81.99
81.99
82.00
81.99
82.00
82.00
81.98
81.98
81.98
82.00
82.00
82.01
82.01
82.00
82.00
82.00
82.01
82.02
82.04
82.03
82.04
82.04
82.03
82.03
82.03
82.03
82.03
82.03
82.02
82.03
82.04
82.03
82.02
82.02
82.01
82.01
82.00
82.02
82.04
82.04
82.04
82.03
82.03
82.03
82.04
82.03
82.04
82.04
82.04
82.04
82.04
82.03
82.03
82.03
82.04
82.04
82.06
82.06
82.06
82.05
82.06
82.05
82.07
82.08
82.07
82.08
82.06
82.06
82.05
82.05
82.05
82.05
82.04
82.03
82.03
82.04
82.04
82.04
82.03
82.04
82.06
82.05
82.05
82.04
82.04
82.04
82.03
82.04
82.04
82.02
82.01
82.02
82.02
82.03
82.04
82.05
82.05
82.04
82.05
82.05
82.05
82.05
82.05
82.07
82.05
82.05
82.05
82.05
82.06
82.05
82.04
82.05
82.05
82.06
82.07
82.07
82.07
82.06
82.08
82.07
82.08
82.07
82.08
82.09
82.09
82.09
82.09
82.08
82.09
82.09
82.09
82.09
82.09
82.10
82.11
82.11
82.11
82.11
82.11
82.09
82.10
82.10
82.09
82.08
82.08
82.06
82.06
82.06
82.06
82.07
82.06
82.05
82.06
82.06
82.06
82.05
82.05
82.05
82.05
82.05
82.05
82.05
82.05
82.05
82.05
82.04
82.05
82.05
82.06
82.05
82.05
82.06
82.06
82.05
82.06
82.04
82.03
82.03
82.03
82.04
82.02
82.02
82.01
82.00
82.00
82.00
82.02
82.01
82.02
82.01
82.00
82.00
82.01
82.00
81.99
81.98
81.99
81.99
82.00
82.00
82.00
81.99
81.99
81.99
81.99
81.98
81.98
81.97
81.97
81.97
81.99
81.99
82.00
81.99
81.99
81.99
81.98
81.97
81.99
81.98
81.98
81.97
81.96
81.96
81.96
81.95
81.94
81.94
81.94
81.94
81.94
81.95
81.95
81.95
81.94
81.94
81.95
81.95
81.95
81.95
81.94
81.95
81.96
81.96
81.95
81.95
81.95
81.96
81.95
81.95
81.95
81.95
81.96
81.96
81.96
81.95
81.95
81.94
81.93
81.93
81.93
81.93
81.93
81.94
81.94
81.94
81.95
81.96
81.96
81.94
81.95
81.94
81.94
81.95
81.94
81.95
81.96
81.96
81.95
81.95
81.96
81.96
81.95
81.96
81.96
81.96
81.96
81.97
81.96
81.95
81.95
81.96
81.95
81.95
81.95
81.95
81.95
81.95
81.93
81.93
81.92
81.91
81.90
81.89
81.89
81.88
81.87
81.87
81.87
81.87
81.87
81.80
