87.50
79.69
81.77
81.25
82.19
82.03
82.81
82.42
82.12
81.25
81.39
81.64
81.73
81.92
81.67
80.76
80.88
80.90
81.33
81.33
81.40
81.82
82.07
82.23
82.12
82.09
82.12
81.98
82.17
81.93
81.85
81.98
81.82
81.94
81.92
82.34
82.43
82.69
82.77
82.93
82.74
82.85
82.81
82.88
82.71
82.88
82.78
82.81
82.84
82.75
82.63
82.69
82.67
82.52
82.53
82.56
82.43
82.60
82.65
82.55
82.45
82.38
82.44
82.32
82.21
82.27
82.28
82.22
82.16
82.25
82.35
82.31
82.26
82.33
82.27
82.22
82.20
82.21
82.34
82.36
82.41
82.39
82.38
82.35
82.30
82.27
82.27
82.19
82.13
82.19
82.14
82.17
82.14
82.06
82.11
82.08
82.01
81.90
81.93
81.92
81.81
81.85
81.86
81.91
81.85
81.82
81.89
82.00
82.00
82.00
82.04
82.07
82.04
81.95
81.97
81.92
81.92
81.93
81.89
81.97
81.91
81.95
81.97
82.02
81.94
81.97
81.95
82.01
82.07
82.08
82.07
82.05
82.01
82.02
82.04
82.01
82.00
82.09
82.12
82.10
82.09
82.08
82.10
82.11
82.14
82.14
82.13
82.11
82.10
82.07
82.06
82.07
82.07
82.07
82.08
82.09
82.11
82.14
82.15
82.19
82.20
82.21
82.21
82.20
82.18
82.18
82.24
82.24
82.26
82.26
82.27
82.31
82.27
82.26
82.27
82.27
82.28
82.30
82.29
82.29
82.32
82.31
82.31
82.27
82.24
82.22
82.19
82.19
82.17
82.15
82.19
82.23
82.24
82.24
82.22
82.21
82.23
82.21
82.22
82.22
82.24
82.22
82.22
82.23
82.23
82.20
82.20
82.21
82.19
82.21
82.23
82.24
82.19
82.20
82.15
82.16
82.17
82.20
82.22
82.20
82.19
82.19
82.20
82.19
82.22
82.23
82.25
82.25
82.25
82.26
82.25
82.26
82.27
82.28
82.29
82.28
82.22
82.20
82.22
82.19
82.19
82.18
82.12
82.10
82.09
82.09
82.10
82.13
82.13
82.12
82.13
82.12
82.13
82.11
82.12
82.10
82.12
82.13
82.11
82.10
82.12
82.13
82.14
82.15
82.12
82.13
82.14
82.14
82.14
82.16
82.16
82.16
82.18
82.15
82.17
82.17
82.17
82.15
82.16
82.14
82.14
82.16
82.13
82.16
82.18
82.19
82.20
82.22
82.21
82.21
82.22
82.24
82.22
82.21
82.20
82.23
82.25
82.24
82.19
82.18
82.19
82.17
82.18
82.19
82.18
82.19
82.20
82.20
82.18
82.18
82.17
82.18
82.16
82.15
82.15
82.15
82.12
82.13
82.10
82.09
82.08
82.07
82.06
82.04
82.06
82.08
82.09
82.10
82.10
82.09
82.08
82.08
82.09
82.09
82.08
82.06
82.04
82.04
82.02
82.01
82.01
81.99
82.01
82.01
82.02
82.00
81.99
81.99
81.98
81.97
81.94
81.93
81.93
81.94
81.92
81.90
81.92
81.93
81.93
81.94
81.96
81.94
81.96
81.97
81.98
81.98
81.94
81.96
81.98
81.99
82.00
81.99
82.00
82.01
82.00
82.01
82.00
82.01
82.02
82.03
82.03
82.05
82.04
82.04
82.03
82.04
82.06
82.06
82.06
82.08
82.09
82.06
82.07
82.07
82.05
82.03
82.05
82.06
82.07
82.04
82.05
82.06
82.06
82.08
82.05
82.06
82.07
82.07
82.06
82.06
82.06
82.05
82.07
82.06
82.07
82.05
82.05
82.04
82.03
82.05
82.01
82.02
82.04
82.02
82.01
82.01
82.03
82.03
82.04
82.02
82.04
82.03
82.04
82.02
82.02
82.02
82.02
82.01
82.00
81.99
81.99
81.99
82.00
82.01
82.00
81.99
82.00
81.99
82.02
82.03
82.02
82.01
82.03
82.02
82.01
82.01
82.01
82.00
82.00
82.02
82.01
82.01
82.00
82.01
82.02
82.02
82.00
82.02
82.01
82.00
82.02
82.01
82.00
82.01
81.98
81.98
81.98
81.98
81.98
81.98
81.98
81.97
81.97
81.97
81.95
81.94
81.94
81.92
81.91
81.92
81.94
81.94
81.94
81.94
81.93
81.92
81.92
81.91
81.90
81.89
81.88
81.90
81.90
81.89
81.89
81.88
81.88
81.88
81.89
81.91
81.92
81.92
81.94
81.93
81.95
81.95
81.94
81.94
81.95
81.96
81.95
81.96
81.95
81.94
81.94
81.92
81.91
81.93
81.92
81.90
81.90
81.88
81.87
81.87
81.87
81.87
81.87
81.88
81.87
81.87
81.89
81.89
81.87
81.87
81.88
81.89
81.88
81.88
81.88
81.87
81.87
81.86
81.87
81.86
81.85
81.85
81.85
81.85
81.84
81.83
81.83
81.84
81.85
81.87
81.87
81.87
81.87
81.88
81.85
81.86
81.85
81.84
81.84
81.85
81.86
81.88
81.87
81.87
81.88
81.88
81.88
81.88
81.89
81.89
81.90
81.89
81.90
81.90
81.90
81.92
81.92
81.92
81.92
81.93
81.91
81.91
81.92
81.92
81.91
81.91
81.91
81.91
81.92
81.91
81.92
81.92
81.92
81.93
81.93
81.93
81.94
81.93
81.93
81.93
81.94
81.94
81.94
81.94
81.94
81.93
81.93
81.94
81.94
81.93
81.91
81.91
81.91
81.90
81.89
81.90
81.89
81.88
81.88
81.88
81.90
81.90
81.90
81.89
81.91
81.90
81.91
81.90
81.91
81.91
81.91
81.92
81.92
81.92
81.92
81.92
81.92
81.92
81.93
81.94
81.92
81.92
81.92
81.92
81.92
81.92
81.91
81.91
81.90
81.90
81.91
81.92
81.92
81.92
81.92
81.90
81.90
81.91
81.91
81.92
81.91
81.92
81.93
81.92
81.93
81.92
81.91
81.91
81.92
81.91
81.91
81.91
81.91
81.92
81.92
81.92
81.92
81.91
81.92
81.93
81.94
81.95
81.95
81.94
81.94
81.95
81.95
81.95
81.94
81.95
81.94
81.94
81.93
81.93
81.94
81.94
81.94
81.94
81.93
81.93
81.93
81.94
81.93
81.94
81.93
81.92
81.92
81.93
81.91
81.90
81.91
81.91
81.91
81.90
81.90
81.90
81.90
81.89
81.89
81.89
81.89
81.90
81.90
81.90
81.91
81.90
81.91
81.90
81.92
81.92
81.94
81.93
81.93
81.93
81.93
81.94
81.94
81.94
81.94
81.94
81.95
81.95
81.95
81.95
81.95
81.95
81.95
81.94
81.94
81.95
81.94
81.95
81.94
81.94
81.94
81.95
81.95
81.95
81.96
81.96
81.96
81.97
81.98
81.98
81.99
81.98
81.98
81.90
