78.12
75.78
74.48
78.12
78.12
79.95
81.03
82.62
82.64
82.81
82.81
82.29
81.85
82.03
82.08
82.81
82.35
82.29
82.48
82.27
82.59
82.46
82.47
82.23
82.12
82.33
82.58
82.70
82.70
82.76
82.41
82.37
82.43
82.35
82.37
82.34
82.52
82.52
82.57
82.70
82.62
82.70
82.85
82.95
82.88
82.91
83.05
82.94
82.75
82.88
82.97
83.02
83.02
83.02
82.98
83.06
83.00
83.00
82.84
82.86
82.81
82.86
82.84
82.62
82.60
82.74
82.77
82.67
82.70
82.63
82.70
82.73
82.75
82.77
82.73
82.73
82.77
82.77
82.71
82.83
82.81
82.77
82.83
82.79
82.78
82.72
82.74
82.78
82.85
82.85
82.93
82.98
83.05
83.06
83.12
83.09
83.10
83.07
83.03
82.97
82.98
82.97
82.83
82.86
82.83
82.81
82.80
82.74
82.77
82.73
82.69
82.70
82.69
82.65
82.70
82.70
82.57
82.57
82.54
82.54
82.50
82.52
82.53
82.59
82.59
82.59
82.53
82.53
82.53
82.54
82.42
82.39
82.35
82.38
82.40
82.43
82.42
82.40
82.33
82.30
82.29
82.25
82.19
82.25
82.26
82.27
82.27
82.26
82.25
82.25
82.27
82.26
82.20
82.18
82.15
82.14
82.09
82.13
82.10
82.07
82.06
82.05
82.06
82.01
82.02
81.99
81.96
81.98
82.00
82.05
81.97
81.95
81.98
82.01
81.99
82.00
82.04
82.00
82.01
81.98
81.97
82.01
81.97
81.98
82.04
82.07
82.13
82.11
82.06
82.06
82.04
82.03
82.04
82.01
82.05
82.02
82.02
81.98
81.99
82.02
82.03
82.02
82.04
82.02
82.01
82.05
82.06
82.05
82.05
82.06
82.05
82.02
82.01
82.02
82.03
82.05
82.03
82.02
82.05
82.05
82.03
82.00
82.01
82.01
82.02
82.05
82.04
82.06
82.08
82.08
82.05
82.07
82.05
82.02
82.02
82.03
82.02
82.02
82.01
82.01
82.00
82.01
82.00
82.01
82.04
82.04
82.03
82.01
82.00
82.04
82.01
82.03
82.06
82.06
82.02
82.04
82.03
82.06
82.05
82.03
82.03
82.04
82.05
82.05
82.06
82.08
82.08
82.09
82.07
82.07
82.09
82.08
82.10
82.11
82.15
82.14
82.14
82.13
82.14
82.14
82.13
82.15
82.14
82.14
82.14
82.14
82.11
82.13
82.13
82.12
82.12
82.14
82.16
82.18
82.18
82.20
82.22
82.21
82.21
82.22
82.21
82.21
82.21
82.19
82.22
82.22
82.24
82.26
82.25
82.24
82.23
82.24
82.23
82.24
82.26
82.24
82.26
82.27
82.27
82.29
82.30
82.29
82.29
82.32
82.31
82.31
82.30
82.31
82.29
82.30
82.30
82.32
82.31
82.32
82.29
82.27
82.29
82.29
82.28
82.27
82.28
82.26
82.26
82.23
82.23
82.21
82.21
82.17
82.15
82.16
82.14
82.17
82.17
82.15
82.16
82.15
82.12
82.11
82.09
82.08
82.07
82.06
82.05
82.06
82.04
82.04
82.04
82.05
82.05
82.05
82.05
82.03
82.05
82.04
82.01
82.00
82.00
82.01
82.01
82.02
82.03
82.03
82.03
82.02
82.01
82.02
82.01
82.02
82.03
82.04
82.03
82.02
82.01
82.03
82.04
82.04
82.05
82.05
82.04
82.04
82.02
82.03
82.03
82.03
82.03
82.03
82.02
82.00
82.00
81.99
81.98
81.97
81.96
81.98
81.97
81.98
81.98
81.97
81.98
81.98
81.99
82.01
82.02
82.02
82.03
82.03
82.03
82.04
82.04
82.03
82.05
82.03
82.04
82.03
82.05
82.04
82.05
82.06
82.07
82.06
82.04
82.06
82.06
82.06
82.06
82.06
82.06
82.06
82.04
82.03
82.05
82.03
82.03
82.04
82.06
82.05
82.04
82.03
82.03
82.04
82.04
82.05
82.05
82.04
82.02
82.01
82.01
82.00
81.99
81.99
81.98
81.98
81.98
81.97
81.98
81.99
81.98
81.98
81.98
81.96
81.95
81.95
81.95
81.95
81.96
81.96
81.95
81.95
81.96
81.95
81.97
81.97
81.97
81.96
81.96
81.97
81.98
81.99
81.99
81.98
81.99
81.99
82.00
82.00
82.00
82.00
82.01
82.01
82.00
82.00
82.00
82.00
82.01
82.01
82.02
82.03
82.02
82.01
82.01
82.01
82.01
82.02
82.00
82.00
82.00
81.98
81.98
81.98
81.95
81.96
81.96
81.95
81.95
81.94
81.94
81.95
81.94
81.93
81.93
81.93
81.92
81.92
81.92
81.91
81.90
81.89
81.88
81.88
81.88
81.89
81.90
81.92
81.91
81.92
81.93
81.93
81.93
81.93
81.93
81.94
81.94
81.94
81.94
81.92
81.90
81.90
81.91
81.92
81.92
81.92
81.92
81.92
81.93
81.94
81.93
81.92
81.93
81.93
81.94
81.93
81.94
81.94
81.94
81.95
81.94
81.94
81.93
81.94
81.95
81.94
81.92
81.92
81.91
81.92
81.92
81.92
81.92
81.92
81.91
81.90
81.91
81.91
81.91
81.91
81.92
81.92
81.91
81.92
81.92
81.93
81.91
81.91
81.91
81.91
81.91
81.88
81.90
81.89
81.90
81.91
81.91
81.91
81.90
81.89
81.89
81.89
81.90
81.90
81.92
81.92
81.92
81.92
81.92
81.92
81.91
81.91
81.91
81.92
81.91
81.91
81.91
81.91
81.91
81.90
81.90
81.91
81.91
81.91
81.90
81.91
81.91
81.92
81.92
81.92
81.93
81.93
81.94
81.93
81.93
81.92
81.93
81.92
81.93
81.94
81.92
81.92
81.92
81.90
81.90
81.90
81.90
81.89
81.89
81.89
81.90
81.89
81.90
81.90
81.90
81.90
81.92
81.92
81.92
81.92
81.93
81.92
81.93
81.93
81.94
81.95
81.95
81.95
81.94
81.94
81.94
81.95
81.96
81.96
81.95
81.95
81.95
81.96
81.95
81.95
81.96
81.95
81.96
81.96
81.97
81.97
81.96
81.96
81.95
81.95
81.95
81.95
81.95
81.94
81.95
81.95
81.95
81.94
81.93
81.93
81.94
81.93
81.92
81.92
81.92
81.92
81.92
81.92
81.92
81.92
81.92
81.92
81.93
81.93
81.94
81.94
81.94
81.94
81.94
81.94
81.95
81.94
81.94
81.94
81.94
81.94
81.95
81.95
81.95
81.95
81.95
81.95
81.95
81.95
81.96
81.96
81.96
81.97
81.96
81.96
81.96
81.96
81.96
81.96
81.96
81.95
81.94
81.93
81.93
81.93
81.93
81.93
81.93
81.93
81.94
81.94
81.95
81.86
