81.25
81.25
82.81
82.42
84.06
85.16
84.82
84.96
84.20
84.06
84.80
85.16
85.22
85.27
85.73
85.45
85.11
85.07
84.95
84.84
84.82
84.94
85.12
85.09
84.69
84.44
84.43
84.49
84.27
84.06
83.92
83.98
83.90
84.01
83.79
83.77
83.61
83.55
83.53
83.63
83.54
83.63
83.65
83.81
83.61
83.76
83.61
83.50
83.45
83.44
83.39
83.14
83.20
83.07
83.07
83.06
83.09
83.22
83.21
83.15
83.32
83.22
83.13
83.06
82.93
82.93
82.91
82.81
82.74
82.79
82.86
82.81
82.92
82.88
82.83
82.79
82.71
82.77
82.75
82.77
82.81
82.72
82.72
82.72
82.72
82.79
82.70
82.62
82.62
82.62
82.62
82.73
82.80
82.80
82.78
82.76
82.76
82.78
82.78
82.67
82.58
82.51
82.46
82.45
82.50
82.44
82.43
82.39
82.35
82.41
82.42
82.41
82.37
82.32
82.32
82.25
82.29
82.32
82.34
82.29
82.30
82.29
82.30
82.32
82.34
82.35
82.34
82.35
82.35
82.38
82.41
82.39
82.31
82.35
82.34
82.35
82.38
82.39
82.33
82.29
82.21
82.21
82.27
82.26
82.26
82.26
82.23
82.21
82.18
82.15
82.12
82.09
82.08
82.09
82.10
82.06
82.08
82.10
82.14
82.15
82.13
82.15
82.16
82.18
82.22
82.17
82.22
82.25
82.27
82.26
82.25
82.23
82.19
82.18
82.17
82.18
82.19
82.21
82.17
82.16
82.15
82.14
82.13
82.11
82.12
82.11
82.11
82.13
82.15
82.15
82.14
82.10
82.06
82.07
82.07
82.03
82.04
82.04
82.06
82.04
82.04
82.00
81.98
81.99
81.97
82.02
81.97
82.00
82.01
82.02
82.03
82.05
82.05
82.05
82.01
81.98
81.97
82.00
81.98
81.98
82.01
82.02
82.03
82.03
82.06
82.08
82.06
82.09
82.06
82.07
81.96
81.94
81.97
81.98
81.98
81.97
81.98
81.99
81.95
81.94
81.98
81.99
81.98
81.99
82.00
82.02
82.02
82.04
82.07
82.07
82.05
82.06
82.06
82.07
82.06
82.05
82.05
82.06
82.08
82.07
82.05
82.04
82.06
82.07
82.09
82.11
82.13
82.11
82.13
82.12
82.13
82.12
82.13
82.13
82.13
82.14
82.12
82.14
82.13
82.16
82.13
82.13
82.13
82.14
82.15
82.16
82.16
82.17
82.17
82.18
82.20
82.22
82.22
82.25
82.22
82.22
82.23
82.20
82.17
82.17
82.19
82.20
82.22
82.24
82.24
82.24
82.22
82.24
82.23
82.22
82.22
82.23
82.23
82.24
82.22
82.22
82.20
82.20
82.21
82.18
82.20
82.19
82.18
82.19
82.20
82.20
82.18
82.18
82.18
82.16
82.16
82.16
82.16
82.18
82.17
82.18
82.19
82.19
82.18
82.19
82.19
82.15
82.13
82.12
82.13
82.13
82.14
82.14
82.15
82.13
82.14
82.16
82.15
82.14
82.14
82.11
82.12
82.11
82.12
82.09
82.09
82.10
82.08
82.08
82.08
82.07
82.09
82.10
82.11
82.12
82.16
82.15
82.15
82.16
82.15
82.11
82.12
82.11
82.11
82.13
82.12
82.12
82.11
82.09
82.08
82.06
82.07
82.08
82.09
82.12
82.11
82.11
82.12
82.11
82.11
82.12
82.12
82.12
82.12
82.11
82.13
82.15
82.16
82.16
82.18
82.19
82.15
82.13
82.15
82.15
82.15
82.14
82.12
82.12
82.13
82.12
82.12
82.12
82.13
82.12
82.10
82.09
82.09
82.10
82.10
82.10
82.10
82.10
82.08
82.07
82.06
82.05
82.05
82.03
82.03
82.02
82.04
82.06
82.05
82.06
82.06
82.07
82.05
82.06
82.06
82.06
82.05
82.06
82.06
82.05
82.05
82.04
82.05
82.07
82.05
82.05
82.04
82.03
82.03
82.04
82.04
82.04
82.05
82.05
82.03
82.03
82.03
82.01
82.01
82.02
82.02
82.01
82.01
82.00
82.01
82.01
82.02
82.00
81.99
81.99
81.99
82.00
82.00
82.01
82.01
82.00
82.00
82.01
82.01
82.00
82.01
82.02
82.03
82.05
82.04
82.03
82.02
82.02
82.02
82.02
82.01
82.01
82.02
82.00
82.02
82.01
82.03
82.03
82.04
82.05
82.06
82.04
82.04
82.04
82.02
82.02
82.03
82.02
82.01
81.99
81.98
81.98
81.97
81.98
81.99
81.98
81.99
81.99
81.98
81.98
81.97
81.97
81.97
81.98
81.98
81.98
81.99
81.99
81.99
81.99
81.99
81.99
81.98
81.99
81.99
82.00
82.01
82.01
82.01
82.02
82.02
82.01
82.00
82.00
82.02
82.02
82.02
82.04
82.04
82.04
82.04
82.05
82.05
82.06
82.04
82.03
82.04
82.05
82.06
82.07
82.06
82.06
82.05
82.05
82.05
82.06
82.06
82.05
82.04
82.05
82.05
82.05
82.03
82.03
82.03
82.03
82.04
82.04
82.04
82.02
82.02
82.03
82.03
82.02
82.02
82.04
82.03
82.03
82.03
82.04
82.05
82.05
82.05
82.06
82.06
82.06
82.06
82.06
82.06
82.05
82.06
82.05
82.05
82.05
82.04
82.05
82.05
82.05
82.05
82.05
82.06
82.06
82.05
82.06
82.06
82.06
82.06
82.06
82.06
82.06
82.05
82.04
82.04
82.03
82.03
82.04
82.04
82.04
82.04
82.05
82.06
82.05
82.03
82.04
82.05
82.03
82.03
82.02
82.02
82.03
82.03
82.04
82.04
82.06
82.05
82.04
82.05
82.04
82.05
82.06
82.04
82.04
82.05
82.05
82.04
82.04
82.03
82.03
82.04
82.04
82.05
82.05
82.05
82.05
82.05
82.05
82.05
82.05
82.06
82.05
82.05
82.06
82.05
82.05
82.05
82.03
82.03
82.03
82.03
82.03
82.04
82.04
82.05
82.05
82.06
82.05
82.03
82.03
82.04
82.04
82.04
82.04
82.04
82.03
82.03
82.03
82.04
82.04
82.04
82.04
82.04
82.04
82.03
82.03
82.03
82.03
82.02
82.03
82.02
82.01
82.00
82.01
82.00
82.00
82.00
81.99
81.99
81.98
81.97
81.96
81.96
81.97
81.96
81.97
81.97
81.97
81.98
81.98
81.99
81.99
82.00
82.01
82.00
82.01
82.00
82.01
82.01
82.01
82.01
81.99
81.99
81.99
81.99
81.99
81.99
81.99
82.00
81.99
82.00
82.00
82.00
82.02
82.01
82.01
82.01
82.00
82.00
81.99
82.00
82.01
82.00
82.00
82.00
82.00
81.99
81.98
81.98
81.98
81.97
81.97
81.98
81.90
