81.25
84.38
82.29
81.25
81.56
82.29
82.37
81.64
81.42
81.56
81.39
81.51
81.25
81.58
81.25
81.15
81.53
81.68
81.99
81.95
81.70
81.61
82.00
82.16
82.00
82.03
82.12
81.98
81.79
81.72
81.85
81.84
81.72
81.94
81.96
81.86
81.80
81.74
81.65
81.68
81.63
81.40
81.50
81.50
81.53
81.62
81.65
81.64
81.63
81.69
81.65
81.61
81.69
81.54
81.65
81.53
81.50
81.47
81.59
81.43
81.35
81.48
81.55
81.69
81.75
81.72
81.74
81.55
81.45
81.45
81.54
81.62
81.70
81.69
81.67
81.62
81.70
81.57
81.49
81.41
81.40
81.38
81.40
81.42
81.40
81.34
81.34
81.34
81.29
81.30
81.35
81.37
81.35
81.42
81.33
81.30
81.36
81.36
81.34
81.39
81.39
81.36
81.45
81.49
81.49
81.50
81.56
81.63
81.52
81.56
81.50
81.53
81.65
81.67
81.70
81.72
81.76
81.82
81.83
81.85
81.87
81.89
81.90
81.89
81.96
81.96
81.99
81.99
81.98
82.01
82.05
82.01
81.98
82.01
82.04
81.99
82.01
82.04
82.07
82.04
82.03
82.04
81.99
82.00
82.04
82.03
82.05
82.09
82.12
82.08
82.09
82.06
82.05
82.04
82.10
82.11
82.12
82.10
82.10
82.11
82.07
82.11
82.10
82.10
82.15
82.15
82.16
82.15
82.18
82.17
82.12
82.19
82.21
82.23
82.21
82.20
82.19
82.16
82.20
82.14
82.10
82.04
82.05
82.05
82.06
82.09
82.09
82.08
82.09
82.12
82.15
82.11
82.12
82.11
82.14
82.12
82.10
82.11
82.09
82.13
82.12
82.14
82.16
82.13
82.13
82.13
82.13
82.11
82.09
82.14
82.15
82.16
82.14
82.14
82.13
82.13
82.13
82.12
82.15
82.13
82.15
82.14
82.14
82.11
82.10
82.09
82.11
82.12
82.12
82.12
82.14
82.16
82.20
82.19
82.20
82.18
82.19
82.22
82.25
82.23
82.25
82.22
82.21
82.21
82.21
82.22
82.21
82.22
82.21
82.22
82.20
82.22
82.18
82.21
82.20
82.20
82.20
82.19
82.22
82.21
82.21
82.20
82.19
82.20
82.20
82.21
82.17
82.18
82.19
82.17
82.18
82.16
82.14
82.13
82.15
82.14
82.14
82.14
82.13
82.15
82.15
82.15
82.11
82.10
82.08
82.06
82.06
82.03
82.01
82.01
82.02
81.97
81.96
81.95
81.95
81.92
81.91
81.92
81.92
81.90
81.92
81.93
81.95
81.95
81.95
81.94
81.93
81.92
81.93
81.92
81.93
81.95
81.95
81.96
81.94
81.94
81.92
81.93
81.95
81.93
81.92
81.91
81.93
81.93
81.92
81.93
81.91
81.92
81.92
81.93
81.93
81.94
81.91
81.90
81.90
81.90
81.89
81.88
81.88
81.87
81.87
81.90
81.91
81.91
81.88
81.89
81.89
81.88
81.89
81.87
81.86
81.85
81.86
81.88
81.87
81.87
81.89
81.89
81.90
81.90
81.91
81.91
81.92
81.92
81.95
81.95
81.97
81.96
81.97
81.96
81.94
81.94
81.93
81.91
81.91
81.91
81.92
81.92
81.93
81.92
81.92
81.92
81.92
81.91
81.92
81.91
81.91
81.91
81.92
81.92
81.93
81.92
81.90
81.90
81.89
81.88
81.89
81.89
81.89
81.89
81.88
81.88
81.88
81.85
81.85
81.87
81.87
81.87
81.87
81.87
81.88
81.89
81.89
81.88
81.89
81.88
81.87
81.87
81.86
81.86
81.84
81.87
81.88
81.89
81.89
81.87
81.86
81.88
81.87
81.87
81.87
81.86
81.88
81.89
81.90
81.91
81.91
81.89
81.86
81.87
81.85
81.87
81.88
81.87
81.88
81.88
81.89
81.88
81.87
81.86
81.86
81.83
81.86
81.85
81.85
81.86
81.87
81.87
81.86
81.87
81.88
81.90
81.90
81.91
81.93
81.93
81.94
81.93
81.94
81.94
81.94
81.93
81.93
81.95
81.97
81.95
81.96
81.96
81.95
81.96
81.98
81.98
81.99
82.00
82.00
82.00
81.99
81.99
82.00
81.98
81.98
81.98
81.99
81.99
81.98
81.98
81.98
81.97
81.97
81.97
81.99
81.99
81.98
81.97
81.97
81.96
81.96
81.95
81.95
81.95
81.97
81.97
81.98
81.98
81.98
81.99
82.00
81.98
82.00
82.00
81.99
81.99
81.99
81.99
81.98
81.98
81.98
81.98
81.97
81.99
81.99
81.98
81.99
81.98
81.96
81.96
81.97
81.99
81.98
81.98
81.99
81.99
82.00
81.99
81.98
81.98
81.97
81.98
81.97
81.97
81.98
81.97
81.98
81.98
81.98
81.98
81.97
81.98
81.98
81.98
81.99
81.99
81.98
81.97
81.97
81.97
81.97
81.98
81.98
81.99
81.99
81.99
81.98
81.96
81.96
81.97
81.98
81.98
81.98
81.97
81.97
81.95
81.96
81.97
81.96
81.96
81.95
81.94
81.94
81.94
81.94
81.93
81.94
