76.56
82.03
82.81
80.47
80.62
79.95
80.36
80.47
81.42
82.03
81.82
81.64
81.25
81.14
81.35
81.54
81.53
80.99
81.09
81.33
81.47
81.32
81.11
81.18
81.12
81.37
81.02
81.31
81.36
81.25
81.05
81.25
81.44
81.71
81.83
81.86
81.93
81.95
82.05
81.88
81.86
81.88
81.83
81.61
81.74
81.83
81.82
81.74
81.73
81.75
81.62
81.64
81.57
81.51
81.51
81.45
81.55
81.49
81.38
81.54
81.56
81.55
81.52
81.42
81.51
81.56
81.51
81.43
81.48
81.52
81.51
81.47
81.40
81.52
81.58
81.58
81.59
81.59
81.65
81.60
81.60
81.57
81.57
81.51
81.53
81.50
81.50
81.53
81.58
81.60
81.54
81.50
81.42
81.43
81.38
81.33
81.39
81.36
81.38
81.41
81.37
81.36
81.40
81.37
81.41
81.44
81.43
81.41
81.39
81.42
81.43
81.45
81.35
81.28
81.32
81.26
81.24
81.17
81.18
81.18
81.19
81.21
81.21
81.19
81.16
81.09
81.16
81.19
81.18
81.14
81.19
81.14
81.19
81.20
81.20
81.23
81.25
81.30
81.35
81.36
81.37
81.38
81.32
81.33
81.35
81.41
81.46
81.48
81.48
81.50
81.53
81.49
81.43
81.43
81.41
81.45
81.40
81.40
81.40
81.35
81.37
81.38
81.37
81.38
81.36
81.35
81.33
81.35
81.35
81.35
81.37
81.37
81.35
81.33
81.38
81.37
81.42
81.43
81.40
81.43
81.43
81.46
81.49
81.50
81.55
81.55
81.57
81.58
81.61
81.55
81.56
81.51
81.55
81.53
81.51
81.51
81.54
81.53
81.55
81.55
81.54
81.56
81.60
81.62
81.57
81.56
81.57
81.60
81.61
81.61
81.59
81.60
81.60
81.57
81.57
81.58
81.60
81.64
81.66
81.66
81.65
81.65
81.66
81.65
81.66
81.66
81.66
81.64
81.61
81.62
81.66
81.65
81.66
81.67
81.66
81.64
81.65
81.62
81.62
81.60
81.57
81.57
81.59
81.59
81.58
81.60
81.59
81.57
81.58
81.59
81.59
81.59
81.61
81.63
81.62
81.61
81.62
81.67
81.67
81.65
81.62
81.62
81.59
81.61
81.62
81.61
81.62
81.62
81.64
81.65
81.65
81.66
81.66
81.67
81.68
81.72
81.72
81.73
81.77
81.80
81.82
81.82
81.80
81.77
81.78
81.76
81.77
81.75
81.76
81.78
81.77
81.75
81.75
81.72
81.72
81.70
81.71
81.71
81.74
81.74
81.72
81.74
81.73
81.74
81.74
81.75
81.75
81.76
81.77
81.77
81.77
81.78
81.77
81.77
81.77
81.78
81.79
81.82
81.82
81.84
81.86
81.86
81.86
81.88
81.90
81.92
81.92
81.91
81.89
81.89
81.90
81.87
81.87
81.89
81.88
81.85
81.89
81.88
81.91
81.94
81.93
81.93
81.91
81.92
81.93
81.92
81.93
81.94
81.96
81.95
81.92
81.92
81.92
81.90
81.90
81.92
81.92
81.90
81.88
81.88
81.90
81.91
81.91
81.90
81.91
81.89
81.89
81.90
81.86
81.88
81.87
81.89
81.89
81.89
81.89
81.90
81.92
81.91
81.93
81.93
81.93
81.92
81.94
81.95
81.94
81.95
81.96
81.97
81.96
81.98
81.98
81.97
81.96
81.96
81.96
81.94
81.95
81.95
81.94
81.93
81.93
81.93
81.92
81.92
81.92
81.93
81.93
81.90
81.90
81.89
81.89
81.89
81.90
81.90
81.90
81.90
81.88
81.89
81.90
81.87
81.89
81.88
81.90
81.91
81.90
81.90
81.89
81.89
81.89
81.88
81.88
81.86
81.87
81.87
81.88
81.88
81.89
81.88
81.89
81.88
81.88
81.88
81.87
81.88
81.89
81.88
81.89
81.90
81.90
81.91
81.90
81.90
81.90
81.90
81.90
81.91
81.91
81.93
81.93
81.94
81.93
81.91
81.91
81.91
81.89
81.88
81.87
81.87
81.87
81.88
81.89
81.88
81.88
81.87
81.88
81.86
81.86
81.86
81.86
81.85
81.87
81.87
81.89
81.89
81.89
81.89
81.89
81.87
81.86
81.84
81.85
81.85
81.84
81.84
81.84
81.85
81.86
81.87
81.87
81.86
81.86
81.87
81.87
81.87
81.86
81.86
81.86
81.87
81.89
81.89
81.89
81.89
81.89
81.89
81.88
81.90
81.89
81.90
81.89
81.89
81.90
81.89
81.88
81.88
81.88
81.87
81.88
81.88
81.88
81.88
81.87
81.86
81.86
81.86
81.85
81.86
81.86
81.87
81.87
81.87
81.86
81.86
81.87
81.87
81.87
81.88
81.87
81.88
81.87
81.87
81.87
81.86
81.85
81.86
81.85
81.85
81.86
81.88
81.86
81.87
81.86
81.86
81.87
81.87
81.88
81.87
81.86
81.85
81.86
81.84
81.86
81.85
81.83
81.84
81.83
81.82
81.81
81.80
81.79
81.79
81.80
81.81
81.81
81.82
81.81
81.80
81.80
81.79
81.79
81.78
81.78
81.77
81.76
81.76
81.74
81.74
81.74
81.75
81.75
81.76
81.76
81.75
81.75
81.74
81.73
81.74
81.75
81.76
81.75
81.75
81.74
81.73
81.73
81.73
81.73
81.74
81.75
81.75
81.75
81.76
81.75
81.74
81.74
81.75
81.74
81.75
81.75
81.76
81.75
81.74
81.74
81.74
81.73
81.72
81.72
81.73
81.71
81.71
81.70
81.71
81.70
81.71
81.70
81.70
81.71
81.70
81.70
81.70
81.70
81.69
81.69
81.68
81.66
81.66
81.66
81.66
81.68
81.68
81.69
81.69
81.70
81.70
81.71
81.71
81.70
81.70
81.70
81.69
81.70
81.70
81.69
81.69
81.70
81.70
81.70
81.70
81.71
81.70
81.72
81.71
81.71
81.72
81.71
81.71
81.72
81.70
81.69
81.70
81.70
81.70
81.69
81.68
81.67
81.66
81.66
81.66
81.66
81.66
81.67
81.67
81.68
81.68
81.67
81.68
81.66
81.66
81.66
81.66
81.67
81.67
81.67
81.66
81.66
81.65
81.66
81.66
81.67
81.67
81.67
81.67
81.67
81.67
81.67
81.68
81.68
81.69
81.68
81.70
81.69
81.69
81.68
81.68
81.68
81.67
81.67
81.67
81.68
81.68
81.67
81.66
81.66
81.66
81.66
81.64
81.65
81.65
81.65
81.65
81.66
81.66
81.66
81.67
81.67
81.67
81.67
81.66
81.66
81.64
81.64
81.63
81.63
81.63
81.62
81.62
81.63
81.63
81.63
81.63
81.63
81.63
81.62
81.62
81.63
81.64
81.65
81.65
81.66
81.67
81.67
81.67
81.68
81.59
