81.25
82.81
85.42
85.94
85.31
83.33
83.04
83.20
84.20
83.91
84.09
83.85
83.05
83.15
83.02
83.01
83.00
82.47
82.07
82.34
82.44
82.60
82.68
82.62
82.25
82.27
82.29
82.53
82.54
82.66
82.66
82.62
82.62
82.72
82.72
82.77
82.94
83.10
82.93
82.93
82.96
83.11
83.10
83.06
83.06
83.02
83.01
83.07
82.88
82.78
82.72
82.75
82.67
82.61
82.64
82.65
82.57
82.52
82.34
82.37
82.43
82.41
82.34
82.23
82.21
82.27
82.28
82.15
82.18
82.23
82.24
82.23
82.21
82.16
82.08
82.09
82.24
82.27
82.38
82.34
82.25
82.32
82.23
82.25
82.26
82.25
82.29
82.32
82.36
82.41
82.47
82.37
82.27
82.25
82.20
82.23
82.28
82.19
82.17
82.19
82.26
82.28
82.31
82.30
82.26
82.31
82.27
82.32
82.45
82.34
82.32
82.35
82.31
82.29
82.30
82.26
82.29
82.26
82.31
82.32
82.33
82.34
82.33
82.31
82.26
82.23
82.17
82.21
82.21
82.22
82.19
82.20
82.17
82.12
82.14
82.16
82.13
82.07
82.07
82.01
82.08
82.01
82.00
82.02
82.00
82.02
81.96
81.96
81.98
81.93
81.90
81.89
81.88
81.86
81.85
81.80
81.82
81.82
81.82
81.82
81.82
81.83
81.81
81.86
81.93
81.97
81.98
81.97
81.94
81.90
81.91
81.92
81.96
82.00
82.02
82.00
81.99
82.01
82.07
82.07
82.06
82.06
82.08
82.06
82.06
82.09
82.09
82.06
82.04
82.01
82.04
82.02
82.00
82.02
82.04
82.02
82.04
82.04
82.09
82.10
82.10
82.10
82.15
82.12
82.13
82.11
82.11
82.12
82.13
82.11
82.12
82.15
82.14
82.16
82.15
82.14
82.14
82.15
82.13
82.14
82.14
82.12
82.14
82.14
82.12
82.09
82.10
82.04
82.03
82.07
82.03
82.04
82.02
82.01
81.99
82.00
81.99
82.02
82.00
82.00
81.99
82.00
82.00
82.02
82.06
82.04
82.03
82.06
82.03
82.04
82.06
82.02
82.03
82.06
82.04
82.03
82.00
81.99
81.99
81.97
81.94
81.96
81.95
81.94
81.93
81.93
81.94
81.91
81.89
81.89
81.88
81.90
81.88
81.88
81.87
81.86
81.86
81.85
81.86
81.87
81.86
81.84
81.81
81.81
81.84
81.85
81.85
81.88
81.89
81.89
81.93
81.92
81.91
81.91
81.91
81.90
81.90
81.89
81.88
81.88
81.86
81.86
81.86
81.86
81.87
81.87
81.86
81.84
81.83
81.82
81.81
81.82
81.79
81.79
81.80
81.75
81.76
81.79
81.77
81.77
81.75
81.77
81.80
81.83
81.82
81.85
81.84
81.85
81.84
81.87
81.89
81.91
81.92
81.90
81.87
81.88
81.88
81.87
81.86
81.88
81.89
81.89
81.89
81.88
81.90
81.90
81.90
81.90
81.90
81.92
81.92
81.94
81.94
81.94
81.95
81.94
81.93
81.92
81.92
81.93
81.92
81.91
81.91
81.93
81.93
81.92
81.93
81.93
81.96
81.97
81.99
81.96
81.96
81.94
81.94
81.94
81.95
81.95
81.94
81.95
81.94
81.94
81.93
81.94
81.94
81.95
81.96
81.95
81.95
81.94
81.95
81.96
81.97
81.97
81.97
81.96
81.96
81.96
81.96
81.96
81.96
81.97
81.96
81.97
81.96
81.94
81.94
81.92
81.91
81.92
81.93
81.92
81.93
81.92
81.90
81.89
81.90
81.90
81.92
81.89
81.90
81.90
81.89
81.89
81.87
81.88
81.88
81.89
81.87
81.88
81.90
81.88
81.88
81.87
81.86
81.86
81.87
81.85
81.86
81.85
81.86
81.85
81.87
81.89
81.88
81.87
81.84
81.84
81.83
81.83
81.81
81.81
81.80
81.79
81.77
81.76
81.78
81.79
81.80
81.80
81.79
81.78
81.78
81.77
81.79
81.78
81.81
81.81
81.80
81.78
81.80
81.79
81.80
81.82
81.83
81.83
81.82
81.82
81.82
81.83
81.84
81.82
81.83
81.83
81.85
81.85
81.85
81.85
81.85
81.87
81.86
81.86
81.85
81.84
81.83
81.85
81.84
81.83
81.83
81.83
81.82
81.82
81.81
81.80
81.80
81.81
81.79
81.77
81.78
81.78
81.77
81.77
81.78
81.77
81.77
81.78
81.77
81.76
81.76
81.77
81.77
81.77
81.78
81.76
81.77
81.79
81.77
81.78
81.77
81.77
81.76
81.76
81.77
81.77
81.77
81.76
81.76
81.77
81.76
81.77
81.78
81.79
81.77
81.78
81.77
81.78
81.79
81.78
81.77
81.77
81.76
81.77
81.75
81.75
81.75
81.75
81.74
81.75
81.76
81.75
81.74
81.74
81.74
81.73
81.73
81.73
81.74
81.74
81.75
81.75
81.76
81.75
81.75
81.74
81.73
81.72
81.71
81.72
81.72
81.72
81.72
81.74
81.73
81.74
81.74
81.75
81.75
81.74
81.75
81.74
81.73
81.71
81.73
81.74
81.73
81.73
81.72
81.72
81.72
81.73
81.74
81.75
81.74
81.75
81.76
81.76
81.75
81.76
81.77
81.76
81.76
81.76
81.75
81.76
81.77
81.77
81.77
81.77
81.78
81.77
81.78
81.79
81.79
81.79
81.81
81.82
81.83
81.83
81.83
81.84
81.83
81.83
81.83
81.82
81.84
81.83
81.82
81.83
81.83
81.84
81.86
81.87
81.87
81.85
81.85
81.83
81.83
81.84
81.85
81.85
81.85
81.85
81.86
81.86
81.85
81.85
81.86
81.85
81.86
81.86
81.86
81.85
81.86
81.86
81.86
81.86
81.86
81.86
81.86
81.87
81.86
81.86
81.86
81.86
81.86
81.86
81.87
81.88
81.88
81.89
81.89
81.89
81.88
81.89
81.90
81.90
81.90
81.90
81.90
81.90
81.90
81.90
81.90
81.91
81.91
81.92
81.92
81.92
81.93
81.93
81.93
81.91
81.91
81.92
81.93
81.94
81.94
81.94
81.93
81.93
81.94
81.95
81.94
81.93
81.94
81.95
81.95
81.95
81.95
81.95
81.96
81.96
81.96
81.96
81.95
81.95
81.95
81.95
81.96
81.97
81.97
81.98
81.98
81.98
81.98
81.98
81.98
81.97
81.97
81.97
81.98
81.98
81.98
81.97
81.96
81.96
81.95
81.95
81.94
81.94
81.94
81.95
81.96
81.94
81.94
81.94
81.93
81.93
81.92
81.92
81.93
81.92
81.92
81.93
81.94
81.94
81.93
81.93
81.94
81.94
81.95
81.96
81.97
81.96
81.95
81.95
81.95
81.95
81.95
81.96
81.96
81.88
