82.81
85.94
85.94
84.38
82.50
82.55
83.04
83.01
82.64
82.03
82.10
81.77
82.09
81.81
82.29
82.62
82.44
82.55
82.81
82.81
82.51
82.46
82.40
82.36
82.31
82.21
81.89
81.70
81.95
81.72
81.85
82.23
81.96
81.99
81.88
82.07
82.01
81.99
81.97
81.99
82.05
81.88
81.83
81.75
81.84
81.86
81.82
82.00
82.11
81.91
81.86
81.88
81.75
81.77
81.76
81.78
81.72
81.84
81.78
81.74
81.81
81.80
81.85
81.91
81.80
81.65
81.55
81.53
81.57
81.65
81.65
81.71
81.72
81.67
81.69
81.72
81.70
81.67
81.65
81.70
81.67
81.67
81.70
81.72
81.75
81.80
81.81
81.78
81.71
81.67
81.61
81.59
81.67
81.68
81.78
81.82
81.85
81.74
81.71
81.69
81.76
81.79
81.81
81.78
81.82
81.84
81.85
81.90
81.84
81.80
81.81
81.77
81.75
81.76
81.73
81.68
81.66
81.78
81.83
81.77
81.81
81.78
81.78
81.84
81.85
81.82
81.82
81.85
81.90
81.84
81.82
81.77
81.81
81.81
81.78
81.72
81.72
81.76
81.81
81.81
81.85
81.83
81.84
81.88
81.83
81.82
81.81
81.80
81.81
81.77
81.79
81.76
81.77
81.82
81.84
81.84
81.88
81.89
81.89
81.94
81.93
81.93
81.87
81.87
81.84
81.82
81.78
81.81
81.80
81.72
81.74
81.75
81.75
81.77
81.76
81.75
81.73
81.67
81.70
81.75
81.77
81.78
81.79
81.78
81.79
81.84
81.85
81.87
81.85
81.82
81.82
81.79
81.76
81.77
81.78
81.81
81.77
81.77
81.79
81.77
81.77
81.78
81.80
81.82
81.87
81.83
81.86
81.85
81.85
81.84
81.84
81.80
81.79
81.78
81.72
81.67
81.71
81.74
81.76
81.73
81.73
81.74
81.74
81.74
81.76
81.78
81.75
81.74
81.77
81.77
81.79
81.78
81.77
81.80
81.78
81.80
81.84
81.79
81.79
81.80
81.81
81.84
81.82
81.83
81.84
81.85
81.86
81.89
81.86
81.86
81.88
81.88
81.89
81.90
81.88
81.88
81.88
81.81
81.81
81.80
81.79
81.82
81.80
81.79
81.83
81.81
81.85
81.86
81.86
81.86
81.84
81.84
81.84
81.87
81.83
81.82
81.80
81.82
81.83
81.85
81.84
81.86
81.85
81.83
81.81
81.82
81.83
81.83
81.80
81.80
81.81
81.81
81.81
81.81
81.78
81.80
81.82
81.82
81.83
81.80
81.82
81.82
81.84
81.85
81.85
81.87
81.87
81.88
81.84
81.84
81.85
81.81
81.82
81.81
81.80
81.77
81.78
81.78
81.79
81.78
81.77
81.77
81.77
81.78
81.75
81.74
81.76
81.77
81.77
81.79
81.78
81.79
81.78
81.80
81.80
81.82
81.82
81.82
81.79
81.80
81.82
81.82
81.82
81.80
81.78
81.78
81.78
81.76
81.76
81.75
81.74
81.74
81.73
81.72
81.72
81.71
81.70
81.70
81.72
81.74
81.73
81.71
81.71
81.74
81.74
81.76
81.78
81.78
81.75
81.74
81.74
81.74
81.74
81.74
81.74
81.72
81.70
81.71
81.70
81.71
81.71
81.71
81.70
81.69
81.68
81.68
81.67
81.68
81.70
81.71
81.69
81.70
81.68
81.67
81.69
81.71
81.70
81.72
81.71
81.71
81.74
81.74
81.73
81.73
81.73
81.71
81.69
81.68
81.67
81.66
81.65
81.66
81.65
81.65
81.66
81.65
81.66
81.66
81.68
81.68
81.68
81.69
81.70
81.70
81.71
81.72
81.72
81.70
81.72
81.73
81.72
81.73
81.73
81.74
81.75
81.74
81.74
81.75
81.75
81.75
81.77
81.77
81.76
81.77
81.78
81.76
81.77
81.78
81.75
81.74
81.74
81.73
81.76
81.75
81.75
81.75
81.76
81.73
81.73
81.73
81.74
81.75
81.74
81.75
81.74
81.74
81.76
81.74
81.76
81.74
81.75
81.75
81.74
81.74
81.75
81.76
81.75
81.74
81.76
81.74
81.75
81.76
81.76
81.77
81.77
81.77
81.78
81.78
81.79
81.80
81.79
81.77
81.76
81.76
81.75
81.75
81.76
81.76
81.78
81.78
81.79
81.80
81.79
81.78
81.80
81.81
81.81
81.82
81.81
81.80
81.80
81.79
81.79
81.79
81.81
81.80
81.82
81.81
81.81
81.80
81.81
81.82
81.81
81.81
81.82
81.83
81.84
81.83
81.86
81.86
81.87
81.89
81.87
81.89
81.90
81.90
81.90
81.88
81.87
81.87
81.87
81.86
81.86
81.85
81.85
81.83
81.82
81.82
81.82
81.83
81.83
81.83
81.83
81.83
81.84
81.84
81.83
81.82
81.82
81.81
81.80
81.79
81.80
81.80
81.80
81.80
81.81
81.81
81.81
81.81
81.81
81.81
81.82
81.83
81.84
81.85
81.85
81.86
81.85
81.86
81.86
81.85
81.84
81.83
81.83
81.83
81.84
81.85
81.86
81.86
81.86
81.87
81.88
81.88
81.89
81.89
81.89
81.90
81.90
81.90
81.89
81.88
81.87
81.88
81.89
81.90
81.89
81.90
81.90
81.91
81.91
81.90
81.90
81.90
81.90
81.89
81.91
81.90
81.91
81.92
81.91
81.90
81.90
81.91
81.91
81.91
81.90
81.90
81.88
81.88
81.88
81.88
81.86
81.88
81.87
81.87
81.88
81.88
81.88
81.88
81.89
81.90
81.89
81.89
81.91
81.91
81.92
81.91
81.90
81.91
81.91
81.90
81.91
81.91
81.92
81.92
81.93
81.93
81.93
81.93
81.93
81.95
81.95
81.95
81.96
81.97
81.95
81.96
81.96
81.95
81.95
81.94
81.94
81.94
81.92
81.93
81.93
81.93
81.92
81.92
81.91
81.90
81.90
81.91
81.90
81.88
81.88
81.87
81.87
81.88
81.87
81.87
81.86
81.86
81.87
81.87
81.87
81.87
81.87
81.87
81.86
81.86
81.86
81.87
81.88
81.87
81.88
81.88
81.89
81.90
81.89
81.90
81.90
81.90
81.90
81.89
81.89
81.90
81.89
81.88
81.89
81.88
81.89
81.89
81.88
81.88
81.89
81.89
81.88
81.86
81.86
81.86
81.86
81.85
81.85
81.86
81.85
81.85
81.84
81.83
81.83
81.83
81.85
81.85
81.85
81.84
81.84
81.84
81.84
81.84
81.84
81.84
81.84
81.83
81.84
81.84
81.85
81.85
81.85
81.86
81.85
81.85
81.85
81.85
81.84
81.85
81.86
81.85
81.86
81.86
81.86
81.86
81.86
81.87
81.87
81.87
81.88
81.88
81.90
81.89
81.88
81.80
