79.69
80.47
79.17
81.64
82.50
82.55
81.70
81.64
82.12
82.50
82.10
81.90
82.57
82.37
82.40
82.23
81.99
81.60
81.58
81.95
82.14
82.53
82.40
82.42
82.50
82.39
82.35
82.48
82.76
82.97
83.06
82.86
82.77
82.86
82.90
82.90
82.85
82.89
83.05
82.93
82.85
82.96
82.70
82.78
82.88
82.88
82.91
82.94
82.94
82.97
82.84
82.90
82.96
82.90
82.78
82.78
82.73
82.62
82.71
82.73
82.81
82.81
82.74
82.74
82.67
82.74
82.74
82.86
82.77
82.81
82.79
82.75
82.68
82.62
82.62
82.65
82.61
82.51
82.52
82.44
82.35
82.37
82.34
82.35
82.48
82.54
82.54
82.62
82.65
82.62
82.59
82.64
82.61
82.61
82.65
82.71
82.76
82.80
82.78
82.75
82.75
82.57
82.55
82.53
82.56
82.56
82.49
82.51
82.55
82.57
82.60
82.62
82.56
82.59
82.57
82.60
82.60
82.56
82.59
82.60
82.62
82.57
82.57
82.59
82.59
82.63
82.64
82.71
82.72
82.73
82.75
82.67
82.64
82.63
82.66
82.67
82.66
82.67
82.66
82.57
82.54
82.53
82.48
82.51
82.53
82.52
82.53
82.52
82.53
82.58
82.55
82.51
82.50
82.47
82.47
82.47
82.44
82.45
82.42
82.40
82.37
82.36
82.39
82.37
82.41
82.40
82.39
82.40
82.39
82.42
82.41
82.35
82.34
82.35
82.37
82.36
82.39
82.40
82.37
82.40
82.42
82.42
82.37
82.40
82.42
82.46
82.43
82.42
82.37
82.38
82.41
82.42
82.44
82.44
82.44
82.43
82.41
82.41
82.40
82.39
82.37
82.38
82.37
82.40
82.33
82.35
82.31
82.27
82.32
82.31
82.34
82.33
82.34
82.32
82.32
82.34
82.32
82.34
82.34
82.36
82.35
82.33
82.35
82.37
82.36
82.36
82.36
82.36
82.37
82.36
82.35
82.32
82.31
82.33
82.35
82.36
82.35
82.35
82.34
82.32
82.35
82.39
82.38
82.35
82.37
82.39
82.39
82.39
82.39
82.41
82.42
82.40
82.42
82.43
82.44
82.43
82.44
82.43
82.44
82.44
82.44
82.42
82.43
82.37
82.40
82.42
82.41
82.43
82.40
82.41
82.42
82.45
82.46
82.45
82.45
82.43
82.45
82.45
82.47
82.47
82.45
82.45
82.45
82.45
82.45
82.43
82.45
82.45
82.45
82.46
82.44
82.42
82.42
82.39
82.41
82.41
82.42
82.43
82.43
82.44
82.43
82.45
82.45
82.47
82.48
82.49
82.50
82.50
82.50
82.52
82.54
82.55
82.55
82.56
82.55
82.58
82.56
82.56
82.56
82.57
82.53
82.55
82.53
82.53
82.53
82.52
82.51
82.49
82.48
82.49
82.49
82.49
82.51
82.52
82.50
82.50
82.51
82.48
82.50
82.49
82.49
82.48
82.47
82.44
82.44
82.43
82.43
82.45
82.45
82.46
82.46
82.45
82.45
82.44
82.42
82.43
82.42
82.44
82.43
82.44
82.45
82.48
82.47
82.46
82.46
82.45
82.46
82.45
82.45
82.46
82.46
82.46
82.47
82.44
82.48
82.48
82.50
82.48
82.47
82.47
82.48
82.49
82.48
82.49
82.49
82.49
82.51
82.50
82.48
82.46
82.46
82.46
82.47
82.46
82.46
82.47
82.47
82.48
82.48
82.50
82.50
82.50
82.51
82.49
82.51
82.52
82.52
82.51
82.51
82.50
82.50
82.51
82.50
82.51
82.52
82.53
82.53
82.51
82.51
82.50
82.50
82.49
82.49
82.47
82.49
82.48
82.46
82.47
82.47
82.47
82.47
82.44
82.44
82.43
82.45
82.43
82.43
82.41
82.41
82.41
82.39
82.40
82.39
82.38
82.39
82.40
82.41
82.41
82.41
82.43
82.41
82.40
82.40
82.40
82.41
82.41
82.39
82.39
82.38
82.37
82.38
82.37
82.38
82.39
82.41
82.39
82.38
82.38
82.37
82.37
82.35
82.32
82.31
82.30
82.30
82.27
82.28
82.28
82.26
82.26
82.25
82.23
82.23
82.22
82.21
82.21
82.19
82.19
82.18
82.19
82.18
82.16
82.17
82.17
82.16
82.17
82.17
82.18
82.18
82.18
82.17
82.18
82.19
82.20
82.21
82.20
82.20
82.20
82.20
82.20
82.18
82.17
82.15
82.18
82.19
82.18
82.19
82.20
82.21
82.21
82.19
82.20
82.19
82.17
82.16
82.15
82.16
82.16
82.15
82.15
82.15
82.15
82.16
82.17
82.18
82.18
82.18
82.19
82.20
82.20
82.20
82.20
82.21
82.20
82.20
82.18
82.19
82.19
82.19
82.19
82.19
82.19
82.19
82.19
82.18
82.19
82.17
82.17
82.17
82.15
82.16
82.15
82.15
82.15
82.14
82.14
82.12
82.13
82.13
82.13
82.13
82.12
82.11
82.11
82.10
82.10
82.10
82.10
82.11
82.10
82.09
82.10
82.09
82.10
82.10
82.11
82.11
82.11
82.11
82.13
82.13
82.12
82.12
82.12
82.11
82.12
82.11
82.11
82.11
82.12
82.12
82.11
82.11
82.10
82.10
82.08
82.08
82.07
82.07
82.07
82.06
82.05
82.05
82.05
82.05
82.03
82.02
82.04
82.04
82.05
82.04
82.04
82.05
82.05
82.05
82.04
82.03
82.03
82.04
82.03
82.03
82.03
82.04
82.04
82.04
82.04
82.03
82.03
82.04
82.04
82.05
82.05
82.04
82.05
82.06
82.06
82.08
82.08
82.08
82.08
82.08
82.08
82.08
82.08
82.08
82.08
82.07
82.07
82.08
82.08
82.08
82.08
82.08
82.08
82.07
82.06
82.06
82.06
82.05
82.05
82.05
82.05
82.04
82.02
82.02
82.02
82.02
82.02
82.02
82.01
82.01
82.02
82.00
82.02
82.02
82.02
82.01
82.02
82.01
82.02
82.01
82.00
82.01
82.00
82.00
82.00
82.01
82.01
82.02
82.03
82.02
82.03
82.02
82.03
82.03
82.03
82.04
82.04
82.03
82.02
82.02
82.01
82.01
82.00
82.00
82.00
82.01
82.01
82.01
82.01
81.99
81.99
81.99
81.99
81.98
81.97
81.97
81.96
81.96
81.96
81.97
81.97
81.97
81.96
81.96
81.96
81.96
81.95
81.93
81.94
81.95
81.96
81.96
81.97
81.96
81.96
81.96
81.96
81.97
81.97
81.97
81.98
81.97
81.99
81.99
81.99
81.99
81.99
81.98
81.99
81.99
81.98
81.98
81.98
81.98
81.98
81.97
81.96
81.98
81.97
81.97
81.96
81.96
81.95
81.96
81.95
81.95
81.95
81.96
81.96
81.97
81.88
