89.06
83.59
83.85
82.42
81.88
81.51
82.59
82.03
81.77
80.78
80.40
80.21
80.89
81.25
81.35
81.45
81.25
81.25
81.33
81.88
81.77
81.53
81.93
82.16
82.12
82.15
82.41
82.48
82.49
82.14
82.41
82.32
82.39
82.49
82.28
82.34
82.52
82.32
82.37
82.42
82.36
82.40
82.52
82.42
82.43
82.30
82.25
82.19
82.33
82.34
82.38
82.33
82.37
82.26
82.27
82.23
82.24
82.33
82.23
82.34
82.22
82.23
82.37
82.37
82.26
82.22
82.11
82.22
82.25
82.12
82.09
82.10
82.19
82.18
82.21
82.18
82.18
82.15
82.18
82.19
82.16
82.11
82.08
82.03
82.06
82.03
82.00
82.03
82.00
82.07
82.13
82.20
82.21
82.28
82.29
82.26
82.22
82.14
82.13
82.16
82.12
82.17
82.07
82.12
82.20
82.22
82.18
82.22
82.25
82.22
82.22
82.20
82.25
82.18
82.19
82.21
82.18
82.14
82.13
82.11
82.18
82.25
82.16
82.18
82.14
82.14
82.14
82.17
82.19
82.20
82.23
82.28
82.24
82.24
82.27
82.26
82.25
82.34
82.35
82.32
82.30
82.30
82.29
82.25
82.21
82.20
82.17
82.21
82.24
82.26
82.28
82.28
82.29
82.33
82.30
82.35
82.38
82.40
82.41
82.44
82.43
82.47
82.47
82.45
82.47
82.49
82.48
82.50
82.48
82.49
82.47
82.46
82.48
82.45
82.47
82.44
82.47
82.44
82.47
82.46
82.48
82.48
82.46
82.47
82.47
82.45
82.40
82.39
82.40
82.38
82.35
82.39
82.40
82.41
82.44
82.42
82.41
82.42
82.44
82.45
82.43
82.43
82.47
82.44
82.37
82.36
82.34
82.36
82.41
82.43
82.42
82.41
82.42
82.43
82.43
82.43
82.38
82.35
82.36
82.34
82.35
82.37
82.37
82.38
82.36
82.35
82.35
82.35
82.35
82.34
82.31
82.36
82.36
82.35
82.35
82.33
82.34
82.33
82.35
82.34
82.34
82.35
82.36
82.34
82.33
82.34
82.32
82.33
82.35
82.35
82.38
82.39
82.44
82.38
82.41
82.42
82.41
82.40
82.41
82.42
82.41
82.38
82.37
82.35
82.34
82.33
82.37
82.33
82.34
82.31
82.31
82.30
82.28
82.28
82.28
82.27
82.26
82.26
82.25
82.24
82.25
82.23
82.22
82.21
82.18
82.18
82.20
82.19
82.19
82.19
82.19
82.19
82.21
82.17
82.17
82.16
82.19
82.18
82.15
82.17
82.18
82.20
82.21
82.24
82.25
82.22
82.24
82.25
82.26
82.25
82.25
82.26
82.23
82.24
82.25
82.23
82.23
82.24
82.25
82.23
82.23
82.23
82.24
82.24
82.24
82.24
82.24
82.24
82.21
82.18
82.19
82.20
82.18
82.19
82.18
82.18
82.19
82.17
82.16
82.16
82.14
82.15
82.14
82.12
82.12
82.14
82.15
82.16
82.16
82.15
82.14
82.14
82.13
82.12
82.13
82.11
82.09
82.11
82.12
82.12
82.10
82.10
82.11
82.12
82.12
82.11
82.10
82.08
82.09
82.07
82.12
82.12
82.13
82.12
82.13
82.14
82.15
82.14
82.15
82.14
82.14
82.16
82.18
82.17
82.18
82.19
82.20
82.21
82.21
82.22
82.21
82.20
82.23
82.22
82.24
82.25
82.26
82.24
82.23
82.22
82.22
82.22
82.22
82.22
82.25
82.22
82.22
82.21
82.20
82.18
82.17
82.17
82.18
82.18
82.18
82.19
82.18
82.16
82.17
82.14
82.14
82.12
82.11
82.09
82.10
82.10
82.10
82.11
82.10
82.09
82.09
82.08
82.08
82.06
82.05
82.06
82.05
82.06
82.07
82.05
82.04
82.05
82.04
82.06
82.06
82.05
82.05
82.06
82.06
82.05
82.06
82.06
82.06
82.06
82.06
82.08
82.08
82.07
82.07
82.08
82.09
82.09
82.07
82.07
82.08
82.08
82.07
82.06
82.08
82.08
82.08
82.09
82.08
82.08
82.07
82.08
82.08
82.07
82.06
82.08
82.07
82.06
82.05
82.04
82.03
82.04
82.04
82.03
82.05
82.05
82.04
82.05
82.07
82.06
82.07
82.07
82.07
82.08
82.07
82.07
82.06
82.06
82.06
82.06
82.05
82.04
82.05
82.05
82.05
82.05
82.05
82.06
82.06
82.05
82.06
82.07
82.06
82.05
82.05
82.05
82.05
82.04
82.01
82.00
82.01
82.01
82.00
81.98
82.00
82.00
82.00
81.99
82.00
82.00
81.99
81.97
81.98
81.95
81.94
81.94
81.92
81.93
81.95
81.94
81.93
81.94
81.95
81.95
81.96
81.97
81.97
81.97
81.97
81.97
81.97
81.96
81.97
81.97
81.96
81.96
81.94
81.94
81.92
81.91
81.91
81.91
81.90
81.88
81.90
81.90
81.90
81.90
81.90
81.90
81.90
81.88
81.89
81.89
81.89
81.90
81.91
81.92
81.92
81.93
81.93
81.92
81.92
81.93
81.92
81.91
81.92
81.92
81.93
81.93
81.91
81.92
81.93
81.94
81.96
81.97
81.97
81.97
81.99
81.99
81.98
81.99
81.99
82.00
81.99
82.00
81.99
82.00
82.00
81.99
82.00
82.01
81.99
82.00
82.00
82.00
81.99
81.98
81.99
81.99
81.99
81.97
81.97
81.97
81.97
81.97
81.97
81.96
81.96
81.96
81.96
81.95
81.94
81.96
81.96
81.96
81.96
81.96
81.95
81.95
81.94
81.95
81.96
81.97
81.97
81.96
81.96
81.96
81.97
81.95
81.96
81.95
81.97
81.97
81.96
81.97
81.97
81.97
81.98
81.97
81.98
81.97
81.98
81.99
82.00
81.99
81.99
81.99
81.99
81.99
81.99
81.99
81.98
81.97
81.97
81.96
81.94
81.94
81.93
81.93
81.93
81.92
81.93
81.93
81.92
81.93
81.93
81.93
81.93
81.93
81.93
81.92
81.92
81.92
81.92
81.92
81.92
81.90
81.91
81.91
81.92
81.92
81.91
81.91
81.90
81.91
81.91
81.89
81.90
81.90
81.90
81.90
81.90
81.90
81.91
81.91
81.91
81.90
81.92
81.92
81.93
81.93
81.93
81.93
81.93
81.92
81.92
81.92
81.92
81.93
81.93
81.94
81.93
81.94
81.93
81.93
81.92
81.91
81.91
81.92
81.91
81.91
81.92
81.93
81.92
81.92
81.93
81.93
81.93
81.93
81.93
81.93
81.92
81.93
81.93
81.94
81.93
81.92
81.93
81.93
81.92
81.92
81.93
81.94
81.95
81.94
81.95
81.95
81.95
81.95
81.95
81.95
81.95
81.94
81.95
81.96
81.96
81.88
