0.00
1.56
1.56
1.17
0.94
1.04
1.12
0.98
0.87
0.94
0.85
0.91
0.96
1.00
1.04
1.07
1.10
1.04
1.07
1.17
1.12
1.07
1.15
1.11
1.06
1.02
1.10
1.12
1.08
1.15
1.16
1.12
1.18
1.15
1.16
1.13
1.10
1.11
1.08
1.05
1.07
1.04
1.02
0.99
1.01
1.02
1.06
1.04
1.02
1.00
1.01
1.02
1.00
0.98
0.97
0.95
0.93
0.92
0.90
0.91
0.90
0.91
0.92
0.98
0.99
0.99
0.98
0.99
1.00
0.98
0.97
1.00
0.98
0.99
1.00
0.99
0.97
1.00
0.99
0.98
0.96
0.99
1.00
0.99
0.99
0.98
1.01
0.99
1.00
0.99
0.98
0.97
0.97
1.01
1.00
0.99
0.98
0.97
0.98
0.97
0.97
0.97
0.99
0.99
1.00
0.99
0.98
0.98
1.02
1.02
1.01
1.00
1.00
0.99
0.98
1.00
0.99
0.98
0.97
0.96
0.96
0.96
0.95
0.95
0.94
0.94
0.94
0.93
0.92
0.93
0.93
0.92
0.92
0.93
0.93
0.92
0.91
0.92
0.91
0.90
0.90
0.91
0.91
0.90
0.91
0.90
0.90
0.92
0.92
0.92
0.92
0.91
0.91
0.90
0.90
0.89
0.89
0.88
0.87
0.87
0.86
0.86
0.87
0.87
0.86
0.86
0.85
0.86
0.86
0.85
0.85
0.85
0.86
0.85
0.85
0.85
0.85
0.84
0.85
0.87
0.86
0.86
0.86
0.87
0.87
0.87
0.87
0.88
0.88
0.89
0.89
0.90
0.89
0.89
0.88
0.88
0.88
0.88
0.88
0.88
0.90
0.90
0.90
0.91
0.91
0.92
0.92
0.92
0.93
0.92
0.92
0.91
0.92
0.92
0.92
0.91
0.91
0.92
0.91
0.92
0.92
0.92
0.92
0.92
0.92
0.91
0.91
0.91
0.91
0.91
0.91
0.92
0.92
0.92
0.92
0.92
0.92
0.92
0.93
0.92
0.92
0.92
0.92
0.92
0.92
0.93
0.92
0.92
0.92
0.92
0.92
0.92
0.92
0.92
0.92
0.92
0.92
0.93
0.93
0.93
0.94
0.94
0.94
0.94
0.94
0.93
0.93
0.93
0.93
0.93
0.92
0.92
0.92
0.92
0.92
0.93
0.93
0.93
0.92
0.93
0.92
0.92
0.92
0.91
0.92
0.92
0.93
0.93
0.93
0.93
0.93
0.93
0.93
0.93
0.93
0.93
0.93
0.93
0.92
0.92
0.92
0.92
0.92
0.93
0.93
0.92
0.92
0.93
0.94
0.95
0.94
0.95
0.95
0.95
0.95
0.95
0.95
0.94
0.95
0.95
0.95
0.95
0.96
0.96
0.97
0.96
0.96
0.96
0.95
0.95
0.95
0.95
0.94
0.94
0.95
0.95
0.96
0.95
0.95
0.95
0.96
0.96
0.96
0.96
0.96
0.96
0.98
0.98
0.98
0.98
0.98
0.99
0.98
0.98
0.98
0.98
0.98
0.98
0.98
0.98
0.98
0.98
0.99
0.99
0.99
0.99
0.99
1.00
1.00
1.00
1.00
1.00
1.00
1.00
1.00
1.00
1.01
1.01
1.01
1.01
1.01
1.01
1.01
1.01
1.00
1.00
1.00
0.99
0.99
0.99
0.99
0.99
0.99
0.98
0.98
0.98
0.98
0.98
0.98
0.98
0.98
0.98
0.98
0.98
0.98
0.99
0.99
0.98
0.98
0.98
0.98
0.98
0.98
0.98
0.98
0.98
0.97
0.98
0.98
0.97
0.97
0.97
0.97
0.97
0.97
0.98
0.98
0.98
0.98
0.98
0.98
0.98
0.98
0.98
0.97
0.97
0.97
0.97
0.97
0.97
0.97
0.97
0.97
0.97
0.97
0.98
0.99
0.99
1.00
1.00
1.00
1.00
1.00
1.00
1.00
1.00
1.00
1.00
1.00
1.00
1.00
0.99
0.99
0.99
0.99
0.99
0.99
0.99
0.99
0.99
0.99
0.99
0.99
1.00
1.00
1.00
1.00
1.00
1.00
1.00
1.00
1.00
1.00
1.00
1.00
0.99
0.99
0.99
0.99
0.99
0.99
0.99
0.99
0.99
0.99
0.99
0.99
0.99
0.99
0.99
0.99
0.98
0.98
0.98
0.98
0.98
0.98
0.98
0.98
0.98
0.98
0.98
0.98
0.98
0.98
0.98
0.98
0.97
0.97
0.98
0.98
0.98
0.98
0.99
0.99
0.99
0.99
0.99
0.99
0.99
0.99
0.99
0.99
0.99
0.99
0.99
0.99
0.98
0.98
0.98
0.98
0.98
0.98
0.98
0.98
0.98
0.98
0.98
0.97
0.97
0.97
0.97
0.97
0.97
0.97
0.97
0.97
0.97
0.96
0.96
0.96
0.96
0.96
0.96
0.96
0.96
0.96
0.96
0.96
0.96
0.96
0.96
0.97
0.97
0.97
0.97
0.97
0.97
0.98
0.98
0.98
0.98
0.98
0.98
0.98
0.98
0.98
0.98
0.98
0.98
0.98
0.98
0.98
0.98
0.98
0.98
0.98
0.98
0.98
0.98
0.98
0.98
0.98
0.98
0.98
0.98
0.98
0.98
0.98
0.98
0.98
0.99
0.98
0.98
0.99
0.99
0.99
0.99
0.99
0.99
0.99
0.99
0.99
0.99
0.99
0.99
0.99
0.99
0.99
0.99
0.99
0.98
0.98
0.98
0.98
0.98
0.98
0.98
0.98
0.98
0.98
0.97
0.97
0.97
0.97
0.97
0.97
0.97
0.97
0.97
0.97
0.97
0.97
0.97
0.97
0.97
0.97
0.97
0.97
0.96
0.96
0.96
0.96
0.96
0.96
0.96
0.96
0.96
0.96
0.96
0.96
0.96
0.96
0.96
0.96
0.95
0.95
0.95
0.95
0.96
0.96
0.96
0.96
0.96
0.96
0.96
0.96
0.96
0.96
0.96
0.96
0.96
0.96
0.96
0.96
0.96
0.96
0.96
0.96
0.96
0.96
0.95
0.96
0.95
0.95
0.95
0.95
0.95
0.95
0.95
0.95
0.95
0.95
0.95
0.95
0.94
0.94
0.94
0.94
0.94
0.94
0.94
0.94
0.94
0.95
0.95
0.95
0.95
0.95
0.95
0.95
0.95
0.95
0.95
0.95
0.96
0.96
0.96
0.96
0.95
0.96
0.95
0.95
0.95
0.95
0.95
0.95
0.95
0.95
0.95
0.95
0.95
0.95
0.95
0.95
0.95
0.95
0.95
0.96
0.95
0.96
0.96
0.96
0.96
0.95
0.95
0.95
0.96
0.95
0.95
0.95
0.96
0.96
0.96
0.96
0.96
0.96
0.96
0.96
0.96
0.96
0.96
