78.12
78.12
78.65
79.30
79.38
80.73
79.69
80.08
79.86
80.16
80.40
79.69
79.45
80.02
79.58
79.59
80.06
79.95
80.02
80.47
80.58
80.61
80.64
80.99
81.12
80.95
80.79
80.64
80.66
80.52
80.44
80.47
80.68
80.74
80.71
80.82
80.70
80.51
80.53
80.66
80.60
80.65
80.70
80.50
80.45
80.54
80.42
80.47
80.52
80.59
80.58
80.44
80.54
80.47
80.31
80.39
80.46
80.31
80.38
80.34
80.30
80.32
80.18
80.20
80.24
80.21
80.08
80.03
80.03
80.09
80.06
80.21
80.20
80.22
80.23
80.20
80.19
80.21
80.12
80.10
80.05
80.01
80.05
80.13
80.20
80.23
80.30
80.33
80.44
80.45
80.43
80.43
80.39
80.49
80.51
80.57
80.53
80.53
80.56
80.52
80.52
80.53
80.55
80.59
80.62
80.56
80.55
80.66
80.65
80.60
80.60
80.66
80.61
80.58
80.58
80.59
80.64
80.69
80.70
80.65
80.67
80.71
80.70
80.71
80.69
80.75
80.77
80.76
80.81
80.84
80.86
80.88
80.94
80.97
80.98
81.04
81.01
81.01
81.06
81.05
81.05
81.07
81.10
81.14
81.10
81.11
81.11
81.09
81.12
81.14
81.08
81.11
81.08
81.12
81.14
81.18
81.18
81.23
81.24
81.20
81.19
81.21
81.22
81.21
81.19
81.24
81.25
81.23
81.24
81.26
81.30
81.30
81.29
81.33
81.29
81.28
81.28
81.29
81.28
81.25
81.25
81.25
81.24
81.25
81.29
81.27
81.26
81.23
81.26
81.27
81.27
81.29
81.28
81.31
81.31
81.27
81.29
81.29
81.27
81.27
81.29
81.28
81.26
81.25
81.26
81.27
81.32
81.31
81.31
81.33
81.33
81.35
81.37
81.40
81.40
81.42
81.40
81.41
81.45
81.43
81.41
81.43
81.43
81.41
81.40
81.40
81.44
81.48
81.44
81.45
81.46
81.51
81.52
81.53
81.52
81.53
81.50
81.48
81.48
81.46
81.45
81.40
81.43
81.40
81.40
81.40
81.38
81.39
81.41
81.38
81.36
81.40
81.39
81.39
81.37
81.35
81.37
81.38
81.37
81.39
81.39
81.40
81.36
81.39
81.39
81.42
81.44
81.44
81.41
81.41
81.42
81.44
81.44
81.45
81.47
81.49
81.49
81.52
81.52
81.56
81.56
81.57
81.59
81.61
81.63
81.64
81.67
81.68
81.67
81.68
81.66
81.65
81.67
81.64
81.63
81.64
81.62
81.63
81.65
81.65
81.65
81.65
81.66
81.66
81.68
81.67
81.67
81.67
81.66
81.68
81.70
81.70
81.70
81.69
81.70
81.70
81.70
81.70
81.70
81.68
81.69
81.68
81.68
81.68
81.68
81.68
81.65
81.64
81.64
81.61
81.61
81.59
81.59
81.59
81.60
81.59
81.61
81.61
81.60
81.62
81.63
81.62
81.63
81.63
81.64
81.65
81.66
81.65
81.64
81.64
81.63
81.61
81.60
81.59
81.58
81.60
81.57
81.56
81.56
81.58
81.59
81.57
81.57
81.56
81.57
81.56
81.56
81.56
81.58
81.59
81.60
81.60
81.61
81.61
81.60
81.61
81.62
81.63
81.62
81.62
81.63
81.67
81.69
81.70
81.69
81.68
81.67
81.69
81.70
81.70
81.73
81.74
81.75
81.75
81.75
81.74
81.74
81.73
81.72
81.73
81.72
81.74
81.72
81.73
81.74
81.75
81.76
81.76
81.75
81.75
81.75
81.76
81.75
81.77
81.76
81.77
81.78
81.81
81.81
81.81
81.78
81.79
81.79
81.80
81.78
81.77
81.77
81.75
81.76
81.76
81.75
81.77
81.78
81.76
81.76
81.76
81.76
81.76
81.76
81.76
81.76
81.76
81.77
81.75
81.76
81.76
81.78
81.79
81.80
81.81
81.81
81.82
81.82
81.83
81.83
81.84
81.83
81.84
81.86
81.86
81.83
81.83
81.84
81.85
81.85
81.84
81.84
81.85
81.85
81.86
81.85
81.86
81.87
81.89
81.90
81.92
81.92
81.91
81.91
81.91
81.91
81.91
81.90
81.91
81.87
81.88
81.89
81.91
81.91
81.90
81.91
81.90
81.89
81.90
81.89
81.89
81.87
81.87
81.89
81.89
81.91
81.89
81.89
81.88
81.88
81.89
81.89
81.88
81.88
81.88
81.88
81.88
81.87
81.87
81.87
81.86
81.85
81.86
81.86
81.86
81.86
81.86
81.86
81.87
81.88
81.89
81.88
81.88
81.89
81.88
81.89
81.88
81.88
81.89
81.90
81.91
81.91
81.92
81.93
81.93
81.94
81.94
81.95
81.94
81.96
81.95
81.96
81.97
81.96
81.96
81.96
81.96
81.96
81.95
81.94
81.94
81.95
81.95
81.96
81.95
81.96
81.94
81.94
81.94
81.94
81.94
81.93
81.93
81.91
81.92
81.92
81.93
81.94
81.94
81.94
81.95
81.95
81.95
81.95
81.96
81.95
81.94
81.94
81.93
81.96
81.96
81.96
81.96
81.95
81.95
81.96
81.95
81.96
81.97
81.97
81.97
81.96
81.96
81.95
81.95
81.94
81.94
81.93
81.93
81.93
81.93
81.94
81.93
81.93
81.94
81.96
81.96
81.96
81.96
81.94
81.94
81.94
81.94
81.94
81.94
81.95
81.94
81.94
81.95
81.96
81.94
81.94
81.93
81.93
81.92
81.93
81.93
81.92
81.92
81.91
81.91
81.91
81.90
81.90
81.91
81.90
81.91
81.91
81.90
81.90
81.91
81.90
81.91
81.92
81.93
81.92
81.92
81.94
81.93
81.93
81.93
81.93
81.92
81.93
81.93
81.92
81.92
81.92
81.92
81.93
81.94
81.94
81.94
81.94
81.92
81.93
81.93
81.93
81.92
81.92
81.93
81.92
81.92
81.92
81.93
81.93
81.94
81.94
81.94
81.94
81.93
81.93
81.94
81.93
81.92
81.93
81.93
81.94
81.94
81.93
81.93
81.94
81.92
81.93
81.93
81.92
81.92
81.93
81.93
81.92
81.91
81.92
81.90
81.90
81.90
81.92
81.92
81.92
81.92
81.91
81.90
81.92
81.92
81.92
81.93
81.94
81.94
81.93
81.93
81.92
81.92
81.92
81.92
81.92
81.92
81.92
81.92
81.93
81.93
81.92
81.92
81.92
81.93
81.92
81.93
81.92
81.92
81.92
81.93
81.93
81.93
81.94
81.93
81.93
81.94
81.93
81.94
81.94
81.95
81.96
81.96
81.97
81.98
81.97
81.96
81.95
81.95
81.94
81.95
81.95
81.96
81.95
81.96
81.96
81.97
81.96
81.96
81.97
81.97
81.97
81.97
81.97
81.97
81.98
81.98
81.98
81.90
