0.00
0.00
0.00
0.00
0.00
0.00
0.00
0.00
0.00
0.16
0.14
0.13
0.12
0.11
0.10
0.10
0.28
0.26
0.33
0.31
0.30
0.36
0.34
0.33
0.31
0.30
0.29
0.28
0.27
0.26
0.30
0.29
0.28
0.28
0.27
0.26
0.25
0.25
0.24
0.23
0.30
0.33
0.36
0.36
0.35
0.34
0.33
0.36
0.38
0.41
0.40
0.39
0.38
0.38
0.37
0.39
0.38
0.40
0.42
0.47
0.46
0.45
0.47
0.46
0.46
0.45
0.44
0.44
0.45
0.45
0.51
0.52
0.51
0.51
0.50
0.49
0.51
0.50
0.51
0.51
0.50
0.50
0.51
0.52
0.51
0.53
0.52
0.51
0.51
0.52
0.52
0.51
0.52
0.52
0.51
0.52
0.52
0.51
0.51
0.50
0.50
0.49
0.49
0.48
0.48
0.47
0.48
0.48
0.47
0.47
0.48
0.47
0.47
0.48
0.50
0.50
0.49
0.49
0.49
0.48
0.48
0.50
0.50
0.49
0.50
0.50
0.49
0.49
0.50
0.50
0.50
0.50
0.49
0.49
0.50
0.51
0.50
0.51
0.51
0.50
0.50
0.50
0.49
0.49
0.50
0.49
0.49
0.49
0.48
0.48
0.48
0.47
0.47
0.47
0.46
0.47
0.48
0.48
0.48
0.48
0.48
0.47
0.47
0.48
0.47
0.47
0.48
0.47
0.48
0.49
0.49
0.50
0.51
0.51
0.51
0.51
0.50
0.50
0.50
0.49
0.49
0.49
0.50
0.49
0.49
0.50
0.51
0.51
0.50
0.50
0.50
0.50
0.50
0.51
0.51
0.51
0.52
0.51
0.51
0.51
0.51
0.50
0.50
0.51
0.50
0.50
0.50
0.50
0.49
0.51
0.50
0.51
0.51
0.50
0.50
0.50
0.50
0.50
0.51
0.50
0.50
0.51
0.50
0.50
0.50
0.50
0.50
0.50
0.50
0.50
0.50
0.51
0.51
0.51
0.51
0.50
0.51
0.51
0.52
0.53
0.53
0.52
0.52
0.52
0.52
0.51
0.51
0.51
0.51
0.51
0.52
0.53
0.53
0.54
0.53
0.54
0.54
0.53
0.53
0.53
0.53
0.52
0.53
0.53
0.53
0.53
0.53
0.52
0.52
0.52
0.52
0.52
0.53
0.52
0.52
0.52
0.52
0.52
0.52
0.52
0.52
0.52
0.52
0.52
0.52
0.51
0.51
0.52
0.52
0.52
0.52
0.52
0.52
0.53
0.52
0.52
0.52
0.52
0.52
0.52
0.52
0.52
0.52
0.51
0.51
0.51
0.51
0.51
0.53
0.52
0.52
0.52
0.52
0.53
0.53
0.52
0.52
0.52
0.52
0.52
0.52
0.53
0.53
0.53
0.52
0.52
0.52
0.52
0.52
0.53
0.52
0.52
0.52
0.52
0.52
0.52
0.52
0.52
0.52
0.51
0.51
0.52
0.51
0.51
0.51
0.51
0.51
0.51
0.51
0.50
0.51
0.51
0.51
0.51
0.51
0.50
0.50
0.50
0.50
0.50
0.50
0.50
0.50
0.49
0.50
0.50
0.50
0.50
0.50
0.49
0.49
0.50
0.49
0.49
0.49
0.49
0.49
0.49
0.49
0.49
0.48
0.48
0.48
0.48
0.48
0.48
0.48
0.48
0.47
0.47
0.47
0.47
0.47
0.47
0.47
0.47
0.47
0.47
0.47
0.47
0.47
0.47
0.47
0.48
0.49
0.48
0.48
0.49
0.49
0.49
0.49
0.49
0.49
0.49
0.49
0.49
0.49
0.49
0.48
0.48
0.48
0.48
0.48
0.48
0.48
0.48
0.48
0.48
0.48
0.48
0.48
0.48
0.48
0.48
0.47
0.47
0.48
0.47
0.47
0.47
0.48
0.48
0.48
0.48
0.48
0.48
0.48
0.48
0.48
0.48
0.47
0.47
0.47
0.47
0.47
0.47
0.47
0.47
0.47
0.47
0.47
0.48
0.48
0.48
0.48
0.48
0.48
0.48
0.48
0.48
0.47
0.47
0.47
0.47
0.47
0.47
0.47
0.47
0.47
0.47
0.47
0.47
0.47
0.47
0.47
0.47
0.47
0.47
0.47
0.47
0.47
0.47
0.47
0.47
0.47
0.47
0.47
0.47
0.47
0.47
0.47
0.47
0.47
0.47
0.47
0.47
0.47
0.47
0.47
0.47
0.46
0.46
0.47
0.47
0.46
0.46
0.46
0.46
0.46
0.46
0.46
0.46
0.46
0.46
0.46
0.46
0.46
0.46
0.46
0.46
0.46
0.46
0.46
0.46
0.46
0.45
0.45
0.46
0.46
0.46
0.46
0.46
0.46
0.47
0.46
0.47
0.47
0.47
0.47
0.47
0.47
0.47
0.47
0.47
0.47
0.47
0.47
0.47
0.47
0.47
0.47
0.48
0.47
0.47
0.47
0.47
0.47
0.47
0.47
0.47
0.47
0.47
0.47
0.47
0.47
0.47
0.47
0.47
0.47
0.47
0.47
0.47
0.47
0.47
0.47
0.47
0.47
0.47
0.47
0.47
0.47
0.47
0.47
0.47
0.47
0.47
0.47
0.47
0.46
0.46
0.46
0.46
0.46
0.46
0.46
0.46
0.46
0.46
0.46
0.46
0.46
0.46
0.46
0.46
0.46
0.46
0.46
0.46
0.46
0.46
0.46
0.46
0.46
0.46
0.46
0.46
0.46
0.46
0.45
0.46
0.46
0.45
0.45
0.45
0.45
0.45
0.45
0.45
0.45
0.45
0.45
0.45
0.45
0.46
0.46
0.46
0.46
0.46
0.46
0.46
0.46
0.46
0.46
0.46
0.46
0.46
0.46
0.46
0.46
0.46
0.46
0.46
0.45
0.45
0.45
0.45
0.45
0.45
0.45
0.45
0.45
0.45
0.45
0.45
0.45
0.45
0.45
0.45
0.46
0.45
0.45
0.45
0.45
0.45
0.45
0.45
0.45
0.45
0.45
0.45
0.45
0.45
0.45
0.45
0.45
0.45
0.45
0.45
0.45
0.45
0.45
0.45
0.45
0.45
0.45
0.45
0.45
0.45
0.45
0.45
0.45
0.45
0.45
0.45
0.45
0.45
0.45
0.45
0.45
0.44
0.44
0.44
0.44
0.44
0.44
0.44
0.44
0.44
0.44
0.44
0.44
0.44
0.44
0.44
0.44
0.44
0.44
0.44
0.44
0.44
0.44
0.45
0.45
0.45
0.44
0.45
0.45
0.45
0.45
0.45
0.45
0.46
0.45
0.45
0.45
0.45
0.45
0.46
0.45
0.46
0.46
0.46
0.45
0.45
0.45
0.45
0.45
0.46
0.46
0.46
0.46
0.46
0.46
0.46
0.46
0.46
0.46
0.46
0.46
0.46
0.46
0.46
