76.56
78.12
79.17
78.12
77.50
78.39
79.24
79.10
79.86
79.69
79.97
80.34
80.29
80.02
80.31
80.96
81.34
81.34
81.50
81.56
81.99
81.46
81.32
81.12
81.25
81.25
81.13
81.03
81.03
81.25
81.40
81.64
81.44
81.30
81.34
81.29
81.21
81.29
81.37
81.45
81.48
81.47
81.32
81.21
81.22
81.15
81.22
81.22
81.31
81.47
81.43
81.31
81.22
81.28
81.22
81.22
81.33
81.36
81.38
81.51
81.45
81.45
81.45
81.52
81.44
81.53
81.44
81.39
81.43
81.43
81.45
81.45
81.51
81.55
81.50
81.39
81.37
81.49
81.57
81.56
81.60
81.52
81.53
81.49
81.56
81.60
81.61
81.64
81.69
81.67
81.68
81.57
81.57
81.55
81.53
81.49
81.54
81.54
81.42
81.41
81.36
81.37
81.33
81.33
81.34
81.32
81.29
81.26
81.24
81.18
81.22
81.18
81.19
81.21
81.28
81.21
81.24
81.25
81.32
81.35
81.29
81.25
81.25
81.26
81.28
81.29
81.32
81.31
81.36
81.35
81.36
81.32
81.32
81.35
81.39
81.43
81.48
81.50
81.49
81.53
81.56
81.55
81.59
81.60
81.61
81.65
81.62
81.64
81.64
81.56
81.57
81.60
81.57
81.54
81.54
81.61
81.61
81.62
81.65
81.62
81.63
81.63
81.64
81.67
81.70
81.65
81.66
81.71
81.70
81.69
81.71
81.73
81.74
81.74
81.73
81.74
81.74
81.74
81.72
81.74
81.76
81.79
81.82
81.85
81.85
81.85
81.88
81.85
81.88
81.84
81.85
81.86
81.84
81.85
81.84
81.85
81.86
81.88
81.86
81.82
81.83
81.83
81.83
81.83
81.84
81.85
81.87
81.89
81.91
81.90
81.89
81.86
81.90
81.88
81.90
81.92
81.92
81.95
81.99
82.01
82.01
82.02
82.03
82.01
81.99
81.96
81.95
81.98
81.99
81.97
81.99
81.99
81.98
81.98
82.00
82.00
82.02
81.99
82.00
82.01
82.02
82.02
82.05
82.05
82.07
82.08
82.06
82.05
82.08
82.11
82.10
82.09
82.12
82.12
82.11
82.10
82.10
82.10
82.12
82.13
82.15
82.14
82.16
82.17
82.20
82.20
82.19
82.19
82.17
82.20
82.17
82.19
82.19
82.17
82.18
82.20
82.19
82.17
82.18
82.19
82.20
82.19
82.22
82.24
82.25
82.26
82.26
82.23
82.23
82.24
82.25
82.25
82.25
82.23
82.24
82.23
82.22
82.23
82.22
82.22
82.23
82.26
82.26
82.26
82.26
82.27
82.27
82.28
82.28
82.25
82.25
82.26
82.28
82.27
82.26
82.26
82.29
82.28
82.27
82.26
82.26
82.22
82.23
82.21
82.22
82.24
82.25
82.21
82.22
82.21
82.20
82.24
82.26
82.27
82.28
82.30
82.27
82.28
82.27
82.27
82.26
82.26
82.26
82.24
82.25
82.24
82.21
82.22
82.22
82.22
82.23
82.24
82.24
82.24
82.23
82.23
82.20
82.21
82.23
82.24
82.26
82.27
82.26
82.26
82.27
82.25
82.27
82.28
82.28
82.28
82.30
82.31
82.32
82.32
82.33
82.31
82.32
82.31
82.26
82.25
82.25
82.24
82.21
82.19
82.20
82.21
82.21
82.21
82.20
82.18
82.16
82.15
82.16
82.17
82.18
82.17
82.17
82.15
82.16
82.15
82.16
82.16
82.14
82.14
82.13
82.13
82.13
82.13
82.11
82.11
82.11
82.11
82.12
82.12
82.12
82.11
82.12
82.13
82.13
82.11
82.11
82.09
82.09
82.10
82.09
82.09
82.10
82.10
82.10
82.09
82.08
82.08
82.07
82.07
82.05
82.05
82.05
82.05
82.07
82.07
82.06
82.05
82.07
82.08
82.08
82.08
82.07
82.09
82.10
82.08
82.08
82.07
82.07
82.06
82.05
82.06
82.06
82.06
82.08
82.08
82.08
82.08
82.09
82.09
82.10
82.10
82.09
82.09
82.10
82.09
82.10
82.10
82.10
82.13
82.15
82.14
82.15
82.15
82.15
82.15
82.15
82.15
82.17
82.17
82.17
82.16
82.16
82.15
82.14
82.12
82.11
82.12
82.12
82.10
82.10
82.10
82.11
82.10
82.09
82.08
82.07
82.08
82.09
82.08
82.08
82.08
82.08
82.07
82.06
82.05
82.07
82.07
82.06
82.05
82.05
82.06
82.04
82.04
82.04
82.04
82.05
82.06
82.07
82.06
82.07
82.04
82.04
82.03
82.02
82.04
82.03
82.02
82.02
82.02
82.01
82.01
82.02
82.02
82.02
82.01
82.01
82.00
82.00
81.99
81.99
81.99
82.00
81.99
81.98
81.97
81.98
81.99
82.00
81.98
81.97
81.96
81.96
81.97
81.97
81.98
81.98
81.98
81.99
82.00
81.99
82.00
82.00
82.00
81.99
82.01
82.00
81.98
81.97
81.97
81.96
81.97
81.95
81.97
81.96
81.95
81.95
81.95
81.96
81.95
81.96
81.96
81.96
81.97
81.97
81.97
81.96
81.97
81.97
81.97
81.99
81.99
81.99
81.97
81.97
81.97
81.96
81.97
81.97
81.96
81.95
81.95
81.95
81.96
81.96
81.96
81.96
81.97
81.97
81.97
81.97
81.97
81.97
81.97
81.98
81.98
81.98
81.98
81.98
81.98
81.98
81.99
81.99
81.99
81.98
81.98
81.99
81.99
81.98
81.98
81.97
81.96
81.96
81.96
81.96
81.96
81.96
81.96
81.95
81.95
81.95
81.96
81.97
81.97
81.97
81.96
81.96
81.96
81.97
81.96
81.94
81.94
81.94
81.95
81.95
81.95
81.94
81.96
81.94
81.95
81.95
81.95
81.95
81.94
81.94
81.94
81.94
81.94
81.93
81.93
81.94
81.95
81.95
81.96
81.96
81.96
81.95
81.95
81.95
81.96
81.96
81.95
81.96
81.96
81.96
81.96
81.95
81.95
81.95
81.95
81.95
81.94
81.93
81.94
81.94
81.94
81.94
81.94
81.94
81.94
81.95
81.95
81.97
81.96
81.96
81.96
81.96
81.95
81.95
81.95
81.95
81.96
81.96
81.97
81.96
81.97
81.96
81.96
81.97
81.98
81.99
81.98
81.99
81.99
81.99
81.96
81.96
81.95
81.94
81.94
81.95
81.95
81.95
81.95
81.96
81.97
81.97
81.98
81.99
81.99
81.99
82.00
81.99
82.00
81.99
81.97
81.98
81.98
81.98
81.99
82.00
82.00
81.99
81.99
81.98
81.99
81.98
81.97
81.97
81.97
81.96
81.98
81.98
81.98
81.98
81.98
81.98
81.98
81.98
81.97
81.98
81.99
81.98
81.99
81.98
81.98
81.98
81.90
