82.81
84.38
83.85
83.59
82.19
81.25
81.47
81.45
82.47
82.66
83.52
83.72
84.38
84.60
84.69
84.28
84.38
83.94
84.13
84.06
83.56
83.81
83.49
83.33
83.44
83.23
83.10
83.15
83.19
83.44
83.32
83.50
83.10
83.00
82.99
82.94
82.94
82.81
82.81
82.62
82.62
82.74
82.78
82.67
82.67
82.78
82.81
82.78
82.84
82.75
82.72
82.66
82.75
82.64
82.73
82.65
82.70
82.76
82.65
82.55
82.53
82.56
82.51
82.47
82.40
82.50
82.58
82.56
82.59
82.63
82.59
82.53
82.53
82.62
82.65
82.57
82.67
82.67
82.65
82.60
82.62
82.66
82.61
82.66
82.68
82.63
82.56
82.42
82.37
82.36
82.37
82.25
82.22
82.26
82.19
82.19
82.10
81.98
81.99
82.00
82.05
82.08
82.07
82.11
82.11
82.13
82.14
82.07
82.14
82.03
82.08
82.11
82.19
82.09
82.04
82.03
82.06
82.04
82.09
82.14
82.13
82.10
82.11
82.13
82.15
82.20
82.19
82.19
82.22
82.24
82.18
82.19
82.20
82.18
82.18
82.13
82.12
82.05
82.07
82.04
82.10
82.15
82.19
82.24
82.24
82.26
82.24
82.24
82.32
82.38
82.34
82.37
82.36
82.33
82.29
82.32
82.35
82.35
82.31
82.29
82.24
82.26
82.27
82.28
82.34
82.33
82.36
82.33
82.32
82.36
82.38
82.38
82.34
82.35
82.38
82.39
82.39
82.36
82.37
82.36
82.35
82.37
82.37
82.35
82.34
82.33
82.37
82.36
82.41
82.38
82.41
82.39
82.33
82.35
82.36
82.33
82.30
82.26
82.26
82.25
82.25
82.22
82.24
82.28
82.29
82.28
82.27
82.27
82.24
82.22
82.26
82.27
82.31
82.26
82.26
82.26
82.29
82.27
82.28
82.26
82.21
82.20
82.23
82.24
82.25
82.27
82.30
82.30
82.29
82.30
82.29
82.31
82.33
82.32
82.35
82.34
82.32
82.27
82.28
82.32
82.33
82.30
82.27
82.27
82.25
82.26
82.23
82.24
82.24
82.26
82.26
82.30
82.31
82.31
82.29
82.28
82.30
82.27
82.29
82.30
82.28
82.27
82.27
82.25
82.25
82.25
82.22
82.25
82.23
82.23
82.24
82.23
82.25
82.27
82.27
82.26
82.25
82.26
82.26
82.24
82.25
82.25
82.26
82.27
82.29
82.29
82.29
82.31
82.31
82.34
82.33
82.33
82.36
82.36
82.37
82.37
82.35
82.35
82.38
82.40
82.41
82.43
82.44
82.44
82.44
82.42
82.46
82.44
82.41
82.43
82.42
82.43
82.43
82.40
82.37
82.35
82.36
82.37
82.35
82.34
82.33
82.32
82.33
82.33
82.30
82.29
82.27
82.27
82.27
82.23
82.22
82.23
82.22
82.22
82.20
82.19
82.19
82.19
82.19
82.20
82.19
82.19
82.18
82.18
82.15
82.14
82.13
82.13
82.12
82.14
82.15
82.14
82.15
82.15
82.14
82.14
82.13
82.13
82.12
82.11
82.11
82.12
82.12
82.10
82.09
82.10
82.09
82.10
82.08
82.09
82.10
82.10
82.08
82.07
82.07
82.08
82.07
82.06
82.07
82.06
82.07
82.06
82.07
82.06
82.07
82.07
82.08
82.10
82.10
82.10
82.09
82.10
82.08
82.09
82.09
82.08
82.10
82.10
82.08
82.07
82.08
82.11
82.10
82.10
82.09
82.11
82.10
82.12
82.11
82.09
82.10
82.09
82.10
82.10
82.11
82.11
82.12
82.12
82.13
82.12
82.10
82.12
82.11
82.11
82.12
82.14
82.12
82.10
82.08
82.08
82.09
82.09
82.09
82.10
82.12
82.12
82.12
82.12
82.13
82.13
82.12
82.12
82.11
82.12
82.12
82.13
82.16
82.16
82.15
82.17
82.18
82.17
82.18
82.18
82.19
82.20
82.20
82.19
82.19
82.19
82.17
82.17
82.18
82.17
82.17
82.19
82.17
82.15
82.15
82.16
82.17
82.16
82.17
82.17
82.17
82.18
82.18
82.18
82.19
82.18
82.17
82.18
82.17
82.17
82.18
82.18
82.18
82.18
82.18
82.19
82.20
82.19
82.19
82.19
82.17
82.18
82.18
82.18
82.18
82.17
82.18
82.18
82.19
82.19
82.18
82.19
82.17
82.16
82.15
82.15
82.16
82.18
82.17
82.16
82.17
82.17
82.19
82.20
82.20
82.19
82.20
82.20
82.20
82.19
82.18
82.17
82.19
82.20
82.20
82.20
82.19
82.20
82.18
82.18
82.18
82.18
82.19
82.20
82.21
82.21
82.21
82.20
82.20
82.20
82.19
82.18
82.18
82.19
82.18
82.17
82.17
82.16
82.16
82.18
82.18
82.17
82.16
82.17
82.16
82.16
82.16
82.16
82.15
82.15
82.17
82.17
82.18
82.18
82.17
82.17
82.17
82.17
82.17
82.18
82.17
82.18
82.19
82.20
82.20
82.19
82.18
82.19
82.19
82.19
82.17
82.17
82.16
82.16
82.18
82.17
82.17
82.16
82.15
82.14
82.14
82.14
82.13
82.14
82.14
82.14
82.13
82.14
82.12
82.12
82.14
82.14
82.14
82.13
82.13
82.13
82.14
82.15
82.15
82.14
82.14
82.14
82.13
82.13
82.13
82.13
82.12
82.12
82.11
82.12
82.12
82.12
82.13
82.13
82.14
82.15
82.16
82.16
82.15
82.15
82.15
82.15
82.14
82.14
82.15
82.15
82.16
82.16
82.16
82.17
82.17
82.17
82.17
82.19
82.18
82.18
82.19
82.19
82.19
82.18
82.18
82.19
82.20
82.20
82.20
82.20
82.19
82.20
82.20
82.19
82.18
82.18
82.18
82.19
82.19
82.19
82.20
82.20
82.20
82.20
82.19
82.18
82.18
82.18
82.18
82.17
82.18
82.18
82.18
82.19
82.19
82.21
82.21
82.22
82.20
82.20
82.19
82.21
82.21
82.20
82.21
82.20
82.20
82.19
82.19
82.18
82.18
82.18
82.18
82.18
82.19
82.19
82.18
82.19
82.19
82.19
82.19
82.19
82.18
82.18
82.18
82.19
82.18
82.18
82.17
82.18
82.17
82.17
82.18
82.19
82.17
82.17
82.17
82.17
82.17
82.16
82.14
82.14
82.14
82.14
82.13
82.12
82.13
82.12
82.12
82.12
82.12
82.13
82.13
82.12
82.12
82.13
82.12
82.12
82.13
82.14
82.13
82.12
82.12
82.11
82.12
82.12
82.12
82.13
82.13
82.13
82.12
82.13
82.12
82.12
82.12
82.11
82.12
82.12
82.12
82.12
82.12
82.12
82.11
82.12
82.12
82.11
82.11
82.11
82.11
82.12
82.11
82.03
