79.69
81.25
82.81
82.03
82.19
81.51
81.47
81.64
81.60
81.72
81.82
81.64
81.97
82.03
82.19
81.93
81.80
81.94
82.24
82.19
82.29
82.32
82.20
82.23
82.19
82.45
82.81
82.81
82.27
82.19
82.31
82.13
82.20
82.26
82.32
82.42
82.43
82.52
82.45
82.38
82.32
82.44
82.70
82.78
82.78
82.98
83.05
83.11
83.10
83.19
83.30
83.32
83.37
83.48
83.38
83.31
83.36
83.35
83.50
83.23
83.25
83.27
83.36
83.28
83.17
83.26
83.19
83.18
83.13
83.06
82.86
82.81
82.79
82.77
82.79
82.81
82.75
82.73
82.65
82.64
82.66
82.60
82.68
82.63
82.61
82.63
82.63
82.62
82.64
82.69
82.69
82.69
82.71
82.76
82.80
82.83
82.84
82.84
82.80
82.80
82.84
82.87
82.83
82.87
82.81
82.80
82.72
82.67
82.68
82.71
82.77
82.85
82.84
82.80
82.84
82.77
82.75
82.69
82.73
82.75
82.67
82.62
82.62
82.60
82.57
82.56
82.57
82.53
82.49
82.46
82.44
82.41
82.44
82.42
82.43
82.39
82.36
82.36
82.33
82.28
82.24
82.21
82.23
82.22
82.19
82.17
82.20
82.22
82.23
82.20
82.16
82.16
82.22
82.21
82.21
82.22
82.23
82.17
82.14
82.13
82.16
82.19
82.24
82.28
82.22
82.17
82.14
82.16
82.21
82.25
82.26
82.22
82.17
82.19
82.21
82.16
82.19
82.21
82.21
82.20
82.23
82.25
82.21
82.19
82.21
82.22
82.19
82.17
82.16
82.15
82.13
82.12
82.10
82.09
82.06
82.10
82.08
82.09
82.09
82.09
82.10
82.10
82.08
82.10
82.11
82.15
82.11
82.09
82.09
82.12
82.16
82.17
82.20
82.21
82.19
82.19
82.14
82.15
82.18
82.18
82.20
82.19
82.15
82.14
82.12
82.15
82.14
82.16
82.14
82.13
82.12
82.13
82.14
82.12
82.10
82.13
82.10
82.10
82.12
82.14
82.15
82.11
82.11
82.11
82.14
82.14
82.12
82.13
82.16
82.19
82.17
82.17
82.20
82.20
82.20
82.18
82.16
82.16
82.13
82.11
82.11
82.13
82.15
82.17
82.15
82.15
82.14
82.13
82.13
82.08
82.10
82.07
82.10
82.13
82.11
82.12
82.12
82.11
82.14
82.14
82.13
82.15
82.13
82.15
82.14
82.14
82.15
82.07
82.07
82.05
82.04
82.03
82.01
82.00
82.02
82.04
82.01
81.99
81.97
81.97
81.99
81.98
81.96
81.97
81.98
81.98
81.93
81.90
81.88
81.89
81.89
81.89
81.89
81.88
81.89
81.88
81.89
81.90
81.90
81.89
81.88
81.87
81.88
81.89
81.90
81.90
81.90
81.91
81.90
81.91
81.92
81.89
81.83
81.83
81.82
81.84
81.83
81.83
81.82
81.80
81.80
81.78
81.77
81.78
81.78
81.77
81.76
81.76
81.76
81.74
81.74
81.73
81.74
81.75
81.77
81.79
81.79
81.79
81.79
81.77
81.78
81.79
81.78
81.75
81.76
81.76
81.77
81.77
81.78
81.79
81.79
81.78
81.78
81.75
81.75
81.74
81.74
81.73
81.74
81.76
81.75
81.74
81.74
81.73
81.70
81.69
81.71
81.73
81.74
81.75
81.75
81.73
81.73
81.74
81.73
81.72
81.71
81.71
81.72
81.71
81.70
81.72
81.73
81.74
81.76
81.77
81.76
81.75
81.73
81.73
81.74
81.74
81.73
81.74
81.74
81.74
81.74
81.75
81.76
81.75
81.76
81.76
81.76
81.74
81.72
81.70
81.72
81.72
81.72
81.71
81.69
81.67
81.66
81.66
81.66
81.66
81.66
81.65
81.65
81.65
81.66
81.65
81.66
81.66
81.66
81.68
81.66
81.65
81.64
81.65
81.64
81.64
81.64
81.64
81.62
81.62
81.62
81.64
81.62
81.62
81.62
81.64
81.64
81.64
81.64
81.65
81.65
81.66
81.67
81.67
81.68
81.66
81.66
81.64
81.65
81.64
81.66
81.65
81.66
81.66
81.66
81.67
81.69
81.68
81.68
81.69
81.70
81.71
81.71
81.71
81.73
81.73
81.73
81.74
81.74
81.75
81.75
81.74
81.74
81.74
81.74
81.74
81.75
81.74
81.75
81.77
81.77
81.77
81.77
81.79
81.79
81.78
81.78
81.77
81.79
81.76
81.78
81.77
81.79
81.80
81.80
81.79
81.79
81.80
81.78
81.78
81.78
81.78
81.80
81.82
81.82
81.81
81.82
81.81
81.83
81.83
81.83
81.83
81.83
81.82
81.82
81.83
81.81
81.82
81.82
81.77
81.78
81.79
81.79
81.78
81.79
81.79
81.79
81.78
81.78
81.80
81.78
81.78
81.77
81.78
81.78
81.78
81.79
81.80
81.82
81.82
81.80
81.81
81.81
81.81
81.81
81.81
81.81
81.81
81.80
81.81
81.81
81.81
81.81
81.81
81.81
81.81
81.82
81.83
81.82
81.83
81.82
81.82
81.83
81.84
81.84
81.84
81.85
81.86
81.85
81.85
81.85
81.86
81.87
81.87
81.87
81.87
81.88
81.88
81.87
81.86
81.87
81.85
81.85
81.84
81.84
81.84
81.85
81.84
81.83
81.84
81.83
81.83
81.84
81.84
81.84
81.84
81.84
81.84
81.84
81.85
81.84
81.84
81.84
81.83
81.84
81.85
81.86
81.85
81.85
81.86
81.85
81.85
81.85
81.85
81.85
81.84
81.85
81.86
81.87
81.87
81.87
81.87
81.89
81.87
81.86
81.86
81.86
81.86
81.86
81.86
81.86
81.85
81.85
81.85
81.84
81.85
81.85
81.83
81.84
81.84
81.84
81.83
81.83
81.83
81.83
81.83
81.83
81.84
81.84
81.83
81.83
81.83
81.83
81.83
81.84
81.83
81.82
81.83
81.83
81.83
81.84
81.83
81.84
81.84
81.82
81.82
81.83
81.84
81.84
81.84
81.83
81.82
81.83
81.84
81.85
81.86
81.86
81.85
81.83
81.83
81.83
81.82
81.82
81.81
81.80
81.79
81.79
81.79
81.79
81.79
81.77
81.78
81.77
81.77
81.78
81.78
81.78
81.79
81.79
81.77
81.78
81.77
81.78
81.78
81.78
81.78
81.78
81.77
81.78
81.79
81.78
81.79
81.80
81.80
81.80
81.81
81.81
81.82
81.81
81.82
81.82
81.81
81.82
81.82
81.82
81.82
81.81
81.80
81.80
81.81
81.81
81.81
81.81
81.81
81.81
81.81
81.81
81.81
81.82
81.81
81.82
81.82
81.83
81.84
81.83
81.82
81.81
81.82
81.81
81.82
81.81
81.81
81.82
81.81
81.82
81.75
