85.94
86.72
82.29
80.86
81.25
81.51
83.04
83.01
82.64
82.34
82.53
82.29
82.21
82.37
82.71
82.42
81.89
82.20
82.81
82.89
82.44
82.32
82.13
82.10
82.31
82.09
82.29
82.48
82.44
82.24
82.21
82.32
82.24
82.40
82.23
82.20
82.43
82.48
82.73
82.73
82.74
82.78
82.99
82.88
82.81
82.91
82.88
82.71
82.62
82.66
82.60
82.63
82.67
82.52
82.56
82.56
82.62
82.70
82.81
82.66
82.66
82.66
82.74
82.64
82.57
82.48
82.46
82.44
82.50
82.39
82.37
82.36
82.43
82.41
82.35
82.38
82.28
82.33
82.34
82.25
82.23
82.22
82.21
82.12
82.08
82.12
82.15
82.07
82.08
82.05
82.02
82.03
82.07
82.11
82.17
82.18
82.20
82.29
82.32
82.31
82.36
82.38
82.39
82.42
82.34
82.30
82.29
82.25
82.34
82.36
82.38
82.39
82.43
82.46
82.54
82.60
82.52
82.56
82.51
82.49
82.50
82.51
82.55
82.55
82.56
82.55
82.59
82.59
82.59
82.56
82.53
82.47
82.46
82.49
82.47
82.49
82.48
82.46
82.45
82.44
82.42
82.35
82.33
82.27
82.20
82.22
82.19
82.16
82.14
82.16
82.14
82.15
82.16
82.16
82.11
82.11
82.09
82.05
82.04
82.04
82.03
81.98
81.95
81.93
81.88
81.84
81.85
81.80
81.78
81.80
81.74
81.72
81.70
81.69
81.69
81.67
81.64
81.62
81.65
81.61
81.60
81.59
81.60
81.61
81.60
81.64
81.63
81.66
81.59
81.60
81.61
81.59
81.66
81.69
81.69
81.70
81.66
81.65
81.63
81.65
81.65
81.65
81.63
81.65
81.66
81.71
81.70
81.68
81.66
81.66
81.65
81.66
81.61
81.56
81.56
81.55
81.52
81.52
81.54
81.57
81.56
81.59
81.61
81.58
81.57
81.53
81.57
81.57
81.53
81.55
81.53
81.50
81.52
81.51
81.53
81.53
81.57
81.56
81.53
81.52
81.57
81.56
81.57
81.56
81.55
81.54
81.53
81.54
81.54
81.54
81.53
81.55
81.52
81.51
81.54
81.54
81.54
81.56
81.58
81.61
81.60
81.58
81.58
81.58
81.57
81.57
81.56
81.57
81.55
81.53
81.54
81.53
81.55
81.53
81.54
81.53
81.53
81.53
81.54
81.55
81.53
81.52
81.50
81.51
81.54
81.51
81.51
81.53
81.54
81.52
81.51
81.53
81.51
81.52
81.53
81.55
81.53
81.55
81.57
81.58
81.60
81.62
81.63
81.60
81.60
81.61
81.63
81.65
81.63
81.66
81.66
81.67
81.67
81.68
81.68
81.70
81.71
81.70
81.69
81.69
81.69
81.70
81.72
81.69
81.72
81.73
81.73
81.73
81.73
81.74
81.74
81.74
81.71
81.70
81.71
81.70
81.70
81.73
81.74
81.74
81.72
81.73
81.73
81.73
81.73
81.73
81.74
81.73
81.69
81.71
81.72
81.72
81.70
81.70
81.70
81.70
81.71
81.73
81.74
81.75
81.75
81.74
81.72
81.71
81.71
81.70
81.70
81.70
81.69
81.66
81.64
81.65
81.66
81.67
81.67
81.65
81.66
81.64
81.64
81.64
81.63
81.63
81.62
81.60
81.60
81.61
81.61
81.60
81.62
81.63
81.62
81.60
81.60
81.59
81.58
81.59
81.60
81.61
81.60
81.60
81.61
81.61
81.61
81.61
81.60
81.61
81.61
81.59
81.61
81.62
81.64
81.64
81.62
81.60
81.62
81.63
81.63
81.62
81.62
81.63
81.64
81.65
81.65
81.63
81.62
81.62
81.62
81.64
81.65
81.65
81.65
81.65
81.64
81.64
81.63
81.64
81.64
81.62
81.63
81.63
81.61
81.60
81.59
81.57
81.57
81.57
81.57
81.58
81.58
81.58
81.59
81.60
81.59
81.58
81.57
81.57
81.57
81.56
81.56
81.57
81.56
81.55
81.56
81.56
81.57
81.58
81.57
81.57
81.57
81.56
81.57
81.57
81.57
81.58
81.58
81.57
81.58
81.58
81.59
81.60
81.60
81.61
81.60
81.61
81.61
81.62
81.62
81.62
81.62
81.63
81.62
81.61
81.60
81.59
81.57
81.57
81.59
81.60
81.59
81.60
81.59
81.60
81.60
81.60
81.57
81.58
81.59
81.58
81.59
81.60
81.58
81.60
81.59
81.59
81.57
81.58
81.58
81.58
81.57
81.56
81.56
81.56
81.57
81.57
81.56
81.55
81.54
81.54
81.53
81.54
81.56
81.58
81.58
81.58
81.58
81.57
81.56
81.56
81.57
81.57
81.55
81.56
81.54
81.54
81.54
81.55
81.54
81.53
81.52
81.52
81.51
81.52
81.51
81.50
81.49
81.50
81.50
81.48
81.49
81.50
81.51
81.50
81.48
81.48
81.49
81.48
81.48
81.46
81.47
81.47
81.48
81.48
81.49
81.49
81.49
81.49
81.49
81.49
81.49
81.50
81.49
81.49
81.49
81.50
81.50
81.52
81.51
81.52
81.52
81.54
81.53
81.53
81.54
81.54
81.55
81.56
81.57
81.58
81.59
81.60
81.60
81.62
81.62
81.61
81.61
81.62
81.61
81.61
81.61
81.61
81.62
81.62
81.62
81.61
81.61
81.62
81.62
81.63
81.64
81.64
81.63
81.63
81.64
81.65
81.66
81.65
81.66
81.66
81.67
81.67
81.67
81.68
81.68
81.68
81.67
81.68
81.68
81.69
81.68
81.67
81.67
81.67
81.66
81.67
81.68
81.70
81.70
81.69
81.69
81.70
81.70
81.70
81.71
81.72
81.72
81.73
81.72
81.73
81.72
81.73
81.73
81.72
81.74
81.73
81.72
81.72
81.71
81.71
81.71
81.71
81.71
81.72
81.72
81.72
81.73
81.74
81.74
81.75
81.75
81.75
81.74
81.74
81.75
81.76
81.75
81.74
81.74
81.74
81.74
81.74
81.73
81.73
81.75
81.75
81.75
81.75
81.75
81.76
81.76
81.75
81.74
81.74
81.75
81.74
81.74
81.74
81.75
81.74
81.75
81.76
81.75
81.75
81.75
81.74
81.73
81.73
81.72
81.73
81.73
81.74
81.75
81.75
81.75
81.74
81.75
81.75
81.75
81.74
81.75
81.75
81.74
81.74
81.74
81.73
81.72
81.72
81.72
81.71
81.70
81.70
81.69
81.69
81.70
81.70
81.69
81.70
81.71
81.71
81.71
81.71
81.72
81.73
81.73
81.74
81.74
81.74
81.74
81.73
81.73
81.74
81.74
81.74
81.75
81.75
81.75
81.75
81.74
81.75
81.76
81.77
81.76
81.76
81.76
81.75
81.74
81.74
81.72
81.73
81.72
81.72
81.72
81.65
