78.12
82.03
83.85
82.03
82.19
81.25
81.25
82.42
81.60
81.72
82.24
81.77
82.09
81.92
82.08
82.23
82.54
82.64
82.40
82.58
82.81
82.81
82.95
83.01
82.88
83.05
83.22
83.09
83.03
83.02
83.01
82.86
82.67
82.67
82.54
82.38
82.39
82.57
82.49
82.46
82.36
82.44
82.34
82.49
82.53
82.44
82.35
82.32
82.43
82.31
82.38
82.36
82.52
82.52
82.41
82.25
82.21
82.25
82.23
82.24
82.27
82.18
82.32
82.35
82.45
82.29
82.30
82.10
82.04
81.99
81.93
81.90
81.98
81.82
81.88
81.89
81.92
81.95
81.92
81.95
82.02
81.96
81.98
81.98
82.08
82.07
82.02
82.07
81.99
81.93
81.94
81.76
81.72
81.73
81.84
81.87
81.93
81.92
81.96
81.97
81.88
81.86
81.89
81.81
81.83
81.85
81.82
81.74
81.68
81.68
81.64
81.65
81.55
81.51
81.45
81.43
81.40
81.37
81.32
81.32
81.34
81.28
81.21
81.24
81.26
81.20
81.21
81.24
81.26
81.30
81.32
81.33
81.34
81.35
81.40
81.43
81.39
81.40
81.35
81.36
81.34
81.33
81.35
81.37
81.38
81.38
81.40
81.37
81.40
81.43
81.42
81.44
81.45
81.49
81.49
81.51
81.57
81.59
81.60
81.62
81.69
81.66
81.70
81.68
81.69
81.67
81.67
81.66
81.67
81.70
81.71
81.70
81.71
81.73
81.78
81.79
81.80
81.76
81.77
81.81
81.86
81.87
81.84
81.85
81.83
81.81
81.77
81.75
81.71
81.74
81.75
81.75
81.78
81.78
81.80
81.78
81.75
81.70
81.69
81.67
81.67
81.69
81.66
81.67
81.62
81.61
81.60
81.60
81.64
81.62
81.61
81.60
81.59
81.59
81.57
81.57
81.60
81.61
81.64
81.62
81.63
81.62
81.64
81.67
81.62
81.62
81.64
81.64
81.60
81.64
81.64
81.67
81.67
81.68
81.66
81.65
81.65
81.64
81.63
81.61
81.65
81.64
81.66
81.67
81.68
81.67
81.71
81.69
81.72
81.74
81.74
81.73
81.74
81.78
81.73
81.74
81.73
81.71
81.71
81.73
81.70
81.72
81.71
81.73
81.73
81.71
81.71
81.70
81.71
81.74
81.73
81.72
81.72
81.75
81.73
81.74
81.70
81.71
81.73
81.74
81.72
81.70
81.70
81.70
81.68
81.68
81.71
81.71
81.70
81.73
81.73
81.74
81.77
81.77
81.76
81.78
81.78
81.76
81.75
81.74
81.77
81.76
81.73
81.75
81.77
81.77
81.79
81.77
81.78
81.80
81.79
81.81
81.83
81.86
81.87
81.88
81.89
81.86
81.85
81.86
81.84
81.85
81.85
81.83
81.84
81.86
81.87
81.89
81.89
81.86
81.86
81.87
81.87
81.88
81.87
81.85
81.86
81.88
81.87
81.87
81.88
81.87
81.85
81.83
81.79
81.80
81.79
81.82
81.84
81.84
81.85
81.86
81.86
81.86
81.88
81.89
81.91
81.88
81.87
81.86
81.85
81.85
81.84
81.80
81.80
81.79
81.79
81.77
81.76
81.75
81.77
81.78
81.81
81.81
81.82
81.82
81.81
81.81
81.83
81.82
81.82
81.81
81.83
81.82
81.81
81.80
81.80
81.81
81.78
81.80
81.79
81.78
81.79
81.80
81.80
81.78
81.75
81.74
81.72
81.73
81.74
81.73
81.75
81.75
81.74
81.75
81.75
81.74
81.71
81.72
81.74
81.73
81.75
81.76
81.77
81.76
81.76
81.76
81.75
81.76
81.73
81.73
81.74
81.75
81.76
81.76
81.77
81.76
81.78
81.77
81.79
81.80
81.79
81.80
81.80
81.79
81.80
81.79
81.81
81.81
81.81
81.82
81.84
81.85
81.86
81.86
81.86
81.85
81.85
81.85
81.86
81.87
81.87
81.88
81.87
81.88
81.88
81.86
81.87
81.88
81.89
81.89
81.91
81.91
81.92
81.90
81.90
81.90
81.90
81.89
81.88
81.87
81.89
81.87
81.88
81.87
81.85
81.86
81.86
81.87
81.87
81.88
81.88
81.90
81.91
81.90
81.89
81.89
81.90
81.90
81.90
81.89
81.90
81.89
81.89
81.91
81.92
81.92
81.90
81.92
81.92
81.91
81.91
81.91
81.92
81.93
81.94
81.95
81.95
81.97
81.97
81.96
81.95
81.96
81.95
81.96
81.96
81.96
81.95
81.95
81.94
81.94
81.94
81.93
81.93
81.93
81.92
81.93
81.94
81.95
81.94
81.93
81.94
81.93
81.92
81.91
81.92
81.94
81.94
81.93
81.93
81.94
81.93
81.93
81.94
81.94
81.93
81.92
81.93
81.94
81.93
81.92
81.93
81.93
81.94
81.94
81.93
81.93
81.93
81.93
81.94
81.93
81.93
81.93
81.92
81.93
81.95
81.95
81.96
81.97
81.96
81.97
81.97
81.97
81.98
81.98
81.99
82.00
82.00
82.00
82.01
82.01
82.00
82.00
82.00
82.00
82.00
82.00
82.00
81.99
82.00
81.99
81.99
81.99
82.00
81.98
81.99
81.99
81.96
81.97
81.98
81.98
81.99
81.99
81.99
81.97
81.97
81.98
82.00
81.99
81.99
81.98
81.99
82.00
81.99
81.99
81.98
81.98
81.98
81.98
81.96
81.96
81.95
81.96
81.96
81.95
81.97
81.95
81.95
81.95
81.95
81.95
81.95
81.94
81.94
81.93
81.93
81.93
81.93
81.94
81.94
81.93
81.93
81.93
81.93
81.93
81.94
81.95
81.96
81.95
81.93
81.92
81.92
81.93
81.93
81.92
81.92
81.91
81.91
81.91
81.90
81.90
81.89
81.89
81.91
81.93
81.92
81.91
81.91
81.91
81.92
81.93
81.94
81.93
81.93
81.93
81.93
81.93
81.92
81.93
81.93
81.94
81.95
81.96
81.96
81.97
81.97
81.98
81.98
81.98
81.97
81.97
81.98
81.98
81.99
81.99
81.99
81.98
81.97
81.97
81.96
81.97
81.97
81.97
81.96
81.96
81.95
81.95
81.95
81.95
81.95
81.95
81.96
81.96
81.97
81.96
81.97
81.96
81.95
81.95
81.94
81.95
81.95
81.95
81.95
81.95
81.95
81.95
81.95
81.95
81.95
81.95
81.95
81.95
81.95
81.97
81.96
81.97
81.97
81.96
81.97
81.97
81.97
81.97
81.97
81.97
81.96
81.97
81.97
81.98
81.98
81.97
81.97
81.98
81.98
81.98
81.98
81.98
81.98
81.97
81.97
81.98
81.97
81.99
81.99
81.99
81.99
81.99
81.99
81.98
81.98
81.98
81.97
81.97
81.97
81.96
81.96
81.97
81.96
81.96
81.96
81.89
