79.69
76.56
78.65
80.47
80.31
79.69
79.91
80.66
81.94
82.34
81.39
82.03
81.25
80.25
80.21
80.57
80.97
80.73
80.92
81.02
80.58
80.47
80.50
80.60
80.56
80.41
80.73
80.58
80.66
80.73
80.80
80.66
80.78
80.88
80.98
80.95
80.79
80.96
81.05
81.29
81.21
81.32
81.21
81.25
81.15
81.15
81.25
81.38
81.31
81.34
81.22
81.28
81.16
81.02
80.91
81.03
81.00
81.01
81.09
81.12
81.28
81.40
81.35
81.40
81.39
81.25
81.32
81.41
81.39
81.43
81.38
81.40
81.44
81.50
81.52
81.54
81.57
81.63
81.53
81.50
81.54
81.52
81.33
81.34
81.29
81.30
81.38
81.41
81.39
81.42
81.40
81.42
81.40
81.43
81.43
81.48
81.48
81.54
81.49
81.42
81.42
81.43
81.51
81.58
81.56
81.62
81.63
81.67
81.68
81.66
81.76
81.70
81.73
81.83
81.89
81.86
81.89
81.89
81.92
81.91
81.86
81.83
81.75
81.80
81.76
81.80
81.83
81.76
81.77
81.77
81.83
81.77
81.77
81.74
81.68
81.65
81.67
81.69
81.62
81.64
81.67
81.67
81.70
81.62
81.58
81.59
81.56
81.57
81.59
81.56
81.52
81.54
81.55
81.56
81.59
81.63
81.65
81.66
81.71
81.75
81.82
81.81
81.83
81.84
81.83
81.84
81.85
81.86
81.86
81.87
81.84
81.81
81.83
81.82
81.84
81.81
81.81
81.82
81.83
81.88
81.86
81.89
81.90
81.90
81.89
81.89
81.93
81.91
81.89
81.89
81.86
81.84
81.87
81.88
81.88
81.89
81.88
81.91
81.94
81.96
81.97
81.98
81.97
81.97
81.89
81.83
81.82
81.83
81.80
81.79
81.81
81.80
81.79
81.79
81.83
81.86
81.87
81.88
81.84
81.83
81.84
81.85
81.85
81.87
81.89
81.89
81.92
81.91
81.94
81.95
81.93
81.91
81.91
81.86
81.87
81.90
81.90
81.92
81.93
81.91
81.89
81.90
81.87
81.90
81.89
81.85
81.84
81.83
81.83
81.86
81.87
81.85
81.86
81.82
81.81
81.84
81.77
81.77
81.78
81.78
81.75
81.76
81.73
81.74
81.72
81.71
81.71
81.72
81.74
81.74
81.71
81.73
81.67
81.66
81.67
81.67
81.67
81.67
81.68
81.71
81.72
81.73
81.74
81.71
81.71
81.70
81.68
81.68
81.71
81.70
81.70
81.70
81.69
81.68
81.69
81.66
81.64
81.66
81.68
81.69
81.68
81.68
81.66
81.67
81.70
81.70
81.73
81.74
81.75
81.76
81.78
81.78
81.78
81.76
81.78
81.78
81.77
81.78
81.77
81.76
81.77
81.76
81.78
81.80
81.79
81.79
81.77
81.79
81.79
81.79
81.77
81.76
81.77
81.77
81.77
81.78
81.77
81.77
81.76
81.76
81.77
81.79
81.78
81.77
81.78
81.79
81.77
81.76
81.77
81.78
81.78
81.77
81.77
81.76
81.72
81.72
81.72
81.73
81.73
81.72
81.69
81.69
81.68
81.67
81.68
81.68
81.68
81.67
81.67
81.66
81.66
81.67
81.67
81.66
81.65
81.66
81.64
81.67
81.70
81.70
81.71
81.71
81.71
81.71
81.72
81.72
81.72
81.73
81.72
81.74
81.74
81.73
81.74
81.76
81.74
81.72
81.71
81.73
81.76
81.75
81.75
81.76
81.76
81.78
81.78
81.78
81.79
81.77
81.78
81.76
81.75
81.75
81.75
81.74
81.76
81.76
81.75
81.75
81.75
81.75
81.73
81.75
81.73
81.74
81.74
81.73
81.75
81.74
81.74
81.72
81.71
81.72
81.73
81.74
81.76
81.77
81.76
81.76
81.76
81.76
81.77
81.77
81.78
81.76
81.76
81.76
81.75
81.76
81.76
81.75
81.76
81.78
81.78
81.76
81.76
81.76
81.76
81.76
81.77
81.76
81.76
81.77
81.77
81.77
81.75
81.75
81.76
81.79
81.80
81.79
81.78
81.77
81.78
81.77
81.79
81.79
81.80
81.82
81.81
81.81
81.80
81.81
81.79
81.79
81.81
81.80
81.80
81.79
81.81
81.80
81.80
81.80
81.80
81.81
81.80
81.82
81.82
81.82
81.80
81.81
81.81
81.82
81.82
81.80
81.82
81.83
81.84
81.86
81.86
81.85
81.85
81.84
81.85
81.84
81.82
81.83
81.84
81.84
81.85
81.84
81.85
81.85
81.85
81.86
81.85
81.86
81.85
81.84
81.84
81.85
81.84
81.86
81.88
81.89
81.89
81.89
81.88
81.89
81.90
81.88
81.88
81.89
81.88
81.88
81.89
81.89
81.90
81.90
81.89
81.89
81.89
81.88
81.88
81.88
81.89
81.89
81.89
81.89
81.89
81.90
81.91
81.92
81.91
81.91
81.90
81.91
81.89
81.90
81.92
81.92
81.91
81.91
81.90
81.90
81.91
81.91
81.92
81.92
81.92
81.93
81.93
81.94
81.94
81.95
81.95
81.95
81.93
81.94
81.94
81.91
81.92
81.91
81.92
81.92
81.91
81.92
81.91
81.92
81.92
81.91
81.92
81.91
81.92
81.91
81.90
81.89
81.88
81.88
81.89
81.90
81.89
81.90
81.90
81.90
81.90
81.90
81.90
81.90
81.90
81.90
81.91
81.92
81.91
81.92
81.92
81.91
81.92
81.92
81.93
81.93
81.93
81.92
81.93
81.93
81.94
81.94
81.94
81.94
81.92
81.92
81.93
81.93
81.93
81.92
81.93
81.94
81.95
81.95
81.94
81.94
81.93
81.93
81.93
81.93
81.94
81.94
81.94
81.95
81.95
81.95
81.96
81.96
81.95
81.96
81.96
81.96
81.96
81.97
81.97
81.98
81.98
81.98
81.98
82.00
82.00
82.01
81.99
81.99
82.00
82.00
81.99
82.00
82.00
82.00
81.99
81.98
81.98
81.97
81.98
81.97
81.98
81.98
81.97
81.96
81.96
81.97
81.97
81.95
81.96
81.96
81.96
81.96
81.95
81.95
81.95
81.95
81.95
81.96
81.97
81.96
81.95
81.96
81.97
81.97
81.98
81.98
81.98
81.97
81.98
81.98
81.99
81.97
81.98
81.97
81.97
81.96
81.95
81.96
81.96
81.95
81.94
81.95
81.95
81.95
81.96
81.97
81.98
81.98
81.98
81.96
81.96
81.98
81.98
81.98
81.98
81.97
81.97
81.96
81.97
81.97
81.97
81.97
81.97
81.97
81.97
81.98
81.97
81.98
81.98
81.98
81.97
81.97
81.97
81.97
81.95
81.96
81.95
81.95
81.95
81.94
81.95
81.95
81.96
81.96
81.97
81.97
81.98
81.98
81.98
81.98
81.97
81.89
