76.56
79.69
78.65
79.30
79.38
77.60
79.46
80.66
80.56
80.47
80.68
80.47
80.41
80.36
80.42
80.08
80.33
80.47
81.17
81.02
80.88
80.68
80.71
80.99
80.94
80.95
80.96
80.97
81.36
81.35
81.35
81.64
81.77
81.89
81.74
81.81
81.97
82.03
81.77
81.60
81.59
81.51
81.69
81.68
81.63
81.79
81.75
81.84
81.86
81.72
81.65
81.55
81.57
81.66
81.70
81.78
81.91
81.76
81.67
81.72
81.61
81.50
81.45
81.32
81.39
81.34
81.37
81.43
81.54
81.45
81.56
81.62
81.61
81.61
81.67
81.72
81.84
81.73
81.69
81.72
81.69
81.69
81.81
81.83
81.67
81.70
81.65
81.59
81.62
81.65
81.68
81.67
81.65
81.65
81.71
81.64
81.59
81.62
81.71
81.78
81.81
81.79
81.77
81.81
81.82
81.84
81.78
81.87
81.87
81.95
81.91
81.81
81.83
81.78
81.86
81.91
81.90
81.93
81.97
82.06
82.05
82.10
82.16
82.16
82.20
82.22
82.23
82.26
82.30
82.34
82.40
82.36
82.34
82.32
82.27
82.25
82.23
82.19
82.21
82.18
82.19
82.22
82.22
82.26
82.26
82.30
82.31
82.27
82.29
82.31
82.30
82.30
82.30
82.31
82.34
82.29
82.29
82.29
82.29
82.29
82.29
82.26
82.28
82.26
82.18
82.22
82.20
82.18
82.13
82.10
82.14
82.19
82.16
82.14
82.14
82.13
82.17
82.22
82.18
82.14
82.16
82.18
82.18
82.16
82.17
82.18
82.12
82.10
82.13
82.07
82.05
82.08
82.09
82.10
82.08
82.08
82.07
82.05
82.10
82.09
82.10
82.12
82.12
82.12
82.07
82.08
82.13
82.14
82.15
82.09
82.07
82.05
82.05
82.05
82.06
82.10
82.07
82.03
82.03
82.03
82.06
82.08
82.06
82.01
82.03
82.02
82.02
82.04
82.06
82.02
82.03
82.02
82.01
81.97
81.93
81.93
81.92
81.94
81.96
81.95
81.96
81.96
81.95
81.97
81.96
81.94
81.93
81.94
81.95
81.94
81.93
81.93
81.90
81.93
81.94
81.94
81.92
81.90
81.93
81.92
81.91
81.90
81.92
81.88
81.89
81.91
81.93
81.95
81.95
81.97
81.96
81.97
81.99
82.00
81.98
81.97
81.99
82.00
81.99
82.00
81.98
82.00
82.00
82.00
82.00
82.02
82.02
81.99
81.97
81.96
81.96
81.99
81.96
81.97
81.97
81.96
81.95
81.94
81.93
81.94
81.93
81.96
81.96
81.96
81.96
81.95
81.95
81.95
81.95
81.94
81.95
81.95
81.95
81.93
81.96
81.96
81.97
81.98
81.98
81.98
81.98
81.93
81.93
81.93
81.90
81.87
81.83
81.82
81.82
81.83
81.82
81.86
81.85
81.85
81.85
81.87
81.87
81.86
81.85
81.85
81.84
81.84
81.87
81.88
81.86
81.88
81.88
81.90
81.90
81.89
81.86
81.88
81.87
81.88
81.86
81.85
81.84
81.84
81.83
81.82
81.85
81.84
81.85
81.85
81.85
81.83
81.83
81.82
81.82
81.80
81.78
81.80
81.80
81.77
81.77
81.78
81.78
81.75
81.76
81.74
81.74
81.74
81.73
81.74
81.74
81.75
81.75
81.75
81.75
81.74
81.74
81.74
81.73
81.73
81.74
81.73
81.73
81.74
81.73
81.73
81.73
81.73
81.72
81.74
81.74
81.73
81.71
81.72
81.71
81.71
81.71
81.70
81.71
81.73
81.71
81.68
81.70
81.72
81.73
81.74
81.75
81.75
81.75
81.74
81.73
81.73
81.73
81.75
81.75
81.75
81.74
81.75
81.75
81.76
81.73
81.73
81.73
81.75
81.74
81.74
81.75
81.74
81.75
81.73
81.74
81.74
81.73
81.73
81.74
81.75
81.75
81.76
81.75
81.75
81.74
81.74
81.76
81.77
81.76
81.76
81.78
81.77
81.78
81.80
81.78
81.78
81.80
81.79
81.79
81.80
81.80
81.81
81.79
81.79
81.78
81.81
81.79
81.81
81.83
81.82
81.81
81.79
81.79
81.78
81.76
81.74
81.74
81.73
81.74
81.75
81.77
81.76
81.77
81.78
81.79
81.80
81.80
81.81
81.82
81.82
81.81
81.80
81.79
81.80
81.80
81.81
81.80
81.81
81.82
81.83
81.82
81.83
81.84
81.85
81.84
81.84
81.83
81.83
81.82
81.83
81.84
81.85
81.85
81.85
81.87
81.87
81.85
81.84
81.85
81.86
81.86
81.87
81.89
81.89
81.88
81.89
81.90
81.88
81.88
81.88
81.90
81.91
81.92
81.92
81.92
81.93
81.94
81.94
81.93
81.92
81.92
81.92
81.92
81.91
81.91
81.91
81.88
81.88
81.88
81.87
81.87
81.88
81.87
81.88
81.87
81.87
81.86
81.86
81.87
81.86
81.86
81.87
81.86
81.87
81.87
81.87
81.88
81.89
81.89
81.89
81.89
81.88
81.90
81.89
81.88
81.90
81.90
81.92
81.93
81.94
81.95
81.95
81.95
81.94
81.93
81.94
81.94
81.94
81.95
81.94
81.94
81.94
81.93
81.94
81.94
81.92
81.91
81.89
81.88
81.89
81.87
81.86
81.86
81.86
81.86
81.86
81.85
81.85
81.85
81.85
81.85
81.85
81.86
81.86
81.87
81.87
81.87
81.88
81.88
81.88
81.87
81.87
81.88
81.90
81.91
81.91
81.91
81.92
81.91
81.92
81.92
81.91
81.91
81.91
81.91
81.91
81.91
81.91
81.91
81.90
81.91
81.91
81.90
81.91
81.91
81.91
81.90
81.90
81.88
81.88
81.87
81.89
81.89
81.89
81.88
81.88
81.88
81.88
81.88
81.88
81.88
81.89
81.88
81.89
81.88
81.88
81.87
81.88
81.89
81.90
81.89
81.89
81.89
81.89
81.88
81.87
81.87
81.88
81.89
81.90
81.91
81.90
81.90
81.90
81.91
81.91
81.91
81.91
81.90
81.90
81.90
81.90
81.90
81.90
81.90
81.90
81.90
81.90
81.89
81.89
81.88
81.88
81.89
81.89
81.89
81.89
81.88
81.88
81.88
81.88
81.88
81.88
81.88
81.88
81.89
81.89
81.89
81.91
81.92
81.93
81.92
81.92
81.93
81.94
81.93
81.93
81.91
81.91
81.92
81.91
81.91
81.91
81.91
81.91
81.90
81.89
81.90
81.89
81.90
81.90
81.92
81.92
81.92
81.93
81.92
81.93
81.93
81.92
81.93
81.93
81.93
81.92
81.93
81.94
81.92
81.93
81.93
81.93
81.94
81.94
81.93
81.93
81.93
81.94
81.94
81.94
81.95
81.94
81.95
81.95
81.95
81.87
