7.81
6.25
4.17
4.69
4.69
4.43
3.79
3.71
4.51
4.22
3.98
4.69
5.41
5.13
5.10
5.27
5.33
5.21
5.10
5.00
4.91
4.69
4.62
4.82
4.94
4.87
5.03
4.85
4.69
4.74
4.79
4.93
4.78
4.73
4.87
4.90
4.90
5.06
5.05
4.96
5.22
5.21
5.09
5.15
5.14
5.13
5.15
5.18
5.20
5.12
5.09
5.02
4.95
4.92
4.86
4.77
4.91
4.98
5.03
5.00
4.94
4.89
4.91
4.88
4.93
4.90
4.87
4.87
4.82
4.80
4.73
4.73
4.67
4.67
4.62
4.61
4.63
4.73
4.71
4.75
4.76
4.76
4.78
4.78
4.72
4.69
4.69
4.72
4.71
4.77
4.84
4.84
4.94
4.90
4.88
4.88
4.88
4.88
4.88
4.91
4.90
4.87
4.82
4.87
4.84
4.82
4.80
4.82
4.82
4.80
4.79
4.76
4.73
4.74
4.73
4.75
4.73
4.75
4.77
4.75
4.79
4.82
4.81
4.81
4.84
4.84
4.86
4.87
4.84
4.82
4.79
4.79
4.78
4.76
4.79
4.79
4.77
4.76
4.79
4.77
4.84
4.82
4.83
4.84
4.82
4.78
4.78
4.84
4.83
4.88
4.93
4.90
4.90
4.90
4.93
4.92
4.93
4.93
4.91
4.92
4.90
4.87
4.87
4.84
4.82
4.86
4.84
4.82
4.85
4.84
4.83
4.84
4.82
4.80
4.83
4.88
4.92
4.91
4.90
4.94
4.91
4.90
4.90
4.89
4.87
4.93
4.95
4.99
4.99
5.03
5.07
5.07
5.05
5.10
5.09
5.08
5.06
5.04
5.06
5.05
5.04
5.02
5.00
4.99
4.98
4.96
4.94
4.94
4.95
4.94
4.93
4.96
4.97
4.94
4.94
4.94
4.94
4.96
4.99
5.01
5.03
5.03
5.05
5.04
5.06
5.09
5.10
5.08
5.08
5.09
5.10
5.09
5.08
5.09
5.13
5.13
5.15
5.15
5.16
5.15
5.14
5.13
5.11
5.10
5.13
5.13
5.12
5.11
5.11
5.10
5.12
5.13
5.12
5.13
5.11
5.13
5.15
5.15
5.17
5.18
5.20
5.20
5.21
5.20
5.19
5.19
5.18
5.17
5.15
5.14
5.14
5.14
5.16
5.17
5.15
5.17
5.18
5.18
5.18
5.20
5.22
5.21
5.21
5.20
5.20
5.19
5.23
5.24
5.24
5.25
5.26
5.26
5.25
5.23
5.24
5.26
5.27
5.26
5.25
5.24
5.24
5.24
5.23
5.22
5.21
5.22
5.22
5.23
5.22
5.23
5.23
5.23
5.24
5.25
5.25
5.27
5.29
5.29
5.30
5.30
5.30
5.30
5.30
5.30
5.29
5.29
5.29
5.29
5.31
5.30
5.32
5.31
5.29
5.28
5.28
5.27
5.26
5.28
5.27
5.27
5.28
5.27
5.30
5.29
5.28
5.29
5.28
5.29
5.28
5.28
5.29
5.28
5.27
5.27
5.26
5.25
5.24
5.23
5.24
5.24
5.24
5.23
5.22
5.23
5.22
5.21
5.22
5.21
5.21
5.21
5.21
5.23
5.22
5.21
5.23
5.22
5.23
5.24
5.26
5.25
5.25
5.26
5.25
5.27
5.27
5.27
5.27
5.28
5.27
5.27
5.26
5.25
5.26
5.26
5.26
5.26
5.24
5.24
5.26
5.24
5.24
5.24
5.24
5.26
5.30
5.28
5.28
5.27
5.27
5.27
5.28
5.27
5.27
5.26
5.28
5.27
5.29
5.28
5.28
5.28
5.29
5.27
5.28
5.27
5.26
5.26
5.25
5.25
5.24
5.24
5.23
5.23
5.23
5.23
5.24
5.25
5.24
5.24
5.23
5.23
5.22
5.22
5.22
5.23
5.23
5.22
5.22
5.23
5.24
5.23
5.23
5.24
5.25
5.25
5.24
5.25
5.27
5.26
5.27
5.28
5.29
5.30
5.30
5.33
5.33
5.33
5.32
5.31
5.31
5.31
5.31
5.30
5.30
5.30
5.30
5.30
5.30
5.29
5.30
5.29
5.29
5.30
5.31
5.29
5.30
5.29
5.31
5.30
5.31
5.31
5.30
5.30
5.29
5.29
5.29
5.29
5.28
5.29
5.29
5.28
5.27
5.28
5.27
5.26
5.26
5.26
5.26
5.27
5.26
5.26
5.27
5.26
5.26
5.26
5.27
5.26
5.26
5.27
5.27
5.26
5.26
5.25
5.25
5.24
5.24
5.24
5.24
5.23
5.23
5.22
5.21
5.21
5.20
5.20
5.20
5.19
5.19
5.19
5.19
5.19
5.19
5.18
5.19
5.20
5.21
5.21
5.20
5.21
5.21
5.22
5.23
5.23
5.22
5.23
5.24
5.23
5.24
5.23
5.22
5.21
5.21
5.22
5.22
5.23
5.23
5.24
5.23
5.23
5.23
5.22
5.22
5.23
5.22
5.22
5.22
5.23
5.23
5.23
5.22
5.23
5.23
5.22
5.23
5.25
5.24
5.24
5.24
5.25
5.25
5.25
5.26
5.26
5.26
5.26
5.26
5.26
5.27
5.26
5.26
5.26
5.25
5.25
5.25
5.25
5.26
5.27
5.26
5.26
5.26
5.26
5.27
5.28
5.29
5.28
5.28
5.28
5.28
5.28
5.28
5.28
5.28
5.28
5.27
5.28
5.28
5.28
5.29
5.29
5.30
5.30
5.29
5.29
5.29
5.28
5.29
5.28
5.28
5.29
5.29
5.28
5.27
5.27
5.27
5.27
5.26
5.27
5.27
5.26
5.26
5.27
5.27
5.28
5.28
5.29
5.30
5.30
5.30
5.30
5.30
5.29
5.30
5.30
5.29
5.30
5.29
5.31
5.30
5.29
5.29
5.29
5.30
5.30
5.30
5.29
5.29
5.28
5.29
5.29
5.29
5.28
5.28
5.27
5.28
5.29
5.29
5.29
5.30
5.30
5.29
5.29
5.30
5.30
5.29
5.29
5.29
5.29
5.29
5.29
5.28
5.29
5.28
5.28
5.27
5.28
5.27
5.28
5.28
5.28
5.28
5.28
5.27
5.28
5.29
5.30
5.29
5.30
5.30
5.29
5.29
5.29
5.30
5.31
5.31
5.31
5.31
5.31
5.30
5.30
5.31
5.31
5.31
5.30
5.30
5.29
5.30
5.30
5.30
5.30
5.31
5.31
5.31
5.31
5.30
5.29
5.29
5.29
5.29
5.29
5.29
5.30
5.30
5.31
5.30
5.31
5.30
5.30
5.32
5.32
5.32
5.31
5.32
5.32
5.33
5.32
5.33
5.34
5.34
5.33
5.34
5.34
5.34
5.34
5.34
5.34
5.33
5.33
5.33
5.33
5.32
5.33
5.34
5.33
