89.06
82.81
81.25
80.86
81.25
79.69
79.69
79.49
80.21
80.16
79.26
79.43
80.05
80.13
80.73
81.15
81.34
81.60
81.99
82.03
82.37
82.32
81.79
81.97
82.06
82.03
81.94
82.03
81.73
81.98
81.70
81.54
81.58
81.66
81.70
81.86
82.01
82.07
82.17
82.15
82.28
82.37
82.27
82.17
82.19
82.17
82.21
82.19
82.14
82.06
81.99
81.97
82.10
82.03
82.02
82.03
81.94
82.00
82.10
82.11
81.97
81.98
81.94
81.98
81.97
81.94
82.07
82.15
82.20
82.10
82.22
82.25
82.19
82.26
82.29
82.24
82.20
82.25
82.22
82.32
82.35
82.47
82.32
82.38
82.39
82.38
82.38
82.39
82.30
82.31
82.21
82.22
82.26
82.30
82.29
82.26
82.25
82.27
82.28
82.34
82.24
82.23
82.25
82.23
82.16
82.06
81.99
82.06
82.04
82.02
82.08
82.09
82.11
82.13
82.12
82.13
82.10
82.16
82.06
82.03
82.09
82.11
82.01
81.97
81.96
81.97
81.95
81.96
81.95
82.00
82.05
82.08
82.07
82.10
82.03
82.00
82.04
82.02
81.97
81.93
81.90
81.94
81.95
81.94
81.94
81.93
81.96
81.89
81.89
81.85
81.85
81.87
81.84
81.81
81.79
81.82
81.82
81.84
81.83
81.83
81.80
81.74
81.77
81.79
81.82
81.84
81.86
81.87
81.88
81.90
81.90
81.95
81.96
81.97
81.98
81.94
81.94
81.95
82.00
82.01
82.03
82.05
82.03
82.07
82.02
82.00
81.99
82.01
82.04
82.06
82.06
82.06
82.10
82.11
82.08
82.08
82.07
82.10
82.14
82.13
82.10
82.07
82.08
82.08
82.12
82.13
82.12
82.11
82.08
82.05
82.01
81.99
81.96
81.98
82.01
82.03
82.05
82.05
82.05
82.01
82.01
82.00
82.01
81.95
81.98
81.96
81.99
81.99
82.03
82.02
82.01
82.04
82.05
82.05
82.05
82.03
82.03
81.98
81.96
81.94
81.96
81.97
81.98
81.96
81.91
81.92
81.93
81.94
81.93
81.91
81.91
81.93
81.94
81.97
81.94
81.95
81.96
81.98
81.96
81.96
81.94
81.95
81.93
81.94
81.95
81.95
81.93
81.93
81.95
81.96
81.98
81.97
81.98
81.97
82.01
82.03
82.05
82.05
82.07
82.06
82.07
82.08
82.09
82.11
82.10
82.10
82.12
82.12
82.12
82.11
82.09
82.10
82.07
82.08
82.08
82.07
82.07
82.06
82.07
82.08
82.06
82.06
82.05
82.03
82.01
81.99
81.99
81.99
81.99
82.01
82.00
82.01
82.00
81.99
81.98
81.96
81.95
81.97
81.99
82.02
82.01
82.00
82.00
81.98
81.97
81.97
81.98
81.98
82.00
81.98
81.95
81.94
81.97
81.98
81.96
81.95
81.96
81.99
81.99
81.98
81.99
81.96
81.97
81.99
82.01
82.02
82.02
82.02
82.02
82.01
82.01
82.03
82.02
82.02
81.99
82.00
81.99
81.98
81.97
81.98
81.99
81.97
81.99
82.00
82.01
82.03
82.00
82.04
82.05
82.05
82.06
82.07
82.08
82.05
82.02
82.04
82.03
82.04
82.04
82.05
82.06
82.02
82.01
82.00
81.98
82.00
82.01
82.01
82.01
82.01
82.01
82.01
82.03
82.02
82.01
82.01
82.01
82.02
82.01
82.02
82.02
82.01
82.02
82.00
82.01
82.01
82.01
82.03
82.04
82.04
82.04
82.04
82.04
82.02
82.01
82.01
81.99
81.99
82.00
81.99
82.01
82.00
82.00
81.99
81.99
81.98
81.97
81.97
81.94
81.94
81.95
81.94
81.93
81.92
81.92
81.92
81.90
81.92
81.91
81.91
81.91
81.91
81.90
81.92
81.90
81.91
81.90
81.89
81.88
81.88
81.88
81.87
81.89
81.88
81.89
81.89
81.89
81.90
81.89
81.89
81.86
81.86
81.87
81.87
81.87
81.88
81.89
81.89
81.89
81.89
81.90
81.89
81.89
81.89
81.88
81.87
81.87
81.84
81.85
81.85
81.85
81.85
81.84
81.84
81.85
81.84
81.86
81.88
81.87
81.88
81.87
81.88
81.87
81.90
81.92
81.91
81.90
81.90
81.91
81.92
81.93
81.93
81.94
81.93
81.92
81.92
81.90
81.89
81.89
81.89
81.89
81.91
81.92
81.93
81.94
81.93
81.94
81.91
81.91
81.91
81.91
81.89
81.90
81.89
81.88
81.88
81.88
81.88
81.88
81.86
81.88
81.89
81.89
81.90
81.90
81.91
81.91
81.92
81.93
81.92
81.92
81.92
81.92
81.92
81.92
81.93
81.94
81.94
81.95
81.95
81.95
81.94
81.94
81.94
81.93
81.94
81.93
81.93
81.92
81.91
81.91
81.93
81.93
81.94
81.95
81.96
81.96
81.96
81.96
81.95
81.95
81.95
81.94
81.93
81.93
81.94
81.93
81.94
81.93
81.93
81.94
81.93
81.95
81.96
81.96
81.96
81.96
81.97
81.98
81.98
81.96
81.96
81.96
81.96
81.96
81.97
81.96
81.96
81.95
81.95
81.95
81.95
81.95
81.96
81.97
81.96
81.95
81.96
81.96
81.96
81.96
81.97
81.97
81.97
81.96
81.96
81.95
81.96
81.97
81.97
81.96
81.95
81.94
81.95
81.94
81.93
81.92
81.93
81.94
81.93
81.93
81.94
81.94
81.94
81.96
81.97
81.97
81.95
81.96
81.95
81.95
81.95
81.94
81.95
81.95
81.95
81.95
81.95
81.96
81.94
81.94
81.94
81.94
81.94
81.94
81.94
81.94
81.95
81.96
81.95
81.95
81.96
81.96
81.97
81.97
81.97
81.96
81.97
81.98
81.97
81.97
81.97
81.99
82.00
82.01
82.01
82.02
82.02
82.03
82.04
82.03
82.03
82.03
82.03
82.03
82.03
82.02
82.02
82.01
82.00
82.00
82.00
81.99
82.00
82.00
82.00
82.00
82.00
82.00
82.00
81.99
81.99
81.99
82.00
82.02
82.02
82.02
82.02
82.01
82.01
82.01
82.02
82.02
82.01
82.02
82.03
82.04
82.03
82.03
82.03
82.03
82.03
82.02
82.01
82.01
82.01
82.02
82.02
82.02
82.02
82.02
82.03
82.02
82.01
82.03
82.02
82.02
82.03
82.03
82.03
82.03
82.04
82.04
82.04
82.04
82.04
82.04
82.04
82.04
82.03
82.03
82.02
82.02
82.02
82.02
82.02
82.02
82.02
82.03
82.03
82.03
82.03
82.03
82.02
82.01
82.01
82.00
82.00
82.01
82.01
82.00
81.99
81.99
82.00
82.00
82.00
82.00
82.01
82.02
82.02
82.00
81.93
