82.81
82.81
81.77
81.64
80.62
79.17
79.69
79.69
80.38
80.62
79.97
79.95
79.93
79.46
79.27
79.10
79.23
79.86
80.26
80.23
80.65
80.61
80.71
80.86
81.25
81.43
81.31
81.36
81.30
81.41
81.35
81.15
81.16
81.11
81.07
80.95
80.70
80.59
80.65
80.59
80.75
80.51
80.67
80.75
80.97
81.11
80.95
81.09
81.09
80.94
81.04
81.01
81.13
81.08
81.19
81.25
81.20
81.12
81.04
81.07
81.15
81.15
81.08
81.10
81.15
81.06
81.13
81.00
81.05
81.09
81.14
81.18
81.14
81.19
81.15
80.98
80.99
80.95
81.07
81.04
80.96
80.96
80.89
80.78
80.85
80.76
80.82
80.79
80.81
80.80
80.91
80.94
80.91
80.88
80.97
80.94
80.91
80.90
80.92
80.89
80.88
80.93
80.96
80.92
80.97
81.06
81.06
81.11
81.08
81.04
81.04
81.01
81.07
81.03
80.99
80.94
80.98
81.00
80.97
80.95
81.03
81.01
80.95
80.95
80.93
80.83
80.86
80.87
80.94
80.93
80.96
80.98
80.98
80.94
80.95
80.97
80.90
80.87
80.88
80.94
80.98
80.94
81.00
81.02
81.05
81.08
81.12
81.11
81.11
81.14
81.15
81.17
81.16
81.14
81.17
81.16
81.17
81.18
81.22
81.27
81.30
81.32
81.32
81.34
81.34
81.36
81.37
81.40
81.46
81.48
81.48
81.50
81.56
81.54
81.51
81.50
81.49
81.51
81.50
81.56
81.59
81.56
81.53
81.56
81.58
81.57
81.53
81.57
81.58
81.59
81.59
81.62
81.63
81.63
81.63
81.62
81.65
81.66
81.67
81.67
81.65
81.65
81.63
81.59
81.59
81.58
81.60
81.61
81.61
81.61
81.61
81.61
81.60
81.59
81.58
81.58
81.52
81.53
81.54
81.51
81.52
81.48
81.46
81.47
81.44
81.46
81.46
81.48
81.52
81.51
81.53
81.51
81.48
81.54
81.51
81.51
81.51
81.53
81.51
81.51
81.54
81.52
81.51
81.51
81.48
81.47
81.48
81.50
81.50
81.52
81.56
81.58
81.56
81.56
81.53
81.55
81.55
81.56
81.57
81.54
81.53
81.55
81.54
81.55
81.54
81.54
81.55
81.55
81.56
81.56
81.52
81.50
81.51
81.49
81.48
81.50
81.48
81.45
81.44
81.46
81.44
81.44
81.45
81.47
81.49
81.49
81.52
81.53
81.52
81.53
81.52
81.53
81.51
81.51
81.51
81.51
81.49
81.49
81.50
81.51
81.50
81.52
81.54
81.54
81.54
81.55
81.54
81.55
81.56
81.54
81.53
81.52
81.53
81.55
81.53
81.54
81.54
81.53
81.54
81.52
81.52
81.53
81.51
81.51
81.49
81.48
81.46
81.47
81.47
81.46
81.47
81.48
81.46
81.45
81.43
81.43
81.44
81.42
81.45
81.47
81.48
81.50
81.52
81.53
81.54
81.53
81.55
81.56
81.57
81.57
81.59
81.55
81.57
81.55
81.56
81.55
81.56
81.56
81.55
81.54
81.56
81.54
81.53
81.52
81.52
81.51
81.54
81.53
81.54
81.52
81.51
81.51
81.51
81.50
81.52
81.50
81.49
81.50
81.50
81.49
81.49
81.50
81.49
81.49
81.51
81.51
81.51
81.50
81.50
81.48
81.48
81.45
81.46
81.44
81.45
81.45
81.45
81.43
81.44
81.42
81.43
81.44
81.43
81.44
81.43
81.43
81.43
81.43
81.45
81.47
81.46
81.45
81.44
81.45
81.45
81.46
81.45
81.45
81.46
81.43
81.42
81.42
81.42
81.43
81.45
81.44
81.43
81.42
81.42
81.42
81.42
81.41
81.41
81.43
81.42
81.43
81.43
81.45
81.44
81.43
81.43
81.43
81.46
81.46
81.47
81.47
81.46
81.47
81.48
81.45
81.46
81.48
81.48
81.48
81.47
81.47
81.48
81.48
81.49
81.50
81.51
81.51
81.49
81.50
81.52
81.53
81.52
81.52
81.52
81.53
81.52
81.51
81.49
81.49
81.49
81.50
81.52
81.52
81.52
81.52
81.53
81.54
81.54
81.55
81.56
81.56
81.54
81.53
81.53
81.52
81.52
81.53
81.53
81.54
81.54
81.53
81.55
81.56
81.58
81.59
81.59
81.60
81.59
81.59
81.59
81.59
81.58
81.59
81.60
81.59
81.59
81.58
81.58
81.60
81.60
81.61
81.60
81.60
81.60
81.61
81.62
81.62
81.62
81.63
81.61
81.61
81.62
81.63
81.63
81.64
81.64
81.63
81.62
81.63
81.62
81.62
81.62
81.62
81.63
81.63
81.64
81.64
81.65
81.66
81.65
81.66
81.64
81.63
81.63
81.63
81.63
81.64
81.63
81.63
81.64
81.64
81.63
81.65
81.65
81.65
81.63
81.62
81.62
81.62
81.62
81.63
81.62
81.61
81.61
81.61
81.59
81.58
81.60
81.61
81.62
81.60
81.60
81.60
81.60
81.60
81.59
81.60
81.59
81.59
81.58
81.56
81.57
81.56
81.57
81.57
81.57
81.57
81.58
81.57
81.58
81.56
81.56
81.55
81.55
81.55
81.55
81.56
81.57
81.56
81.55
81.57
81.56
81.56
81.56
81.56
81.56
81.57
81.58
81.58
81.58
81.58
81.58
81.58
81.58
81.57
81.56
81.55
81.55
81.56
81.57
81.57
81.56
81.57
81.57
81.56
81.56
81.56
81.56
81.57
81.57
81.57
81.58
81.59
81.59
81.60
81.60
81.61
81.61
81.60
81.59
81.60
81.59
81.58
81.58
81.59
81.59
81.59
81.58
81.57
81.57
81.57
81.58
81.56
81.55
81.56
81.56
81.56
81.56
81.55
81.54
81.54
81.54
81.54
81.54
81.55
81.55
81.56
81.57
81.57
81.57
81.57
81.57
81.57
81.57
81.56
81.56
81.56
81.57
81.58
81.57
81.57
81.57
81.58
81.59
81.59
81.59
81.59
81.59
81.59
81.58
81.58
81.58
81.60
81.59
81.60
81.61
81.61
81.60
81.62
81.61
81.61
81.61
81.60
81.60
81.60
81.60
81.60
81.60
81.61
81.61
81.62
81.62
81.62
81.62
81.61
81.62
81.63
81.63
81.63
81.63
81.63
81.62
81.62
81.63
81.62
81.63
81.61
81.60
81.59
81.60
81.59
81.58
81.59
81.60
81.60
81.61
81.60
81.59
81.59
81.58
81.58
81.57
81.58
81.58
81.59
81.58
81.59
81.59
81.60
81.60
81.61
81.60
81.60
81.60
81.60
81.60
81.59
81.60
81.61
81.61
81.61
81.61
81.62
81.63
81.64
81.64
81.64
81.64
81.64
81.65
81.64
81.63
81.62
81.62
81.61
81.61
81.54
