68.75
77.34
78.65
80.86
81.25
82.55
82.37
83.59
83.85
83.75
83.66
83.98
84.62
84.49
84.48
84.28
84.10
84.03
83.96
83.44
83.04
82.81
82.95
82.75
82.94
83.17
83.04
83.26
82.97
82.86
82.96
83.15
83.14
83.23
83.21
83.33
83.36
83.02
83.21
83.09
83.19
83.22
83.07
83.20
83.26
83.39
83.18
83.04
83.04
83.00
82.94
82.93
82.84
82.81
82.90
82.92
83.00
82.95
82.92
82.97
82.97
82.96
82.91
82.93
82.76
82.79
82.81
82.84
82.70
82.81
82.79
82.66
82.66
82.69
82.52
82.42
82.39
82.27
82.40
82.44
82.45
82.41
82.42
82.46
82.43
82.39
82.40
82.40
82.48
82.50
82.40
82.47
82.39
82.36
82.34
82.37
82.43
82.40
82.37
82.38
82.38
82.40
82.48
82.50
82.53
82.52
82.54
82.49
82.45
82.44
82.42
82.44
82.43
82.40
82.40
82.41
82.33
82.26
82.16
82.14
82.10
82.08
82.06
82.06
82.11
82.13
82.11
81.99
81.98
82.03
82.01
82.03
81.98
82.02
82.11
82.17
82.08
82.07
82.05
82.10
82.17
82.14
82.14
82.17
82.14
82.13
82.11
82.13
82.09
82.15
82.14
82.13
82.09
82.06
82.09
82.08
82.12
82.09
82.11
82.18
82.19
82.17
82.19
82.20
82.23
82.25
82.23
82.22
82.21
82.18
82.17
82.17
82.11
82.10
82.12
82.11
82.08
82.06
82.05
82.06
82.06
82.04
82.06
82.07
82.11
82.12
82.09
82.06
82.04
82.07
82.08
82.10
82.12
82.06
82.12
82.11
82.11
82.14
82.15
82.16
82.19
82.19
82.20
82.21
82.23
82.24
82.19
82.17
82.17
82.22
82.23
82.24
82.23
82.24
82.22
82.18
82.20
82.18
82.16
82.14
82.12
82.16
82.20
82.21
82.17
82.14
82.14
82.12
82.12
82.15
82.12
82.11
82.13
82.16
82.13
82.12
82.11
82.12
82.11
82.08
82.09
82.08
82.09
82.07
82.02
82.03
82.07
82.09
82.10
82.11
82.11
82.11
82.11
82.13
82.14
82.13
82.12
82.13
82.12
82.13
82.15
82.13
82.12
82.14
82.15
82.14
82.17
82.16
82.16
82.14
82.17
82.19
82.18
82.18
82.15
82.14
82.14
82.17
82.21
82.24
82.27
82.28
82.28
82.26
82.24
82.23
82.22
82.24
82.23
82.23
82.23
82.21
82.25
82.24
82.25
82.25
82.24
82.24
82.24
82.26
82.26
82.27
82.26
82.26
82.27
82.30
82.30
82.30
82.27
82.27
82.26
82.24
82.23
82.20
82.21
82.22
82.24
82.23
82.23
82.22
82.21
82.20
82.18
82.17
82.19
82.20
82.21
82.18
82.19
82.18
82.18
82.15
82.14
82.14
82.14
82.15
82.12
82.12
82.12
82.12
82.12
82.11
82.11
82.10
82.10
82.10
82.08
82.10
82.10
82.11
82.11
82.09
82.10
82.09
82.09
82.08
82.08
82.07
82.06
82.06
82.06
82.03
82.04
82.04
82.04
82.04
82.04
82.02
82.02
81.99
82.00
81.98
81.98
81.97
81.97
81.98
81.95
81.95
81.93
81.92
81.94
81.92
81.90
81.91
81.93
81.92
81.94
81.94
81.95
81.96
81.95
81.96
81.94
81.96
81.96
81.95
81.93
81.93
81.95
81.95
81.94
81.94
81.89
81.90
81.91
81.93
81.92
81.92
81.93
81.95
81.94
81.94
81.96
81.97
81.96
81.95
81.95
81.96
81.95
81.95
81.91
81.93
81.91
81.93
81.92
81.93
81.94
81.94
81.95
81.95
81.94
81.93
81.91
81.91
