82.81
78.91
78.12
78.91
79.69
78.12
78.35
78.32
78.47
78.75
78.69
78.78
78.25
78.35
78.54
78.81
79.23
79.17
78.78
79.14
79.54
79.40
79.14
79.17
79.44
79.39
79.51
79.58
79.36
79.58
79.89
80.18
80.45
80.42
80.49
80.47
80.49
80.67
80.73
80.82
80.83
80.88
80.92
81.00
81.18
81.22
81.32
81.45
81.47
81.16
81.13
81.16
81.07
81.13
81.11
81.11
81.11
81.22
81.09
81.12
81.05
81.17
81.23
81.20
81.20
81.20
81.32
81.48
81.61
81.56
81.58
81.51
81.46
81.48
81.54
81.50
81.31
81.31
81.27
81.29
81.27
81.27
81.25
81.27
81.27
81.27
81.25
81.21
81.20
81.28
81.35
81.35
81.49
81.40
81.40
81.40
81.39
81.41
81.38
81.36
81.40
81.40
81.40
81.42
81.41
81.43
81.48
81.48
81.41
81.48
81.45
81.47
81.46
81.44
81.40
81.34
81.32
81.25
81.29
81.32
81.31
81.29
81.25
81.29
81.31
81.37
81.39
81.31
81.33
81.32
81.35
81.37
81.36
81.35
81.34
81.33
81.34
81.36
81.37
81.37
81.27
81.25
81.30
81.27
81.27
81.31
81.39
81.35
81.35
81.35
81.34
81.34
81.34
81.41
81.44
81.50
81.55
81.54
81.53
81.51
81.54
81.53
81.50
81.57
81.59
81.63
81.62
81.60
81.64
81.63
81.62
81.60
81.59
81.56
81.58
81.61
81.58
81.59
81.62
81.61
81.56
81.54
81.60
81.58
81.61
81.59
81.57
81.58
81.61
81.60
81.65
81.66
81.65
81.68
81.71
81.72
81.77
81.79
81.78
81.77
81.79
81.76
81.75
81.74
81.72
81.75
81.75
81.76
81.78
81.80
81.84
81.88
81.90
81.87
81.84
81.84
81.83
81.82
81.83
81.84
81.88
81.85
81.84
81.82
81.83
81.84
81.84
81.81
81.81
81.82
81.80
81.78
81.80
81.76
81.75
81.77
81.72
81.72
81.75
81.76
81.76
81.74
81.75
81.73
81.71
81.70
81.71
81.66
81.66
81.66
81.63
81.66
81.65
81.65
81.65
81.65
81.68
81.68
81.67
81.68
81.70
81.69
81.68
81.65
81.68
81.70
81.70
81.69
81.67
81.67
81.68
81.68
81.67
81.69
81.71
81.70
81.69
81.68
81.66
81.66
81.66
81.67
81.68
81.65
81.67
81.69
81.68
81.71
81.71
81.66
81.67
81.66
81.65
81.67
81.68
81.66
81.66
81.65
81.64
81.65
81.66
81.64
81.65
81.68
81.68
81.67
81.68
81.66
81.62
81.62
81.63
81.62
81.63
81.64
81.66
81.66
81.68
81.69
81.71
81.71
81.70
81.72
81.72
81.70
81.69
81.68
81.68
81.65
81.65
81.64
81.64
81.66
81.68
81.67
81.67
81.66
81.65
81.64
81.64
81.65
81.68
81.71
81.71
81.70
81.70
81.72
81.72
81.72
81.69
81.70
81.71
81.71
81.74
81.74
81.73
81.72
81.71
81.72
81.73
81.72
81.72
81.73
81.72
81.71
81.69
81.68
81.71
81.71
81.73
81.74
81.75
81.75
81.75
81.74
81.76
81.77
81.76
81.76
81.77
81.77
81.78
81.79
81.79
81.78
81.78
81.79
81.80
81.79
81.80
81.79
81.79
81.78
81.79
81.77
81.77
81.78
81.77
81.76
81.76
81.78
81.78
81.78
81.77
81.77
81.77
81.77
81.78
81.79
81.80
81.78
81.79
81.79
81.79
81.78
81.77
81.78
81.77
81.78
81.78
81.78
81.78
81.79
81.78
81.77
81.78
81.78
81.79
81.78
81.78
81.78
81.79
81.80
81.79
81.80
81.81
81.80
81.80
81.81
81.82
81.82
81.81
81.80
81.79
81.78
81.78
81.79
81.79
81.79
81.80
81.81
81.81
81.83
81.83
81.82
81.82
81.83
81.82
81.80
81.79
81.79
81.78
81.78
81.80
81.80
81.79
81.80
81.80
81.80
81.80
81.80
81.78
81.78
81.78
81.79
81.80
81.79
81.79
81.82
81.81
81.84
81.84
81.82
81.82
81.81
81.81
81.80
81.80
81.80
81.81
81.81
81.81
81.80
81.80
81.78
81.78
81.78
81.78
81.77
81.78
81.78
81.78
81.78
81.79
81.78
81.80
81.79
81.80
81.80
81.81
81.82
81.81
81.81
81.82
81.82
81.83
81.82
81.83
81.83
81.84
81.86
81.86
81.87
81.90
81.90
81.90
81.91
81.90
81.91
81.91
81.91
81.92
81.92
81.91
81.91
81.90
81.91
81.91
81.90
81.91
81.89
81.89
81.88
81.87
81.86
81.86
81.87
81.87
81.87
81.87
81.87
81.88
81.89
81.89
81.89
81.90
81.89
81.90
81.89
81.88
81.89
81.90
81.92
81.90
81.91
81.92
81.92
81.91
81.90
81.89
81.89
81.89
81.90
81.89
81.90
81.89
81.88
81.88
81.87
81.88
81.90
81.89
81.90
81.90
81.90
81.90
81.88
81.87
81.88
81.89
81.91
81.91
81.91
81.92
81.90
81.90
81.90
81.90
81.91
81.90
81.90
81.89
81.90
81.89
81.88
81.88
81.88
81.88
81.88
81.88
81.88
81.87
81.87
81.86
81.88
81.88
81.88
81.89
81.90
81.89
81.89
81.88
81.88
81.88
81.87
81.87
81.88
81.89
81.87
81.89
81.89
81.89
81.89
81.88
81.88
81.88
81.87
81.88
81.89
81.90
81.90
81.91
81.92
81.93
81.93
81.93
81.94
81.95
81.94
81.94
81.93
81.93
81.93
81.91
81.92
81.91
81.90
81.90
81.91
81.91
81.90
81.89
81.89
81.90
81.90
81.89
81.90
81.90
81.90
81.90
81.91
81.91
81.91
81.92
81.93
81.93
81.93
81.94
81.95
81.95
81.94
81.94
81.95
81.95
81.95
81.95
81.94
81.95
81.96
81.97
81.97
81.97
81.98
81.96
81.96
81.94
81.95
81.94
81.95
81.95
81.96
81.95
81.96
81.96
81.97
81.97
81.96
81.96
81.96
81.97
81.97
81.97
81.98
81.98
81.98
81.97
81.97
81.97
81.97
81.97
81.98
81.98
81.98
81.98
81.98
81.99
81.99
81.99
81.99
81.99
81.99
81.99
82.00
82.00
82.01
81.99
81.99
82.00
82.00
81.99
81.98
81.99
82.00
82.00
82.00
81.99
81.99
82.00
82.00
82.01
82.00
81.99
81.99
81.99
81.99
82.00
82.00
82.00
81.99
81.99
81.98
81.98
81.98
81.98
81.98
81.97
81.97
81.98
81.98
81.98
81.99
81.98
81.98
81.98
81.98
81.99
81.98
81.98
81.98
81.98
81.98
81.97
81.89
