82.81
81.25
83.33
82.81
82.81
82.29
81.70
81.45
81.42
81.09
82.10
82.03
81.97
82.03
81.98
81.35
81.43
81.34
81.00
81.17
81.40
81.32
81.39
81.32
80.94
81.01
80.56
80.58
80.60
80.89
80.95
81.05
80.97
81.16
81.07
81.12
81.29
81.37
81.33
81.33
81.40
81.40
81.32
81.53
81.74
81.35
81.48
81.51
81.63
81.69
81.68
81.70
81.78
81.94
82.02
82.03
82.04
82.00
82.07
82.01
81.97
81.88
81.97
82.01
81.88
81.94
81.81
81.78
81.88
81.88
81.91
81.97
82.06
82.20
82.23
82.28
82.12
82.13
82.00
82.09
82.18
82.11
82.08
82.11
82.15
82.07
81.97
82.03
82.00
82.03
82.01
82.01
82.04
82.05
82.11
82.05
82.07
82.05
82.12
82.17
82.26
82.25
82.19
82.17
82.14
82.13
82.16
82.20
82.21
82.17
82.19
82.23
82.34
82.35
82.35
82.34
82.40
82.39
82.29
82.23
82.23
82.20
82.15
82.16
82.20
82.20
82.23
82.25
82.26
82.24
82.24
82.24
82.27
82.30
82.33
82.32
82.29
82.22
82.27
82.24
82.19
82.15
82.17
82.19
82.18
82.15
82.12
82.14
82.18
82.19
82.21
82.22
82.18
82.18
82.20
82.21
82.18
82.17
82.16
82.18
82.19
82.23
82.28
82.27
82.26
82.28
82.16
82.15
82.14
82.15
82.15
82.19
82.20
82.22
82.23
82.22
82.21
82.22
82.21
82.23
82.23
82.23
82.21
82.25
82.22
82.22
82.23
82.19
82.17
82.15
82.17
82.18
82.18
82.15
82.14
82.17
82.17
82.17
82.19
82.20
82.20
82.22
82.27
82.30
82.31
82.33
82.34
82.29
82.30
82.28
82.26
82.27
82.25
82.24
82.25
82.24
82.24
82.23
82.23
82.22
82.20
82.24
82.22
82.22
82.24
82.25
82.25
82.26
82.25
82.26
82.26
82.24
82.28
82.27
82.27
82.26
82.25
82.24
82.25
82.24
82.22
82.23
82.21
82.20
82.24
82.25
82.25
82.22
82.17
82.19
82.18
82.18
82.19
82.19
82.17
82.18
82.19
82.19
82.20
82.21
82.20
82.21
82.22
82.23
82.25
82.26
82.25
82.23
82.22
82.20
82.20
82.18
82.20
82.21
82.24
82.22
82.20
82.20
82.20
82.19
82.20
82.17
82.18
82.20
82.21
82.22
82.20
82.20
82.20
82.19
82.20
82.19
82.20
82.18
82.15
82.15
82.15
82.13
82.14
82.18
82.15
82.15
82.14
82.14
82.12
82.11
82.09
82.09
82.10
82.11
82.09
82.10
82.12
82.13
82.10
82.09
82.10
82.09
82.07
82.08
82.07
82.07
82.06
82.05
82.03
82.05
82.04
82.06
82.07
82.05
82.05
82.04
82.05
82.05
82.04
82.04
82.02
81.99
81.98
82.00
81.99
81.98
81.97
81.98
81.98
81.99
81.98
81.98
81.98
81.95
81.97
81.98
81.95
81.94
81.95
81.97
81.96
81.96
81.96
81.95
81.94
81.94
81.95
81.96
82.00
82.00
82.00
82.02
82.02
82.01
82.03
82.03
82.03
82.04
82.04
82.06
82.05
82.06
82.07
82.07
82.07
82.08
82.08
82.08
82.07
82.05
82.05
82.05
82.03
82.03
82.03
82.02
82.04
82.05
82.05
82.05
82.03
82.04
82.03
82.04
82.04
82.06
82.05
82.07
82.08
82.06
82.07
82.07
82.06
82.06
82.04
82.05
82.05
82.06
82.05
82.04
82.00
81.97
81.99
81.99
81.99
81.98
81.99
82.00
82.01
82.02
82.04
82.05
82.04
82.05
82.04
82.05
82.06
82.06
82.05
82.03
82.02
82.02
82.03
82.03
82.04
82.04
82.05
82.05
82.05
82.05
82.04
82.03
82.02
82.01
82.02
82.03
82.04
82.03
82.05
82.04
82.02
82.01
82.00
81.99
81.99
82.01
82.02
82.02
82.05
82.05
82.06
82.06
82.05
82.04
82.03
82.05
82.05
82.04
82.03
82.02
82.01
82.01
82.02
82.01
82.03
82.02
82.01
81.99
81.98
81.98
81.98
81.97
81.98
81.99
81.98
81.99
81.98
81.96
81.96
81.95
81.94
81.93
81.92
81.91
81.92
81.91
81.91
81.90
81.91
81.91
81.90
81.91
81.92
81.92
81.91
81.92
81.92
81.91
81.89
81.90
81.90
81.90
81.89
81.89
81.89
81.89
81.90
81.90
81.88
81.89
81.90
81.91
81.91
81.91
81.90
81.89
81.90
81.90
81.92
81.93
81.93
