75.00
82.03
83.85
82.03
81.88
80.99
81.25
81.45
81.60
82.03
82.10
82.16
81.85
82.03
81.98
82.23
82.44
82.90
82.89
82.66
82.66
82.95
83.08
82.94
83.25
83.35
83.04
82.98
82.92
82.66
82.76
82.76
82.95
82.81
83.08
83.20
83.19
83.18
83.25
83.20
83.35
83.37
83.58
83.56
83.51
83.49
83.48
83.56
83.74
83.75
83.70
83.56
83.52
83.30
83.18
83.18
83.03
82.95
83.00
82.89
82.97
82.99
82.99
82.86
82.91
82.93
82.95
82.93
82.84
82.81
82.86
82.90
82.92
82.85
82.85
82.87
82.83
82.83
82.83
82.81
82.87
82.83
82.76
82.85
82.87
82.81
82.70
82.65
82.58
82.62
82.59
82.61
82.56
82.65
82.63
82.58
82.62
82.53
82.51
82.39
82.38
82.41
82.36
82.36
82.31
82.22
82.16
82.10
81.95
81.92
81.95
81.98
81.98
81.89
81.92
81.88
81.89
81.90
81.83
81.90
81.90
81.93
81.91
81.92
81.90
81.89
81.83
81.87
81.89
81.88
81.91
81.89
81.92
81.86
81.85
81.88
81.91
81.94
81.90
81.85
81.84
81.82
81.89
81.96
81.94
81.96
81.95
81.88
81.92
81.97
81.98
82.01
82.08
82.05
82.11
82.09
82.12
82.11
82.10
82.14
82.15
82.11
82.10
82.15
82.14
82.16
82.16
82.18
82.18
82.18
82.15
82.14
82.13
82.14
82.12
82.13
82.08
82.08
82.09
82.10
82.10
82.05
82.04
82.03
82.01
82.01
81.99
81.99
81.99
81.97
81.96
81.98
81.93
81.93
81.92
81.93
81.92
81.94
81.96
82.02
81.97
81.97
81.99
82.01
82.00
81.99
82.00
82.02
82.02
82.02
82.06
82.08
82.06
82.07
82.09
82.08
82.04
82.07
82.05
82.05
82.06
82.06
82.09
82.05
82.03
82.06
82.08
82.10
82.12
82.12
82.13
82.10
82.06
82.06
82.08
82.10
82.05
82.09
82.09
82.11
82.10
82.10
82.11
82.08
82.05
82.00
82.00
81.99
82.00
82.00
82.00
81.99
82.00
82.01
81.98
81.93
81.92
81.90
81.91
81.88
81.86
81.85
81.84
81.86
81.84
81.85
81.88
81.88
81.86
81.85
81.87
81.87
81.89
81.89
81.91
81.91
81.92
81.92
81.91
81.93
81.93
81.87
81.84
81.84
81.83
81.82
81.83
81.78
81.79
81.78
81.78
81.80
81.79
81.80
81.78
81.78
81.78
81.78
81.76
81.76
81.76
81.76
81.77
81.81
81.78
81.78
81.80
81.82
81.85
81.86
81.86
81.86
81.85
81.84
81.85
81.84
81.84
81.85
81.87
81.88
81.87
81.85
81.84
81.86
81.86
81.84
81.83
81.84
81.82
81.83
81.83
81.81
81.82
81.82
81.83
81.84
81.82
81.83
81.82
81.83
81.83
81.83
81.83
81.85
81.84
81.84
81.83
81.83
81.82
81.82
81.81
81.79
81.79
81.80
81.80
81.76
81.78
81.75
81.73
81.70
81.71
81.71
81.68
81.67
81.67
81.67
81.65
81.65
81.68
81.70
81.69
81.68
81.67
81.66
81.67
81.67
81.66
81.66
81.65
81.66
81.66
81.66
81.67
81.68
81.70
81.70
81.70
81.71
81.72
81.73
81.75
81.74
81.74
81.76
81.76
81.76
81.75
81.75
81.74
81.73
81.74
81.73
81.73
81.75
81.74
81.73
81.73
81.71
81.70
81.70
81.73
81.72
81.73
81.70
81.71
81.73
81.73
81.71
81.71
81.72
81.73
81.72
81.72
81.71
81.72
81.73
81.74
81.74
81.75
81.73
81.74
81.75
81.74
81.75
81.75
81.75
81.75
81.76
81.75
81.75
81.74
81.74
81.73
81.71
81.70
81.70
81.70
81.69
81.70
81.70
81.70
81.68
81.69
81.71
81.69
81.71
81.71
81.68
81.67
81.68
81.67
81.68
81.67
81.67
81.67
81.69
81.69
81.69
81.70
81.70
81.71
81.71
81.70
81.71
81.70
81.69
81.69
81.68
81.67
81.66
81.67
81.66
81.65
81.66
81.67
81.70
81.69
81.69
81.67
81.69
81.71
81.72
81.71
81.73
81.70
81.70
81.69
81.70
81.69
81.69
81.69
81.70
81.71
81.72
81.72
81.71
81.72
81.70
81.70
81.69
81.69
81.70
81.70
81.71
81.71
81.70
81.70
81.71
81.71
81.71
81.71
81.72
81.72
81.71
81.71
81.69
81.68
81.69
81.68
81.67
81.68
81.68
81.68
81.66
81.68
81.68
81.67
81.67
81.66
81.68
81.67
81.69
81.69
81.69
81.69
81.68
81.65
81.67
81.67
81.67
81.68
81.69
81.69
81.71
81.71
81.73
81.73
81.73
81.75
81.76
81.76
81.76
81.76
81.75
81.76
81.76
81.76
81.77
81.77
81.75
81.75
81.75
81.76
81.76
81.76
81.76
81.76
81.76
81.75
81.76
81.77
81.76
81.78
81.77
81.78
81.78
81.79
81.78
81.78
81.76
81.77
81.77
81.77
81.78
81.79
81.79
81.79
81.79
81.78
81.79
81.79
81.80
81.79
81.80
81.80
81.79
81.79
81.78
81.78
81.80
81.81
81.80
81.79
81.78
81.78
81.77
81.77
81.76
81.78
81.79
81.78
81.77
81.76
81.77
81.77
81.76
81.75
81.76
81.75
81.75
81.76
81.76
81.76
81.77
81.76
81.77
81.77
81.79
81.78
81.78
81.81
81.81
81.82
81.81
81.82
81.82
81.82
81.81
81.82
81.83
81.82
81.83
81.85
81.86
81.86
81.85
81.86
81.86
81.86
81.86
81.86
81.87
81.86
81.85
81.84
81.85
81.85
81.85
81.85
81.84
81.84
81.85
81.85
81.84
81.84
81.85
81.84
81.84
81.83
81.85
81.85
81.86
81.87
81.88
81.86
81.86
81.87
81.87
81.86
81.86
81.86
81.86
81.87
81.86
81.86
81.87
81.86
81.86
81.85
81.84
81.84
81.85
81.85
81.85
81.86
81.86
81.86
81.86
81.86
81.87
81.87
81.87
81.86
81.86
81.87
81.88
81.88
81.88
81.89
81.89
81.90
81.91
81.91
81.92
81.91
81.91
81.91
81.92
81.92
81.92
81.91
81.91
81.91
81.91
81.90
81.90
81.90
81.90
81.91
81.88
81.88
81.89
81.89
81.88
81.88
81.89
81.88
81.88
81.88
81.89
81.88
81.88
81.89
81.88
81.88
81.88
81.88
81.88
81.88
81.87
81.86
81.88
81.87
81.87
81.87
81.87
81.88
81.88
81.88
81.89
81.90
81.91
81.91
81.90
81.88
81.88
81.89
81.89
81.89
81.89
81.88
81.80
