87.50
85.94
84.38
85.94
82.50
83.85
84.38
84.77
84.72
84.22
84.23
84.11
84.13
83.59
82.71
82.62
82.90
83.16
82.89
83.28
83.18
82.95
83.02
83.01
83.06
83.05
82.75
82.65
82.38
82.34
82.46
82.42
82.24
82.31
82.19
81.99
82.09
82.11
82.05
81.99
82.16
82.25
82.23
82.24
82.26
82.20
82.28
82.19
82.08
82.03
82.17
82.15
82.16
82.09
82.07
82.03
81.74
81.73
81.83
81.85
81.81
81.88
81.94
81.93
81.97
81.89
81.93
82.03
82.00
81.96
82.00
81.97
82.11
81.97
81.96
81.93
82.02
82.09
82.14
82.07
82.06
82.11
82.06
81.96
81.86
81.78
81.68
81.68
81.74
81.74
81.71
81.79
81.79
81.77
81.73
81.74
81.73
81.70
81.69
81.67
81.67
81.60
81.60
81.64
81.68
81.62
81.67
81.70
81.67
81.69
81.71
81.63
81.64
81.59
81.63
81.60
81.65
81.61
81.55
81.58
81.51
81.52
81.55
81.57
81.59
81.56
81.57
81.59
81.49
81.49
81.49
81.47
81.47
81.52
81.57
81.57
81.60
81.63
81.67
81.65
81.65
81.59
81.60
81.61
81.59
81.54
81.60
81.61
81.63
81.61
81.62
81.64
81.65
81.65
81.60
81.56
81.59
81.56
81.56
81.59
81.53
81.52
81.51
81.51
81.52
81.51
81.56
81.56
81.54
81.53
81.50
81.55
81.54
81.56
81.53
81.54
81.50
81.49
81.49
81.52
81.53
81.54
81.52
81.58
81.59
81.55
81.58
81.59
81.63
81.65
81.65
81.67
81.68
81.68
81.61
81.64
81.65
81.64
81.66
81.66
81.69
81.71
81.63
81.65
81.65
81.69
81.68
81.66
81.68
81.67
81.70
81.74
81.74
81.75
81.74
81.73
81.73
81.72
81.69
81.72
81.70
81.67
81.67
81.69
81.69
81.71
81.74
81.73
81.71
81.72
81.71
81.73
81.78
81.80
81.76
81.79
81.78
81.82
81.79
81.78
81.80
81.82
81.83
81.83
81.84
81.87
81.86
81.85
81.83
81.81
81.83
81.83
81.81
81.82
81.80
81.78
81.75
81.75
81.77
81.78
81.78
81.80
81.80
81.79
81.80
81.80
81.79
81.81
81.79
81.79
81.76
81.75
81.74
81.73
81.72
81.72
81.68
81.67
81.69
81.69
81.68
81.70
81.68
81.67
81.68
81.66
81.64
81.66
81.69
81.70
81.72
81.72
81.74
81.70
81.72
81.74
81.72
81.71
81.71
81.68
81.69
81.71
81.72
81.73
81.71
81.72
81.73
81.71
81.73
81.73
81.76
81.75
81.75
81.75
81.77
81.75
81.75
81.74
81.75
81.76
81.76
81.76
81.78
81.79
81.79
81.81
81.81
81.84
81.83
81.81
81.82
81.82
81.82
81.81
81.81
81.80
81.81
81.80
81.82
81.82
81.82
81.82
81.80
81.81
81.81
81.81
81.84
81.83
81.84
81.83
81.85
81.85
81.84
81.85
81.87
81.87
81.86
81.87
81.91
81.91
81.89
81.87
81.88
81.88
81.87
81.88
81.90
81.86
81.86
81.86
81.88
81.89
81.89
81.89
81.88
81.88
81.90
81.88
81.89
81.88
81.83
81.81
81.81
81.81
81.84
81.84
81.86
81.87
81.84
81.85
81.86
81.88
81.88
81.88
81.88
81.87
81.87
81.85
81.84
81.81
81.81
81.81
81.82
81.81
81.81
81.81
81.80
81.78
81.78
81.78
81.78
81.77
81.76
81.75
81.76
81.77
81.76
81.76
81.77
81.78
81.79
81.77
81.77
81.78
81.79
81.80
81.80
81.80
81.80
81.78
81.78
81.75
81.75
81.73
81.73
81.73
81.74
81.75
81.75
81.76
81.76
81.77
81.78
81.76
81.76
81.77
81.75
81.75
81.77
81.75
81.76
81.78
81.79
81.78
81.79
81.79
81.79
81.80
81.78
81.78
81.76
81.76
81.75
81.75
81.76
81.77
81.78
81.80
81.80
81.81
81.82
81.83
81.82
81.81
81.80
81.80
81.79
81.79
81.79
81.80
81.80
81.80
81.79
81.81
81.84
81.85
81.85
81.85
81.85
81.86
81.85
81.86
81.86
81.88
81.88
81.88
81.88
81.88
81.87
81.86
81.85
81.85
81.86
81.86
81.86
81.86
81.86
81.86
81.87
81.86
81.86
81.86
81.85
81.85
81.85
81.84
81.84
81.84
81.82
81.82
81.81
81.81
81.81
81.81
81.81
81.81
81.80
81.79
81.79
81.77
81.76
81.78
81.77
81.79
81.78
81.76
81.77
81.78
81.76
81.77
81.75
81.75
81.74
81.74
81.73
81.73
81.73
81.73
81.74
81.74
81.74
81.72
81.73
81.73
81.74
81.74
81.74
81.75
81.76
81.79
81.79
81.80
81.81
81.82
81.82
81.81
81.82
81.82
81.83
81.84
81.84
81.83
81.84
81.85
81.83
81.82
81.81
81.80
81.80
81.80
81.79
81.79
81.80
81.81
81.81
81.80
81.80
81.81
81.82
81.82
81.82
81.81
81.81
81.82
81.81
81.83
81.82
81.82
81.84
81.85
81.85
81.86
81.86
81.85
81.84
81.85
81.85
81.84
81.83
81.83
81.84
81.84
81.84
81.85
81.85
81.85
81.85
81.86
81.86
81.84
81.83
81.83
81.83
81.85
81.86
81.86
81.86
81.86
81.86
81.87
81.86
81.87
81.86
81.87
81.86
81.88
81.88
81.89
81.89
81.89
81.88
81.88
81.89
81.89
81.88
81.88
81.89
81.89
81.88
81.88
81.88
81.88
81.87
81.87
81.88
81.88
81.88
81.87
81.87
81.87
81.86
81.86
81.86
81.87
81.87
81.88
81.87
81.88
81.89
81.90
81.89
81.88
81.89
81.89
81.89
81.90
81.91
81.91
81.90
81.90
81.91
81.90
81.89
81.89
81.89
81.88
81.89
81.89
81.89
81.89
81.88
81.88
81.88
81.88
81.88
81.89
81.89
81.90
81.90
81.91
81.92
81.91
81.91
81.91
81.90
81.90
81.89
81.89
81.90
81.90
81.90
81.90
81.90
81.90
81.90
81.90
81.90
81.89
81.90
81.89
81.90
81.90
81.90
81.90
81.91
81.90
81.91
81.92
81.91
81.91
81.90
81.88
81.89
81.89
81.90
81.88
81.89
81.89
81.90
81.91
81.91
81.92
81.92
81.91
81.90
81.90
81.90
81.90
81.90
81.90
81.90
81.90
81.90
81.90
81.89
81.90
81.90
81.90
81.89
81.90
81.90
81.91
81.91
81.90
81.91
81.91
81.90
81.89
81.89
81.89
81.89
81.88
81.88
81.88
81.89
81.88
81.90
81.90
81.90
81.90
81.89
81.81
