81.25
85.16
84.90
84.77
82.81
83.07
83.04
83.20
83.51
84.06
83.95
83.85
83.53
83.48
83.44
83.20
82.90
83.16
82.65
82.89
82.22
82.10
81.93
81.77
81.62
81.67
81.83
81.86
81.63
81.56
81.65
81.74
81.96
81.85
82.10
82.07
82.01
81.74
81.85
82.19
82.24
82.40
82.34
82.35
82.47
82.44
82.58
82.68
82.62
82.75
82.81
82.81
82.75
82.52
82.22
82.25
82.15
82.17
82.10
82.21
82.27
82.21
82.19
82.15
82.16
82.17
82.18
82.17
82.13
82.03
81.89
81.88
81.81
81.80
81.75
81.76
81.80
81.81
81.82
81.93
81.89
81.84
81.91
81.90
81.97
82.03
81.97
81.96
81.93
81.96
81.99
81.98
82.01
81.98
82.06
82.15
82.17
82.22
82.24
82.22
82.26
82.29
82.24
82.24
82.28
82.25
82.24
82.28
82.25
82.22
82.21
82.23
82.18
82.18
82.19
82.19
82.20
82.11
82.06
82.04
82.00
82.01
81.99
81.96
81.95
81.89
81.95
81.96
82.01
82.03
82.05
82.03
82.07
82.04
82.11
82.13
82.14
82.16
82.08
82.09
82.06
82.03
82.04
82.02
82.11
82.14
82.11
82.12
82.11
82.12
82.18
82.14
82.17
82.15
82.10
82.09
82.09
82.11
82.13
82.17
82.18
82.21
82.24
82.23
82.24
82.18
82.20
82.25
82.19
82.22
82.20
82.19
82.19
82.18
82.19
82.16
82.15
82.14
82.14
82.18
82.15
82.10
82.02
82.05
82.04
82.06
82.09
82.07
82.08
82.07
82.09
82.11
82.08
82.10
82.08
82.10
82.10
82.07
82.09
82.11
82.07
82.05
82.05
82.07
82.08
82.08
82.10
82.08
82.08
82.08
82.11
82.09
82.05
82.09
82.08
82.07
82.08
82.05
82.08
82.04
82.05
82.04
82.01
82.05
82.04
82.04
82.06
82.06
82.05
82.09
82.10
82.12
82.11
82.13
82.09
82.08
82.10
82.12
82.10
82.08
82.07
82.02
82.05
82.04
82.07
82.08
82.09
82.11
82.11
82.12
82.12
82.13
82.14
82.13
82.13
82.12
82.11
82.10
82.12
82.15
82.13
82.13
82.11
82.10
82.07
82.06
82.05
82.04
82.03
82.02
82.03
82.04
82.02
82.01
81.99
82.01
82.01
82.03
82.03
82.04
82.02
82.03
81.98
81.98
82.01
81.98
81.97
81.96
81.95
81.93
81.90
81.89
81.90
81.87
81.89
81.91
81.90
81.91
81.92
81.91
81.91
81.93
81.90
81.91
81.94
81.95
81.96
81.96
81.93
81.94
81.95
81.94
81.93
81.93
81.92
81.93
81.92
81.95
81.97
81.98
82.00
82.00
81.99
82.00
81.99
81.99
81.99
81.98
81.95
81.96
81.94
81.93
81.90
81.91
81.94
81.96
81.97
81.99
81.98
81.97
81.96
81.98
81.98
81.99
81.97
81.96
81.97
81.97
81.93
81.92
81.92
81.92
81.91
81.93
81.91
81.91
81.93
81.94
81.94
81.94
81.95
81.93
81.95
81.97
81.96
81.96
81.97
81.97
81.98
81.99
81.97
81.98
81.98
81.98
81.99
81.99
81.98
82.00
82.01
81.97
81.99
82.00
82.01
82.04
82.02
81.99
81.97
81.99
81.99
81.98
81.97
81.98
81.96
81.96
81.93
81.95
81.97
81.97
81.97
81.97
81.98
81.99
81.98
81.96
81.93
81.94
81.94
81.96
81.96
81.96
81.97
81.96
81.97
81.96
81.95
81.96
81.95
81.95
81.97
81.96
81.95
81.95
81.97
81.97
81.94
81.96
81.95
81.95
81.95
81.94
81.93
81.95
81.97
81.99
81.98
81.98
81.98
81.99
82.00
81.99
81.99
81.99
81.97
81.99
81.99
82.00
82.00
82.01
82.00
81.98
81.97
81.98
81.98
81.98
81.99
81.98
81.99
81.98
81.98
81.98
81.98
81.98
81.99
81.99
82.00
81.98
81.98
81.99
81.99
81.99
81.97
81.97
81.99
82.01
82.02
82.02
82.03
82.04
82.04
82.04
82.04
82.03
82.03
82.04
82.04
82.04
82.03
82.03
82.03
82.03
82.01
82.00
82.01
82.00
82.01
82.00
82.02
82.01
82.02
82.03
82.02
82.04
82.03
82.01
82.03
82.04
82.02
82.02
82.03
82.02
82.03
82.04
82.05
82.05
82.06
82.07
82.08
82.06
82.06
82.07
82.07
82.09
82.07
82.06
82.06
82.06
82.07
82.08
82.07
82.07
82.08
82.08
82.09
82.09
82.09
82.07
82.07
82.07
82.08
82.08
82.09
82.10
82.08
82.09
82.10
82.09
82.08
82.09
82.08
82.07
82.06
82.07
82.08
82.07
82.07
82.08
82.07
82.07
82.07
82.08
82.09
82.11
82.11
82.10
82.10
82.12
82.13
82.12
82.14
82.14
82.13
82.15
82.15
82.15
82.14
82.14
82.13
82.11
82.10
82.11
82.10
82.11
82.10
82.10
82.10
82.10
82.10
82.10
82.10
82.11
82.11
82.11
82.12
82.12
82.10
82.09
82.08
82.09
82.08
82.10
82.10
82.10
82.08
82.07
82.08
82.08
82.06
82.06
82.04
82.05
82.05
82.05
82.04
82.04
82.05
82.02
82.02
82.03
82.03
82.03
82.03
82.03
82.02
82.03
82.03
82.03
82.02
82.02
82.02
82.02
82.02
82.02
82.02
82.03
82.03
82.02
82.02
82.01
82.01
82.01
82.00
82.00
82.00
82.00
82.02
82.01
82.01
82.00
82.00
81.99
81.98
81.99
81.98
81.99
81.99
82.00
82.00
82.00
82.00
82.01
82.02
82.02
82.02
82.01
82.01
82.01
82.00
81.99
81.99
82.00
82.00
82.01
82.01
82.02
82.01
82.01
82.00
82.01
82.00
82.00
82.00
82.00
81.98
81.98
81.97
81.98
81.97
81.97
81.98
81.98
81.97
81.97
81.97
81.98
81.97
81.96
81.96
81.96
81.97
81.96
81.96
81.97
81.97
81.97
81.97
81.96
81.97
81.98
81.97
81.97
81.97
81.97
81.97
81.97
81.96
81.97
81.96
81.95
81.93
81.94
81.93
81.94
81.95
81.95
81.96
81.96
81.97
81.97
81.98
81.99
82.00
81.99
82.00
82.01
82.02
82.02
82.02
82.00
82.00
81.99
81.99
81.99
81.98
81.98
81.97
81.98
81.98
81.98
81.98
81.98
81.98
81.98
81.99
81.99
82.00
81.99
82.00
81.99
81.99
81.98
81.97
81.98
81.97
81.96
81.96
81.96
81.96
81.97
81.96
81.96
81.96
81.96
81.96
81.97
81.97
81.98
81.97
81.97
81.97
81.98
81.98
81.90
