3.12
5.47
4.69
4.30
4.06
3.65
3.35
3.32
3.47
3.75
3.69
3.52
3.49
3.57
3.44
3.52
3.49
3.56
3.62
3.83
3.87
4.05
4.01
3.97
3.94
4.09
4.11
4.13
4.15
4.22
4.33
4.25
4.26
4.37
4.29
4.30
4.22
4.19
4.09
4.02
4.00
3.98
4.03
3.98
3.96
3.97
3.99
4.04
4.02
3.94
3.86
3.82
3.92
3.96
3.92
3.99
4.06
3.99
3.92
3.91
3.87
3.83
3.79
3.76
3.80
3.76
3.75
3.72
3.71
3.68
3.68
3.67
3.64
3.63
3.65
3.62
3.59
3.63
3.60
3.59
3.65
3.64
3.65
3.68
3.68
3.67
3.66
3.68
3.67
3.68
3.67
3.65
3.65
3.66
3.70
3.68
3.66
3.64
3.61
3.59
3.62
3.63
3.61
3.64
3.66
3.69
3.69
3.69
3.70
3.68
3.66
3.66
3.69
3.70
3.68
3.68
3.67
3.68
3.73
3.72
3.69
3.70
3.72
3.73
3.70
3.72
3.74
3.75
3.77
3.79
3.78
3.76
3.74
3.71
3.72
3.73
3.74
3.74
3.75
3.76
3.76
3.75
3.77
3.77
3.74
3.76
3.76
3.75
3.75
3.75
3.74
3.76
3.76
3.75
3.75
3.75
3.73
3.77
3.77
3.76
3.77
3.75
3.75
3.73
3.73
3.73
3.74
3.72
3.71
3.69
3.67
3.67
3.68
3.67
3.66
3.66
3.68
3.68
3.67
3.67
3.69
3.68
3.67
3.69
3.70
3.69
3.71
3.72
3.70
3.70
3.71
3.69
3.69
3.67
3.69
3.69
3.69
3.67
3.67
3.70
3.68
3.68
3.69
3.68
3.72
3.70
3.68
3.67
3.67
3.67
3.67
3.67
3.66
3.65
3.65
3.65
3.64
3.66
3.67
3.68
3.68
3.67
3.68
3.67
3.67
3.66
3.64
3.63
3.64
3.64
3.65
3.64
3.65
3.65
3.66
3.65
3.66
3.65
3.65
3.67
3.65
3.65
3.65
3.64
3.64
3.64
3.65
3.65
3.65
3.67
3.66
3.67
3.67
3.66
3.67
3.67
3.67
3.68
3.68
3.67
3.67
3.67
3.68
3.68
3.69
3.68
3.70
3.70
3.70
3.69
3.68
3.68
3.68
3.68
3.67
3.67
3.68
3.68
3.69
3.68
3.68
3.67
3.67
3.66
3.66
3.66
3.66
3.66
3.66
3.66
3.67
3.68
3.67
3.66
3.68
3.68
3.67
3.67
3.67
3.67
3.69
3.67
3.68
3.68
3.70
3.70
3.71
3.70
3.70
3.69
3.70
3.70
3.70
3.71
3.72
3.71
3.72
3.73
3.72
3.72
3.71
3.71
3.70
3.70
3.70
3.69
3.69
3.69
3.69
3.68
3.67
3.69
3.67
3.67
3.67
3.66
3.66
3.66
3.65
3.64
3.64
3.63
3.64
3.65
3.65
3.66
3.66
3.65
3.64
3.63
3.63
3.64
3.64
3.64
3.64
3.65
3.65
3.66
3.66
3.66
3.66
3.66
3.68
3.67
3.67
3.66
3.66
3.66
3.66
3.68
3.68
3.67
3.67
3.67
3.67
3.69
3.68
3.69
3.68
3.67
3.67
3.67
3.67
3.67
3.66
3.68
3.68
3.68
3.69
3.69
3.69
3.68
3.68
3.68
3.69
3.69
3.70
3.69
3.68
3.69
3.69
3.68
3.68
3.68
3.68
3.67
3.67
3.67
3.67
3.67
3.68
3.67
3.67
3.68
3.68
3.68
3.68
3.68
3.69
3.68
3.69
3.70
3.70
3.71
3.71
3.70
3.71
3.71
3.71
3.71
3.71
3.70
3.71
3.72
3.72
3.73
3.72
3.72
3.72
3.73
3.73
3.74
3.74
3.73
3.73
3.72
3.73
3.73
3.73
3.73
3.72
3.71
3.71
3.71
3.71
3.71
3.71
3.72
3.72
3.72
3.72
3.72
3.71
3.70
3.70
3.71
3.71
3.71
3.70
3.70
3.70
3.70
3.70
3.70
3.70
3.71
3.72
3.72
3.72
3.72
3.72
3.71
3.71
3.72
3.71
3.72
3.72
3.72
3.72
3.71
3.71
3.72
3.72
3.73
3.72
3.72
3.72
3.72
3.72
3.72
3.73
3.73
3.72
3.72
3.72
3.73
3.73
3.72
3.72
3.73
3.73
3.74
3.74
3.74
3.74
3.75
3.74
3.74
3.75
3.75
3.75
3.76
3.76
3.75
3.75
3.74
3.74
3.75
3.75
3.75
3.74
3.75
3.75
3.75
3.74
3.75
3.74
3.75
3.74
3.74
3.74
3.74
3.74
3.73
3.74
3.74
3.74
3.73
3.74
3.74
3.74
3.75
3.76
3.75
3.75
3.75
3.75
3.75
3.75
3.74
3.74
3.74
3.74
3.73
3.74
3.73
3.72
3.72
3.72
3.72
3.72
3.72
3.72
3.72
3.72
3.72
3.71
3.71
3.71
3.70
3.70
3.70
3.70
3.69
3.69
3.69
3.69
3.69
3.69
3.69
3.70
3.69
3.69
3.70
3.69
3.69
3.70
3.69
3.70
3.70
3.69
3.69
3.69
3.69
3.69
3.68
3.68
3.68
3.68
3.68
3.67
3.67
3.67
3.67
3.66
3.67
3.66
3.67
3.67
3.67
3.67
3.68
3.67
3.68
3.67
3.67
3.66
3.67
3.67
3.68
3.68
3.68
3.67
3.67
3.66
3.66
3.66
3.66
3.66
3.65
3.65
3.65
3.65
3.64
3.64
3.64
3.64
3.64
3.64
3.64
3.64
3.65
3.64
3.65
3.65
3.66
3.66
3.65
3.66
3.66
3.65
3.65
3.65
3.65
3.65
3.66
3.65
3.64
3.65
3.65
3.66
3.66
3.66
3.65
3.65
3.65
3.65
3.64
3.65
3.65
3.65
3.65
3.65
3.64
3.64
3.64
3.64
3.63
3.63
3.63
3.63
3.63
3.63
3.63
3.63
3.63
3.64
3.64
3.64
3.64
3.64
3.64
3.64
3.64
3.64
3.64
3.64
3.64
3.64
3.64
3.64
3.64
3.63
3.63
3.63
3.64
3.63
3.63
3.63
3.63
3.63
3.63
3.63
3.64
3.63
3.63
3.64
3.64
3.65
3.64
3.64
3.65
3.65
3.65
3.65
3.65
3.65
3.64
3.64
3.65
3.65
3.66
3.66
3.65
3.65
3.65
3.66
3.66
3.66
3.66
3.67
3.67
3.67
3.67
3.67
3.67
3.67
3.67
3.67
3.67
3.67
3.67
3.67
3.67
3.67
3.67
3.67
3.67
3.67
3.67
3.67
3.67
3.67
3.68
3.68
3.67
3.68
3.68
3.68
3.68
3.68
3.67
