76.56
83.59
82.29
81.64
81.88
81.77
81.47
81.25
82.47
82.03
81.96
82.29
82.21
81.92
82.19
82.23
82.54
82.55
82.65
82.89
83.33
83.10
83.02
82.62
82.31
82.57
82.70
82.76
82.54
82.55
82.46
82.47
82.53
82.31
82.41
82.51
82.43
82.52
82.45
82.50
82.58
82.63
82.59
82.49
82.26
82.27
82.35
82.36
82.33
82.31
82.41
82.36
82.37
82.38
82.27
82.23
82.18
82.03
82.12
82.14
82.22
82.23
82.09
82.15
82.28
82.41
82.37
82.44
82.36
82.37
82.35
82.27
82.34
82.37
82.44
82.48
82.57
82.61
82.69
82.64
82.66
82.58
82.57
82.55
82.54
82.56
82.53
82.56
82.57
82.53
82.43
82.39
82.39
82.45
82.43
82.50
82.49
82.46
82.42
82.44
82.47
82.43
82.48
82.48
82.41
82.46
82.49
82.51
82.51
82.51
82.55
82.59
82.58
82.55
82.58
82.60
82.65
82.68
82.64
82.64
82.62
82.63
82.69
82.66
82.64
82.58
82.55
82.56
82.55
82.49
82.51
82.49
82.51
82.54
82.58
82.62
82.69
82.64
82.62
82.58
82.62
82.63
82.65
82.66
82.64
82.65
82.65
82.64
82.59
82.57
82.53
82.52
82.46
82.38
82.34
82.33
82.29
82.32
82.36
82.33
82.34
82.35
82.34
82.36
82.27
82.25
82.29
82.36
82.34
82.29
82.27
82.27
82.29
82.26
82.28
82.26
82.28
82.31
82.33
82.28
82.28
82.26
82.27
82.20
82.22
82.24
82.20
82.18
82.16
82.17
82.15
82.16
82.21
82.22
82.21
82.22
82.21
82.23
82.21
82.21
82.21
82.22
82.20
82.16
82.16
82.16
82.16
82.15
82.17
82.13
82.10
82.07
82.06
82.06
82.09
82.10
82.10
82.08
82.06
82.07
82.09
82.09
82.09
82.11
82.12
82.14
82.14
82.16
82.13
82.11
82.12
82.09
82.10
82.10
82.11
82.06
82.05
82.07
82.05
82.03
82.03
82.01
82.03
82.04
82.05
82.01
82.04
82.06
82.08
82.06
82.08
82.10
82.11
82.13
82.13
82.14
82.15
82.12
82.12
82.14
82.10
82.06
82.05
82.04
82.03
82.03
82.03
82.03
82.05
82.05
82.02
82.01
81.99
82.00
82.01
82.03
82.02
82.04
82.04
82.03
82.04
82.04
82.07
82.03
82.04
82.03
82.02
81.99
82.03
82.05
82.02
82.00
82.00
81.98
82.00
82.00
82.01
82.01
82.01
82.01
82.02
82.03
82.04
82.04
82.02
82.01
82.00
82.00
82.00
82.01
82.03
82.04
82.01
82.01
81.99
81.99
81.96
81.96
81.96
81.96
81.95
81.94
81.94
81.94
81.94
81.92
81.91
81.91
81.91
81.94
81.94
81.94
81.93
81.92
81.92
81.90
81.90
81.91
81.93
81.92
81.90
81.92
81.93
81.93
81.91
81.91
81.93
81.93
81.94
81.97
81.97
81.96
81.94
81.91
81.92
81.93
81.93
81.94
81.94
81.96
81.98
82.00
82.01
82.01
82.03
82.04
82.05
82.05
82.05
82.06
82.08
82.05
82.03
82.01
82.00
81.99
82.00
81.99
81.97
81.96
81.95
81.95
81.96
81.98
81.98
81.99
81.99
81.99
81.99
81.97
81.99
81.97
81.99
82.00
82.00
82.00
81.99
82.00
81.98
81.96
81.98
81.97
81.98
82.00
81.98
81.97
81.96
81.97
81.96
81.98
81.98
81.97
81.98
81.99
82.00
82.00
82.01
82.01
82.03
82.05
82.06
82.06
82.06
82.05
82.04
82.05
82.06
82.06
82.05
82.05
82.04
82.04
82.06
82.06
82.06
82.06
82.05
82.05
82.02
82.00
81.99
82.01
81.98
81.97
81.99
82.00
81.99
81.96
81.97
81.97
81.98
81.97
81.96
81.98
81.98
81.98
81.99
81.97
81.98
81.96
81.97
81.95
81.94
81.94
81.95
81.97
81.98
81.99
81.98
81.96
81.97
81.97
81.97
81.96
81.96
81.96
81.96
81.96
81.97
81.97
81.95
81.94
81.93
