75.00
85.16
79.69
82.03
81.88
82.03
81.47
82.81
81.94
82.19
82.10
81.90
81.97
82.25
82.29
81.74
81.80
82.03
81.83
82.19
82.29
82.24
82.34
82.23
82.25
82.45
82.81
83.09
82.87
82.71
82.71
82.62
82.67
82.54
82.41
82.38
82.47
82.52
82.37
82.38
82.32
82.37
82.30
82.35
82.22
82.17
82.11
82.03
81.82
81.56
81.62
81.64
81.69
81.57
81.48
81.42
81.47
81.60
81.59
81.59
81.63
81.63
81.77
81.74
81.71
81.77
81.79
81.85
81.86
81.92
81.98
81.92
81.98
81.93
81.81
81.74
81.68
81.55
81.43
81.37
81.40
81.42
81.38
81.40
81.40
81.43
81.45
81.46
81.51
81.51
81.58
81.47
81.49
81.55
81.63
81.74
81.72
81.68
81.66
81.75
81.76
81.71
81.71
81.67
81.68
81.56
81.57
81.58
81.57
81.43
81.52
81.47
81.32
81.33
81.36
81.37
81.33
81.33
81.39
81.43
81.42
81.40
81.47
81.45
81.45
81.54
81.47
81.46
81.44
81.41
81.39
81.27
81.30
81.25
81.30
81.22
81.23
81.26
81.26
81.26
81.26
81.26
81.32
81.30
81.33
81.31
81.30
81.31
81.31
81.34
81.30
81.30
81.31
81.25
81.24
81.26
81.28
81.29
81.29
81.33
81.35
81.40
81.38
81.44
81.50
81.49
81.47
81.51
81.48
81.42
81.41
81.40
81.39
81.42
81.40
81.38
81.38
81.35
81.35
81.33
81.34
81.34
81.36
81.34
81.37
81.39
81.41
81.43
81.46
81.49
81.51
81.55
81.57
81.56
81.58
81.59
81.58
81.58
81.59
81.56
81.54
81.53
81.60
81.63
81.64
81.67
81.70
81.73
81.75
81.76
81.72
81.72
81.71
81.69
81.72
81.75
81.74
81.74
81.75
81.77
81.78
81.80
81.78
81.80
81.78
81.77
81.81
81.83
81.83
81.84
81.81
81.81
81.78
81.81
81.80
81.79
81.75
81.77
81.79
81.76
81.76
81.78
81.78
81.78
81.77
81.78
81.78
81.80
81.81
81.83
81.84
81.85
81.87
81.85
81.86
81.84
81.86
81.87
81.87
81.87
81.87
81.91
81.91
81.93
81.95
81.98
81.98
81.93
81.92
81.88
81.87
81.84
81.85
81.84
81.83
81.84
81.81
81.82
81.83
81.82
81.85
81.86
81.86
81.84
81.88
81.92
81.90
81.90
81.93
81.91
81.94
81.96
81.96
81.97
81.96
81.95
81.95
81.97
81.96
81.95
81.94
81.95
81.99
81.97
81.94
81.92
81.92
81.91
81.90
81.91
81.91
81.92
81.94
81.97
81.97
81.98
81.98
81.97
81.98
81.97
81.99
81.99
82.01
82.00
81.99
81.97
81.98
81.96
81.98
81.97
81.98
81.95
81.93
81.95
81.95
81.94
81.92
81.94
81.96
81.96
81.93
81.94
81.90
81.91
81.91
81.92
81.92
81.92
81.93
81.93
81.91
81.91
81.92
81.90
81.93
81.90
81.91
81.91
81.90
81.90
81.89
81.89
81.88
81.90
81.91
81.91
81.88
81.87
81.89
81.87
81.88
81.88
81.87
81.87
81.88
81.87
81.88
81.89
81.89
81.90
81.90
81.89
81.89
81.90
81.90
81.87
81.90
81.91
81.92
81.90
81.90
81.91
81.93
81.92
81.91
81.90
81.91
81.86
81.88
81.88
81.89
81.89
81.90
81.91
81.93
81.94
81.92
81.94
81.94
81.94
81.94
81.94
81.94
81.95
81.97
81.99
82.00
82.02
82.02
82.02
82.01
82.01
82.02
82.01
82.02
82.02
82.03
82.03
82.04
82.04
82.05
82.04
82.03
82.03
82.04
82.06
82.06
82.06
82.08
82.07
82.09
82.09
82.09
82.09
82.09
82.06
82.06
82.06
82.07
82.06
82.06
82.07
82.08
82.07
82.10
82.08
82.07
82.08
82.05
82.06
82.06
82.04
82.05
82.06
82.06
82.06
82.05
82.06
82.04
82.04
82.03
82.02
82.04
82.02
82.03
82.02
82.01
82.00
81.98
81.98
81.98
81.99
82.00
81.99
82.00
82.00
81.99
82.00
82.01
82.00
81.99
81.99
81.99
81.97
81.98
81.98
82.00
82.00
81.99
82.00
82.00
81.98
81.98
81.96
81.96
81.94
81.93
81.94
81.94
81.95
81.95
81.95
81.94
81.95
81.95
81.94
81.95
81.94
81.95
81.95
81.95
81.94
81.95
81.95
81.96
81.95
81.96
81.95
81.94
81.94
81.94
81.95
81.94
81.93
81.92
81.93
81.94
81.92
81.92
81.91
81.89
81.90
81.90
81.90
81.90
81.89
81.90
81.89
81.90
81.91
81.91
81.92
81.91
81.91
81.91
81.90
81.89
81.89
81.90
81.90
81.90
81.90
81.90
81.89
81.89
81.90
81.89
81.89
81.90
81.91
81.91
81.90
81.90
81.90
81.89
81.88
81.89
81.88
81.89
81.88
81.88
81.88
81.89
81.88
81.86
81.87
81.89
81.90
81.91
81.89
81.91
81.92
81.91
81.92
81.92
81.93
81.93
81.93
81.92
81.92
81.92
81.93
81.93
81.93
81.92
81.93
81.93
81.94
81.95
81.94
81.94
81.93
81.94
81.93
81.94
81.94
81.94
81.94
81.93
81.94
81.94
81.93
81.94
81.94
81.94
81.93
81.93
81.94
81.93
81.93
81.93
81.94
81.94
81.93
81.94
81.96
81.95
81.95
81.94
81.93
81.93
81.95
81.96
81.95
81.95
81.94
81.96
81.97
81.97
81.98
81.98
81.98
81.98
81.99
81.99
81.98
81.97
81.98
81.97
81.97
81.98
81.98
81.99
81.98
81.99
82.00
82.00
82.01
82.01
82.01
82.02
82.01
82.03
82.03
82.04
82.05
82.04
82.04
82.04
82.04
82.04
82.04
82.03
82.04
82.03
82.04
82.05
82.07
82.07
82.05
82.06
82.05
82.04
82.04
82.03
82.04
82.04
82.03
82.03
82.03
82.03
82.03
82.03
82.03
82.03
82.02
82.02
82.02
82.03
82.03
82.04
82.05
82.05
82.05
82.04
82.02
82.01
82.01
82.01
82.01
82.01
82.01
82.02
82.01
82.02
82.02
82.02
82.01
82.02
82.02
82.02
82.01
82.01
82.01
82.01
82.01
82.01
82.01
82.01
82.01
82.01
82.01
82.01
82.01
82.01
82.00
82.01
82.01
82.02
82.01
82.01
82.01
82.02
82.02
82.03
82.03
82.01
82.01
82.01
82.01
82.00
82.00
81.99
81.98
81.99
81.98
81.98
81.97
81.98
81.97
81.97
81.96
81.97
81.98
81.97
81.98
81.98
81.98
81.96
81.97
81.99
81.91
