82.81
84.38
84.38
83.98
84.69
85.68
86.38
85.55
85.42
85.00
84.80
84.64
84.25
84.04
84.06
83.89
83.73
83.25
82.98
82.73
82.07
82.10
82.00
82.10
82.19
82.27
82.18
82.09
82.00
82.03
82.16
82.08
82.15
82.12
81.96
81.99
81.76
81.62
81.65
81.76
81.71
81.96
82.16
82.10
82.15
82.17
82.38
82.32
82.21
82.09
82.20
82.27
82.25
82.41
82.36
82.45
82.37
82.35
82.31
82.29
82.27
82.33
82.27
82.20
82.26
82.24
82.28
82.28
82.34
82.25
82.15
82.07
81.93
81.93
81.92
81.91
81.84
81.87
81.84
81.89
81.91
81.99
82.00
82.03
81.93
81.92
81.95
81.91
81.81
81.82
81.80
81.71
81.70
81.67
81.71
81.75
81.73
81.82
81.79
81.81
81.81
81.72
81.75
81.79
81.85
81.84
81.89
81.96
81.97
81.92
81.88
81.92
81.93
81.84
81.79
81.79
81.82
81.89
81.95
81.89
81.95
81.95
81.94
81.98
82.01
82.03
82.04
81.99
82.01
82.01
81.97
81.97
81.93
81.96
81.97
81.93
81.91
81.93
81.94
81.91
81.93
81.90
81.94
81.98
81.97
81.93
81.90
81.89
81.89
81.89
81.86
81.88
81.85
81.86
81.85
81.88
81.91
81.89
81.93
81.90
81.93
81.93
81.97
82.00
82.02
82.00
82.00
82.00
81.96
81.99
81.96
82.00
81.98
81.97
81.92
81.96
81.95
81.92
81.90
81.90
81.92
81.95
81.95
81.94
81.93
81.96
81.94
81.91
81.92
81.91
81.95
81.94
81.94
81.91
81.89
81.92
81.94
81.95
81.96
81.94
81.97
82.00
81.97
81.99
82.00
82.03
82.01
81.98
81.98
81.96
81.98
81.99
81.98
81.98
81.99
82.02
82.03
82.02
82.05
82.02
82.02
82.04
82.04
82.04
82.03
82.05
82.07
82.13
82.12
82.13
82.12
82.12
82.13
82.12
82.13
82.15
82.13
82.15
82.13
82.13
82.15
82.12
82.12
82.13
82.14
82.16
82.16
82.19
82.16
82.14
82.10
82.11
82.11
82.12
82.16
82.16
82.18
82.18
82.17
82.18
82.20
82.17
82.16
82.16
82.15
82.17
82.20
82.21
82.20
82.24
82.22
82.24
82.23
82.25
82.26
82.30
82.28
82.25
82.24
82.21
82.20
82.21
82.24
82.27
82.29
82.30
82.32
82.31
82.31
82.34
82.34
82.35
82.37
82.37
82.37
82.34
82.31
82.27
82.23
82.26
82.28
82.26
82.24
82.26
82.24
82.26
82.26
82.25
82.25
82.22
82.23
82.23
82.21
82.24
82.23
82.20
82.18
82.18
82.19
82.18
82.19
82.22
82.20
82.22
82.20
82.20
82.21
82.22
82.22
82.23
82.22
82.24
82.25
82.24
82.23
82.24
82.25
82.24
82.24
82.23
82.26
82.27
82.26
82.24
82.22
82.23
82.24
82.23
82.23
82.23
82.24
82.24
82.24
82.23
82.21
82.23
82.23
82.21
82.21
82.21
82.19
82.19
82.18
82.19
82.18
82.16
82.17
82.17
82.17
82.18
82.19
82.20
82.19
82.20
82.22
82.22
82.24
82.23
82.21
82.19
82.20
82.19
82.19
82.20
82.18
82.19
82.19
82.21
82.21
82.21
82.20
82.21
82.20
82.18
82.18
82.20
82.20
82.20
82.21
82.21
82.21
82.21
82.22
82.24
82.26
82.27
82.26
82.26
82.27
82.28
82.26
82.24
82.24
82.24
82.24
82.24
82.22
82.20
82.20
82.21
82.20
82.19
82.19
82.19
82.18
82.19
82.16
82.16
82.16
82.14
82.14
82.13
82.13
82.12
82.11
82.09
82.08
82.08
82.09
82.08
82.07
82.09
82.08
82.10
82.10
82.10
82.12
82.11
82.12
82.11
82.11
82.11
82.11
82.10
82.11
82.13
82.14
82.15
82.15
82.13
82.14
82.15
82.14
82.14
82.14
82.15
82.16
82.17
82.17
82.17
82.17
82.16
82.16
82.15
82.16
82.17
82.16
82.16
82.16
82.15
82.16
82.17
82.17
82.18
82.18
82.20
82.19
82.19
82.20
82.20
82.21
82.21
82.21
82.20
82.19
82.20
82.18
82.19
82.20
82.16
82.17
82.18
82.18
82.19
82.19
82.19
82.19
82.19
82.18
82.18
82.18
82.18
82.18
82.17
82.18
82.17
82.17
82.15
82.15
82.13
82.14
82.14
82.16
82.15
82.15
82.15
82.14
82.14
82.14
82.14
82.14
82.13
82.13
82.13
82.12
82.12
82.13
82.12
82.13
82.12
82.12
82.10
82.11
82.09
82.09
82.08
82.08
82.09
82.09
82.08
82.07
82.07
82.07
82.07
82.08
82.08
82.08
82.08
82.08
82.08
82.08
82.08
82.10
82.09
82.09
82.09
82.10
82.09
82.07
82.05
82.04
82.04
82.03
82.03
82.03
82.04
82.04
82.03
82.03
82.04
82.02
82.02
82.02
82.02
82.02
82.01
82.00
81.99
82.00
82.01
82.01
82.00
82.01
82.00
82.00
82.00
82.00
81.99
82.00
82.00
81.99
81.99
81.98
82.00
81.99
81.99
82.01
82.02
82.02
82.02
82.01
82.01
82.01
82.00
82.00
82.01
82.01
82.00
82.00
81.99
81.99
81.99
81.99
82.00
82.00
82.00
82.01
82.01
82.01
82.01
82.00
82.00
81.98
81.99
81.99
82.00
81.99
82.00
82.01
82.02
82.02
82.01
82.01
82.00
81.99
82.00
82.00
82.00
82.00
82.00
82.01
82.03
82.02
82.02
82.03
82.03
82.01
82.01
82.02
82.02
82.01
82.01
82.01
82.00
82.00
82.01
82.02
82.02
82.03
82.02
82.03
82.02
82.03
82.02
82.02
82.03
82.04
82.03
82.04
82.05
82.05
82.05
82.03
82.04
82.04
82.04
82.04
82.06
82.05
82.05
82.05
82.03
82.04
82.02
82.03
82.04
82.03
82.04
82.03
82.02
82.03
82.02
82.03
82.04
82.03
82.02
82.01
82.00
82.00
81.99
82.00
81.99
81.98
81.99
82.00
81.99
81.99
82.00
82.00
81.99
81.99
81.99
81.99
81.99
81.99
81.99
82.00
82.01
82.00
81.99
81.99
81.99
81.99
81.98
81.98
81.98
81.99
81.99
81.98
81.99
81.99
81.99
82.00
82.00
82.00
82.01
82.01
82.01
82.01
82.00
82.00
82.00
82.00
82.00
82.00
81.99
81.99
82.00
82.00
82.00
82.00
82.00
81.99
81.99
81.98
81.98
81.97
81.98
81.97
81.98
81.98
81.97
81.97
81.98
81.97
81.98
81.98
81.98
81.98
81.98
81.98
81.90
