79.69
82.03
83.33
80.47
80.31
80.47
80.58
81.25
81.25
81.56
81.68
81.77
81.97
82.14
82.19
82.32
82.35
82.64
82.65
83.05
83.11
83.17
83.22
83.01
83.00
82.81
82.35
82.59
82.44
82.34
82.41
82.28
82.10
82.12
82.19
81.94
82.01
82.07
81.97
81.99
81.82
81.96
81.83
81.96
81.81
81.79
81.72
81.74
81.86
81.94
81.89
81.91
82.02
82.00
82.07
82.20
82.24
82.27
82.28
82.21
82.25
82.26
82.27
82.30
82.24
82.24
82.21
82.28
82.29
82.23
82.28
82.31
82.26
82.24
82.29
82.32
82.18
82.19
82.22
82.09
82.10
82.18
82.12
82.12
82.13
82.07
82.00
82.00
82.00
81.93
81.97
81.96
81.97
81.93
82.01
82.00
81.94
82.02
81.99
81.97
81.98
82.00
82.01
82.03
81.99
81.93
81.88
81.86
81.82
81.85
81.88
81.92
81.90
81.88
81.83
81.83
81.86
81.87
81.87
81.84
81.86
81.85
81.85
81.83
81.89
81.88
81.87
81.82
81.81
81.83
81.80
81.79
81.77
81.75
81.77
81.77
81.79
81.75
81.71
81.69
81.72
81.75
81.75
81.79
81.81
81.80
81.81
81.86
81.85
81.89
81.83
81.84
81.85
81.85
81.88
81.87
81.90
81.88
81.85
81.88
81.85
81.87
81.86
81.90
81.93
81.88
81.88
81.85
81.81
81.83
81.77
81.74
81.75
81.79
81.84
81.80
81.81
81.86
81.83
81.82
81.82
81.80
81.78
81.80
81.81
81.80
81.77
81.77
81.75
81.78
81.80
81.81
81.83
81.83
81.88
81.86
81.83
81.84
81.84
81.87
81.86
81.88
81.86
81.83
81.81
81.78
81.79
81.75
81.74
81.70
81.68
81.66
81.66
81.70
81.70
81.66
81.66
81.67
81.67
81.65
81.69
81.67
81.68
81.69
81.72
81.75
81.79
81.79
81.79
81.81
81.83
81.84
81.85
81.79
81.82
81.83
81.86
81.89
81.88
81.83
81.79
81.78
81.81
81.81
81.83
81.83
81.83
81.80
81.80
81.82
81.85
81.82
81.82
81.83
81.81
81.82
81.82
81.83
81.82
81.80
81.77
81.80
81.82
81.79
81.79
81.81
81.81
81.82
81.80
81.81
81.82
81.81
81.81
81.81
81.82
81.83
81.85
81.85
81.85
81.81
81.83
81.80
81.79
81.78
81.78
81.79
81.76
81.76
81.76
81.77
81.75
81.74
81.75
81.75
81.78
81.80
81.78
81.78
81.79
81.80
81.78
81.76
81.78
81.76
81.77
81.77
81.74
81.78
81.78
81.78
81.77
81.78
81.76
81.77
81.77
81.77
81.78
81.78
81.78
81.80
81.82
81.82
81.83
81.80
81.84
81.85
81.85
81.87
81.86
81.88
81.87
81.87
81.86
81.87
81.87
81.86
81.85
81.86
81.87
81.89
81.89
81.89
81.91
81.92
81.95
81.96
81.98
81.97
81.98
81.98
81.97
81.95
81.96
81.97
81.95
81.96
81.97
81.97
81.99
81.97
81.99
81.98
81.99
81.98
81.97
81.98
81.99
81.98
81.99
82.01
82.03
82.04
82.05
82.04
82.05
82.04
82.05
82.06
82.05
82.06
82.05
82.04
82.03
82.05
82.05
82.06
82.04
82.05
82.06
82.06
82.04
82.04
82.04
82.06
82.03
82.04
82.03
82.04
82.04
82.05
82.05
82.05
82.06
82.04
82.07
82.04
82.05
82.04
82.02
82.02
82.03
82.03
82.04
82.05
82.05
82.06
82.07
82.05
82.04
82.05
82.03
82.05
82.05
82.06
82.04
82.03
82.03
82.04
82.05
82.05
82.04
82.05
82.05
82.05
82.05
82.07
82.05
82.04
82.03
82.05
82.08
82.07
82.05
82.03
82.04
82.06
82.05
82.06
82.06
82.06
82.05
82.06
82.06
82.07
82.06
82.06
82.07
82.08
82.08
82.08
82.08
82.07
82.08
82.08
82.10
82.10
82.09
82.09
82.09
82.08
82.07
82.06
82.07
82.09
82.10
82.09
82.10
82.09
82.07
82.06
82.06
82.06
82.06
82.04
82.04
82.04
82.04
82.06
82.06
82.06
82.05
82.04
82.04
82.04
82.04
82.04
82.06
82.04
82.02
82.03
82.01
82.01
82.02
82.02
82.03
82.04
82.03
82.03
82.02
82.00
82.01
82.01
82.00
82.00
82.01
82.02
82.02
82.03
82.04
82.02
82.02
82.02
82.02
82.03
82.02
82.02
82.02
82.02
82.02
82.04
82.04
82.04
82.04
82.03
82.03
82.04
82.04
82.05
82.04
82.03
82.04
82.05
82.06
82.05
82.06
82.06
82.04
82.05
82.05
82.04
82.03
82.03
82.04
82.03
82.02
82.02
82.02
82.03
82.04
82.03
82.03
82.03
82.02
82.01
82.01
82.00
81.99
82.00
82.00
82.01
82.01
82.00
82.01
82.01
82.00
82.00
82.00
82.02
82.03
82.01
82.00
82.00
82.01
82.00
82.01
82.01
82.01
81.99
82.00
82.00
82.00
82.00
82.00
82.00
82.00
81.99
81.97
81.97
81.96
81.95
81.96
81.97
81.96
81.96
81.96
81.96
81.98
81.97
81.98
81.99
81.99
81.99
82.00
82.01
82.01
81.99
81.98
81.99
82.01
82.01
82.01
82.03
82.01
82.01
82.00
82.01
82.01
82.02
82.00
82.00
82.00
81.98
81.98
81.98
81.98
81.98
81.98
81.98
81.98
81.98
81.99
81.99
82.01
82.01
82.02
82.01
82.03
82.03
82.04
82.04
82.03
82.03
82.04
82.05
82.05
82.04
82.04
82.05
82.05
82.04
82.03
82.03
82.03
82.02
82.02
82.01
82.02
82.01
82.01
82.01
82.01
82.00
82.01
82.02
82.02
82.03
82.02
82.03
82.04
82.05
82.06
82.07
82.06
82.06
82.06
82.06
82.06
82.07
82.08
82.07
82.06
82.07
82.06
82.06
82.05
82.04
82.05
82.06
82.06
82.06
82.03
82.02
82.02
82.02
82.03
82.02
82.00
82.01
82.01
82.01
82.01
81.99
82.00
81.99
81.99
81.99
82.00
82.01
82.00
82.01
82.01
82.02
82.02
82.02
82.02
82.03
82.02
82.01
82.01
82.02
82.02
82.03
82.03
82.03
82.04
82.04
82.03
82.05
82.05
82.04
82.03
82.03
82.03
82.02
82.03
82.03
82.01
82.01
82.02
82.02
82.02
82.02
82.01
82.01
82.02
82.02
82.01
82.01
82.02
82.02
82.01
82.01
82.01
82.01
82.01
82.01
82.02
82.03
82.03
82.02
82.01
82.00
82.00
81.99
81.99
81.99
82.00
82.00
81.99
81.99
81.98
81.90
