82.81
79.69
80.21
81.25
80.94
80.73
81.03
80.86
81.25
81.25
81.96
82.03
81.97
82.25
82.50
82.62
83.00
82.99
82.48
82.27
82.44
82.32
82.40
82.23
82.44
82.15
82.12
82.03
81.73
81.88
81.50
81.54
81.82
81.80
81.79
81.81
81.88
81.70
81.89
81.80
81.97
81.77
81.83
81.85
81.91
82.00
81.95
81.93
81.76
81.75
81.56
81.49
81.57
81.57
81.53
81.64
81.72
81.55
81.54
81.54
81.45
81.43
81.42
81.54
81.59
81.53
81.51
81.48
81.43
81.36
81.21
81.25
81.34
81.33
81.25
81.19
81.21
81.25
81.33
81.37
81.39
81.38
81.33
81.45
81.40
81.34
81.30
81.41
81.39
81.42
81.52
81.56
81.52
81.57
81.55
81.54
81.52
81.51
81.55
81.61
81.61
81.62
81.63
81.63
81.64
81.63
81.63
81.63
81.61
81.68
81.66
81.63
81.66
81.65
81.71
81.76
81.73
81.71
81.74
81.72
81.77
81.80
81.77
81.69
81.67
81.67
81.67
81.67
81.64
81.60
81.60
81.61
81.64
81.59
81.60
81.49
81.49
81.45
81.50
81.48
81.47
81.45
81.47
81.48
81.54
81.57
81.59
81.65
81.70
81.68
81.67
81.72
81.75
81.75
81.70
81.70
81.69
81.66
81.66
81.66
81.61
81.64
81.66
81.67
81.65
81.66
81.67
81.71
81.71
81.70
81.73
81.73
81.75
81.77
81.74
81.71
81.76
81.79
81.82
81.81
81.79
81.79
81.78
81.80
81.79
81.79
81.77
81.82
81.84
81.84
81.84
81.87
81.89
81.86
81.92
81.91
81.93
81.91
81.89
81.86
81.85
81.85
81.82
81.80
81.81
81.86
81.85
81.87
81.86
81.85
81.84
81.80
81.84
81.83
81.83
81.81
81.79
81.79
81.79
81.78
81.77
81.77
81.76
81.75
81.76
81.76
81.78
81.78
81.78
81.79
81.78
81.80
81.77
81.76
81.75
81.74
81.72
81.69
81.69
81.71
81.72
81.75
81.76
81.72
81.74
81.76
81.77
81.77
81.78
81.81
81.84
81.85
81.80
81.81
81.83
81.77
81.76
81.76
81.76
81.77
81.76
81.76
81.76
81.74
81.72
81.72
81.70
81.70
81.67
81.68
81.69
81.68
81.68
81.67
81.68
81.70
81.72
81.69
81.70
81.68
81.66
81.65
81.63
81.61
81.61
81.62
81.61
81.60
81.60
81.58
81.58
81.59
81.61
81.60
81.60
81.59
81.59
81.60
81.59
81.60
81.60
81.64
81.63
81.63
81.63
81.64
81.65
81.66
81.64
81.63
81.61
81.62
81.64
81.63
81.63
81.63
81.62
81.62
81.59
81.57
81.56
81.55
81.55
81.54
81.53
81.52
81.51
81.49
81.49
81.47
81.44
81.45
81.42
81.43
81.43
81.44
81.44
81.41
81.42
81.42
81.41
81.40
81.41
81.44
81.46
81.45
81.41
81.43
81.45
81.43
81.41
81.41
81.42
81.43
81.44
81.45
81.48
81.47
81.49
81.51
81.51
81.49
81.47
81.47
81.47
81.50
81.50
81.50
81.52
81.54
81.53
81.51
81.49
81.48
81.48
81.46
81.45
81.44
81.43
81.43
81.45
81.45
81.45
81.43
81.43
81.43
81.43
81.45
81.45
81.45
81.45
81.47
81.46
81.46
81.43
81.42
81.42
81.43
81.44
81.44
81.46
81.46
81.45
81.45
81.45
81.47
81.46
81.46
81.44
81.45
81.44
81.43
81.44
81.44
81.43
81.43
81.46
81.47
81.47
81.48
81.48
81.49
81.50
81.49
81.48
81.48
81.50
81.51
81.52
81.50
81.48
81.47
81.49
81.50
81.47
81.48
81.47
81.47
81.50
81.50
81.50
81.50
81.49
81.48
81.48
81.48
81.49
81.50
81.51
81.53
81.53
81.52
81.52
81.53
81.53
81.52
81.52
81.52
81.53
81.53
81.51
81.51
81.50
81.50
81.51
81.52
81.51
81.52
81.52
81.52
81.51
81.50
81.51
81.50
81.50
81.48
81.47
81.45
81.46
81.46
81.49
81.49
81.48
81.50
81.48
81.48
81.48
81.49
81.48
81.47
81.47
81.48
81.48
81.47
81.46
81.46
81.47
81.46
81.46
81.45
81.45
81.46
81.46
81.46
81.47
81.47
81.47
81.47
81.49
81.49
81.48
81.47
81.49
81.50
81.51
81.51
81.52
81.52
81.53
81.52
81.53
81.52
81.52
81.51
81.52
81.53
81.53
81.54
81.53
81.53
81.53
81.54
81.54
81.55
81.52
81.52
81.53
81.53
81.53
81.53
81.52
81.53
81.53
81.55
81.54
81.55
81.55
81.54
81.55
81.54
81.54
81.56
81.57
81.57
81.57
81.58
81.57
81.57
81.58
81.57
81.58
81.58
81.58
81.59
81.60
81.60
81.61
81.62
81.63
81.65
81.65
81.65
81.65
81.65
81.66
81.67
81.66
81.66
81.67
81.67
81.67
81.67
81.68
81.67
81.67
81.67
81.66
81.67
81.66
81.65
81.67
81.65
81.65
81.66
81.66
81.66
81.67
81.66
81.65
81.65
81.64
81.62
81.61
81.61
81.61
81.60
81.59
81.60
81.59
81.59
81.60
81.61
81.61
81.61
81.60
81.59
81.60
81.59
81.60
81.59
81.59
81.58
81.60
81.61
81.61
81.61
81.59
81.60
81.60
81.60
81.60
81.60
81.61
81.62
81.62
81.63
81.62
81.61
81.61
81.62
81.61
81.62
81.62
81.62
81.60
81.61
81.61
81.62
81.62
81.63
81.62
81.62
81.63
81.63
81.64
81.64
81.64
81.63
81.63
81.63
81.61
81.61
81.61
81.61
81.61
81.60
81.61
81.62
81.62
81.61
81.60
81.60
81.59
81.60
81.60
81.59
81.58
81.58
81.58
81.57
81.57
81.57
81.57
81.57
81.57
81.58
81.58
81.59
81.58
81.58
81.58
81.57
81.57
81.57
81.57
81.58
81.57
81.57
81.57
81.56
81.56
81.55
81.56
81.56
81.56
81.57
81.56
81.57
81.56
81.56
81.55
81.54
81.53
81.53
81.53
81.54
81.54
81.54
81.54
81.54
81.54
81.54
81.53
81.54
81.53
81.53
81.53
81.53
81.53
81.52
81.52
81.53
81.54
81.54
81.55
81.55
81.55
81.54
81.55
81.55
81.55
81.55
81.55
81.55
81.55
81.54
81.54
81.56
81.56
81.57
81.57
81.56
81.57
81.57
81.57
81.57
81.58
81.58
81.58
81.59
81.59
81.59
81.59
81.59
81.58
81.57
81.58
81.58
81.58
81.59
81.60
81.61
81.60
81.59
81.59
81.59
81.59
81.60
81.60
81.59
81.59
81.51
