82.81
84.38
83.85
83.98
83.12
83.07
82.59
82.03
82.47
82.03
82.24
82.29
82.09
82.59
82.81
82.23
82.17
82.12
82.40
82.42
82.59
82.46
82.61
82.68
82.50
82.63
82.29
82.59
82.76
82.81
82.76
82.67
82.67
82.67
82.59
82.55
82.56
82.44
82.33
82.27
82.13
82.11
81.98
81.92
81.84
81.73
81.78
81.87
81.86
81.81
81.80
81.79
81.60
81.48
81.56
81.58
81.69
81.87
81.86
81.98
82.04
82.03
82.12
82.03
82.14
82.03
81.90
81.94
81.93
81.85
81.80
81.79
81.85
81.90
81.90
81.76
81.72
81.61
81.47
81.48
81.46
81.46
81.49
81.53
81.43
81.47
81.54
81.59
81.65
81.61
81.59
81.54
81.55
81.53
81.63
81.66
81.56
81.54
81.53
81.55
81.56
81.59
81.57
81.61
81.61
81.62
81.60
81.55
81.59
81.59
81.60
81.50
81.49
81.47
81.51
81.55
81.56
81.63
81.64
81.65
81.65
81.67
81.67
81.69
81.67
81.68
81.66
81.68
81.73
81.72
81.70
81.68
81.65
81.66
81.68
81.70
81.72
81.76
81.67
81.61
81.59
81.61
81.58
81.58
81.53
81.45
81.49
81.50
81.52
81.52
81.53
81.55
81.57
81.65
81.64
81.63
81.66
81.60
81.58
81.56
81.57
81.54
81.54
81.50
81.51
81.49
81.48
81.50
81.54
81.56
81.58
81.64
81.66
81.65
81.66
81.66
81.64
81.67
81.68
81.67
81.65
81.59
81.62
81.59
81.60
81.60
81.61
81.60
81.60
81.57
81.63
81.63
81.66
81.68
81.67
81.62
81.61
81.57
81.59
81.55
81.54
81.54
81.53
81.52
81.53
81.52
81.54
81.51
81.53
81.50
81.50
81.46
81.41
81.41
81.37
81.38
81.38
81.38
81.36
81.38
81.41
81.41
81.39
81.40
81.38
81.37
81.37
81.37
81.39
81.43
81.44
81.43
81.42
81.40
81.40
81.42
81.43
81.44
81.45
81.47
81.46
81.46
81.45
81.47
81.46
81.44
81.45
81.45
81.45
81.48
81.50
81.53
81.53
81.55
81.54
81.54
81.54
81.56
81.53
81.56
81.54
81.54
81.52
81.53
81.54
81.56
81.53
81.51
81.49
81.51
81.54
81.52
81.54
81.54
81.54
81.57
81.59
81.62
81.64
81.60
81.57
81.60
81.56
81.56
81.54
81.54
81.55
81.53
81.53
81.54
81.56
81.58
81.58
81.57
81.58
81.57
81.56
81.55
81.53
81.52
81.49
81.50
81.52
81.53
81.54
81.56
81.59
81.59
81.61
81.60
81.60
81.59
81.57
81.57
81.56
81.57
81.58
81.56
81.57
81.57
81.60
81.58
81.58
81.58
81.57
81.57
81.58
81.60
81.60
81.61
81.59
81.58
81.59
81.60
81.59
81.57
81.56
81.56
81.54
81.55
81.54
81.54
81.55
81.55
81.58
81.59
81.61
81.64
81.61
81.61
81.61
81.63
81.64
81.66
81.65
81.65
81.64
81.66
81.65
81.65
81.65
81.66
81.67
81.67
81.65
81.66
81.66
81.66
81.65
81.65
81.67
81.66
81.67
81.67
81.67
81.66
81.64
81.65
81.67
81.67
81.67
81.68
81.68
81.69
81.68
81.69
81.67
81.66
81.66
81.65
81.63
81.63
81.65
81.64
81.64
81.65
81.65
81.67
81.68
81.66
81.66
81.65
81.64
81.64
81.65
81.62
81.61
81.61
81.61
81.60
81.62
81.63
81.63
81.64
81.64
81.64
81.63
81.65
81.67
81.66
81.64
81.63
81.63
81.63
81.64
81.62
81.63
81.64
81.64
81.66
81.66
81.66
81.66
81.66
81.67
81.67
81.68
81.70
81.72
81.73
81.73
81.74
81.74
81.77
81.78
81.78
81.80
81.79
81.79
81.78
81.75
81.76
81.76
81.78
81.77
81.76
81.76
81.75
81.76
81.76
81.76
81.76
81.77
81.76
81.75
81.75
81.75
81.75
81.76
81.76
81.76
81.75
81.75
81.74
81.75
81.77
81.77
81.75
81.73
81.74
81.74
81.74
81.75
81.76
81.75
81.75
81.75
81.74
81.74
81.73
81.74
81.73
81.73
81.74
81.75
81.75
81.76
81.76
81.76
81.77
81.77
81.78
81.78
81.78
81.77
81.77
81.75
81.75
81.74
81.74
81.74
81.73
81.71
81.72
81.72
81.72
81.72
81.72
81.73
81.74
81.74
81.74
81.73
81.74
81.74
81.73
81.75
81.75
81.76
81.76
81.75
81.75
81.75
81.76
81.77
81.77
81.76
81.75
81.76
81.77
81.76
81.75
81.75
81.76
81.75
81.75
81.76
81.77
81.78
81.78
81.77
81.78
81.79
81.78
81.78
81.79
81.80
81.78
81.79
81.78
81.77
81.79
81.80
81.81
81.81
81.82
81.81
81.82
81.83
81.84
81.84
81.85
81.85
81.86
81.86
81.86
81.86
81.87
81.88
81.87
81.86
81.86
81.86
81.86
81.86
81.86
81.86
81.85
81.87
81.88
81.88
81.88
81.86
81.88
81.88
81.86
81.85
81.84
81.85
81.84
81.85
81.84
81.85
81.85
81.84
81.84
81.84
81.85
81.84
81.86
81.87
81.87
81.87
81.86
81.86
81.86
81.85
81.85
81.85
81.85
81.84
81.83
81.83
81.83
81.83
81.83
81.83
81.84
81.83
81.82
81.82
81.82
81.82
81.82
81.84
81.85
81.84
81.83
81.83
81.84
81.84
81.84
81.85
81.84
81.84
81.84
81.83
81.83
81.83
81.83
81.82
81.82
81.82
81.82
81.82
81.83
81.83
81.82
81.83
81.82
81.82
81.82
81.82
81.81
81.80
81.81
81.80
81.81
81.81
81.81
81.80
81.81
81.81
81.82
81.82
81.80
81.80
81.81
81.80
81.80
81.80
81.80
81.80
81.80
81.79
81.79
81.80
81.78
81.78
81.77
81.77
81.77
81.77
81.77
81.77
81.77
81.77
81.77
81.77
81.77
81.77
81.77
81.75
81.76
81.77
81.76
81.76
81.76
81.75
81.75
81.76
81.75
81.74
81.74
81.75
81.76
81.76
81.77
81.77
81.76
81.75
81.75
81.74
81.74
81.74
81.73
81.73
81.74
81.74
81.74
81.75
81.74
81.74
81.74
81.75
81.75
81.75
81.76
81.75
81.76
81.75
81.76
81.75
81.76
81.76
81.76
81.77
81.77
81.78
81.79
81.79
81.78
81.78
81.78
81.79
81.78
81.79
81.80
81.80
81.81
81.81
81.81
81.81
81.81
81.82
81.83
81.84
81.84
81.84
81.83
81.84
81.85
81.85
81.86
81.85
81.86
81.85
81.84
81.85
81.84
81.83
81.75
