87.50
87.50
87.50
86.72
84.06
82.81
82.14
81.25
81.94
81.41
81.25
81.90
81.97
82.48
82.60
83.01
83.09
83.33
83.22
83.67
83.48
83.45
83.56
83.59
83.69
83.41
83.39
83.48
83.67
83.75
83.77
83.59
83.43
83.50
83.30
82.90
82.85
82.94
82.85
82.93
83.08
83.04
83.14
83.03
83.02
82.98
82.91
83.07
83.07
82.81
82.63
82.60
82.58
82.58
82.59
82.62
82.46
82.49
82.42
82.47
82.48
82.41
82.22
82.18
82.21
82.29
82.39
82.40
82.31
82.43
82.46
82.38
82.41
82.47
82.35
82.34
82.35
82.33
82.30
82.25
82.29
82.22
82.13
82.20
82.19
82.25
82.18
82.14
82.11
82.15
82.11
82.12
82.07
82.01
82.06
82.03
82.10
82.17
82.15
82.20
82.24
82.25
82.22
82.21
82.23
82.22
82.21
82.18
82.18
82.22
82.15
82.16
82.19
82.14
82.19
82.21
82.22
82.19
82.22
82.19
82.12
82.13
82.15
82.12
82.12
82.20
82.23
82.28
82.32
82.33
82.34
82.39
82.45
82.45
82.43
82.43
82.44
82.45
82.42
82.43
82.38
82.43
82.44
82.39
82.44
82.48
82.49
82.44
82.40
82.38
82.34
82.35
82.30
82.23
82.25
82.21
82.29
82.30
82.31
82.31
82.31
82.29
82.30
82.23
82.18
82.18
82.20
82.26
82.27
82.29
82.29
82.31
82.31
82.31
82.25
82.26
82.27
82.25
82.24
82.24
82.23
82.25
82.18
82.18
82.20
82.21
82.20
82.23
82.19
82.21
82.17
82.18
82.18
82.18
82.21
82.21
82.18
82.14
82.16
82.13
82.13
82.09
82.06
82.06
82.10
82.08
82.08
82.06
82.08
82.08
82.09
82.12
82.14
82.13
82.12
82.14
82.15
82.12
82.14
82.16
82.15
82.14
82.13
82.10
82.12
82.16
82.17
82.14
82.16
82.17
82.18
82.21
82.26
82.23
82.21
82.21
82.22
82.23
82.24
82.21
82.24
82.26
82.25
82.26
82.23
82.24
82.24
82.26
82.25
82.27
82.27
82.24
82.24
82.22
82.24
82.22
82.21
82.20
82.22
82.26
82.27
82.26
82.28
82.30
82.30
82.31
82.32
82.33
82.32
82.31
82.31
82.32
82.34
82.37
82.38
82.38
82.42
82.41
82.41
82.44
82.46
82.48
82.49
82.49
82.48
82.45
82.47
82.50
82.52
82.52
82.52
82.52
82.51
82.50
82.51
82.51
82.49
82.50
82.49
82.45
82.43
82.41
82.42
82.42
82.42
82.43
82.42
82.41
82.42
82.41
82.41
82.42
82.42
82.40
82.40
82.41
82.39
82.38
82.41
82.41
82.41
82.44
82.44
82.45
82.44
82.41
82.40
82.37
82.39
82.39
82.36
82.36
82.34
82.34
82.33
82.34
82.33
82.34
82.32
82.31
82.33
82.31
82.32
82.31
82.30
82.30
82.31
82.32
82.32
82.31
82.28
82.28
82.29
82.29
82.29
82.28
82.28
82.27
82.25
82.22
82.21
82.18
82.20
82.19
82.17
82.21
82.22
82.20
82.22
82.21
82.23
82.23
82.23
82.25
82.25
82.26
82.26
82.25
82.26
82.26
82.26
82.25
82.25
82.26
82.23
82.23
82.21
82.22
82.23
82.24
82.24
82.21
82.21
82.21
82.19
82.21
82.19
82.18
82.20
82.18
82.17
82.19
82.19
82.19
82.20
82.20
82.22
82.22
82.21
82.20
82.22
82.24
82.24
82.23
82.23
82.23
82.22
82.22
82.22
82.20
82.20
82.20
82.21
82.20
82.20
82.19
82.18
82.18
82.18
82.17
82.14
82.13
82.13
82.13
82.14
82.16
82.15
82.15
82.16
82.16
82.16
82.16
82.15
82.15
82.15
82.15
82.16
82.15
82.14
82.12
82.11
82.11
82.10
82.09
82.07
82.06
82.05
82.07
82.07
82.09
82.10
82.06
82.07
82.06
82.05
82.05
82.06
82.04
82.05
82.06
82.06
82.05
82.06
82.08
82.09
82.09
82.08
82.08
82.08
82.07
82.08
82.10
82.10
82.09
82.10
82.11
82.12
82.11
82.09
82.09
82.08
82.09
82.08
82.08
82.08
82.07
82.07
82.08
82.08
82.07
82.06
82.05
82.05
82.05
82.05
82.05
82.05
82.05
82.05
82.05
82.08
82.08
82.09
82.10
82.11
82.12
82.11
82.11
82.11
82.10
82.11
82.10
82.10
82.09
82.10
82.10
82.09
82.08
82.09
82.09
82.10
82.10
82.09
82.09
82.10
82.10
82.10
82.10
82.09
82.10
82.08
82.09
82.10
82.09
82.08
82.07
82.07
82.06
82.06
82.08
82.08
82.07
82.07
82.07
82.08
82.08
82.08
82.08
82.06
82.05
82.05
82.04
82.04
82.03
82.03
82.05
82.05
82.05
82.05
82.06
82.07
82.07
82.08
82.07
82.08
82.09
82.09
82.10
82.10
82.10
82.11
82.10
82.08
82.08
82.08
82.04
82.05
82.06
82.06
82.07
82.07
82.06
82.06
82.05
82.06
82.07
82.07
82.05
82.06
82.05
82.04
82.05
82.05
82.04
82.05
82.04
82.03
82.03
82.04
82.04
82.02
82.01
82.02
82.03
82.02
82.03
82.03
82.04
82.05
82.03
82.04
82.04
82.05
82.06
82.06
82.07
82.07
82.07
82.06
82.06
82.05
82.05
82.05
82.05
82.06
82.05
82.05
82.06
82.06
82.05
82.07
82.06
82.05
82.06
82.05
82.05
82.04
82.05
82.05
82.05
82.06
82.07
82.06
82.06
82.05
82.06
82.07
82.07
82.07
82.07
82.05
82.04
82.04
82.05
82.05
82.06
82.07
82.07
82.07
82.07
82.06
82.07
82.08
82.08
82.08
82.07
82.08
82.08
82.08
82.07
82.07
82.07
82.08
82.09
82.10
82.10
82.11
82.10
82.10
82.09
82.11
82.11
82.10
82.11
82.10
82.09
82.09
82.10
82.10
82.10
82.10
82.09
82.08
82.08
82.08
82.08
82.07
82.07
82.07
82.07
82.07
82.06
82.05
82.05
82.04
82.03
82.04
82.04
82.03
82.03
82.02
82.02
82.03
82.03
82.02
82.01
82.00
82.00
82.00
81.99
81.99
81.99
81.99
81.99
81.98
81.99
81.99
82.00
82.00
82.00
82.00
81.99
81.99
81.99
81.97
81.97
81.97
81.97
81.97
81.96
81.96
81.95
81.95
81.95
81.95
81.95
81.95
81.96
81.96
81.97
81.97
81.97
81.96
81.97
81.98
81.97
81.97
81.98
81.99
81.98
81.98
81.98
81.97
81.97
81.97
81.98
81.97
81.98
81.98
81.98
81.98
81.90
