90.62
89.06
86.46
86.72
87.81
86.98
85.94
85.35
85.42
85.00
85.09
85.29
85.58
85.60
85.21
85.25
84.74
84.29
84.21
84.45
84.30
84.38
83.97
83.92
83.44
83.47
83.62
83.31
83.30
83.39
83.57
83.45
83.43
83.59
83.57
83.42
83.23
83.26
83.21
83.12
83.04
83.15
83.10
83.13
83.19
83.19
83.11
83.04
82.84
82.81
82.84
82.75
82.72
82.87
83.01
82.87
82.73
82.76
82.71
82.76
82.84
82.84
82.71
82.71
82.81
82.77
82.84
82.88
82.90
83.01
82.99
82.92
82.81
82.83
82.85
82.85
82.87
82.81
82.87
82.73
82.79
82.76
82.72
82.74
82.79
82.78
82.72
82.81
82.83
82.86
82.83
82.85
82.78
82.78
82.73
82.81
82.80
82.88
82.83
82.89
82.89
82.94
82.90
82.86
82.89
82.89
82.80
82.80
82.77
82.77
82.84
82.87
82.92
82.95
82.93
82.93
82.99
82.96
82.93
82.86
82.83
82.83
82.75
82.70
82.66
82.66
82.63
82.59
82.55
82.58
82.54
82.55
82.52
82.50
82.49
82.48
82.50
82.53
82.52
82.51
82.55
82.52
82.56
82.55
82.56
82.53
82.55
82.52
82.53
82.47
82.48
82.48
82.46
82.41
82.41
82.42
82.43
82.43
82.43
82.39
82.35
82.37
82.39
82.38
82.37
82.38
82.36
82.39
82.41
82.41
82.39
82.39
82.37
82.34
82.31
82.32
82.32
82.30
82.33
82.36
82.41
82.43
82.48
82.51
82.50
82.48
82.42
82.42
82.46
82.44
82.47
82.45
82.46
82.43
82.42
82.44
82.45
82.45
82.49
82.50
82.47
82.50
82.49
82.45
82.45
82.46
82.47
82.46
82.41
82.43
82.38
82.39
82.39
82.44
82.46
82.45
82.47
82.50
82.48
82.48
82.44
82.45
82.42
82.44
82.47
82.45
82.43
82.42
82.38
82.37
82.35
82.38
82.37
82.40
82.38
82.37
82.32
82.30
82.30
82.34
82.33
82.32
82.31
82.30
82.29
82.27
82.29
82.28
82.27
82.27
82.29
82.29
82.28
82.28
82.26
82.25
82.27
82.26
82.22
82.22
82.26
82.25
82.26
82.27
82.28
82.26
82.27
82.27
82.29
82.26
82.26
82.25
82.25
82.28
82.28
82.32
82.34
82.35
82.34
82.33
82.32
82.31
82.30
82.31
82.30
82.30
82.31
82.31
82.34
82.31
82.32
82.34
82.32
82.33
82.34
82.34
82.32
82.29
82.32
82.30
82.29
82.32
82.33
82.33
82.35
82.33
82.32
82.32
82.31
82.31
82.29
82.28
82.27
82.28
82.28
82.30
82.32
82.31
82.29
82.28
82.29
82.26
82.24
82.25
82.27
82.28
82.30
82.28
82.29
82.28
82.26
82.26
82.29
82.29
82.29
82.30
82.31
82.30
82.31
82.31
82.30
82.32
82.32
82.29
82.30
82.29
82.29
82.29
82.28
82.31
82.31
82.31
82.30
82.33
82.33
82.33
82.31
82.33
82.34
82.33
82.32
82.32
82.33
82.33
82.32
82.33
82.32
82.28
82.29
82.26
82.26
82.25
82.25
82.23
82.24
82.23
82.25
82.26
82.25
82.27
82.28
82.29
82.27
82.28
82.29
82.31
82.30
82.33
82.33
82.33
82.34
82.35
82.35
82.34
82.34
82.31
82.32
82.32
82.33
82.35
82.35
82.35
82.35
82.36
82.38
82.37
82.36
82.35
82.36
82.35
82.36
82.34
82.34
82.33
82.31
82.32
82.34
82.32
82.32
82.35
82.36
82.33
82.35
82.35
82.35
82.34
82.33
82.33
82.35
82.35
82.36
82.37
82.36
82.37
82.36
82.36
82.36
82.36
82.36
82.39
82.38
82.39
82.41
82.39
82.38
82.37
82.37
82.37
82.37
82.38
82.37
82.37
82.37
82.38
82.38
82.39
82.38
82.38
82.38
82.40
82.40
82.40
82.39
82.39
82.38
82.36
82.37
82.38
82.38
82.38
82.37
82.37
82.35
82.34
82.36
82.36
82.37
82.36
82.36
82.34
82.34
82.31
82.30
82.30
82.30
82.31
82.31
82.30
82.29
82.30
82.30
82.30
82.28
82.28
82.29
82.29
82.29
82.29
82.30
82.29
82.29
82.30
82.31
82.30
82.31
82.32
82.31
82.30
82.29
82.30
82.30
82.29
82.29
82.29
82.28
82.28
82.27
82.28
82.28
82.28
82.27
82.26
82.27
82.26
82.26
82.24
82.25
82.24
82.24
82.24
82.25
82.23
82.23
82.23
82.22
82.21
82.22
82.22
82.21
82.21
82.20
82.19
82.20
82.20
82.21
82.22
82.21
82.19
82.17
82.16
82.15
82.14
82.14
82.16
82.17
82.17
82.16
82.17
82.16
82.17
82.18
82.17
82.15
82.16
82.17
82.17
82.17
82.17
82.17
82.17
82.17
82.17
82.15
82.15
82.14
82.14
82.13
82.13
82.12
82.12
82.12
82.13
82.14
82.12
82.13
82.13
82.12
82.11
82.11
82.09
82.09
82.09
82.10
82.10
82.09
82.09
82.09
82.11
82.10
82.10
82.07
82.08
82.09
82.08
82.09
82.10
82.09
82.09
82.10
82.10
82.10
82.09
82.09
82.09
82.10
82.10
82.09
82.08
82.08
82.09
82.09
82.08
82.07
82.07
82.05
82.04
82.05
82.06
82.05
82.06
82.06
82.07
82.07
82.08
82.08
82.08
82.08
82.08
82.09
82.08
82.08
82.08
82.08
82.07
82.08
82.08
82.07
82.08
82.07
82.07
82.08
82.08
82.08
82.08
82.08
82.08
82.07
82.07
82.08
82.09
82.09
82.11
82.11
82.12
82.11
82.10
82.10
82.10
82.10
82.10
82.10
82.10
82.11
82.10
82.10
82.10
82.10
82.10
82.09
82.09
82.08
82.08
82.08
82.07
82.08
82.08
82.07
82.07
82.07
82.05
82.05
82.06
82.05
82.05
82.04
82.03
82.03
82.03
82.03
82.03
82.02
82.03
82.03
82.02
82.03
82.02
82.02
82.03
82.03
82.02
82.03
82.02
82.01
82.01
82.00
82.01
82.02
82.02
82.02
82.02
82.02
82.02
82.02
82.03
82.04
82.04
82.03
82.04
82.04
82.05
82.05
82.05
82.05
82.07
82.07
82.07
82.05
82.05
82.04
82.03
82.03
82.03
82.03
82.01
82.02
82.00
82.00
81.99
81.99
81.99
82.00
82.00
82.00
82.00
82.01
82.01
82.02
82.02
82.02
82.02
82.03
82.04
82.05
82.05
82.06
82.06
82.06
82.05
82.05
82.05
82.06
82.05
82.04
82.04
82.03
82.02
82.02
82.02
82.03
82.01
82.00
81.92
