68.75
77.34
77.60
77.34
78.12
77.86
79.02
78.32
78.47
79.06
80.26
80.73
80.53
80.80
81.25
80.66
80.88
80.64
81.09
81.33
81.25
81.68
81.66
81.64
81.81
81.91
81.66
81.81
81.90
82.08
82.01
82.08
81.87
81.85
81.92
81.99
81.97
82.15
82.25
82.23
82.16
82.11
82.05
82.07
82.05
82.03
82.25
82.23
82.24
82.38
82.44
82.39
82.34
82.44
82.53
82.56
82.68
82.62
82.57
82.60
82.48
82.46
82.44
82.47
82.45
82.55
82.51
82.51
82.52
82.59
82.46
82.25
82.17
82.22
82.17
82.24
82.12
82.11
82.04
81.99
81.89
81.78
81.80
81.77
81.76
81.72
81.75
81.64
81.62
81.56
81.51
81.47
81.52
81.58
81.63
81.54
81.49
81.44
81.41
81.34
81.31
81.31
81.31
81.31
81.25
81.25
81.29
81.25
81.25
81.25
81.25
81.32
81.35
81.36
81.39
81.40
81.44
81.48
81.49
81.54
81.52
81.48
81.43
81.46
81.49
81.54
81.52
81.53
81.50
81.54
81.46
81.42
81.37
81.40
81.38
81.33
81.31
81.27
81.32
81.28
81.32
81.36
81.38
81.39
81.38
81.37
81.37
81.36
81.32
81.32
81.33
81.38
81.33
81.30
81.30
81.28
81.29
81.28
81.30
81.30
81.29
81.30
81.28
81.34
81.26
81.27
81.30
81.31
81.31
81.32
81.31
81.30
81.29
81.30
81.29
81.27
81.26
81.27
81.25
81.24
81.27
81.23
81.27
81.25
81.25
81.30
81.29
81.32
81.32
81.37
81.37
81.39
81.44
81.41
81.41
81.35
81.34
81.31
81.34
81.33
81.33
81.31
81.33
81.34
81.35
81.36
81.36
81.34
81.31
81.33
81.33
81.34
81.36
81.35
81.33
81.34
81.33
81.35
81.37
81.39
81.38
81.42
81.44
81.42
81.43
81.46
81.46
81.50
81.52
81.49
81.49
81.50
81.52
81.52
81.50
81.54
81.51
81.52
81.50
81.52
81.54
81.53
81.53
81.54
81.50
81.52
81.52
81.52
81.49
81.52
81.49
81.49
81.48
81.50
81.50
81.48
81.49
81.49
81.49
81.48
81.48
81.48
81.49
81.47
81.49
81.47
81.46
81.49
81.49
81.53
81.53
81.54
81.55
81.57
81.56
81.57
81.56
81.56
81.56
81.55
81.56
81.57
81.57
81.60
81.60
81.64
81.63
81.64
81.63
81.64
81.61
81.62
81.62
81.63
81.62
81.59
81.59
81.59
81.57
81.56
81.57
81.57
81.57
81.57
81.57
81.58
81.57
81.55
81.55
81.56
81.56
81.56
81.58
81.62
81.63
81.63
81.65
81.66
81.68
81.70
81.70
81.70
81.69
81.65
81.67
81.70
81.71
81.71
81.71
81.72
81.71
81.71
81.72
81.75
81.76
81.76
81.71
81.73
81.73
81.71
81.70
81.71
81.69
81.72
81.72
81.74
81.75
81.73
81.72
81.71
81.71
81.70
81.69
81.69
81.68
81.65
81.66
81.65
81.65
81.65
81.66
81.67
81.66
81.65
81.65
81.64
81.64
81.62
81.64
81.65
81.65
81.66
81.65
81.66
81.67
81.66
81.67
81.66
81.67
81.68
81.67
81.68
81.67
81.67
81.70
81.70
81.69
81.68
81.69
81.69
81.69
81.70
81.71
81.73
81.74
81.74
81.75
81.74
81.72
81.71
81.69
81.67
81.67
81.69
81.69
81.70
81.69
81.69
81.69
81.68
81.67
81.67
81.66
81.65
81.65
81.64
81.65
81.65
81.66
81.67
81.68
81.68
81.66
81.67
81.67
81.68
81.69
81.67
81.68
81.69
81.69
81.68
81.68
81.69
81.68
81.68
81.67
81.69
81.69
81.68
81.67
81.67
81.66
81.65
81.65
81.65
81.64
81.65
81.63
81.65
81.67
81.65
81.66
81.68
81.68
81.69
81.67
81.66
81.66
81.66
81.64
81.64
81.64
81.64
81.65
81.64
81.66
81.67
81.67
81.67
81.67
81.67
81.67
81.68
81.68
81.70
81.71
81.70
81.71
81.74
81.72
81.74
81.74
81.74
81.75
81.76
81.77
81.78
81.78
81.79
81.78
81.76
81.76
81.77
81.77
81.76
81.75
81.75
81.76
81.76
81.76
81.78
81.77
81.78
81.77
81.77
81.76
81.76
81.76
81.78
81.78
81.78
81.76
81.77
81.77
81.78
81.78
81.78
81.78
81.76
81.77
81.76
81.76
81.75
81.75
81.74
81.75
81.76
81.75
81.75
81.75
81.75
81.75
81.75
81.77
81.77
81.77
81.76
81.75
81.76
81.78
81.77
81.77
81.77
81.78
81.77
81.76
81.75
81.75
81.74
81.75
81.74
81.74
81.73
81.75
81.76
81.76
81.77
81.77
81.77
81.77
81.77
81.76
81.76
81.76
81.76
81.76
81.75
81.75
81.75
81.75
81.76
81.75
81.76
81.76
81.75
81.75
81.77
81.78
81.76
81.77
81.77
81.78
81.77
81.77
81.77
81.77
81.79
81.79
81.79
81.79
81.79
81.80
81.81
81.81
81.81
81.83
81.84
81.85
81.84
81.83
81.84
81.85
81.84
81.84
81.84
81.85
81.85
81.84
81.85
81.85
81.85
81.84
81.83
81.85
81.86
81.86
81.86
81.84
81.84
81.84
81.83
81.84
81.84
81.84
81.84
81.83
81.83
81.84
81.85
81.83
81.83
81.83
81.83
81.83
81.84
81.85
81.86
81.85
81.86
81.84
81.86
81.87
81.86
81.86
81.86
81.86
81.86
81.85
81.86
81.85
81.84
81.85
81.84
81.85
81.85
81.85
81.86
81.86
81.86
81.86
81.85
81.86
81.85
81.85
81.84
81.83
81.84
81.84
81.84
81.85
81.85
81.84
81.86
81.86
81.86
81.86
81.87
81.86
81.86
81.85
81.86
81.86
81.87
81.87
81.86
81.87
81.87
81.87
81.86
81.87
81.87
81.88
81.89
81.90
81.89
81.89
81.89
81.88
81.87
81.89
81.89
81.89
81.89
81.89
81.89
81.89
81.89
81.89
81.89
81.90
81.90
81.91
81.90
81.90
81.89
81.88
81.88
81.88
81.89
81.89
81.89
81.89
81.87
81.87
81.87
81.87
81.86
81.87
81.87
81.87
81.87
81.87
81.87
81.87
81.87
81.87
81.88
81.88
81.87
81.87
81.87
81.89
81.89
81.89
81.90
81.90
81.90
81.90
81.90
81.89
81.88
81.86
81.86
81.87
81.87
81.88
81.88
81.88
81.88
81.88
81.88
81.88
81.89
81.90
81.90
81.90
81.91
81.90
81.90
81.90
81.91
81.91
81.92
81.92
81.93
81.93
81.94
81.94
81.94
81.94
81.85
