79.69
81.25
80.21
78.12
77.50
78.65
79.02
80.08
79.34
78.59
79.12
78.65
78.61
78.68
78.33
78.12
78.31
78.65
78.95
79.06
79.17
79.33
79.01
79.23
79.69
79.45
79.40
79.35
79.47
79.27
79.33
79.39
79.36
79.23
79.42
79.51
79.60
79.73
79.93
80.08
80.07
79.95
80.12
80.08
80.03
79.99
79.62
79.75
79.53
79.72
79.75
79.66
79.75
79.83
79.83
79.94
79.96
79.93
79.93
80.05
80.15
80.17
80.31
80.37
80.34
80.37
80.46
80.54
80.62
80.69
80.77
80.79
80.91
80.93
80.94
80.92
80.91
80.89
80.89
80.88
80.67
80.60
80.55
80.65
80.62
80.69
80.77
80.81
80.83
80.76
80.82
80.79
80.80
80.92
80.92
80.84
80.88
80.88
80.82
80.91
80.89
80.93
80.92
80.86
80.82
80.91
80.99
81.02
81.03
81.08
81.14
81.19
81.19
81.26
81.30
81.30
81.32
81.30
81.26
81.21
81.30
81.26
81.24
81.20
81.19
81.23
81.25
81.29
81.31
81.31
81.33
81.34
81.32
81.30
81.28
81.31
81.33
81.34
81.34
81.31
81.23
81.26
81.23
81.26
81.24
81.22
81.27
81.32
81.33
81.31
81.32
81.30
81.25
81.25
81.21
81.20
81.16
81.14
81.12
81.15
81.13
81.13
81.14
81.19
81.21
81.18
81.19
81.19
81.20
81.19
81.23
81.23
81.25
81.27
81.30
81.31
81.28
81.29
81.25
81.29
81.30
81.34
81.34
81.34
81.34
81.33
81.37
81.36
81.41
81.41
81.42
81.41
81.36
81.39
81.39
81.43
81.42
81.43
81.40
81.41
81.39
81.40
81.42
81.41
81.43
81.45
81.47
81.47
81.47
81.46
81.45
81.44
81.46
81.48
81.46
81.49
81.47
81.49
81.51
81.55
81.53
81.55
81.57
81.56
81.58
81.60
81.57
81.59
81.62
81.62
81.60
81.59
81.60
81.60
81.61
81.61
81.61
81.61
81.63
81.67
81.63
81.63
81.66
81.63
81.65
81.64
81.68
81.68
81.66
81.64
81.65
81.67
81.65
81.63
81.60
81.63
81.61
81.58
81.57
81.58
81.57
81.61
81.61
81.59
81.60
81.60
81.60
81.59
81.58
81.59
81.57
81.57
81.55
81.52
81.52
81.52
81.53
81.53
81.51
81.52
81.53
81.50
81.47
81.44
81.44
81.46
81.46
81.45
81.43
81.43
81.43
81.42
81.41
81.43
81.45
81.43
81.44
81.42
81.40
81.39
81.36
81.36
81.38
81.35
81.33
81.33
81.34
81.30
81.31
81.31
81.29
81.29
81.30
81.29
81.25
81.24
81.25
81.27
81.25
81.24
81.25
81.23
81.23
81.23
81.23
81.22
81.20
81.20
81.19
81.19
81.21
81.21
81.21
81.19
81.17
81.17
81.17
81.15
81.17
81.16
81.15
81.14
81.14
81.13
81.13
81.14
81.14
81.14
81.12
81.15
81.15
81.14
81.13
81.15
81.16
81.18
81.20
81.19
81.19
81.18
81.17
81.15
81.16
81.17
81.18
81.20
81.19
81.21
81.23
81.23
81.23
81.24
81.24
81.24
81.23
81.24
81.25
81.24
81.23
81.23
81.26
81.27
81.25
81.24
81.25
81.23
81.23
81.23
81.23
81.25
81.24
81.23
81.24
81.24
81.24
81.23
81.24
81.26
81.25
81.27
81.28
81.29
81.27
81.28
81.28
81.29
81.28
81.30
81.28
81.25
81.23
81.23
81.23
81.23
81.26
81.25
81.28
81.26
81.25
81.26
81.25
81.25
81.25
81.26
81.25
81.25
81.26
81.25
81.24
81.26
81.25
81.24
81.25
81.23
81.22
81.22
81.22
81.22
81.23
81.22
81.21
81.23
81.23
81.23
81.24
81.25
81.25
81.27
81.27
81.28
81.28
81.27
81.29
81.32
81.30
81.32
81.33
81.34
81.33
81.32
81.32
81.32
81.33
81.32
81.31
81.30
81.30
81.33
81.33
81.35
81.35
81.36
81.35
81.35
81.35
81.35
81.36
81.37
81.38
81.38
81.37
81.38
81.38
81.39
81.40
81.39
81.37
81.38
81.39
81.40
81.41
81.42
81.43
81.43
81.41
81.41
81.40
81.40
81.40
81.39
81.39
81.40
81.40
81.40
81.41
81.41
81.41
81.39
81.39
81.40
81.41
81.41
81.42
81.41
81.39
81.39
81.40
81.38
81.38
81.38
81.37
81.37
81.37
81.38
81.39
81.39
81.39
81.39
81.40
81.39
81.40
81.40
81.39
81.41
81.40
81.40
81.42
81.42
81.41
81.39
81.38
81.39
81.39
81.38
81.38
81.39
81.38
81.38
81.40
81.40
81.39
81.40
81.40
81.41
81.40
81.40
81.40
81.40
81.40
81.39
81.40
81.40
81.41
81.41
81.41
81.42
81.41
81.41
81.40
81.41
81.42
81.42
81.43
81.43
81.45
81.44
81.43
81.42
81.44
81.45
81.46
81.46
81.45
81.45
81.43
81.43
81.44
81.44
81.44
81.44
81.42
81.42
81.42
81.41
81.43
81.43
81.42
81.43
81.44
81.46
81.47
81.48
81.48
81.48
81.49
81.48
81.47
81.46
81.47
81.47
81.46
81.46
81.45
81.44
81.46
81.45
81.44
81.44
81.45
81.45
81.44
81.45
81.46
81.45
81.46
81.47
81.46
81.47
81.48
81.47
81.46
81.47
81.46
81.47
81.47
81.47
81.46
81.46
81.46
81.46
81.47
81.47
81.47
81.46
81.47
81.46
81.46
81.46
81.45
81.44
81.45
81.46
81.44
81.45
81.45
81.44
81.45
81.45
81.46
81.46
81.45
81.46
81.47
81.47
81.47
81.48
81.48
81.47
81.47
81.47
81.47
81.48
81.48
81.48
81.49
81.50
81.50
81.50
81.49
81.49
81.48
81.47
81.47
81.47
81.46
81.45
81.44
81.43
81.42
81.42
81.42
81.42
81.41
81.41
81.41
81.42
81.41
81.41
81.41
81.41
81.41
81.41
81.41
81.42
81.42
81.40
81.41
81.42
81.41
81.41
81.40
81.40
81.40
81.38
81.38
81.38
81.38
81.37
81.37
81.37
81.36
81.35
81.35
81.35
81.35
81.36
81.34
81.34
81.34
81.34
81.32
81.33
81.34
81.35
81.35
81.35
81.35
81.35
81.35
81.34
81.34
81.34
81.34
81.34
81.34
81.34
81.34
81.33
81.33
81.32
81.33
81.32
81.31
81.31
81.31
81.31
81.31
81.32
81.31
81.31
81.30
81.31
81.31
81.31
81.32
81.32
81.32
81.32
81.31
81.31
81.31
81.30
81.31
81.32
81.31
81.31
81.31
81.31
81.30
81.30
81.30
81.22
