75.00
82.03
81.77
82.03
81.88
81.51
82.14
82.23
82.64
82.19
81.82
82.16
81.97
82.25
82.08
82.32
82.35
82.73
82.65
82.50
82.29
82.17
82.00
82.03
81.75
81.61
81.66
81.86
81.63
81.82
82.16
82.18
82.15
82.35
82.28
82.29
82.43
82.32
82.45
82.54
82.51
82.48
82.49
82.49
82.50
82.54
82.45
82.52
82.46
82.38
82.38
82.39
82.40
82.38
82.36
82.31
82.24
82.17
82.10
82.11
82.07
82.11
82.17
82.18
82.28
82.29
82.30
82.33
82.27
82.21
82.13
82.23
82.04
82.01
82.06
82.07
82.16
82.17
82.10
82.15
82.16
82.16
82.17
82.20
82.10
82.07
82.08
82.07
82.08
81.98
81.94
81.93
81.87
81.90
81.89
81.97
81.93
81.94
81.99
82.02
82.04
81.89
81.84
81.88
81.89
81.88
81.92
81.94
82.01
82.00
81.93
81.91
81.87
81.84
81.85
81.84
81.90
81.93
82.01
81.97
81.97
81.94
81.96
82.01
81.99
81.99
81.98
82.02
81.99
82.01
81.98
82.01
82.00
82.05
82.05
82.05
82.04
82.05
82.06
82.06
82.09
82.10
82.11
82.18
82.12
82.13
82.09
82.06
82.09
82.12
82.11
82.04
82.10
82.15
82.13
82.16
82.16
82.16
82.18
82.21
82.19
82.23
82.24
82.19
82.17
82.14
82.14
82.11
82.07
82.09
82.14
82.13
82.09
82.03
82.06
82.09
82.07
82.05
82.05
81.99
82.01
82.01
81.99
82.01
81.96
81.93
81.93
81.93
81.98
81.97
81.94
81.96
81.99
81.97
81.95
81.97
81.96
81.95
81.93
81.94
81.97
81.98
81.98
81.97
81.97
81.97
81.95
81.94
81.93
81.94
81.93
81.91
81.92
81.93
81.97
81.98
81.98
81.98
82.00
82.02
82.01
82.00
82.02
82.00
81.95
81.96
81.98
82.00
82.02
82.02
82.02
82.00
81.98
82.01
82.01
82.01
82.02
82.04
82.05
82.02
82.03
82.03
82.04
82.05
82.03
82.02
82.00
82.01
82.00
82.02
82.03
82.01
82.03
82.04
82.05
82.06
82.06
82.05
82.04
82.06
82.05
82.04
82.06
82.09
82.09
82.10
82.10
82.10
82.08
82.08
82.11
82.09
82.09
82.04
82.05
82.08
82.10
82.08
82.08
82.07
82.07
82.08
82.06
82.07
82.11
82.09
82.06
82.05
82.06
82.06
82.07
82.04
82.06
82.04
82.05
82.03
82.03
82.03
82.02
82.01
82.02
82.01
81.99
82.02
82.01
82.02
82.03
82.02
82.02
82.02
81.99
81.99
81.96
81.97
81.97
81.98
81.97
81.98
81.97
81.98
81.99
81.98
81.97
81.99
81.98
81.99
81.97
81.98
81.96
81.97
81.95
81.96
81.96
81.98
81.97
81.96
81.96
81.94
81.95
81.96
81.96
81.96
81.98
81.98
81.97
81.98
81.96
81.96
81.98
81.97
81.98
81.98
81.98
81.97
81.99
81.99
81.99
81.97
81.96
81.98
81.99
81.99
81.99
81.99
82.00
81.98
82.00
82.00
82.00
82.00
82.00
81.99
81.97
81.96
81.95
81.96
81.97
81.95
81.94
81.95
81.96
81.96
81.96
81.95
81.93
81.93
81.94
81.94
81.95
81.97
81.99
82.01
82.01
82.01
82.01
81.99
81.98
81.96
81.94
81.95
81.94
81.94
81.94
81.93
81.94
81.95
81.96
81.95
81.96
81.94
81.93
81.94
81.93
81.93
81.92
81.93
81.93
81.95
81.96
81.96
81.96
81.94
81.94
81.95
81.95
81.96
81.97
81.96
81.97
81.99
82.00
82.02
82.03
82.03
82.04
82.04
82.06
82.05
82.05
82.05
82.05
82.05
82.04
82.05
82.06
82.06
82.05
82.06
82.05
82.06
82.05
82.07
82.07
82.08
82.07
82.04
82.05
82.05
82.05
82.06
82.07
82.08
82.05
82.06
82.07
82.07
82.05
82.05
82.05
82.04
82.05
82.05
82.04
82.04
82.04
82.04
82.05
82.06
82.07
82.09
82.08
82.08
82.08
82.07
82.07
82.06
82.07
82.06
82.04
82.05
82.05
82.04
82.03
82.04
82.05
82.04
82.01
82.02
82.03
82.03
82.04
82.06
82.07
82.08
82.09
82.08
82.08
82.08
82.08
82.09
82.10
82.11
82.11
82.10
82.11
82.12
82.11
82.09
82.09
82.09
82.09
82.09
82.11
82.11
82.11
82.11
82.12
82.12
82.13
82.10
82.10
82.09
82.06
82.06
82.06
82.05
82.05
82.05
82.05
82.05
82.04
82.05
82.04
82.07
82.07
82.09
82.09
82.08
82.07
82.05
82.06
82.04
82.03
82.02
82.03
82.03
82.03
82.02
82.02
82.02
82.02
82.02
82.02
82.02
82.03
82.03
82.04
82.04
82.04
82.02
82.02
82.03
82.03
82.02
82.02
82.03
82.02
82.02
82.03
82.02
82.02
82.00
82.01
81.99
82.00
81.99
82.00
81.99
82.00
82.00
82.00
81.99
81.99
82.00
82.00
82.01
82.00
82.01
82.01
82.00
82.00
82.00
82.00
82.01
81.99
82.00
82.01
82.01
82.02
82.01
82.01
82.00
82.01
82.01
82.01
82.00
81.99
82.00
82.01
82.00
81.99
81.98
81.99
81.99
82.01
82.00
82.01
81.99
82.00
81.99
81.99
82.00
82.00
82.00
81.99
82.00
82.01
82.00
82.01
82.02
82.02
82.01
82.02
82.01
82.00
82.01
82.02
82.03
82.03
82.02
82.02
82.02
82.04
82.05
82.05
82.06
82.05
82.05
82.05
82.05
82.04
82.04
82.05
82.06
82.05
82.06
82.07
82.06
82.05
82.04
82.03
82.03
82.04
82.03
82.04
82.05
82.05
82.06
82.06
82.07
82.07
82.07
82.07
82.06
82.07
82.07
82.07
82.06
82.06
82.06
82.05
82.05
82.05
82.05
82.05
82.06
82.04
82.04
82.04
82.04
82.04
82.04
82.03
82.03
82.03
82.03
82.03
82.01
82.01
82.01
82.00
82.00
82.00
82.00
82.01
82.01
82.00
81.99
82.00
81.99
81.99
81.98
81.98
81.99
81.99
82.00
81.99
81.99
82.00
82.01
82.01
82.01
82.01
82.01
82.00
82.01
82.00
82.00
82.00
81.99
81.99
81.99
81.99
81.99
82.00
82.00
82.00
82.00
82.00
81.99
82.00
82.00
81.99
82.00
82.01
82.00
82.01
82.02
82.03
82.02
82.03
82.02
82.04
82.03
82.04
82.04
82.04
82.04
82.03
82.03
82.02
82.02
82.02
82.02
82.01
81.99
81.99
81.99
81.98
81.98
81.98
81.90
