90.62
79.69
82.29
82.81
82.81
81.77
81.47
82.42
81.94
82.34
82.67
82.68
82.69
82.92
82.50
82.62
82.72
82.38
82.15
82.11
81.92
81.53
81.66
81.45
81.75
81.91
81.89
81.81
81.79
81.88
81.65
81.40
81.34
81.16
81.07
81.08
81.00
81.09
81.01
80.98
80.95
80.99
80.89
80.89
81.08
81.18
81.25
81.32
81.31
81.31
81.34
81.43
81.40
81.31
81.39
81.28
81.30
81.28
81.20
81.17
81.15
81.22
81.25
81.30
81.27
81.16
81.23
81.25
81.27
81.45
81.36
81.36
81.25
81.23
81.31
81.27
81.29
81.23
81.21
81.11
81.06
81.10
81.19
81.14
81.10
81.01
81.02
81.00
80.97
81.02
81.11
81.10
81.03
81.08
81.02
80.99
80.90
80.96
80.93
80.92
80.93
80.99
81.05
81.01
81.09
81.10
81.16
81.16
81.18
81.19
81.15
81.14
81.13
81.13
81.17
81.29
81.29
81.28
81.34
81.29
81.21
81.19
81.11
81.12
81.21
81.19
81.18
81.23
81.20
81.21
81.15
81.20
81.20
81.22
81.20
81.22
81.25
81.27
81.29
81.31
81.34
81.36
81.34
81.34
81.26
81.25
81.28
81.32
81.33
81.42
81.45
81.44
81.46
81.47
81.48
81.52
81.51
81.41
81.43
81.45
81.43
81.42
81.44
81.40
81.46
81.44
81.38
81.39
81.42
81.44
81.49
81.54
81.46
81.53
81.47
81.45
81.44
81.47
81.49
81.45
81.44
81.42
81.44
81.44
81.42
81.45
81.43
81.46
81.46
81.46
81.46
81.49
81.48
81.53
81.57
81.56
81.57
81.53
81.44
81.45
81.43
81.40
81.40
81.41
81.42
81.40
81.38
81.43
81.40
81.39
81.41
81.41
81.38
81.40
81.42
81.39
81.37
81.37
81.41
81.40
81.38
81.37
81.38
81.39
81.42
81.40
81.42
81.41
81.39
81.36
81.37
81.36
81.37
81.38
81.41
81.40
81.42
81.45
81.44
81.45
81.43
81.42
81.44
81.42
81.43
81.44
81.46
81.48
81.48
81.47
81.47
81.45
81.45
81.48
81.52
81.52
81.54
81.53
81.53
81.53
81.51
81.51
81.51
81.50
81.52
81.51
81.54
81.56
81.56
81.59
81.58
81.57
81.55
81.58
81.57
81.56
81.54
81.54
81.55
81.53
81.54
81.58
81.60
81.57
81.62
81.64
81.64
81.65
81.67
81.68
81.66
81.68
81.71
81.71
81.73
81.74
81.73
81.73
81.71
81.70
81.70
81.72
81.69
81.70
81.71
81.72
81.73
81.75
81.75
81.75
81.76
81.78
81.78
81.79
81.79
81.80
81.82
81.83
81.85
81.84
81.83
81.85
81.85
81.85
81.86
81.83
81.84
81.86
81.85
81.83
81.84
81.84
81.83
81.82
81.83
81.84
81.85
81.86
81.86
81.85
81.85
81.87
81.88
81.90
81.91
81.90
81.90
81.90
81.87
81.88
81.87
81.86
81.87
81.85
81.84
81.85
81.84
81.85
81.86
81.86
81.85
81.85
81.87
81.86
81.88
81.85
81.87
81.90
81.90
81.89
81.86
81.87
81.88
81.89
81.90
81.91
81.92
81.91
81.90
81.90
81.89
81.90
81.91
81.91
81.90
81.90
81.92
81.91
81.91
81.92
81.91
81.91
81.92
81.92
81.92
81.93
81.94
81.91
81.92
81.93
81.94
81.91
81.91
81.92
81.94
81.93
81.93
81.95
81.96
81.95
81.95
81.93
81.93
81.92
81.90
81.90
81.92
81.93
81.93
81.94
81.94
81.93
81.94
81.93
81.94
81.95
81.96
81.95
81.96
81.95
81.94
81.93
81.94
81.92
81.93
81.92
81.92
81.91
81.89
81.89
81.90
81.90
81.90
81.89
81.89
81.90
81.90
81.91
81.91
81.91
81.93
81.94
81.93
81.92
81.91
81.93
81.94
81.96
81.95
81.95
81.94
81.92
81.93
81.93
81.94
81.91
81.92
81.92
81.92
81.93
81.93
81.94
81.95
81.96
81.95
81.97
81.97
81.96
81.96
81.97
81.97
81.97
81.96
81.94
81.94
81.94
81.96
81.97
81.98
81.97
81.98
81.96
81.96
81.98
81.97
81.96
81.97
81.95
81.96
81.98
81.96
81.96
81.95
81.93
81.94
81.95
81.93
81.94
81.94
81.95
81.93
81.92
81.92
81.92
81.93
81.92
81.92
81.92
81.92
81.91
81.92
81.91
81.91
81.91
81.91
81.89
81.90
81.88
81.89
81.90
81.91
81.90
81.88
81.88
81.88
81.89
81.88
81.88
81.88
81.88
81.88
81.88
81.87
81.89
81.90
81.91
81.90
81.90
81.90
81.89
81.90
81.89
81.89
81.88
81.88
81.89
81.89
81.89
81.89
81.89
81.88
81.87
81.86
81.87
81.87
81.87
81.88
81.90
81.91
81.91
81.91
81.92
81.93
81.93
81.95
81.94
81.94
81.95
81.95
81.95
81.93
81.94
81.94
81.95
81.96
81.96
81.96
81.97
81.96
81.96
81.96
81.97
81.96
81.96
81.95
81.94
81.95
81.95
81.95
81.93
81.93
81.92
81.92
81.92
81.91
81.91
81.90
81.90
81.91
81.91
81.91
81.92
81.92
81.93
81.93
81.93
81.92
81.93
81.93
81.93
81.93
81.91
81.91
81.92
81.92
81.91
81.91
81.92
81.91
81.91
81.92
81.92
81.92
81.91
81.91
81.90
81.90
81.91
81.88
81.88
81.90
81.90
81.91
81.91
81.90
81.89
81.89
81.90
81.90
81.91
81.90
81.90
81.90
81.89
81.89
81.89
81.88
81.89
81.89
81.89
81.88
81.88
81.88
81.87
81.88
81.89
81.89
81.90
81.89
81.90
81.90
81.90
81.90
81.90
81.90
81.91
81.91
81.91
81.91
81.92
81.92
81.93
81.92
81.94
81.93
81.93
81.93
81.92
81.93
81.93
81.92
81.94
81.95
81.96
81.96
81.95
81.94
81.93
81.93
81.94
81.95
81.94
81.94
81.93
81.93
81.94
81.94
81.94
81.94
81.93
81.93
81.94
81.92
81.93
81.94
81.95
81.95
81.95
81.95
81.95
81.96
81.96
81.97
81.96
81.96
81.96
81.95
81.94
81.93
81.93
81.94
81.94
81.94
81.95
81.94
81.93
81.92
81.91
81.91
81.90
81.91
81.92
81.91
81.92
81.91
81.90
81.90
81.91
81.91
81.90
81.90
81.89
81.89
81.89
81.89
81.89
81.90
81.89
81.88
81.88
81.88
81.87
81.87
81.87
81.87
81.88
81.88
81.88
81.88
81.88
81.88
81.88
81.88
81.89
81.89
81.88
81.89
81.88
81.88
81.89
81.89
81.81
