85.94
84.38
82.81
83.20
82.50
82.81
82.59
83.01
82.64
82.03
81.39
81.51
81.25
82.03
81.98
82.23
82.35
82.73
82.81
82.58
82.14
81.96
82.07
82.36
82.56
82.69
82.93
82.92
82.87
83.02
82.81
82.52
82.48
82.31
82.23
82.03
82.26
82.28
82.13
82.03
82.05
82.07
82.01
82.00
81.81
81.83
81.91
81.97
81.89
81.66
81.74
81.64
81.72
81.68
81.73
81.70
81.72
81.76
81.78
81.88
81.89
81.83
81.82
81.88
81.83
81.84
81.79
81.85
81.86
81.83
81.87
81.90
81.96
81.88
81.92
81.99
82.02
82.01
82.06
81.99
82.00
81.99
81.97
81.96
82.02
82.09
82.04
82.07
82.11
82.12
82.14
82.05
82.01
82.05
82.07
82.08
82.07
82.00
81.99
81.95
81.95
81.95
81.92
81.94
81.90
81.90
81.94
81.89
81.88
81.80
81.84
81.78
81.71
81.73
81.66
81.67
81.65
81.61
81.59
81.67
81.64
81.67
81.67
81.63
81.57
81.62
81.58
81.52
81.59
81.62
81.61
81.65
81.68
81.70
81.70
81.66
81.65
81.65
81.65
81.64
81.62
81.58
81.60
81.62
81.66
81.73
81.76
81.78
81.78
81.81
81.80
81.79
81.78
81.77
81.76
81.76
81.82
81.77
81.80
81.87
81.88
81.84
81.84
81.88
81.87
81.90
81.89
81.90
81.89
81.91
81.89
81.93
81.90
81.83
81.79
81.80
81.74
81.75
81.76
81.74
81.72
81.74
81.78
81.78
81.80
81.78
81.79
81.80
81.80
81.79
81.79
81.75
81.79
81.81
81.81
81.82
81.81
81.86
81.83
81.84
81.83
81.82
81.84
81.84
81.85
81.86
81.82
81.84
81.86
81.85
81.86
81.88
81.92
81.94
81.95
82.00
81.99
81.99
81.98
81.97
82.01
81.99
81.99
81.99
81.99
81.97
81.95
81.95
81.95
81.98
81.97
81.96
81.96
81.94
81.96
81.97
81.98
81.99
81.94
81.95
81.96
81.98
81.98
81.99
81.96
81.97
81.99
81.96
81.97
82.00
82.01
81.99
81.98
82.01
82.00
81.99
82.00
82.00
81.98
81.98
81.98
82.01
81.95
81.96
81.93
81.94
81.91
81.89
81.85
81.83
81.85
81.86
81.86
81.87
81.84
81.87
81.88
81.87
81.87
81.86
81.86
81.87
81.86
81.86
81.84
81.86
81.85
81.83
81.82
81.83
81.82
81.79
81.78
81.78
81.78
81.78
81.80
81.82
81.84
81.83
81.85
81.87
81.88
81.88
81.87
81.87
81.84
81.87
81.86
81.86
81.86
81.88
81.87
81.88
81.88
81.88
81.89
81.84
81.83
81.84
81.85
81.85
81.83
81.80
81.78
81.80
81.80
81.77
81.76
81.76
81.77
81.78
81.81
81.80
81.80
81.79
81.80
81.80
81.81
81.80
81.81
81.81
81.81
81.84
81.85
81.87
81.90
81.90
81.93
81.93
81.91
81.91
81.91
81.89
81.88
81.87
81.88
81.88
81.90
81.91
81.90
81.91
81.89
81.88
81.88
81.89
81.90
81.89
81.87
81.86
81.88
81.86
81.85
81.84
81.83
81.82
81.83
81.82
81.86
81.86
81.84
81.85
81.87
81.86
81.87
81.87
81.86
81.87
81.86
81.86
81.86
81.86
81.85
81.86
81.84
81.83
81.82
81.83
81.82
81.81
81.80
81.81
81.80
81.77
81.77
81.76
81.74
81.74
81.75
81.75
81.74
81.74
81.76
81.76
81.74
81.73
81.74
81.76
81.78
81.77
81.77
81.78
81.78
81.78
81.80
81.79
81.80
81.80
81.79
81.80
81.79
81.80
81.79
81.80
81.80
81.80
81.80
81.80
81.79
81.79
81.80
81.80
81.80
81.82
81.82
81.84
81.82
81.81
81.80
81.81
81.81
81.80
81.81
81.79
81.80
81.79
81.79
81.81
81.80
81.80
81.79
81.80
81.80
81.80
81.79
81.80
81.82
81.81
81.80
81.81
81.82
81.81
81.80
81.79
81.79
81.79
81.78
81.77
81.78
81.76
81.78
81.79
81.78
81.78
81.77
81.77
81.78
81.78
81.77
81.78
81.77
81.79
81.79
81.79
81.78
81.79
81.79
81.77
81.78
81.79
81.81
81.80
81.81
81.82
81.81
81.83
81.84
81.86
81.85
81.85
81.86
81.88
81.88
81.87
81.86
81.86
81.88
81.87
81.88
81.87
81.87
81.88
81.87
81.86
81.86
81.85
81.85
81.86
81.86
81.87
81.87
81.88
81.88
81.90
81.90
81.91
81.92
81.93
81.91
81.91
81.91
81.92
81.93
81.94
81.95
81.95
81.95
81.93
81.93
81.92
81.92
81.93
81.94
81.95
81.95
81.96
81.97
81.97
81.98
81.98
81.98
81.99
82.00
82.00
81.99
81.98
81.99
81.99
82.00
82.00
82.00
81.99
81.99
81.99
81.99
81.98
81.98
81.99
81.97
81.98
81.98
81.98
81.98
81.98
81.97
81.96
81.96
81.95
81.94
81.94
81.94
81.93
81.93
81.93
81.93
81.93
81.93
81.91
81.91
81.91
81.91
81.90
81.90
81.90
81.90
81.89
81.90
81.90
81.89
81.89
81.89
81.89
81.88
81.88
81.89
81.89
81.88
81.88
81.89
81.90
81.90
81.89
81.88
81.89
81.88
81.88
81.88
81.88
81.87
81.86
81.86
81.86
81.88
81.87
81.87
81.85
81.84
81.85
81.85
81.84
81.84
81.84
81.83
81.83
81.83
81.83
81.83
81.83
81.84
81.84
81.84
81.85
81.85
81.84
81.85
81.85
81.85
81.85
81.85
81.85
81.82
81.83
81.84
81.83
81.82
81.82
81.83
81.83
81.84
81.84
81.85
81.87
81.87
81.87
81.87
81.88
81.88
81.88
81.87
81.87
81.88
81.89
81.89
81.90
81.90
81.90
81.90
81.89
81.88
81.88
81.89
81.90
81.90
81.90
81.91
81.91
81.92
81.92
81.93
81.92
81.93
81.94
81.94
81.94
81.95
81.95
81.94
81.95
81.95
81.94
81.96
81.95
81.95
81.95
81.95
81.95
81.96
81.94
81.94
81.94
81.93
81.94
81.94
81.93
81.93
81.92
81.92
81.91
81.92
81.92
81.93
81.93
81.92
81.92
81.93
81.93
81.93
81.94
81.94
81.94
81.94
81.94
81.95
81.93
81.93
81.94
81.94
81.94
81.94
81.95
81.95
81.95
81.96
81.94
81.94
81.94
81.96
81.96
81.97
81.96
81.96
81.96
81.95
81.94
81.95
81.95
81.95
81.95
81.94
81.94
81.93
81.93
81.92
81.92
81.92
81.92
81.93
81.92
81.92
81.92
81.92
81.84
