85.94
82.81
83.33
82.81
81.25
81.51
81.47
82.62
82.12
81.56
80.40
80.34
80.65
80.80
80.83
81.05
81.53
81.16
81.25
81.48
81.40
81.39
81.32
81.51
81.62
81.31
81.19
81.25
81.09
81.15
81.00
81.01
80.87
80.97
80.85
80.90
80.83
80.76
80.57
80.55
80.68
80.62
80.63
80.68
80.62
80.64
80.75
81.02
81.22
81.16
81.13
81.07
81.07
81.34
81.39
81.33
81.25
81.28
81.33
81.35
81.48
81.50
81.57
81.57
81.68
81.58
81.58
81.53
81.54
81.54
81.60
81.71
81.85
81.88
81.94
81.85
81.90
81.95
81.86
81.78
81.71
81.67
81.70
81.72
81.73
81.72
81.63
81.57
81.51
81.61
81.68
81.66
81.64
81.60
81.64
81.71
81.77
81.76
81.76
81.80
81.71
81.62
81.66
81.66
81.68
81.63
81.66
81.68
81.59
81.53
81.53
81.60
81.54
81.58
81.55
81.49
81.56
81.63
81.67
81.65
81.56
81.60
81.52
81.48
81.53
81.51
81.55
81.58
81.58
81.63
81.62
81.63
81.68
81.74
81.76
81.74
81.75
81.74
81.70
81.71
81.74
81.73
81.70
81.65
81.61
81.68
81.72
81.73
81.69
81.68
81.72
81.72
81.73
81.75
81.76
81.73
81.69
81.70
81.74
81.75
81.78
81.78
81.78
81.81
81.85
81.82
81.85
81.89
81.83
81.80
81.80
81.76
81.76
81.75
81.77
81.77
81.76
81.78
81.79
81.80
81.78
81.71
81.71
81.71
81.75
81.77
81.75
81.76
81.79
81.75
81.71
81.74
81.74
81.73
81.73
81.70
81.70
81.71
81.73
81.71
81.68
81.68
81.68
81.73
81.74
81.74
81.71
81.73
81.74
81.76
81.75
81.76
81.73
81.72
81.69
81.68
81.70
81.70
81.69
81.70
81.71
81.70
81.66
81.70
81.73
81.75
81.70
81.72
81.72
81.73
81.72
81.74
81.77
81.78
81.80
81.80
81.78
81.78
81.79
81.78
81.79
81.75
81.76
81.76
81.77
81.73
81.73
81.74
81.73
81.71
81.65
81.63
81.63
81.64
81.64
81.63
81.60
81.60
81.58
81.60
81.58
81.58
81.58
81.61
81.62
81.63
81.65
81.64
81.63
81.61
81.57
81.57
81.57
81.57
81.58
81.57
81.57
81.59
81.59
81.61
81.61
81.60
81.59
81.58
81.60
81.60
81.59
81.54
81.58
81.55
81.55
81.54
81.55
81.53
81.54
81.54
81.49
81.48
81.45
81.44
81.44
81.45
81.46
81.48
81.47
81.45
81.45
81.47
81.48
81.48
81.49
81.51
81.51
81.52
81.52
81.49
81.46
81.45
81.46
81.46
81.45
81.43
81.43
81.44
81.43
81.44
81.44
81.45
81.45
81.45
81.45
81.46
81.46
81.45
81.44
81.45
81.46
81.46
81.45
81.46
81.50
81.49
81.50
81.50
81.51
81.49
81.50
81.51
81.51
81.53
81.52
81.52
81.52
81.52
81.51
81.50
81.52
81.50
81.50
81.50
81.50
81.50
81.49
81.48
81.49
81.48
81.51
81.50
81.49
81.50
81.52
81.55
81.53
81.51
81.52
81.53
81.54
81.54
81.54
81.54
81.57
81.59
81.57
81.56
81.57
81.59
81.60
81.62
81.63
81.63
81.63
81.61
81.61
81.62
81.62
81.62
81.61
81.62
81.61
81.60
81.60
81.59
81.60
81.59
81.61
81.60
81.60
81.62
81.62
81.62
81.62
81.63
81.62
81.63
81.62
81.62
81.60
81.59
81.60
81.62
81.63
81.64
81.66
81.66
81.66
81.66
81.67
81.68
81.67
81.66
81.67
81.66
81.66
81.65
81.64
81.64
81.64
81.64
81.65
81.65
81.67
81.67
81.66
81.67
81.69
81.68
81.69
81.67
81.67
81.67
81.68
81.69
81.67
81.66
81.65
81.66
81.68
81.69
81.69
81.69
81.71
81.70
81.71
81.71
81.70
81.70
81.70
81.68
81.70
81.70
81.70
81.70
81.70
81.69
81.70
81.69
81.71
81.71
81.73
81.71
81.72
81.73
81.74
81.73
81.74
81.75
81.75
81.75
81.75
81.74
81.75
81.73
81.74
81.74
81.74
81.74
81.74
81.71
81.71
81.71
81.71
81.71
81.72
81.70
81.70
81.70
81.69
81.67
81.67
81.65
81.67
81.67
81.67
81.67
81.66
81.66
81.66
81.67
81.67
81.68
81.68
81.66
81.68
81.69
81.69
81.67
81.67
81.66
81.64
81.65
81.65
81.66
81.66
81.67
81.66
81.66
81.65
81.67
81.67
81.67
81.68
81.67
81.66
81.66
81.66
81.65
81.64
81.63
81.65
81.65
81.65
81.66
81.67
81.64
81.65
81.66
81.66
81.67
81.68
81.68
81.68
81.69
81.69
81.70
81.70
81.72
81.72
81.74
81.74
81.74
81.74
81.76
81.76
81.75
81.74
81.74
81.72
81.73
81.72
81.72
81.73
81.72
81.73
81.73
81.74
81.74
81.75
81.75
81.74
81.73
81.73
81.73
81.71
81.70
81.70
81.69
81.69
81.69
81.68
81.68
81.69
81.67
81.67
81.68
81.69
81.69
81.69
81.68
81.68
81.69
81.68
81.69
81.68
81.69
81.67
81.67
81.67
81.67
81.68
81.68
81.71
81.69
81.70
81.70
81.68
81.70
81.70
81.70
81.70
81.69
81.69
81.70
81.71
81.71
81.71
81.71
81.71
81.71
81.72
81.72
81.71
81.70
81.71
81.71
81.72
81.72
81.72
81.73
81.74
81.73
81.74
81.74
81.74
81.74
81.74
81.73
81.73
81.75
81.74
81.75
81.76
81.77
81.77
81.77
81.77
81.78
81.77
81.77
81.76
81.75
81.76
81.75
81.75
81.74
81.75
81.75
81.74
81.75
81.74
81.75
81.75
81.77
81.76
81.77
81.78
81.78
81.78
81.78
81.78
81.78
81.78
81.77
81.78
81.78
81.79
81.80
81.80
81.81
81.79
81.79
81.80
81.80
81.80
81.80
81.81
81.81
81.81
81.81
81.81
81.82
81.82
81.83
81.83
81.83
81.82
81.82
81.82
81.81
81.82
81.82
81.82
81.82
81.84
81.83
81.83
81.82
81.83
81.84
81.85
81.86
81.87
81.87
81.87
81.88
81.87
81.88
81.87
81.87
81.87
81.86
81.86
81.85
81.85
81.83
81.83
81.82
81.81
81.80
81.80
81.81
81.80
81.80
81.80
81.80
81.81
81.81
81.81
81.80
81.80
81.81
81.82
81.82
81.82
81.82
81.82
81.82
81.83
81.83
81.83
81.84
81.83
81.82
81.81
81.82
81.82
81.82
81.83
81.83
81.82
81.82
81.81
81.73
