82.81
82.81
80.73
82.03
81.56
82.55
82.59
81.45
81.08
80.94
81.25
80.60
80.77
80.47
80.62
81.05
81.34
81.86
81.91
81.64
81.85
81.75
81.86
81.90
82.06
82.15
82.47
82.70
82.97
82.97
83.32
83.20
83.05
82.63
82.63
82.64
82.52
82.32
82.45
82.54
82.55
82.51
82.19
82.10
82.01
81.93
82.11
82.10
82.11
82.06
81.99
81.91
81.90
81.94
81.99
81.81
81.74
81.63
81.73
81.74
81.66
81.70
81.77
81.86
81.92
81.87
81.93
81.82
81.82
81.83
81.84
81.81
81.85
81.88
81.90
81.83
81.84
81.81
81.86
81.86
81.89
81.71
81.81
81.86
81.95
81.96
81.99
81.85
81.88
81.91
81.92
81.91
82.01
81.95
81.94
81.90
81.88
81.95
81.90
81.86
81.78
81.71
81.66
81.64
81.59
81.52
81.45
81.48
81.45
81.42
81.42
81.47
81.44
81.46
81.48
81.49
81.56
81.51
81.53
81.48
81.46
81.40
81.36
81.44
81.44
81.39
81.37
81.36
81.40
81.42
81.39
81.42
81.41
81.45
81.42
81.51
81.52
81.54
81.56
81.61
81.56
81.58
81.62
81.69
81.72
81.77
81.78
81.80
81.76
81.78
81.80
81.79
81.79
81.78
81.72
81.73
81.72
81.72
81.75
81.78
81.73
81.73
81.75
81.75
81.71
81.74
81.82
81.82
81.80
81.82
81.86
81.87
81.86
81.87
81.88
81.91
81.87
81.85
81.86
81.88
81.86
81.88
81.89
81.90
81.93
81.88
81.87
81.82
81.81
81.80
81.82
81.80
81.78
81.79
81.79
81.73
81.70
81.62
81.61
81.62
81.62
81.59
81.60
81.59
81.58
81.56
81.57
81.59
81.59
81.61
81.60
81.63
81.66
81.67
81.70
81.74
81.74
81.72
81.74
81.73
81.72
81.73
81.73
81.73
81.73
81.71
81.70
81.70
81.72
81.72
81.70
81.64
81.65
81.66
81.68
81.71
81.70
81.72
81.73
81.73
81.72
81.70
81.69
81.69
81.68
81.69
81.71
81.75
81.74
81.76
81.74
81.73
81.73
81.71
81.70
81.71
81.71
81.73
81.74
81.74
81.75
81.75
81.77
81.76
81.76
81.73
81.72
81.72
81.71
81.73
81.73
81.74
81.74
81.71
81.72
81.71
81.73
81.74
81.79
81.81
81.78
81.75
81.76
81.76
81.73
81.72
81.71
81.72
81.73
81.72
81.74
81.73
81.70
81.67
81.69
81.67
81.68
81.66
81.64
81.64
81.63
81.64
81.65
81.65
81.63
81.65
81.64
81.63
81.63
81.64
81.64
81.64
81.64
81.62
81.61
81.61
81.62
81.60
81.62
81.66
81.65
81.66
81.65
81.67
81.68
81.68
81.68
81.67
81.68
81.68
81.69
81.70
81.71
81.73
81.71
81.72
81.71
81.70
81.70
81.72
81.70
81.69
81.69
81.69
81.69
81.70
81.71
81.73
81.75
81.77
81.79
81.79
81.79
81.74
81.73
81.73
81.73
81.73
81.73
81.73
81.74
81.74
81.73
81.73
81.73
81.75
81.77
81.77
81.75
81.76
81.76
81.76
81.77
81.76
81.74
81.72
81.74
81.75
81.74
81.74
81.75
81.74
81.73
81.73
81.70
81.70
81.68
81.67
81.68
81.67
81.67
81.67
81.66
81.64
81.66
81.64
81.64
81.63
81.63
81.64
81.66
81.66
81.66
81.67
81.65
81.66
81.66
81.64
81.64
81.63
81.64
81.64
81.63
81.65
81.64
81.63
81.63
81.65
81.65
81.63
81.63
81.64
81.64
81.65
81.65
81.66
81.68
81.68
81.67
81.69
81.69
81.68
81.69
81.70
81.70
81.69
81.68
81.70
81.68
81.68
81.68
81.69
81.69
81.69
81.70
81.72
81.73
81.73
81.71
81.71
81.71
81.70
81.71
81.71
81.72
81.72
81.72
81.73
81.71
81.69
81.68
81.68
81.68
81.67
81.68
81.68
81.69
81.71
81.73
81.72
81.71
81.71
81.73
81.72
81.73
81.73
81.75
81.76
81.76
81.75
81.76
81.77
81.77
81.74
81.73
81.73
81.71
81.70
81.69
81.71
81.71
81.69
81.68
81.69
81.69
81.66
81.64
81.64
81.64
81.65
81.66
81.64
81.64
81.64
81.63
81.64
81.62
81.62
81.62
81.62
81.60
81.60
81.61
81.61
81.62
81.62
81.61
81.61
81.63
81.65
81.65
81.65
81.65
81.64
81.65
81.66
81.67
81.64
81.63
81.62
81.63
81.63
81.62
81.62
81.60
81.62
81.63
81.64
81.64
81.65
81.65
81.65
81.65
81.67
81.65
81.66
81.67
81.66
81.63
81.65
81.65
81.64
81.65
81.64
81.64
81.62
81.61
81.59
81.60
81.60
81.62
81.61
81.62
81.62
81.63
81.64
81.65
81.66
81.65
81.66
81.67
81.67
81.66
81.66
81.66
81.66
81.67
81.67
81.67
81.68
81.66
81.66
81.66
81.66
81.66
81.66
81.66
81.67
81.68
81.68
81.68
81.67
81.68
81.68
81.68
81.68
81.68
81.67
81.66
81.66
81.66
81.67
81.66
81.66
81.66
81.66
81.67
81.67
81.68
81.68
81.69
81.70
81.69
81.67
81.69
81.68
81.70
81.71
81.69
81.68
81.68
81.69
81.67
81.66
81.67
81.66
81.67
81.67
81.68
81.68
81.68
81.69
81.69
81.71
81.71
81.71
81.70
81.70
81.68
81.69
81.69
81.69
81.68
81.68
81.66
81.65
81.66
81.67
81.68
81.68
81.70
81.70
81.70
81.71
81.71
81.70
81.71
81.71
81.71
81.72
81.71
81.71
81.70
81.71
81.71
81.71
81.72
81.72
81.71
81.71
81.73
81.73
81.72
81.72
81.71
81.72
81.73
81.73
81.74
81.75
81.74
81.75
81.75
81.75
81.75
81.76
81.76
81.75
81.75
81.75
81.75
81.75
81.74
81.74
81.74
81.75
81.74
81.73
81.74
81.75
81.75
81.74
81.75
81.76
81.75
81.75
81.75
81.75
81.74
81.75
81.74
81.73
81.73
81.74
81.73
81.74
81.74
81.73
81.75
81.74
81.75
81.75
81.75
81.76
81.76
81.76
81.76
81.76
81.75
81.76
81.77
81.78
81.79
81.80
81.80
81.80
81.80
81.79
81.80
81.79
81.79
81.78
81.78
81.78
81.77
81.77
81.77
81.77
81.77
81.76
81.76
81.77
81.76
81.77
81.77
81.77
81.76
81.77
81.76
81.77
81.77
81.77
81.77
81.78
81.77
81.78
81.78
81.78
81.77
81.78
81.77
81.78
81.79
81.79
81.80
81.80
81.80
81.80
81.80
81.80
81.80
81.73
