84.38
83.59
81.77
83.59
83.12
83.07
82.37
82.03
80.56
80.16
80.54
81.25
82.21
82.25
82.92
83.11
83.09
82.81
82.89
82.73
82.66
82.95
82.61
82.03
82.38
82.51
82.35
82.53
82.54
82.40
82.56
82.71
82.72
82.81
82.86
82.77
82.60
82.57
82.49
82.46
82.39
82.18
82.19
82.24
82.26
82.30
82.28
82.26
82.08
81.97
82.02
82.15
82.16
82.29
82.27
82.31
82.26
82.25
82.26
82.27
82.27
82.23
82.24
82.15
82.16
82.20
82.16
82.22
82.27
82.30
82.28
82.14
82.04
82.03
81.98
81.99
82.00
82.05
82.12
81.99
81.96
81.99
82.08
82.16
82.21
82.18
82.20
82.16
82.09
82.07
82.07
81.95
81.94
82.01
81.99
81.93
81.88
81.92
81.96
81.95
81.99
81.99
81.99
82.02
82.02
82.00
81.97
81.94
81.92
81.89
81.94
81.88
81.90
81.85
81.79
81.75
81.72
81.78
81.87
81.80
81.81
81.80
81.81
81.78
81.77
81.73
81.73
81.73
81.76
81.77
81.79
81.79
81.79
81.81
81.82
81.80
81.83
81.82
81.79
81.81
81.76
81.77
81.71
81.73
81.67
81.68
81.63
81.57
81.58
81.60
81.63
81.63
81.70
81.70
81.70
81.69
81.71
81.70
81.68
81.70
81.73
81.75
81.78
81.76
81.70
81.71
81.72
81.74
81.79
81.78
81.74
81.78
81.76
81.73
81.72
81.74
81.75
81.72
81.75
81.75
81.79
81.81
81.76
81.75
81.77
81.77
81.79
81.79
81.78
81.75
81.73
81.71
81.67
81.64
81.64
81.62
81.59
81.59
81.62
81.62
81.66
81.66
81.67
81.66
81.68
81.67
81.70
81.72
81.71
81.70
81.72
81.72
81.72
81.67
81.68
81.69
81.71
81.69
81.72
81.73
81.75
81.74
81.71
81.72
81.74
81.72
81.70
81.72
81.74
81.77
81.80
81.78
81.77
81.76
81.78
81.75
81.74
81.74
81.73
81.71
81.76
81.79
81.83
81.85
81.86
81.83
81.80
81.81
81.84
81.85
81.86
81.88
81.89
81.91
81.94
81.96
81.94
81.93
81.93
81.92
81.91
81.91
81.91
81.91
81.90
81.92
81.95
81.97
81.99
82.00
82.00
82.02
82.01
81.97
81.98
82.00
82.02
82.03
82.02
82.04
82.05
82.03
82.05
82.02
81.98
82.00
82.02
82.04
82.02
82.05
82.06
82.08
82.10
82.09
82.09
82.09
82.10
82.13
82.11
82.13
82.12
82.10
82.10
82.10
82.13
82.15
82.15
82.13
82.11
82.10
82.11
82.11
82.15
82.13
82.12
82.13
82.11
82.11
82.12
82.12
82.13
82.14
82.17
82.14
82.13
82.12
82.10
82.10
82.07
82.07
82.03
82.05
82.04
82.04
82.07
82.07
82.07
82.09
82.08
82.05
82.03
82.04
82.05
82.05
82.07
82.05
82.02
81.99
81.97
81.98
81.97
81.97
81.98
81.98
81.99
81.98
81.98
81.97
81.96
81.97
81.96
81.94
81.92
81.93
81.94
81.94
81.94
81.92
81.89
81.88
81.89
81.88
81.87
81.86
81.86
81.87
81.88
81.87
81.88
81.88
81.88
81.87
81.88
81.87
81.86
81.86
81.85
81.84
81.86
81.85
81.88
81.87
81.87
81.87
81.88
81.86
81.88
81.87
81.88
81.87
81.87
81.87
81.88
81.88
81.87
81.87
81.86
81.86
81.86
81.86
81.87
81.86
81.87
81.85
81.84
81.82
81.83
81.83
81.85
81.86
81.85
81.88
81.87
81.89
81.89
81.89
81.91
81.90
81.87
81.88
81.86
81.85
81.86
81.85
81.86
81.86
81.84
81.84
81.84
81.84
81.82
81.82
81.84
81.84
81.84
81.85
81.85
81.86
81.86
81.87
81.87
81.88
81.88
81.88
81.87
81.87
81.88
81.88
81.88
81.88
81.89
81.90
81.90
81.89
81.89
81.91
81.91
81.92
81.91
81.90
81.89
81.89
81.88
81.88
81.86
81.87
81.87
81.88
81.88
81.88
81.88
81.90
81.91
81.91
81.91
81.89
81.90
81.91
81.93
81.93
81.94
81.95
81.94
81.94
81.95
81.95
81.95
81.96
81.97
81.97
81.97
81.97
81.97
81.98
81.97
81.97
81.97
81.99
81.99
81.99
81.99
81.99
81.98
81.97
81.98
81.97
81.97
81.94
81.94
81.94
81.94
81.95
81.95
81.96
81.96
81.95
81.95
81.95
81.95
81.95
81.97
81.97
81.96
81.98
82.00
82.00
82.02
82.01
82.02
82.03
82.03
82.03
82.03
82.03
82.02
82.02
82.00
82.00
82.01
81.99
82.00
81.99
81.99
81.99
81.99
82.00
82.00
81.99
82.00
81.99
81.99
82.00
82.00
82.01
82.02
82.01
82.01
82.01
82.01
82.01
82.01
82.02
82.03
82.04
82.04
82.03
82.04
82.03
82.03
82.02
82.03
82.03
82.03
82.04
82.04
82.04
82.05
82.06
82.05
82.07
82.06
82.05
82.05
82.04
82.05
82.05
82.06
82.06
82.06
82.07
82.04
82.05
82.05
82.06
82.06
82.06
82.05
82.04
82.05
82.04
82.05
82.03
82.03
82.03
82.03
82.03
82.03
82.03
82.03
82.04
82.04
82.03
82.04
82.03
82.03
82.03
82.03
82.02
82.03
82.03
82.02
82.02
82.02
82.03
82.03
82.03
82.03
82.02
82.02
82.03
82.04
82.04
82.04
82.03
82.03
82.04
82.04
82.04
82.05
82.05
82.05
82.05
82.04
82.04
82.05
82.05
82.05
82.05
82.05
82.05
82.05
82.06
82.06
82.07
82.06
82.06
82.06
82.07
82.07
82.08
82.08
82.07
82.08
82.08
82.09
82.08
82.08
82.08
82.08
82.08
82.07
82.06
82.06
82.06
82.06
82.06
82.05
82.05
82.05
82.03
82.03
82.03
82.04
82.04
82.05
82.04
82.03
82.02
82.03
82.04
82.04
82.05
82.06
82.06
82.05
82.06
82.04
82.04
82.03
82.04
82.04
82.05
82.05
82.05
82.05
82.04
82.03
82.03
82.03
82.02
82.02
82.02
82.00
81.99
82.00
82.01
82.01
82.01
82.02
82.02
82.03
82.04
82.04
82.05
82.04
82.04
82.04
82.04
82.05
82.04
82.04
82.03
82.04
82.04
82.06
82.06
82.04
82.04
82.05
82.05
82.04
82.04
82.05
82.04
82.04
82.03
82.03
82.02
82.02
82.01
81.99
81.99
82.00
82.00
81.99
82.00
82.00
82.00
82.00
82.00
82.00
81.99
81.99
81.98
81.99
81.98
81.98
81.98
81.98
81.98
81.98
81.90
