0.00
0.78
1.04
0.78
0.62
0.52
0.45
0.78
0.69
0.94
0.85
0.78
0.72
0.67
0.62
0.68
0.64
0.95
0.99
1.02
0.97
0.92
0.88
0.91
1.06
1.14
1.16
1.12
1.08
1.04
1.01
0.98
0.95
0.92
0.89
0.87
0.93
0.90
0.92
0.94
0.91
0.89
0.98
0.96
0.94
0.99
1.03
1.01
0.99
0.97
0.98
0.96
0.97
0.98
0.99
1.00
1.01
1.00
1.03
1.02
1.00
0.98
0.99
1.05
1.03
1.02
1.03
1.03
1.02
1.03
1.01
1.04
1.03
1.01
1.02
1.01
1.01
1.02
1.03
1.02
1.00
0.99
1.05
1.04
1.03
1.02
1.04
1.03
1.05
1.06
1.06
1.07
1.06
1.08
1.10
1.09
1.08
1.12
1.12
1.11
1.11
1.10
1.09
1.10
1.09
1.08
1.10
1.09
1.09
1.08
1.13
1.12
1.12
1.11
1.10
1.12
1.14
1.14
1.13
1.13
1.12
1.13
1.13
1.12
1.14
1.15
1.16
1.16
1.16
1.17
1.17
1.17
1.16
1.18
1.17
1.17
1.16
1.15
1.16
1.16
1.15
1.18
1.17
1.16
1.16
1.17
1.17
1.16
1.15
1.16
1.16
1.15
1.14
1.15
1.16
1.15
1.14
1.15
1.14
1.15
1.15
1.15
1.16
1.17
1.17
1.17
1.16
1.15
1.16
1.15
1.16
1.16
1.17
1.16
1.15
1.15
1.14
1.14
1.14
1.14
1.13
1.12
1.12
1.11
1.11
1.10
1.10
1.10
1.09
1.09
1.09
1.09
1.10
1.10
1.09
1.08
1.08
1.08
1.08
1.08
1.08
1.08
1.09
1.08
1.07
1.08
1.09
1.09
1.09
1.09
1.08
1.08
1.08
1.07
1.07
1.06
1.06
1.05
1.05
1.05
1.05
1.05
1.06
1.07
1.08
1.09
1.08
1.08
1.07
1.07
1.07
1.07
1.07
1.07
1.07
1.07
1.06
1.06
1.05
1.05
1.05
1.05
1.04
1.04
1.03
1.03
1.04
1.05
1.05
1.05
1.05
1.05
1.06
1.05
1.05
1.05
1.05
1.07
1.07
1.08
1.07
1.07
1.07
1.07
1.06
1.07
1.07
1.07
1.06
1.06
1.06
1.06
1.05
1.05
1.05
1.05
1.05
1.06
1.05
1.05
1.05
1.04
1.04
1.04
1.04
1.03
1.03
1.03
1.03
1.03
1.03
1.02
1.02
1.03
1.03
1.03
1.04
1.03
1.03
1.04
1.04
1.05
1.05
1.04
1.05
1.05
1.05
1.06
1.06
1.07
1.07
1.07
1.06
1.06
1.06
1.05
1.05
1.05
1.05
1.04
1.06
1.05
1.05
1.05
1.04
1.04
1.04
1.04
1.04
1.03
1.03
1.03
1.02
1.02
1.03
1.02
1.02
1.02
1.01
1.02
1.01
1.01
1.02
1.02
1.02
1.03
1.03
1.04
1.04
1.04
1.04
1.04
1.04
1.04
1.04
1.04
1.04
1.04
1.05
1.05
1.06
1.05
1.05
1.06
1.06
1.06
1.06
1.07
1.08
1.07
1.07
1.07
1.07
1.07
1.07
1.08
1.08
1.08
1.08
1.07
1.07
1.07
1.07
1.07
1.07
1.07
1.07
1.08
1.07
1.07
1.07
1.08
1.08
1.07
1.07
1.07
1.07
1.08
1.07
1.07
1.07
1.07
1.07
1.08
1.07
1.07
1.07
1.07
1.07
1.07
1.07
1.07
1.06
1.06
1.07
1.07
1.07
1.07
1.07
1.07
1.07
1.07
1.06
1.06
1.06
1.06
1.05
1.06
1.05
1.05
1.05
1.05
1.05
1.05
1.05
1.05
1.05
1.05
1.05
1.05
1.05
1.05
1.05
1.05
1.06
1.05
1.06
1.06
1.06
1.06
1.06
1.06
1.07
1.07
1.06
1.06
1.06
1.06
1.06
1.06
1.06
1.06
1.06
1.06
1.06
1.06
1.06
1.06
1.06
1.06
1.06
1.07
1.07
1.06
1.07
1.07
1.06
1.07
1.07
1.07
1.07
1.07
1.07
1.07
1.08
1.07
1.07
1.07
1.07
1.07
1.07
1.06
1.06
1.06
1.06
1.06
1.06
1.07
1.07
1.07
1.07
1.07
1.07
1.07
1.07
1.07
1.07
1.07
1.07
1.06
1.06
1.06
1.06
1.05
1.05
1.05
1.05
1.05
1.04
1.04
1.05
1.04
1.05
1.05
1.05
1.05
1.05
1.05
1.05
1.05
1.06
1.05
1.05
1.06
1.05
1.06
1.07
1.07
1.06
1.06
1.07
1.06
1.06
1.06
1.06
1.06
1.06
1.05
1.05
1.05
1.05
1.05
1.05
1.05
1.04
1.04
1.04
1.04
1.04
1.04
1.04
1.03
1.03
1.03
1.03
1.03
1.03
1.03
1.03
1.03
1.03
1.03
1.03
1.03
1.02
1.03
1.02
1.02
1.02
1.02
1.02
1.02
1.03
1.03
1.03
1.02
1.02
1.02
1.02
1.02
1.03
1.03
1.04
1.04
1.04
1.04
1.04
1.04
1.04
1.04
1.04
1.04
1.04
1.04
1.04
1.04
1.04
1.04
1.04
1.03
1.03
1.03
1.03
1.03
1.03
1.02
1.02
1.03
1.03
1.03
1.03
1.03
1.03
1.03
1.03
1.03
1.03
1.03
1.04
1.04
1.04
1.04
1.04
1.04
1.04
1.04
1.04
1.04
1.03
1.03
1.03
1.03
1.03
1.03
1.03
1.03
1.03
1.03
1.03
1.03
1.02
1.03
1.02
1.03
1.03
1.03
1.03
1.03
1.03
1.03
1.04
1.03
1.03
1.03
1.03
1.03
1.03
1.03
1.03
1.04
1.04
1.03
1.03
1.03
1.03
1.03
1.03
1.03
1.03
1.03
1.03
1.04
1.03
1.03
1.03
1.03
1.03
1.03
1.03
1.03
1.03
1.03
1.03
1.03
1.03
1.03
1.03
1.03
1.03
1.03
1.03
1.03
1.03
1.03
1.03
1.03
1.03
1.04
1.04
1.03
1.03
1.03
1.03
1.03
1.03
1.03
1.03
1.03
1.03
1.03
1.03
1.03
1.03
1.03
1.03
1.02
1.03
1.02
1.02
1.03
1.03
1.03
1.03
1.03
1.03
1.03
1.03
1.03
1.03
1.02
1.02
1.03
1.03
1.03
1.03
1.03
1.03
1.03
1.03
1.03
1.03
1.03
1.03
1.03
1.03
1.03
1.03
1.03
1.03
1.03
1.04
1.04
1.04
1.04
1.04
1.04
1.04
1.04
1.04
1.04
1.04
1.04
1.05
1.05
1.04
1.04
1.04
1.05
1.05
1.04
1.04
1.04
