76.56
71.88
75.52
78.12
79.38
80.21
80.36
80.08
80.38
80.62
80.26
79.95
79.69
79.91
80.00
80.18
80.61
80.47
80.76
80.70
80.73
81.11
81.18
81.12
81.06
80.89
80.84
81.08
81.25
81.41
81.45
81.40
81.49
81.62
81.61
81.42
81.38
81.29
81.29
81.41
81.25
81.25
81.25
81.18
81.22
81.22
81.18
81.28
81.44
81.47
81.53
81.55
81.75
81.77
81.70
81.70
81.72
81.73
81.65
81.69
81.66
81.73
81.89
81.98
82.07
82.05
82.00
81.89
81.82
81.74
81.73
81.66
81.64
81.61
81.58
81.50
81.49
81.55
81.65
81.72
81.66
81.63
81.72
81.77
81.86
81.81
81.82
81.76
81.83
81.88
81.77
81.71
81.67
81.65
81.58
81.54
81.57
81.65
81.60
81.56
81.53
81.48
81.57
81.57
81.55
81.56
81.57
81.57
81.54
81.48
81.50
81.53
81.55
81.62
81.60
81.59
81.58
81.62
81.57
81.55
81.56
81.61
81.59
81.62
81.66
81.58
81.62
81.60
81.63
81.61
81.63
81.64
81.63
81.66
81.66
81.70
81.74
81.74
81.73
81.75
81.68
81.64
81.70
81.65
81.63
81.59
81.63
81.66
81.60
81.62
81.66
81.70
81.75
81.72
81.72
81.73
81.72
81.69
81.69
81.69
81.71
81.67
81.64
81.67
81.69
81.68
81.71
81.76
81.74
81.70
81.65
81.60
81.58
81.58
81.62
81.61
81.61
81.63
81.64
81.62
81.64
81.66
81.66
81.64
81.70
81.75
81.76
81.77
81.75
81.75
81.77
81.80
81.82
81.83
81.84
81.86
81.84
81.82
81.83
81.83
81.84
81.81
81.83
81.83
81.83
81.85
81.88
81.90
81.92
81.88
81.86
81.87
81.82
81.78
81.81
81.84
81.85
81.84
81.84
81.85
81.87
81.90
81.89
81.91
81.92
81.92
81.94
81.96
81.95
81.99
81.97
81.98
81.99
81.97
81.98
81.98
81.98
81.97
82.00
82.03
82.03
82.03
82.04
82.02
82.03
82.06
82.05
82.03
82.06
82.06
82.03
82.04
82.03
82.03
81.99
81.99
81.97
81.96
81.96
81.97
81.98
81.98
81.99
81.97
81.98
82.00
81.99
82.00
82.01
82.00
82.01
82.01
81.99
81.96
81.98
81.94
81.96
81.97
81.97
82.00
81.99
82.01
82.01
82.01
82.03
82.03
82.02
82.03
82.02
82.03
82.01
82.02
82.00
82.02
82.00
81.99
81.99
82.02
82.00
82.01
82.01
82.04
82.05
82.04
82.03
82.03
82.03
82.06
82.06
82.06
82.05
82.05
82.05
82.07
82.06
82.06
82.03
82.02
82.01
82.01
81.98
81.96
81.95
81.96
81.96
81.96
81.96
81.96
81.97
81.98
81.98
81.99
82.00
82.01
82.01
82.00
81.99
81.99
81.99
81.98
81.95
81.95
81.98
81.98
82.00
82.00
82.00
82.01
82.00
82.00
82.01
82.01
82.02
82.01
82.01
82.01
82.01
82.01
81.99
81.99
81.99
81.99
81.96
81.97
81.96
81.95
81.94
81.93
81.92
81.93
81.96
81.96
81.96
81.95
81.95
81.95
81.94
81.94
81.96
81.95
81.91
81.92
81.92
81.90
81.89
81.88
81.87
81.88
81.85
81.85
81.86
81.84
81.83
81.81
81.81
81.81
81.81
81.83
81.84
81.85
81.85
81.85
81.82
81.82
81.81
81.79
81.81
81.83
81.83
81.83
81.83
81.82
81.82
81.82
81.80
81.79
81.79
81.78
81.77
81.76
81.75
81.76
81.78
81.77
81.78
81.76
81.74
81.74
81.73
81.74
81.76
81.78
81.77
81.77
81.77
81.77
81.78
81.77
81.76
81.78
81.78
81.78
81.78
81.78
81.76
81.76
81.75
81.75
81.76
81.75
81.75
81.74
81.75
81.76
81.77
81.76
81.77
81.76
81.77
81.78
81.78
81.79
81.79
81.78
81.79
81.79
81.79
81.80
81.78
81.81
81.80
81.80
81.80
81.80
81.80
81.81
81.81
81.79
81.80
81.80
81.80
81.81
81.82
81.82
81.82
81.82
81.83
81.83
81.82
81.83
81.84
81.83
81.84
81.84
81.84
81.83
81.85
81.86
81.87
81.87
81.87
81.89
81.90
81.89
81.90
81.92
81.91
81.90
81.90
81.91
81.92
81.92
81.92
81.92
81.91
81.91
81.91
81.91
81.91
81.89
81.91
81.93
81.92
81.92
81.93
81.93
81.93
81.93
81.94
81.95
81.94
81.93
81.93
81.94
81.92
81.91
81.91
81.91
81.91
81.92
81.91
81.91
81.91
81.91
81.92
81.91
81.91
81.91
81.89
81.89
81.90
81.90
81.89
81.89
81.89
81.89
81.88
81.89
81.88
81.88
81.88
81.88
81.87
81.88
81.86
81.87
81.86
81.86
81.86
81.87
81.88
81.88
81.89
81.89
81.89
81.90
81.91
81.89
81.89
81.89
81.88
81.87
81.87
81.88
81.88
81.88
81.86
81.86
81.87
81.87
81.87
81.88
81.87
81.87
81.87
81.88
81.89
81.90
81.90
81.91
81.89
81.91
81.92
81.91
81.91
81.92
81.92
81.91
81.90
81.89
81.90
81.91
81.91
81.90
81.90
81.87
81.87
81.88
81.87
81.88
81.87
81.89
81.90
81.90
81.90
81.91
81.91
81.93
81.93
81.93
81.93
81.94
81.94
81.94
81.94
81.94
81.91
81.91
81.92
81.93
81.92
81.91
81.92
81.93
81.94
81.94
81.94
81.95
81.94
81.94
81.94
81.93
81.94
81.94
81.94
81.94
81.94
81.93
81.93
81.93
81.93
81.93
81.92
81.93
81.92
81.93
81.94
81.93
81.94
81.92
81.92
81.93
81.92
81.91
81.91
81.92
81.93
81.92
81.92
81.92
81.92
81.92
81.92
81.92
81.91
81.92
81.94
81.93
81.94
81.93
81.94
81.92
81.92
81.92
81.93
81.91
81.93
81.92
81.92
81.92
81.92
81.92
81.93
81.93
81.94
81.94
81.93
81.93
81.94
81.94
81.94
81.94
81.94
81.92
81.91
81.90
81.90
81.90
81.91
81.91
81.90
81.91
81.91
81.91
81.91
81.92
81.90
81.91
81.91
81.92
81.92
81.93
81.94
81.94
81.94
81.94
81.93
81.94
81.93
81.93
81.93
81.92
81.91
81.91
81.91
81.91
81.92
81.91
81.91
81.91
81.90
81.91
81.90
81.90
81.89
81.89
81.89
81.90
81.89
81.88
81.88
81.89
81.89
81.89
81.89
81.89
81.89
81.89
81.89
81.90
81.90
81.90
81.90
81.89
81.89
81.89
81.89
81.89
81.90
81.90
81.89
81.81
