7.81
9.38
9.90
9.77
10.62
10.68
10.27
10.16
9.55
9.22
9.23
9.64
9.25
9.38
9.17
9.38
9.65
9.64
9.46
9.61
9.82
9.66
9.85
9.77
9.88
9.92
9.78
9.99
9.97
9.90
9.83
10.06
9.80
9.83
9.82
9.81
9.97
10.03
9.98
10.00
10.10
10.01
9.92
10.01
9.90
9.92
9.77
9.80
9.89
9.94
9.96
9.89
9.96
10.01
9.97
9.99
9.92
9.97
9.93
9.87
9.89
9.88
10.00
9.99
9.95
9.92
10.00
10.06
10.05
10.09
10.01
9.96
9.93
9.92
9.98
10.07
10.15
10.16
10.13
10.08
10.05
10.08
10.05
10.03
10.00
9.99
10.00
9.96
9.94
10.00
9.98
9.99
10.03
10.04
10.15
10.09
10.08
10.12
10.18
10.16
10.12
10.13
10.12
10.11
10.07
10.10
10.09
10.11
10.11
10.09
10.11
10.11
10.04
10.10
10.03
9.99
10.02
10.04
10.04
10.08
10.03
10.05
10.04
10.03
10.05
10.04
10.04
10.06
10.08
10.06
10.03
10.03
10.08
10.10
10.14
10.21
10.17
10.17
10.12
10.10
10.12
10.12
10.10
10.08
10.05
10.05
10.04
10.05
10.01
9.97
9.99
9.98
9.96
9.94
9.94
9.95
9.97
9.96
9.94
9.92
9.93
9.93
9.96
9.95
9.95
9.94
9.91
9.90
9.87
9.87
9.90
9.87
9.88
9.90
9.92
9.90
9.90
9.89
9.90
9.92
9.93
9.93
9.91
9.90
9.89
9.90
9.93
9.95
9.94
9.92
9.91
9.89
9.87
9.87
9.84
9.82
9.80
9.79
9.80
9.80
9.83
9.82
9.84
9.85
9.86
9.85
9.82
9.78
9.80
9.84
9.87
9.87
9.85
9.83
9.83
9.82
9.83
9.88
9.87
9.87
9.85
9.84
9.84
9.84
9.88
9.85
9.84
9.82
9.79
9.78
9.78
9.78
9.79
9.78
9.77
9.79
9.78
9.78
9.78
9.77
9.78
9.76
9.76
9.77
9.80
9.80
9.80
9.80
9.79
9.79
9.79
9.82
9.82
9.81
9.80
9.81
9.79
9.78
9.77
9.74
9.74
9.73
9.75
9.74
9.72
9.72
9.74
9.75
9.75
9.74
9.72
9.73
9.74
9.72
9.72
9.73
9.74
9.75
9.73
9.71
9.71
9.70
9.71
9.71
9.69
9.70
9.69
9.68
9.68
9.68
9.69
9.71
9.71
9.72
9.70
9.71
9.71
9.69
9.69
9.70
9.72
9.72
9.72
9.71
9.73
9.75
9.74
9.75
9.74
9.75
9.74
9.76
9.75
9.75
9.74
9.73
9.73
9.73
9.74
9.76
9.77
9.77
9.77
9.79
9.80
9.79
9.79
9.79
9.80
9.80
9.79
9.78
9.76
9.78
9.79
9.80
9.80
9.80
9.85
9.87
9.87
9.87
9.88
9.87
9.86
9.87
9.88
9.88
9.89
9.88
9.88
9.87
9.85
9.86
9.86
9.87
9.86
9.85
9.85
9.84
9.83
9.83
9.81
9.81
9.82
9.83
9.83
9.84
9.84
9.84
9.83
9.85
9.82
9.82
9.82
9.83
9.84
9.84
9.84
9.84
9.84
9.82
9.80
9.79
9.79
9.77
9.76
9.77
9.78
9.78
9.77
9.76
9.74
9.75
9.73
9.73
9.74
9.75
9.75
9.74
9.74
9.74
9.72
9.73
9.74
9.73
9.73
9.72
9.72
9.71
9.71
9.71
9.73
9.71
9.72
9.72
9.73
9.72
9.71
9.71
9.71
9.71
9.71
9.72
9.72
9.73
9.74
9.74
9.74
9.75
9.74
9.76
9.77
9.78
9.76
9.75
9.75
9.74
9.74
9.73
9.75
9.75
9.74
9.74
9.74
9.75
9.75
9.76
9.74
9.74
9.74
9.73
9.71
9.71
9.72
9.72
9.72
9.72
9.73
9.74
9.73
9.72
9.72
9.72
9.71
9.72
9.71
9.71
9.71
9.70
9.71
9.70
9.70
9.69
9.68
9.69
9.69
9.69
9.70
9.69
9.69
9.68
9.68
9.68
9.69
9.68
9.68
9.68
9.68
9.69
9.69
9.69
9.68
9.68
9.67
9.66
9.65
9.65
9.65
9.66
9.65
9.66
9.65
9.64
9.63
9.63
9.62
9.62
9.62
9.62
9.63
9.62
9.62
9.62
9.62
9.61
9.60
9.59
9.59
9.59
9.59
9.58
9.57
9.57
9.58
9.58
9.59
9.58
9.60
9.59
9.59
9.60
9.60
9.59
9.59
9.59
9.58
9.58
9.59
9.60
9.60
9.61
9.61
9.60
9.59
9.58
9.59
9.60
9.59
9.58
9.57
9.56
9.57
9.57
9.58
9.59
9.59
9.59
9.59
9.59
9.59
9.59
9.59
9.59
9.59
9.60
9.59
9.60
9.59
9.59
9.59
9.58
9.57
9.57
9.59
9.59
9.59
9.59
9.59
9.60
9.60
9.60
9.60
9.59
9.59
9.59
9.59
9.58
9.58
9.58
9.57
9.57
9.58
9.58
9.58
9.59
9.58
9.59
9.59
9.59
9.59
9.59
9.58
9.58
9.58
9.58
9.58
9.58
9.58
9.57
9.57
9.56
9.56
9.56
9.56
9.56
9.56
9.56
9.56
9.56
9.56
9.56
9.56
9.57
9.57
9.56
9.56
9.56
9.56
9.56
9.55
9.55
9.55
9.55
9.55
9.56
9.57
9.56
9.56
9.57
9.57
9.59
9.59
9.59
9.58
9.58
9.58
9.58
9.58
9.60
9.60
9.61
9.60
9.61
9.61
9.61
9.60
9.61
9.61
9.61
9.61
9.60
9.61
9.61
9.61
9.60
9.61
9.61
9.60
9.61
9.61
9.60
9.61
9.60
9.60
9.60
9.60
9.60
9.60
9.60
9.60
9.60
9.60
9.60
9.60
9.60
9.60
9.60
9.61
9.60
9.60
9.60
9.62
9.62
9.62
9.62
9.61
9.61
9.61
9.61
9.61
9.61
9.62
9.61
9.60
9.60
9.61
9.62
9.62
9.62
9.61
9.60
9.60
9.61
9.61
9.61
9.61
9.61
9.62
9.62
9.62
9.63
9.63
9.63
9.63
9.63
9.64
9.64
9.65
9.64
9.63
9.63
9.64
9.64
9.64
9.64
9.65
9.66
9.66
9.66
9.66
9.66
9.66
9.65
9.65
9.65
9.65
9.66
9.65
9.65
9.65
9.64
9.64
9.64
9.65
9.66
9.66
9.66
9.67
9.66
9.66
9.66
9.66
9.66
9.66
9.66
9.65
9.65
9.65
9.66
9.66
9.66
9.66
9.67
9.67
9.67
9.67
9.67
9.67
9.67
9.67
9.67
