32.81
30.47
32.29
32.42
33.44
35.42
36.61
35.74
35.24
36.25
37.22
37.11
37.38
37.50
37.60
37.79
37.87
37.59
37.50
37.27
36.61
36.86
36.68
36.13
35.94
35.76
35.59
35.27
35.51
35.31
35.58
35.74
35.75
35.75
35.85
35.63
35.81
35.98
36.14
36.02
35.94
35.97
36.01
36.08
36.11
36.14
36.24
36.26
36.32
36.50
36.46
36.72
36.62
36.37
36.48
36.50
36.46
36.37
36.26
36.30
36.19
36.19
36.43
36.25
36.35
36.43
36.54
36.67
36.50
36.52
36.53
36.59
36.64
36.44
36.42
36.47
36.47
36.52
36.55
36.48
36.46
36.36
36.50
36.51
36.56
36.59
36.64
36.52
36.43
36.28
36.35
36.29
36.46
36.30
36.28
36.25
36.31
36.40
36.35
36.41
36.37
36.37
36.39
36.36
36.41
36.42
36.46
36.46
36.44
36.51
36.54
36.43
36.48
36.42
36.41
36.49
36.49
36.47
36.50
36.54
36.52
36.50
36.47
36.48
36.46
36.46
36.56
36.51
36.54
36.53
36.52
36.52
36.60
36.60
36.66
36.67
36.76
36.76
36.78
36.77
36.80
36.73
36.71
36.74
36.72
36.72
36.77
36.77
36.72
36.76
36.77
36.73
36.79
36.83
36.75
36.71
36.69
36.72
36.77
36.78
36.82
36.82
36.80
36.81
36.82
36.81
36.82
36.79
36.76
36.69
36.70
36.68
36.72
36.75
36.80
36.80
36.81
36.76
36.88
36.94
36.96
36.93
36.95
37.00
36.98
37.03
37.01
37.06
37.05
37.04
36.99
36.97
36.98
36.92
36.96
37.02
36.95
36.92
36.90
36.98
36.97
36.98
36.99
36.94
36.92
36.92
36.90
36.90
36.92
36.93
36.92
36.90
36.91
36.90
36.92
36.92
36.92
36.95
36.99
37.02
37.02
37.01
37.04
37.05
37.00
37.01
36.96
36.94
36.92
36.94
37.01
37.02
37.04
37.02
37.00
37.01
36.99
36.96
36.96
36.93
36.90
36.88
36.89
36.89
36.87
36.90
36.93
36.90
36.88
36.83
36.82
36.84
36.83
36.86
36.85
36.83
36.84
36.87
36.88
36.91
36.93
36.91
36.89
36.90
36.88
36.91
36.91
36.92
36.90
36.90
36.86
36.83
36.82
36.80
36.78
36.79
36.78
36.77
36.79
36.76
36.74
36.70
36.72
36.75
36.79
36.82
36.81
36.81
36.80
36.80
36.79
36.80
36.77
36.73
36.73
36.72
36.74
36.72
36.71
36.71
36.71
36.68
36.65
36.65
36.64
36.68
36.67
36.66
36.66
36.67
36.68
36.69
36.67
36.62
36.59
36.61
36.59
36.59
36.59
36.58
36.57
36.60
36.59
36.58
36.56
36.58
36.61
36.61
36.61
36.61
36.62
36.62
36.63
36.63
36.62
36.67
36.65
36.66
36.65
36.62
36.62
36.61
36.60
36.60
36.58
36.58
36.60
36.62
36.63
36.62
36.60
36.59
36.60
36.60
36.64
36.61
36.61
36.61
36.59
36.60
36.60
36.62
36.62
36.59
36.61
36.61
36.61
36.59
36.57
36.58
36.60
36.63
36.62
36.59
36.55
36.55
36.55
36.54
36.54
36.56
36.54
36.54
36.55
36.54
36.53
36.56
36.54
36.54
36.56
36.55
36.54
36.56
36.58
36.55
36.57
36.55
36.53
36.52
36.54
36.54
36.55
36.57
36.59
36.58
36.60
36.58
36.57
36.55
36.58
36.57
36.55
36.55
36.54
36.55
36.56
36.53
36.55
36.56
36.55
36.54
36.54
36.54
36.54
36.52
36.51
36.52
36.52
36.54
36.53
36.54
36.52
36.55
36.55
36.56
36.53
36.52
36.52
36.52
36.50
36.49
36.48
36.49
36.48
36.49
36.47
36.46
36.47
36.47
36.49
36.51
36.53
36.54
36.56
36.55
36.57
36.56
36.57
36.60
36.58
36.58
36.62
36.62
36.63
36.64
36.64
36.64
36.64
36.65
36.61
36.62
36.63
36.63
36.64
36.64
36.63
36.63
36.61
36.62
36.60
36.59
36.59
36.60
36.58
36.58
36.55
36.54
36.54
36.52
36.51
36.53
36.55
36.54
36.54
36.54
36.55
36.57
36.55
36.56
36.57
36.58
36.58
36.59
36.61
36.62
36.63
36.63
36.65
36.66
36.67
36.68
36.69
36.71
36.71
36.70
36.69
36.70
36.70
36.71
36.71
36.71
36.73
36.72
36.70
36.69
36.70
36.71
36.71
36.70
36.69
36.69
36.68
36.67
36.65
36.66
36.67
36.68
36.70
36.70
36.71
36.70
36.69
36.70
36.71
36.72
36.73
36.73
36.74
36.75
36.75
36.75
36.75
36.75
36.73
36.73
36.72
36.72
36.73
36.74
36.73
36.72
36.70
36.70
36.72
36.74
36.75
36.75
36.75
36.74
36.74
36.73
36.74
36.74
36.72
36.73
36.72
36.73
36.73
36.74
36.74
36.73
36.74
36.75
36.74
36.74
36.73
36.72
36.70
36.72
36.72
36.74
36.73
36.74
36.73
36.72
36.72
36.71
36.69
36.70
36.70
36.70
36.68
36.67
36.69
36.70
36.68
36.70
36.70
36.69
36.68
36.66
36.67
36.67
36.66
36.66
36.66
36.67
36.68
36.67
36.66
36.66
36.66
36.66
36.64
36.65
36.65
36.65
36.63
36.64
36.63
36.63
36.62
36.61
36.59
36.59
36.58
36.57
36.57
36.56
36.56
36.56
36.57
36.56
36.55
36.56
36.57
36.57
36.58
36.58
36.60
36.59
36.58
36.57
36.58
36.60
36.60
36.60
36.61
36.60
36.60
36.62
36.62
36.61
36.60
36.60
36.60
36.59
36.62
36.62
36.61
36.60
36.60
36.61
36.62
36.63
36.62
36.62
36.63
36.64
36.64
36.63
36.64
36.63
36.62
36.61
36.61
36.62
36.62
36.62
36.61
36.62
36.61
36.62
36.61
36.62
36.61
36.62
36.64
36.64
36.63
36.63
36.64
36.63
36.63
36.62
36.62
36.63
36.63
36.63
36.64
36.65
36.65
36.64
36.64
36.64
36.64
36.64
36.63
36.61
36.60
36.61
36.62
36.62
36.62
36.61
36.59
36.61
36.60
36.60
36.61
36.61
36.62
36.64
36.64
36.65
36.64
36.64
36.65
36.66
36.65
36.66
36.65
36.64
36.66
36.66
36.66
36.66
36.66
36.66
36.67
36.67
36.68
36.70
36.70
36.71
36.73
36.73
36.73
36.73
36.73
36.74
36.75
36.75
36.74
36.74
36.74
36.74
36.73
36.74
36.74
36.74
36.74
36.74
36.75
36.75
36.75
36.74
36.73
36.73
36.71
36.73
36.75
36.72
