56.25
50.78
48.44
49.22
53.12
53.12
52.01
53.12
52.78
52.97
52.27
51.17
51.20
51.00
51.15
52.15
52.48
52.95
53.37
53.44
53.57
53.76
54.28
54.75
54.75
54.57
54.57
54.85
55.06
55.36
55.29
55.18
55.21
55.28
55.27
55.25
55.41
55.43
55.41
55.39
55.34
55.39
55.27
55.15
55.21
55.16
55.12
55.05
55.04
55.03
54.99
55.08
55.19
55.24
55.34
55.36
55.46
55.44
55.22
55.16
54.92
54.71
54.76
54.81
54.74
54.81
54.85
54.94
54.71
54.62
54.40
54.49
54.45
54.35
54.50
54.46
54.59
54.57
54.55
54.63
54.59
54.54
54.46
54.41
54.45
54.43
54.42
54.42
54.49
54.38
54.34
54.30
54.22
54.22
54.18
54.20
54.20
54.21
54.18
54.28
54.33
54.38
54.40
54.40
54.30
54.32
54.37
54.40
54.42
54.39
54.41
54.44
54.48
54.47
54.44
54.51
54.57
54.54
54.61
54.60
54.56
54.56
54.50
54.47
54.44
54.41
54.33
54.33
54.29
54.34
54.29
54.34
54.30
54.30
54.26
54.30
54.27
54.27
54.26
54.33
54.30
54.37
54.39
54.33
54.35
54.37
54.44
54.47
54.54
54.57
54.67
54.62
54.54
54.52
54.48
54.38
54.43
54.34
54.32
54.35
54.36
54.31
54.32
54.26
54.24
54.23
54.26
54.28
54.31
54.33
54.33
54.31
54.29
54.24
54.21
54.16
54.17
54.17
54.16
54.15
54.17
54.16
54.12
54.09
54.07
54.04
54.02
54.02
53.98
54.00
54.00
53.97
53.96
53.94
53.98
54.02
54.02
54.00
53.97
53.98
53.98
53.95
53.92
53.91
53.93
53.93
53.95
53.97
53.93
53.95
53.94
53.93
53.88
53.88
53.84
53.89
53.95
53.93
53.95
53.91
53.91
53.89
53.90
53.89
53.87
53.86
53.85
53.91
53.88
53.89
53.89
53.89
53.88
53.88
53.85
53.85
53.88
53.81
53.80
53.83
53.83
53.82
53.84
53.87
53.89
53.86
53.87
53.86
53.85
53.88
53.86
53.83
53.83
53.86
53.84
53.86
53.84
53.85
53.81
53.80
53.78
53.82
53.84
53.86
53.84
53.84
53.86
53.86
53.86
53.85
53.84
53.85
53.83
53.82
53.84
53.85
53.86
53.87
53.86
53.90
53.91
53.91
53.86
53.88
53.88
53.90
53.91
53.92
53.91
53.90
53.93
53.94
53.92
53.90
53.86
53.91
53.90
53.90
53.91
53.91
53.95
53.93
53.93
53.90
53.92
53.90
53.90
53.92
53.91
53.92
53.93
53.93
53.95
53.93
53.94
53.96
53.99
53.98
53.98
53.97
53.97
53.98
53.98
53.95
53.97
53.97
53.93
53.94
53.97
54.00
54.00
54.04
54.01
54.02
54.03
54.02
54.02
54.01
54.00
54.00
53.98
54.01
53.98
53.97
53.95
53.94
53.95
53.94
53.93
53.93
53.94
53.94
53.93
53.93
53.90
53.90
53.90
53.88
53.88
53.90
53.92
53.90
53.89
53.89
53.92
53.94
53.93
53.96
53.96
53.95
53.96
53.97
53.93
53.96
53.95
53.96
53.95
53.98
53.97
53.97
53.98
53.97
53.97
54.00
54.02
54.02
54.02
54.02
54.02
54.01
54.00
54.00
54.01
54.02
54.04
54.03
54.04
54.03
54.03
54.02
54.03
54.03
54.05
54.05
54.05
54.06
54.07
54.03
54.04
54.04
54.03
54.04
54.03
54.01
54.01
54.02
54.01
54.00
54.00
53.99
53.97
54.00
54.00
54.01
54.01
54.01
54.00
54.03
54.03
54.04
54.03
54.04
54.04
54.06
54.06
54.05
54.06
54.04
54.03
54.04
54.07
54.09
54.08
54.05
54.06
54.06
54.06
54.04
54.05
54.07
54.07
54.06
54.06
54.09
54.11
54.11
54.11
54.10
54.09
54.08
54.08
54.07
54.07
54.08
54.09
54.08
54.08
54.08
54.10
54.09
54.10
54.09
54.08
54.08
54.07
54.06
54.06
54.06
54.04
54.03
54.04
54.03
54.05
54.05
54.07
54.06
54.07
54.10
54.09
54.08
54.07
54.06
54.05
54.06
54.09
54.11
54.10
54.10
54.13
54.15
54.13
54.13
54.12
54.11
54.10
54.08
54.08
54.10
54.11
54.09
54.08
54.08
54.07
54.07
54.08
54.09
54.08
54.09
54.08
54.07
54.07
54.08
54.07
54.06
54.05
54.06
54.06
54.07
54.06
54.06
54.07
54.07
54.07
54.06
54.06
54.06
54.04
54.02
54.01
54.02
54.03
54.02
54.02
54.02
54.01
54.02
54.02
54.00
54.02
54.04
54.03
54.02
54.01
54.01
54.00
54.01
54.01
53.99
54.00
53.97
53.97
53.96
53.96
53.95
53.96
53.94
53.94
53.96
53.97
53.97
53.97
53.97
53.98
53.98
53.98
53.95
53.96
53.96
53.97
53.97
53.96
53.97
53.97
53.97
53.96
53.96
53.97
53.98
53.99
53.99
53.99
54.00
53.99
54.00
54.01
54.01
54.00
54.01
54.01
54.01
54.02
54.03
54.03
54.05
54.03
54.04
54.02
54.02
54.01
54.01
54.01
54.01
54.00
54.01
54.02
54.00
54.00
54.01
54.02
54.01
54.01
54.01
54.00
54.01
54.01
54.01
54.00
54.01
54.02
54.01
53.99
54.00
54.01
53.99
54.01
54.02
54.01
54.00
54.01
54.01
54.00
54.00
54.00
54.01
54.01
54.02
54.02
54.01
54.03
54.03
54.05
54.05
54.04
54.05
54.05
54.06
54.05
54.05
54.05
54.05
54.05
54.04
54.03
54.03
54.02
54.02
54.03
54.03
54.03
54.03
54.01
54.00
54.00
53.97
53.98
53.98
53.99
53.99
53.99
53.98
53.96
53.96
53.95
53.95
53.95
53.97
53.96
53.95
53.96
53.95
53.95
53.95
53.94
53.94
53.94
53.92
53.93
53.92
53.92
53.93
53.93
53.92
53.93
53.94
53.94
53.95
53.94
53.95
53.95
53.96
53.96
53.97
53.96
53.97
53.98
53.97
53.98
53.97
53.97
53.97
53.96
53.97
53.95
53.94
53.93
53.93
53.93
53.92
53.93
53.93
53.92
53.92
53.93
53.94
53.95
53.94
53.93
53.94
53.96
53.97
53.97
53.96
53.96
53.96
53.96
53.96
53.96
53.94
53.94
53.95
53.96
53.95
53.96
53.94
53.94
53.94
53.94
53.93
53.94
53.93
53.94
53.93
53.94
53.93
53.92
53.92
53.92
53.92
53.90
53.89
53.89
53.90
53.89
53.89
53.90
53.90
53.90
53.90
53.91
53.91
53.91
53.86
