71.88
74.22
72.40
70.31
70.94
70.83
70.31
71.29
72.05
71.88
71.45
71.35
71.03
71.32
71.67
71.78
70.96
70.92
71.46
71.56
71.58
71.66
71.67
71.74
71.50
71.27
71.12
70.98
70.80
70.47
70.46
70.56
70.45
70.63
70.54
70.83
70.73
70.72
70.63
70.55
70.43
70.50
70.60
70.60
70.59
70.58
70.61
70.61
70.34
70.44
70.37
70.43
70.46
70.40
70.34
70.42
70.34
70.39
70.15
70.13
70.11
69.98
70.01
70.17
70.14
70.00
69.87
69.90
69.95
69.96
70.00
70.01
70.03
70.00
70.06
69.96
69.78
69.81
69.88
69.77
69.71
69.78
69.60
69.59
69.54
69.55
69.50
69.55
69.47
69.43
69.45
69.45
69.57
69.63
69.57
69.53
69.52
69.48
69.44
69.42
69.38
69.41
69.42
69.38
69.33
69.35
69.35
69.24
69.25
69.23
69.24
69.15
69.30
69.34
69.35
69.34
69.32
69.31
69.29
69.23
69.25
69.25
69.26
69.24
69.19
69.11
69.13
69.03
69.09
69.07
69.02
69.00
69.02
69.06
69.18
69.29
69.33
69.32
69.26
69.19
69.16
69.09
69.08
69.12
69.11
69.12
69.15
69.18
69.16
69.14
69.11
69.14
69.15
69.15
69.10
69.16
69.16
69.22
69.28
69.24
69.23
69.29
69.29
69.30
69.29
69.26
69.28
69.30
69.26
69.25
69.30
69.31
69.33
69.31
69.35
69.35
69.38
69.35
69.30
69.28
69.29
69.26
69.27
69.23
69.22
69.23
69.18
69.20
69.23
69.23
69.25
69.21
69.22
69.24
69.21
69.20
69.20
69.18
69.23
69.23
69.28
69.30
69.27
69.29
69.29
69.30
69.32
69.34
69.33
69.35
69.33
69.35
69.39
69.39
69.38
69.36
69.40
69.37
69.34
69.34
69.37
69.31
69.35
69.37
69.34
69.37
69.34
69.33
69.32
69.35
69.36
69.37
69.37
69.34
69.36
69.35
69.37
69.34
69.32
69.30
69.35
69.32
69.31
69.31
69.28
69.31
69.33
69.34
69.35
69.40
69.35
69.36
69.36
69.37
69.34
69.33
69.32
69.31
69.31
69.27
69.28
69.23
69.24
69.25
69.26
69.26
69.24
69.25
69.24
69.24
69.19
69.17
69.17
69.19
69.14
69.16
69.16
69.17
69.16
69.14
69.14
69.15
69.15
69.09
69.06
69.04
69.04
69.05
69.06
69.08
69.06
69.07
69.06
69.05
69.00
69.00
69.00
68.96
68.97
68.97
68.93
68.91
68.91
68.89
68.92
68.91
68.94
68.98
69.01
69.00
68.96
68.98
68.98
68.98
68.98
68.97
69.00
69.04
69.07
69.05
69.01
69.01
69.00
69.00
68.97
68.98
69.01
69.01
68.98
68.94
68.96
68.98
68.97
68.95
68.95
68.96
68.94
68.94
68.94
68.92
68.94
68.94
68.90
68.89
68.90
68.90
68.90
68.89
68.89
68.88
68.86
68.87
68.86
68.86
68.86
68.86
68.89
68.92
68.93
68.94
68.94
68.96
68.94
68.94
68.96
68.96
68.95
68.93
68.94
68.94
68.95
68.95
68.96
68.98
68.99
69.00
68.98
68.98
68.96
68.94
68.95
68.95
68.95
68.95
68.95
68.96
68.96
68.96
68.96
68.99
69.00
68.99
68.98
68.99
69.00
68.97
68.98
69.00
68.98
68.96
68.96
68.95
68.96
68.96
68.95
68.96
68.98
69.01
68.99
69.01
69.02
69.01
68.98
68.95
68.98
69.00
69.03
69.00
69.00
69.00
69.01
69.03
69.03
69.06
69.05
69.06
69.05
69.04
69.03
69.03
69.03
69.04
69.04
69.06
69.05
69.02
69.02
69.01
68.98
68.99
68.99
68.99
68.99
68.99
69.01
69.01
69.00
69.00
69.00
69.01
69.00
69.00
69.01
69.00
69.00
69.00
69.00
69.02
69.00
69.02
69.01
69.00
69.01
69.01
69.03
69.04
69.04
69.03
69.03
69.05
69.04
69.01
68.99
69.01
69.02
69.03
69.03
69.03
69.01
69.01
69.00
69.02
69.01
69.01
69.02
69.01
69.00
68.99
68.99
68.96
68.97
68.97
68.99
69.00
68.98
68.98
68.98
68.99
69.00
68.98
68.99
69.01
68.99
68.99
69.00
69.01
69.00
69.00
69.02
69.02
69.03
69.04
69.03
69.03
69.03
69.05
69.04
69.02
69.01
69.01
69.01
69.02
69.04
69.04
69.03
69.03
69.03
69.04
69.06
69.06
69.05
69.06
69.04
69.05
69.04
69.02
69.04
69.03
69.04
69.03
69.02
69.04
69.05
69.07
69.05
69.05
69.04
69.04
69.05
69.05
69.04
69.04
69.05
69.03
69.02
69.01
69.02
69.03
69.04
69.06
69.06
69.05
69.06
69.06
69.06
69.08
69.09
69.09
69.08
69.10
69.09
69.08
69.07
69.07
69.08
69.08
69.06
69.06
69.05
69.02
69.02
69.00
68.99
69.00
69.01
69.01
68.99
69.00
69.00
68.99
69.00
69.01
69.01
69.02
69.02
69.01
69.02
69.01
69.00
69.01
69.02
69.00
69.01
69.01
69.02
69.02
69.03
69.02
69.01
69.00
68.99
68.98
68.98
68.97
68.99
68.99
68.99
69.00
69.00
68.99
68.99
69.00
69.00
68.99
69.00
69.00
68.99
68.98
68.98
68.98
68.98
68.98
68.98
68.98
68.99
68.98
68.99
68.98
68.99
68.99
68.98
68.99
68.99
68.98
68.99
68.99
68.98
68.99
68.99
68.98
68.98
68.97
68.98
68.98
68.97
68.96
68.96
68.96
68.96
68.94
68.94
68.92
68.92
68.92
68.92
68.92
68.92
68.92
68.92
68.92
68.91
68.91
68.91
68.90
68.91
68.89
68.89
68.87
68.86
68.85
68.87
68.88
68.89
68.90
68.90
68.88
68.87
68.88
68.87
68.87
68.87
68.86
68.84
68.83
68.83
68.82
68.81
68.81
68.79
68.79
68.78
68.78
68.79
68.78
68.78
68.79
68.79
68.80
68.82
68.80
68.81
68.82
68.82
68.83
68.84
68.83
68.84
68.85
68.87
68.87
68.86
68.86
68.86
68.85
68.83
68.84
68.83
68.82
68.82
68.82
68.82
68.83
68.82
68.81
68.81
68.81
68.81
68.82
68.81
68.79
68.79
68.77
68.77
68.78
68.78
68.77
68.76
68.76
68.76
68.75
68.75
68.76
68.77
68.77
68.77
68.76
68.77
68.77
68.78
68.77
68.77
68.77
68.76
68.77
68.78
68.78
68.78
68.78
68.78
68.77
68.77
68.77
68.77
68.78
68.78
68.78
68.77
68.77
68.78
68.78
68.79
68.72
