3.12
4.69
4.17
3.91
4.06
3.65
3.79
3.32
2.95
2.66
2.41
2.21
2.52
2.57
2.60
2.64
2.76
2.69
2.88
2.89
2.83
2.70
2.92
2.93
2.81
2.76
2.72
2.73
2.75
2.66
2.72
2.78
2.84
2.94
2.90
2.82
2.83
2.96
3.00
3.09
3.01
3.05
3.09
3.12
3.09
3.02
3.12
3.06
3.03
3.03
2.97
2.91
2.92
2.89
2.95
2.96
2.99
3.07
3.12
3.12
3.10
3.12
3.12
3.10
3.08
3.03
2.99
3.01
3.01
2.99
2.99
2.99
3.02
3.02
2.98
3.02
3.08
3.08
3.09
3.07
3.05
3.05
3.05
3.03
3.00
2.96
3.00
3.00
3.02
3.07
3.06
3.09
3.07
3.11
3.11
3.09
3.06
3.08
3.09
3.11
3.11
3.12
3.11
3.11
3.11
3.14
3.14
3.15
3.12
3.11
3.10
3.10
3.08
3.11
3.10
3.08
3.17
3.14
3.14
3.15
3.14
3.15
3.19
3.21
3.20
3.17
3.16
3.16
3.16
3.19
3.18
3.17
3.18
3.17
3.18
3.18
3.17
3.16
3.16
3.15
3.14
3.14
3.17
3.19
3.20
3.20
3.21
3.19
3.19
3.19
3.19
3.17
3.19
3.17
3.16
3.14
3.13
3.12
3.13
3.15
3.16
3.15
3.16
3.16
3.17
3.18
3.21
3.22
3.22
3.22
3.22
3.24
3.24
3.25
3.25
3.27
3.26
3.27
3.27
3.28
3.28
3.28
3.27
3.29
3.29
3.28
3.26
3.27
3.28
3.27
3.27
3.29
3.29
3.28
3.28
3.29
3.28
3.28
3.27
3.28
3.28
3.29
3.27
3.26
3.25
3.25
3.26
3.28
3.27
3.27
3.28
3.28
3.27
3.26
3.26
3.26
3.25
3.25
3.23
3.24
3.23
3.22
3.21
3.19
3.20
3.20
3.19
3.18
3.18
3.17
3.17
3.17
3.16
3.15
3.14
3.15
3.15
3.14
3.13
3.13
3.13
3.13
3.12
3.11
3.11
3.11
3.10
3.11
3.10
3.10
3.09
3.09
3.08
3.09
3.09
3.09
3.08
3.09
3.10
3.09
3.09
3.08
3.07
3.06
3.08
3.10
3.10
3.10
3.10
3.08
3.08
3.10
3.11
3.11
3.11
3.10
3.10
3.12
3.11
3.11
3.10
3.09
3.10
3.10
3.10
3.10
3.10
3.10
3.10
3.09
3.09
3.10
3.11
3.11
3.12
3.14
3.15
3.15
3.15
3.14
3.15
3.14
3.13
3.13
3.13
3.12
3.12
3.11
3.12
3.12
3.12
3.12
3.12
3.13
3.14
3.13
3.13
3.12
3.12
3.12
3.12
3.12
3.12
3.12
3.11
3.11
3.10
3.10
3.11
3.10
3.11
3.11
3.11
3.10
3.09
3.10
3.10
3.10
3.11
3.10
3.10
3.10
3.12
3.12
3.12
3.12
3.12
3.11
3.10
3.10
3.09
3.09
3.09
3.09
3.09
3.08
3.10
3.09
3.09
3.09
3.09
3.10
3.09
3.09
3.10
3.10
3.10
3.10
3.09
3.09
3.09
3.08
3.08
3.09
3.09
3.09
3.08
3.09
3.09
3.09
3.09
3.10
3.11
3.12
3.12
3.11
3.10
3.10
3.11
3.12
3.12
3.11
3.12
3.11
3.12
3.12
3.12
3.11
3.11
3.10
3.09
3.11
3.11
3.11
3.12
3.12
3.11
3.11
3.11
3.11
3.10
3.10
3.10
3.10
3.10
3.10
3.10
3.10
3.10
3.10
3.10
3.10
3.10
3.10
3.10
3.10
3.10
3.10
3.11
3.10
3.10
3.10
3.10
3.10
3.10
3.10
3.10
3.09
3.09
3.09
3.09
3.09
3.09
3.08
3.08
3.08
3.09
3.09
3.09
3.09
3.09
3.09
3.08
3.08
3.08
3.07
3.07
3.08
3.08
3.08
3.08
3.09
3.09
3.09
3.09
3.10
3.10
3.09
3.10
3.10
3.10
3.10
3.10
3.11
3.11
3.12
3.12
3.12
3.12
3.12
3.11
3.11
3.12
3.13
3.14
3.14
3.14
3.14
3.13
3.13
3.14
3.14
3.14
3.14
3.13
3.12
3.12
3.12
3.12
3.12
3.12
3.13
3.12
3.12
3.12
3.11
3.11
3.10
3.11
3.11
3.10
3.10
3.10
3.10
3.10
3.10
3.10
3.10
3.10
3.10
3.10
3.10
3.11
3.11
3.11
3.10
3.10
3.10
3.10
3.10
3.10
3.10
3.10
3.10
3.10
3.10
3.10
3.10
3.10
3.10
3.10
3.10
3.10
3.10
3.11
3.11
3.11
3.11
3.11
3.11
3.11
3.12
3.12
3.13
3.13
3.13
3.13
3.13
3.12
3.12
3.12
3.12
3.12
3.12
3.11
3.12
3.12
3.11
3.11
3.11
3.11
3.11
3.10
3.10
3.10
3.10
3.09
3.09
3.09
3.09
3.09
3.09
3.09
3.09
3.08
3.09
3.09
3.09
3.08
3.08
3.09
3.09
3.09
3.08
3.08
3.09
3.09
3.09
3.09
3.09
3.09
3.09
3.08
3.08
3.08
3.08
3.08
3.08
3.08
3.08
3.08
3.08
3.07
3.08
3.07
3.07
3.07
3.07
3.06
3.06
3.06
3.06
3.06
3.06
3.06
3.06
3.06
3.07
3.07
3.06
3.06
3.06
3.06
3.06
3.06
3.06
3.06
3.06
3.06
3.06
3.06
3.06
3.06
3.06
3.06
3.05
3.05
3.06
3.06
3.06
3.06
3.06
3.06
3.06
3.06
3.05
3.05
3.05
3.05
3.05
3.04
3.04
3.04
3.04
3.04
3.05
3.04
3.04
3.04
3.04
3.04
3.04
3.04
3.04
3.04
3.04
3.04
3.04
3.03
3.04
3.04
3.04
3.03
3.03
3.02
3.02
3.02
3.02
3.02
3.02
3.02
3.02
3.01
3.01
3.01
3.01
3.01
3.01
3.01
3.01
3.01
3.01
3.01
3.01
3.01
3.01
3.01
3.01
3.01
3.00
3.00
3.00
3.00
3.00
3.00
3.00
3.00
3.01
3.01
3.01
3.01
3.01
3.01
3.01
3.01
3.01
3.01
3.01
3.01
3.01
3.00
3.00
3.00
2.99
2.99
2.99
2.99
2.99
2.99
2.98
2.98
2.99
2.99
3.00
2.99
3.00
2.99
2.99
2.99
2.99
3.00
3.00
2.99
2.99
2.99
2.99
2.99
2.99
2.99
2.98
2.99
2.99
2.99
2.99
2.99
2.99
2.98
2.98
2.98
2.97
2.98
2.98
2.98
2.98
2.98
2.98
2.98
2.98
2.98
2.98
2.97
2.97
