1.56
2.34
1.56
1.95
1.56
1.82
1.79
2.15
2.08
2.03
1.85
2.08
2.04
2.12
2.19
2.15
2.02
2.08
2.14
2.11
2.08
2.13
2.04
2.02
1.94
1.86
1.91
2.01
1.99
2.08
2.12
2.34
2.41
2.48
2.50
2.43
2.45
2.47
2.44
2.54
2.52
2.49
2.47
2.56
2.50
2.48
2.56
2.51
2.46
2.47
2.48
2.52
2.48
2.46
2.53
2.54
2.49
2.53
2.49
2.47
2.51
2.49
2.50
2.49
2.50
2.53
2.52
2.50
2.54
2.50
2.53
2.56
2.55
2.51
2.48
2.51
2.54
2.52
2.53
2.54
2.55
2.55
2.54
2.53
2.54
2.56
2.55
2.57
2.58
2.55
2.58
2.58
2.55
2.53
2.52
2.51
2.48
2.50
2.48
2.50
2.49
2.50
2.52
2.51
2.50
2.49
2.48
2.49
2.47
2.44
2.44
2.41
2.41
2.44
2.42
2.41
2.42
2.42
2.44
2.47
2.47
2.45
2.44
2.44
2.44
2.43
2.45
2.47
2.46
2.44
2.42
2.43
2.42
2.43
2.44
2.42
2.41
2.40
2.39
2.42
2.44
2.45
2.46
2.45
2.45
2.43
2.41
2.40
2.38
2.38
2.39
2.38
2.37
2.36
2.36
2.34
2.34
2.34
2.33
2.34
2.37
2.38
2.39
2.37
2.39
2.39
2.38
2.38
2.38
2.36
2.35
2.36
2.38
2.38
2.37
2.36
2.35
2.34
2.33
2.33
2.31
2.30
2.30
2.30
2.31
2.31
2.31
2.32
2.31
2.32
2.32
2.31
2.30
2.30
2.30
2.29
2.29
2.28
2.28
2.29
2.29
2.29
2.29
2.27
2.27
2.26
2.26
2.26
2.27
2.28
2.27
2.28
2.27
2.28
2.27
2.27
2.26
2.26
2.28
2.28
2.28
2.28
2.28
2.28
2.27
2.28
2.28
2.28
2.27
2.28
2.27
2.27
2.27
2.28
2.28
2.27
2.27
2.28
2.28
2.29
2.29
2.29
2.30
2.29
2.28
2.28
2.28
2.28
2.29
2.30
2.30
2.30
2.30
2.30
2.30
2.29
2.29
2.28
2.29
2.29
2.29
2.30
2.30
2.30
2.30
2.30
2.29
2.30
2.31
2.30
2.29
2.29
2.29
2.29
2.28
2.28
2.28
2.28
2.31
2.31
2.30
2.30
2.30
2.29
2.29
2.28
2.28
2.28
2.28
2.27
2.28
2.27
2.26
2.26
2.26
2.25
2.25
2.25
2.25
2.24
2.25
2.25
2.25
2.26
2.26
2.26
2.26
2.27
2.26
2.26
2.28
2.28
2.28
2.29
2.30
2.30
2.30
2.29
2.29
2.28
2.28
2.28
2.28
2.28
2.29
2.30
2.30
2.31
2.31
2.31
2.30
2.30
2.30
2.30
2.30
2.31
2.31
2.30
2.30
2.30
2.30
2.31
2.31
2.31
2.31
2.30
2.31
2.30
2.30
2.31
2.31
2.31
2.31
2.31
2.31
2.30
2.30
2.31
2.32
2.33
2.34
2.34
2.34
2.33
2.32
2.34
2.34
2.35
2.35
2.35
2.35
2.35
2.35
2.35
2.35
2.34
2.34
2.34
2.33
2.33
2.33
2.33
2.33
2.33
2.32
2.32
2.31
2.31
2.31
2.32
2.32
2.32
2.32
2.32
2.32
2.32
2.32
2.32
2.33
2.32
2.33
2.32
2.32
2.32
2.32
2.32
2.32
2.32
2.33
2.32
2.32
2.32
2.32
2.32
2.32
2.31
2.31
2.31
2.31
2.31
2.32
2.31
2.32
2.32
2.33
2.34
2.33
2.33
2.33
2.33
2.32
2.32
2.32
2.31
2.32
2.32
2.32
2.32
2.33
2.33
2.33
2.33
2.32
2.33
2.32
2.32
2.31
2.32
2.32
2.32
2.33
2.32
2.32
2.32
2.31
2.32
2.32
2.32
2.32
2.32
2.32
2.32
2.32
2.32
2.33
2.33
2.33
2.33
2.33
2.32
2.33
2.32
2.32
2.32
2.33
2.32
2.32
2.32
2.33
2.32
2.33
2.32
2.33
2.33
2.34
2.34
2.33
2.33
2.33
2.32
2.32
2.32
2.32
2.31
2.31
2.32
2.32
2.32
2.32
2.32
2.31
2.32
2.31
2.32
2.31
2.32
2.31
2.31
2.33
2.33
2.33
2.33
2.33
2.34
2.35
2.35
2.35
2.36
2.35
2.35
2.34
2.34
2.34
2.34
2.33
2.33
2.33
2.33
2.33
2.32
2.32
2.32
2.32
2.32
2.32
2.32
2.32
2.32
2.32
2.32
2.32
2.32
2.31
2.32
2.32
2.32
2.32
2.32
2.33
2.33
2.33
2.33
2.32
2.33
2.33
2.33
2.33
2.33
2.33
2.33
2.33
2.33
2.33
2.33
2.34
2.34
2.34
2.34
2.34
2.34
2.34
2.34
2.33
2.34
2.33
2.34
2.33
2.33
2.33
2.33
2.33
2.32
2.32
2.32
2.32
2.32
2.32
2.32
2.32
2.32
2.32
2.32
2.32
2.33
2.33
2.34
2.34
2.33
2.33
2.34
2.34
2.34
2.33
2.34
2.34
2.34
2.33
2.33
2.33
2.33
2.33
2.34
2.34
2.34
2.34
2.34
2.34
2.34
2.33
2.33
2.33
2.33
2.33
2.33
2.32
2.32
2.32
2.32
2.32
2.31
2.32
2.32
2.32
2.31
2.31
2.31
2.31
2.31
2.31
2.31
2.32
2.31
2.31
2.31
2.32
2.32
2.32
2.32
2.33
2.33
2.32
2.32
2.32
2.32
2.32
2.32
2.31
2.31
2.31
2.31
2.31
2.31
2.31
2.32
2.32
2.31
2.31
2.31
2.31
2.32
2.32
2.32
2.32
2.32
2.32
2.32
2.32
2.33
2.34
2.33
2.34
2.33
2.33
2.33
2.33
2.33
2.34
2.33
2.34
2.33
2.33
2.33
2.33
2.33
2.33
2.33
2.33
2.34
2.34
2.33
2.34
2.34
2.34
2.33
2.33
2.33
2.33
2.33
2.33
2.33
2.34
2.33
2.33
2.33
2.33
2.32
2.32
2.32
2.32
2.32
2.32
2.33
2.32
2.33
2.33
2.32
2.32
2.32
2.32
2.32
2.32
2.32
2.32
2.32
2.32
2.32
2.32
2.32
2.31
2.32
2.31
2.31
2.31
2.31
2.31
2.31
2.31
2.31
2.31
2.32
2.31
2.31
2.31
2.31
2.31
2.31
2.31
2.31
2.32
2.32
2.32
2.32
2.32
2.32
2.32
2.32
2.32
2.32
2.32
2.32
2.32
2.32
2.32
2.32
2.32
2.32
2.32
2.32
2.33
2.33
2.32
2.32
