3.12
2.34
2.60
2.73
2.19
2.34
2.46
2.34
2.43
2.81
2.70
2.73
2.88
2.79
2.71
2.73
2.57
2.43
2.47
2.42
2.53
2.41
2.38
2.41
2.31
2.28
2.20
2.23
2.37
2.29
2.27
2.29
2.23
2.16
2.14
2.17
2.15
2.14
2.20
2.30
2.29
2.31
2.33
2.27
2.22
2.24
2.19
2.15
2.10
2.12
2.11
2.19
2.18
2.17
2.13
2.18
2.17
2.16
2.17
2.16
2.20
2.17
2.16
2.17
2.16
2.20
2.24
2.23
2.20
2.19
2.18
2.19
2.20
2.20
2.19
2.20
2.21
2.18
2.18
2.21
2.22
2.25
2.28
2.27
2.30
2.27
2.26
2.25
2.25
2.24
2.28
2.29
2.28
2.34
2.34
2.31
2.29
2.26
2.27
2.27
2.26
2.25
2.25
2.25
2.25
2.24
2.23
2.21
2.21
2.22
2.21
2.20
2.23
2.23
2.24
2.24
2.23
2.21
2.19
2.19
2.18
2.18
2.21
2.21
2.20
2.19
2.19
2.17
2.19
2.19
2.18
2.19
2.20
2.19
2.18
2.18
2.19
2.17
2.17
2.17
2.15
2.15
2.15
2.16
2.18
2.16
2.16
2.14
2.13
2.15
2.14
2.13
2.14
2.14
2.13
2.13
2.12
2.12
2.10
2.09
2.09
2.09
2.11
2.11
2.12
2.13
2.15
2.16
2.17
2.16
2.16
2.15
2.15
2.16
2.14
2.13
2.14
2.12
2.11
2.10
2.11
2.12
2.11
2.10
2.10
2.09
2.12
2.11
2.10
2.09
2.09
2.08
2.09
2.08
2.09
2.09
2.08
2.07
2.07
2.05
2.04
2.06
2.06
2.07
2.06
2.06
2.05
2.05
2.05
2.05
2.04
2.03
2.03
2.03
2.03
2.02
2.03
2.02
2.02
2.02
2.02
2.03
2.02
2.02
2.01
2.00
2.01
2.01
2.02
2.03
2.03
2.03
2.03
2.02
2.01
2.01
2.03
2.04
2.03
2.02
2.01
2.01
2.03
2.02
2.02
2.01
2.01
2.00
1.99
2.00
1.99
2.00
1.99
1.99
1.99
1.98
1.98
1.97
1.98
1.98
1.98
1.97
1.97
1.97
1.96
1.96
1.95
1.95
1.95
1.95
1.94
1.94
1.94
1.94
1.94
1.94
1.93
1.94
1.94
1.94
1.95
1.94
1.94
1.94
1.93
1.93
1.93
1.93
1.94
1.94
1.94
1.95
1.95
1.96
1.96
1.96
1.96
1.97
1.96
1.98
1.98
1.99
1.99
1.99
1.99
1.98
1.98
1.98
1.98
1.98
1.98
1.99
1.98
1.98
1.97
1.97
1.97
1.97
1.97
1.97
1.97
1.96
1.95
1.96
1.97
1.96
1.96
1.96
1.96
1.96
1.97
1.96
1.97
1.97
1.97
1.98
1.98
1.97
1.96
1.96
1.97
1.97
1.97
1.97
1.96
1.96
1.96
1.96
1.96
1.96
1.96
1.96
1.96
1.95
1.95
1.94
1.94
1.93
1.94
1.95
1.95
1.95
1.94
1.94
1.93
1.94
1.94
1.94
1.94
1.94
1.93
1.93
1.93
1.93
1.93
1.92
1.92
1.91
1.91
1.91
1.91
1.91
1.92
1.92
1.92
1.92
1.92
1.92
1.92
1.92
1.91
1.92
1.92
1.93
1.93
1.93
1.92
1.92
1.93
1.93
1.92
1.92
1.92
1.92
1.92
1.92
1.93
1.93
1.93
1.93
1.93
1.93
1.94
1.95
1.95
1.95
1.94
1.95
1.95
1.96
1.96
1.97
1.96
1.96
1.96
1.95
1.96
1.96
1.96
1.95
1.96
1.97
1.98
1.99
1.98
1.98
1.98
1.98
1.98
1.97
1.98
1.98
1.97
1.97
1.97
1.97
1.96
1.96
1.97
1.97
1.97
1.96
1.97
1.97
1.97
1.97
1.97
1.98
1.99
1.98
1.98
1.98
1.98
1.98
1.98
1.98
1.98
1.97
1.98
1.98
1.98
1.98
1.98
1.99
1.98
1.99
1.99
1.99
1.99
2.00
2.00
2.00
2.00
2.00
2.00
2.00
2.00
2.00
2.00
2.00
2.00
2.00
2.00
1.99
1.99
1.99
2.00
2.00
2.00
1.99
2.00
2.00
2.00
2.00
2.00
2.00
2.00
2.00
2.00
2.00
2.00
2.01
2.00
2.01
2.01
2.00
2.00
2.00
2.00
2.00
2.00
2.00
2.00
2.00
2.00
2.00
2.00
1.99
1.99
2.00
1.99
1.99
1.99
1.98
1.99
1.99
1.99
1.99
1.99
1.98
1.98
1.98
1.98
1.98
1.98
1.98
1.98
1.99
1.98
1.98
1.99
1.99
1.99
1.99
1.99
1.99
1.99
2.00
2.00
2.00
1.99
2.00
1.99
1.99
2.00
2.00
2.00
2.00
1.99
1.99
2.00
2.00
2.00
2.00
2.00
2.00
2.00
2.00
2.00
1.99
2.00
1.99
1.99
1.99
2.00
1.99
2.00
2.00
2.00
2.00
2.00
2.00
2.00
2.00
2.00
2.00
2.00
2.00
2.00
2.01
2.00
2.00
2.01
2.01
2.00
2.00
2.00
2.00
2.01
2.01
2.01
2.01
2.00
2.00
2.00
2.00
2.00
1.99
1.99
1.99
1.99
1.99
1.99
1.99
1.98
1.98
1.98
1.98
1.98
1.98
1.98
1.98
1.98
1.99
1.99
1.99
1.99
1.99
1.99
1.99
1.99
1.98
1.98
1.98
1.98
1.98
1.98
1.98
1.99
1.99
1.98
1.98
1.98
1.98
1.98
1.98
1.97
1.98
1.97
1.97
1.97
1.97
1.97
1.97
1.98
1.97
1.97
1.98
1.98
1.98
1.98
1.98
1.99
1.98
1.98
1.98
1.98
1.98
1.97
1.97
1.97
1.97
1.97
1.97
1.97
1.97
1.97
1.97
1.97
1.97
1.97
1.97
1.97
1.97
1.97
1.97
1.97
1.98
1.98
1.98
1.97
1.98
1.98
1.98
1.98
1.98
1.98
1.98
1.97
1.97
1.97
1.97
1.97
1.97
1.97
1.97
1.97
1.97
1.97
1.97
1.97
1.97
1.97
1.97
1.97
1.96
1.96
1.96
1.96
1.96
1.96
1.96
1.97
1.97
1.97
1.96
1.96
1.96
1.96
1.96
1.96
1.96
1.96
1.96
1.96
1.96
1.96
1.96
1.97
1.96
1.96
1.96
1.96
1.96
1.96
1.96
1.96
1.96
1.96
1.96
1.96
1.96
1.95
1.95
1.95
1.95
1.95
1.95
1.95
1.95
1.95
1.95
1.95
1.95
1.95
1.95
1.95
1.95
1.95
1.95
1.95
1.95
