64.06
69.53
70.83
69.92
66.88
67.97
68.75
69.34
69.62
69.53
70.03
69.40
69.59
69.98
69.69
69.53
69.49
69.10
69.24
68.83
68.90
68.54
68.61
68.23
68.06
68.27
68.06
67.75
68.05
68.23
68.20
67.82
67.90
67.65
67.81
67.84
67.99
68.01
68.31
68.40
68.48
68.45
68.50
68.47
68.58
68.68
68.75
68.55
68.49
68.38
68.23
68.27
68.51
68.72
68.61
68.67
68.80
68.88
68.88
68.88
68.88
68.88
68.75
68.68
68.56
68.51
68.63
68.47
68.52
68.50
68.55
68.55
68.69
68.64
68.71
68.65
68.59
68.59
68.35
68.36
68.33
68.35
68.34
68.27
68.25
68.35
68.43
68.50
68.61
68.58
68.54
68.53
68.55
68.48
68.57
68.65
68.70
68.69
68.67
68.64
68.60
68.64
68.58
68.61
68.59
68.54
68.55
68.58
68.59
68.51
68.58
68.60
68.58
68.56
68.55
68.56
68.63
68.62
68.67
68.66
68.67
68.60
68.64
68.65
68.71
68.75
68.75
68.74
68.76
68.69
68.65
68.67
68.62
68.62
68.66
68.64
68.65
68.61
68.58
68.48
68.51
68.58
68.52
68.51
68.50
68.48
68.48
68.54
68.48
68.47
68.48
68.47
68.38
68.39
68.41
68.41
68.39
68.41
68.46
68.42
68.42
68.43
68.42
68.46
68.48
68.51
68.45
68.40
68.45
68.46
68.48
68.50
68.49
68.49
68.49
68.47
68.38
68.38
68.30
68.30
68.29
68.33
68.33
68.37
68.40
68.36
68.40
68.35
68.35
68.32
68.33
68.30
68.30
68.36
68.34
68.35
68.41
68.39
68.39
68.37
68.38
68.32
68.30
68.27
68.26
68.26
68.27
68.26
68.21
68.21
68.23
68.22
68.24
68.22
68.24
68.29
68.30
68.30
68.31
68.28
68.26
68.30
68.28
68.28
68.27
68.31
68.33
68.33
68.36
68.37
68.34
68.39
68.38
68.36
68.34
68.28
68.28
68.26
68.23
68.29
68.24
68.23
68.22
68.24
68.21
68.24
68.26
68.28
68.29
68.33
68.35
68.35
68.33
68.34
68.33
68.33
68.30
68.31
68.35
68.34
68.34
68.39
68.39
68.42
68.41
68.41
68.37
68.35
68.35
68.36
68.35
68.38
68.40
68.40
68.43
68.39
68.40
68.42
68.44
68.46
68.49
68.48
68.49
68.48
68.47
68.52
68.51
68.50
68.49
68.48
68.48
68.49
68.48
68.51
68.51
68.49
68.48
68.50
68.46
68.48
68.46
68.44
68.43
68.45
68.47
68.50
68.50
68.49
68.49
68.49
68.46
68.46
68.47
68.49
68.46
68.47
68.47
68.46
68.44
68.45
68.46
68.46
68.44
68.46
68.45
68.45
68.45
68.45
68.45
68.46
68.47
68.48
68.46
68.49
68.47
68.48
68.49
68.46
68.42
68.41
68.39
68.41
68.38
68.38
68.37
68.38
68.39
68.39
68.40
68.40
68.43
68.45
68.43
68.42
68.42
68.42
68.42
68.43
68.43
68.39
68.40
68.38
68.36
68.37
68.37
68.35
68.35
68.34
68.34
68.32
68.32
68.31
68.32
68.29
68.29
68.29
68.29
68.25
68.25
68.25
68.25
68.26
68.26
68.27
68.27
68.26
68.27
68.29
68.31
68.30
68.31
68.33
68.32
68.32
68.33
68.29
68.30
68.33
68.33
68.35
68.35
68.34
68.37
68.39
68.41
68.41
68.40
68.38
68.39
68.37
68.37
68.38
68.37
68.37
68.38
68.37
68.38
68.41
68.40
68.40
68.39
68.39
68.39
68.39
68.38
68.36
68.38
68.37
68.36
68.35
68.34
68.32
68.34
68.33
68.32
68.31
68.30
68.29
68.28
68.27
68.29
68.29
68.28
68.27
68.25
68.27
68.25
68.26
68.25
68.27
68.27
68.27
68.26
68.26
68.25
68.23
68.21
68.19
68.21
68.24
68.21
68.20
68.20
68.21
68.21
68.24
68.23
68.22
68.22
68.23
68.22
68.24
68.23
68.24
68.23
68.23
68.25
68.26
68.28
68.26
68.26
68.25
68.26
68.26
68.26
68.25
68.25
68.23
68.24
68.24
68.23
68.24
68.26
68.24
68.22
68.24
68.24
68.24
68.24
68.24
68.24
68.26
68.27
68.27
68.27
68.25
68.24
68.23
68.22
68.21
68.21
68.22
68.21
68.21
68.21
68.23
68.23
68.22
68.24
68.24
68.24
68.24
68.24
68.24
68.24
68.25
68.24
68.22
68.23
68.21
68.20
68.20
68.21
68.21
68.20
68.19
68.19
68.18
68.21
68.21
68.21
68.19
68.21
68.20
68.22
68.22
68.22
68.25
68.23
68.24
68.24
68.25
68.25
68.25
68.26
68.27
68.29
68.30
68.31
68.30
68.29
68.31
68.32
68.34
68.34
68.32
68.34
68.35
68.36
68.35
68.35
68.36
68.37
68.37
68.37
68.37
68.37
68.37
68.39
68.39
68.38
68.38
68.39
68.39
68.38
68.39
68.40
68.39
68.38
68.40
68.40
68.40
68.40
68.41
68.41
68.42
68.41
68.41
68.43
68.44
68.45
68.45
68.45
68.45
68.43
68.44
68.46
68.47
68.48
68.48
68.48
68.49
68.50
68.50
68.50
68.49
68.49
68.49
68.49
68.49
68.50
68.49
68.50
68.49
68.49
68.49
68.49
68.48
68.49
68.49
68.50
68.51
68.52
68.49
68.50
68.51
68.50
68.51
68.49
68.50
68.51
68.52
68.51
68.51
68.51
68.50
68.48
68.48
68.49
68.48
68.45
68.46
68.45
68.45
68.44
68.44
68.45
68.44
68.44
68.45
68.44
68.44
68.44
68.44
68.44
68.44
68.44
68.41
68.41
68.42
68.42
68.42
68.43
68.43
68.43
68.43
68.44
68.43
68.43
68.43
68.42
68.43
68.43
68.43
68.44
68.43
68.43
68.44
68.45
68.45
68.44
68.44
68.43
68.43
68.43
68.43
68.43
68.43
68.44
68.45
68.45
68.45
68.45
68.45
68.46
68.46
68.44
68.44
68.43
68.42
68.43
68.44
68.43
68.44
68.44
68.44
68.44
68.43
68.44
68.44
68.45
68.45
68.44
68.45
68.47
68.49
68.48
68.46
68.46
68.46
68.46
68.46
68.47
68.46
68.47
68.47
68.48
68.48
68.46
68.47
68.47
68.48
68.47
68.46
68.46
68.47
68.46
68.45
68.45
68.45
68.44
68.44
68.43
68.43
68.42
68.41
68.41
68.43
68.41
68.42
68.43
68.44
68.43
68.42
68.42
68.41
68.40
68.40
68.39
68.38
68.37
68.37
68.38
68.37
68.38
68.39
68.39
68.39
68.39
68.38
68.38
68.31
