85.94
81.25
80.21
77.34
76.56
78.12
77.90
77.15
77.60
77.81
77.84
77.60
77.88
77.01
76.56
76.76
76.10
76.13
75.58
75.70
75.30
75.21
75.34
75.33
75.12
74.94
74.88
74.67
74.41
74.27
74.04
74.02
73.77
73.58
73.71
73.65
73.65
73.93
74.08
73.98
73.89
73.96
73.80
73.72
73.72
73.81
73.84
73.80
73.82
73.94
74.02
73.89
73.64
73.58
73.49
73.52
73.41
73.38
73.36
73.57
73.57
73.74
73.71
73.75
73.73
73.63
73.53
73.35
73.37
73.26
73.20
73.22
73.20
73.29
73.31
73.23
73.07
73.12
73.14
73.16
73.19
73.17
73.14
73.23
73.25
73.36
73.38
73.22
73.24
73.25
73.23
73.27
73.20
73.17
73.29
73.32
73.32
73.31
73.33
73.25
73.30
73.30
73.35
73.38
73.27
73.38
73.32
73.35
73.39
73.48
73.34
73.38
73.42
73.40
73.38
73.42
73.44
73.36
73.37
73.39
73.36
73.28
73.23
73.20
73.26
73.24
73.25
73.27
73.23
73.29
73.27
73.31
73.31
73.24
73.28
73.27
73.28
73.30
73.27
73.27
73.32
73.36
73.33
73.34
73.28
73.32
73.26
73.24
73.23
73.24
73.26
73.31
73.27
73.27
73.30
73.31
73.33
73.27
73.30
73.29
73.29
73.23
73.23
73.21
73.27
73.30
73.33
73.28
73.29
73.32
73.34
73.39
73.39
73.41
73.44
73.46
73.47
73.53
73.57
73.54
73.57
73.57
73.56
73.57
73.61
73.61
73.61
73.57
73.55
73.52
73.52
73.51
73.52
73.53
73.58
73.60
73.59
73.56
73.55
73.56
73.52
73.51
73.47
73.45
73.47
73.49
73.49
73.46
73.48
73.51
73.56
73.56
73.52
73.51
73.49
73.52
73.53
73.55
73.52
73.52
73.55
73.57
73.60
73.60
73.59
73.60
73.60
73.60
73.57
73.55
73.55
73.59
73.59
73.62
73.66
73.68
73.67
73.66
73.66
73.66
73.64
73.65
73.66
73.62
73.61
73.56
73.59
73.54
73.51
73.53
73.52
73.53
73.55
73.57
73.57
73.57
73.53
73.55
73.55
73.53
73.52
73.53
73.51
73.52
73.50
73.47
73.46
73.45
73.45
73.40
73.41
73.40
73.43
73.40
73.41
73.42
73.44
73.41
73.40
73.42
73.44
73.45
73.47
73.49
73.50
73.50
73.48
73.46
73.50
73.52
73.51
73.53
73.53
73.53
73.53
73.55
73.54
73.51
73.52
73.51
73.52
73.50
73.50
73.50
73.49
73.51
73.50
73.49
73.48
73.49
73.49
73.49
73.52
73.53
73.49
73.47
73.44
73.44
73.41
73.41
73.41
73.40
73.43
73.40
73.40
73.37
73.38
73.37
73.37
73.36
73.37
73.37
73.38
73.38
73.37
73.37
73.36
73.35
73.35
73.35
73.38
73.39
73.40
73.37
73.35
73.35
73.33
73.34
73.33
73.28
73.28
73.26
73.25
73.23
73.23
73.24
73.23
73.23
73.20
73.19
73.21
73.22
73.20
73.17
73.16
73.17
73.17
73.17
73.17
73.16
73.15
73.12
73.11
73.10
73.11
73.11
73.09
73.08
73.06
73.06
73.09
73.09
73.11
73.12
73.13
73.16
73.17
73.16
73.18
73.15
73.16
73.15
73.14
73.11
73.09
73.10
73.12
73.14
73.16
73.16
73.16
73.16
73.16
73.17
73.20
73.21
73.21
73.20
73.20
73.22
73.24
73.21
73.21
73.19
73.22
73.20
73.20
73.19
73.17
73.17
73.17
73.18
73.19
73.21
73.20
73.19
73.17
73.17
73.17
73.16
73.16
73.17
73.12
73.11
73.12
73.11
73.11
73.12
73.12
73.12
73.11
73.12
73.11
73.11
73.08
73.08
73.09
73.07
73.08
73.06
73.04
73.07
73.08
73.09
73.10
73.11
73.11
73.12
73.12
73.13
73.13
73.14
73.14
73.13
73.15
73.12
73.10
73.11
73.12
73.12
73.13
73.12
73.12
73.13
73.13
73.13
73.11
73.12
73.11
73.10
73.11
73.09
73.11
73.08
73.08
73.07
73.07
73.05
73.02
73.03
73.01
73.00
73.00
73.01
73.02
73.02
73.01
73.01
73.00
73.02
73.04
73.03
73.04
73.03
73.01
73.02
73.02
73.03
73.04
73.03
73.02
73.01
73.02
73.01
73.02
73.03
73.02
73.02
73.04
73.03
73.04
73.02
73.02
73.02
73.02
73.02
73.04
73.05
73.05
73.04
73.05
73.05
73.05
73.04
73.03
73.03
73.05
73.05
73.05
73.08
73.09
73.08
73.09
73.11
73.10
73.11
73.10
73.11
73.12
73.12
73.12
73.13
73.16
73.15
73.17
73.16
73.16
73.18
73.17
73.18
73.18
73.20
73.19
73.19
73.19
73.19
73.18
73.18
73.19
73.20
73.21
73.22
73.22
73.23
73.21
73.21
73.23
73.23
73.24
73.25
73.24
73.24
73.23
73.22
73.23
73.24
73.23
73.24
73.23
73.22
73.23
73.25
73.25
73.25
73.25
73.25
73.26
73.26
73.27
73.29
73.30
73.29
73.30
73.28
73.29
73.28
73.29
73.28
73.30
73.32
73.31
73.32
73.34
73.34
73.34
73.33
73.34
73.35
73.37
73.36
73.36
73.36
73.34
73.34
73.34
73.33
73.34
73.35
73.35
73.36
73.36
73.35
73.36
73.36
73.37
73.37
73.37
73.38
73.38
73.37
73.36
73.35
73.35
73.35
73.35
73.35
73.35
73.34
73.32
73.31
73.29
73.30
73.31
73.30
73.30
73.32
73.32
73.32
73.33
73.34
73.34
73.34
73.36
73.37
73.37
73.37
73.36
73.33
73.32
73.33
73.33
73.33
73.34
73.34
73.34
73.33
73.33
73.32
73.33
73.32
73.33
73.33
73.33
73.32
73.31
73.32
73.32
73.31
73.31
73.32
73.32
73.33
73.32
73.32
73.34
73.34
73.34
73.35
73.35
73.35
73.34
73.33
73.33
73.32
73.33
73.32
73.32
73.32
73.32
73.31
73.31
73.32
73.32
73.32
73.31
73.32
73.31
73.30
73.29
73.30
73.31
73.31
73.31
73.31
73.31
73.32
73.31
73.32
73.31
73.30
73.31
73.31
73.32
73.30
73.31
73.31
73.31
73.30
73.30
73.30
73.30
73.31
73.32
73.32
73.30
73.30
73.30
73.30
73.30
73.30
73.30
73.30
73.30
73.30
73.31
73.30
73.29
73.29
73.30
73.31
73.30
73.30
73.30
73.30
73.30
73.29
73.31
73.31
73.31
73.33
73.32
73.33
73.34
73.35
73.36
73.36
73.34
73.34
73.34
73.35
73.34
73.27
