71.88
75.00
76.04
77.73
78.75
78.12
77.46
78.32
79.51
79.53
79.83
79.82
79.93
79.80
80.42
80.27
79.87
79.95
80.18
80.16
80.13
80.40
80.43
80.47
80.38
80.29
80.27
80.69
80.98
80.99
80.95
80.86
80.78
80.65
80.76
80.60
80.70
80.63
80.37
80.35
80.22
80.17
80.16
80.29
80.35
80.37
80.29
80.31
80.29
80.31
80.42
80.23
80.07
80.15
80.17
80.16
80.02
79.98
80.03
80.03
80.10
80.22
80.21
80.25
80.34
80.45
80.50
80.49
80.48
80.42
80.33
80.34
80.33
80.36
80.29
80.28
80.30
80.39
80.42
80.29
80.09
80.03
80.10
80.10
80.02
80.07
80.05
80.08
80.02
79.97
79.89
79.99
80.09
80.15
80.16
80.24
80.22
80.26
80.26
80.25
80.32
80.28
80.34
80.30
80.33
80.22
80.23
80.21
80.23
80.28
80.25
80.23
80.24
80.28
80.35
80.36
80.37
80.35
80.33
80.23
80.22
80.21
80.17
80.12
80.15
80.12
80.09
80.07
80.10
80.00
80.00
79.98
79.97
80.03
80.05
80.00
79.93
79.91
79.92
79.92
79.84
79.89
79.90
79.88
79.89
79.84
79.79
79.76
79.75
79.75
79.76
79.73
79.76
79.77
79.80
79.80
79.76
79.79
79.83
79.84
79.86
79.88
79.87
79.86
79.86
79.91
79.90
79.94
79.93
79.92
79.88
79.86
79.80
79.83
79.84
79.85
79.82
79.81
79.82
79.81
79.80
79.80
79.80
79.81
79.79
79.81
79.85
79.80
79.79
79.84
79.87
79.90
79.90
79.90
79.91
79.92
79.93
79.95
79.94
79.93
79.90
79.90
79.90
79.92
79.90
79.94
79.91
79.88
79.86
79.86
79.86
79.86
79.86
79.86
79.85
79.84
79.82
79.81
79.82
79.78
79.78
79.80
79.81
79.79
79.76
79.76
79.76
79.76
79.75
79.77
79.78
79.77
79.78
79.79
79.78
79.75
79.75
79.77
79.76
79.73
79.71
79.71
79.75
79.73
79.74
79.74
79.73
79.77
79.77
79.81
79.84
79.82
79.84
79.85
79.84
79.88
79.86
79.83
79.84
79.83
79.84
79.82
79.85
79.83
79.81
79.81
79.82
79.82
79.79
79.79
79.79
79.79
79.82
79.83
79.85
79.83
79.85
79.83
79.84
79.85
79.83
79.84
79.85
79.83
79.86
79.88
79.88
79.90
79.89
79.85
79.84
79.84
79.79
79.79
79.77
79.78
79.77
79.77
79.76
79.76
79.77
79.78
79.77
79.78
79.78
79.78
79.78
79.76
79.77
79.76
79.76
79.78
79.76
79.78
79.76
79.79
79.78
79.79
79.78
79.79
79.80
79.80
79.77
79.80
79.79
79.78
79.78
79.79
79.80
79.81
79.81
79.80
79.81
79.77
79.75
79.77
79.74
79.73
79.75
79.75
79.76
79.76
79.75
79.75
79.73
79.72
79.72
79.71
79.69
79.69
79.69
79.67
79.69
79.66
79.66
79.62
79.63
79.61
79.62
79.60
79.61
79.60
79.57
79.60
79.61
79.58
79.57
79.58
79.57
79.58
79.59
79.60
79.57
79.58
79.60
79.60
79.60
79.62
79.61
79.60
79.62
79.61
79.62
79.63
79.62
79.65
79.68
79.68
79.69
79.68
79.70
79.69
79.69
79.70
79.69
79.69
79.70
79.72
79.71
79.70
79.71
79.69
79.69
79.68
79.68
79.70
79.70
79.70
79.71
79.72
79.72
79.71
79.70
79.68
79.69
79.69
79.69
79.68
79.68
79.69
79.68
79.71
79.72
79.72
79.71
79.71
79.72
79.71
79.72
79.72
79.73
79.73
79.73
79.75
79.75
79.76
79.77
79.78
79.79
79.78
79.79
79.81
79.81
79.80
79.79
79.78
79.76
79.77
79.78
79.78
79.81
79.81
79.78
79.80
79.77
79.76
79.75
79.72
79.72
79.74
79.74
79.73
79.72
79.72
79.72
79.72
79.71
79.72
79.71
79.71
79.71
79.70
79.70
79.69
79.68
79.68
79.66
79.66
79.67
79.67
79.67
79.67
79.68
79.69
79.71
79.72
79.73
79.72
79.73
79.73
79.72
79.73
79.73
79.71
79.72
79.72
79.72
79.71
79.71
79.72
79.73
79.72
79.73
79.73
79.73
79.75
79.75
79.73
79.73
79.74
79.72
79.71
79.72
79.72
79.72
79.73
79.75
79.75
79.77
79.77
79.77
79.76
79.74
79.74
79.74
79.73
79.71
79.71
79.72
79.70
79.71
79.69
79.69
79.70
79.70
79.69
79.68
79.68
79.70
79.70
79.70
79.69
79.68
79.69
79.69
79.70
79.69
79.70
79.71
79.71
79.72
79.70
79.68
79.70
79.70
79.70
79.70
79.70
79.70
79.68
79.67
79.68
79.66
79.67
79.67
79.68
79.69
79.68
79.70
79.69
79.68
79.69
79.70
79.70
79.73
79.73
79.73
79.75
79.74
79.74
79.73
79.73
79.73
79.74
79.75
79.76
79.75
79.75
79.76
79.76
79.76
79.75
79.76
79.77
79.77
79.77
79.76
79.74
79.74
79.74
79.74
79.76
79.77
79.78
79.78
79.78
79.78
79.79
79.79
79.78
79.78
79.77
79.75
79.76
79.74
79.74
79.74
79.74
79.74
79.74
79.75
79.75
79.76
79.75
79.76
79.75
79.75
79.75
79.75
79.75
79.76
79.77
79.77
79.75
79.76
79.75
79.75
79.74
79.74
79.73
79.72
79.73
79.72
79.73
79.73
79.73
79.73
79.73
79.72
79.73
79.71
79.71
79.72
79.72
79.72
79.73
79.74
79.75
79.75
79.74
79.72
79.72
79.72
79.72
79.73
79.73
79.74
79.75
79.75
79.76
79.75
79.75
79.75
79.75
79.74
79.73
79.74
79.74
79.74
79.76
79.75
79.75
79.75
79.77
79.77
79.76
79.75
79.76
79.75
79.76
79.76
79.76
79.76
79.75
79.74
79.73
79.73
79.74
79.73
79.73
79.73
79.71
79.71
79.71
79.72
79.72
79.70
79.70
79.69
79.69
79.70
79.71
79.70
79.70
79.70
79.69
79.69
79.69
79.69
79.69
79.69
79.69
79.68
79.69
79.69
79.69
79.70
79.71
79.71
79.71
79.70
79.71
79.70
79.71
79.72
79.72
79.71
79.70
79.70
79.70
79.71
79.73
79.73
79.72
79.73
79.73
79.72
79.72
79.72
79.72
79.71
79.71
79.71
79.70
79.69
79.70
79.70
79.70
79.70
79.71
79.70
79.71
79.70
79.70
79.69
79.69
79.70
79.69
79.69
79.69
79.68
79.68
79.67
79.66
79.67
79.66
79.67
79.67
79.68
79.68
79.69
79.61
