71.88
74.22
75.52
74.22
72.50
74.22
75.22
75.00
75.87
75.78
76.28
76.43
76.08
75.67
75.42
76.07
76.10
75.78
75.90
75.70
75.82
75.36
75.20
75.00
74.94
75.06
75.00
75.11
75.00
75.10
75.05
75.10
75.14
75.23
75.09
74.96
74.92
74.51
74.52
74.49
74.62
74.40
74.53
74.25
74.24
74.35
74.24
74.19
74.14
74.31
74.23
74.16
74.32
74.19
74.23
74.05
74.12
74.08
74.05
74.06
74.05
74.12
74.21
74.32
74.21
74.24
74.04
73.83
73.75
73.79
73.75
73.78
73.76
73.71
73.62
73.66
73.76
73.78
73.64
73.63
73.75
73.59
73.51
73.51
73.51
73.49
73.47
73.42
73.28
73.16
73.13
73.11
73.07
73.15
73.26
73.31
73.36
73.37
73.34
73.25
73.30
73.25
73.24
73.24
73.32
73.33
73.35
73.32
73.32
73.39
73.44
73.42
73.51
73.53
73.55
73.57
73.65
73.66
73.63
73.58
73.58
73.67
73.67
73.70
73.65
73.70
73.68
73.66
73.62
73.61
73.53
73.54
73.55
73.60
73.55
73.55
73.54
73.49
73.49
73.49
73.50
73.47
73.49
73.49
73.52
73.53
73.47
73.45
73.40
73.39
73.39
73.39
73.47
73.43
73.44
73.46
73.44
73.48
73.51
73.46
73.47
73.43
73.43
73.48
73.49
73.49
73.51
73.52
73.50
73.51
73.49
73.47
73.46
73.46
73.43
73.44
73.43
73.45
73.39
73.43
73.45
73.43
73.44
73.38
73.42
73.42
73.39
73.38
73.36
73.38
73.35
73.35
73.39
73.34
73.38
73.33
73.30
73.29
73.30
73.33
73.34
73.34
73.32
73.26
73.29
73.30
73.32
73.31
73.31
73.32
73.35
73.37
73.37
73.38
73.36
73.37
73.40
73.39
73.41
73.43
73.45
73.45
73.43
73.42
73.43
73.44
73.46
73.46
73.49
73.49
73.47
73.48
73.49
73.47
73.46
73.47
73.45
73.45
73.42
73.45
73.41
73.40
73.46
73.46
73.46
73.47
73.50
73.46
73.46
73.49
73.52
73.51
73.50
73.50
73.53
73.57
73.58
73.58
73.56
73.58
73.59
73.63
73.62
73.63
73.64
73.64
73.68
73.66
73.69
73.66
73.66
73.68
73.68
73.67
73.63
73.64
73.67
73.68
73.64
73.63
73.64
73.64
73.64
73.62
73.61
73.59
73.61
73.63
73.64
73.65
73.65
73.68
73.65
73.65
73.68
73.69
73.67
73.63
73.63
73.63
73.68
73.69
73.69
73.73
73.73
73.74
73.75
73.74
73.75
73.76
73.78
73.80
73.78
73.79
73.80
73.80
73.81
73.85
73.83
73.86
73.89
73.88
73.86
73.83
73.84
73.84
73.83
73.86
73.86
73.87
73.89
73.88
73.86
73.84
73.86
73.86
73.87
73.87
73.89
73.90
73.90
73.91
73.91
73.93
73.93
73.94
73.94
73.93
73.95
73.95
73.93
73.91
73.90
73.91
73.91
73.93
73.96
73.97
73.97
73.97
73.97
73.98
73.99
74.00
74.00
74.01
74.00
74.01
74.02
74.03
74.01
74.01
74.02
74.01
74.00
73.99
74.00
74.02
74.01
74.01
74.00
73.99
74.00
74.02
74.01
74.01
74.00
74.01
73.99
73.99
74.00
74.00
74.00
74.00
74.00
73.99
73.98
74.00
73.98
73.99
73.96
73.97
74.00
73.98
73.98
73.96
73.96
73.96
73.97
73.99
74.00
74.01
74.01
74.02
74.02
74.04
74.04
74.02
74.03
74.03
74.03
74.02
74.01
74.00
74.01
74.02
74.01
74.01
74.01
74.02
74.02
74.02
74.03
74.06
74.04
74.05
74.05
74.04
74.05
74.06
74.05
74.05
74.03
74.04
74.02
74.01
74.00
74.01
74.00
74.01
74.00
73.99
74.00
73.99
73.99
73.99
74.01
74.01
74.01
73.99
73.99
73.97
73.98
73.97
73.97
73.96
73.95
73.96
73.96
73.96
73.96
73.98
73.96
73.95
73.96
73.95
73.95
73.93
73.95
73.94
73.96
73.96
73.98
73.98
73.98
73.98
73.97
73.97
73.97
73.97
73.98
73.99
74.00
74.02
74.02
74.02
74.03
74.02
74.02
74.00
74.00
74.01
74.02
74.02
74.02
74.02
74.02
74.02
73.99
73.99
73.98
73.96
73.97
73.99
74.00
74.01
74.02
74.04
74.03
74.05
74.06
74.08
74.07
74.06
74.07
74.08
74.09
74.09
74.09
74.09
74.10
74.10
74.09
74.10
74.10
74.11
74.12
74.11
74.10
74.10
74.10
74.10
74.08
74.08
74.09
74.08
74.06
74.06
74.06
74.06
74.04
74.04
74.03
74.02
74.04
74.04
74.06
74.05
74.06
74.06
74.05
74.05
74.06
74.08
74.08
74.08
74.08
74.10
74.11
74.11
74.12
74.13
74.14
74.11
74.11
74.11
74.12
74.13
74.14
74.14
74.14
74.14
74.14
74.14
74.14
74.14
74.12
74.11
74.12
74.13
74.12
74.10
74.09
74.12
74.12
74.12
74.13
74.13
74.11
74.11
74.08
74.11
74.10
74.10
74.10
74.10
74.08
74.09
74.09
74.11
74.08
74.09
74.07
74.09
74.10
74.11
74.13
74.14
74.14
74.15
74.13
74.14
74.13
74.13
74.14
74.14
74.14
74.13
74.12
74.12
74.12
74.12
74.13
74.12
74.13
74.14
74.13
74.12
74.12
74.13
74.13
74.12
74.11
74.10
74.10
74.11
74.11
74.09
74.09
74.10
74.08
74.07
74.08
74.07
74.08
74.07
74.08
74.09
74.08
74.09
74.09
74.08
74.09
74.08
74.07
74.07
74.07
74.08
74.08
74.07
74.07
74.06
74.06
74.06
74.06
74.06
74.07
74.05
74.04
74.04
74.05
74.04
74.04
74.05
74.04
74.05
74.04
74.03
74.04
74.04
74.04
74.03
74.03
74.03
74.02
74.02
74.02
74.02
74.02
74.01
74.01
74.01
74.00
74.00
74.00
74.00
73.99
74.01
74.00
73.99
73.99
73.99
73.98
73.98
73.99
73.98
73.98
73.98
73.97
73.97
73.98
73.97
73.97
73.97
73.96
73.95
73.95
73.94
73.94
73.95
73.96
73.97
73.96
73.96
73.97
73.97
73.97
73.97
73.96
73.95
73.94
73.93
73.93
73.92
73.91
73.92
73.92
73.92
73.91
73.93
73.92
73.93
73.93
73.92
73.93
73.93
73.92
73.92
73.92
73.91
73.91
73.89
73.90
73.90
73.90
73.90
73.91
73.89
73.88
73.87
73.88
73.86
73.87
73.86
73.86
73.88
73.88
73.88
73.88
73.89
73.89
73.82
