20.31
21.88
22.40
23.05
23.44
22.40
21.88
22.07
22.40
22.19
23.01
22.92
22.72
21.99
22.08
22.07
21.88
21.79
21.63
21.56
21.58
21.52
21.47
21.55
21.25
21.33
21.64
21.82
21.93
21.72
21.52
21.44
21.64
21.92
21.79
21.70
21.96
22.16
21.96
22.11
22.14
21.99
22.06
22.05
22.08
21.81
21.94
21.78
21.88
22.00
22.06
22.03
22.11
22.08
22.27
22.46
22.40
22.49
22.38
22.27
22.23
22.20
22.17
22.17
22.14
22.06
22.06
22.33
22.33
22.30
22.32
22.33
22.26
22.38
22.31
22.31
22.30
22.36
22.45
22.46
22.42
22.43
22.44
22.38
22.37
22.35
22.38
22.43
22.42
22.45
22.42
22.45
22.46
22.42
22.50
22.49
22.50
22.48
22.46
22.44
22.46
22.43
22.42
22.42
22.41
22.49
22.43
22.37
22.41
22.43
22.40
22.50
22.55
22.62
22.65
22.63
22.66
22.60
22.57
22.57
22.59
22.61
22.57
22.59
22.61
22.62
22.56
22.57
22.63
22.69
22.66
22.66
22.66
22.71
22.66
22.74
22.74
22.86
22.82
22.77
22.77
22.76
22.86
22.82
22.81
22.77
22.79
22.75
22.71
22.72
22.69
22.71
22.68
22.72
22.68
22.64
22.60
22.60
22.64
22.68
22.65
22.69
22.68
22.70
22.67
22.69
22.67
22.65
22.65
22.66
22.68
22.67
22.69
22.67
22.63
22.64
22.63
22.66
22.69
22.68
22.70
22.71
22.69
22.70
22.71
22.77
22.76
22.75
22.73
22.74
22.71
22.66
22.67
22.63
22.69
22.70
22.75
22.75
22.84
22.82
22.80
22.84
22.84
22.82
22.84
22.81
22.80
22.77
22.79
22.78
22.79
22.76
22.81
22.82
22.83
22.82
22.84
22.86
22.85
22.87
22.86
22.81
22.80
22.76
22.78
22.79
22.78
22.79
22.82
22.84
22.84
22.87
22.88
22.87
22.85
22.85
22.82
22.81
22.80
22.84
22.86
22.88
22.86
22.87
22.86
22.87
22.89
22.87
22.92
22.93
22.92
22.90
22.89
22.90
22.90
22.88
22.89
22.89
22.88
22.86
22.83
22.85
22.82
22.83
22.81
22.82
22.83
22.86
22.84
22.87
22.88
22.89
22.88
22.90
22.90
22.90
22.91
22.91
22.92
22.92
22.94
22.96
22.96
22.97
22.99
23.01
23.02
23.00
22.99
22.98
22.95
22.95
22.95
22.96
22.94
22.95
22.92
22.90
22.91
22.92
22.94
22.95
22.95
22.94
22.96
22.98
22.97
22.96
22.97
22.98
22.99
22.98
22.96
22.97
22.98
22.97
22.95
22.94
22.94
22.95
22.93
22.94
22.92
22.94
22.92
22.91
22.90
22.90
22.90
22.90
22.88
22.86
22.86
22.88
22.85
22.84
22.83
22.81
22.82
22.84
22.84
22.86
22.85
22.85
22.88
22.87
22.90
22.89
22.90
22.92
22.91
22.88
22.84
22.83
22.83
22.84
22.82
22.79
22.79
22.77
22.77
22.79
22.79
22.77
22.76
22.74
22.75
22.76
22.76
22.77
22.77
22.78
22.78
22.78
22.77
22.78
22.77
22.77
22.79
22.77
22.76
22.75
22.76
22.74
22.75
22.74
22.75
22.76
22.79
22.79
22.79
22.76
22.76
22.76
22.77
22.77
22.78
22.79
22.78
22.77
22.76
22.75
22.76
22.76
22.75
22.74
22.75
22.74
22.75
22.74
22.73
22.71
22.70
22.71
22.71
22.71
22.72
22.72
22.72
22.72
22.74
22.73
22.72
22.70
22.72
22.73
22.75
22.75
22.76
22.75
22.73
22.74
22.73
22.71
22.71
22.70
22.69
22.68
22.67
22.66
22.66
22.68
22.68
22.67
22.67
22.65
22.65
22.66
22.65
22.65
22.65
22.66
22.65
22.66
22.65
22.63
22.61
22.62
22.62
22.62
22.60
22.60
22.60
22.60
22.59
22.60
22.59
22.59
22.59
22.57
22.57
22.58
22.57
22.56
22.58
22.58
22.59
22.60
22.60
22.58
22.59
22.59
22.59
22.59
22.61
22.61
22.60
22.59
22.59
22.58
22.58
22.57
22.57
22.58
22.60
22.60
22.59
22.59
22.59
22.59
22.59
22.59
22.60
22.60
22.58
22.58
22.58
22.57
22.57
22.58
22.57
22.59
22.58
22.57
22.57
22.58
22.59
22.59
22.59
22.58
22.59
22.59
22.58
22.57
22.58
22.58
22.57
22.59
22.60
22.58
22.58
22.57
22.57
22.58
22.56
22.57
22.55
22.55
22.55
22.56
22.56
22.58
22.58
22.60
22.60
22.59
22.59
22.59
22.60
22.61
22.60
22.59
22.58
22.59
22.60
22.60
22.60
22.59
22.59
22.59
22.59
22.59
22.60
22.60
22.61
22.62
22.61
22.60
22.59
22.59
22.59
22.60
22.60
22.60
22.61
22.59
22.60
22.60
22.62
22.62
22.60
22.60
22.59
22.58
22.57
22.56
22.57
22.56
22.56
22.56
22.55
22.55
22.54
22.54
22.55
22.56
22.57
22.59
22.60
22.60
22.60
22.61
22.60
22.61
22.62
22.62
22.63
22.65
22.66
22.66
22.66
22.66
22.66
22.66
22.65
22.66
22.67
22.67
22.68
22.68
22.68
22.67
22.68
22.69
22.68
22.67
22.67
22.68
22.68
22.69
22.69
22.70
22.71
22.71
22.71
22.71
22.73
22.71
22.71
22.71
22.70
22.70
22.71
22.71
22.72
22.72
22.72
22.73
22.73
22.71
22.69
22.68
22.68
22.67
22.67
22.68
22.69
22.70
22.70
22.70
22.70
22.70
22.71
22.70
22.70
22.69
22.68
22.68
22.70
22.71
22.72
22.73
22.73
22.74
22.74
22.73
22.74
22.75
22.75
22.76
22.75
22.76
22.77
22.77
22.77
22.76
22.77
22.76
22.76
22.77
22.77
22.78
22.79
22.78
22.77
22.78
22.78
22.77
22.76
22.77
22.77
22.77
22.77
22.76
22.76
22.74
22.75
22.73
22.75
22.74
22.73
22.74
22.73
22.73
22.74
22.74
22.74
22.75
22.77
22.77
22.75
22.75
22.76
22.76
22.76
22.76
22.75
22.74
22.75
22.75
22.75
22.73
22.72
22.72
22.72
22.72
22.73
22.73
22.74
22.73
22.73
22.74
22.75
22.75
22.75
22.75
22.76
22.76
22.77
22.77
22.78
22.79
22.79
22.80
22.80
22.80
22.79
22.78
22.80
22.80
22.80
22.79
22.79
22.78
22.79
22.80
22.79
22.80
22.80
22.81
22.81
22.81
22.81
22.80
22.80
22.79
22.78
22.78
22.78
22.78
22.78
22.75
