3.12
1.56
1.56
1.17
1.56
1.56
1.34
1.17
1.39
1.41
1.56
1.56
1.44
1.45
1.35
1.37
1.47
1.48
1.40
1.41
1.34
1.35
1.43
1.43
1.38
1.32
1.27
1.34
1.40
1.35
1.36
1.32
1.28
1.24
1.29
1.26
1.22
1.19
1.16
1.17
1.18
1.15
1.20
1.17
1.15
1.12
1.13
1.11
1.12
1.09
1.07
1.11
1.09
1.16
1.14
1.12
1.10
1.08
1.09
1.09
1.13
1.16
1.14
1.12
1.15
1.16
1.17
1.17
1.15
1.16
1.14
1.13
1.11
1.10
1.08
1.09
1.10
1.08
1.07
1.07
1.10
1.11
1.09
1.08
1.10
1.09
1.08
1.08
1.09
1.09
1.10
1.09
1.09
1.08
1.09
1.07
1.06
1.05
1.10
1.09
1.10
1.12
1.12
1.11
1.10
1.11
1.10
1.10
1.10
1.09
1.08
1.10
1.11
1.11
1.13
1.13
1.12
1.13
1.12
1.13
1.12
1.13
1.12
1.12
1.14
1.14
1.17
1.16
1.15
1.17
1.17
1.17
1.17
1.20
1.19
1.19
1.20
1.19
1.18
1.17
1.16
1.17
1.16
1.15
1.17
1.17
1.16
1.16
1.16
1.17
1.16
1.16
1.15
1.16
1.15
1.14
1.14
1.15
1.14
1.14
1.14
1.14
1.13
1.13
1.13
1.12
1.11
1.11
1.10
1.11
1.11
1.13
1.12
1.11
1.11
1.10
1.09
1.09
1.09
1.09
1.10
1.11
1.10
1.10
1.11
1.12
1.11
1.12
1.12
1.13
1.13
1.14
1.13
1.13
1.12
1.12
1.11
1.11
1.11
1.11
1.12
1.11
1.12
1.11
1.11
1.12
1.13
1.13
1.13
1.12
1.14
1.16
1.17
1.16
1.16
1.16
1.16
1.17
1.16
1.16
1.16
1.15
1.16
1.15
1.15
1.14
1.14
1.14
1.13
1.13
1.14
1.14
1.14
1.14
1.14
1.15
1.15
1.14
1.15
1.15
1.15
1.17
1.16
1.17
1.16
1.16
1.16
1.15
1.15
1.15
1.17
1.17
1.17
1.17
1.17
1.17
1.17
1.16
1.16
1.17
1.18
1.17
1.17
1.17
1.17
1.17
1.16
1.17
1.16
1.16
1.16
1.16
1.16
1.16
1.15
1.15
1.15
1.15
1.15
1.16
1.16
1.16
1.16
1.16
1.16
1.16
1.15
1.15
1.15
1.16
1.16
1.16
1.16
1.16
1.16
1.16
1.16
1.16
1.15
1.15
1.16
1.16
1.16
1.16
1.15
1.15
1.15
1.15
1.16
1.16
1.16
1.17
1.17
1.16
1.16
1.16
1.16
1.16
1.16
1.16
1.16
1.16
1.17
1.16
1.16
1.16
1.16
1.16
1.15
1.16
1.16
1.16
1.15
1.16
1.15
1.15
1.15
1.14
1.14
1.14
1.14
1.13
1.13
1.13
1.13
1.12
1.12
1.12
1.12
1.12
1.12
1.11
1.12
1.12
1.11
1.11
1.12
1.12
1.11
1.11
1.11
1.10
1.10
1.10
1.10
1.10
1.10
1.10
1.09
1.09
1.10
1.10
1.10
1.10
1.10
1.10
1.09
1.10
1.10
1.10
1.11
1.11
1.11
1.11
1.11
1.11
1.11
1.11
1.11
1.11
1.11
1.11
1.11
1.11
1.12
1.12
1.12
1.12
1.12
1.12
1.12
1.12
1.12
1.12
1.11
1.11
1.11
1.11
1.12
1.12
1.12
1.12
1.12
1.11
1.11
1.11
1.11
1.11
1.10
1.10
1.11
1.11
1.11
1.11
1.11
1.11
1.11
1.12
1.11
1.11
1.12
1.12
1.12
1.12
1.12
1.11
1.11
1.11
1.11
1.11
1.11
1.11
1.11
1.11
1.11
1.11
1.10
1.10
1.10
1.10
1.11
1.11
1.11
1.11
1.11
1.11
1.11
1.11
1.10
1.10
1.11
1.11
1.11
1.10
1.11
1.11
1.11
1.11
1.11
1.11
1.10
1.11
1.11
1.10
1.11
1.11
1.11
1.11
1.11
1.12
1.11
1.12
1.12
1.12
1.12
1.14
1.14
1.14
1.14
1.14
1.14
1.14
1.14
1.14
1.14
1.14
1.13
1.14
1.13
1.14
1.14
1.14
1.14
1.14
1.14
1.14
1.14
1.14
1.14
1.13
1.13
1.14
1.14
1.13
1.13
1.14
1.13
1.13
1.13
1.14
1.13
1.13
1.14
1.13
1.13
1.13
1.13
1.13
1.13
1.13
1.13
1.13
1.13
1.14
1.13
1.14
1.14
1.14
1.13
1.13
1.13
1.13
1.13
1.13
1.14
1.13
1.13
1.14
1.14
1.14
1.14
1.14
1.14
1.13
1.13
1.13
1.13
1.13
1.12
1.12
1.13
1.13
1.12
1.12
1.12
1.12
1.13
1.13
1.13
1.13
1.12
1.12
1.13
1.13
1.13
1.13
1.13
1.14
1.14
1.14
1.14
1.14
1.14
1.14
1.14
1.14
1.14
1.13
1.13
1.13
1.13
1.14
1.14
1.14
1.13
1.14
1.13
1.13
1.13
1.14
1.14
1.13
1.13
1.13
1.13
1.13
1.14
1.14
1.14
1.14
1.14
1.14
1.13
1.13
1.13
1.13
1.13
1.13
1.13
1.13
1.13
1.13
1.13
1.13
1.13
1.13
1.13
1.14
1.14
1.14
1.14
1.14
1.14
1.14
1.14
1.14
1.14
1.14
1.14
1.14
1.13
1.14
1.14
1.14
1.14
1.14
1.14
1.14
1.14
1.14
1.14
1.14
1.13
1.14
1.14
1.14
1.14
1.14
1.14
1.14
1.13
1.14
1.13
1.13
1.13
1.13
1.13
1.13
1.13
1.13
1.13
1.13
1.13
1.12
1.12
1.13
1.12
1.12
1.12
1.12
1.12
1.12
1.11
1.11
1.11
1.11
1.11
1.11
1.11
1.11
1.11
1.11
1.11
1.11
1.11
1.11
1.11
1.11
1.11
1.11
1.11
1.11
1.11
1.11
1.11
1.11
1.11
1.11
1.11
1.11
1.11
1.11
1.11
1.11
1.11
1.10
1.10
1.10
1.10
1.10
1.11
1.11
1.11
1.10
1.10
1.10
1.10
1.10
1.10
1.10
1.10
1.10
1.10
1.10
1.10
1.10
1.10
1.10
1.10
1.10
1.10
1.10
1.10
1.09
1.09
1.09
1.09
1.09
1.09
1.09
1.09
1.09
1.09
1.09
1.09
1.09
1.09
1.09
1.09
1.10
1.10
1.10
1.10
1.10
1.09
1.10
1.09
1.09
1.09
1.10
1.10
1.10
1.10
1.10
1.10
1.10
1.10
1.10
1.10
1.10
1.10
1.09
