39.06
35.94
32.81
33.98
33.44
33.07
32.37
31.45
30.56
31.72
32.39
31.38
31.61
31.92
31.98
32.42
33.09
33.07
33.72
34.14
33.93
33.88
34.37
34.11
34.00
34.13
34.26
34.49
34.59
34.79
35.28
35.01
34.94
34.93
34.91
34.77
34.92
34.99
34.74
34.73
34.79
34.64
34.70
34.62
34.76
34.71
35.04
35.16
35.01
35.22
35.26
35.31
35.26
35.13
35.09
35.10
35.20
35.13
34.98
34.74
34.68
34.58
34.47
34.50
34.52
34.49
34.63
34.70
34.76
34.60
34.71
34.64
34.85
34.76
34.71
34.64
34.66
34.78
34.85
34.88
35.01
35.00
35.03
35.14
35.20
35.17
35.17
35.17
35.13
35.23
35.16
35.12
35.10
35.04
35.08
35.14
35.20
35.25
35.27
35.28
35.29
35.19
35.09
35.19
35.24
35.23
35.16
35.20
35.16
35.28
35.23
35.31
35.27
35.33
35.27
35.30
35.31
35.35
35.39
35.34
35.43
35.46
35.34
35.33
35.32
35.32
35.21
35.17
35.15
35.16
35.09
35.09
35.13
35.18
35.21
35.26
35.33
35.29
35.31
35.30
35.34
35.29
35.28
35.29
35.29
35.25
35.30
35.31
35.34
35.32
35.36
35.29
35.27
35.21
35.27
35.25
35.24
35.27
35.24
35.21
35.22
35.25
35.21
35.18
35.18
35.20
35.22
35.19
35.19
35.18
35.18
35.17
35.14
35.11
35.09
35.09
35.13
35.13
35.13
35.15
35.12
35.10
35.11
35.08
35.08
35.05
35.03
35.06
35.07
35.07
35.03
35.07
35.07
35.04
35.05
35.04
35.05
35.04
35.03
35.05
35.06
35.08
35.11
35.19
35.18
35.21
35.24
35.23
35.28
35.25
35.25
35.24
35.27
35.27
35.32
35.30
35.27
35.27
35.29
35.28
35.29
35.30
35.25
35.29
35.30
35.31
35.29
35.31
35.30
35.30
35.34
35.37
35.36
35.42
35.37
35.35
35.32
35.36
35.38
35.40
35.42
35.40
35.44
35.43
35.45
35.45
35.52
35.50
35.57
35.58
35.60
35.62
35.61
35.62
35.62
35.63
35.62
35.61
35.58
35.62
35.67
35.66
35.68
35.69
35.67
35.68
35.71
35.73
35.73
35.75
35.76
35.78
35.73
35.74
35.71
35.71
35.69
35.68
35.72
35.74
35.77
35.75
35.71
35.68
35.66
35.67
35.68
35.68
35.71
35.74
35.73
35.71
35.72
35.72
35.72
35.76
35.77
35.77
35.77
35.77
35.79
35.81
35.84
35.84
35.82
35.80
35.81
35.81
35.79
35.78
35.76
35.74
35.73
35.74
35.75
35.75
35.75
35.75
35.72
35.69
35.69
35.69
35.68
35.68
35.70
35.71
35.71
35.75
35.78
35.77
35.77
35.75
35.75
35.75
35.76
35.77
35.76
35.74
35.73
35.78
35.79
35.77
35.77
35.76
35.77
35.77
35.76
35.77
35.77
35.78
35.80
35.82
35.84
35.86
35.87
35.88
35.93
35.92
35.94
35.91
35.92
35.89
35.89
35.89
35.89
35.90
35.89
35.90
35.92
35.95
35.95
35.96
35.96
35.97
35.95
35.93
35.92
35.93
35.94
35.95
35.95
35.95
35.96
35.96
35.95
35.94
35.91
35.91
35.88
35.85
35.84
35.83
35.82
35.78
35.78
35.76
35.77
35.75
35.74
35.76
35.77
35.77
35.79
35.78
35.77
35.75
35.75
35.73
35.74
35.73
35.76
35.77
35.77
35.77
35.74
35.76
35.76
35.73
35.75
35.73
35.74
35.75
35.74
35.76
35.76
35.75
35.72
35.71
35.70
35.74
35.74
35.76
35.75
35.73
35.73
35.73
35.73
35.73
35.72
35.73
35.75
35.75
35.73
35.72
35.71
35.70
35.70
35.72
35.73
35.72
35.76
35.77
35.77
35.77
35.78
35.77
35.78
35.78
35.79
35.78
35.77
35.74
35.77
35.75
35.73
35.73
35.72
35.71
35.72
35.71
35.74
35.73
35.73
35.74
35.73
35.73
35.73
35.73
35.71
35.70
35.71
35.69
35.67
35.65
35.65
35.66
35.67
35.67
35.67
35.66
35.67
35.66
35.66
35.66
35.67
35.67
35.65
35.63
35.64
35.63
35.63
35.61
35.61
35.62
35.62
35.64
35.63
35.64
35.64
35.63
35.62
35.64
35.65
35.65
35.64
35.64
35.62
35.63
35.64
35.64
35.62
35.61
35.61
35.62
35.61
35.60
35.59
35.60
35.59
35.58
35.58
35.58
35.58
35.58
35.62
35.62
35.62
35.62
35.62
35.62
35.61
35.61
35.60
35.61
35.60
35.61
35.61
35.63
35.63
35.64
35.64
35.63
35.64
35.64
35.64
35.63
35.61
35.62
35.61
35.63
35.62
35.63
35.63
35.63
35.61
35.62
35.61
35.61
35.61
35.61
35.61
35.62
35.62
35.62
35.61
35.61
35.61
35.62
35.62
35.62
35.62
35.64
35.63
35.63
35.64
35.63
35.63
35.62
35.62
35.62
35.62
35.62
35.61
35.59
35.59
35.58
35.56
35.56
35.57
35.57
35.56
35.55
35.54
35.53
35.53
35.54
35.53
35.52
35.51
35.51
35.52
35.50
35.52
35.53
35.54
35.54
35.54
35.54
35.54
35.53
35.53
35.54
35.54
35.54
35.54
35.52
35.52
35.50
35.52
35.51
35.51
35.52
35.53
35.52
35.53
35.51
35.52
35.52
35.56
35.57
35.58
35.58
35.57
35.57
35.57
35.58
35.59
35.59
35.58
35.58
35.58
35.59
35.58
35.58
35.58
35.58
35.58
35.57
35.57
35.59
35.59
35.59
35.60
35.60
35.59
35.59
35.58
35.58
35.58
35.56
35.56
35.56
35.55
35.55
35.56
35.55
35.56
35.55
35.56
35.54
35.56
35.55
35.58
35.57
35.54
35.53
35.52
35.53
35.53
35.53
35.51
35.53
35.52
35.52
35.51
35.50
35.51
35.50
35.50
35.50
35.52
35.53
35.53
35.52
35.51
35.51
35.51
35.50
35.50
35.51
35.52
35.52
35.52
35.52
35.52
35.52
35.53
35.54
35.54
35.53
35.52
35.53
35.52
35.51
35.52
35.52
35.52
35.53
35.53
35.54
35.54
35.53
35.54
35.55
35.54
35.54
35.55
35.55
35.55
35.54
35.54
35.55
35.54
35.56
35.56
35.55
35.54
35.54
35.55
35.55
35.55
35.54
35.53
35.54
35.53
35.54
35.53
35.52
35.52
35.52
35.53
35.53
35.53
35.53
35.53
35.52
35.52
35.53
35.54
35.54
35.53
35.52
35.53
35.53
35.53
35.52
35.51
35.51
35.52
35.53
35.54
35.51
