7.81
7.81
9.90
8.59
9.38
9.38
10.04
9.38
9.20
9.22
9.09
9.38
9.62
9.38
9.06
8.79
8.82
8.77
8.47
8.52
8.71
8.59
8.49
8.66
8.62
8.59
8.51
8.54
8.62
8.49
8.47
8.30
8.24
8.41
8.48
8.42
8.40
8.22
8.25
8.32
8.35
8.52
8.65
8.74
8.82
8.73
8.78
8.72
8.77
8.72
8.67
8.56
8.55
8.56
8.49
8.48
8.47
8.46
8.45
8.52
8.58
8.54
8.56
8.45
8.44
8.40
8.44
8.46
8.47
8.48
8.41
8.40
8.37
8.36
8.29
8.26
8.26
8.33
8.37
8.38
8.39
8.35
8.34
8.37
8.36
8.36
8.30
8.29
8.29
8.26
8.28
8.27
8.32
8.33
8.34
8.41
8.39
8.45
8.46
8.42
8.43
8.36
8.33
8.34
8.30
8.39
8.37
8.36
8.36
8.31
8.28
8.27
8.32
8.36
8.34
8.35
8.35
8.30
8.31
8.28
8.25
8.22
8.26
8.23
8.18
8.17
8.17
8.14
8.14
8.11
8.18
8.24
8.21
8.21
8.23
8.23
8.26
8.27
8.28
8.25
8.23
8.22
8.22
8.22
8.21
8.18
8.16
8.19
8.27
8.29
8.31
8.31
8.28
8.29
8.28
8.28
8.28
8.32
8.31
8.33
8.32
8.32
8.34
8.35
8.34
8.36
8.34
8.35
8.35
8.35
8.36
8.36
8.38
8.37
8.36
8.37
8.37
8.38
8.38
8.39
8.43
8.43
8.43
8.42
8.44
8.40
8.36
8.38
8.36
8.36
8.37
8.36
8.36
8.34
8.37
8.35
8.37
8.38
8.36
8.38
8.40
8.38
8.38
8.39
8.38
8.39
8.39
8.38
8.37
8.37
8.34
8.32
8.32
8.34
8.33
8.33
8.30
8.32
8.32
8.35
8.34
8.35
8.34
8.31
8.32
8.34
8.33
8.35
8.34
8.32
8.31
8.31
8.30
8.33
8.32
8.31
8.29
8.30
8.29
8.29
8.29
8.26
8.27
8.26
8.26
8.27
8.26
8.27
8.26
8.27
8.29
8.29
8.28
8.26
8.27
8.27
8.26
8.28
8.26
8.28
8.29
8.30
8.30
8.29
8.31
8.32
8.32
8.31
8.33
8.33
8.34
8.34
8.34
8.35
8.34
8.35
8.33
8.34
8.34
8.34
8.33
8.34
8.36
8.36
8.34
8.33
8.33
8.33
8.34
8.33
8.31
8.30
8.29
8.27
8.26
8.25
8.26
8.26
8.26
8.26
8.24
8.25
8.25
8.26
8.27
8.26
8.26
8.29
8.31
8.31
8.30
8.30
8.29
8.29
8.30
8.29
8.29
8.30
8.31
8.31
8.31
8.30
8.32
8.32
8.32
8.33
8.31
8.31
8.33
8.31
8.30
8.30
8.31
8.30
8.31
8.31
8.30
8.30
8.32
8.31
8.29
8.28
8.27
8.28
8.27
8.27
8.28
8.29
8.30
8.30
8.30
8.30
8.29
8.28
8.29
8.30
8.29
8.29
8.27
8.28
8.28
8.29
8.31
8.31
8.31
8.29
8.29
8.28
8.28
8.29
8.28
8.27
8.29
8.28
8.28
8.30
8.30
8.29
8.29
8.29
8.29
8.28
8.29
8.29
8.30
8.29
8.29
8.29
8.30
8.30
8.29
8.31
8.32
8.34
8.33
8.33
8.32
8.31
8.30
8.30
8.30
8.29
8.28
8.28
8.27
8.28
8.28
8.28
8.26
8.25
8.25
8.28
8.27
8.27
8.27
8.27
8.28
8.26
8.26
8.27
8.27
8.28
8.28
8.28
8.26
8.27
8.28
8.28
8.28
8.27
8.29
8.29
8.30
8.31
8.30
8.31
8.31
8.32
8.33
8.33
8.33
8.32
8.32
8.32
8.31
8.30
8.31
8.31
8.32
8.31
8.31
8.31
8.30
8.30
8.29
8.28
8.29
8.27
8.27
8.26
8.25
8.26
8.25
8.25
8.25
8.25
8.25
8.25
8.24
8.24
8.24
8.25
8.26
8.27
8.27
8.27
8.26
8.25
8.25
8.25
8.25
8.24
8.24
8.24
8.24
8.24
8.25
8.25
8.24
8.25
8.25
8.24
8.24
8.23
8.22
8.22
8.23
8.22
8.23
8.21
8.20
8.20
8.19
8.21
8.21
8.20
8.21
8.21
8.21
8.21
8.21
8.21
8.21
8.22
8.22
8.21
8.22
8.21
8.21
8.22
8.22
8.22
8.22
8.22
8.22
8.21
8.21
8.21
8.21
8.20
8.21
8.20
8.21
8.20
8.20
8.20
8.20
8.20
8.20
8.22
8.21
8.21
8.20
8.20
8.20
8.20
8.21
8.20
8.21
8.20
8.21
8.22
8.21
8.22
8.22
8.23
8.23
8.24
8.24
8.23
8.23
8.22
8.23
8.23
8.23
8.24
8.25
8.25
8.25
8.25
8.26
8.27
8.26
8.26
8.26
8.25
8.24
8.25
8.24
8.25
8.25
8.25
8.24
8.24
8.23
8.24
8.23
8.23
8.24
8.24
8.24
8.23
8.23
8.22
8.22
8.22
8.22
8.22
8.22
8.22
8.22
8.22
8.22
8.21
8.22
8.21
8.22
8.22
8.23
8.23
8.23
8.23
8.23
8.23
8.23
8.23
8.24
8.24
8.25
8.25
8.24
8.24
8.23
8.24
8.24
8.25
8.26
8.26
8.25
8.24
8.24
8.24
8.23
8.23
8.24
8.23
8.24
8.25
8.24
8.24
8.25
8.27
8.28
8.28
8.28
8.29
8.28
8.28
8.28
8.27
8.27
8.26
8.26
8.26
8.27
8.27
8.27
8.26
8.27
8.26
8.26
8.27
8.26
8.26
8.26
8.26
8.26
8.26
8.26
8.26
8.25
8.26
8.26
8.26
8.25
8.25
8.25
8.27
8.26
8.26
8.25
8.25
8.26
8.26
8.27
8.27
8.27
8.27
8.27
8.27
8.28
8.28
8.28
8.28
8.28
8.28
8.28
8.28
8.28
8.29
8.28
8.29
8.30
8.29
8.29
8.29
8.29
8.29
8.30
8.29
8.28
8.29
8.29
8.29
8.29
8.29
8.29
8.29
8.30
8.30
8.30
8.30
8.29
8.30
8.30
8.30
8.29
8.29
8.29
8.30
8.30
8.30
8.30
8.30
8.31
8.31
8.31
8.30
8.30
8.30
8.30
8.29
8.29
8.30
8.30
8.30
8.31
8.31
8.31
8.31
8.31
8.31
8.31
8.30
8.30
8.30
8.30
8.30
8.30
8.30
8.29
8.28
8.29
8.29
8.30
8.30
8.29
8.29
8.29
8.29
8.30
8.30
8.29
8.28
8.29
8.29
8.29
8.29
8.29
8.28
8.29
8.28
