0.00
0.00
0.00
0.00
0.31
0.26
0.22
0.20
0.17
0.31
0.28
0.26
0.36
0.33
0.31
0.39
0.46
0.43
0.41
0.47
0.60
0.64
0.68
0.65
0.62
0.60
0.58
0.61
0.70
0.73
0.81
0.83
0.80
0.78
0.76
0.74
0.76
0.74
0.72
0.78
0.80
0.78
0.80
0.78
0.80
0.85
0.83
0.81
0.80
0.78
0.80
0.78
0.77
0.75
0.77
0.81
0.79
0.78
0.77
0.78
0.79
0.81
0.79
0.81
0.79
0.78
0.77
0.76
0.75
0.74
0.73
0.72
0.71
0.72
0.71
0.70
0.71
0.70
0.69
0.68
0.68
0.67
0.66
0.65
0.64
0.64
0.66
0.67
0.67
0.66
0.65
0.65
0.64
0.63
0.63
0.63
0.63
0.62
0.63
0.66
0.68
0.67
0.67
0.66
0.65
0.66
0.67
0.67
0.66
0.67
0.66
0.66
0.65
0.64
0.64
0.65
0.65
0.66
0.66
0.65
0.66
0.65
0.66
0.66
0.65
0.64
0.64
0.65
0.64
0.64
0.63
0.64
0.63
0.63
0.64
0.63
0.63
0.63
0.63
0.63
0.63
0.63
0.62
0.62
0.61
0.61
0.61
0.60
0.61
0.60
0.60
0.60
0.59
0.59
0.58
0.58
0.58
0.57
0.57
0.58
0.57
0.57
0.57
0.58
0.59
0.58
0.58
0.58
0.57
0.59
0.58
0.58
0.58
0.58
0.58
0.58
0.57
0.57
0.57
0.57
0.58
0.58
0.58
0.58
0.58
0.58
0.58
0.57
0.57
0.57
0.56
0.56
0.56
0.56
0.55
0.56
0.56
0.56
0.57
0.56
0.56
0.56
0.56
0.56
0.56
0.56
0.57
0.57
0.57
0.57
0.57
0.57
0.57
0.58
0.57
0.59
0.58
0.59
0.60
0.60
0.59
0.60
0.60
0.61
0.61
0.62
0.61
0.61
0.61
0.62
0.62
0.62
0.62
0.61
0.62
0.62
0.61
0.62
0.62
0.62
0.62
0.62
0.62
0.61
0.61
0.61
0.61
0.62
0.61
0.62
0.62
0.62
0.62
0.62
0.61
0.61
0.61
0.61
0.61
0.61
0.60
0.60
0.60
0.60
0.61
0.61
0.60
0.61
0.62
0.61
0.62
0.61
0.61
0.62
0.61
0.61
0.61
0.61
0.62
0.62
0.62
0.62
0.61
0.61
0.61
0.61
0.61
0.62
0.62
0.61
0.62
0.62
0.62
0.62
0.62
0.62
0.62
0.62
0.62
0.62
0.62
0.62
0.62
0.62
0.62
0.62
0.62
0.62
0.62
0.62
0.62
0.62
0.62
0.62
0.62
0.62
0.62
0.62
0.62
0.62
0.61
0.62
0.61
0.61
0.62
0.62
0.62
0.61
0.61
0.61
0.61
0.61
0.61
0.61
0.61
0.60
0.61
0.61
0.60
0.61
0.60
0.60
0.60
0.60
0.60
0.61
0.60
0.60
0.60
0.60
0.60
0.60
0.60
0.60
0.60
0.60
0.60
0.59
0.59
0.59
0.59
0.59
0.60
0.60
0.60
0.59
0.60
0.59
0.59
0.59
0.59
0.59
0.59
0.59
0.59
0.59
0.59
0.59
0.59
0.59
0.59
0.59
0.59
0.59
0.58
0.59
0.59
0.58
0.59
0.59
0.59
0.59
0.59
0.59
0.59
0.59
0.59
0.58
0.58
0.58
0.58
0.58
0.58
0.58
0.57
0.57
0.58
0.57
0.57
0.58
0.58
0.58
0.58
0.58
0.58
0.57
0.58
0.58
0.58
0.58
0.58
0.59
0.58
0.59
0.58
0.58
0.58
0.58
0.58
0.58
0.58
0.58
0.57
0.58
0.58
0.58
0.58
0.57
0.57
0.57
0.57
0.57
0.57
0.57
0.57
0.57
0.57
0.57
0.57
0.57
0.56
0.57
0.57
0.57
0.57
0.57
0.57
0.57
0.57
0.57
0.58
0.57
0.58
0.58
0.58
0.58
0.58
0.58
0.58
0.59
0.58
0.58
0.58
0.58
0.59
0.59
0.59
0.59
0.58
0.59
0.59
0.59
0.59
0.58
0.58
0.59
0.58
0.59
0.58
0.58
0.59
0.58
0.58
0.58
0.58
0.58
0.58
0.58
0.58
0.58
0.58
0.58
0.58
0.58
0.58
0.58
0.59
0.59
0.59
0.59
0.58
0.58
0.58
0.58
0.58
0.58
0.58
0.58
0.58
0.58
0.58
0.57
0.58
0.58
0.57
0.57
0.57
0.57
0.57
0.57
0.57
0.57
0.57
0.57
0.57
0.57
0.56
0.56
0.56
0.56
0.56
0.56
0.56
0.56
0.56
0.56
0.56
0.56
0.56
0.57
0.56
0.56
0.56
0.56
0.57
0.56
0.56
0.57
0.57
0.57
0.57
0.56
0.56
0.56
0.56
0.56
0.56
0.56
0.56
0.56
0.56
0.56
0.56
0.56
0.56
0.56
0.56
0.56
0.56
0.56
0.56
0.56
0.56
0.56
0.56
0.56
0.56
0.56
0.56
0.56
0.56
0.56
0.56
0.56
0.56
0.56
0.55
0.56
0.56
0.56
0.56
0.56
0.56
0.56
0.56
0.56
0.56
0.56
0.56
0.56
0.55
0.55
0.55
0.55
0.55
0.55
0.55
0.55
0.55
0.55
0.55
0.55
0.55
0.55
0.55
0.55
0.55
0.55
0.55
0.55
0.55
0.55
0.56
0.55
0.55
0.55
0.55
0.55
0.55
0.55
0.55
0.55
0.55
0.55
0.55
0.55
0.55
0.55
0.55
0.55
0.55
0.55
0.55
0.55
0.55
0.55
0.55
0.55
0.55
0.55
0.55
0.56
0.56
0.56
0.56
0.56
0.56
0.56
0.56
0.56
0.56
0.56
0.56
0.56
0.56
0.56
0.56
0.56
0.56
0.56
0.56
0.56
0.56
0.56
0.56
0.56
0.56
0.56
0.56
0.56
0.56
0.56
0.55
0.55
0.55
0.55
0.55
0.55
0.55
0.55
0.55
0.55
0.55
0.55
0.55
0.55
0.55
0.55
0.55
0.55
0.55
0.55
0.55
0.54
0.54
0.54
0.54
0.54
0.54
0.54
0.54
0.54
0.54
0.54
0.54
0.54
0.54
0.54
0.54
0.54
0.54
0.54
0.54
0.54
0.54
0.54
0.54
0.54
0.54
0.54
0.54
0.54
0.54
0.54
0.54
0.54
0.54
0.54
0.54
0.54
0.54
0.54
0.54
0.53
0.54
0.54
0.54
0.54
0.54
0.53
0.53
0.53
0.53
0.53
0.54
0.54
0.54
0.54
0.54
0.54
0.54
0.54
0.54
0.54
0.54
0.54
0.54
0.54
0.54
0.54
0.54
0.54
