75.00
78.12
82.29
82.03
82.19
81.51
83.48
82.62
82.12
81.56
81.53
81.38
81.37
82.03
82.29
82.03
81.43
80.82
80.59
80.70
80.43
80.82
81.11
81.05
81.19
81.25
81.08
81.14
81.20
81.35
81.20
81.35
81.06
81.20
81.25
81.16
81.21
81.46
81.21
81.09
81.29
81.29
81.25
81.39
81.39
81.49
81.32
81.32
81.19
81.25
81.13
81.10
81.07
81.13
81.22
81.28
81.47
81.28
81.36
81.38
81.43
81.43
81.55
81.62
81.49
81.39
81.37
81.36
81.34
81.25
81.21
81.21
81.21
81.21
81.12
81.15
81.11
81.13
81.05
81.17
81.25
81.31
81.34
81.38
81.45
81.47
81.47
81.45
81.41
81.35
81.32
81.33
81.32
81.25
81.25
81.18
81.25
81.23
81.28
81.27
81.30
81.27
81.28
81.34
81.43
81.35
81.35
81.31
81.38
81.41
81.39
81.43
81.47
81.47
81.47
81.45
81.41
81.41
81.45
81.39
81.37
81.42
81.44
81.43
81.41
81.39
81.35
81.29
81.24
81.29
81.27
81.27
81.31
81.24
81.23
81.17
81.23
81.26
81.23
81.23
81.21
81.14
81.04
81.07
81.06
81.06
81.08
81.10
81.10
81.12
81.18
81.20
81.22
81.21
81.19
81.19
81.20
81.19
81.24
81.21
81.19
81.26
81.28
81.31
81.28
81.31
81.33
81.33
81.31
81.29
81.30
81.30
81.33
81.34
81.33
81.31
81.32
81.33
81.36
81.35
81.37
81.38
81.34
81.35
81.36
81.36
81.40
81.42
81.40
81.38
81.39
81.40
81.44
81.46
81.47
81.45
81.47
81.48
81.51
81.51
81.54
81.55
81.57
81.59
81.59
81.59
81.61
81.60
81.58
81.58
81.60
81.57
81.62
81.65
81.65
81.63
81.64
81.63
81.67
81.68
81.68
81.69
81.66
81.68
81.69
81.72
81.71
81.66
81.70
81.70
81.72
81.76
81.75
81.75
81.78
81.77
81.76
81.79
81.81
81.80
81.79
81.80
81.80
81.76
81.72
81.70
81.69
81.65
81.65
81.66
81.67
81.67
81.68
81.70
81.71
81.73
81.72
81.73
81.73
81.74
81.75
81.75
81.73
81.73
81.75
81.76
81.78
81.80
81.78
81.81
81.82
81.82
81.83
81.82
81.84
81.82
81.79
81.80
81.78
81.79
81.79
81.82
81.82
81.83
81.82
81.82
81.76
81.77
81.76
81.75
81.78
81.77
81.79
81.75
81.76
81.77
81.78
81.75
81.77
81.77
81.76
81.76
81.78
81.77
81.78
81.79
81.78
81.77
81.79
81.78
81.79
81.80
81.80
81.82
81.82
81.84
81.82
81.82
81.81
81.83
81.81
81.81
81.85
81.88
81.87
81.88
81.90
81.86
81.84
81.84
81.83
81.82
81.81
81.84
81.84
81.85
81.84
81.82
81.83
81.84
81.84
81.86
81.86
81.84
81.82
81.80
81.82
81.81
81.80
81.79
81.78
81.77
81.78
81.77
81.76
81.77
81.78
81.80
81.79
81.79
81.79
81.79
81.78
81.78
81.79
81.80
81.80
81.78
81.77
81.77
81.74
81.75
81.74
81.72
81.70
81.69
81.68
81.69
81.68
81.70
81.70
81.68
81.68
81.69
81.69
81.70
81.69
81.70
81.70
81.71
81.71
81.72
81.71
81.70
81.69
81.70
81.69
81.71
81.73
81.74
81.73
81.72
81.73
81.71
81.73
81.72
81.74
81.76
81.75
81.75
81.76
81.75
81.75
81.73
81.73
81.72
81.74
81.74
81.75
81.75
81.75
81.74
81.74
81.74
81.74
81.73
81.74
81.75
81.75
81.74
81.73
81.72
81.73
81.72
81.73
81.73
81.74
81.73
81.72
81.69
81.68
81.69
81.68
81.68
81.66
81.67
81.66
81.64
81.62
81.63
81.62
81.62
81.62
81.60
81.59
81.60
81.59
81.59
81.60
81.58
81.57
81.58
81.58
81.57
81.58
81.58
81.59
81.58
81.58
81.59
81.57
81.57
81.57
81.57
81.56
81.55
81.56
81.56
81.56
81.56
81.56
81.57
81.55
81.54
81.57
81.57
81.57
81.57
81.57
81.56
81.56
81.55
81.55
81.55
81.54
81.53
81.53
81.53
81.54
81.55
81.53
81.53
81.52
81.52
81.53
81.53
81.55
81.55
81.54
81.53
81.54
81.54
81.52
81.52
81.52
81.50
81.50
81.51
81.53
81.54
81.56
81.56
81.57
81.57
81.57
81.57
81.59
81.59
81.58
81.59
81.58
81.57
81.59
81.58
81.59
81.60
81.59
81.59
81.60
81.60
81.59
81.60
81.59
81.59
81.60
81.60
81.61
81.61
81.62
81.62
81.63
81.64
81.62
81.63
81.63
81.63
81.62
81.63
81.63
81.64
81.64
81.62
81.62
81.62
81.61
81.60
81.58
81.57
81.56
81.56
81.57
81.56
81.56
81.56
81.55
81.53
81.54
81.54
81.54
81.53
81.54
81.54
81.54
81.55
81.55
81.54
81.53
81.52
81.54
81.55
81.54
81.54
81.54
81.56
81.56
81.57
81.56
81.57
81.56
81.56
81.57
81.58
81.58
81.59
81.59
81.61
81.60
81.61
81.61
81.61
81.61
81.61
81.61
81.60
81.61
81.61
81.60
81.61
81.61
81.60
81.59
81.59
81.59
81.59
81.59
81.59
81.58
81.58
81.59
81.57
81.57
81.58
81.58
81.59
81.59
81.59
81.57
81.57
81.57
81.56
81.57
81.59
81.59
81.59
81.59
81.60
81.61
81.60
81.60
81.59
81.59
81.59
81.59
81.59
81.59
81.60
81.61
81.62
81.62
81.62
81.62
81.61
81.61
81.62
81.61
81.62
81.62
81.63
81.63
81.65
81.64
81.64
81.63
81.62
81.62
81.62
81.61
81.62
81.63
81.62
81.62
81.63
81.62
81.61
81.61
81.61
81.61
81.61
81.61
81.61
81.60
81.60
81.61
81.61
81.60
81.60
81.59
81.59
81.60
81.60
81.58
81.58
81.59
81.60
81.60
81.60
81.60
81.60
81.61
81.60
81.61
81.61
81.61
81.62
81.63
81.63
81.62
81.63
81.63
81.62
81.62
81.62
81.61
81.61
81.61
81.62
81.62
81.62
81.63
81.62
81.62
81.63
81.62
81.61
81.61
81.60
81.60
81.60
81.60
81.61
81.61
81.60
81.58
81.58
81.58
81.58
81.58
81.58
81.57
81.59
81.59
81.59
81.59
81.60
81.60
81.60
81.61
81.61
81.62
81.62
81.62
81.62
81.63
81.63
81.63
81.64
81.64
81.63
81.64
81.64
81.64
81.64
81.63
81.65
81.64
81.63
81.63
81.63
81.63
81.63
81.63
81.56
