4.69
32.03
41.15
30.86
38.75
42.45
46.21
49.22
49.48
44.53
45.60
47.27
43.63
40.51
41.46
43.16
44.67
45.49
45.56
46.80
44.57
46.02
46.81
47.72
48.56
49.16
49.54
49.72
50.05
50.47
50.91
51.32
51.75
51.98
52.46
52.99
53.17
51.77
52.00
52.03
52.21
52.31
52.65
52.88
53.06
53.29
53.56
52.44
52.61
52.94
53.03
53.22
53.60
53.73
53.86
52.90
52.71
52.96
53.23
53.41
53.53
53.70
53.94
54.17
54.28
54.40
54.62
54.66
54.69
53.93
54.03
53.28
52.57
51.88
52.08
52.16
52.25
52.40
52.49
52.56
52.64
52.00
52.18
52.36
52.35
52.47
52.66
52.82
52.95
52.95
52.97
53.04
53.12
53.19
53.36
53.43
53.37
53.41
53.54
53.55
53.74
53.23
52.72
52.84
52.98
53.04
53.02
52.53
52.62
52.77
52.29
52.33
51.89
52.01
52.04
52.16
52.15
52.22
52.30
52.38
51.95
51.54
51.60
51.66
51.70
51.72
51.32
51.38
51.44
51.54
51.15
50.76
50.85
50.47
50.60
50.74
50.36
50.43
50.52
50.58
50.62
50.69
50.74
50.79
50.89
50.97
51.07
50.73
50.79
50.83
50.96
51.11
51.13
50.81
50.87
50.96
50.65
50.78
50.85
50.54
50.57
50.26
50.26
50.41
50.10
50.24
50.32
50.40
50.47
50.52
50.61
50.66
50.82
50.96
51.00
51.00
51.07
51.12
51.22
51.29
51.33
51.42
51.49
51.48
51.54
51.60
51.33
51.40
51.15
51.23
50.97
51.02
50.75
50.81
50.91
50.96
50.71
50.80
50.90
50.93
51.05
51.03
51.02
51.06
51.14
51.19
51.29
51.34
51.41
51.16
51.21
50.97
51.03
51.13
51.21
51.23
51.01
51.10
51.18
51.24
51.28
51.37
51.39
51.47
51.52
51.57
51.60
51.63
51.69
51.72
51.50
51.54
51.31
51.10
51.16
51.20
51.20
51.26
51.24
51.02
51.10
51.14
51.17
51.23
51.29
51.33
51.37
51.42
51.21
51.21
51.23
51.29
51.33
51.39
51.46
51.50
51.54
51.34
51.15
50.95
50.97
51.03
51.06
51.11
51.13
51.13
51.21
51.01
51.09
51.13
51.21
51.24
51.29
51.31
51.32
51.38
51.40
51.42
51.46
51.52
51.58
51.40
51.45
51.49
51.30
51.33
51.38
51.41
51.23
51.26
51.28
51.34
51.39
51.46
51.29
51.33
51.36
51.40
51.45
51.52
51.55
51.59
51.60
51.64
51.71
51.72
51.55
51.58
51.63
51.65
51.68
51.70
51.73
51.75
51.58
51.64
51.67
51.72
51.75
51.59
51.63
51.66
51.69
51.74
51.77
51.83
51.90
51.92
51.95
51.95
51.99
52.05
52.10
52.11
52.13
52.14
52.17
52.21
52.05
52.10
52.15
52.21
52.23
52.24
52.26
52.31
52.32
52.32
52.38
52.42
52.46
52.48
52.51
52.54
52.56
52.62
52.65
52.50
52.52
52.57
52.61
52.46
52.50
52.52
52.56
52.41
52.27
52.31
52.36
52.38
52.39
52.39
52.26
52.28
52.31
52.17
52.18
52.22
52.23
52.23
52.23
52.25
52.12
52.14
52.18
52.04
52.08
52.10
52.14
52.18
52.18
52.19
52.22
52.24
52.29
52.31
52.33
52.36
52.38
52.25
52.29
52.30
52.18
52.19
52.21
52.22
52.23
52.26
52.29
52.33
52.21
52.24
52.28
52.30
52.35
52.38
52.40
52.43
52.46
52.50
52.55
52.43
52.46
52.48
52.50
52.51
52.55
52.58
52.63
52.66
52.66
52.68
52.70
52.72
52.71
52.75
52.78
52.82
52.84
52.86
52.74
52.78
52.80
52.84
52.88
52.88
52.89
52.93
52.94
52.97
52.97
52.99
53.03
53.04
53.04
53.06
53.10
53.11
53.13
53.15
53.17
53.05
53.07
53.09
53.11
53.13
53.17
53.20
53.22
53.25
53.26
53.27
53.16
53.19
53.21
53.22
53.21
53.25
53.23
53.25
53.28
53.30
53.34
53.35
53.34
53.34
53.37
53.39
53.40
53.42
53.45
53.47
53.50
53.49
53.51
53.41
53.43
53.44
53.33
53.36
53.25
53.27
53.30
53.32
53.33
53.35
53.37
53.38
53.27
53.31
53.33
53.23
53.24
53.24
53.27
53.29
53.32
53.32
53.22
53.23
53.13
53.15
53.05
53.06
52.96
52.95
53.00
52.91
52.81
52.82
52.85
52.75
52.77
52.77
52.77
52.78
52.78
52.80
52.81
52.84
52.83
52.86
52.76
52.79
52.80
52.83
52.73
52.75
52.76
52.67
52.68
52.72
52.72
52.72
52.73
52.77
52.79
52.81
52.80
52.81
52.83
52.85
52.86
52.76
52.79
52.70
52.70
52.72
52.63
52.63
52.65
52.56
52.57
52.49
52.49
52.51
52.54
52.56
52.47
52.48
52.48
52.49
52.40
52.42
52.42
52.44
52.35
52.39
52.40
52.31
52.32
52.35
52.34
52.37
52.37
52.42
52.45
52.46
52.38
52.29
52.31
52.30
52.32
52.35
52.37
52.37
52.39
52.30
52.29
52.31
52.31
52.32
52.34
52.26
52.27
52.30
52.31
52.34
52.35
52.37
52.39
52.42
52.44
52.46
52.48
52.50
52.52
52.54
52.57
52.59
52.51
52.43
52.44
52.36
52.28
52.29
52.33
52.24
52.16
52.17
52.18
52.20
52.21
52.13
52.14
52.06
52.09
52.01
52.03
52.04
52.06
52.09
52.01
52.03
52.05
52.06
52.07
52.08
52.09
52.01
52.04
52.06
52.08
52.00
52.01
52.03
52.05
51.97
51.98
51.99
52.01
51.93
51.94
51.95
51.88
51.80
51.81
51.73
51.75
51.68
51.61
51.63
51.63
51.66
51.67
51.69
51.70
51.71
51.74
51.76
51.77
51.79
51.82
51.83
51.83
51.86
51.78
51.71
51.74
51.75
51.67
51.67
51.68
51.70
51.71
51.64
51.65
51.58
51.50
51.53
51.54
51.47
51.51
51.53
51.55
51.56
51.49
51.50
51.52
51.52
51.53
51.55
51.56
51.58
51.59
51.61
51.63
51.62
51.64
51.65
51.66
51.68
51.70
51.63
51.65
51.66
51.67
51.60
51.61
51.62
51.63
51.64
51.57
51.59
51.61
51.63
51.65
51.65
51.66
51.67
51.68
51.61
51.62
51.55
51.56
51.57
51.50
51.52
51.46
51.47
51.41
51.43
51.43
51.45
51.47
51.49
51.43
51.44
51.45
51.38
51.42
51.35
51.37
51.37
51.38
51.41
51.35
51.35
51.37
51.39
51.42
51.37
