3.12
4.69
3.65
3.91
4.38
4.43
4.69
4.69
4.69
4.53
4.83
4.69
4.45
4.35
4.38
4.39
4.23
4.34
4.36
4.22
4.09
3.98
4.08
4.10
4.13
3.97
3.99
3.91
3.99
3.96
4.13
4.30
4.26
4.23
4.11
4.21
4.18
4.32
4.33
4.26
4.23
4.24
4.22
4.19
4.20
4.35
4.29
4.26
4.24
4.22
4.17
4.12
4.07
4.08
4.09
4.16
4.17
4.20
4.24
4.22
4.23
4.26
4.24
4.25
4.28
4.31
4.31
4.34
4.37
4.42
4.47
4.49
4.49
4.56
4.54
4.54
4.59
4.55
4.49
4.51
4.46
4.46
4.42
4.37
4.41
4.38
4.36
4.33
4.30
4.29
4.26
4.26
4.28
4.29
4.28
4.25
4.24
4.21
4.21
4.19
4.22
4.20
4.19
4.18
4.17
4.16
4.16
4.21
4.20
4.23
4.22
4.20
4.20
4.18
4.16
4.19
4.22
4.25
4.23
4.22
4.18
4.18
4.15
4.15
4.15
4.15
4.16
4.14
4.13
4.15
4.15
4.15
4.17
4.15
4.13
4.16
4.16
4.16
4.13
4.10
4.11
4.10
4.10
4.12
4.11
4.12
4.12
4.14
4.17
4.21
4.23
4.22
4.21
4.19
4.21
4.22
4.22
4.22
4.21
4.19
4.18
4.16
4.15
4.14
4.14
4.14
4.13
4.11
4.11
4.08
4.07
4.08
4.06
4.06
4.04
4.05
4.05
4.04
4.06
4.05
4.03
4.04
4.05
4.06
4.08
4.07
4.08
4.11
4.13
4.15
4.17
4.16
4.17
4.17
4.17
4.16
4.15
4.14
4.13
4.13
4.11
4.11
4.09
4.07
4.08
4.10
4.11
4.14
4.17
4.17
4.16
4.16
4.20
4.21
4.22
4.22
4.21
4.21
4.21
4.21
4.21
4.19
4.20
4.21
4.22
4.21
4.21
4.21
4.20
4.18
4.17
4.18
4.17
4.18
4.18
4.18
4.18
4.16
4.16
4.17
4.19
4.18
4.19
4.19
4.18
4.20
4.19
4.20
4.19
4.18
4.19
4.20
4.19
4.17
4.17
4.17
4.16
4.15
4.16
4.15
4.15
4.16
4.15
4.15
4.15
4.16
4.15
4.13
4.12
4.12
4.12
4.12
4.10
4.10
4.11
4.10
4.11
4.10
4.10
4.11
4.11
4.13
4.14
4.12
4.12
4.12
4.12
4.12
4.14
4.12
4.11
4.11
4.12
4.11
4.10
4.10
4.09
4.10
4.11
4.11
4.10
4.09
4.10
4.10
4.09
4.09
4.08
4.10
4.09
4.08
4.09
4.10
4.09
4.09
4.10
4.09
4.11
4.12
4.12
4.13
4.13
4.12
4.12
4.13
4.13
4.12
4.11
4.11
4.11
4.11
4.10
4.11
4.10
4.09
4.09
4.11
4.11
4.11
4.12
4.12
4.11
4.11
4.12
4.13
4.13
4.13
4.13
4.14
4.13
4.13
4.13
4.13
4.13
4.14
4.15
4.13
4.13
4.13
4.13
4.14
4.13
4.14
4.14
4.14
4.14
4.14
4.15
4.16
4.17
4.18
4.17
4.18
4.18
4.17
4.17
4.17
4.16
4.15
4.16
4.16
4.17
4.17
4.17
4.17
4.18
4.17
4.18
4.18
4.18
4.17
4.18
4.18
4.18
4.20
4.19
4.18
4.18
4.17
4.16
4.17
4.16
4.16
4.14
4.15
4.16
4.15
4.15
4.16
4.15
4.15
4.14
4.14
4.14
4.16
4.16
4.15
4.16
4.15
4.15
4.15
4.15
4.15
4.16
4.16
4.15
4.15
4.16
4.15
4.15
4.15
4.15
4.14
4.14
4.16
4.15
4.15
4.16
4.16
4.16
4.16
4.16
4.16
4.15
4.15
4.14
4.15
4.15
4.16
4.17
4.16
4.16
4.16
4.15
4.16
4.16
4.15
4.15
4.15
4.14
4.14
4.15
4.14
4.14
4.14
4.13
4.13
4.14
4.13
4.13
4.13
4.14
4.14
4.15
4.15
4.15
4.16
4.15
4.17
4.17
4.16
4.17
4.16
4.16
4.15
4.15
4.15
4.15
4.17
4.19
4.19
4.18
4.19
4.19
4.19
4.19
4.19
4.18
4.18
4.19
4.18
4.18
4.19
4.20
4.21
4.20
4.19
4.19
4.19
4.19
4.18
4.19
4.19
4.18
4.18
4.19
4.19
4.19
4.18
4.18
4.19
4.19
4.18
4.19
4.19
4.20
4.20
4.20
4.22
4.22
4.22
4.23
4.22
4.23
4.23
4.22
4.22
4.22
4.22
4.22
4.22
4.22
4.22
4.22
4.22
4.21
4.21
4.22
4.22
4.22
4.22
4.23
4.23
4.22
4.22
4.22
4.22
4.22
4.22
4.22
4.22
4.22
4.23
4.23
4.22
4.22
4.22
4.23
4.23
4.23
4.22
4.22
4.22
4.22
4.22
4.22
4.22
4.21
4.22
4.22
4.21
4.21
4.21
4.21
4.21
4.21
4.21
4.21
4.20
4.20
4.20
4.20
4.20
4.20
4.20
4.20
4.21
4.22
4.22
4.23
4.22
4.24
4.24
4.23
4.24
4.24
4.23
4.23
4.24
4.23
4.23
4.23
4.23
4.23
4.23
4.23
4.23
4.22
4.22
4.22
4.22
4.22
4.22
4.22
4.22
4.22
4.22
4.22
4.22
4.23
4.23
4.24
4.23
4.23
4.23
4.23
4.23
4.23
4.23
4.24
4.24
4.24
4.24
4.25
4.25
4.26
4.26
4.26
4.25
4.26
4.25
4.25
4.25
4.25
4.25
4.24
4.24
4.24
4.24
4.24
4.24
4.24
4.25
4.25
4.26
4.26
4.26
4.25
4.25
4.25
4.25
4.25
4.26
4.26
4.25
4.25
4.25
4.25
4.25
4.24
4.24
4.24
4.24
4.24
4.23
4.23
4.23
4.22
4.22
4.22
4.21
4.21
4.21
4.21
4.20
4.20
4.21
4.21
4.20
4.20
4.21
4.21
4.21
4.20
4.20
4.20
4.20
4.21
4.21
4.21
4.20
4.20
4.20
4.21
4.21
4.22
4.21
4.21
4.21
4.21
4.21
4.21
4.21
4.21
4.20
4.21
4.20
4.20
4.20
4.20
4.20
4.20
4.20
4.20
4.20
4.21
4.22
4.21
4.21
4.21
4.21
4.21
4.20
4.20
4.20
4.20
4.20
4.21
4.21
4.21
4.20
4.20
4.21
4.20
4.20
4.20
4.20
4.19
4.19
4.19
4.20
4.19
4.19
4.19
4.20
4.20
4.20
4.20
4.21
4.20
4.21
4.20
4.20
4.21
4.21
4.21
4.20
4.20
4.20
4.20
4.20
4.20
4.19
