1.56
1.56
1.56
2.34
3.12
2.86
2.90
2.93
3.12
2.97
2.70
2.60
2.64
2.57
2.40
2.73
2.85
3.21
3.12
3.20
3.50
3.41
3.60
3.45
3.56
3.49
3.47
3.40
3.45
3.39
3.33
3.37
3.31
3.35
3.26
3.34
3.42
3.54
3.53
3.59
3.51
3.53
3.52
3.55
3.58
3.57
3.59
3.58
3.51
3.53
3.55
3.58
3.60
3.62
3.55
3.60
3.59
3.53
3.55
3.52
3.53
3.48
3.50
3.49
3.46
3.46
3.57
3.61
3.58
3.55
3.59
3.56
3.57
3.59
3.56
3.56
3.57
3.57
3.52
3.52
3.53
3.51
3.48
3.52
3.51
3.52
3.48
3.50
3.55
3.52
3.54
3.58
3.56
3.56
3.54
3.55
3.53
3.51
3.52
3.48
3.48
3.49
3.50
3.56
3.54
3.52
3.52
3.49
3.53
3.49
3.49
3.47
3.48
3.48
3.48
3.48
3.47
3.48
3.49
3.53
3.53
3.53
3.53
3.53
3.56
3.56
3.60
3.58
3.56
3.59
3.58
3.56
3.57
3.58
3.55
3.53
3.52
3.52
3.52
3.55
3.55
3.55
3.56
3.54
3.57
3.55
3.53
3.52
3.50
3.52
3.51
3.52
3.50
3.51
3.51
3.52
3.52
3.52
3.52
3.53
3.51
3.50
3.50
3.48
3.46
3.45
3.43
3.46
3.49
3.52
3.52
3.52
3.51
3.52
3.52
3.52
3.50
3.48
3.46
3.44
3.43
3.43
3.44
3.42
3.41
3.45
3.44
3.42
3.42
3.40
3.40
3.41
3.40
3.40
3.41
3.40
3.40
3.39
3.40
3.41
3.44
3.44
3.44
3.44
3.42
3.42
3.43
3.44
3.44
3.42
3.42
3.42
3.43
3.44
3.43
3.41
3.41
3.41
3.40
3.39
3.39
3.41
3.43
3.44
3.44
3.44
3.45
3.46
3.45
3.44
3.46
3.46
3.45
3.44
3.42
3.41
3.40
3.39
3.40
3.40
3.40
3.40
3.40
3.40
3.39
3.39
3.38
3.38
3.38
3.37
3.37
3.36
3.37
3.36
3.36
3.36
3.37
3.37
3.36
3.37
3.38
3.39
3.40
3.41
3.40
3.41
3.41
3.43
3.43
3.44
3.44
3.42
3.42
3.42
3.42
3.43
3.43
3.43
3.43
3.43
3.43
3.44
3.43
3.44
3.44
3.44
3.44
3.43
3.45
3.46
3.47
3.47
3.46
3.45
3.45
3.45
3.44
3.45
3.44
3.44
3.44
3.43
3.42
3.42
3.42
3.43
3.44
3.46
3.46
3.46
3.48
3.48
3.48
3.47
3.48
3.48
3.49
3.49
3.50
3.50
3.50
3.49
3.50
3.50
3.50
3.50
3.50
3.51
3.50
3.50
3.51
3.51
3.52
3.53
3.54
3.53
3.53
3.52
3.54
3.53
3.53
3.52
3.52
3.52
3.51
3.53
3.54
3.53
3.55
3.55
3.56
3.56
3.56
3.57
3.56
3.56
3.56
3.55
3.55
3.56
3.56
3.56
3.56
3.55
3.56
3.56
3.56
3.57
3.56
3.56
3.55
3.55
3.54
3.55
3.54
3.54
3.55
3.55
3.55
3.55
3.55
3.54
3.55
3.54
3.54
3.54
3.54
3.54
3.54
3.55
3.54
3.54
3.54
3.54
3.54
3.54
3.53
3.53
3.54
3.53
3.53
3.53
3.53
3.53
3.53
3.53
3.53
3.54
3.53
3.53
3.54
3.53
3.54
3.54
3.54
3.54
3.54
3.54
3.55
3.56
3.56
3.55
3.55
3.55
3.55
3.55
3.56
3.56
3.56
3.55
3.55
3.55
3.55
3.54
3.55
3.54
3.54
3.54
3.54
3.54
3.55
3.54
3.54
3.54
3.55
3.54
3.54
3.54
3.53
3.53
3.53
3.53
3.53
3.52
3.52
3.52
3.51
3.52
3.51
3.51
3.51
3.51
3.51
3.51
3.51
3.50
3.50
