3.12
16.41
26.04
28.12
29.69
31.51
33.26
29.10
31.08
32.03
31.96
32.81
33.53
33.82
31.67
31.84
32.54
33.42
33.47
33.36
33.93
34.73
34.78
35.16
35.25
34.74
35.07
35.21
35.99
36.20
36.39
36.52
36.51
36.67
35.62
35.81
35.98
36.02
36.22
36.45
36.70
35.83
36.08
36.19
35.42
34.75
34.08
34.18
34.41
34.59
34.65
34.71
34.67
34.87
35.00
35.07
35.20
35.37
35.49
35.60
35.66
35.13
35.37
35.25
35.43
34.92
34.47
34.44
34.47
33.97
34.07
34.14
34.20
34.21
34.50
34.09
34.21
34.19
33.76
33.91
34.05
33.69
33.83
33.43
33.07
33.18
33.19
33.35
33.02
32.67
32.86
32.97
32.64
32.76
32.50
32.60
32.65
32.33
32.43
32.53
32.27
32.43
32.52
32.23
31.92
31.96
32.07
32.06
31.82
31.55
31.62
31.64
31.75
31.48
31.67
31.79
31.56
31.67
31.45
31.47
31.22
31.25
31.02
31.10
31.21
31.27
31.04
30.82
30.86
30.84
30.96
31.03
31.06
31.19
30.97
31.02
31.07
31.14
31.14
30.92
31.07
30.86
31.03
31.11
31.27
31.30
31.31
31.35
31.41
31.48
31.29
31.36
31.42
31.48
31.49
31.58
31.63
31.68
31.51
31.58
31.42
31.26
31.07
31.11
31.17
31.25
31.28
31.29
31.30
31.39
31.49
31.31
31.45
31.48
31.62
31.77
31.60
31.63
31.46
31.30
31.16
31.25
31.30
31.34
31.41
31.26
31.33
31.32
31.39
31.46
31.35
31.20
31.28
31.31
31.39
31.27
31.11
30.95
31.01
31.03
31.05
31.08
31.15
31.18
31.25
31.28
31.33
31.23
31.09
31.17
31.03
31.11
30.97
30.83
30.85
30.71
30.58
30.67
30.80
30.77
30.64
30.50
30.40
30.47
30.33
30.38
30.25
30.32
30.20
30.23
30.24
30.30
30.34
30.23
30.30
30.19
30.08
30.14
30.21
30.24
30.27
30.32
30.37
30.28
30.17
30.21
30.10
29.99
29.87
29.89
29.98
29.89
29.92
29.94
30.02
30.04
30.06
30.14
30.03
30.07
30.12
30.16
30.19
30.24
30.26
30.33
30.40
30.46
30.51
30.53
30.43
30.46
30.53
30.62
30.60
30.64
30.67
30.58
30.64
30.69
30.73
30.80
30.84
30.88
30.78
30.82
30.89
30.94
30.85
30.88
30.78
30.81
30.87
30.90
30.95
31.02
31.05
31.08
30.98
30.88
30.90
30.93
30.84
30.90
30.92
30.95
30.87
30.90
30.95
30.98
31.01
31.06
31.10
31.00
31.04
31.11
31.02
31.08
30.99
31.05
31.08
31.12
31.03
31.11
31.03
31.03
31.04
30.95
30.95
30.86
30.91
30.82
30.86
30.79
30.84
30.88
30.80
30.71
30.64
30.68
30.59
30.64
30.67
30.69
30.61
30.64
30.67
30.59
30.64
30.56
30.60
30.51
30.52
30.53
30.56
30.58
30.50
30.51
30.54
30.59
30.62
30.54
30.58
30.50
30.51
30.43
30.45
30.49
30.52
30.52
30.55
30.57
30.60
30.64
30.56
30.61
30.63
30.65
30.66
30.69
30.72
30.64
30.66
30.68
30.71
30.76
30.68
30.69
30.74
30.75
30.76
30.69
30.73
30.72
30.74
30.75
30.79
30.81
30.85
30.91
30.94
30.98
31.02
31.06
31.08
31.10
31.13
31.14
31.16
31.18
31.22
31.15
31.19
31.23
31.28
31.28
31.31
31.32
31.25
31.28
31.28
31.22
31.23
31.25
31.19
31.23
31.29
31.33
31.37
31.41
31.43
31.46
31.50
31.54
31.58
31.61
31.60
31.63
31.65
31.59
31.61
31.62
31.63
31.65
31.69
31.72
31.74
31.77
31.71
31.75
31.76
31.79
31.82
31.84
31.85
31.86
31.88
31.81
31.75
31.69
31.62
31.63
31.67
31.61
31.54
31.56
31.50
31.45
31.47
31.50
31.53
31.56
31.50
31.53
31.56
31.59
31.59
31.62
31.63
31.67
31.68
31.72
31.65
31.70
31.73
31.75
31.70
31.71
31.74
31.77
31.71
31.69
31.63
31.57
31.61
31.62
31.62
31.64
31.67
31.60
31.55
31.58
31.59
31.62
31.63
31.67
31.60
31.62
31.63
31.65
31.69
31.72
31.71
31.73
31.67
31.68
31.62
31.65
31.58
31.60
31.62
31.62
31.56
31.59
31.61
31.62
31.56
31.58
31.53
31.55
31.57
31.53
31.47
31.42
31.46
31.47
31.50
31.50
31.45
31.48
31.43
31.45
31.48
31.53
31.54
31.56
31.57
31.52
31.53
31.57
31.51
31.53
31.48
31.51
31.53
31.54
31.55
31.56
31.58
31.59
31.61
31.64
31.67
31.62
31.65
31.60
31.54
31.57
31.52
31.54
31.56
31.58
31.52
31.54
31.53
31.55
31.57
31.57
31.60
31.62
31.63
31.63
31.64
31.67
31.69
31.70
31.69
31.71
31.71
31.73
31.74
31.78
31.77
31.79
31.82
31.84
31.79
31.80
31.83
31.85
31.79
31.75
31.77
31.72
31.72
31.73
31.75
31.70
31.72
31.75
31.75
31.76
31.77
31.79
31.74
31.75
31.78
31.78
31.73
31.73
31.76
31.71
31.75
31.70
31.73
31.74
31.70
31.70
31.72
31.73
31.74
31.75
31.77
31.73
31.75
31.77
31.78
31.81
31.85
31.80
31.81
31.76
31.71
31.72
31.68
31.69
31.68
31.64
31.66
31.68
31.71
31.71
31.73
31.74
31.70
31.65
31.68
31.70
31.73
31.68
31.71
31.67
31.62
31.58
31.59
31.55
31.58
31.54
31.57
31.53
31.54
31.55
31.50
31.53
31.53
31.55
31.55
31.57
31.58
31.59
31.55
31.57
31.58
31.58
31.58
31.58
31.61
31.62
31.58
31.60
31.60
31.63
31.64
31.64
31.64
31.66
31.67
31.63
31.65
31.68
31.64
31.66
31.65
31.67
31.63
31.65
31.67
31.66
31.67
31.69
31.65
31.61
31.57
31.60
31.60
31.63
31.64
31.60
31.61
31.57
31.59
31.54
31.57
31.58
31.54
31.57
31.56
31.57
31.59
31.61
31.62
31.63
31.59
31.60
31.62
31.63
31.64
31.65
31.65
31.67
31.62
31.63
31.59
31.56
31.52
31.52
31.54
31.50
31.51
31.47
31.47
31.48
31.50
31.50
31.52
31.53
31.53
31.55
31.55
31.57
31.59
31.55
31.56
31.57
31.57
31.59
31.55
31.56
31.56
31.56
31.52
31.48
31.50
31.51
31.48
31.44
31.40
31.40
31.41
31.42
31.43
31.39
