14.06
16.41
16.15
16.02
15.62
15.62
15.18
14.26
14.24
13.91
13.92
13.67
14.30
14.06
14.06
14.26
13.88
13.45
13.40
13.36
13.32
13.28
13.45
13.61
13.31
13.52
13.14
13.11
12.98
12.86
12.95
13.04
13.02
12.91
13.04
12.80
12.75
12.62
14.18
15.86
15.78
15.74
15.66
15.45
15.24
15.18
15.06
14.94
14.92
14.78
14.92
14.81
14.74
14.73
14.63
14.54
14.36
14.30
14.19
14.22
14.34
15.42
15.28
15.23
15.17
15.25
15.11
15.14
15.19
15.13
15.07
15.06
14.96
14.99
14.98
15.03
14.98
14.94
15.03
15.02
14.95
14.84
14.82
14.96
15.00
14.99
14.94
14.84
14.85
14.81
14.75
14.67
14.70
14.63
14.62
14.55
14.55
14.60
14.52
14.50
14.45
14.46
14.47
14.45
14.40
14.40
14.40
14.38
14.45
14.45
14.39
14.30
14.28
14.28
14.31
14.29
14.28
14.27
14.23
14.17
14.15
14.15
14.13
14.18
14.15
14.07
14.07
14.11
14.17
14.68
14.75
14.73
14.72
14.69
14.61
14.64
14.63
14.67
14.66
14.64
14.63
14.68
14.67
14.68
14.67
14.65
14.62
14.59
14.56
14.54
14.49
14.48
14.50
14.49
14.48
14.47
14.45
14.83
14.81
14.75
14.73
14.79
14.77
14.78
14.74
14.77
14.78
14.76
14.76
14.77
14.76
14.76
14.72
14.73
14.71
14.66
14.72
14.69
14.70
14.69
14.68
14.66
14.66
14.66
14.64
14.64
14.58
14.61
14.62
14.63
14.64
14.62
14.57
14.57
14.54
14.51
14.46
14.47
14.49
14.48
14.51
14.48
14.47
14.49
14.46
14.44
14.41
14.39
14.38
14.36
14.39
14.40
14.41
14.74
14.75
14.74
15.03
15.02
15.05
15.04
15.03
15.32
15.30
15.28
15.27
15.23
15.20
15.18
15.17
15.12
15.09
15.09
15.06
15.08
15.05
15.06
15.08
15.02
15.02
15.05
15.08
15.10
15.06
15.09
15.11
15.11
15.08
15.06
15.06
15.04
15.02
15.02
15.01
15.00
15.04
15.03
15.05
15.02
15.03
15.01
15.01
15.00
14.99
14.99
14.97
14.97
14.98
14.98
15.21
15.21
15.22
15.23
15.22
15.21
15.19
15.17
15.16
15.16
15.17
15.39
15.40
15.40
15.40
15.40
15.37
15.35
15.36
15.34
15.33
15.32
15.31
15.29
15.28
15.29
15.28
15.26
15.27
15.24
15.22
15.22
15.20
15.20
15.17
15.16
15.15
15.16
15.16
15.14
15.14
15.16
15.16
15.13
15.14
15.13
15.12
15.10
15.12
15.11
15.09
15.08
15.07
15.06
15.05
15.04
15.25
15.25
15.23
15.23
15.23
15.19
15.20
15.21
15.20
15.19
15.18
15.17
15.16
15.15
15.15
15.15
15.16
15.13
15.14
15.14
15.14
15.31
15.30
15.29
15.31
15.32
15.32
15.31
15.30
15.29
15.28
15.26
15.25
15.27
15.27
15.27
15.27
15.26
15.26
15.26
15.27
15.26
15.24
15.22
15.21
15.21
15.20
15.19
15.19
15.17
15.15
15.13
15.14
15.14
15.13
15.12
15.10
15.09
15.11
15.10
15.11
15.11
15.12
15.14
15.13
15.13
15.28
15.29
15.28
15.27
15.25
15.39
15.41
15.40
15.37
15.36
15.37
15.38
15.38
15.35
15.34
15.33
15.33
15.31
15.32
15.32
15.31
15.29
15.27
15.26
15.26
15.25
15.25
15.24
15.24
15.25
15.25
15.40
15.40
15.40
15.38
15.53
15.53
15.52
15.52
15.52
15.51
15.49
15.49
15.49
15.49
15.48
15.47
15.47
15.45
15.44
15.44
15.44
15.44
15.43
15.41
15.40
15.39
15.40
15.38
15.38
15.36
15.37
15.37
15.37
15.35
15.35
15.48
15.48
15.49
15.49
15.47
15.47
15.61
15.61
15.59
15.56
15.56
15.56
15.69
15.68
15.67
15.65
15.65
15.64
15.63
15.63
15.61
15.60
15.61
15.61
15.61
15.62
15.60
15.61
15.62
15.62
15.75
15.74
15.72
15.71
15.70
15.70
15.69
15.70
15.70
15.70
15.69
15.68
15.67
15.66
15.65
15.64
15.63
15.62
15.60
15.60
15.60
15.60
15.59
15.58
15.58
15.57
15.56
15.56
15.55
15.54
15.54
15.51
15.51
15.50
15.48
15.48
15.48
15.47
15.46
15.45
15.44
15.56
15.55
15.56
15.55
15.54
15.53
15.54
15.66
15.66
15.65
15.78
15.78
15.76
15.76
15.77
15.77
15.76
15.76
15.75
15.74
15.73
15.72
15.70
15.69
15.68
15.66
15.65
15.65
15.64
15.64
15.64
15.64
15.64
15.64
15.65
15.65
15.65
15.66
15.66
15.65
15.65
15.63
15.63
15.64
15.63
15.62
15.62
15.62
15.62
15.60
15.60
15.59
15.57
15.56
15.56
15.56
15.55
15.55
15.56
15.55
15.54
15.54
15.54
15.52
15.52
15.51
15.50
15.50
15.49
15.48
15.47
15.47
15.47
15.47
15.46
15.45
15.45
15.45
15.44
15.43
15.43
15.44
15.44
15.43
15.43
15.45
15.45
15.45
15.46
15.47
15.46
15.44
15.44
15.45
15.44
15.43
15.44
15.44
15.44
15.43
15.42
15.43
15.43
15.42
15.42
15.43
15.53
15.52
15.51
15.50
15.48
15.48
15.49
15.49
15.48
15.47
15.46
15.46
15.45
15.46
15.45
15.44
15.44
15.43
15.42
15.42
15.42
15.41
15.39
15.38
15.37
15.36
15.36
15.35
15.35
15.43
15.43
15.43
15.42
15.41
15.40
15.40
15.40
15.41
15.40
15.39
15.38
15.38
15.39
15.38
15.38
15.38
15.37
15.38
15.38
15.39
15.41
15.40
15.39
15.39
15.39
15.38
15.37
15.36
15.35
15.35
15.35
15.35
15.35
15.34
15.34
15.44
15.44
15.44
15.44
15.43
15.44
15.44
15.43
15.43
15.42
15.41
15.40
15.41
15.40
15.41
15.41
15.41
15.41
15.40
15.40
15.49
15.49
15.50
15.48
15.47
15.48
15.47
15.46
15.48
15.48
15.48
15.48
15.47
15.48
15.47
15.46
15.45
15.44
15.43
15.44
15.43
15.44
15.43
15.42
15.41
15.41
15.41
15.41
15.42
15.42
15.41
15.51
15.50
15.49
15.49
15.49
15.49
15.49
15.49
15.49
15.49
15.49
15.48
15.50
15.49
15.49
15.49
15.49
15.50
15.50
15.49
15.48
15.56
15.55
15.55
15.55
15.54
15.53
15.52
15.52
15.52
15.52
15.52
15.50
