43.75
36.72
33.85
35.94
38.75
41.93
42.41
42.58
41.84
41.56
42.05
42.32
43.15
43.30
43.65
43.55
43.57
44.44
44.33
44.77
45.16
45.03
45.31
45.18
45.19
44.83
45.02
44.75
44.56
44.64
44.66
44.87
44.60
44.35
44.24
44.49
44.38
44.45
44.63
44.57
44.44
44.46
44.26
44.64
44.48
44.19
44.15
44.21
44.16
44.31
44.39
44.47
44.46
44.44
44.57
44.67
44.52
44.53
44.76
44.71
44.88
44.83
44.82
44.68
44.62
44.60
44.61
44.58
44.68
44.62
44.67
44.55
44.50
44.45
44.52
44.59
44.52
44.53
44.46
44.32
44.37
44.32
44.43
44.48
44.63
44.60
44.63
44.50
44.58
44.51
44.45
44.55
44.49
44.55
44.54
44.48
44.39
44.37
44.40
44.38
44.38
44.39
44.34
44.29
44.39
44.40
44.41
44.43
44.32
44.35
44.33
44.38
44.44
44.42
44.42
44.46
44.48
44.44
44.38
44.49
44.51
44.61
44.55
44.54
44.55
44.53
44.40
44.40
44.37
44.41
44.42
44.46
44.47
44.47
44.46
44.50
44.53
44.62
44.63
44.60
44.58
44.49
44.55
44.59
44.58
44.50
44.49
44.45
44.45
44.50
44.39
44.39
44.35
44.30
44.33
44.30
44.34
44.29
44.23
44.24
44.27
44.23
44.30
44.36
44.35
44.40
44.34
44.34
44.33
44.32
44.33
44.32
44.30
44.28
44.28
44.28
44.28
44.32
44.38
44.37
44.32
44.33
44.33
44.34
44.27
44.31
44.28
44.27
44.24
44.29
44.36
44.35
44.38
44.41
44.39
44.40
44.43
44.45
44.46
44.43
44.42
44.41
44.37
44.38
44.42
44.42
44.46
44.47
44.42
44.37
44.36
44.38
44.38
44.31
44.30
44.29
44.32
44.31
44.34
44.35
44.34
44.33
44.30
44.32
44.31
44.32
44.29
44.28
44.25
44.21
44.21
44.19
44.20
44.24
44.23
44.21
44.21
44.21
44.14
44.10
44.09
44.09
44.10
44.10
44.09
44.07
44.07
44.09
44.06
44.05
44.06
44.05
44.00
44.03
44.01
44.03
44.03
44.08
44.11
44.14
44.18
44.13
44.14
44.12
44.12
44.12
44.17
44.16
44.14
44.14
44.15
44.15
44.16
44.16
44.17
44.20
44.22
44.24
44.26
44.25
44.23
44.25
44.22
44.20
44.16
44.15
44.17
44.20
44.19
44.19
44.20
44.19
44.24
44.21
44.19
44.20
44.20
44.21
44.21
44.21
44.23
44.24
44.21
44.21
44.19
44.21
44.23
44.20
44.21
44.20
44.22
44.21
44.18
44.18
44.22
44.22
44.23
44.24
44.23
44.22
44.22
44.23
44.23
44.22
44.24
44.24
44.24
44.25
44.25
44.26
44.26
44.28
44.29
44.30
44.26
44.26
44.26
44.26
44.19
44.18
44.18
44.17
44.15
44.17
44.16
44.16
44.20
44.16
44.14
44.13
44.16
44.13
44.14
44.13
44.14
44.15
44.12
44.09
44.08
44.06
44.08
44.07
44.08
44.06
44.09
44.10
44.09
44.07
44.08
44.10
44.09
44.09
44.11
44.10
44.08
44.12
44.12
44.11
44.13
44.13
44.12
44.10
44.09
44.11
44.15
44.18
44.18
44.15
44.19
44.21
44.25
44.24
44.23
44.25
44.25
44.27
44.25
44.26
44.24
44.24
44.25
44.27
44.25
44.24
44.24
44.23
44.21
44.22
44.24
44.25
44.25
44.25
44.24
44.24
44.22
44.23
44.24
44.22
44.23
44.24
44.23
44.23
44.23
44.24
44.24
44.25
44.25
44.25
44.26
44.24
44.25
44.22
44.23
44.25
44.27
44.28
44.29
44.31
44.32
44.29
44.29
44.29
44.28
44.30
44.29
44.29
44.30
44.33
44.33
44.33
44.34
44.36
44.36
44.33
44.33
44.33
44.32
44.31
44.29
44.30
44.30
44.28
44.27
44.26
44.26
44.26
44.26
44.26
44.25
44.26
44.26
44.23
44.25
44.26
44.27
44.26
44.25
44.26
44.26
44.26
44.28
44.28
44.28
44.28
44.26
44.26
44.26
44.28
44.29
44.28
44.26
44.27
44.25
44.24
44.21
44.21
44.23
44.24
44.25
44.25
44.29
44.29
44.29
44.28
44.28
44.27
44.28
44.30
44.30
44.29
44.28
44.29
44.31
44.31
44.32
44.33
44.32
44.34
44.35
44.34
44.35
44.35
44.33
44.31
44.30
44.30
44.30
44.32
44.32
44.34
44.32
44.32
44.32
44.33
44.33
44.34
44.35
44.35
44.36
44.36
44.37
44.38
44.37
44.38
44.38
44.36
44.35
44.37
44.37
44.38
44.40
44.40
44.40
44.39
44.40
44.40
44.38
44.36
44.37
44.38
