18.75
26.56
23.96
23.83
23.44
25.26
24.33
25.00
24.13
23.75
24.57
24.09
22.60
22.21
23.44
22.85
22.70
22.74
23.03
23.20
22.92
22.80
22.69
22.72
22.31
22.54
22.74
22.66
22.90
23.07
22.98
23.00
22.87
22.79
22.77
22.79
22.59
22.57
22.64
22.66
22.48
22.62
22.67
22.62
22.81
22.76
22.84
22.85
22.83
22.81
22.82
22.90
23.00
23.00
23.04
22.94
22.94
22.98
22.88
22.97
23.03
23.01
23.04
23.02
22.96
22.96
23.09
22.98
23.08
23.15
23.09
23.05
23.10
23.14
23.17
23.03
23.05
23.12
22.98
22.97
23.09
23.08
23.08
23.12
23.12
23.00
23.06
23.06
23.05
23.07
23.13
23.11
23.00
23.07
23.03
23.01
23.07
23.15
23.15
23.19
23.21
23.16
23.12
23.06
23.14
23.11
23.15
23.10
23.14
23.14
23.06
23.05
23.04
23.01
22.93
22.91
22.88
22.83
22.86
22.85
22.80
22.78
22.83
22.81
22.76
22.74
22.75
22.74
22.75
22.73
22.73
22.73
22.70
22.69
22.70
22.68
22.72
22.72
22.72
22.76
22.74
22.68
22.69
22.71
22.69
22.66
22.64
22.59
22.64
22.57
22.54
22.56
22.49
22.48
22.48
22.47
22.50
22.56
22.50
22.51
22.51
22.53
22.53
22.51
22.55
22.56
22.59
22.58
22.63
22.64
22.63
22.63
22.62
22.63
22.62
22.64
22.67
22.70
22.73
22.75
22.76
22.79
22.81
22.78
22.74
22.75
22.68
22.66
22.63
22.62
22.65
22.64
22.61
22.61
22.61
22.65
22.64
22.61
22.61
22.62
22.63
22.64
22.64
22.67
22.66
22.63
22.63
22.63
22.66
22.71
22.70
22.69
22.70
22.67
22.65
22.66
22.64
22.63
22.60
22.61
22.58
22.59
22.58
22.58
22.65
22.63
22.64
22.64
22.67
22.70
22.67
22.66
22.65
22.66
22.65
22.63
22.61
22.61
22.61
22.64
22.65
22.66
22.64
22.63
22.64
22.60
22.63
22.64
22.68
22.70
22.71
22.72
22.73
22.75
22.73
22.75
22.73
22.72
22.71
22.70
22.71
22.73
22.73
22.72
22.71
22.76
22.78
22.77
22.75
22.74
22.73
22.71
22.71
22.73
22.73
22.74
22.72
22.73
22.72
22.72
22.72
22.73
22.69
22.67
22.66
22.65
22.69
22.66
22.69
22.67
22.69
22.69
22.66
22.67
22.65
22.65
22.66
22.69
22.70
22.68
22.70
22.70
22.69
22.70
22.68
22.70
22.70
22.72
22.71
22.74
22.72
22.74
22.71
22.72
22.74
22.75
22.76
22.78
22.79
22.79
22.78
22.78
22.77
22.78
22.76
22.75
22.74
22.74
22.76
22.77
22.80
22.76
22.77
22.78
22.77
22.78
22.76
22.76
22.74
22.73
22.74
22.73
22.70
22.67
22.69
22.68
22.70
22.67
22.67
22.69
22.67
22.69
22.68
22.69
22.69
22.71
22.73
22.75
22.76
22.76
22.74
22.71
22.70
22.72
22.72
22.70
22.71
22.70
22.70
22.71
22.71
22.70
22.69
22.69
22.70
22.70
22.71
22.71
22.72
22.72
22.72
22.70
22.70
22.71
22.71
22.72
22.72
22.72
22.73
22.73
22.75
22.76
22.78
22.78
22.77
22.77
22.75
22.73
22.71
22.70
22.70
22.70
22.69
22.69
22.70
22.71
22.70
22.70
22.70
22.70
22.70
22.70
22.69
22.68
22.69
22.69
22.68
22.68
22.68
22.67
22.70
22.71
22.70
22.70
22.68
22.67
22.68
22.69
22.67
22.69
22.70
22.70
22.70
22.69
22.67
22.66
22.65
22.66
22.67
22.67
22.67
22.66
22.67
22.67
22.65
22.66
22.65
22.65
22.62
22.63
22.61
22.61
22.60
22.60
22.62
22.63
22.63
22.63
22.66
22.65
22.65
22.65
22.65
22.64
22.63
22.62
22.62
22.63
22.62
22.64
22.67
22.68
22.68
22.68
22.68
22.68
22.68
22.69
22.68
22.69
22.68
22.67
22.67
22.68
22.69
22.69
22.68
22.66
22.65
22.65
22.64
22.61
22.61
22.59
22.59
22.60
22.59
22.59
22.58
22.58
22.60
22.62
22.62
22.62
22.62
22.62
22.61
22.60
22.61
22.60
22.60
22.59
22.58
22.56
22.54
22.53
22.52
22.52
22.51
22.51
22.52
22.50
22.50
22.48
22.48
22.48
22.47
22.48
22.48
22.49
22.50
22.49
22.48
22.49
22.48
22.48
22.48
22.49
22.48
22.47
22.47
22.49
22.47
22.46
22.47
22.47
22.50
22.50
22.50
22.49
22.49
22.49
22.49
22.48
22.47
22.47
22.46
22.47
22.45
22.44
22.44
22.44
22.46
22.46
22.47
22.47
22.47
22.49
22.50
22.50
22.50
22.50
22.50
22.49
22.49
22.47
22.47
22.47
22.46
22.47
22.49
22.48
22.47
22.47
22.47
22.47
22.48
22.48
22.49
22.50
22.49
22.48
22.48
22.48
22.47
22.46
22.44
22.45
22.45
22.45
22.44
22.46
22.46
22.44
22.45
22.43
22.42
22.43
22.43
22.43
22.42
22.42
22.42
22.42
22.41
22.42
22.42
22.42
22.41
22.41
22.41
22.42
22.42
22.43
22.43
22.43
22.44
22.43
22.42
22.43
22.43
22.45
22.45
22.45
22.45
22.46
22.45
22.45
22.45
22.46
22.47
22.45
22.45
22.44
22.44
22.44
22.45
22.45
22.46
22.46
22.47
22.48
22.49
22.48
22.48
22.47
22.46
22.47
22.47
22.47
22.48
22.48
22.48
22.48
22.50
22.50
22.49
22.50
22.51
22.51
22.51
22.51
22.52
22.52
22.53
22.55
22.55
22.54
22.55
22.56
22.57
22.57
22.58
22.58
22.56
22.57
22.58
22.55
22.55
22.55
22.55
22.54
22.54
22.53
22.53
22.53
22.53
22.52
22.52
22.51
22.50
22.50
22.50
22.50
22.49
22.48
22.48
22.47
22.47
22.49
22.48
22.49
22.49
22.48
22.47
22.48
22.47
22.47
22.47
22.48
22.48
22.48
22.48
22.47
22.46
22.45
22.46
22.47
22.46
22.46
22.45
22.45
22.45
22.45
22.46
22.46
22.46
22.46
22.44
22.44
22.44
22.44
22.44
22.43
22.42
22.42
22.43
22.43
22.43
22.43
22.43
22.44
22.43
22.43
22.44
22.44
22.43
22.44
22.43
22.43
22.43
22.43
22.43
22.42
22.43
22.43
22.43
22.44
22.43
22.43
22.42
22.41
22.42
22.43
22.42
22.42
22.41
22.41
22.40
22.41
22.41
22.39
