57.81
64.06
65.10
65.62
65.94
65.89
65.40
63.48
61.98
62.66
62.50
62.24
62.50
62.28
62.29
62.40
62.41
62.85
62.75
62.97
62.80
62.50
62.23
62.24
62.06
62.08
62.44
62.39
62.28
62.50
62.30
62.45
62.41
62.18
62.41
62.54
62.75
62.87
63.14
63.20
63.30
63.24
63.12
62.96
62.64
62.50
62.33
62.14
62.15
62.09
62.16
62.20
62.29
62.38
62.39
62.42
62.45
62.45
62.55
62.55
62.53
62.50
62.60
62.62
62.50
62.52
62.55
62.64
62.64
62.75
62.72
62.72
62.76
62.67
62.79
62.69
62.64
62.72
62.70
62.73
62.75
62.69
62.56
62.61
62.65
62.66
62.82
62.75
62.62
62.64
62.65
62.62
62.63
62.65
62.62
62.65
62.56
62.64
62.63
62.64
62.59
62.71
62.77
62.89
62.89
62.81
62.89
62.88
62.92
62.80
62.81
62.89
62.91
62.88
62.89
62.80
62.78
62.76
62.76
62.86
62.89
62.88
62.86
62.89
62.89
62.92
62.94
62.95
62.97
62.99
63.01
63.12
63.13
63.11
63.03
63.04
63.13
63.12
63.07
63.08
63.01
62.97
63.00
63.01
63.02
63.06
63.14
63.10
63.05
63.09
63.08
63.06
63.09
63.05
63.04
63.05
63.07
63.05
63.09
63.08
63.06
62.99
62.98
62.95
63.01
63.06
63.12
63.13
63.13
63.08
63.01
63.05
63.06
63.07
63.03
63.00
63.01
62.97
62.95
62.95
62.99
63.03
63.06
63.09
63.04
63.01
63.01
63.02
63.01
63.03
63.01
63.02
63.02
62.98
62.98
62.94
62.94
62.97
62.93
62.98
62.98
63.01
62.98
62.94
62.95
62.95
62.93
62.95
62.95
62.97
63.00
62.96
62.96
62.97
63.00
62.98
62.98
62.99
63.01
63.00
63.01
62.96
62.96
62.99
62.97
62.93
62.96
62.99
63.00
63.00
62.97
62.93
62.91
62.90
62.90
62.92
62.92
62.90
62.90
62.92
62.95
62.91
62.91
62.90
62.91
62.93
62.96
62.97
62.96
62.93
62.94
62.93
62.92
62.91
62.91
62.88
62.88
62.88
62.90
62.92
62.94
62.89
62.90
62.90
62.89
62.93
62.93
62.95
62.94
62.92
62.88
62.93
62.90
62.93
62.96
62.92
62.91
62.88
62.86
62.87
62.85
62.85
62.86
62.84
62.83
62.84
62.84
62.86
62.86
62.87
62.88
62.89
62.91
62.89
62.91
62.92
62.93
62.94
62.96
62.93
62.96
62.96
62.95
62.96
62.99
62.99
63.04
63.04
63.04
63.06
63.08
63.09
63.09
63.09
63.08
63.08
63.10
63.07
63.09
63.09
63.04
63.04
63.03
63.02
63.01
63.00
63.03
63.04
63.02
62.98
62.95
62.93
62.93
62.96
63.00
63.02
63.04
63.05
63.04
63.06
63.02
63.01
63.03
63.03
62.99
62.97
62.98
62.98
62.98
62.98
62.95
62.96
63.00
63.02
63.01
63.00
62.96
62.96
62.94
62.96
62.98
62.98
63.00
62.98
62.98
63.00
62.99
63.00
63.02
63.02
63.04
63.04
63.02
63.02
63.02
63.02
63.03
63.05
63.05
63.07
63.09
63.11
63.16
63.16
63.19
63.19
63.19
63.19
63.17
63.17
63.16
63.15
63.18
63.19
63.20
63.21
63.21
63.24
63.22
63.20
63.18
63.17
63.16
63.17
63.18
63.17
63.16
63.15
63.16
63.15
63.15
63.13
63.12
63.12
63.10
63.07
63.06
63.05
63.06
63.05
63.05
63.04
63.03
63.03
63.02
63.03
63.04
63.04
63.03
63.02
63.01
63.01
63.01
62.98
63.01
63.01
63.00
63.00
62.99
63.00
62.97
62.97
62.98
62.98
62.97
62.98
62.97
62.97
62.97
63.01
63.01
63.01
63.01
63.04
63.04
63.03
63.05
63.08
63.07
63.08
63.07
63.07
63.06
63.06
63.05
63.05
63.05
63.05
63.07
63.04
63.06
63.05
63.03
63.04
63.05
63.05
63.06
63.08
63.06
63.06
63.06
63.06
63.03
63.05
63.03
63.04
63.03
63.02
63.02
63.02
63.01
63.00
63.01
63.03
63.04
63.05
63.04
63.04
63.04
63.05
63.05
63.04
63.03
63.04
63.02
63.04
63.05
63.06
63.06
63.06
63.07
63.07
63.08
63.07
63.07
63.08
63.08
63.09
63.10
63.09
63.10
63.07
63.05
63.02
63.04
63.03
63.02
63.02
63.02
63.00
63.00
62.99
62.98
63.00
62.98
62.99
62.97
62.96
62.96
62.96
62.96
62.98
62.98
62.98
62.98
62.99
62.99
62.99
62.99
62.99
63.00
62.99
63.00
63.01
63.01
62.99
63.00
62.98
62.97
62.95
62.96
62.94
62.94
62.92
62.91
62.92
62.91
62.93
62.90
62.91
62.90
62.90
62.88
62.89
62.90
62.91
62.91
62.89
62.89
62.91
62.92
62.92
62.90
62.91
62.91
62.91
62.90
62.91
62.91
62.91
62.92
62.92
62.92
62.92
62.93
62.91
62.90
62.91
62.91
62.91
62.89
62.91
62.91
62.91
62.90
62.91
62.92
62.91
62.93
62.92
62.93
62.93
62.93
62.94
62.96
62.96
62.97
62.98
62.98
62.98
63.00
63.01
63.02
63.03
63.03
63.02
63.00
63.01
63.01
63.00
63.00
62.99
62.98
63.01
63.01
63.01
63.00
63.00
63.01
63.01
63.02
63.02
63.03
63.03
63.05
63.05
63.05
63.06
63.06
63.06
63.05
63.06
63.07
63.08
63.09
63.09
63.09
63.10
63.11
63.11
63.11
63.11
63.11
63.11
63.11
63.11
63.11
63.12
63.12
63.13
63.15
63.14
63.12
63.12
63.13
63.12
63.13
63.12
63.13
63.13
63.12
63.12
63.10
63.11
63.12
63.12
63.12
63.11
63.11
63.12
63.14
63.15
63.14
63.14
63.15
63.16
63.18
63.17
63.17
63.17
63.18
63.16
63.16
63.17
63.17
63.16
63.15
63.16
63.15
63.16
63.16
63.16
63.18
63.19
63.20
63.22
63.22
63.23
63.23
63.23
63.22
63.21
63.22
63.22
63.23
63.23
63.23
63.22
63.22
63.22
63.21
63.22
63.21
63.21
63.22
63.21
63.20
63.20
63.20
63.19
63.20
63.19
63.19
63.18
63.17
63.15
63.15
63.15
63.16
63.14
63.15
63.15
63.13
63.14
63.14
63.13
63.13
63.12
63.12
63.12
63.14
63.14
63.15
63.14
63.14
63.15
63.14
63.12
63.13
63.13
63.14
63.14
63.14
63.14
63.15
63.14
63.14
63.15
63.15
63.17
63.17
63.10
