1.56
1.56
1.56
1.17
0.94
1.04
1.12
1.17
1.22
1.09
0.99
1.17
1.20
1.34
1.35
1.27
1.29
1.30
1.23
1.25
1.34
1.35
1.29
1.37
1.31
1.32
1.27
1.23
1.19
1.15
1.16
1.12
1.09
1.06
1.03
1.04
1.06
1.07
1.08
1.05
1.11
1.15
1.16
1.21
1.25
1.26
1.36
1.33
1.34
1.34
1.35
1.38
1.44
1.42
1.42
1.42
1.40
1.37
1.38
1.35
1.33
1.31
1.29
1.29
1.27
1.28
1.26
1.24
1.27
1.32
1.30
1.28
1.31
1.39
1.40
1.40
1.38
1.38
1.38
1.43
1.45
1.43
1.41
1.41
1.42
1.42
1.42
1.42
1.40
1.42
1.44
1.46
1.44
1.43
1.43
1.43
1.42
1.40
1.40
1.41
1.39
1.39
1.40
1.40
1.38
1.40
1.39
1.39
1.43
1.42
1.41
1.41
1.40
1.38
1.37
1.39
1.38
1.38
1.39
1.38
1.38
1.37
1.38
1.37
1.39
1.41
1.40
1.44
1.43
1.42
1.42
1.41
1.41
1.41
1.42
1.41
1.43
1.43
1.43
1.43
1.44
1.44
1.44
1.45
1.45
1.46
1.46
1.45
1.47
1.46
1.48
1.47
1.46
1.45
1.46
1.45
1.46
1.46
1.45
1.46
1.46
1.47
1.48
1.47
1.47
1.46
1.45
1.44
1.43
1.42
1.42
1.42
1.42
1.41
1.40
1.40
1.41
1.41
1.41
1.41
1.41
1.40
1.42
1.41
1.40
1.40
1.40
1.40
1.41
1.42
1.42
1.42
1.46
1.45
1.44
1.43
1.43
1.42
1.42
1.42
1.43
1.43
1.42
1.42
1.43
1.43
1.43
1.42
1.42
1.42
1.45
1.45
1.45
1.44
1.45
1.45
1.45
1.45
1.45
1.46
1.46
1.46
1.46
1.46
1.47
1.46
1.46
1.45
1.45
1.45
1.45
1.46
1.47
1.46
1.46
1.46
1.46
1.46
1.46
1.45
1.45
1.45
1.45
1.44
1.44
1.44
1.43
1.42
1.42
1.42
1.42
1.43
1.43
1.43
1.42
1.42
1.42
1.42
1.42
1.42
1.43
1.44
1.43
1.43
1.43
1.43
1.43
1.43
1.44
1.44
1.44
1.44
1.45
1.45
1.46
1.46
1.46
1.46
1.47
1.47
1.47
1.47
1.47
1.47
1.47
1.48
1.47
1.48
1.49
1.49
1.49
1.49
1.49
1.48
1.48
1.48
1.47
1.48
1.48
1.50
1.50
1.50
1.50
1.49
1.50
1.50
1.49
1.49
1.49
1.50
1.50
1.49
1.49
1.49
1.49
1.49
1.49
1.49
1.49
1.48
1.48
1.48
1.48
1.49
1.49
1.49
1.48
1.48
1.49
1.49
1.48
1.49
1.49
1.48
1.49
1.48
1.48
1.48
1.48
1.48
1.48
1.48
1.49
1.49
1.49
1.48
1.48
1.49
1.48
1.48
1.48
1.48
1.48
1.48
1.48
1.49
1.48
1.48
1.48
1.47
1.47
1.47
1.47
1.46
1.46
1.46
1.46
1.45
1.45
1.45
1.44
1.44
1.45
1.45
1.45
1.45
1.45
1.44
1.45
1.46
1.46
1.45
1.45
1.45
1.45
1.45
1.45
1.44
1.44
1.43
1.43
1.43
1.44
1.43
1.43
1.44
1.43
1.43
1.43
1.43
1.44
1.45
1.45
1.45
1.45
1.45
1.45
1.45
1.46
1.45
1.45
1.45
1.45
1.45
1.45
1.45
1.44
1.44
1.44
1.44
1.44
1.44
1.44
1.45
1.44
1.45
1.44
1.44
1.44
1.44
1.44
1.44
1.44
1.44
1.44
1.43
1.44
1.44
1.44
1.45
1.44
1.44
1.44
1.44
1.44
1.44
1.43
1.43
1.44
1.44
1.44
1.44
1.43
1.43
1.43
1.43
1.43
1.43
1.43
1.43
1.43
1.43
1.43
1.43
1.43
1.44
1.44
1.43
1.43
1.44
1.45
1.45
1.44
1.44
1.44
1.44
1.43
1.43
1.43
1.43
1.43
1.43
1.43
1.43
1.43
1.43
1.43
1.43
1.43
1.44
1.44
1.44
1.44
1.44
1.45
1.45
1.45
1.46
1.46
1.46
1.46
1.46
1.46
1.46
1.46
1.46
1.46
1.46
1.46
1.45
1.45
1.46
1.46
1.45
1.45
1.45
1.45
1.45
1.45
1.44
1.45
1.45
1.45
1.46
1.46
1.46
1.45
1.45
1.45
1.45
1.45
1.45
1.45
1.45
1.45
1.45
1.45
1.45
1.45
1.45
1.45
1.45
1.46
1.46
1.46
1.46
1.46
1.46
1.46
1.46
1.46
1.46
1.46
1.46
1.46
1.46
1.46
1.46
1.46
1.46
1.47
1.47
1.47
1.47
1.47
1.47
1.47
1.47
1.47
1.47
1.47
1.47
1.47
1.46
1.46
1.46
1.47
1.47
1.47
1.47
1.47
1.47
1.47
1.47
1.47
1.47
1.47
1.47
1.48
1.48
1.48
1.47
1.47
1.47
1.47
1.47
1.47
1.47
1.47
1.48
1.47
1.47
1.47
1.47
1.47
1.47
1.47
1.47
1.47
1.48
1.48
1.47
1.47
1.47
1.47
1.46
1.46
1.46
1.46
1.46
1.46
1.46
1.45
1.45
1.45
1.45
1.45
1.45
1.45
1.45
1.45
1.45
1.45
1.45
1.45
1.45
1.45
1.45
1.45
1.45
1.45
1.45
1.45
1.46
1.46
1.46
1.46
1.46
1.46
1.46
1.46
1.46
1.46
1.46
1.46
1.46
1.46
1.46
1.46
1.46
1.46
1.46
1.46
1.46
1.46
1.46
1.46
1.46
1.46
1.46
1.46
1.46
1.46
1.45
1.46
1.46
1.46
1.46
1.46
1.46
1.47
1.47
1.47
1.47
1.47
1.47
1.47
1.47
1.47
1.47
1.47
1.47
1.46
1.47
1.46
1.46
1.46
1.46
1.46
1.46
1.46
1.46
1.46
1.46
1.45
1.45
1.45
1.45
1.45
1.45
1.45
1.45
1.45
1.45
1.46
1.46
1.46
1.46
1.46
1.46
1.46
1.46
1.47
1.47
1.47
1.47
1.46
1.47
1.47
1.47
1.47
1.47
1.48
1.48
1.48
1.47
1.47
1.47
1.47
1.47
1.47
1.48
1.48
1.48
1.48
1.48
1.48
1.47
1.47
1.47
1.48
1.48
1.48
1.48
1.48
1.48
1.47
1.47
1.47
1.47
1.47
1.47
1.47
1.48
1.47
1.47
1.47
1.48
1.48
1.48
1.48
1.48
1.48
1.48
1.48
1.48
1.48
1.48
1.48
1.49
1.49
1.49
