0.00
2.34
1.56
1.17
0.94
0.78
0.89
0.78
0.69
0.62
0.57
0.52
0.48
0.45
0.42
0.49
0.64
0.69
0.74
0.70
0.67
0.64
0.68
0.65
0.62
0.60
0.58
0.56
0.59
0.57
0.55
0.54
0.52
0.55
0.54
0.56
0.55
0.58
0.56
0.55
0.57
0.56
0.55
0.53
0.56
0.54
0.53
0.52
0.54
0.53
0.55
0.54
0.56
0.55
0.54
0.56
0.55
0.57
0.56
0.57
0.56
0.55
0.55
0.54
0.53
0.52
0.54
0.53
0.52
0.54
0.55
0.54
0.54
0.53
0.52
0.51
0.51
0.50
0.49
0.51
0.50
0.50
0.49
0.48
0.48
0.47
0.47
0.48
0.47
0.47
0.46
0.46
0.47
0.47
0.48
0.47
0.47
0.48
0.47
0.47
0.46
0.46
0.46
0.45
0.45
0.44
0.44
0.43
0.44
0.44
0.44
0.43
0.43
0.42
0.42
0.42
0.43
0.42
0.43
0.43
0.45
0.45
0.44
0.44
0.44
0.45
0.46
0.45
0.46
0.46
0.45
0.46
0.46
0.45
0.45
0.47
0.47
0.46
0.46
0.46
0.45
0.45
0.45
0.44
0.44
0.45
0.45
0.44
0.44
0.44
0.44
0.44
0.44
0.44
0.43
0.43
0.43
0.44
0.44
0.45
0.45
0.44
0.44
0.45
0.45
0.44
0.44
0.45
0.45
0.46
0.47
0.46
0.46
0.46
0.46
0.46
0.46
0.46
0.45
0.45
0.46
0.46
0.46
0.47
0.46
0.46
0.46
0.46
0.45
0.45
0.45
0.46
0.45
0.45
0.45
0.45
0.47
0.47
0.46
0.46
0.46
0.46
0.46
0.46
0.46
0.46
0.45
0.45
0.45
0.45
0.45
0.45
0.45
0.45
0.46
0.46
0.45
0.45
0.45
0.45
0.45
0.45
0.45
0.45
0.44
0.44
0.44
0.45
0.44
0.44
0.44
0.44
0.44
0.44
0.46
0.46
0.46
0.46
0.46
0.46
0.46
0.46
0.47
0.47
0.47
0.47
0.47
0.47
0.47
0.47
0.47
0.47
0.47
0.47
0.47
0.46
0.46
0.46
0.46
0.46
0.46
0.46
0.46
0.46
0.46
0.46
0.46
0.45
0.46
0.46
0.46
0.45
0.46
0.46
0.47
0.47
0.47
0.47
0.47
0.47
0.47
0.48
0.48
0.48
0.48
0.48
0.47
0.47
0.48
0.48
0.48
0.48
0.47
0.48
0.48
0.48
0.47
0.47
0.47
0.47
0.47
0.48
0.48
0.48
0.48
0.49
0.48
0.48
0.48
0.48
0.48
0.48
0.47
0.47
0.48
0.47
0.47
0.48
0.48
0.47
0.48
0.48
0.47
0.48
0.48
0.47
0.47
0.48
0.48
0.48
0.48
0.48
0.47
0.48
0.48
0.47
0.48
0.48
0.47
0.47
0.47
0.47
0.47
0.47
0.47
0.47
0.47
0.47
0.47
0.46
0.46
0.47
0.46
0.47
0.47
0.47
0.47
0.47
0.47
0.46
0.47
0.47
0.46
0.46
0.46
0.46
0.46
0.47
0.47
0.46
0.46
0.46
0.46
0.46
0.46
0.46
0.46
0.45
0.45
0.45
0.45
0.45
0.45
0.45
0.45
0.45
0.45
0.45
0.45
0.45
0.45
0.45
0.45
0.45
0.45
0.45
0.45
0.45
0.45
0.45
0.45
0.45
0.45
0.45
0.45
0.45
0.45
0.44
0.44
0.45
0.45
0.46
0.45
0.45
0.45
0.45
0.45
0.45
0.45
0.45
0.45
0.45
0.45
0.45
0.45
0.45
0.45
0.45
0.45
0.45
0.45
0.46
0.45
0.46
0.46
0.46
0.46
0.46
0.46
0.46
0.46
0.46
0.46
0.46
0.46
0.46
0.46
0.46
0.46
0.47
0.46
0.47
0.47
0.47
0.47
0.47
0.47
0.47
0.47
0.47
0.46
0.47
0.47
0.46
0.47
0.47
0.47
0.47
0.47
0.47
0.46
0.46
0.47
0.47
0.47
0.48
0.48
0.48
0.48
0.48
0.48
0.48
0.48
0.48
0.48
0.48
0.48
0.48
0.48
0.48
0.48
0.48
0.48
0.48
0.48
0.48
0.48
0.48
0.48
0.48
0.48
0.49
0.48
0.48
0.49
0.48
0.48
0.48
0.49
0.49
0.49
0.49
0.49
0.49
0.49
0.49
0.49
0.49
0.49
0.49
0.49
0.50
0.50
0.50
0.50
0.50
0.50
0.50
0.50
0.50
0.50
0.50
0.50
0.50
0.50
0.50
0.50
0.50
0.50
0.50
0.50
0.50
0.51
0.51
0.51
0.51
0.51
0.50
0.50
0.50
0.50
0.50
0.50
0.50
0.50
0.50
0.50
0.50
0.50
0.50
0.50
0.50
0.50
0.50
0.50
0.50
0.50
0.50
0.50
0.50
0.50
0.51
0.51
0.51
0.51
0.51
0.51
0.51
0.51
0.51
0.51
0.51
0.51
0.51
0.51
0.51
0.51
0.51
0.51
0.51
0.50
0.50
0.50
0.51
0.51
0.51
0.51
0.51
0.51
0.51
0.51
0.51
0.51
0.50
0.51
0.51
0.51
0.51
0.51
0.51
0.51
0.51
0.51
0.51
0.51
0.51
0.51
0.51
0.50
0.50
0.50
0.50
0.50
0.50
0.50
0.50
0.50
0.50
0.50
0.50
0.50
0.50
0.50
0.50
0.50
0.50
0.50
0.50
0.51
0.51
0.51
0.51
0.51
0.50
0.50
0.50
0.50
0.50
0.50
0.50
0.50
0.50
0.50
0.50
0.50
0.50
0.49
0.49
0.49
0.49
0.49
0.49
0.49
0.49
0.49
0.49
0.49
0.49
0.49
0.49
0.48
0.49
0.49
0.48
0.48
0.48
0.48
0.48
0.48
0.48
0.48
0.49
0.49
0.49
0.49
0.49
0.49
0.49
0.49
0.49
0.49
0.49
0.49
0.49
0.49
0.48
0.48
0.48
0.49
0.48
0.49
0.49
0.49
0.49
0.49
0.49
0.49
0.49
0.49
0.49
0.49
0.49
0.49
0.49
0.49
0.49
0.49
0.49
0.49
0.49
0.49
0.48
0.48
0.48
0.48
0.48
0.48
0.49
0.49
0.49
0.49
0.49
0.49
0.49
0.49
0.49
0.49
0.49
0.49
0.49
0.49
0.49
0.49
0.50
0.50
0.50
0.50
0.50
0.50
0.50
0.50
0.50
0.50
0.50
0.49
0.49
0.49
0.49
0.49
0.49
0.49
0.49
0.49
0.49
0.49
0.49
0.49
0.49
0.49
0.49
0.49
0.49
0.49
0.49
0.49
0.49
0.49
0.49
0.49
0.49
0.49
0.49
