87.50
82.81
84.38
82.42
82.81
83.33
83.48
82.62
82.29
82.97
82.81
82.42
82.21
82.25
82.19
81.93
81.71
81.68
81.50
81.33
81.10
81.32
81.25
81.38
81.62
81.85
81.66
81.58
81.68
81.35
81.55
81.69
81.91
81.85
81.92
81.86
81.93
81.87
81.85
81.72
81.48
81.32
81.40
81.25
81.18
81.22
81.32
81.38
81.41
81.31
81.53
81.28
81.22
81.28
81.22
81.11
80.98
80.98
81.12
80.96
80.92
80.95
80.85
80.59
80.60
80.59
80.50
80.42
80.43
80.42
80.44
80.45
80.52
80.47
80.46
80.51
80.54
80.63
80.60
80.55
80.52
80.49
80.48
80.43
80.53
80.56
80.64
80.70
80.79
80.83
80.84
80.91
80.93
80.85
80.86
80.84
80.85
80.88
80.84
80.86
80.94
80.91
80.89
80.86
80.88
80.84
80.84
80.93
80.83
80.80
80.77
80.80
80.74
80.67
80.76
80.77
80.81
80.83
80.88
80.92
80.93
80.93
80.93
80.85
80.85
80.85
80.81
80.79
80.81
80.83
80.78
80.78
80.80
80.74
80.72
80.73
80.69
80.73
80.69
80.67
80.62
80.64
80.61
80.69
80.66
80.66
80.70
80.75
80.78
80.74
80.71
80.67
80.64
80.60
80.62
80.64
80.66
80.67
80.62
80.66
80.70
80.66
80.67
80.65
80.66
80.67
80.68
80.66
80.68
80.63
80.67
80.70
80.67
80.74
80.73
80.73
80.74
80.74
80.78
80.79
80.77
80.80
80.82
80.81
80.79
80.80
80.81
80.81
80.81
80.75
80.77
80.75
80.76
80.75
80.78
80.83
80.85
80.86
80.90
80.90
80.95
80.91
80.94
80.96
80.99
81.02
81.00
81.02
81.03
81.01
81.01
81.02
81.03
81.03
81.02
80.98
80.95
80.94
80.94
80.93
80.92
80.93
80.95
80.94
80.96
80.96
80.93
80.91
80.91
80.94
80.91
80.91
80.91
80.88
80.91
80.89
80.88
80.88
80.88
80.90
80.91
80.90
80.92
80.89
80.87
80.89
80.92
80.92
80.95
80.96
80.96
80.96
80.93
80.92
80.90
80.88
80.91
80.92
80.92
80.89
80.88
80.88
80.87
80.86
80.90
80.90
80.88
80.89
80.90
80.87
80.87
80.88
80.86
80.85
80.83
80.85
80.84
80.79
80.81
80.83
80.86
80.86
80.85
80.86
80.85
80.87
80.86
80.87
80.90
80.88
80.85
80.83
80.84
80.84
80.85
80.89
80.90
80.89
80.92
80.92
80.91
80.91
80.93
80.94
80.92
80.92
80.90
80.92
80.90
80.91
80.90
80.88
80.89
80.91
80.91
80.92
80.93
80.95
80.93
80.92
80.94
80.92
80.92
80.93
80.92
80.91
80.91
80.91
80.93
80.97
80.95
80.96
80.96
80.93
80.94
80.93
80.94
80.94
80.95
80.94
80.96
80.96
80.99
80.98
80.96
80.97
80.98
80.98
80.98
80.97
80.98
80.98
80.96
80.94
80.96
80.96
80.98
80.96
80.95
80.97
80.96
80.95
80.94
80.95
80.96
80.96
80.96
80.96
80.95
80.95
80.95
80.95
80.94
80.96
80.95
80.94
80.95
80.97
80.96
80.97
80.95
80.94
80.94
80.94
80.95
80.95
80.96
80.98
80.98
80.99
80.97
80.97
80.96
80.96
80.96
80.95
80.95
80.96
80.94
80.93
80.93
80.94
80.96
80.96
80.94
80.93
80.92
80.91
80.93
80.93
80.93
80.95
80.93
80.94
80.93
80.92
80.92
80.92
80.93
80.93
80.94
80.95
80.97
80.97
80.98
80.97
80.96
80.94
80.94
80.92
80.93
80.92
80.90
80.91
80.92
80.91
80.91
80.93
80.93
80.92
80.91
80.92
80.92
80.92
80.93
80.92
80.93
80.93
80.92
80.91
80.90
80.91
80.92
80.92
80.92
80.91
80.89
80.89
80.89
80.87
80.87
80.88
80.88
80.90
80.90
80.91
80.91
80.91
80.91
80.91
80.91
80.91
80.93
80.93
80.92
80.91
80.91
80.92
80.93
80.93
80.94
80.95
80.96
80.96
80.97
80.98
80.99
80.99
81.02
81.00
81.01
81.01
81.02
81.02
81.02
81.02
81.02
81.03
81.04
81.04
81.06
81.06
81.06
81.06
81.07
81.07
81.05
81.05
81.05
81.04
81.04
81.02
81.03
81.03
81.03
81.03
81.04
81.04
81.04
81.03
81.03
81.03
81.03
81.04
81.02
81.02
81.01
80.99
81.00
80.99
80.99
81.00
81.01
81.01
81.01
81.02
81.01
81.01
81.02
81.02
81.01
81.01
81.02
81.02
81.02
81.04
81.05
81.06
81.06
81.05
81.05
81.06
81.07
81.06
81.06
81.06
81.06
81.05
81.07
81.05
81.06
81.06
81.04
81.05
81.05
81.05
81.05
81.05
81.05
81.05
81.05
81.05
81.06
81.06
81.08
81.08
81.09
81.07
81.06
81.05
81.04
81.04
81.02
81.02
81.01
81.00
81.01
81.02
81.03
81.03
81.04
81.04
81.04
81.03
81.05
81.06
81.06
81.03
81.03
81.04
81.06
81.05
81.05
81.05
81.04
81.05
81.05
81.05
81.05
81.04
81.03
81.02
81.03
81.02
81.02
81.03
81.03
81.02
81.03
81.03
81.04
81.03
81.03
81.03
81.03
81.03
81.02
81.03
81.03
81.04
81.03
81.05
81.04
81.05
81.06
81.06
81.06
81.07
81.06
81.06
81.06
81.07
81.07
81.07
81.05
81.04
81.04
81.03
81.04
81.05
81.04
81.03
81.03
81.02
80.99
80.98
80.98
80.99
80.98
80.98
80.98
80.98
80.98
80.99
80.99
80.99
80.98
80.98
80.99
80.97
80.97
80.98
80.99
80.99
81.00
81.00
81.01
81.01
81.01
81.02
81.00
80.99
80.98
80.96
80.96
80.96
80.96
80.97
80.96
80.94
80.94
80.94
80.94
80.94
80.93
80.93
80.93
80.93
80.92
80.92
80.92
80.91
80.91
80.91
80.92
80.93
80.93
80.92
80.92
80.92
80.93
80.93
80.93
80.92
80.91
80.91
80.91
80.91
80.90
80.89
80.89
80.89
80.89
80.89
80.87
80.87
80.88
80.89
80.89
80.89
80.87
80.87
80.87
80.88
80.88
80.88
80.87
80.87
80.86
80.86
80.86
80.86
80.86
80.86
80.86
80.85
80.87
80.88
80.88
80.88
80.87
80.86
80.86
80.85
80.85
80.86
80.86
80.86
80.86
80.87
80.87
80.87
80.87
80.88
80.89
80.89
80.89
80.89
80.89
80.90
80.90
80.89
80.90
80.89
80.89
80.89
80.88
80.89
80.89
80.88
80.88
80.80
