9.38
8.59
7.29
6.25
7.19
7.55
7.81
7.62
8.68
8.44
9.09
8.98
9.01
9.15
9.06
8.98
9.01
9.03
9.13
9.06
8.85
8.88
9.04
8.79
9.06
8.83
9.20
9.26
9.00
8.91
8.97
8.98
9.14
9.19
9.20
9.20
9.12
9.13
9.21
9.14
9.22
9.15
9.19
9.23
9.20
9.24
9.18
9.21
9.28
9.19
9.31
9.25
9.23
9.29
9.32
9.32
9.32
9.29
9.30
9.35
9.30
9.27
9.30
9.23
9.25
9.23
9.33
9.31
9.31
9.35
9.40
9.42
9.33
9.33
9.29
9.17
9.19
9.19
9.28
9.22
9.20
9.24
9.19
9.19
9.17
9.14
9.16
9.16
9.18
9.15
9.10
9.05
9.06
9.11
9.06
9.00
8.96
9.04
8.98
8.97
9.00
9.05
9.07
9.13
9.21
9.23
9.21
9.23
9.25
9.23
9.21
9.18
9.17
9.21
9.17
9.15
9.12
9.19
9.18
9.13
9.08
9.13
9.10
9.09
9.09
9.06
9.03
9.07
9.05
9.05
9.05
9.04
9.07
9.04
9.04
9.03
9.03
9.05
9.05
9.02
9.04
9.09
9.11
9.13
9.13
9.13
9.11
9.09
9.08
9.09
9.06
9.08
9.06
9.04
9.04
9.02
9.01
9.02
9.03
9.01
9.04
8.99
9.01
8.97
8.98
8.94
8.93
8.91
8.88
8.86
8.89
8.88
8.87
8.86
8.84
8.82
8.80
8.82
8.82
8.82
8.83
8.82
8.85
8.86
8.85
8.84
8.84
8.83
8.83
8.83
8.83
8.81
8.81
8.80
8.80
8.81
8.82
8.80
8.77
8.74
8.75
8.75
8.74
8.75
8.73
8.74
8.74
8.75
8.78
8.80
8.79
8.79
8.79
8.78
8.78
8.77
8.80
8.79
8.79
8.79
8.80
8.79
8.81
8.84
8.84
8.83
8.80
8.79
8.78
8.78
8.79
8.77
8.76
8.75
8.75
8.75
8.73
8.71
8.71
8.70
8.69
8.66
8.66
8.66
8.64
8.61
8.62
8.61
8.59
8.57
8.58
8.56
8.55
8.56
8.55
8.55
8.55
8.58
8.58
8.58
8.60
8.60
8.61
8.59
8.61
8.63
8.61
8.61
8.59
8.62
8.61
8.62
8.61
8.64
8.65
8.66
8.65
8.66
8.67
8.70
8.71
8.70
8.70
8.70
8.70
8.70
8.73
8.71
8.72
8.69
8.69
8.68
8.69
8.68
8.69
8.68
8.67
8.68
8.69
8.67
8.68
8.69
8.68
8.70
8.69
8.70
8.71
8.73
8.73
8.73
8.73
8.74
8.74
8.74
8.74
8.73
8.76
8.75
8.74
8.75
8.75
8.76
8.77
8.76
8.77
8.77
8.77
8.76
8.75
8.76
8.79
8.78
8.79
8.79
8.77
8.77
8.76
8.76
8.76
8.76
8.76
8.77
8.77
8.76
8.75
8.76
8.76
8.76
8.77
8.77
8.78
8.78
8.79
8.77
8.78
8.78
8.78
8.77
8.77
8.77
8.76
8.76
8.76
8.75
8.74
8.75
8.74
8.73
8.73
8.71
8.70
8.69
8.70
8.69
8.69
8.66
8.68
8.68
8.67
8.66
8.65
8.66
8.69
8.70
8.70
8.69
8.68
8.67
8.68
8.69
8.67
8.69
8.68
8.68
8.68
8.68
8.68
8.67
8.68
8.67
8.67
8.68
8.70
8.69
8.69
8.69
8.70
8.69
8.68
8.69
8.68
8.67
8.66
8.67
8.68
8.68
8.68
8.68
8.68
8.68
8.67
8.67
8.68
8.67
8.66
8.66
8.66
8.66
8.65
8.65
8.66
8.64
8.64
8.63
8.65
8.65
8.65
8.64
8.64
8.64
8.66
8.64
8.64
8.64
8.64
8.65
8.64
8.64
8.64
8.64
8.64
8.62
8.62
8.64
8.63
8.62
8.62
8.61
8.61
8.60
8.63
8.62
8.62
8.62
8.63
8.63
8.65
8.64
8.64
8.63
8.63
8.64
8.64
8.63
8.63
8.64
8.64
8.65
8.64
8.64
8.63
8.64
8.64
8.63
8.64
8.63
8.63
8.62
8.62
8.60
8.61
8.61
8.60
8.60
8.61
8.60
8.60
8.60
8.60
8.60
8.60
8.61
8.60
8.60
8.59
8.58
8.58
8.58
8.58
8.58
8.58
8.58
8.59
8.60
8.60
8.60
8.60
8.59
8.59
8.59
8.59
8.59
8.60
8.60
8.60
8.60
8.59
8.59
8.58
8.59
8.60
8.61
8.61
8.61
8.60
8.62
8.62
8.63
8.63
8.63
8.63
8.64
8.64
8.64
8.64
8.63
8.63
8.63
8.63
8.63
8.63
8.62
8.62
8.62
8.62
8.64
8.66
8.66
8.66
8.65
8.65
8.65
8.65
8.65
8.66
8.65
8.66
8.65
8.65
8.65
8.66
8.66
8.66
8.66
8.67
8.66
8.67
8.66
8.66
8.66
8.65
8.65
8.66
8.66
8.65
8.66
8.66
8.65
8.65
8.65
8.65
8.65
8.65
8.65
8.64
8.64
8.64
8.65
8.64
8.64
8.63
8.65
8.64
8.65
8.65
8.65
8.65
8.65
8.65
8.65
8.65
8.66
8.66
8.66
8.65
8.65
8.65
8.64
8.65
8.64
8.65
8.65
8.64
8.64
8.64
8.64
8.64
8.64
8.64
8.65
8.65
8.66
8.67
8.67
8.67
8.66
8.67
8.66
8.66
8.66
8.66
8.66
8.66
8.65
8.65
8.64
8.65
8.65
8.65
8.65
8.64
8.65
8.66
8.65
8.65
8.66
8.66
8.67
8.66
8.66
8.66
8.66
8.67
8.66
8.67
8.66
8.66
8.66
8.66
8.65
8.66
8.65
8.65
8.65
8.66
8.66
8.65
8.66
8.67
8.67
8.67
8.66
8.66
8.67
8.67
8.68
8.67
8.68
8.68
8.67
8.68
8.69
8.69
8.69
8.70
8.69
8.70
8.70
8.70
8.70
8.69
8.69
8.69
8.70
8.69
8.69
8.69
8.68
8.68
8.68
8.68
8.69
8.68
8.69
8.68
8.69
8.69
8.70
8.70
8.70
8.71
8.70
8.71
8.70
8.70
8.70
8.70
8.71
8.70
8.70
8.70
8.70
8.70
8.70
8.70
8.69
8.69
8.69
8.69
8.69
8.69
8.69
8.69
8.70
8.70
8.70
8.70
8.70
8.69
8.69
8.69
8.69
8.68
8.68
8.68
8.68
8.68
8.68
8.68
8.67
8.67
8.67
8.67
8.67
8.66
8.65
8.66
8.66
8.68
8.67
8.66
8.66
8.66
8.66
8.66
8.66
8.66
8.66
8.66
8.66
8.66
8.65
