12.50
10.94
10.42
9.38
9.69
10.42
10.49
10.35
10.07
10.47
10.80
11.07
10.70
10.38
10.21
10.16
9.83
9.81
9.87
9.69
9.67
9.23
9.31
9.31
9.19
9.25
9.43
9.26
9.27
9.17
9.27
9.08
9.00
9.10
9.11
9.20
9.12
9.25
9.29
9.34
9.30
9.23
9.27
9.30
9.20
9.17
9.24
9.15
9.15
9.12
9.01
9.07
9.08
9.32
9.32
9.40
9.43
9.38
9.38
9.30
9.35
9.38
9.38
9.42
9.42
9.38
9.38
9.47
9.47
9.49
9.49
9.55
9.50
9.48
9.40
9.37
9.31
9.31
9.26
9.18
9.18
9.24
9.24
9.24
9.17
9.28
9.29
9.36
9.30
9.25
9.25
9.27
9.32
9.37
9.36
9.39
9.37
9.30
9.31
9.33
9.34
9.37
9.33
9.31
9.27
9.29
9.29
9.32
9.29
9.26
9.21
9.18
9.14
9.14
9.17
9.19
9.20
9.16
9.16
9.10
9.09
9.05
9.06
9.02
9.02
9.05
9.02
9.00
8.98
8.94
8.93
8.95
8.94
8.93
8.91
8.88
8.92
8.90
8.94
8.94
8.91
8.90
8.91
8.93
8.90
8.91
8.95
8.99
9.02
9.03
9.04
9.07
9.06
9.04
9.03
8.99
8.97
8.94
8.93
8.93
8.94
8.94
8.91
8.91
8.89
8.91
8.92
8.92
8.92
8.91
8.88
8.88
8.87
8.85
8.82
8.82
8.79
8.79
8.79
8.78
8.78
8.77
8.79
8.80
8.83
8.84
8.84
8.83
8.80
8.77
8.79
8.77
8.75
8.75
8.75
8.75
8.73
8.74
8.75
8.76
8.74
8.77
8.78
8.76
8.79
8.82
8.85
8.84
8.86
8.86
8.83
8.83
8.87
8.87
8.85
8.85
8.84
8.85
8.83
8.83
8.81
8.83
8.81
8.81
8.79
8.78
8.80
8.79
8.77
8.80
8.79
8.80
8.82
8.80
8.82
8.83
8.81
8.82
8.82
8.82
8.82
8.81
8.85
8.86
8.86
8.85
8.86
8.86
8.87
8.86
8.86
8.85
8.87
8.87
8.90
8.91
8.93
8.92
8.91
8.91
8.90
8.89
8.91
8.91
8.90
8.90
8.91
8.93
8.93
8.94
8.95
8.96
8.98
8.99
8.98
9.01
9.03
9.02
9.00
8.99
8.99
9.00
8.99
9.00
8.99
8.98
9.00
9.01
9.02
9.00
8.99
8.98
8.99
9.02
9.01
9.01
9.01
9.01
9.00
8.99
8.99
8.99
8.98
8.99
9.01
9.02
9.01
9.02
9.02
9.03
9.02
9.01
9.03
9.05
9.06
9.05
9.06
9.06
9.08
9.08
9.08
9.09
9.08
9.10
9.08
9.07
9.06
9.07
9.09
9.08
9.10
9.11
9.09
9.09
9.12
9.12
9.12
9.12
9.11
9.13
9.14
9.12
9.12
9.13
9.14
9.15
9.15
9.14
9.16
9.17
9.17
9.18
9.18
9.18
9.17
9.16
9.16
9.19
9.17
9.18
9.17
9.18
9.18
9.18
9.16
9.16
9.16
9.15
9.15
9.16
9.16
9.16
9.17
9.18
9.17
9.16
9.16
9.16
9.17
9.17
9.17
9.16
9.16
9.16
9.16
9.16
9.17
9.16
9.18
9.18
9.19
9.19
9.18
9.18
9.18
9.17
9.17
9.17
9.18
9.18
9.19
9.17
9.16
9.18
9.19
9.18
9.18
9.17
9.17
9.17
9.17
9.17
9.17
9.16
9.17
9.18
9.16
9.16
9.16
9.16
9.16
9.17
9.18
9.18
9.18
9.18
9.17
9.17
9.18
9.18
9.19
9.18
9.18
9.18
9.19
9.21
9.21
9.21
9.19
9.19
9.20
9.19
9.20
9.20
9.19
9.19
9.20
9.20
9.20
9.20
9.19
9.20
9.20
9.18
9.19
9.19
9.19
9.18
9.19
9.18
9.19
9.20
9.18
9.18
9.18
9.19
9.20
9.19
9.20
9.20
9.20
9.20
9.19
9.19
9.20
9.21
9.21
9.21
9.21
9.22
9.21
9.20
9.20
9.20
9.20
9.21
9.20
9.23
9.23
9.23
9.21
9.21
9.21
9.21
9.21
9.21
9.20
9.19
9.19
9.18
9.19
9.20
9.19
9.19
9.18
9.18
9.18
9.18
9.18
9.17
9.17
9.18
9.18
9.18
9.18
9.19
9.18
9.19
9.18
9.19
9.19
9.19
9.19
9.19
9.21
9.21
9.21
9.20
9.19
9.19
9.19
9.19
9.18
9.19
9.17
9.19
9.19
9.19
9.20
9.20
9.20
9.20
9.21
9.21
9.21
9.21
9.20
9.20
9.21
9.21
9.22
9.21
9.21
9.21
9.22
9.21
9.21
9.21
9.22
9.22
9.23
9.22
9.24
9.24
9.24
9.24
9.25
9.26
9.27
9.27
9.25
9.25
9.25
9.25
9.25
9.26
9.26
9.25
9.27
9.27
9.26
9.26
9.27
9.28
9.28
9.28
9.28
9.28
9.28
9.28
9.28
9.27
9.27
9.26
9.25
9.25
9.26
9.25
9.26
9.25
9.25
9.25
9.24
9.23
9.23
9.24
9.24
9.25
9.25
9.26
9.27
9.27
9.27
9.27
9.26
9.26
9.26
9.26
9.25
9.25
9.25
9.26
9.27
9.27
9.27
9.27
9.27
9.26
9.25
9.25
9.26
9.25
9.25
9.25
9.25
9.25
9.25
9.25
9.25
9.26
9.27
9.26
9.26
9.26
9.26
9.26
9.26
9.26
9.26
9.27
9.28
9.27
9.27
9.27
9.27
9.27
9.26
9.26
9.26
9.25
9.25
9.26
9.26
9.26
9.27
9.26
9.27
9.27
9.27
9.27
9.27
9.27
9.26
9.27
9.27
9.27
9.27
9.27
9.26
9.26
9.26
9.27
9.28
9.28
9.29
9.29
9.29
9.30
9.29
9.30
9.30
9.29
9.29
9.28
9.28
9.28
9.29
9.29
9.29
9.29
9.30
9.30
9.31
9.32
9.31
9.32
9.32
9.32
9.32
9.34
9.35
9.35
9.35
9.36
9.36
9.36
9.37
9.37
9.37
9.38
9.38
9.38
9.38
9.38
9.38
9.38
9.39
9.40
9.40
9.40
9.40
9.41
9.41
9.41
9.40
9.39
9.39
9.40
9.40
9.40
9.40
9.40
9.40
9.40
9.40
9.41
9.41
9.41
9.41
9.42
9.42
9.42
9.43
9.43
9.43
9.43
9.43
9.43
9.42
9.42
9.43
9.43
9.42
9.42
9.42
9.42
9.42
9.43
9.43
9.43
9.42
9.42
9.44
9.43
9.44
9.44
9.44
9.43
9.43
9.43
9.43
9.41
