29.69
28.12
27.60
30.47
30.31
30.47
28.57
29.30
27.78
27.97
27.56
27.60
27.52
27.68
27.60
27.73
27.67
27.69
27.63
27.58
27.38
26.92
27.04
27.34
27.50
27.46
28.01
27.90
27.69
27.29
27.27
27.44
27.56
27.62
27.68
27.47
27.53
27.51
27.64
27.81
27.67
27.57
27.51
27.59
27.40
27.48
27.59
27.64
27.52
27.62
27.76
27.91
27.98
28.10
28.15
28.24
28.37
28.56
28.63
28.59
28.66
28.58
28.75
28.76
28.70
28.57
28.57
28.49
28.42
28.46
28.52
28.56
28.38
28.27
28.33
28.29
28.33
28.27
28.30
28.40
28.38
28.32
28.37
28.26
28.20
28.34
28.43
28.53
28.46
28.45
28.45
28.48
28.44
28.39
28.37
28.48
28.50
28.56
28.66
28.72
28.67
28.63
28.58
28.65
28.66
28.60
28.53
28.52
28.47
28.57
28.60
28.54
28.51
28.48
28.42
28.43
28.38
28.46
28.45
28.49
28.46
28.50
28.48
28.45
28.48
28.42
28.38
28.49
28.61
28.68
28.64
28.65
28.67
28.66
28.68
28.62
28.57
28.53
28.57
28.55
28.54
28.53
28.52
28.53
28.50
28.48
28.43
28.38
28.36
28.34
28.33
28.33
28.33
28.35
28.31
28.29
28.25
28.22
28.29
28.31
28.27
28.28
28.31
28.34
28.35
28.31
28.38
28.41
28.38
28.37
28.37
28.34
28.34
28.35
28.31
28.34
28.34
28.34
28.37
28.41
28.38
28.42
28.42
28.44
28.39
28.43
28.49
28.45
28.43
28.41
28.39
28.35
28.37
28.35
28.33
28.34
28.36
28.39
28.42
28.45
28.44
28.47
28.49
28.51
28.48
28.44
28.43
28.44
28.42
28.43
28.42
28.42
28.43
28.42
28.39
28.37
28.33
28.30
28.31
28.30
28.23
28.18
28.15
28.12
28.14
28.13
28.12
28.11
28.08
28.10
28.07
28.04
28.03
28.06
28.09
28.11
28.11
28.11
28.10
28.12
28.14
28.16
28.16
28.12
28.12
28.12
28.12
28.11
28.14
28.12
28.14
28.12
28.12
28.11
28.14
28.12
28.09
28.12
28.13
28.14
28.15
28.15
28.14
28.15
28.14
28.14
28.14
28.12
28.14
28.12
28.09
28.10
28.11
28.09
28.08
28.10
28.09
28.08
28.06
28.04
28.05
28.06
28.05
28.06
28.06
28.10
28.08
28.06
28.04
28.03
28.04
28.01
28.03
28.02
27.99
27.98
28.01
28.03
28.06
28.06
28.04
28.08
28.04
28.02
28.00
28.01
28.03
28.07
28.06
28.05
28.06
28.07
28.10
28.11
28.11
28.11
28.13
28.13
28.14
28.15
28.12
28.12
28.11
28.12
28.11
28.10
28.08
28.07
28.09
28.11
28.12
28.15
28.14
28.18
28.16
28.14
28.16
28.17
28.14
28.14
28.12
28.14
28.15
28.13
28.14
28.12
28.13
28.12
28.12
28.11
28.13
28.15
28.16
28.16
28.15
28.13
28.15
28.15
28.11
28.10
28.10
28.09
28.07
28.09
28.06
28.04
28.05
28.06
28.04
28.04
28.01
28.01
28.03
28.00
28.00
28.02
28.02
28.00
28.01
27.99
28.00
27.99
27.98
27.96
27.97
27.98
28.01
28.00
28.02
28.02
28.01
27.99
28.00
28.00
28.00
28.02
28.03
28.00
28.00
27.99
27.99
28.00
27.98
27.95
27.97
27.94
27.94
27.93
27.94
27.94
27.95
27.96
27.98
27.97
27.97
27.98
27.98
27.98
28.00
28.02
28.02
28.01
27.99
27.97
27.97
27.95
27.96
27.96
27.96
27.97
27.97
27.97
27.96
27.96
27.96
27.94
27.95
27.95
27.95
27.93
27.93
27.93
27.92
27.95
27.95
27.95
27.96
27.95
27.95
27.93
27.93
27.92
27.93
27.90
27.89
27.89
27.87
27.88
27.88
27.89
27.89
27.90
27.89
27.89
27.90
27.89
27.90
27.90
27.88
27.89
27.87
27.87
27.86
27.87
27.88
27.90
27.88
27.89
27.91
27.92
27.92
27.92
27.93
27.92
27.93
27.92
27.92
27.92
27.91
27.91
27.91
27.91
27.91
27.92
27.90
27.90
27.90
27.89
27.87
27.88
27.90
27.90
27.92
27.93
27.94
27.93
27.93
27.93
27.93
27.94
27.96
27.96
27.95
27.94
27.95
27.93
27.92
27.93
27.92
27.93
27.92
27.93
27.94
27.92
27.89
27.91
27.89
27.91
27.89
27.91
27.90
27.90
27.91
27.91
27.91
27.92
27.92
27.91
27.90
27.90
27.93
27.93
27.93
27.93
27.92
27.93
27.94
27.94
27.94
27.94
27.93
27.92
27.91
27.90
27.89
27.89
27.87
27.87
27.89
27.88
27.88
27.89
27.88
27.88
27.87
27.89
27.90
27.88
27.89
27.87
27.86
27.88
27.87
27.86
27.85
27.84
27.84
27.84
27.83
27.82
27.82
27.82
27.83
27.83
27.83
27.84
27.82
27.82
27.83
27.80
27.81
27.82
27.81
27.82
27.82
27.83
27.82
27.82
27.82
27.80
27.82
27.81
27.79
27.79
27.79
27.80
27.80
27.80
27.80
27.79
27.79
27.78
27.79
27.78
27.79
27.79
27.79
27.78
27.79
27.79
27.78
27.77
27.77
27.78
27.77
27.78
27.78
27.77
27.77
27.77
27.76
27.78
27.79
27.79
27.77
27.75
27.75
27.75
27.75
27.75
27.76
27.76
27.78
27.79
27.79
27.78
27.78
27.77
27.77
27.77
27.77
27.78
27.77
27.75
27.76
27.76
27.78
27.77
27.76
27.76
27.73
27.73
27.73
27.74
27.75
27.75
27.76
27.76
27.77
27.76
27.78
27.78
27.78
27.79
27.78
27.79
27.80
27.79
27.80
27.79
27.79
27.78
27.79
27.79
27.78
27.77
27.78
27.78
27.80
27.79
27.78
27.78
27.79
27.78
27.79
27.78
27.78
27.78
27.77
27.76
27.77
27.76
27.77
27.77
27.77
27.77
27.77
27.77
27.78
27.78
27.80
27.81
27.81
27.81
27.80
27.81
27.80
27.81
27.80
27.81
27.81
27.80
27.82
27.82
27.81
27.81
27.80
27.81
27.79
27.80
27.79
27.78
27.76
27.75
27.76
27.77
27.78
27.78
27.78
27.78
27.78
27.78
27.78
27.77
27.76
27.75
27.75
27.74
27.74
27.73
27.73
27.73
27.73
27.72
27.73
27.73
27.74
27.73
27.73
27.72
27.72
27.73
27.73
27.73
27.72
27.71
27.71
27.72
27.71
27.70
27.70
27.71
27.70
27.69
27.68
27.68
27.68
27.68
27.68
27.67
27.67
27.64
