37.50
32.03
35.94
35.16
34.38
36.98
37.50
37.89
37.50
37.50
38.35
38.15
38.10
38.28
37.50
37.21
37.50
37.41
37.09
36.56
36.53
36.58
36.62
36.33
36.50
36.36
36.11
36.16
36.05
36.04
34.93
35.11
34.14
34.19
34.06
33.94
34.29
34.37
34.46
34.57
34.34
34.41
34.48
34.37
34.48
34.58
34.51
34.38
34.25
34.38
34.62
34.50
34.43
34.32
34.20
34.18
34.38
34.56
34.56
34.53
34.58
34.50
34.62
34.62
34.66
34.80
34.86
34.83
34.81
34.80
34.79
34.85
34.82
34.86
34.85
34.87
34.86
35.00
34.93
34.96
35.05
34.98
35.00
35.01
35.04
34.97
34.90
35.03
34.97
34.93
34.94
34.83
34.81
34.82
34.87
34.88
34.87
34.92
34.58
34.52
34.41
34.34
34.36
34.37
34.36
34.49
34.51
34.49
34.48
34.49
34.57
34.61
34.73
34.75
34.84
34.86
34.84
34.79
34.51
34.51
34.52
34.45
34.63
34.72
34.72
34.67
34.74
34.75
34.74
34.74
34.69
34.66
34.60
34.63
34.69
34.77
34.82
34.86
34.85
34.93
34.92
34.86
34.98
34.97
35.00
35.03
35.00
34.96
34.96
34.94
34.93
34.88
34.87
34.83
34.79
34.84
34.84
34.64
34.65
34.64
34.63
34.62
34.63
34.63
34.58
34.62
34.64
34.62
34.60
34.58
34.53
34.57
34.63
34.66
34.74
34.75
34.71
34.72
34.68
34.65
34.63
34.65
34.62
34.65
34.59
34.67
34.69
34.70
34.67
34.67
34.69
34.69
34.69
34.77
34.79
34.77
34.85
34.82
34.84
34.83
34.79
34.82
34.81
34.81
34.84
34.85
34.84
34.87
34.92
34.91
34.91
34.88
34.83
34.81
34.86
34.89
34.84
34.84
34.83
34.82
34.86
34.83
34.88
34.89
34.90
34.88
34.85
34.88
34.89
34.90
34.90
34.89
34.88
34.87
34.87
34.87
34.90
34.77
34.75
34.72
34.74
34.74
34.78
34.78
34.78
34.80
34.81
34.86
34.89
34.89
34.95
34.93
34.93
34.94
34.93
34.94
34.93
34.92
34.95
34.93
34.91
34.94
34.92
34.90
34.90
34.87
34.90
34.92
34.93
34.94
34.93
34.97
34.98
34.96
34.98
34.96
34.96
34.97
34.97
34.97
34.98
34.98
34.99
35.03
35.02
35.00
35.02
35.07
35.11
35.11
35.12
35.15
35.19
35.20
35.24
35.25
35.24
35.26
35.28
35.29
35.30
35.31
35.32
35.31
35.30
35.29
35.28
35.28
35.32
35.34
35.33
35.33
35.34
35.31
35.30
35.28
35.24
35.26
35.28
35.29
35.28
35.28
35.25
35.27
35.26
35.23
35.23
35.22
35.25
35.23
35.27
35.29
35.29
35.32
35.33
35.34
35.31
35.31
35.28
35.29
35.25
35.25
35.28
35.25
35.25
35.27
35.26
35.28
35.32
35.31
35.31
35.33
35.31
35.31
35.31
35.28
35.29
35.29
35.32
35.30
35.31
35.35
35.34
35.33
35.34
35.37
35.37
35.34
35.33
35.34
35.35
35.36
35.33
35.34
35.35
35.36
35.37
35.37
35.36
35.35
35.35
35.26
35.26
35.27
35.26
35.23
35.23
35.21
35.22
35.23
35.24
35.28
35.26
35.24
35.25
35.25
35.26
35.26
35.26
35.26
35.27
35.29
35.25
35.25
35.26
35.27
35.28
35.29
35.27
35.26
35.25
35.24
35.15
35.13
35.15
35.14
35.15
35.15
35.13
35.13
35.05
35.05
35.06
35.05
35.04
35.05
35.08
35.08
35.10
35.09
35.09
35.09
35.11
35.12
35.13
35.13
35.13
35.11
35.11
35.10
35.09
35.06
35.08
35.09
35.09
35.09
35.09
35.09
35.09
35.11
35.12
35.12
35.13
35.13
35.13
35.14
35.12
35.11
35.12
35.11
35.11
35.12
35.04
35.04
35.04
35.05
35.05
35.04
35.04
35.05
35.06
35.07
35.07
35.06
35.06
35.08
35.07
35.07
35.07
35.06
35.04
35.04
35.09
35.05
35.05
35.04
35.05
35.04
35.04
35.03
35.03
35.04
35.06
35.06
35.07
35.08
35.04
35.05
35.05
35.07
35.07
35.05
35.05
35.04
35.06
35.06
35.06
35.06
35.08
35.10
35.11
35.10
35.10
35.10
35.05
35.05
34.99
35.01
35.00
35.00
35.00
34.99
35.01
35.01
35.00
34.99
35.01
35.01
35.01
35.00
34.99
34.97
34.97
34.97
34.99
34.99
34.99
34.99
35.01
35.01
35.01
35.04
35.05
35.03
35.04
34.98
34.98
34.97
34.99
35.00
35.01
35.01
35.00
35.01
35.01
35.01
35.02
35.01
35.01
35.01
35.02
35.02
35.01
35.00
35.00
34.95
34.94
34.96
34.96
34.97
34.98
35.00
35.02
35.02
35.02
35.04
35.04
35.05
35.06
35.05
35.06
35.07
35.10
35.09
35.10
35.10
35.08
35.11
35.12
35.14
35.15
35.15
35.15
35.16
35.17
35.18
35.18
35.18
35.19
35.19
35.19
35.18
35.19
35.18
35.17
35.16
35.16
35.16
35.16
35.17
35.16
35.15
35.15
35.14
35.15
35.15
35.14
35.13
35.12
35.12
35.12
35.14
35.14
35.14
35.16
35.16
35.15
35.16
35.17
35.17
35.17
35.17
35.17
35.17
35.15
35.13
35.13
35.11
35.13
35.12
35.11
35.11
35.12
35.12
35.11
35.11
35.11
35.12
35.11
35.12
35.12
35.13
35.13
35.14
35.15
35.14
35.15
35.15
35.16
35.14
35.16
35.17
35.17
35.18
35.18
35.18
35.17
35.18
35.18
35.18
35.19
35.19
35.18
35.18
35.19
35.19
35.19
35.18
35.19
35.19
35.18
35.20
35.20
35.20
35.21
35.22
35.21
35.19
35.19
35.19
35.19
35.18
35.17
35.12
35.13
35.13
35.13
35.13
35.13
35.12
35.12
35.10
35.11
35.11
35.11
35.12
35.13
35.13
35.15
35.15
35.15
35.15
35.14
35.14
35.15
35.14
35.15
35.14
35.14
35.14
35.12
35.13
35.12
35.12
35.12
35.13
35.11
35.12
35.14
35.13
35.13
35.14
35.14
35.15
35.16
35.16
35.16
35.15
35.14
35.15
35.15
35.14
35.13
35.14
35.15
35.10
35.10
35.10
35.11
35.10
35.11
35.11
35.11
35.11
35.12
35.14
35.14
35.14
35.13
35.12
35.12
35.13
35.14
35.13
35.14
35.13
35.13
35.14
35.13
35.14
35.13
35.15
35.15
35.16
35.17
35.17
35.16
35.16
35.17
35.16
35.16
35.11
