4.69
4.69
5.73
5.47
5.94
5.21
5.13
5.66
5.56
5.47
5.54
5.47
5.05
4.69
4.38
4.59
4.50
4.51
4.52
4.38
4.39
4.33
4.42
4.43
4.44
4.57
4.46
4.46
4.47
4.58
4.59
4.49
4.55
4.50
4.51
4.64
4.65
4.61
4.57
4.61
4.57
4.50
4.58
4.51
4.41
4.38
4.52
4.52
4.46
4.72
4.81
4.81
4.81
4.86
4.86
4.88
4.85
4.80
4.79
4.87
4.99
4.96
4.99
4.96
5.00
5.02
4.97
4.96
4.96
4.98
5.06
5.12
5.14
5.13
5.08
5.12
5.17
5.19
5.16
5.20
5.13
5.13
5.16
5.19
5.18
5.16
5.12
5.13
5.09
5.09
5.05
5.06
5.07
5.02
4.97
4.93
4.95
4.94
4.94
4.97
4.98
5.01
4.98
4.99
5.00
5.00
4.99
4.99
4.99
4.94
4.94
4.95
4.96
4.95
5.03
5.06
5.07
5.06
5.09
5.12
5.10
5.10
5.13
5.13
5.12
5.13
5.13
5.19
5.20
5.19
5.18
5.17
5.18
5.22
5.22
5.20
5.19
5.19
5.20
5.21
5.22
5.24
5.26
5.25
5.26
5.25
5.26
5.29
5.31
5.29
5.30
5.30
5.29
5.30
5.27
5.30
5.32
5.32
5.31
5.32
5.31
5.29
5.26
5.27
5.27
5.27
5.26
5.25
5.23
5.25
5.23
5.21
5.19
5.19
5.17
5.15
5.14
5.14
5.14
5.14
5.16
5.19
5.17
5.18
5.20
5.22
5.23
5.21
5.21
5.20
5.20
5.22
5.22
5.22
5.22
5.24
5.24
5.22
5.21
5.22
5.21
5.21
5.19
5.16
5.16
5.17
5.18
5.19
5.20
5.19
5.21
5.23
5.22
5.22
5.21
5.22
5.24
5.25
5.24
5.25
5.25
5.26
5.27
5.27
5.27
5.27
5.26
5.24
5.24
5.24
5.26
5.26
5.26
5.28
5.27
5.26
5.24
5.23
5.22
5.23
5.24
5.22
5.21
5.21
5.22
5.23
5.21
5.20
5.20
5.20
5.21
5.22
5.22
5.23
5.26
5.28
5.28
5.27
5.27
5.26
5.25
5.25
5.26
5.26
5.25
5.23
5.24
5.24
5.23
5.21
5.21
5.20
5.20
5.20
5.19
5.20
5.20
5.22
5.21
5.21
5.19
5.19
5.20
5.19
5.20
5.21
5.22
5.21
5.22
5.22
5.23
5.22
5.21
5.21
5.20
5.19
5.18
5.20
5.21
5.21
5.22
5.24
5.24
5.23
5.25
5.26
5.28
5.29
5.30
5.30
5.28
5.28
5.28
5.28
5.28
5.28
5.28
5.28
5.28
5.26
5.26
5.26
5.27
5.27
5.27
5.27
5.28
5.26
5.26
5.25
5.26
5.25
5.26
5.26
5.27
5.26
5.26
5.25
5.24
5.23
5.23
5.22
5.22
5.22
5.22
5.22
5.21
5.22
5.21
5.21
5.21
5.21
5.22
5.21
5.21
5.21
5.21
5.21
5.22
5.23
5.23
5.24
5.23
5.24
5.24
5.24
5.23
5.25
5.24
5.23
5.23
5.23
5.22
5.22
5.22
5.22
5.21
5.22
5.24
5.24
5.27
5.27
5.27
5.28
5.29
5.28
5.27
5.27
5.27
5.27
5.26
5.27
5.29
5.29
5.29
5.28
5.29
5.28
5.29
5.28
5.28
5.29
5.28
5.29
5.28
5.27
5.28
5.28
5.29
5.29
5.28
5.28
5.27
5.26
5.27
5.26
5.26
5.27
5.28
5.28
5.28
5.30
5.30
5.30
5.29
5.29
5.29
5.29
5.30
5.29
5.27
5.27
5.26
5.27
5.28
5.28
5.27
5.27
5.27
5.27
5.26
5.26
5.26
5.25
5.25
5.26
5.25
5.25
5.23
5.23
5.22
5.23
5.22
5.22
5.22
5.21
5.20
5.22
5.22
5.22
5.22
5.22
5.22
5.22
5.20
5.20
5.20
5.20
5.20
5.20
5.20
5.19
5.20
5.19
5.19
5.18
5.18
5.18
5.18
5.18
5.18
5.18
5.18
5.17
5.18
5.18
5.18
5.17
5.18
5.18
5.19
5.19
5.19
5.18
5.18
5.18
5.19
5.19
5.19
5.19
5.19
5.19
5.20
5.20
5.20
5.21
5.21
5.21
5.23
5.22
5.22
5.22
5.21
5.22
5.22
5.21
5.22
5.23
5.23
5.23
5.23
5.23
5.23
5.23
5.23
5.23
5.22
5.23
5.23
5.23
5.23
5.23
5.23
5.23
5.23
5.23
5.23
5.23
5.23
5.23
5.22
5.23
5.22
5.22
5.22
5.21
5.21
5.21
5.21
5.21
5.21
5.21
5.21
5.21
5.20
5.20
5.19
5.19
5.19
5.19
5.20
5.20
5.20
5.20
5.20
5.20
5.19
5.19
5.19
5.18
5.19
5.18
5.18
5.18
5.18
5.18
5.18
5.19
5.18
5.18
5.18
5.19
5.19
5.19
5.18
5.18
5.19
5.20
5.20
5.20
5.20
5.20
5.21
5.20
5.20
5.21
5.21
5.22
5.21
5.21
5.20
5.20
5.21
5.21
5.21
5.22
5.22
5.23
5.23
5.23
5.23
5.23
5.23
5.23
5.23
5.23
5.23
5.22
5.23
5.23
5.23
5.24
5.23
5.22
5.22
5.22
5.22
5.23
5.23
5.23
5.24
5.23
5.23
5.22
5.23
5.22
5.23
5.23
5.22
5.22
5.23
5.22
5.22
5.21
5.21
5.21
5.22
5.22
5.21
5.21
