12.50
10.94
10.42
9.77
9.38
9.64
9.82
9.38
9.20
9.38
8.95
8.59
9.13
8.71
8.96
8.98
9.01
9.20
9.46
9.38
9.67
9.66
9.71
9.90
9.94
9.92
9.90
9.88
9.75
9.64
9.58
9.72
9.61
9.74
9.78
9.77
9.71
9.62
9.66
9.57
9.64
9.60
9.63
9.69
9.55
9.51
9.57
9.54
9.53
9.56
9.56
9.56
9.52
9.52
9.52
9.49
9.46
9.46
9.40
9.45
9.43
9.30
9.30
9.30
9.35
9.35
9.42
9.47
9.42
9.35
9.31
9.29
9.31
9.29
9.31
9.33
9.35
9.31
9.28
9.26
9.26
9.20
9.22
9.26
9.19
9.18
9.27
9.30
9.37
9.41
9.41
9.44
9.51
9.49
9.44
9.46
9.46
9.47
9.45
9.42
9.45
9.42
9.45
9.42
9.46
9.48
9.51
9.53
9.53
9.60
9.61
9.65
9.62
9.61
9.63
9.59
9.64
9.69
9.73
9.73
9.71
9.70
9.77
9.70
9.70
9.69
9.68
9.68
9.64
9.63
9.65
9.65
9.63
9.65
9.64
9.66
9.66
9.69
9.68
9.68
9.71
9.68
9.63
9.59
9.59
9.59
9.60
9.65
9.67
9.71
9.78
9.73
9.74
9.72
9.73
9.73
9.76
9.77
9.77
9.73
9.73
9.70
9.70
9.74
9.73
9.70
9.73
9.68
9.65
9.64
9.68
9.69
9.69
9.73
9.70
9.69
9.69
9.70
9.70
9.70
9.77
9.74
9.78
9.82
9.82
9.83
9.83
9.87
9.84
9.83
9.86
9.86
9.86
9.87
9.85
9.81
9.80
9.81
9.79
9.79
9.76
9.79
9.78
9.77
9.76
9.75
9.76
9.73
9.71
9.73
9.72
9.71
9.70
9.67
9.64
9.61
9.62
9.61
9.60
9.59
9.59
9.59
9.57
9.55
9.58
9.57
9.56
9.53
9.54
9.54
9.54
9.56
9.54
9.53
9.51
9.53
9.52
9.53
9.53
9.52
9.50
9.52
9.53
9.54
9.55
9.55
9.55
9.58
9.59
9.58
9.57
9.57
9.58
9.61
9.64
9.64
9.63
9.61
9.59
9.57
9.57
9.58
9.56
9.58
9.58
9.60
9.62
9.64
9.63
9.65
9.65
9.63
9.62
9.63
9.63
9.62
9.63
9.62
9.63
9.63
9.61
9.62
9.62
9.61
9.61
9.60
9.60
9.61
9.59
9.60
9.58
9.58
9.56
9.57
9.57
9.58
9.58
9.58
9.56
9.56
9.55
9.54
9.52
9.55
9.55
9.59
9.59
9.59
9.58
9.59
9.57
9.57
9.56
9.56
9.55
9.55
9.55
9.56
9.56
9.58
9.56
9.57
9.60
9.58
9.60
9.61
9.62
9.62
9.60
9.63
9.62
9.62
9.60
9.61
9.60
9.59
9.58
9.59
9.57
9.57
9.58
9.57
9.58
9.58
9.57
9.58
9.58
9.57
9.56
9.56
9.55
9.54
9.54
9.55
9.56
9.55
9.55
9.55
9.53
9.54
9.53
9.52
9.51
9.49
9.49
9.49
9.50
9.51
9.50
9.49
9.48
9.48
9.47
9.47
9.46
9.47
9.47
9.45
9.46
9.46
9.45
9.45
9.44
9.44
9.43
9.43
9.43
9.43
9.42
9.42
9.41
9.41
9.42
9.42
9.41
9.41
9.41
9.40
9.41
9.39
9.40
9.39
9.38
9.38
9.39
9.39
9.37
9.37
9.36
9.35
9.35
9.36
9.35
9.35
9.34
9.33
