68.75
66.41
68.23
66.02
67.19
69.53
69.64
70.51
69.62
70.00
69.74
69.40
68.87
68.53
68.96
68.75
68.47
67.45
67.11
66.95
66.89
67.26
66.71
66.54
66.31
66.65
66.20
66.29
66.43
66.72
66.78
66.94
67.14
67.10
67.05
66.58
66.81
66.94
66.99
67.11
66.96
67.11
67.37
67.33
67.40
67.32
67.19
67.22
67.22
67.31
67.43
67.46
67.33
67.39
67.30
67.10
67.02
67.08
67.06
67.14
67.09
67.04
67.04
67.11
67.14
67.14
67.07
67.12
67.26
67.28
67.39
67.32
67.27
67.27
67.27
67.21
67.27
67.35
67.31
67.23
67.19
67.17
67.13
67.09
67.17
67.13
67.10
67.12
67.22
67.26
67.29
67.37
67.41
67.39
67.37
67.40
67.41
67.41
67.41
67.31
67.25
67.28
67.29
67.34
67.35
67.29
67.32
67.33
67.43
67.30
67.34
67.30
67.27
67.30
67.30
67.27
67.28
67.25
67.27
67.30
67.26
67.28
67.29
67.31
67.31
67.34
67.40
67.43
67.44
67.44
67.45
67.42
67.39
67.36
67.30
67.35
67.21
67.21
67.20
67.20
67.13
67.17
67.17
67.18
67.18
67.16
67.19
67.27
67.23
67.21
67.25
67.25
67.26
67.28
67.19
67.24
67.30
67.27
67.29
67.27
67.30
67.30
67.28
67.22
67.25
67.26
67.27
67.34
67.32
67.29
67.26
67.29
67.26
67.23
67.25
67.24
67.28
67.27
67.21
67.24
67.14
67.10
67.09
67.11
67.10
67.08
67.06
67.09
67.06
67.11
67.07
67.09
67.07
67.11
67.03
66.98
66.95
66.95
66.99
67.02
66.97
66.98
66.96
66.99
67.01
67.04
67.04
67.08
67.07
67.05
67.08
67.05
67.05
67.03
67.06
67.08
67.08
67.10
67.09
67.10
67.12
67.17
67.17
67.19
67.16
67.17
67.13
67.13
67.16
67.16
67.17
67.16
67.12
67.13
67.15
67.15
67.13
67.13
67.11
67.17
67.14
67.12
67.09
67.07
67.07
67.05
67.04
67.05
67.02
67.00
66.99
66.98
66.97
66.95
66.99
66.96
66.98
66.99
67.04
67.06
67.09
67.07
67.07
67.07
67.08
67.09
67.08
67.08
67.11
67.12
67.12
67.15
67.16
67.14
67.14
67.13
67.16
67.17
67.20
67.20
67.23
67.25
67.28
67.29
67.30
67.32
67.32
67.32
67.36
67.33
67.31
67.32
67.32
67.36
67.36
67.33
67.31
67.29
67.29
67.29
67.29
67.31
67.31
67.30
67.30
67.28
67.29
67.29
67.30
67.33
67.37
67.40
67.41
67.41
67.40
67.40
67.42
67.43
67.43
67.43
67.44
67.42
67.41
67.41
67.41
67.41
67.42
67.44
67.43
67.43
67.41
67.40
67.43
67.44
67.48
67.48
67.50
67.49
67.48
67.48
67.48
67.48
67.48
67.45
67.41
67.42
67.43
67.40
67.38
67.40
67.40
67.39
67.40
67.37
67.39
67.39
67.39
67.41
67.38
67.36
67.36
67.36
67.37
67.35
67.34
67.33
67.33
67.34
67.32
67.30
67.29
67.29
67.31
67.32
67.29
67.29
67.29
67.29
67.31
67.31
67.32
67.32
67.31
67.31
67.31
67.30
67.31
67.31
67.33
67.33
67.34
67.33
67.31
67.29
67.31
67.30
67.29
67.27
67.27
67.27
67.27
67.27
67.25
67.23
67.23
67.21
67.20
67.17
67.21
67.19
67.19
67.18
67.20
67.20
67.21
67.21
67.22
67.24
67.26
67.27
67.29
67.29
67.28
67.28
67.27
67.27
67.25
67.25
67.24
67.25
67.25
67.24
67.23
67.25
67.26
67.23
67.22
67.19
67.20
67.19
67.19
67.18
67.16
67.16
67.17
67.17
67.18
67.17
67.17
67.18
67.18
67.17
67.17
67.19
67.21
67.20
67.20
67.21
67.20
67.20
67.19
67.17
67.19
67.19
67.20
67.21
67.19
67.19
67.19
67.20
67.19
67.19
67.20
67.20
67.21
67.23
67.23
67.23
67.21
67.21
67.23
67.23
67.20
67.17
67.17
67.16
67.16
67.13
67.11
67.11
67.12
67.15
67.15
67.17
67.18
67.19
67.22
67.23
67.21
67.21
67.22
67.23
67.22
67.22
67.22
67.21
67.19
67.20
67.20
67.21
67.23
67.24
67.24
67.25
67.26
67.26
67.26
67.27
67.26
67.27
67.26
67.26
67.27
67.29
67.29
67.29
67.26
67.27
67.26
67.26
67.27
67.28
67.29
67.28
67.30
67.30
67.28
67.31
67.29
67.31
67.31
67.29
67.31
67.31
67.30
67.31
67.32
67.32
67.32
67.33
67.34
67.35
67.35
67.35
67.35
67.33
67.31
67.30
67.30
67.30
67.31
67.31
67.31
67.30
67.32
67.32
67.32
67.31
67.31
67.30
67.29
67.28
67.28
67.29
67.27
67.28
67.28
67.27
67.27
67.25
67.24
67.24
67.24
67.22
67.22
67.23
67.23
67.23
67.24
67.25
67.25
67.25
67.25
67.23
67.23
67.23
67.24
67.24
67.24
67.25
67.26
67.26
67.27
67.28
67.30
67.30
67.29
67.29
67.30
67.29
67.30
67.30
67.31
67.31
67.31
67.31
67.30
67.30
67.30
67.30
67.32
67.31
67.32
67.32
67.33
67.33
67.33
67.33
67.31
67.31
67.31
67.30
67.30
67.32
67.33
67.34
67.34
67.34
67.35
67.35
67.36
67.36
67.37
67.38
67.39
67.40
67.41
67.41
67.41
67.41
67.41
67.39
67.39
67.39
67.38
67.39
67.40
67.41
67.40
67.40
67.41
67.41
67.42
67.39
67.38
67.38
67.38
67.38
67.37
67.36
67.34
67.35
67.36
67.37
67.36
67.37
67.37
67.37
67.36
67.35
67.35
67.35
67.34
67.32
67.31
67.32
67.31
67.32
67.32
67.32
67.31
67.31
67.31
67.31
67.30
67.30
67.30
67.31
67.30
67.31
67.32
67.31
67.31
67.31
67.30
67.29
67.28
67.28
67.27
67.27
67.28
67.27
67.25
67.25
67.27
67.26
67.26
67.25
67.25
67.25
67.25
67.25
67.25
67.25
67.26
67.26
67.26
67.26
67.27
67.26
67.26
67.26
67.26
67.26
67.26
67.26
67.24
67.24
67.24
67.25
67.24
67.25
67.25
67.25
67.25
67.26
67.27
67.25
67.24
67.25
67.25
67.22
67.23
67.24
67.22
67.22
67.24
67.24
67.23
67.23
67.23
67.23
67.23
67.23
67.23
67.22
67.22
67.22
67.23
67.24
67.23
67.21
67.21
67.22
67.22
67.23
67.23
67.23
67.24
67.25
67.25
67.19
