81.25
74.22
75.52
76.56
75.94
76.30
77.46
77.93
77.60
76.56
76.56
75.26
76.08
75.67
75.73
75.49
75.64
75.35
75.33
75.55
74.85
74.72
74.73
74.80
74.50
75.18
74.94
75.22
74.89
75.36
75.20
75.05
75.19
74.82
74.73
74.61
74.66
74.63
74.60
74.73
74.58
74.55
74.71
74.68
74.69
74.76
74.57
74.58
74.27
74.22
74.26
74.34
74.29
74.25
74.23
74.14
74.29
74.30
74.36
74.30
74.26
74.22
74.18
74.19
74.06
74.03
74.00
73.87
73.87
73.86
73.86
73.81
73.78
73.75
73.77
73.83
73.86
73.86
73.75
73.81
73.75
73.78
73.78
73.70
73.66
73.71
73.78
73.79
73.86
73.82
73.78
73.88
73.96
73.85
73.87
73.78
73.81
73.84
73.83
73.81
73.92
73.93
73.88
73.86
73.85
73.73
73.64
73.58
73.54
73.57
73.63
73.72
73.74
73.73
73.75
73.72
73.70
73.73
73.73
73.74
73.73
73.71
73.73
73.71
73.69
73.71
73.79
73.83
73.76
73.83
73.80
73.86
73.79
73.75
73.77
73.77
73.88
73.87
73.80
73.71
73.75
73.75
73.69
73.71
73.71
73.72
73.65
73.67
73.68
73.66
73.67
73.74
73.74
73.76
73.73
73.74
73.76
73.76
73.79
73.78
73.83
73.89
73.84
73.84
73.78
73.80
73.80
73.83
73.84
73.85
73.92
73.95
73.98
74.02
74.02
74.02
74.06
74.07
74.11
74.18
74.21
74.23
74.25
74.30
74.30
74.34
74.35
74.36
74.33
74.33
74.28
74.24
74.23
74.23
74.24
74.22
74.21
74.22
74.21
74.23
74.18
74.12
74.11
74.11
74.14
74.12
74.09
74.06
74.04
74.00
73.96
73.95
73.91
73.93
73.93
73.94
73.96
73.91
73.87
73.86
73.87
73.82
73.79
73.82
73.87
73.87
73.86
73.87
73.90
73.91
73.90
73.94
73.93
73.90
73.94
73.92
73.97
73.98
73.97
73.96
73.95
73.98
73.96
73.94
73.93
73.98
73.97
73.99
73.97
74.01
74.00
74.00
73.98
73.93
73.93
73.88
73.88
73.91
73.87
73.86
73.87
73.87
73.85
73.88
73.83
73.84
73.80
73.82
73.83
73.84
73.84
73.81
73.84
73.84
73.84
73.85
73.83
73.85
73.86
73.89
73.89
73.89
73.87
73.89
73.88
73.89
73.90
73.90
73.89
73.91
73.89
73.90
73.89
73.89
73.91
73.92
73.92
73.94
73.95
73.97
73.94
73.91
73.92
73.94
73.92
73.90
73.90
73.91
73.89
73.88
73.84
73.83
73.83
73.86
73.87
73.87
73.89
73.90
73.90
73.92
73.95
73.96
73.98
74.01
74.02
74.00
74.01
74.01
74.00
74.03
74.00
74.00
74.02
74.01
73.98
73.96
73.95
73.94
73.95
73.92
73.92
73.95
73.93
73.94
73.92
73.93
73.92
73.94
73.94
73.92
73.92
73.93
73.95
73.93
73.95
73.95
73.96
73.97
73.99
74.01
74.04
74.06
74.06
74.06
74.06
74.04
74.03
74.04
74.03
74.02
74.02
74.01
74.02
74.05
74.05
74.08
74.08
74.09
74.08
74.05
74.06
74.08
74.08
74.10
74.08
74.07
74.05
74.05
74.04
74.05
74.06
74.06
74.07
74.05
74.00
74.00
73.99
74.01
74.00
74.00
74.01
74.02
74.00
73.98
73.97
74.00
74.00
74.01
74.01
74.02
74.03
74.06
74.05
74.06
74.07
74.08
74.09
74.06
74.05
74.05
74.06
74.06
74.07
74.05
74.06
74.07
74.07
74.06
74.08
74.10
74.09
74.09
74.09
74.09
74.09
74.10
74.11
74.11
74.12
74.11
74.09
74.11
74.13
74.13
74.15
74.16
74.16
74.17
74.16
74.16
74.14
74.14
74.12
74.09
74.09
74.08
74.10
74.09
74.09
74.06
74.06
74.08
74.08
74.06
74.09
74.08
74.08
74.07
74.07
74.07
74.06
74.06
74.05
74.05
74.05
74.04
74.02
74.01
74.01
74.02
74.03
74.05
74.06
74.07
74.09
74.09
74.11
74.11
74.11
74.11
74.12
74.13
74.12
74.12
74.12
74.11
74.11
74.12
74.12
74.10
74.10
74.12
74.13
74.12
74.13
74.13
74.13
74.11
74.11
74.09
74.10
74.11
74.13
74.15
74.15
74.14
74.14
74.13
74.12
74.12
74.12
74.12
74.12
74.11
74.11
74.11
74.10
74.11
74.13
74.11
74.13
74.09
74.09
74.10
74.11
74.11
74.10
74.10
74.10
74.09
74.09
74.09
74.10
74.10
74.10
74.10
74.10
74.11
74.11
74.09
74.08
74.07
74.07
74.09
74.10
74.09
74.10
74.09
74.10
74.09
74.10
74.11
74.11
74.11
74.13
74.12
74.13
74.13
74.13
74.13
74.14
74.14
74.13
74.12
74.12
74.11
74.13
74.12
74.11
74.12
74.11
74.12
74.12
74.11
74.11
74.10
74.09
74.10
74.09
74.09
74.09
74.08
74.09
74.10
74.10
74.08
74.09
74.08
74.08
74.08
74.08
74.08
74.10
74.10
74.09
74.08
74.08
74.08
74.07
74.07
74.07
74.06
74.07
74.07
74.06
74.07
74.06
74.05
74.05
74.07
74.06
74.05
74.06
74.05
74.06
74.06
74.05
74.05
74.05
74.06
74.04
74.04
74.04
74.05
74.05
74.05
74.04
74.04
74.04
74.05
74.05
74.05
74.05
74.05
74.05
74.03
74.04
74.03
74.04
74.04
74.03
74.02
74.01
74.02
74.01
74.01
74.00
74.02
74.01
74.01
74.01
74.02
74.03
74.03
74.03
74.03
74.04
74.04
74.04
74.03
74.03
74.04
74.03
74.04
74.03
74.04
74.04
74.03
74.04
74.03
74.03
74.03
74.04
74.02
74.01
74.02
74.02
74.02
74.02
74.03
74.05
74.06
74.05
74.04
74.04
74.04
74.04
74.04
74.03
74.03
74.03
74.01
74.01
74.01
74.00
74.00
74.00
74.00
73.98
73.98
73.97
73.96
73.95
73.94
73.94
73.95
73.93
73.93
73.92
73.92
73.93
73.93
73.93
73.93
73.95
73.96
73.97
73.96
73.97
73.98
74.00
73.99
73.99
73.98
73.98
73.98
73.97
73.96
73.98
73.98
73.98
73.98
73.98
73.99
73.99
73.99
73.99
74.00
74.00
74.00
74.02
74.02
74.01
74.01
74.01
74.02
74.02
74.03
74.03
74.04
74.04
74.04
74.04
74.04
74.02
74.02
74.02
74.04
74.03
74.02
74.02
74.02
74.02
74.03
74.02
74.03
74.02
74.03
74.04
74.03
74.04
73.96
