20.31
20.31
20.31
21.48
29.06
26.82
31.25
30.08
29.69
29.53
29.26
28.26
27.40
27.01
26.67
26.27
26.01
25.52
25.58
27.50
27.16
27.41
27.51
27.21
27.31
27.22
27.20
27.06
26.99
26.77
26.92
26.86
26.99
27.07
26.70
26.69
26.56
26.52
26.60
26.68
26.64
26.60
26.45
26.31
26.08
25.82
25.80
25.55
25.73
25.72
25.70
26.53
26.59
26.48
26.34
26.42
26.29
26.19
26.19
26.33
26.20
26.21
26.12
26.05
26.01
25.90
25.93
25.74
26.20
26.29
26.21
26.22
26.22
26.22
26.27
26.30
26.24
26.16
26.03
25.96
25.91
25.84
25.75
25.76
26.18
26.13
26.15
26.14
26.19
26.11
25.98
25.97
25.91
25.88
25.81
25.81
26.10
26.04
25.98
26.31
26.36
26.33
26.26
26.16
26.15
26.52
26.52
26.50
26.42
26.42
26.39
26.42
26.33
26.32
26.30
26.28
26.28
26.28
26.25
26.15
26.15
26.11
26.09
26.08
26.11
26.05
25.92
25.96
25.97
26.30
26.35
26.29
26.27
26.27
26.26
26.31
26.29
26.21
26.43
26.41
26.44
26.40
26.40
26.37
26.33
26.28
26.26
26.17
26.16
26.14
26.11
26.07
26.03
26.00
26.26
26.19
26.22
26.20
26.17
26.17
26.17
26.12
26.07
26.31
26.23
26.20
26.16
26.20
26.14
26.10
26.09
26.06
26.05
26.05
26.00
25.97
25.94
25.91
25.90
25.91
25.87
25.82
25.82
25.79
25.79
25.82
25.84
25.80
25.79
25.79
25.77
25.76
25.80
25.95
25.94
25.92
25.88
25.85
25.84
25.83
25.82
25.83
25.81
25.80
25.77
25.72
25.72
25.69
25.68
25.68
25.67
25.63
25.57
25.55
25.49
25.45
25.48
25.44
25.44
25.39
25.34
25.35
25.32
25.31
25.31
25.34
25.33
25.34
25.29
25.29
25.30
25.28
25.27
25.25
25.45
25.41
25.38
25.39
25.41
25.35
25.34
25.32
25.33
25.51
25.50
25.46
25.49
25.42
25.39
25.35
25.34
25.33
25.30
25.31
25.33
25.51
25.50
25.48
25.46
25.46
25.45
25.46
25.43
25.43
25.43
25.42
25.40
25.41
25.37
25.38
25.39
25.38
25.36
25.35
25.35
25.34
25.34
25.33
25.31
25.30
25.29
25.27
25.24
25.21
25.18
25.17
25.30
25.29
25.27
25.40
25.40
25.50
25.50
25.46
25.45
25.41
25.41
25.37
25.38
25.39
25.38
25.40
25.40
25.53
25.52
25.52
25.66
25.64
25.61
25.57
25.55
25.53
25.53
25.51
25.51
25.49
25.48
25.48
25.47
25.43
25.43
25.44
25.43
25.41
25.43
25.43
25.40
25.39
25.54
25.52
25.50
25.47
25.47
25.47
25.48
25.44
25.43
25.39
25.37
25.37
25.38
25.35
25.32
25.30
25.26
25.27
25.25
25.38
25.36
25.46
25.45
25.45
25.43
25.45
25.43
25.43
25.44
25.44
25.57
25.56
25.68
25.66
25.64
25.64
25.62
25.62
25.62
25.62
25.64
25.62
25.64
25.60
25.58
25.56
25.56
25.53
25.51
25.50
25.61
25.60
25.60
25.60
25.60
25.59
25.57
25.58
25.60
25.60
25.56
25.56
25.56
25.57
25.55
25.64
25.64
25.63
25.63
25.62
25.61
25.60
25.60
25.58
25.56
25.64
25.61
25.60
25.62
25.62
25.60
25.60
25.60
25.60
25.60
25.61
25.61
25.62
25.61
25.59
25.60
25.61
25.67
25.68
25.67
25.66
25.68
25.66
25.67
25.68
25.68
25.68
25.66
25.65
25.65
25.64
25.63
25.62
25.60
25.59
25.59
25.70
25.80
25.81
25.80
25.89
25.88
25.85
25.84
25.82
25.80
25.81
25.80
25.80
25.80
25.78
25.79
25.77
25.76
25.76
25.75
25.74
25.72
25.71
25.71
25.69
25.68
25.68
25.66
25.75
25.75
25.75
25.76
25.79
25.79
25.87
25.86
25.84
25.85
25.84
25.83
25.81
25.81
25.80
25.78
25.79
25.79
25.79
25.80
25.81
25.81
25.82
25.82
25.83
25.83
25.82
25.81
25.80
25.78
25.77
25.74
25.72
25.73
25.73
25.73
25.74
25.74
25.73
25.71
25.70
25.69
25.70
25.68
25.69
25.69
25.67
25.66
25.73
25.72
25.70
25.70
25.70
25.70
25.69
25.68
25.67
25.67
25.72
25.70
25.69
25.68
25.65
25.64
25.65
25.66
25.66
25.65
25.64
25.62
25.60
25.58
25.55
25.56
25.56
25.54
25.52
25.51
25.50
25.49
25.48
25.49
25.48
25.47
25.45
25.52
25.52
25.51
25.51
25.59
25.58
25.59
25.60
25.58
25.58
25.57
25.55
25.55
25.54
25.52
25.52
25.51
25.50
25.49
25.48
25.49
25.48
25.55
25.55
25.54
25.58
25.57
25.58
25.56
25.55
25.54
25.63
25.63
25.64
25.64
25.65
25.64
25.68
25.68
25.69
25.70
25.70
25.70
25.69
25.70
25.68
25.67
25.66
25.66
25.65
25.65
25.65
25.65
25.64
25.62
25.62
25.61
25.60
25.59
25.58
25.58
25.65
25.64
25.69
25.68
25.76
25.77
25.76
25.75
25.74
25.73
25.71
25.71
25.71
25.69
25.68
25.68
25.66
25.64
25.64
25.65
25.66
25.67
25.67
25.67
25.66
25.73
25.73
25.72
25.72
25.72
25.74
25.74
25.74
25.72
25.70
25.69
25.68
25.67
25.66
25.65
25.65
25.65
25.65
25.64
25.63
25.62
25.69
25.70
25.70
25.71
25.71
25.70
25.70
25.68
25.68
25.67
25.66
25.66
25.67
25.67
25.67
25.67
25.65
25.65
25.64
25.63
25.62
25.61
25.61
25.61
25.61
25.60
25.59
25.60
25.60
25.60
25.59
25.59
25.59
25.60
25.58
25.57
25.55
25.54
25.55
25.54
25.54
25.52
25.52
25.50
25.50
25.49
25.49
25.50
25.49
25.49
25.48
25.48
25.49
25.49
25.50
25.49
25.49
25.49
25.48
25.48
25.47
25.50
25.50
25.49
25.50
25.49
25.48
25.47
25.46
25.46
25.46
25.44
25.50
25.55
25.55
25.54
25.53
25.53
25.52
25.51
25.50
25.49
25.48
25.47
25.53
25.53
25.54
25.53
25.58
25.58
25.58
25.59
25.59
25.59
25.58
25.58
25.56
25.57
25.55
25.55
25.54
25.54
25.53
25.53
25.52
25.51
25.51
25.52
25.51
25.51
25.50
25.48
25.47
25.48
25.47
25.46
25.45
25.46
25.46
25.52
25.52
25.51
25.48
