76.56
75.78
77.08
78.52
79.38
78.12
78.57
77.93
78.65
78.91
79.55
79.30
79.57
79.58
79.58
79.39
79.23
79.51
79.77
79.77
79.54
79.69
79.89
79.62
79.75
79.99
79.92
79.85
80.01
80.16
80.29
80.22
80.26
80.47
80.22
80.08
80.07
80.02
79.57
79.26
79.34
79.35
79.40
79.47
79.44
79.62
79.62
79.72
79.69
79.62
79.81
79.84
79.81
79.80
79.74
79.83
79.88
79.80
79.69
79.69
79.74
79.64
79.76
79.81
79.78
79.83
79.92
79.78
79.78
79.69
79.64
79.69
79.69
79.60
79.52
79.36
79.36
79.33
79.33
79.24
79.22
79.27
79.29
79.37
79.30
79.32
79.35
79.19
79.21
79.25
79.24
79.26
79.15
79.11
78.96
79.07
79.14
79.10
79.04
79.09
78.99
78.97
78.99
78.95
78.93
78.95
78.94
78.92
78.97
78.98
78.94
78.93
78.83
78.88
78.89
79.01
79.03
79.05
79.06
78.98
78.99
78.93
78.89
78.86
78.86
78.82
78.79
78.81
78.78
78.75
78.73
78.67
78.63
78.65
78.59
78.52
78.55
78.56
78.60
78.63
78.62
78.58
78.63
78.66
78.65
78.70
78.68
78.66
78.66
78.68
78.62
78.62
78.62
78.62
78.63
78.67
78.72
78.70
78.70
78.75
78.77
78.79
78.80
78.82
78.81
78.75
78.77
78.72
78.72
78.77
78.75
78.80
78.77
78.74
78.73
78.72
78.67
78.69
78.66
78.68
78.69
78.63
78.65
78.71
78.70
78.73
78.72
78.71
78.71
78.74
78.72
78.70
78.70
78.70
78.71
78.71
78.70
78.72
78.75
78.75
78.76
78.78
78.80
78.79
78.80
78.83
78.84
78.82
78.84
78.80
78.82
78.85
78.83
78.82
78.82
78.80
78.75
78.73
78.70
78.70
78.72
78.73
78.74
78.77
78.79
78.80
78.83
78.82
78.86
78.87
78.88
78.85
78.88
78.83
78.85
78.86
78.89
78.89
78.91
78.89
78.86
78.87
78.89
78.91
78.92
78.94
78.95
78.98
78.95
78.93
78.95
78.97
78.95
78.96
78.93
78.93
78.92
78.88
78.88
78.88
78.85
78.84
78.85
78.81
78.84
78.84
78.84
78.87
78.90
78.89
78.90
78.90
78.87
78.88
78.85
78.85
78.84
78.86
78.85
78.86
78.88
78.87
78.90
78.93
78.94
78.94
78.96
78.96
78.97
78.95
79.01
79.01
79.04
79.05
79.04
79.03
79.05
79.05
79.06
79.06
79.06
79.08
79.04
79.01
79.01
79.02
79.02
78.99
78.97
78.95
78.94
78.93
78.90
78.88
78.87
78.89
78.88
78.87
78.88
78.87
78.85
78.86
78.86
78.84
78.88
78.86
78.86
78.86
78.85
78.85
78.82
78.83
78.81
78.84
78.87
78.89
78.89
78.87
78.88
78.87
78.85
78.85
78.83
78.82
78.82
78.84
78.85
78.85
78.85
78.87
78.87
78.88
78.87
78.86
78.88
78.87
78.86
78.85
78.85
78.87
78.87
78.87
78.87
78.87
78.87
78.87
78.84
78.84
78.82
78.83
78.86
78.87
78.86
78.87
78.87
78.85
78.83
78.83
78.83
78.82
78.83
78.84
78.83
78.81
78.82
78.84
78.84
78.83
78.83
78.79
78.80
78.81
78.82
78.80
78.81
78.82
78.82
78.82
78.83
78.81
78.81
78.81
78.79
78.78
78.79
78.79
78.81
78.80
78.78
78.77
78.77
78.76
78.76
78.76
78.75
78.76
78.77
78.74
78.75
78.74
78.72
78.71
78.72
78.72
78.72
78.71
78.73
78.74
78.73
78.74
78.75
78.74
78.77
78.77
78.75
78.75
78.76
78.75
78.75
78.75
78.76
78.75
78.76
78.78
78.78
78.79
78.78
78.77
78.78
78.78
78.80
78.79
78.79
78.78
78.80
78.80
78.80
78.81
78.81
78.81
78.81
78.77
78.78
78.78
78.75
78.76
78.74
78.73
78.72
78.73
78.72
78.72
78.71
78.70
78.71
78.71
78.71
78.71
78.72
78.73
78.74
78.74
78.75
78.74
78.74
78.74
78.75
78.74
78.73
78.73
78.73
78.73
78.71
78.71
78.71
78.71
78.71
78.71
78.73
78.73
78.72
78.73
78.75
78.76
78.73
78.72
78.73
78.71
78.70
78.69
78.68
78.68
78.68
78.68
78.67
78.66
78.66
78.64
78.64
78.64
78.64
78.62
78.63
78.62
78.61
78.61
78.61
78.61
78.63
78.64
78.62
78.62
78.64
78.63
78.62
78.61
78.62
78.60
78.59
78.60
78.60
78.60
78.57
78.58
78.58
78.59
78.61
78.61
78.62
78.61
78.61
78.61
78.62
78.63
78.63
78.63
78.64
78.63
78.63
78.63
78.63
78.62
78.62
78.61
78.61
78.61
78.60
78.61
78.60
78.58
78.60
78.60
78.61
78.62
78.62
78.62
78.61
78.62
78.61
78.63
78.64
78.63
78.63
78.65
78.68
78.68
78.68
78.67
78.66
78.67
78.66
78.67
78.67
78.66
78.67
78.66
78.67
78.67
78.66
78.66
78.65
78.65
78.64
78.64
78.65
78.65
78.65
78.64
78.64
78.64
78.64
78.65
78.65
78.64
78.64
78.65
78.64
78.64
78.63
78.65
78.64
78.64
78.64
78.65
78.65
78.65
78.67
78.65
78.66
78.65
78.65
78.65
78.64
78.64
78.65
78.66
78.66
78.66
78.65
78.65
78.66
78.66
78.66
78.67
78.67
78.68
78.67
78.69
78.68
78.69
78.69
78.69
78.70
78.69
78.70
78.70
78.71
78.71
78.71
78.70
78.70
78.70
78.70
78.71
78.71
78.72
78.73
78.74
78.73
78.75
78.75
78.76
78.75
78.73
78.74
78.73
78.73
78.72
78.73
78.72
78.73
78.73
78.73
78.73
78.73
78.74
78.75
78.75
78.74
78.74
78.75
78.75
78.75
78.75
78.75
78.74
78.75
78.76
78.75
78.74
78.74
78.74
78.75
78.76
78.75
78.74
78.74
78.75
78.75
78.74
78.74
78.74
78.74
78.75
78.74
78.74
78.74
78.73
78.73
78.73
78.72
78.72
78.73
78.74
78.74
78.74
78.75
78.73
78.74
78.73
78.73
78.73
78.73
78.73
78.72
78.73
78.71
78.71
78.71
78.71
78.72
78.72
78.72
78.70
78.71
78.70
78.71
78.71
78.71
78.71
78.71
78.72
78.72
78.73
78.73
78.73
78.74
78.72
78.72
78.72
78.72
78.72
78.72
78.72
78.73
78.73
78.71
78.71
78.71
78.71
78.71
78.72
78.72
78.72
78.73
78.74
78.73
78.73
78.74
78.73
78.74
78.66
