1.56
0.78
1.04
0.78
0.94
1.04
0.89
0.78
0.69
0.62
0.71
0.65
0.60
0.56
0.52
0.59
0.55
0.52
0.49
0.55
0.52
0.57
0.54
0.65
0.69
0.72
0.69
0.67
0.70
0.68
0.66
0.68
0.71
0.69
0.67
0.65
0.68
0.66
0.64
0.62
0.61
0.60
0.62
0.60
0.59
0.58
0.57
0.55
0.54
0.56
0.55
0.54
0.56
0.55
0.54
0.56
0.55
0.54
0.53
0.52
0.51
0.53
0.52
0.51
0.50
0.50
0.51
0.55
0.54
0.56
0.55
0.54
0.54
0.53
0.54
0.53
0.53
0.54
0.55
0.55
0.54
0.53
0.55
0.54
0.53
0.53
0.52
0.51
0.51
0.52
0.52
0.51
0.50
0.50
0.49
0.49
0.48
0.49
0.49
0.50
0.50
0.51
0.50
0.50
0.49
0.50
0.50
0.49
0.49
0.48
0.49
0.49
0.48
0.48
0.50
0.51
0.52
0.53
0.53
0.52
0.52
0.51
0.52
0.52
0.51
0.51
0.50
0.50
0.50
0.49
0.49
0.49
0.48
0.48
0.49
0.49
0.49
0.49
0.49
0.49
0.50
0.50
0.50
0.50
0.51
0.50
0.50
0.50
0.50
0.51
0.51
0.51
0.51
0.52
0.51
0.52
0.52
0.52
0.54
0.54
0.53
0.53
0.53
0.52
0.52
0.52
0.51
0.51
0.51
0.51
0.51
0.51
0.51
0.50
0.51
0.51
0.51
0.51
0.51
0.50
0.50
0.50
0.50
0.49
0.50
0.50
0.50
0.50
0.50
0.49
0.50
0.50
0.49
0.49
0.49
0.49
0.48
0.48
0.48
0.48
0.49
0.49
0.48
0.48
0.48
0.48
0.49
0.49
0.49
0.48
0.48
0.48
0.49
0.50
0.49
0.49
0.49
0.49
0.49
0.50
0.49
0.49
0.49
0.49
0.49
0.48
0.48
0.48
0.48
0.48
0.47
0.47
0.47
0.47
0.47
0.46
0.46
0.46
0.46
0.46
0.45
0.45
0.45
0.45
0.45
0.46
0.46
0.46
0.46
0.46
0.45
0.45
0.45
0.45
0.45
0.45
0.44
0.44
0.44
0.44
0.44
0.44
0.43
0.43
0.43
0.43
0.43
0.43
0.44
0.43
0.44
0.44
0.45
0.44
0.45
0.45
0.45
0.44
0.46
0.46
0.46
0.46
0.46
0.46
0.46
0.45
0.45
0.45
0.45
0.45
0.45
0.44
0.44
0.45
0.44
0.44
0.44
0.45
0.44
0.45
0.45
0.44
0.44
0.45
0.45
0.44
0.45
0.46
0.46
0.46
0.46
0.46
0.46
0.46
0.46
0.46
0.46
0.46
0.46
0.45
0.45
0.46
0.45
0.46
0.46
0.47
0.47
0.47
0.47
0.47
0.47
0.47
0.47
0.48
0.48
0.48
0.48
0.48
0.48
0.48
0.48
0.48
0.47
0.48
0.48
0.47
0.48
0.48
0.47
0.47
0.47
0.47
0.47
0.47
0.48
0.48
0.48
0.48
0.49
0.49
0.50
0.50
0.50
0.49
0.49
0.50
0.50
0.50
0.50
0.50
0.50
0.50
0.49
0.49
0.49
0.49
0.49
0.49
0.49
0.49
0.50
0.50
0.50
0.50
0.50
0.50
0.50
0.50
0.49
0.49
0.50
0.49
0.50
0.50
0.49
0.50
0.50
0.49
0.49
0.49
0.49
0.49
0.49
0.49
0.49
0.49
0.49
0.49
0.49
0.49
0.49
0.49
0.48
0.49
0.49
0.48
0.48
0.48
0.48
0.48
0.48
0.48
0.48
0.49
0.49
0.50
0.49
0.49
0.49
0.49
0.49
0.49
0.49
0.49
0.48
0.49
0.49
0.49
0.49
0.49
0.49
0.48
0.48
0.48
0.48
0.48
0.48
0.48
0.48
0.48
0.49
0.48
0.49
0.49
0.48
0.48
0.48
0.48
0.48
0.48
0.48
0.48
0.49
0.48
0.48
0.48
0.48
0.48
0.48
0.48
0.48
0.48
0.48
0.48
0.48
0.48
0.48
0.48
0.48
0.48
0.48
0.48
0.48
0.47
0.47
0.47
0.47
0.47
0.47
0.47
0.47
0.47
0.47
0.46
0.46
0.46
0.47
0.46
0.47
0.48
0.48
0.48
0.48
0.47
0.47
0.48
0.48
0.48
0.48
0.48
0.48
0.48
0.48
0.48
0.48
0.48
0.48
0.49
0.49
0.49
0.49
0.49
0.49
0.49
0.49
0.48
0.48
0.49
0.48
0.49
0.49
0.49
0.49
0.49
0.49
0.49
0.49
0.49
0.49
0.49
0.49
0.49
0.49
0.49
0.50
0.50
0.50
0.50
0.51
0.51
0.50
0.51
0.51
0.51
0.51
0.51
0.51
0.51
0.51
0.51
0.51
0.51
0.51
0.51
0.51
0.52
0.52
0.52
0.52
0.52
0.52
0.52
0.52
0.51
0.51
0.51
0.51
0.51
0.51
0.51
0.51
0.51
0.51
0.51
0.51
0.51
0.51
0.51
0.51
0.51
0.50
0.50
0.51
0.51
0.51
0.51
0.51
0.51
0.51
0.51
0.51
0.51
0.51
0.51
0.51
0.51
0.51
0.51
0.51
0.51
0.51
0.51
0.51
0.52
0.52
0.51
0.51
0.51
0.51
0.51
0.51
0.51
0.51
0.51
0.51
0.51
0.51
0.51
0.51
0.51
0.51
0.51
0.52
0.52
0.52
0.52
0.52
0.51
0.52
0.52
0.51
0.51
0.51
0.51
0.51
0.51
0.51
0.51
0.51
0.51
0.51
0.51
0.51
0.51
0.51
0.50
0.51
0.51
0.51
0.51
0.51
0.51
0.51
0.51
0.51
0.51
0.51
0.51
0.51
0.51
0.51
0.51
0.51
0.51
0.51
0.51
0.51
0.51
0.51
0.51
0.50
0.50
0.50
0.50
0.50
0.50
0.50
0.50
0.50
0.50
0.50
0.50
0.50
0.50
0.50
0.50
0.50
0.50
0.50
0.50
0.50
0.50
0.50
0.49
0.49
0.49
0.50
0.50
0.50
0.50
0.50
0.50
0.50
0.50
0.50
0.50
0.49
0.50
0.50
0.50
0.50
0.50
0.50
0.50
0.50
0.50
0.50
0.50
0.50
0.50
0.50
0.50
0.50
0.50
0.50
0.49
0.49
0.50
0.49
0.49
0.49
0.49
0.49
0.49
0.49
0.49
0.49
0.49
0.49
0.49
0.49
0.49
0.49
0.49
0.49
0.49
0.49
0.49
0.49
0.49
0.49
0.49
0.49
0.49
0.49
0.49
0.49
0.49
0.49
0.49
0.49
0.49
0.49
0.49
0.49
0.49
0.49
0.49
0.49
0.49
0.49
0.49
