79.69
80.47
82.81
83.98
83.12
82.55
83.04
83.40
83.33
83.12
82.95
83.33
82.69
82.70
82.50
81.93
81.62
81.42
81.09
81.33
81.25
81.11
81.11
81.32
81.31
81.37
81.66
81.92
81.79
81.93
81.80
81.88
81.82
81.80
81.61
81.60
81.55
81.50
81.33
81.29
81.36
81.36
81.47
81.71
81.60
81.66
81.68
81.67
81.70
81.56
81.77
81.82
81.93
81.92
81.88
81.81
81.77
81.90
81.86
81.72
81.76
81.78
81.72
81.74
81.73
81.75
81.79
81.80
81.86
81.83
81.73
81.86
81.85
81.90
81.94
81.91
81.88
81.91
81.84
81.84
81.79
81.69
81.72
81.68
81.60
81.60
81.54
81.55
81.48
81.48
81.46
81.42
81.33
81.40
81.48
81.54
81.60
81.63
81.63
81.67
81.75
81.76
81.81
81.82
81.79
81.77
81.85
81.86
81.90
81.99
81.98
81.99
82.00
82.00
81.94
81.87
81.76
81.75
81.79
81.78
81.74
81.83
81.86
81.87
81.90
81.92
81.89
81.96
82.00
82.01
81.99
81.97
81.97
81.96
81.94
81.95
81.97
81.92
81.91
81.93
81.98
81.98
82.03
82.05
82.00
82.02
81.97
81.95
81.91
81.91
81.90
81.91
81.96
82.01
82.06
82.07
82.02
82.05
81.97
82.00
81.98
82.02
82.03
82.05
82.00
81.94
81.90
81.90
81.90
81.88
81.84
81.86
81.86
81.84
81.83
81.80
81.80
81.79
81.84
81.82
81.79
81.80
81.80
81.79
81.79
81.80
81.83
81.81
81.82
81.82
81.81
81.76
81.77
81.78
81.79
81.81
81.81
81.87
81.85
81.84
81.83
81.81
81.77
81.75
81.78
81.76
81.78
81.79
81.82
81.81
81.80
81.77
81.79
81.78
81.80
81.81
81.78
81.74
81.74
81.75
81.72
81.72
81.68
81.69
81.66
81.66
81.66
81.65
81.65
81.64
81.64
81.65
81.63
81.60
81.60
81.56
81.59
81.60
81.61
81.62
81.63
81.65
81.63
81.60
81.58
81.59
81.60
81.61
81.58
81.57
81.54
81.52
81.48
81.46
81.45
81.46
81.47
81.48
81.48
81.50
81.50
81.49
81.51
81.50
81.47
81.48
81.50
81.54
81.52
81.52
81.53
81.54
81.52
81.54
81.54
81.58
81.57
81.55
81.53
81.52
81.51
81.50
81.49
81.51
81.49
81.48
81.50
81.51
81.50
81.51
81.54
81.54
81.53
81.56
81.58
81.56
81.58
81.59
81.56
81.55
81.52
81.53
81.52
81.53
81.55
81.55
81.52
81.51
81.49
81.47
81.45
81.44
81.44
81.41
81.43
81.43
81.44
81.44
81.46
81.47
81.49
81.51
81.50
81.49
81.48
81.46
81.46
81.44
81.44
81.46
81.49
81.49
81.49
81.49
81.49
81.52
81.53
81.55
81.56
81.57
81.57
81.56
81.57
81.57
81.58
81.58
81.57
81.59
81.58
81.60
81.60
81.61
81.62
81.62
81.62
81.63
81.64
81.64
81.65
81.66
81.66
81.67
81.69
81.71
81.70
81.69
81.68
81.67
81.69
81.71
81.73
81.76
81.75
81.76
81.77
81.78
81.78
81.76
81.78
81.78
81.77
81.75
81.73
81.73
81.72
81.72
81.72
81.72
81.71
81.71
81.74
81.73
81.72
81.71
81.69
81.67
81.67
81.69
81.70
81.68
81.67
81.68
81.67
81.69
81.71
81.71
81.71
81.71
81.70
81.71
81.73
81.73
81.72
81.72
81.74
81.73
81.73
81.74
81.74
81.73
81.75
81.77
81.79
81.80
81.79
81.80
81.79
81.78
81.79
81.78
81.78
81.78
81.78
81.78
81.78
81.77
81.76
81.76
81.75
81.75
81.74
81.73
81.74
81.73
81.73
81.72
81.72
81.72
81.72
81.72
81.71
81.72
81.73
81.72
81.73
81.73
81.74
81.73
81.75
81.75
81.76
81.77
81.77
81.77
81.77
81.77
81.78
81.78
81.80
81.80
81.81
81.79
81.80
81.80
81.80
81.79
81.79
81.79
81.78
81.79
81.78
81.79
81.80
81.80
81.80
81.81
81.82
81.80
81.81
81.82
81.82
81.82
81.81
81.82
81.82
81.81
81.78
81.80
81.80
81.81
81.81
81.80
81.81
81.79
81.80
81.81
81.82
81.83
81.83
81.82
81.81
81.80
81.81
81.81
81.79
81.78
81.76
81.74
81.73
81.72
81.73
81.73
81.74
81.72
81.73
81.73
81.74
81.74
81.74
81.74
81.74
81.73
81.73
81.73
81.72
81.73
81.74
81.74
81.74
81.74
81.71
81.72
81.72
81.72
81.71
81.72
81.72
81.73
81.72
81.72
81.72
81.72
81.73
81.73
81.73
81.70
81.69
81.71
81.71
81.72
81.71
81.71
81.70
81.72
81.72
81.73
81.74
81.73
81.76
81.76
81.77
81.76
81.77
81.78
81.77
81.76
81.77
81.77
81.78
81.78
81.79
81.79
81.80
81.79
81.80
81.81
81.80
81.80
81.81
81.81
81.81
81.80
81.80
81.80
81.80
81.80
81.80
81.81
81.80
81.79
81.79
81.80
81.80
81.80
81.81
81.79
81.77
81.77
81.77
81.76
81.75
81.74
81.73
81.72
81.72
81.72
81.73
81.74
81.73
81.74
81.74
81.75
81.73
81.73
81.72
81.73
81.73
81.72
81.72
81.73
81.74
81.74
81.73
81.73
81.74
81.74
81.74
81.74
81.74
81.76
81.75
81.75
81.76
81.76
81.76
81.78
81.78
81.78
81.79
81.79
81.78
81.78
81.79
81.78
81.78
81.78
81.79
81.79
81.79
81.79
81.80
81.80
81.80
81.79
81.79
81.79
81.80
81.80
81.80
81.80
81.79
81.78
81.77
81.78
81.78
81.78
81.78
81.77
81.77
81.77
81.76
81.76
81.77
81.77
81.77
81.77
81.77
81.77
81.78
81.77
81.77
81.78
81.77
81.77
81.77
81.77
81.77
81.77
81.78
81.77
81.78
81.78
81.76
81.76
81.76
81.75
81.75
81.75
81.75
81.75
81.76
81.77
81.77
81.76
81.76
81.76
81.76
81.77
81.77
81.76
81.77
81.76
81.77
81.76
81.75
81.75
81.74
81.74
81.74
81.74
81.73
81.74
81.73
81.73
81.72
81.73
81.73
81.72
81.72
81.73
81.73
81.73
81.72
81.72
81.73
81.73
81.74
81.74
81.75
81.75
81.73
81.75
81.75
81.75
81.75
81.75
81.75
81.75
81.75
81.75
81.73
81.73
81.73
81.73
81.73
81.73
81.73
81.72
81.73
81.72
81.71
81.71
81.71
81.71
81.70
81.69
81.70
81.70
81.71
81.72
81.72
81.64
