7.81
12.50
8.85
7.81
7.50
7.81
8.71
9.57
9.38
9.38
9.38
9.38
9.50
9.49
9.38
9.77
9.74
9.81
9.70
9.61
9.90
10.01
9.85
9.83
9.94
10.04
10.01
10.27
10.34
10.26
10.13
10.21
10.27
10.34
10.49
10.55
10.52
10.53
10.58
10.55
10.44
10.27
10.25
11.51
11.67
11.62
12.63
12.53
12.44
12.34
12.25
12.23
12.15
12.12
12.10
12.00
11.87
11.96
11.86
11.93
11.94
11.84
11.86
11.77
11.75
11.74
11.71
12.43
12.34
12.25
12.26
12.22
12.16
12.20
12.15
12.09
12.16
12.10
12.06
12.01
12.62
12.58
12.58
12.63
12.56
12.48
12.55
12.55
12.57
12.59
12.55
12.55
12.50
12.43
12.43
12.47
12.45
12.44
12.42
12.45
12.41
12.42
12.41
12.33
12.37
12.31
12.30
12.30
12.24
12.23
12.22
12.12
12.09
12.03
12.00
11.97
11.97
11.93
11.86
11.84
11.80
11.80
11.76
11.74
11.71
11.66
11.60
11.58
11.54
11.55
11.55
11.55
11.54
11.56
11.55
11.57
11.60
11.63
11.60
11.57
11.54
11.53
11.54
11.51
11.48
11.48
11.53
11.48
11.47
11.48
11.48
11.46
11.44
11.41
11.40
11.34
11.38
11.39
11.66
11.67
11.68
11.63
11.65
11.61
11.64
11.63
11.61
11.58
11.56
11.56
11.86
11.86
11.84
11.84
11.82
11.82
12.13
12.11
12.42
12.37
12.36
12.34
12.30
12.30
12.31
12.59
12.57
12.56
12.53
12.49
12.48
12.48
12.45
12.45
12.42
12.41
12.42
12.41
12.43
12.38
12.36
12.38
12.33
12.35
12.34
12.36
12.61
12.61
12.57
12.55
12.52
12.51
12.49
12.48
12.45
12.42
12.40
12.41
12.41
12.39
12.35
12.34
12.37
12.36
12.63
12.60
12.57
12.54
12.54
12.54
12.54
12.53
12.53
12.53
12.52
12.49
12.49
12.45
12.45
12.43
12.41
12.38
12.38
12.37
12.39
12.37
12.38
12.39
12.41
12.38
12.38
12.34
12.34
12.32
12.29
12.29
12.28
12.26
12.23
12.23
12.21
12.20
12.19
12.17
12.18
12.17
12.17
12.15
12.38
12.37
12.36
12.34
12.34
12.32
12.34
12.32
12.33
12.29
12.26
12.27
12.28
12.28
12.49
12.49
12.47
12.66
12.65
12.64
12.64
12.61
12.60
12.59
12.56
12.56
12.55
12.54
12.49
12.49
12.49
12.51
12.50
12.47
12.46
12.45
12.43
12.41
12.39
12.40
12.39
12.37
12.36
12.35
12.54
12.53
12.53
12.67
12.66
12.65
12.62
12.59
12.58
12.57
12.57
12.57
12.54
12.55
12.54
12.51
12.51
12.50
12.49
12.48
12.48
12.46
12.45
12.45
12.44
12.43
12.41
12.39
12.40
12.40
12.39
12.39
12.40
12.38
12.41
12.38
12.38
12.36
12.36
12.33
12.31
12.31
12.48
12.45
12.43
12.43
12.43
12.42
12.44
12.43
12.41
12.40
12.40
12.40
12.39
12.40
12.56
12.55
12.56
12.71
12.68
12.68
12.67
12.65
12.65
12.64
12.63
12.62
12.60
12.59
12.60
12.61
12.60
12.59
12.58
12.59
12.58
12.57
12.70
12.69
12.67
12.65
12.63
12.63
12.63
12.62
12.62
12.61
12.61
12.62
12.62
12.62
12.61
12.62
12.61
12.61
12.58
12.58
12.57
12.56
12.55
12.54
12.54
12.53
12.51
12.50
12.50
12.50
12.50
12.49
12.48
12.47
12.47
12.45
12.44
12.43
12.43
12.42
12.40
12.40
12.38
12.38
12.37
12.36
12.35
12.35
12.37
12.38
12.40
12.39
12.40
12.40
12.50
12.49
12.50
12.52
12.52
12.52
12.52
12.53
12.52
12.51
12.51
12.51
12.50
12.49
12.49
12.49
12.49
12.49
12.48
12.49
12.50
12.50
12.50
12.50
12.49
12.48
12.48
12.47
12.47
12.47
12.47
12.47
12.60
12.61
12.61
12.61
12.60
12.59
12.58
12.59
12.59
12.58
12.57
12.57
12.58
12.57
12.55
12.55
12.54
12.54
12.54
12.53
12.53
12.53
12.54
12.54
12.52
12.52
12.61
12.61
12.59
12.58
12.56
12.65
12.65
12.65
12.65
12.63
12.63
12.62
12.62
12.61
12.60
12.58
12.58
12.59
12.58
12.58
12.58
12.58
12.58
12.57
12.57
12.56
12.65
12.64
12.65
12.63
12.63
12.73
12.72
12.71
12.82
12.83
12.81
12.81
12.80
12.80
12.79
12.80
12.79
12.79
12.78
12.86
12.86
12.86
12.86
12.92
12.92
12.90
12.91
12.90
13.00
12.99
12.99
12.99
12.99
12.98
12.97
12.97
12.98
12.97
12.98
13.07
13.06
13.05
13.05
13.04
13.05
13.04
13.03
13.02
13.01
13.01
13.00
12.99
12.98
12.97
12.97
12.97
12.96
12.97
12.96
12.97
12.96
12.96
12.97
12.96
12.94
12.93
12.94
12.93
12.93
13.01
13.01
13.01
13.08
13.08
13.08
13.07
13.07
13.06
13.07
13.06
13.05
13.04
13.03
13.03
13.03
13.02
13.02
13.02
13.02
13.02
13.01
13.00
12.99
12.99
12.98
12.98
12.98
12.97
12.97
12.97
12.96
12.96
12.96
12.95
13.03
13.03
13.03
13.02
13.02
13.02
13.01
13.00
13.01
13.00
13.00
12.99
12.98
12.97
12.97
12.97
12.97
12.97
12.96
12.96
12.95
12.95
12.94
12.94
12.94
12.94
12.93
13.01
13.01
13.00
13.00
13.01
13.00
12.99
12.98
12.98
12.98
12.98
12.98
12.97
12.96
12.96
12.95
12.95
13.03
13.02
13.02
13.01
13.01
13.00
13.00
13.07
13.07
13.06
13.05
13.04
13.04
13.03
13.03
13.02
13.01
13.01
13.01
13.01
13.00
13.00
12.99
12.98
12.98
13.05
13.05
13.04
13.04
13.05
13.04
13.03
13.03
13.03
13.10
13.09
13.09
13.17
13.17
13.17
13.24
13.24
13.23
13.22
13.22
13.21
13.20
13.20
13.20
13.20
13.19
13.19
13.19
13.17
13.17
13.17
13.16
13.16
13.15
13.14
13.14
13.14
13.14
13.13
13.13
13.19
13.18
13.17
13.17
13.16
13.17
13.16
13.16
13.15
13.15
13.14
13.13
13.12
13.12
13.11
13.10
13.11
13.11
13.10
13.10
13.09
13.08
13.07
13.07
13.06
13.06
13.13
13.12
13.12
13.13
13.13
13.12
13.12
13.13
13.12
13.12
13.11
13.11
13.11
13.11
13.11
