64.06
64.84
65.10
62.11
65.62
67.45
65.40
65.43
65.10
65.47
65.77
66.67
66.71
67.08
67.08
67.38
67.28
67.45
67.76
67.58
67.78
68.39
68.48
68.23
67.94
67.97
68.00
67.86
67.78
67.86
68.09
68.26
68.37
68.47
68.21
68.10
68.20
68.30
68.43
68.36
68.41
68.45
68.35
68.32
68.44
68.27
68.35
68.39
68.27
68.22
68.23
68.21
68.13
68.14
68.12
68.28
68.39
68.45
68.59
68.33
68.42
68.37
68.43
68.53
68.44
68.39
68.49
68.54
68.57
68.59
68.51
68.60
68.69
68.75
68.65
68.61
68.65
68.61
68.61
68.65
68.65
68.62
68.58
68.49
68.51
68.60
68.43
68.31
68.36
68.35
68.29
68.29
68.18
68.10
68.14
68.12
68.15
68.19
68.20
68.30
68.38
68.41
68.42
68.40
68.41
68.34
68.28
68.37
68.43
68.41
68.37
68.35
68.38
68.38
68.33
68.40
68.38
68.35
68.34
68.36
68.40
68.42
68.47
68.43
68.39
68.32
68.28
68.24
68.19
68.17
68.15
68.08
68.02
67.99
67.95
67.93
67.93
67.96
68.00
67.94
67.96
67.94
67.91
67.91
67.92
67.94
67.94
67.89
67.99
68.01
67.98
68.03
68.07
68.02
68.00
68.03
68.04
68.00
67.97
67.99
68.00
68.05
68.03
68.05
68.13
68.19
68.24
68.24
68.18
68.20
68.18
68.14
68.12
68.15
68.13
68.09
68.13
68.13
68.14
68.18
68.16
68.22
68.21
68.17
68.15
68.13
68.14
68.16
68.14
68.12
68.14
68.16
68.16
68.14
68.11
68.08
68.08
68.02
68.01
67.98
67.98
67.97
67.93
67.91
67.92
67.93
67.90
67.89
67.92
67.92
67.90
67.86
67.91
67.95
67.99
67.98
67.95
67.95
67.92
67.93
67.97
67.98
67.97
68.01
67.99
67.95
67.97
67.98
67.99
67.97
67.90
67.88
67.87
67.86
67.84
67.84
67.88
67.88
67.91
67.90
67.94
67.95
67.95
67.96
67.93
67.93
67.97
67.94
67.95
67.97
67.91
67.90
67.87
67.86
67.89
67.88
67.89
67.87
67.83
67.80
67.77
67.78
67.81
67.81
67.81
67.82
67.80
67.80
67.74
67.72
67.71
67.75
67.78
67.80
67.83
67.83
67.83
67.83
67.81
67.80
67.77
67.75
67.75
67.79
67.80
67.79
67.79
67.78
67.77
67.75
67.75
67.77
67.74
67.75
67.75
67.76
67.76
67.75
67.76
67.74
67.75
67.76
67.79
67.79
67.77
67.72
67.74
67.76
67.78
67.80
67.77
67.77
67.74
67.76
67.75
67.76
67.77
67.77
67.80
67.81
67.82
67.82
67.83
67.83
67.82
67.84
67.86
67.88
67.87
67.88
67.88
67.90
67.91
67.89
67.90
67.94
67.96
67.96
67.98
68.00
68.02
68.04
68.03
68.07
68.08
68.07
68.08
68.11
68.11
68.10
68.08
68.08
68.07
68.06
68.06
68.03
68.01
68.03
68.03
68.02
68.00
67.99
67.98
67.97
67.97
67.97
67.97
67.95
67.96
67.97
67.96
67.98
67.98
67.96
67.96
67.96
67.92
67.94
67.93
67.89
67.90
67.92
67.92
67.92
67.95
67.96
67.99
68.00
67.98
67.98
67.99
68.00
68.01
68.03
68.03
68.03
68.05
68.04
68.01
68.00
68.00
68.02
68.01
68.01
68.03
68.05
68.04
68.05
68.06
68.06
68.05
68.04
68.07
68.09
68.08
68.09
68.07
68.07
68.10
68.10
68.12
68.13
68.14
68.15
68.14
68.12
68.12
68.14
68.13
68.11
68.12
68.12
68.09
68.07
68.08
68.09
68.09
68.10
68.11
68.10
68.10
68.11
68.12
68.11
68.11
68.12
68.12
68.14
68.13
68.12
68.12
68.10
68.10
68.12
68.13
68.13
68.14
68.16
68.15
68.15
68.14
68.13
68.12
68.12
68.13
68.15
68.17
68.18
68.19
68.19
68.20
68.22
68.21
68.22
68.20
68.21
68.20
68.19
68.19
68.19
68.18
68.20
68.19
68.18
68.19
68.19
68.20
68.20
68.18
68.18
68.20
68.19
68.19
68.19
68.20
68.23
68.22
68.23
68.24
68.22
68.24
68.24
68.24
68.22
68.22
68.24
68.24
68.25
68.24
68.26
68.28
68.27
68.28
68.29
68.30
68.30
68.30
68.30
68.30
68.31
68.32
68.33
68.33
68.33
68.33
68.32
68.32
68.33
68.32
68.33
68.31
68.32
68.32
68.32
68.33
68.33
68.30
68.31
68.30
68.31
68.30
68.29
68.29
68.28
68.28
68.27
68.28
68.27
68.29
68.29
68.30
68.31
68.30
68.30
68.30
68.30
68.30
68.31
68.29
68.30
68.31
68.32
68.33
68.33
68.30
68.30
68.30
68.30
68.30
68.30
68.28
68.28
68.28
68.27
68.25
68.25
68.25
68.25
68.24
68.23
68.26
68.24
68.25
68.23
68.22
68.21
68.20
68.20
68.22
68.22
68.21
68.22
68.24
68.24
68.22
68.21
68.22
68.24
68.24
68.25
68.27
68.28
68.28
68.27
68.25
68.24
68.23
68.22
68.23
68.24
68.25
68.26
68.26
68.26
68.27
68.28
68.28
68.28
68.27
68.28
68.28
68.30
68.30
68.30
68.30
68.31
68.31
68.31
68.31
68.32
68.30
68.30
68.30
68.30
68.31
68.30
68.30
68.31
68.32
68.31
68.31
68.31
68.32
68.32
68.33
68.33
68.32
68.34
68.34
68.34
68.33
68.32
68.32
68.32
68.33
68.35
68.35
68.34
68.35
68.35
68.35
68.35
68.36
68.36
68.37
68.37
68.37
68.35
68.34
68.35
68.34
68.33
68.35
68.36
68.36
68.37
68.35
68.35
68.34
68.34
68.33
68.34
68.34
68.33
68.33
68.33
68.33
68.34
68.36
68.37
68.35
68.34
68.33
68.32
68.32
68.31
68.32
68.32
68.32
68.32
68.33
68.33
68.33
68.32
68.32
68.32
68.32
68.32
68.32
68.32
68.30
68.30
68.31
68.30
68.30
68.30
68.30
68.32
68.32
68.32
68.32
68.32
68.34
68.34
68.34
68.35
68.35
68.37
68.37
68.38
68.38
68.38
68.37
68.38
68.38
68.37
68.36
68.37
68.38
68.37
68.37
68.38
68.38
68.37
68.36
68.36
68.37
68.35
68.36
68.36
68.36
68.38
68.38
68.39
68.39
68.37
68.38
68.39
68.40
68.41
68.39
68.39
68.41
68.40
68.40
68.40
68.39
68.38
68.38
68.39
68.39
68.38
68.37
68.38
68.38
68.38
68.39
68.40
68.40
68.40
68.40
68.33
