6.25
6.25
7.29
5.86
5.00
4.43
3.79
4.49
4.17
4.38
4.26
4.17
4.09
3.91
4.17
4.10
4.23
4.25
4.44
4.45
4.39
4.62
4.89
4.88
5.25
5.23
5.27
5.25
5.33
5.36
5.29
5.27
5.21
5.19
5.27
5.21
5.36
5.39
5.41
5.35
5.34
5.36
5.38
5.36
5.35
5.26
5.29
5.24
5.23
5.22
5.18
5.20
5.25
5.24
5.23
5.33
5.29
5.25
5.30
5.26
5.23
5.32
5.26
5.25
5.34
5.28
5.34
5.35
5.37
5.31
5.44
5.43
5.42
5.41
5.38
5.35
5.32
5.35
5.30
5.37
5.38
5.39
5.40
5.39
5.39
5.36
5.35
5.34
5.37
5.36
5.32
5.33
5.36
5.35
5.38
5.37
5.35
5.34
5.30
5.27
5.24
5.22
5.22
5.24
5.22
5.22
5.21
5.19
5.23
5.23
5.26
5.25
5.23
5.22
5.18
5.21
5.21
5.26
5.27
5.23
5.24
5.23
5.21
5.18
5.18
5.18
5.22
5.24
5.21
5.20
5.22
5.22
5.20
5.22
5.22
5.27
5.27
5.25
5.26
5.26
5.24
5.25
5.21
5.22
5.23
5.27
5.29
5.30
5.32
5.31
5.32
5.35
5.35
5.33
5.34
5.34
5.33
5.32
5.31
5.28
5.30
5.29
5.27
5.30
5.27
5.25
5.26
5.24
5.21
5.22
5.24
5.21
5.21
5.21
5.22
5.23
5.21
5.23
5.24
5.22
5.24
5.27
5.28
5.29
5.32
5.31
5.30
5.29
5.27
5.27
5.24
5.24
5.25
5.25
5.26
5.29
5.27
5.25
5.23
5.21
5.21
5.19
5.20
5.20
5.23
5.23
5.25
5.24
5.22
5.21
5.21
5.21
5.22
5.22
5.22
5.22
5.21
5.21
5.23
5.22
5.20
5.20
5.21
5.21
5.19
5.19
5.18
5.17
5.18
5.18
5.17
5.18
5.17
5.16
5.16
5.16
5.16
5.17
5.17
5.18
5.18
5.19
5.21
5.22
5.20
5.21
5.21
5.22
5.23
5.21
5.19
5.21
5.22
5.21
5.23
5.21
5.20
5.20
5.19
5.17
5.16
5.18
5.17
5.17
5.16
5.17
5.17
5.17
5.16
5.16
5.17
5.15
5.16
5.16
5.17
5.15
5.15
5.15
5.14
5.14
5.13
5.11
5.10
5.11
5.09
5.10
5.11
5.13
5.14
5.13
5.15
5.14
5.14
5.14
5.15
5.15
5.15
5.15
5.16
5.16
5.16
5.17
5.17
5.18
5.17
5.19
5.19
5.18
5.17
5.19
5.17
5.17
5.18
5.17
5.15
5.16
5.19
5.18
5.18
5.19
5.19
5.19
5.21
5.20
5.20
5.21
5.20
5.20
5.19
5.19
5.19
5.18
5.18
5.17
5.20
5.19
5.19
5.20
5.20
5.21
5.21
5.20
5.21
5.22
5.23
5.23
5.23
5.22
5.21
5.20
5.20
5.19
5.19
5.20
5.19
5.21
5.20
5.22
5.22
5.22
5.23
5.22
5.23
5.23
5.23
5.22
5.22
5.21
5.21
5.22
5.21
5.22
5.22
5.21
5.21
5.22
5.23
5.22
5.21
5.19
5.20
5.19
5.20
5.20
5.21
5.21
5.20
5.20
5.21
5.21
5.21
5.19
5.18
5.18
5.18
5.18
5.19
5.19
5.18
5.18
5.17
5.18
5.18
5.18
5.17
5.18
5.20
5.20
5.21
5.20
5.21
5.21
5.21
5.20
5.21
5.22
5.22
5.22
5.22
5.22
5.22
5.24
5.25
5.25
5.24
5.24
5.23
5.26
5.26
5.28
5.27
5.26
5.26
5.26
5.27
5.27
5.26
5.28
5.27
5.28
5.28
5.27
5.27
5.27
5.27
5.27
5.27
5.28
5.27
5.27
5.27
5.28
5.30
5.31
5.30
5.30
5.30
5.29
5.30
5.30
5.29
5.29
5.31
5.31
5.31
5.32
5.32
5.32
5.31
5.31
5.31
5.31
5.32
5.32
5.31
5.30
5.32
5.32
5.32
5.31
5.31
5.31
5.31
5.31
5.30
5.32
5.32
5.32
5.32
5.31
5.32
5.32
5.32
5.32
5.31
5.31
5.30
5.31
5.31
5.31
5.31
5.30
5.30
5.30
5.30
5.30
5.29
5.29
5.29
5.28
5.28
5.28
5.27
5.28
5.27
5.27
5.26
5.27
5.28
5.28
5.29
5.28
5.28
5.28
5.29
5.28
5.27
5.27
5.27
5.27
5.27
5.27
5.27
5.26
5.27
5.26
5.27
5.27
5.27
5.27
5.27
5.27
5.27
5.26
5.26
5.27
5.26
5.27
5.26
5.25
5.26
5.27
5.27
5.27
5.26
5.27
5.27
5.27
5.28
5.28
5.29
5.29
5.29
5.29
5.28
5.28
5.28
5.28
5.27
5.27
5.27
5.27
5.28
5.28
5.29
5.29
5.29
5.30
5.30
5.29
5.29
5.29
5.29
5.29
5.28
5.28
5.28
5.29
5.30
5.30
5.31
5.30
5.29
5.30
5.29
5.29
5.29
5.29
5.29
5.29
5.29
5.28
5.28
5.28
5.28
5.28
5.29
5.29
5.29
5.29
5.29
5.29
5.28
5.29
5.29
5.29
5.29
5.28
5.28
5.27
5.28
5.28
5.27
5.27
5.28
5.27
5.27
5.27
5.28
5.28
5.27
5.27
5.27
5.27
5.27
5.26
5.26
5.26
5.26
5.27
5.28
5.28
5.28
5.27
5.27
5.27
5.26
5.26
5.26
5.26
5.25
5.26
5.26
5.25
5.26
5.26
5.26
5.26
5.26
5.26
5.26
5.26
5.26
5.26
5.25
5.26
5.27
5.27
5.27
5.27
5.26
5.26
5.26
5.25
5.25
5.24
5.24
5.25
5.25
5.25
5.25
5.25
5.25
5.26
5.26
5.25
5.26
5.26
5.26
5.26
5.26
5.26
5.26
5.26
5.26
5.26
5.27
5.27
5.27
5.27
5.27
5.27
5.27
5.27
5.28
5.29
5.29
5.28
5.28
5.28
5.27
5.27
5.26
5.27
5.26
5.26
5.25
5.25
5.25
5.26
5.27
5.27
5.27
5.27
5.28
5.28
5.27
5.27
5.26
5.26
5.26
5.26
5.27
5.26
5.27
5.27
5.26
5.27
5.27
5.27
5.27
5.27
5.27
5.28
5.27
5.27
5.27
5.27
5.26
5.26
5.26
5.26
5.26
5.26
5.26
5.27
5.28
5.27
5.27
5.27
5.27
5.27
5.27
5.27
5.27
5.26
5.26
5.26
5.26
5.26
5.26
5.26
5.26
5.26
5.26
5.26
5.26
5.26
5.26
5.26
5.26
5.25
