4.69
4.69
4.17
3.52
2.81
2.86
2.90
2.93
3.12
3.44
3.41
3.12
3.00
3.01
2.92
3.03
3.03
2.86
2.96
2.81
2.83
2.77
2.79
2.80
2.81
2.76
2.72
2.79
2.75
2.76
2.77
2.93
2.84
2.85
2.81
2.91
2.87
2.88
2.88
2.93
2.90
2.90
2.91
2.91
2.88
2.92
2.89
2.96
2.97
3.06
3.06
3.03
3.04
3.04
3.04
3.07
3.04
3.07
3.05
3.10
3.07
3.07
3.10
3.12
3.12
3.08
3.06
3.10
3.10
3.10
3.08
3.06
3.04
3.02
3.02
3.00
3.08
3.12
3.09
3.09
3.07
3.11
3.11
3.11
3.12
3.11
3.11
3.16
3.14
3.19
3.21
3.26
3.23
3.22
3.22
3.22
3.24
3.22
3.20
3.22
3.26
3.32
3.32
3.35
3.32
3.36
3.36
3.34
3.34
3.35
3.39
3.39
3.39
3.40
3.37
3.35
3.38
3.35
3.32
3.33
3.32
3.32
3.33
3.33
3.36
3.39
3.40
3.39
3.38
3.40
3.42
3.41
3.41
3.43
3.43
3.46
3.44
3.43
3.44
3.44
3.42
3.40
3.39
3.36
3.38
3.40
3.45
3.44
3.43
3.45
3.44
3.43
3.43
3.43
3.42
3.43
3.41
3.42
3.46
3.49
3.47
3.48
3.50
3.52
3.50
3.48
3.47
3.49
3.48
3.46
3.46
3.48
3.47
3.47
3.48
3.51
3.50
3.54
3.55
3.53
3.53
3.53
3.54
3.57
3.58
3.56
3.55
3.54
3.54
3.54
3.52
3.50
3.51
3.51
3.50
3.49
3.50
3.50
3.49
3.48
3.49
3.48
3.50
3.50
3.52
3.53
3.53
3.52
3.52
3.53
3.52
3.54
3.53
3.55
3.55
3.54
3.54
3.54
3.54
3.54
3.56
3.56
3.56
3.56
3.57
3.56
3.55
3.54
3.54
3.55
3.57
3.58
3.59
3.60
3.61
3.61
3.63
3.63
3.63
3.62
3.62
3.62
3.61
3.61
3.60
3.60
3.60
3.62
3.61
3.61
3.62
3.62
3.62
3.61
3.62
3.62
3.63
3.63
3.64
3.64
3.64
3.64
3.64
3.63
3.61
3.61
3.60
3.62
3.63
3.63
3.64
3.64
3.63
3.63
3.62
3.63
3.65
3.65
3.64
3.64
3.63
3.63
3.63
3.63
3.62
3.63
3.64
3.63
3.63
3.63
3.61
3.62
3.62
3.61
3.62
3.62
3.62
3.62
3.61
3.61
3.61
3.62
3.61
3.62
3.61
3.63
3.62
3.61
3.61
3.62
3.62
3.61
3.60
3.59
3.60
3.61
3.61
3.60
3.60
3.59
3.58
3.58
3.57
3.57
3.58
3.59
3.58
3.59
3.60
3.62
3.62
3.62
3.61
3.61
3.61
3.61
3.61
3.61
3.60
3.60
3.60
3.60
3.59
3.60
3.60
3.59
3.59
3.59
3.58
3.58
3.58
3.59
3.60
3.59
3.61
3.62
3.62
3.63
3.63
3.62
3.62
3.62
3.61
3.62
3.62
3.62
3.61
3.61
3.61
3.60
3.59
3.59
3.59
3.59
3.59
3.59
3.59
3.60
3.59
3.59
3.58
3.59
3.59
3.60
3.61
3.60
3.60
3.60
3.60
3.60
3.60
3.61
3.61
3.60
3.60
3.60
3.60
3.59
3.59
3.59
3.58
3.59
3.59
3.60
3.61
3.61
3.61
3.62
3.63
3.63
3.63
3.63
3.64
3.63
3.64
3.63
3.63
3.64
3.65
3.65
3.64
3.65
3.66
3.66
3.65
3.65
3.64
3.64
3.64
3.63
3.63
3.62
3.62
3.62
3.62
3.62
3.61
3.61
3.61
3.62
3.62
3.63
3.63
3.63
3.64
3.63
3.63
3.63
3.63
3.62
3.62
3.62
3.61
3.61
3.62
3.61
3.61
3.60
3.60
3.61
3.61
3.61
3.60
3.60
3.61
3.61
3.61
3.62
3.62
3.61
3.63
3.62
3.62
3.61
3.62
3.62
3.62
3.63
3.62
3.61
3.61
3.60
3.60
3.61
3.61
3.61
3.61
3.60
3.60
3.60
3.60
3.60
3.59
3.59
3.59
3.60
3.60
3.60
3.59
3.59
3.59
3.59
3.59
3.58
3.58
3.58
3.58
3.58
3.58
3.57
3.57
3.57
3.56
3.56
3.56
3.56
3.57
3.57
3.58
3.58
3.58
3.59
3.59
3.59
3.59
3.58
3.58
3.58
3.58
3.58
3.58
3.58
3.58
3.58
3.58
3.58
3.58
3.58
3.59
3.59
3.58
3.58
3.59
3.58
3.58
3.58
3.57
3.57
3.57
3.57
3.56
3.56
3.56
3.56
3.56
3.56
3.56
3.56
3.56
3.56
3.56
3.56
3.56
3.55
3.56
3.56
3.57
3.57
3.58
3.57
3.57
3.57
3.57
3.56
3.56
3.56
3.57
3.57
3.58
3.58
3.58
3.58
3.58
3.58
3.58
3.58
3.57
3.57
3.57
3.58
3.58
3.58
3.58
3.59
3.58
3.59
3.59
3.59
3.59
3.59
3.59
3.60
3.60
3.60
3.60
3.59
3.60
3.60
3.60
3.60
3.60
3.60
3.60
3.61
3.60
3.60
3.60
3.61
3.60
3.61
3.61
3.61
3.61
3.61
3.61
3.62
3.62
3.62
3.62
3.62
3.62
3.62
3.62
3.62
3.62
3.62
3.62
3.62
3.62
3.62
3.61
3.62
3.62
3.62
3.62
3.62
3.62
3.62
3.63
3.63
3.62
3.63
3.63
3.63
3.63
3.63
3.63
3.63
3.63
3.62
3.62
3.63
3.63
3.63
3.63
3.63
3.63
3.63
3.63
3.63
3.63
3.62
3.62
3.62
3.62
3.62
3.62
3.63
3.63
3.63
3.63
3.62
3.63
3.63
3.63
3.63
3.63
3.62
3.62
3.62
3.62
3.61
3.61
3.62
3.62
3.62
3.62
3.62
3.61
3.61
3.62
3.62
3.61
3.61
3.61
3.61
3.61
3.61
3.61
3.61
3.62
3.61
3.62
3.62
3.63
3.62
3.62
3.62
3.62
3.62
3.63
3.62
3.62
3.62
3.62
3.64
3.64
3.64
3.64
3.64
3.64
3.64
3.64
3.64
3.63
3.63
3.64
3.64
3.64
3.63
3.64
3.65
3.65
3.65
3.64
3.65
3.64
3.65
3.65
3.64
3.65
3.64
3.64
3.64
3.64
3.64
3.63
3.64
3.64
3.63
3.63
3.63
3.62
3.63
3.63
3.63
3.63
3.63
3.63
3.64
3.64
3.64
3.64
3.64
3.64
3.64
3.64
3.64
3.64
3.64
3.64
3.64
