25.00
22.66
22.92
22.66
23.75
22.66
22.32
23.24
22.74
25.31
25.14
24.22
23.80
23.33
23.33
23.24
23.25
22.66
22.70
22.50
21.88
21.73
21.40
22.98
22.88
22.72
22.74
22.49
22.31
22.24
22.08
22.02
22.30
22.15
22.23
22.44
22.34
22.29
22.52
22.50
23.21
23.03
23.76
23.62
23.47
23.40
24.17
24.06
24.11
23.91
23.87
23.65
23.53
23.35
23.95
24.05
23.93
23.87
23.86
23.93
23.90
23.79
23.66
23.58
23.63
23.44
23.41
23.55
23.64
23.71
24.16
24.05
23.97
23.99
23.92
23.91
23.90
23.84
23.75
23.73
23.69
23.57
23.51
23.46
23.51
23.49
23.49
23.46
23.40
23.39
23.30
23.23
23.15
23.11
23.03
22.92
22.91
22.82
22.82
22.72
22.68
22.61
22.60
22.51
22.49
22.86
22.78
22.79
22.84
22.87
22.80
22.78
22.70
22.72
22.72
22.64
22.70
22.63
22.61
22.53
22.44
22.44
22.48
22.82
22.86
22.82
22.76
22.72
22.64
22.61
22.57
22.51
22.44
22.41
22.41
22.46
22.53
22.51
22.81
22.88
22.79
22.76
22.74
22.76
22.78
22.80
22.97
22.96
22.91
22.83
22.81
22.83
22.79
22.77
23.01
22.96
22.94
22.94
22.96
23.02
23.01
22.97
23.11
23.08
23.09
23.10
23.09
23.06
23.09
23.07
23.04
23.02
22.95
22.94
22.88
22.82
22.83
22.78
22.79
22.76
22.76
22.75
22.76
22.70
22.88
22.86
23.08
23.09
23.26
23.26
23.23
23.26
23.22
23.16
23.17
23.17
23.13
23.10
23.06
23.02
23.02
22.99
22.94
22.92
23.10
23.05
23.05
23.06
23.03
23.01
23.02
23.18
23.16
23.15
23.18
23.20
23.20
23.21
23.22
23.22
23.23
23.22
23.18
23.17
23.13
23.08
23.06
23.05
23.04
23.04
23.01
23.03
23.20
23.19
23.20
23.17
23.19
23.14
23.14
23.08
23.05
23.04
23.02
23.00
23.00
22.97
22.94
22.95
22.94
22.89
22.88
22.87
22.86
22.87
23.00
22.99
22.98
22.96
22.95
22.94
22.94
22.92
22.93
22.92
22.90
22.87
22.86
22.87
22.84
22.84
22.80
22.82
22.81
22.78
22.80
22.84
22.83
22.81
22.80
22.81
22.84
22.94
22.94
22.94
22.96
22.94
22.93
23.04
23.03
23.10
23.10
23.07
23.07
23.02
23.04
23.02
23.02
23.02
23.11
23.23
23.23
23.20
23.18
23.18
23.17
23.16
23.12
23.11
23.10
23.19
23.17
23.15
23.10
23.10
23.07
23.08
23.06
23.07
23.07
23.06
23.07
23.07
23.07
23.04
23.05
23.03
23.05
23.04
23.02
23.02
23.03
23.01
22.98
22.96
22.96
22.97
22.96
23.09
23.07
23.05
23.02
23.00
22.99
22.97
22.95
22.96
22.95
22.94
22.93
22.91
22.89
22.90
22.90
22.89
22.86
22.83
22.82
22.82
22.83
22.83
22.82
22.80
22.79
22.89
22.90
22.88
22.89
22.88
22.89
22.88
22.87
22.88
22.84
22.83
22.84
22.84
22.85
22.82
22.80
22.77
22.75
22.74
22.73
22.73
22.72
22.70
22.71
22.71
22.70
22.70
22.79
22.78
22.77
22.75
22.85
22.85
22.84
22.84
22.86
22.84
22.81
22.80
22.79
22.76
22.76
22.75
22.75
22.74
22.72
22.74
22.73
22.72
22.71
22.70
22.71
22.70
22.68
22.76
22.74
22.74
22.74
22.73
22.72
22.70
22.72
22.71
22.69
22.69
22.68
22.67
22.68
22.66
22.65
22.70
22.67
22.67
22.66
22.66
22.65
22.64
22.60
22.61
22.59
22.60
22.59
22.59
22.57
22.55
22.54
22.52
22.51
22.51
22.57
22.57
22.59
22.58
22.58
22.58
22.59
22.59
22.69
22.67
22.67
22.66
22.69
22.67
22.66
22.66
22.65
22.74
22.72
22.71
22.67
22.66
22.64
22.65
22.65
22.63
22.61
22.60
22.58
22.57
22.55
22.53
22.53
22.51
22.51
22.52
22.50
22.48
22.48
22.46
22.45
22.43
22.42
22.41
22.40
22.40
22.40
22.40
22.40
22.39
22.39
22.38
22.37
22.37
22.37
22.37
22.35
22.35
22.35
22.35
22.33
22.35
22.36
22.35
22.33
22.32
22.32
22.31
22.31
22.32
22.36
22.36
22.36
22.36
22.36
22.35
22.34
22.33
22.34
22.34
22.40
22.39
22.38
22.37
22.38
22.37
22.37
22.39
22.43
22.43
22.42
22.49
22.49
22.48
22.49
22.48
22.47
22.48
22.54
22.54
22.53
22.52
22.51
22.51
22.50
22.50
22.49
22.47
22.46
22.52
22.53
22.51
22.49
22.49
22.47
22.46
22.51
22.50
22.49
22.48
22.48
22.47
22.46
22.45
22.44
22.43
22.43
22.42
22.42
22.42
22.42
22.46
22.46
22.46
22.44
22.45
22.45
22.48
22.46
22.46
22.50
22.51
22.57
22.57
22.55
22.54
22.53
22.53
22.59
22.59
22.58
22.58
22.58
22.58
22.57
22.57
22.56
22.56
22.56
22.56
22.57
22.57
22.57
22.58
22.57
22.56
22.57
22.56
22.56
22.55
22.55
22.55
22.55
22.55
22.55
22.55
22.55
22.55
22.61
22.60
22.60
22.59
22.59
22.59
22.59
22.58
22.58
22.58
22.57
22.57
22.63
22.62
22.60
22.59
22.59
22.58
22.63
22.63
22.62
22.61
22.60
22.60
22.60
22.62
22.61
22.61
22.61
22.60
22.65
22.65
22.65
22.63
22.67
22.69
22.75
22.73
22.73
22.73
22.78
22.77
22.76
22.76
22.76
22.77
22.77
22.76
22.77
22.76
22.74
22.75
22.74
22.74
22.73
22.72
22.71
22.71
22.70
22.70
22.70
22.69
22.68
22.72
22.72
22.71
22.72
22.71
22.76
22.76
22.75
22.75
22.75
22.75
22.74
22.73
22.77
22.78
22.77
22.76
22.77
22.82
22.88
22.88
22.87
22.87
22.87
22.91
22.90
22.90
22.94
22.94
22.93
22.93
22.98
22.97
22.95
22.96
22.95
22.94
22.93
22.91
22.91
22.90
22.89
22.87
22.91
22.91
22.89
22.88
22.92
22.90
22.88
22.88
22.88
22.87
22.86
22.85
22.84
22.82
22.81
22.81
22.82
22.82
22.81
22.81
22.80
22.79
22.79
22.77
22.77
22.75
22.75
22.74
22.73
22.72
22.71
22.73
22.72
22.73
22.73
22.72
22.71
22.71
22.71
22.70
22.75
22.74
22.74
22.78
22.78
22.75
