29.69
28.12
26.56
26.56
27.50
26.04
25.89
25.98
25.17
24.53
24.86
25.13
25.48
25.33
24.79
24.61
25.09
25.69
25.25
25.23
24.93
25.14
25.54
25.26
25.38
25.00
24.88
25.00
24.73
24.74
24.65
24.56
24.43
24.59
24.29
24.44
24.49
24.51
24.60
24.73
24.54
24.59
24.60
24.64
24.44
24.39
24.57
24.54
24.49
24.47
24.36
24.28
24.38
24.28
24.29
24.14
24.18
24.14
24.26
24.06
24.13
24.07
24.13
24.17
24.11
24.05
23.97
23.78
23.75
23.75
23.70
23.72
23.69
23.71
23.75
23.68
23.68
23.64
23.64
23.65
23.65
23.59
23.61
23.60
23.64
23.56
23.56
23.47
23.53
23.58
23.61
23.66
23.64
23.54
23.60
23.63
23.47
23.47
23.41
23.39
23.34
23.36
23.35
23.41
23.39
23.29
23.35
23.39
23.38
23.39
23.40
23.42
23.48
23.46
23.51
23.45
23.50
23.60
23.66
23.68
23.76
23.69
23.70
23.73
23.70
23.80
23.86
23.78
23.79
23.80
23.78
23.78
23.77
23.73
23.76
23.78
23.77
23.73
23.67
23.68
23.68
23.73
23.77
23.77
23.76
23.71
23.69
23.67
23.64
23.61
23.62
23.66
23.65
23.67
23.68
23.68
23.67
23.70
23.69
23.71
23.69
23.68
23.63
23.64
23.64
23.64
23.64
23.60
23.59
23.59
23.59
23.54
23.55
23.53
23.54
23.53
23.50
23.43
23.43
23.47
23.45
23.45
23.45
23.50
23.56
23.54
23.54
23.55
23.51
23.53
23.51
23.48
23.49
23.53
23.49
23.57
23.56
23.53
23.52
23.55
23.53
23.49
23.49
23.52
23.51
23.54
23.56
23.53
23.53
23.55
23.50
23.53
23.50
23.50
23.44
23.44
23.41
23.40
23.40
23.43
23.44
23.43
23.44
23.42
23.38
23.37
23.32
23.31
23.33
23.35
23.34
23.31
23.30
23.27
23.26
23.26
23.25
23.24
23.23
23.22
23.23
23.24
23.27
23.25
23.20
23.20
23.23
23.24
23.24
23.26
23.28
23.26
23.24
23.24
23.22
23.22
23.22
23.24
23.23
23.23
23.22
23.26
23.24
23.23
23.23
23.19
23.17
23.16
23.16
23.14
23.12
23.16
23.19
23.19
23.19
23.19
23.20
23.22
23.25
23.22
23.19
23.21
23.19
23.19
23.19
23.21
23.23
23.23
23.23
23.22
23.21
23.23
23.25
23.22
23.22
23.21
23.22
23.21
23.19
23.16
23.16
23.18
23.17
23.18
23.16
23.16
23.18
23.17
23.14
23.14
23.11
23.11
23.08
23.12
23.11
23.10
23.11
23.12
23.12
23.11
23.11
23.11
23.13
23.13
23.14
23.15
23.13
23.10
23.11
23.13
23.13
23.14
23.13
23.13
23.14
23.14
23.13
23.12
23.10
23.11
23.12
23.10
23.10
23.13
23.11
23.11
23.10
23.11
23.13
23.15
23.15
23.17
23.15
23.19
23.20
23.25
23.25
23.25
23.26
23.25
23.24
23.25
23.24
23.23
23.24
23.21
23.18
23.17
23.17
23.14
23.15
23.19
23.20
23.22
23.23
23.24
23.23
23.23
23.24
23.23
23.23
23.22
23.24
23.25
23.25
23.26
23.26
23.25
23.24
23.26
23.27
23.25
23.28
23.27
23.28
23.29
23.30
23.29
23.28
23.29
23.28
23.28
23.26
23.24
23.26
23.30
23.32
23.31
23.33
23.34
23.33
23.33
23.32
23.32
23.32
23.32
23.31
23.32
23.30
23.31
23.31
23.31
23.32
23.30
23.31
23.30
23.28
23.25
23.27
23.27
23.28
23.29
23.31
23.31
23.33
23.32
23.32
23.34
23.33
23.33
23.35
23.35
23.35
23.35
23.35
23.35
23.37
23.38
23.38
23.39
23.40
23.41
23.39
23.38
23.38
23.39
23.38
23.39
23.39
23.39
23.38
23.39
23.39
23.38
23.39
23.38
23.38
23.38
23.37
23.37
23.36
23.35
23.34
23.36
23.35
23.35
23.35
23.35
23.34
23.34
23.34
23.33
23.35
23.34
23.34
23.34
23.35
23.36
23.36
23.36
23.37
23.37
23.37
23.37
23.37
23.37
23.36
23.36
23.37
23.36
23.36
23.36
23.35
23.35
23.36
23.35
23.35
23.32
23.33
23.33
23.32
23.31
23.31
23.33
23.33
23.35
23.33
23.33
23.33
23.33
23.32
23.33
23.34
23.33
23.32
23.33
23.31
23.31
23.30
23.29
23.29
23.29
23.29
23.28
23.28
23.29
23.28
23.29
23.30
23.30
23.30
23.30
23.31
23.29
23.29
23.30
23.31
23.32
23.32
23.33
23.32
23.34
23.35
23.36
23.36
23.36
23.38
23.37
23.37
23.37
23.36
23.36
23.35
23.35
23.36
23.35
23.35
23.36
23.36
23.36
23.37
23.36
23.37
23.37
23.37
23.38
23.38
23.39
23.38
23.39
23.39
23.39
23.39
23.39
23.39
23.40
23.40
23.42
23.42
23.42
23.43
23.43
23.43
23.45
23.46
23.45
23.46
23.48
23.47
23.47
23.48
23.49
23.49
23.48
23.48
23.49
23.48
23.51
23.50
23.52
23.52
23.53
23.54
23.52
23.52
23.53
23.52
23.51
23.51
23.51
23.51
23.52
23.53
23.53
23.52
23.53
23.53
23.51
23.51
23.52
23.53
23.55
23.55
23.55
23.54
23.56
23.56
23.56
23.55
23.56
23.55
23.57
23.57
23.56
23.54
23.54
23.55
23.55
23.55
23.56
23.55
23.58
23.59
23.59
23.60
23.60
23.60
23.60
23.61
23.61
23.60
23.60
23.62
23.61
23.61
23.59
23.61
23.61
23.61
23.61
23.62
23.63
23.63
23.62
23.63
23.64
23.66
23.65
23.65
23.65
23.65
23.63
23.63
23.63
23.63
23.63
23.64
23.65
23.65
23.65
23.66
23.67
23.66
23.66
23.67
23.68
23.69
23.69
23.71
23.72
23.72
23.73
23.73
23.72
23.71
23.72
23.72
23.72
23.71
23.71
23.71
23.71
23.71
23.70
23.69
23.70
23.70
23.71
23.72
23.71
23.70
23.70
23.70
23.71
23.70
23.69
23.68
23.70
23.70
23.69
23.68
23.68
23.68
23.68
23.69
23.69
23.69
23.70
23.70
23.71
23.71
23.72
23.72
23.71
23.72
23.72
23.72
23.72
23.72
23.72
23.72
23.71
23.71
23.71
23.71
23.71
23.71
23.71
23.72
23.73
23.72
23.71
23.71
23.71
23.71
23.70
23.71
23.70
23.69
23.70
23.68
23.68
23.68
23.69
23.70
23.70
23.68
23.69
23.68
23.68
23.68
23.66
