76.56
79.69
79.69
74.22
74.06
74.74
75.67
76.37
76.39
75.31
75.43
75.78
75.72
76.00
75.52
75.98
76.75
76.65
76.73
76.64
76.56
76.63
76.83
76.76
76.81
76.92
76.68
77.06
77.05
77.29
77.52
77.73
77.56
77.67
77.59
77.73
78.00
78.08
78.25
78.20
78.09
78.24
78.23
78.30
78.33
78.33
78.56
78.55
78.60
78.69
78.68
78.55
78.57
78.53
78.47
78.49
78.40
78.42
78.42
78.52
78.48
78.43
78.30
78.15
78.20
78.20
78.15
78.06
78.15
78.19
78.12
77.97
77.78
77.70
77.81
77.71
77.72
77.76
77.71
77.77
77.80
77.90
77.92
77.90
77.85
77.76
77.78
77.75
77.70
77.69
77.73
77.72
77.72
77.78
77.80
77.77
77.74
77.77
77.78
77.80
77.82
77.76
77.81
77.76
77.74
77.79
77.75
77.76
77.58
77.57
77.60
77.58
77.60
77.59
77.64
77.60
77.55
77.56
77.56
77.53
77.53
77.57
77.63
77.62
77.69
77.60
77.53
77.60
77.58
77.55
77.53
77.56
77.53
77.54
77.56
77.48
77.43
77.42
77.42
77.33
77.36
77.38
77.34
77.32
77.33
77.33
77.31
77.29
77.30
77.28
77.32
77.27
77.24
77.23
77.24
77.25
77.24
77.24
77.23
77.24
77.22
77.21
77.16
77.15
77.14
77.15
77.11
77.13
77.12
77.11
77.12
77.16
77.14
77.14
77.11
77.09
77.10
77.09
77.06
77.07
77.04
77.05
77.03
77.06
77.11
77.13
77.11
77.18
77.18
77.20
77.20
77.20
77.18
77.21
77.25
77.22
77.25
77.23
77.20
77.20
77.21
77.24
77.18
77.19
77.22
77.18
77.17
77.16
77.15
77.14
77.15
77.15
77.16
77.15
77.12
77.11
77.10
77.11
77.08
77.11
77.11
77.13
77.14
77.15
77.17
77.17
77.13
77.16
77.18
77.20
77.23
77.23
77.19
77.19
77.17
77.13
77.14
77.17
77.22
77.21
77.20
77.21
77.26
77.25
77.21
77.19
77.22
77.22
77.21
77.23
77.20
77.19
77.24
77.26
77.25
77.23
77.23
77.23
77.20
77.21
77.25
77.25
77.25
77.22
77.20
77.21
77.22
77.25
77.27
77.27
77.29
77.32
77.31
77.30
77.33
77.33
77.34
77.33
77.36
77.37
77.34
77.35
77.37
77.38
77.40
77.40
77.38
77.38
77.40
77.40
77.38
77.39
77.39
77.39
77.39
77.40
77.38
77.36
77.32
77.31
77.30
77.33
77.30
77.31
77.28
77.32
77.33
77.34
77.34
77.34
77.33
77.31
77.31
77.32
77.31
77.31
77.31
77.31
77.33
77.33
77.35
77.34
77.34
77.35
77.36
77.38
77.40
77.39
77.41
77.41
77.40
77.40
77.41
77.40
77.39
77.37
77.36
77.34
77.33
77.34
77.32
77.30
77.31
77.28
77.29
77.30
77.28
77.29
77.31
77.34
77.34
77.35
77.37
77.36
77.37
77.32
77.31
77.30
77.33
77.32
77.34
77.35
77.36
77.37
77.37
77.37
77.38
77.41
77.42
77.41
77.40
77.43
77.44
77.44
77.43
77.43
77.43
77.42
77.40
77.38
77.40
77.41
77.42
77.38
77.37
77.36
77.35
77.37
77.39
77.40
77.43
77.43
77.44
77.44
77.42
77.40
77.42
77.42
77.42
77.41
77.41
77.41
77.40
77.39
77.39
77.39
77.36
77.38
77.40
77.41
77.40
77.40
77.39
77.39
77.39
77.39
77.35
77.37
77.35
77.32
77.29
77.30
77.31
77.30
77.30
77.30
77.28
77.28
77.30
77.30
77.28
77.28
77.29
77.27
77.27
77.25
77.26
77.26
77.24
77.22
77.23
77.24
77.24
77.25
77.23
77.24
77.25
77.24
77.23
77.25
77.25
77.26
77.27
77.27
77.27
77.28
77.27
77.27
77.25
77.24
77.22
77.22
77.21
77.22
77.24
77.23
77.23
77.24
77.25
77.24
77.25
77.23
77.23
77.23
77.22
77.25
77.23
77.22
77.22
77.23
77.23
77.22
77.20
77.19
77.20
77.20
77.18
77.20
77.20
77.20
77.20
77.20
77.19
77.20
77.20
77.19
77.19
77.19
77.19
77.20
77.19
77.19
77.20
77.18
77.18
77.16
77.18
77.17
77.16
77.14
77.15
77.15
77.15
77.15
77.17
77.17
77.17
77.15
77.15
77.13
77.12
77.12
77.12
77.10
77.09
77.08
77.06
77.08
77.10
77.10
77.10
77.10
77.10
77.08
77.08
77.08
77.09
77.09
77.10
77.10
77.08
77.08
77.08
77.09
77.08
77.09
77.10
77.08
77.09
77.09
77.08
77.08
77.07
77.07
77.07
77.06
77.05
77.06
77.05
77.05
77.06
77.05
77.06
77.06
77.07
77.10
77.11
77.11
77.11
77.11
77.13
77.11
77.11
77.12
77.12
77.11
77.10
77.10
77.10
77.12
77.13
77.14
77.15
77.14
77.15
77.14
77.13
77.13
77.14
77.13
77.13
77.14
77.14
77.14
77.14
77.13
77.13
77.12
77.13
77.13
77.13
77.13
77.13
77.13
77.13
77.14
77.15
77.15
77.16
77.15
77.14
77.15
77.15
77.15
77.14
77.14
77.13
77.14
77.13
77.13
77.12
77.13
77.12
77.11
77.10
77.11
77.11
77.11
77.10
77.10
77.10
77.09
77.10
77.11
77.12
77.12
77.12
77.12
77.12
77.13
77.14
77.13
77.12
77.11
77.12
77.12
77.13
77.15
77.16
77.16
77.15
77.14
77.14
77.15
77.14
77.13
77.13
77.11
77.12
77.11
77.12
77.12
77.13
77.13
77.13
77.13
77.12
77.11
77.12
77.12
77.10
77.09
77.09
77.10
77.11
77.12
77.12
77.12
77.12
77.13
77.12
77.12
77.14
77.14
77.15
77.16
77.16
77.16
77.17
77.18
77.19
77.19
77.17
77.17
77.17
77.16
77.17
77.17
77.17
77.17
77.17
77.17
77.18
77.17
77.18
77.18
77.18
77.19
77.19
77.19
77.19
77.19
77.19
77.19
77.20
77.18
77.18
77.18
77.17
77.17
77.17
77.17
77.18
77.18
77.18
77.18
77.18
77.19
77.19
77.18
77.19
77.19
77.18
77.17
77.16
77.16
77.17
77.17
77.17
77.16
77.16
77.16
77.16
77.16
77.15
77.14
77.14
77.15
77.16
77.14
77.14
77.14
77.12
77.13
77.13
77.14
77.14
77.14
77.13
77.13
77.13
77.13
77.14
77.13
77.14
77.14
77.13
77.13
77.14
77.14
77.15
77.17
77.18
77.17
77.17
77.18
77.16
77.15
77.15
77.16
77.16
77.09
