3.12
27.34
31.25
24.61
29.06
24.74
27.23
29.10
26.74
24.84
26.99
27.86
29.33
30.58
29.17
27.73
28.95
29.34
28.29
27.27
27.83
29.19
28.12
27.28
27.62
28.00
28.30
29.07
28.34
27.76
27.97
28.86
28.88
28.22
28.62
27.95
27.32
26.85
26.96
27.42
26.87
27.34
27.03
26.60
27.26
27.55
28.19
27.70
27.84
28.12
28.68
29.09
29.48
29.77
29.94
30.30
29.88
29.53
29.05
29.32
28.97
29.23
29.49
29.74
29.93
30.18
30.34
30.03
30.23
30.00
30.30
30.51
30.61
30.81
30.52
30.67
30.82
30.91
31.03
31.23
31.31
31.40
31.49
31.70
31.42
31.65
31.79
32.12
32.27
32.34
32.06
31.78
31.96
32.18
32.35
32.39
32.36
32.51
32.21
31.94
32.04
32.18
31.98
31.70
31.50
31.57
31.34
31.13
30.95
30.71
30.84
30.59
30.66
30.85
30.94
31.07
30.88
31.04
31.14
30.91
31.03
31.12
31.20
30.99
30.79
30.89
30.99
31.03
30.90
30.72
30.53
30.62
30.73
30.87
30.98
31.05
31.10
30.93
30.73
30.84
30.98
31.11
30.94
30.75
30.80
30.88
30.95
30.95
31.08
31.21
31.23
31.08
30.91
30.97
31.01
31.10
31.19
31.30
31.36
31.42
31.58
31.50
31.38
31.47
31.35
31.42
31.47
31.54
31.65
31.73
31.79
31.87
31.95
31.81
31.86
31.75
31.61
31.70
31.84
31.92
32.05
32.13
31.98
32.01
32.10
32.19
32.26
32.37
32.43
32.52
32.62
32.61
32.68
32.81
32.84
32.87
32.98
33.02
32.87
32.95
33.01
33.07
33.10
32.99
33.06
32.94
32.83
32.93
32.94
32.81
32.91
33.01
33.13
33.21
33.13
33.20
33.24
33.26
33.15
33.03
33.04
33.09
33.11
33.13
33.16
33.05
33.12
33.03
33.07
33.15
33.19
33.22
33.25
33.33
33.35
33.41
33.41
33.29
33.31
33.22
33.27
33.34
33.20
33.12
33.00
33.05
33.09
33.12
33.03
32.94
32.99
33.05
32.95
33.02
33.08
33.13
33.20
33.10
33.01
33.05
33.05
32.97
32.85
32.76
32.82
32.88
32.79
32.85
32.89
32.93
33.00
33.07
32.97
33.02
33.07
33.08
32.99
33.05
33.12
33.21
33.23
33.13
33.19
33.21
33.25
33.31
33.31
33.22
33.12
33.17
33.07
32.98
33.02
32.95
32.97
32.88
32.91
32.99
33.01
33.05
32.97
32.88
32.80
32.69
32.72
32.78
32.82
32.87
32.77
32.67
32.68
32.60
32.62
32.65
32.68
32.59
32.64
32.70
32.63
32.56
32.50
32.52
32.58
32.49
32.41
32.44
32.49
32.43
32.35
32.26
32.32
32.38
32.40
32.33
32.34
32.35
32.26
32.29
32.31
32.24
32.23
32.15
32.18
32.21
32.24
32.28
32.33
32.26
32.18
32.24
32.25
32.19
32.13
32.06
31.99
32.00
32.05
32.06
31.99
32.05
32.09
32.12
32.15
32.08
32.02
32.05
31.97
32.03
32.07
32.01
32.03
32.06
32.07
32.09
32.02
32.09
32.14
32.19
32.25
32.30
32.32
32.26
32.18
32.12
32.12
32.15
32.18
32.22
32.26
32.30
32.37
32.42
32.43
32.50
32.53
32.56
32.61
32.55
32.59
32.53
32.45
32.49
32.50
32.45
32.38
32.40
32.44
32.44
32.48
32.51
32.55
32.60
32.55
32.58
32.52
32.47
32.51
32.54
32.59
32.53
32.58
32.59
32.61
32.62
32.64
32.59
32.61
32.66
32.60
32.63
32.64
32.65
32.68
32.61
32.63
32.67
32.70
32.72
32.75
32.70
32.75
32.69
32.72
32.65
32.67
32.70
32.72
32.67
32.71
32.66
32.66
32.69
32.71
32.65
32.65
32.69
32.71
32.76
32.78
32.72
32.67
32.70
32.71
32.72
32.66
32.61
32.64
32.58
32.61
32.63
32.56
32.51
32.51
32.54
32.49
32.53
32.54
32.57
32.59
32.61
32.63
32.64
32.67
32.71
32.66
32.69
32.72
32.67
32.67
32.69
32.71
32.74
32.75
32.77
32.79
32.74
32.68
32.68
32.71
32.65
32.60
32.64
32.58
32.62
32.66
32.70
32.73
32.77
32.72
32.75
32.70
32.65
32.61
32.62
32.63
32.57
32.61
32.63
32.65
32.70
32.72
32.67
32.68
32.69
32.64
32.69
32.66
32.66
32.69
32.74
32.77
32.79
32.75
32.70
32.70
32.73
32.68
32.69
32.72
32.67
32.69
32.71
32.73
32.68
32.71
32.75
32.78
32.74
32.76
32.80
32.82
32.86
32.89
32.90
32.92
32.92
32.86
32.89
32.90
32.85
32.87
32.82
32.85
32.88
32.91
32.91
32.94
32.96
32.98
32.93
32.96
32.91
32.93
32.96
32.92
32.91
32.87
32.87
32.90
32.90
32.91
32.95
32.97
32.93
32.95
32.97
33.00
33.00
32.96
32.98
33.01
33.04
33.07
33.02
33.03
33.06
33.09
33.06
33.02
32.98
32.99
33.01
33.03
33.05
33.08
33.12
33.12
33.08
33.03
33.06
33.02
33.04
33.07
33.10
33.13
33.08
33.04
33.00
32.95
32.96
32.92
32.87
32.88
32.89
32.91
32.95
32.97
32.98
33.00
33.02
33.04
33.06
33.10
33.06
33.07
33.08
33.09
33.11
33.14
33.09
33.04
33.00
33.02
33.03
33.06
33.09
33.12
33.14
33.14
33.10
33.07
33.10
33.11
33.13
33.15
33.17
33.18
33.20
33.22
33.25
33.26
33.28
33.29
33.32
33.28
33.30
33.31
33.33
33.34
33.34
33.36
33.36
33.37
33.33
33.35
33.31
33.27
33.28
33.24
33.25
33.21
33.17
33.14
33.15
33.11
33.08
33.09
33.12
33.08
33.04
33.01
33.02
33.05
33.00
33.02
33.03
33.05
33.06
33.07
33.10
33.12
33.14
33.11
33.13
33.09
33.05
33.06
33.08
33.09
33.11
33.13
33.14
33.17
33.18
33.19
33.21
33.17
33.20
33.23
33.19
33.21
33.18
33.14
33.15
33.11
33.08
33.09
33.10
33.06
33.07
33.03
33.00
33.01
33.02
33.04
33.06
33.03
33.04
33.06
33.08
33.05
33.08
33.09
33.06
33.08
33.10
33.11
33.08
33.10
33.07
33.09
33.05
33.08
33.05
33.04
33.05
33.02
33.05
33.07
33.04
33.06
33.09
33.10
33.06
33.08
33.05
33.01
32.99
32.95
32.97
32.99
33.01
33.02
33.04
33.06
33.07
33.08
33.11
33.14
33.16
33.17
33.13
