78.12
82.81
81.77
81.25
80.31
79.43
80.58
80.66
80.38
80.31
79.83
80.60
80.65
80.02
80.42
80.76
81.07
81.08
81.17
81.02
80.58
80.68
80.84
80.66
80.88
80.83
80.79
80.80
80.87
80.99
81.15
80.96
80.97
81.11
81.29
81.42
81.29
81.29
81.25
81.29
81.17
81.21
81.10
81.14
81.22
81.39
81.18
81.18
81.15
81.12
81.13
81.13
81.10
81.08
80.94
80.92
80.89
80.82
80.80
80.62
80.58
80.65
80.75
80.62
80.53
80.52
80.55
80.51
80.48
80.60
80.68
80.66
80.67
80.57
80.65
80.65
80.66
80.67
80.62
80.72
80.67
80.74
80.76
80.78
80.81
80.83
80.73
80.77
80.83
80.87
80.89
80.94
80.95
80.98
81.00
80.97
81.04
80.92
80.92
80.91
80.82
80.82
80.87
80.84
80.86
80.94
80.91
80.96
80.96
80.95
80.93
80.83
80.88
80.83
80.73
80.71
80.72
80.75
80.67
80.64
80.69
80.65
80.68
80.72
80.65
80.65
80.68
80.70
80.68
80.71
80.64
80.65
80.69
80.70
80.69
80.68
80.68
80.66
80.65
80.60
80.62
80.59
80.57
80.56
80.52
80.58
80.59
80.56
80.54
80.52
80.49
80.55
80.52
80.48
80.50
80.53
80.57
80.58
80.58
80.62
80.61
80.56
80.57
80.56
80.47
80.46
80.45
80.44
80.43
80.45
80.43
80.47
80.43
80.43
80.45
80.43
80.42
80.41
80.42
80.43
80.43
80.43
80.45
80.44
80.46
80.48
80.46
80.51
80.54
80.58
80.64
80.58
80.62
80.59
80.58
80.56
80.58
80.59
80.56
80.56
80.55
80.55
80.56
80.58
80.54
80.55
80.60
80.65
80.64
80.62
80.65
80.66
80.64
80.62
80.62
80.60
80.59
80.60
80.62
80.61
80.58
80.55
80.58
80.60
80.62
80.61
80.62
80.63
80.62
80.60
80.60
80.61
80.63
80.58
80.57
80.57
80.60
80.57
80.59
80.58
80.58
80.55
80.55
80.56
80.55
80.55
80.54
80.53
80.55
80.57
80.56
80.55
80.56
80.57
80.57
80.58
80.59
80.58
80.58
80.54
80.54
80.56
80.58
80.57
80.55
80.56
80.55
80.56
80.54
80.52
80.52
80.49
80.49
80.51
80.49
80.46
80.44
80.45
80.44
80.46
80.43
80.44
80.44
80.44
80.43
80.45
80.45
80.44
80.46
80.46
80.45
80.44
80.47
80.45
80.45
80.45
80.45
80.44
80.42
80.43
80.44
80.44
80.40
80.39
80.39
80.39
80.41
80.41
80.41
80.41
80.42
80.43
80.44
80.42
80.45
80.46
80.46
80.44
80.43
80.43
80.44
80.43
80.43
80.43
80.41
80.39
80.37
80.35
80.34
80.34
80.33
80.32
80.33
80.32
80.30
80.30
80.30
80.32
80.31
80.32
80.31
80.30
80.32
80.33
80.34
80.36
80.36
80.36
80.34
80.32
80.30
80.33
80.33
80.35
80.36
80.35
80.34
80.33
80.34
80.32
80.31
80.32
80.33
80.32
80.30
80.30
80.30
80.30
80.31
80.30
80.29
80.29
80.27
80.26
80.28
80.27
80.26
80.24
80.21
80.21
80.22
80.22
80.22
80.22
80.20
80.22
80.23
80.22
80.19
80.17
80.20
80.19
80.21
80.19
80.23
80.22
80.22
80.20
80.21
80.20
80.19
80.20
80.21
80.18
80.19
80.19
80.22
80.22
80.23
80.24
80.25
80.26
80.26
80.25
80.24
80.22
80.22
80.19
80.17
80.16
80.16
80.16
80.17
80.17
80.17
80.17
80.17
80.17
80.17
80.18
80.17
80.17
80.15
80.16
80.17
80.15
80.14
80.15
80.14
80.16
80.17
80.17
80.17
80.16
80.14
80.17
80.17
80.18
80.17
80.18
80.19
80.18
80.17
80.18
80.19
80.20
80.19
80.20
80.20
80.20
80.18
80.16
80.16
80.15
80.15
80.16
80.16
80.16
80.16
80.16
80.17
80.16
80.15
80.14
80.14
80.14
80.14
80.14
80.14
80.14
80.16
80.15
80.16
80.16
80.15
80.16
80.16
80.17
80.17
80.17
80.18
80.19
80.18
80.17
80.17
80.17
80.17
80.17
80.17
80.17
80.17
80.15
80.15
80.16
80.15
80.17
80.16
80.18
80.18
80.18
80.19
80.19
80.20
80.20
80.19
80.21
80.21
80.20
80.20
80.21
80.20
80.21
80.21
80.21
80.21
80.21
80.22
80.23
80.23
80.22
80.21
80.20
80.22
80.23
80.21
80.22
80.21
80.21
80.21
80.21
80.20
80.19
80.20
80.19
80.19
80.19
80.17
80.18
80.18
80.19
80.20
80.20
80.18
80.18
80.17
80.18
80.19
80.19
80.18
80.17
80.15
80.15
80.16
80.15
80.15
80.14
80.13
80.14
80.12
80.13
80.13
80.13
80.12
80.11
80.12
80.12
80.12
80.12
80.11
80.09
80.10
80.10
80.10
80.10
80.10
80.10
80.08
80.08
80.09
80.09
80.09
80.08
80.08
80.08
80.08
80.08
80.08
80.07
80.07
80.08
80.08
80.08
80.09
80.08
80.07
80.07
80.07
80.07
80.08
80.08
80.09
80.10
80.11
80.11
80.10
80.10
80.12
80.12
80.10
80.09
80.08
80.07
80.06
80.04
80.04
80.05
80.06
80.04
80.05
80.06
80.05
80.06
80.05
80.05
80.05
80.04
80.04
80.04
80.04
80.04
80.02
80.02
80.03
80.02
80.02
80.01
80.00
79.99
79.99
79.99
79.99
79.98
79.99
79.98
79.99
79.98
79.99
79.98
79.99
79.99
80.00
80.01
80.01
80.00
80.01
80.01
80.01
80.01
80.01
80.01
80.00
80.00
80.01
80.01
80.02
80.01
80.02
80.01
80.01
80.01
80.01
80.01
80.00
80.00
80.00
80.00
80.00
80.01
80.02
80.02
80.02
80.02
80.03
80.02
80.03
80.02
80.02
80.02
80.02
80.02
80.02
80.03
80.02
80.01
80.01
80.02
80.02
80.02
80.00
80.00
80.01
80.02
80.03
80.04
80.04
80.05
80.04
80.03
80.03
80.03
80.05
80.04
80.04
80.04
80.03
80.03
80.03
80.03
80.04
80.04
80.03
80.04
80.04
80.04
80.05
80.05
80.05
80.06
80.05
80.06
80.05
80.06
80.07
80.07
80.05
80.04
80.05
80.05
80.05
80.05
80.05
80.06
80.07
80.07
80.08
80.08
80.08
80.08
80.08
80.09
80.08
80.09
80.10
80.09
80.09
80.08
80.08
80.09
80.09
80.08
80.08
80.09
80.09
80.09
80.09
80.09
80.09
80.09
80.09
80.09
80.08
80.00
