56.25
58.59
59.90
60.55
61.87
62.50
63.17
64.06
64.06
65.00
64.49
64.19
64.06
63.84
63.13
63.18
62.78
62.93
62.99
62.58
62.35
62.14
62.30
62.11
61.94
62.08
62.33
62.44
62.45
62.45
62.45
62.60
62.69
62.73
62.23
62.20
62.12
62.25
62.10
61.99
61.97
61.90
61.92
62.11
62.12
62.09
61.97
62.01
61.99
61.88
61.76
61.60
61.59
61.63
61.68
61.91
61.87
61.77
61.86
61.85
61.71
61.69
61.78
61.72
61.87
61.96
61.92
61.95
61.96
61.90
61.97
61.91
61.90
61.80
61.87
61.94
61.95
61.96
62.01
61.99
62.00
61.95
61.90
61.89
61.78
61.77
61.85
61.74
61.71
61.75
61.80
61.74
61.64
61.70
61.76
61.95
61.94
61.88
61.82
61.77
61.74
61.76
61.76
61.76
61.76
61.75
61.78
61.70
61.77
61.80
61.75
61.76
61.86
61.79
61.77
61.84
61.89
61.93
61.97
62.02
62.05
62.06
61.98
62.00
62.08
62.03
62.06
62.10
62.12
62.13
62.11
62.14
62.07
62.13
62.20
62.19
62.25
62.18
62.22
62.20
62.13
62.14
62.12
62.11
62.11
62.15
62.11
62.07
62.09
62.10
62.09
62.09
62.12
62.14
62.11
62.14
62.15
62.14
62.13
62.12
62.10
62.00
62.02
62.03
62.04
61.98
61.93
61.99
61.99
62.01
61.96
61.95
61.99
61.98
62.00
62.01
61.96
62.03
62.02
62.07
62.07
62.04
62.05
62.02
62.02
61.99
62.02
62.00
62.00
61.98
62.01
61.98
61.99
61.98
61.98
62.04
61.97
61.97
62.00
62.02
62.03
62.06
62.02
62.05
62.04
61.98
61.99
62.00
62.01
61.99
62.03
61.99
61.95
61.94
61.93
61.94
61.98
61.96
61.95
61.96
61.95
61.97
61.97
61.94
61.92
61.93
61.95
61.96
61.93
61.94
61.95
61.93
61.97
62.01
62.01
62.03
62.01
62.05
62.01
62.00
61.99
61.98
61.95
62.00
61.99
62.00
62.01
62.05
62.05
62.08
62.11
62.06
62.04
62.01
62.02
62.02
62.00
61.98
61.97
61.97
61.97
61.93
61.94
61.91
61.98
62.01
62.00
62.05
62.06
62.09
62.10
62.13
62.13
62.16
62.15
62.17
62.16
62.18
62.18
62.15
62.19
62.18
62.17
62.18
62.19
62.23
62.23
62.22
62.21
62.20
62.17
62.18
62.23
62.27
62.25
62.23
62.25
62.29
62.31
62.32
62.28
62.30
62.28
62.27
62.27
62.25
62.25
62.22
62.22
62.24
62.26
62.24
62.27
62.27
62.27
62.25
62.22
62.18
62.21
62.24
62.21
62.19
62.20
62.19
62.19
62.17
62.18
62.18
62.18
62.18
62.21
62.21
62.24
62.24
62.25
62.25
62.25
62.27
62.27
62.28
62.30
62.28
62.30
62.29
62.29
62.29
62.30
62.31
62.27
62.27
62.25
62.24
62.21
62.22
62.24
62.25
62.23
62.25
62.28
62.31
62.34
62.36
62.37
62.37
62.39
62.40
62.39
62.39
62.37
62.37
62.41
62.41
62.40
62.37
62.37
62.35
62.34
62.34
62.37
62.38
62.39
62.36
62.39
62.39
62.41
62.39
62.37
62.36
62.37
62.38
62.38
62.41
62.41
62.41
62.40
62.41
62.42
62.41
62.39
62.39
62.40
62.39
62.39
62.40
62.42
62.43
62.42
62.41
62.39
62.39
62.36
62.38
62.36
62.36
62.37
62.35
62.35
62.35
62.35
62.36
62.36
62.35
62.37
62.39
62.39
62.43
62.42
62.43
62.43
62.40
62.38
62.36
62.36
62.35
62.34
62.37
62.36
62.37
62.38
62.39
62.40
62.40
62.44
62.43
62.41
62.39
62.40
62.40
62.39
62.38
62.39
62.39
62.37
62.36
62.33
62.37
62.37
62.39
62.39
62.38
62.37
62.34
62.35
62.35
62.35
62.34
62.34
62.34
62.34
62.32
62.34
62.34
62.34
62.37
62.38
62.39
62.38
62.37
62.36
62.37
62.35
62.35
62.37
62.39
62.40
62.37
62.37
62.40
62.38
62.39
62.39
62.38
62.38
62.39
62.41
62.40
62.40
62.42
62.42
62.41
62.41
62.41
62.42
62.42
62.42
62.41
62.39
62.40
62.40
62.36
62.37
62.35
62.36
62.35
62.33
62.34
62.35
62.35
62.37
62.35
62.36
62.37
62.38
62.38
62.38
62.40
62.39
62.38
62.39
62.41
62.39
62.39
62.39
62.40
62.40
62.42
62.42
62.42
62.43
62.41
62.43
62.43
62.42
62.42
62.41
62.41
62.40
62.41
62.41
62.42
62.44
62.45
62.45
62.46
62.45
62.47
62.46
62.47
62.46
62.46
62.45
62.46
62.48
62.48
62.48
62.48
62.50
62.49
62.48
62.47
62.47
62.50
62.50
62.50
62.53
62.51
62.51
62.51
62.51
62.51
62.50
62.50
62.49
62.47
62.46
62.47
62.47
62.47
62.49
62.50
62.51
62.51
62.50
62.49
62.49
62.49
62.47
62.45
62.45
62.44
62.46
62.45
62.43
62.41
62.42
62.42
62.44
62.44
62.45
62.45
62.47
62.47
62.48
62.50
62.49
62.49
62.48
62.49
62.49
62.50
62.52
62.50
62.51
62.51
62.51
62.51
62.51
62.50
62.50
62.50
62.51
62.50
62.50
62.51
62.52
62.53
62.53
62.54
62.54
62.53
62.53
62.53
62.53
62.53
62.53
62.53
62.54
62.53
62.54
62.53
62.54
62.53
62.52
62.50
62.51
62.52
62.52
62.52
62.52
62.52
62.51
62.50
62.51
62.53
62.53
62.54
62.55
62.55
62.54
62.54
62.55
62.56
62.56
62.56
62.57
62.55
62.56
62.56
62.56
62.56
62.56
62.54
62.53
62.53
62.53
62.54
62.53
62.54
62.53
62.53
62.52
62.51
62.51
62.51
62.51
62.51
62.52
62.52
62.51
62.52
62.51
62.52
62.52
62.50
62.50
62.50
62.51
62.51
62.52
62.51
62.51
62.51
62.50
62.50
62.50
62.50
62.51
62.50
62.50
62.48
62.47
62.47
62.48
62.48
62.47
62.48
62.49
62.50
62.48
62.48
62.49
62.48
62.48
62.48
62.47
62.46
62.47
62.49
62.47
62.46
62.45
62.46
62.47
62.47
62.46
62.48
62.47
62.46
62.45
62.46
62.46
62.47
62.46
62.45
62.47
62.49
62.49
62.50
62.49
62.48
62.48
62.49
62.49
62.50
62.50
62.50
62.49
62.48
62.47
62.47
62.47
62.48
62.46
62.47
62.47
62.46
62.47
62.47
62.45
62.45
62.45
62.39
