90.62
86.72
84.38
84.77
81.88
79.95
79.46
79.30
79.51
79.38
79.40
79.56
79.57
78.91
78.44
78.42
78.95
79.34
79.44
79.30
79.39
79.62
80.03
80.14
80.19
80.23
80.27
80.08
80.01
79.90
79.89
79.93
80.11
80.24
80.22
80.16
80.19
80.06
80.05
80.12
80.14
80.25
80.31
80.36
80.31
80.40
80.35
80.24
80.10
80.12
80.24
80.11
80.25
80.30
80.26
80.27
80.37
80.33
80.19
80.31
80.15
80.17
80.13
80.15
80.24
80.30
80.34
80.45
80.50
80.36
80.37
80.45
80.50
80.49
80.50
80.57
80.56
80.61
80.62
80.64
80.59
80.56
80.59
80.51
80.61
80.63
80.59
80.58
80.62
80.66
80.72
80.76
80.80
80.80
80.81
80.88
80.90
80.93
80.95
80.94
81.00
81.05
81.05
81.05
81.06
81.04
81.06
81.08
81.05
81.12
81.10
81.12
81.17
81.24
81.18
81.24
81.18
81.16
81.14
81.07
81.08
81.12
81.14
81.16
81.18
81.19
81.23
81.21
81.20
81.14
81.15
81.16
81.16
81.11
81.08
81.07
81.08
81.14
81.13
81.10
81.08
81.08
81.06
81.07
80.99
80.98
81.01
81.05
81.01
81.03
80.98
80.94
80.93
81.01
81.00
80.99
81.01
80.99
81.06
81.07
81.11
81.13
81.18
81.15
81.16
81.09
81.04
80.99
81.02
81.06
81.07
81.04
81.06
81.09
81.10
81.06
81.06
81.03
81.05
81.09
81.07
81.09
81.06
81.09
81.04
81.01
80.95
80.96
81.00
80.95
80.99
80.99
81.02
81.02
81.01
80.99
81.00
80.96
80.97
80.97
80.95
80.95
80.99
80.99
81.01
81.01
80.99
80.98
80.99
80.99
81.01
81.01
81.03
81.04
81.02
81.00
81.00
80.96
80.88
80.90
80.92
80.93
80.89
80.90
80.87
80.91
80.91
80.91
80.89
80.88
80.87
80.90
80.93
80.97
80.98
80.95
80.91
80.94
80.97
80.98
81.00
81.02
81.03
81.02
81.01
81.00
80.98
80.95
80.97
80.96
80.99
80.98
80.99
80.97
81.00
80.95
80.95
80.94
80.92
80.91
80.87
80.89
80.85
80.85
80.86
80.87
80.87
80.86
80.87
80.87
80.88
80.88
80.90
80.93
80.94
80.96
80.96
80.93
80.95
80.96
80.98
80.98
80.98
80.98
80.95
80.95
80.95
80.94
80.96
80.96
80.97
80.94
80.96
80.95
80.97
80.95
80.93
80.94
80.93
80.92
80.92
80.94
80.93
80.92
80.89
80.91
80.90
80.91
80.92
80.93
80.91
80.92
80.93
80.95
80.93
80.91
80.90
80.89
80.89
80.89
80.89
80.91
80.91
80.93
80.93
80.93
80.89
80.92
80.92
80.93
80.93
80.93
80.93
80.93
80.91
80.92
80.92
80.91
80.93
80.92
80.93
80.93
80.91
80.89
80.89
80.90
80.90
80.92
80.94
80.93
80.93
80.93
80.89
80.91
80.89
80.88
80.89
80.85
80.86
80.87
80.87
80.90
80.93
80.94
80.96
80.96
80.96
80.96
80.94
80.96
80.94
80.96
80.94
80.95
80.95
80.96
80.98
80.98
80.97
80.97
80.97
80.98
80.98
80.99
80.99
81.01
80.98
80.97
80.96
80.94
80.93
80.93
80.92
80.92
80.92
80.92
80.93
80.94
80.96
80.96
80.97
80.97
80.96
80.98
80.98
80.97
80.98
80.97
80.97
80.98
80.97
80.96
80.98
80.99
80.99
80.99
81.00
80.97
80.97
80.98
81.00
80.99
80.99
80.98
80.97
80.96
80.95
80.94
80.94
80.95
80.96
80.95
80.95
80.94
80.94
80.93
80.93
80.95
80.95
80.94
80.94
80.94
80.93
80.94
80.92
80.90
80.90
80.92
80.93
80.93
80.93
80.94
80.93
80.91
80.91
80.90
80.88
80.88
80.87
80.87
80.87
80.88
80.87
80.87
80.87
80.85
80.88
80.89
80.88
80.87
80.88
80.90
80.91
80.92
80.94
80.95
80.95
80.95
80.96
80.96
80.93
80.94
80.93
80.92
80.92
80.93
80.94
80.94
80.94
80.94
80.93
80.94
80.92
80.93
80.94
80.95
80.96
80.96
80.95
80.94
80.94
80.94
80.96
80.97
80.96
80.95
80.95
80.95
80.97
80.97
80.96
80.95
80.93
80.93
80.94
80.95
80.96
80.97
80.95
80.96
80.96
80.95
80.96
80.96
80.96
80.95
80.95
80.96
80.96
80.96
80.97
80.96
80.97
80.96
80.95
80.94
80.95
80.95
80.94
80.94
80.94
80.94
80.93
80.95
80.96
80.96
80.95
80.95
80.95
80.95
80.95
80.93
80.94
80.93
80.92
80.89
80.89
80.88
80.89
80.89
80.89
80.90
80.89
80.88
80.88
80.89
80.89
80.88
80.88
80.89
80.88
80.88
80.87
80.87
80.86
80.85
80.86
80.86
80.87
80.87
80.88
80.87
80.85
80.86
80.85
80.85
80.85
80.86
80.85
80.84
80.83
80.82
80.80
80.81
80.81
80.83
80.84
80.83
80.83
80.84
80.84
80.84
80.85
80.85
80.86
80.86
80.86
80.85
80.84
80.85
80.86
80.86
80.86
80.84
80.85
80.85
80.85
80.84
80.84
80.84
80.84
80.84
80.84
80.84
80.85
80.85
80.85
80.85
80.87
80.87
80.86
80.87
80.85
80.85
80.84
80.85
80.85
80.85
80.86
80.86
80.86
80.86
80.87
80.87
80.88
80.88
80.87
80.88
80.89
80.89
80.89
80.88
80.89
80.90
80.92
80.92
80.91
80.93
80.93
80.94
80.94
80.95
80.95
80.95
80.95
80.95
80.94
80.94
80.94
80.94
80.94
80.93
80.94
80.95
80.96
80.96
80.95
80.96
80.96
80.96
80.97
80.97
80.97
80.96
80.94
80.95
80.95
80.93
80.93
80.93
80.93
80.94
80.93
80.93
80.92
80.93
80.92
80.91
80.90
80.90
80.90
80.91
80.91
80.92
80.91
80.91
80.90
80.90
80.89
80.90
80.91
80.91
80.91
80.90
80.89
80.89
80.88
80.89
80.89
80.90
80.89
80.88
80.88
80.87
80.87
80.86
80.85
80.86
80.86
80.86
80.84
80.84
80.84
80.84
80.83
80.84
80.83
80.83
80.83
80.83
80.83
80.83
80.83
80.83
80.83
80.84
80.83
80.84
80.84
80.85
80.84
80.85
80.84
80.85
80.86
80.86
80.87
80.86
80.86
80.86
80.85
80.86
80.85
80.86
80.85
80.85
80.85
80.85
80.84
80.84
80.83
80.84
80.84
80.84
80.84
80.84
80.84
80.85
80.85
80.85
80.85
80.77
