39.06
42.97
42.71
40.62
41.88
41.93
40.85
40.43
38.72
38.12
38.78
39.45
40.02
40.51
40.52
39.65
39.98
39.84
38.98
38.75
38.62
38.64
38.72
38.74
38.56
38.88
39.06
39.34
39.33
39.74
39.72
39.31
39.54
39.43
39.33
39.45
39.44
39.68
39.74
39.84
39.90
39.99
39.97
39.74
39.58
39.57
39.69
39.75
39.96
39.97
39.95
40.02
40.04
40.10
40.09
40.07
40.05
40.14
39.99
39.95
40.06
39.99
39.88
39.84
39.83
39.75
39.74
39.68
39.65
39.71
39.77
39.71
39.60
39.65
39.50
39.62
39.75
39.70
39.77
39.63
39.56
39.54
39.61
39.47
39.43
39.41
39.33
39.26
39.29
39.15
39.20
39.33
39.30
39.21
39.23
39.19
39.22
39.24
39.28
39.28
39.29
39.35
39.43
39.41
39.40
39.40
39.43
39.41
39.38
39.33
39.37
39.41
39.48
39.53
39.57
39.44
39.57
39.61
39.54
39.53
39.55
39.59
39.53
39.58
39.66
39.77
39.76
39.75
39.75
39.75
39.78
39.77
39.78
39.76
39.70
39.65
39.60
39.65
39.66
39.64
39.58
39.56
39.60
39.54
39.64
39.65
39.68
39.67
39.63
39.57
39.53
39.57
39.57
39.56
39.52
39.48
39.45
39.52
39.53
39.59
39.53
39.55
39.53
39.58
39.60
39.65
39.61
39.57
39.58
39.62
39.58
39.63
39.63
39.63
39.62
39.59
39.59
39.61
39.58
39.58
39.61
39.59
39.64
39.66
39.66
39.59
39.51
39.52
39.54
39.58
39.55
39.51
39.54
39.59
39.57
39.59
39.60
39.65
39.64
39.66
39.65
39.67
39.60
39.59
39.59
39.54
39.55
39.51
39.53
39.49
39.46
39.43
39.42
39.38
39.43
39.45
39.44
39.43
39.40
39.42
39.43
39.41
39.41
39.43
39.41
39.46
39.45
39.50
39.53
39.57
39.52
39.53
39.58
39.56
39.61
39.59
39.60
39.61
39.62
39.63
39.62
39.59
39.57
39.60
39.59
39.61
39.62
39.63
39.64
39.66
39.69
39.68
39.67
39.68
39.66
39.62
39.64
39.59
39.62
39.64
39.67
39.65
39.63
39.58
39.60
39.60
39.62
39.64
39.68
39.66
39.67
39.65
39.70
39.71
39.72
39.75
39.77
39.78
39.77
39.79
39.79
39.79
39.82
39.79
39.80
39.81
39.81
39.82
39.80
39.77
39.78
39.78
39.73
39.74
39.75
39.74
39.74
39.72
39.69
39.70
39.71
39.74
39.72
39.71
39.71
39.71
39.73
39.74
39.74
39.72
39.71
39.74
39.76
39.75
39.76
39.74
39.73
39.71
39.69
39.72
39.72
39.70
39.70
39.70
39.70
39.70
39.71
39.70
39.70
39.69
39.69
39.71
39.69
39.69
39.73
39.70
39.71
39.71
39.69
39.66
39.67
39.68
39.68
39.69
39.66
39.68
39.69
39.70
39.68
39.69
39.69
39.68
39.70
39.73
39.73
39.70
39.72
39.71
39.73
39.70
39.70
39.73
39.71
39.71
39.72
39.70
39.70
39.69
39.73
39.70
39.71
39.70
39.72
39.73
39.71
39.72
39.75
39.77
39.77
39.76
39.75
39.76
39.78
39.75
39.75
39.75
39.75
39.77
39.79
39.80
39.79
39.80
39.81
39.81
39.79
39.80
39.82
39.82
39.83
39.82
39.83
39.83
39.84
39.85
39.88
39.88
39.87
39.86
39.87
39.87
39.86
39.86
39.85
39.85
39.83
39.86
39.86
39.84
39.86
39.87
39.86
39.88
39.88
39.88
39.88
39.88
39.87
39.88
39.89
39.89
39.90
39.92
39.91
39.93
39.92
39.97
39.96
39.94
39.91
39.91
39.92
39.91
39.90
39.90
39.88
39.89
39.89
39.91
39.89
39.91
39.91
39.91
39.89
39.90
39.89
39.88
39.88
39.88
39.90
39.89
39.91
39.91
39.92
39.90
39.93
39.90
39.92
39.93
39.93
39.91
39.90
39.88
39.87
39.89
39.88
39.88
39.89
39.87
39.87
39.88
39.87
39.87
39.88
39.87
39.88
39.89
39.88
39.88
39.88
39.87
39.87
39.86
39.85
39.83
39.83
39.84
39.84
39.83
39.84
39.83
39.82
39.83
39.81
39.80
39.79
39.80
39.81
39.81
39.81
39.81
39.81
39.80
39.80
39.79
39.79
39.81
39.81
39.81
39.82
39.81
39.81
39.80
39.82
39.83
39.82
39.82
39.83
39.81
39.81
39.81
39.80
39.80
39.77
39.77
39.77
39.77
39.77
39.79
39.78
39.77
39.77
39.77
39.78
39.79
39.79
39.81
39.81
39.81
39.82
39.84
39.84
39.84
39.85
39.84
39.85
39.85
39.84
39.83
39.83
39.82
39.81
39.81
39.81
39.82
39.83
39.84
39.84
39.82
39.82
39.82
39.83
39.83
39.85
39.84
39.86
39.84
39.85
39.84
39.86
39.87
39.88
39.88
39.88
39.89
39.90
39.89
39.89
39.89
39.89
39.88
39.88
39.89
39.89
39.88
39.88
39.89
39.89
39.88
39.88
39.89
39.88
39.86
39.87
39.88
39.87
39.87
39.88
39.88
39.87
39.89
39.90
39.90
39.90
39.90
39.89
39.88
39.89
39.87
39.88
39.87
39.88
39.88
39.89
39.89
39.89
39.88
39.88
39.89
39.88
39.90
39.90
39.89
39.88
39.88
39.88
39.89
39.89
39.89
39.90
39.88
39.88
39.90
39.88
39.88
39.87
39.88
39.87
39.86
39.86
39.85
39.85
39.86
39.87
39.87
39.87
39.87
39.87
39.87
39.86
39.87
39.88
39.88
39.89
39.89
39.89
39.89
39.88
39.87
39.87
39.86
39.86
39.86
39.85
39.87
39.88
39.87
39.87
39.87
39.86
39.86
39.86
39.86
39.86
39.84
39.85
39.85
39.84
39.85
39.85
39.87
39.87
39.84
39.85
39.84
39.84
39.85
39.85
39.87
39.87
39.88
39.87
39.87
39.87
39.87
39.87
39.85
39.86
39.85
39.85
39.85
39.84
39.85
39.84
39.85
39.85
39.85
39.84
39.84
39.84
39.84
39.84
39.83
39.82
39.81
39.80
39.80
39.81
39.81
39.80
39.79
39.80
39.79
39.79
39.79
39.78
39.79
39.80
39.81
39.81
39.81
39.80
39.80
39.79
39.78
39.77
39.77
39.78
39.78
39.78
39.78
39.78
39.78
39.77
39.77
39.76
39.75
39.76
39.77
39.77
39.77
39.77
39.76
39.75
39.76
39.76
39.75
39.76
39.76
39.76
39.76
39.76
39.77
39.76
39.75
39.75
39.75
39.75
39.75
39.74
39.73
39.74
39.70
