84.38
82.03
85.94
83.98
83.44
82.55
83.26
83.40
82.99
82.81
82.81
82.55
82.33
82.14
81.67
81.45
81.53
81.42
81.00
80.08
79.76
80.33
80.43
80.01
80.06
80.29
80.32
80.30
80.23
80.21
80.14
80.37
80.45
80.42
80.67
80.82
80.87
80.59
80.53
80.51
80.53
80.65
80.81
80.82
80.83
80.88
80.95
80.83
80.77
80.78
80.73
80.74
80.87
80.96
80.88
80.86
80.87
80.87
80.91
80.86
80.87
80.87
80.88
80.88
80.79
80.82
80.90
80.97
80.93
80.89
80.81
80.82
80.84
80.76
80.73
80.72
80.70
80.79
80.76
80.84
80.79
80.74
80.85
80.82
80.79
80.65
80.62
80.63
80.55
80.56
80.51
80.47
80.51
80.54
80.53
80.60
80.70
80.72
80.73
80.70
80.71
80.71
80.76
80.71
80.71
80.62
80.48
80.48
80.49
80.57
80.56
80.58
80.61
80.63
80.69
80.77
80.81
80.84
80.79
80.83
80.84
80.75
80.79
80.83
80.78
80.79
80.81
80.81
80.86
80.82
80.78
80.81
80.85
80.92
80.94
80.92
80.87
80.91
80.95
80.96
80.94
80.91
80.88
80.90
80.89
80.92
80.92
80.92
80.99
81.01
81.08
81.04
81.11
81.09
81.04
81.01
81.05
81.00
81.01
81.04
80.96
80.96
80.99
80.99
80.99
81.00
81.00
80.99
81.00
81.00
80.94
80.88
80.85
80.86
80.88
80.93
80.92
80.95
80.97
80.96
80.97
80.94
80.87
80.91
80.90
80.91
80.92
80.88
80.90
80.86
80.84
80.81
80.82
80.85
80.83
80.83
80.84
80.79
80.80
80.80
80.75
80.75
80.72
80.68
80.68
80.70
80.70
80.72
80.75
80.73
80.74
80.78
80.77
80.78
80.74
80.73
80.72
80.73
80.79
80.80
80.78
80.76
80.81
80.83
80.82
80.88
80.89
80.89
80.88
80.92
80.93
80.97
80.98
80.95
80.94
80.99
80.97
80.97
80.94
80.93
80.92
80.91
80.93
80.94
80.92
80.89
80.90
80.91
80.92
80.92
80.93
80.89
80.89
80.84
80.85
80.84
80.86
80.90
80.91
80.93
80.91
80.92
80.91
80.89
80.90
80.88
80.89
80.89
80.88
80.89
80.87
80.88
80.87
80.83
80.79
80.79
80.79
80.79
80.80
80.79
80.78
80.78
80.77
80.77
80.74
80.73
80.74
80.76
80.79
80.79
80.79
80.79
80.78
80.79
80.82
80.84
80.81
80.80
80.82
80.82
80.81
80.81
80.82
80.82
80.81
80.85
80.85
80.87
80.86
80.86
80.83
80.81
80.80
80.79
80.79
80.81
80.83
80.84
80.79
80.80
80.79
80.80
80.78
80.79
80.80
80.81
80.81
80.77
80.77
80.76
80.78
80.77
80.76
80.78
80.76
80.74
80.74
80.74
80.75
80.74
80.75
80.74
80.76
80.76
80.78
80.77
80.77
80.78
80.76
80.74
80.73
80.74
80.75
80.76
80.74
80.76
80.78
80.79
80.81
80.80
80.78
80.76
80.76
80.74
80.74
80.72
80.72
80.74
80.73
80.72
80.70
80.70
80.71
80.70
80.71
80.70
80.71
80.72
80.72
80.72
80.71
80.72
80.72
80.71
80.69
80.69
80.69
80.68
80.67
80.67
80.67
80.68
80.69
80.68
80.70
80.72
80.71
80.70
80.69
80.70
80.69
80.69
80.69
80.70
80.72
80.73
80.71
80.69
80.70
80.70
80.70
80.70
80.71
80.73
80.75
80.75
80.76
80.75
80.74
80.73
80.72
80.71
80.71
80.72
80.70
80.70
80.69
80.70
80.71
80.69
80.67
80.66
80.66
80.67
80.70
80.72
80.70
80.71
80.72
80.71
80.69
80.68
80.67
80.66
80.65
80.64
80.65
80.66
80.65
80.65
80.65
80.66
80.66
80.66
80.67
80.67
80.66
80.64
80.63
80.62
80.62
80.62
80.61
80.62
80.62
80.64
80.65
80.65
80.66
80.67
80.67
80.69
80.69
80.69
80.69
80.67
80.67
80.68
80.68
80.68
80.67
80.68
80.67
80.67
80.68
80.68
80.67
80.69
80.67
80.66
80.66
80.67
80.67
80.68
80.66
80.67
80.68
80.67
80.66
80.66
80.66
80.67
80.67
80.67
80.66
80.67
80.66
80.66
80.65
80.65
80.64
80.63
80.63
80.64
80.65
80.64
80.62
80.63
80.62
80.64
80.64
80.63
80.62
80.64
80.63
80.64
80.64
80.64
80.64
80.64
80.65
80.65
80.66
80.67
80.66
80.66
80.66
80.66
80.68
80.69
80.67
80.68
80.69
80.69
80.69
80.67
80.68
80.67
80.64
80.64
80.63
80.64
80.64
80.62
80.60
80.60
80.59
80.58
80.57
80.58
80.58
80.59
80.60
80.59
80.60
80.60
80.60
80.59
80.61
80.61
80.60
80.57
80.57
80.57
80.57
80.57
80.59
80.57
80.57
80.56
80.56
80.57
80.58
80.59
80.58
80.57
80.57
80.56
80.56
80.57
80.57
80.57
80.56
80.56
80.57
80.57
80.57
80.57
80.58
80.58
80.59
80.59
80.59
80.60
80.60
80.61
80.62
80.62
80.62
80.61
80.62
80.62
80.62
80.61
80.62
80.62
80.62
80.63
80.63
80.63
80.62
80.60
80.60
80.61
80.61
80.62
80.62
80.62
80.63
80.63
80.64
80.63
80.65
80.65
80.63
80.62
80.62
80.61
80.60
80.60
80.59
80.58
80.58
80.59
80.60
80.59
80.59
80.59
80.59
80.59
80.58
80.58
80.57
80.57
80.57
80.56
80.56
80.55
80.55
80.55
80.56
80.55
80.56
80.57
80.57
80.56
80.55
80.55
80.56
80.55
80.56
80.56
80.57
80.56
80.56
80.55
80.55
80.54
80.55
80.55
80.54
80.54
80.55
80.55
80.55
80.56
80.56
80.55
80.55
80.55
80.54
80.55
80.54
80.54
80.55
80.55
80.56
80.56
80.56
80.57
80.56
80.56
80.55
80.55
80.55
80.54
80.54
80.54
80.53
80.54
80.53
80.52
80.52
80.51
80.50
80.49
80.50
80.49
80.50
80.51
80.52
80.52
80.53
80.53
80.53
80.53
80.54
80.54
80.53
80.52
80.52
80.53
80.53
80.53
80.53
80.53
80.54
80.53
80.53
80.53
80.53
80.53
80.53
80.54
80.54
80.54
80.54
80.54
80.55
80.55
80.57
80.57
80.57
80.58
80.58
80.58
80.59
80.60
80.60
80.61
80.61
80.61
80.61
80.61
80.61
80.61
80.61
80.61
80.60
80.60
80.60
80.58
80.59
80.58
80.59
80.59
80.58
80.59
80.60
80.59
80.60
80.51
