75.00
75.78
77.60
77.34
78.12
77.34
76.79
77.34
77.78
77.19
77.41
76.43
76.32
77.01
77.08
77.05
77.02
76.91
76.73
76.80
76.79
76.85
76.97
76.89
77.00
76.92
76.85
76.90
76.94
76.93
77.07
77.05
76.80
76.84
76.79
76.87
76.86
77.06
77.12
77.03
77.06
76.86
77.00
76.92
76.84
76.80
76.70
76.63
76.59
76.41
76.38
76.35
76.33
76.24
76.02
76.26
76.18
76.29
76.24
76.28
76.26
76.21
76.17
76.15
76.23
76.37
76.45
76.54
76.45
76.43
76.47
76.52
76.50
76.50
76.56
76.62
76.70
76.74
76.70
76.74
76.66
76.60
76.66
76.62
76.51
76.45
76.47
76.51
76.53
76.46
76.53
76.53
76.56
76.70
76.79
76.89
76.84
76.88
76.86
76.92
76.90
76.93
76.96
77.00
77.02
77.03
76.91
76.88
76.92
76.89
76.87
76.90
76.85
76.74
76.77
76.80
76.83
76.80
76.81
76.82
76.78
76.81
76.82
76.76
76.76
76.81
76.85
76.83
76.84
76.88
76.88
76.92
76.87
76.87
76.88
76.87
76.90
76.96
76.91
76.89
76.86
76.88
76.92
76.91
76.79
76.80
76.75
76.71
76.71
76.74
76.71
76.72
76.69
76.62
76.58
76.63
76.65
76.58
76.55
76.60
76.63
76.68
76.68
76.68
76.70
76.68
76.67
76.66
76.64
76.64
76.64
76.64
76.67
76.67
76.65
76.57
76.55
76.53
76.55
76.55
76.54
76.52
76.46
76.44
76.44
76.46
76.44
76.43
76.45
76.44
76.44
76.49
76.44
76.44
76.43
76.40
76.40
76.39
76.41
76.42
76.39
76.37
76.34
76.33
76.36
76.36
76.36
76.37
76.38
76.43
76.44
76.44
76.40
76.42
76.38
76.40
76.35
76.34
76.36
76.36
76.36
76.38
76.39
76.37
76.35
76.37
76.38
76.38
76.36
76.39
76.39
76.39
76.42
76.39
76.38
76.38
76.38
76.39
76.39
76.38
76.39
76.37
76.34
76.32
76.31
76.33
76.34
76.37
76.37
76.38
76.39
76.36
76.36
76.37
76.38
76.36
76.37
76.36
76.34
76.36
76.34
76.31
76.29
76.27
76.27
76.30
76.28
76.28
76.26
76.27
76.24
76.24
76.22
76.21
76.22
76.25
76.28
76.27
76.25
76.24
76.23
76.24
76.26
76.24
76.24
76.24
76.25
76.27
76.22
76.21
76.22
76.25
76.22
76.24
76.24
76.26
76.26
76.28
76.32
76.31
76.28
76.29
76.31
76.29
76.27
76.26
76.27
76.26
76.25
76.28
76.29
76.27
76.27
76.28
76.31
76.31
76.29
76.29
76.29
76.31
76.32
76.32
76.31
76.33
76.33
76.29
76.28
76.27
76.26
76.27
76.28
76.30
76.31
76.31
76.31
76.32
76.33
76.33
76.32
76.35
76.29
76.27
76.28
76.26
76.26
76.26
76.27
76.29
76.31
76.28
76.28
76.31
76.28
76.28
76.27
76.26
76.26
76.27
76.28
76.29
76.30
76.32
76.30
76.29
76.32
76.34
76.34
76.36
76.38
76.38
76.36
76.33
76.34
76.35
76.35
76.33
76.30
76.30
76.30
76.30
76.30
76.30
76.30
76.30
76.31
76.29
76.25
76.23
76.25
76.25
76.24
76.24
76.25
76.26
76.25
76.25
76.25
76.25
76.24
76.23
76.24
76.24
76.24
76.24
76.22
76.25
76.26
76.25
76.24
76.25
76.24
76.25
76.26
76.27
76.26
76.28
76.29
76.30
76.29
76.29
76.30
76.30
76.30
76.30
76.28
76.28
76.28
76.27
76.27
76.26
76.28
76.29
76.28
76.30
76.29
76.30
76.28
76.29
76.28
76.29
76.27
76.28
76.27
76.25
76.26
76.27
76.27
76.28
76.27
76.29
76.29
76.29
76.29
76.29
76.29
76.26
76.26
76.26
76.25
76.25
76.25
76.25
76.27
76.27
76.26
76.25
76.25
76.25
76.25
76.25
76.23
76.23
76.25
76.26
76.28
76.27
76.27
76.27
76.27
76.27
76.26
76.26
76.22
76.21
76.21
76.21
76.21
76.21
76.20
76.20
76.19
76.18
76.19
76.20
76.17
76.17
76.18
76.20
76.21
76.21
76.21
76.21
76.22
76.22
76.23
76.21
76.21
76.19
76.19
76.18
76.19
76.20
76.20
76.19
76.20
76.20
76.21
76.22
76.24
76.23
76.24
76.22
76.22
76.21
76.23
76.23
76.24
76.23
76.24
76.25
76.23
76.24
76.24
76.26
76.25
76.26
76.26
76.25
76.25
76.25
76.25
76.26
76.25
76.25
76.26
76.26
76.25
76.24
76.25
76.26
76.26
76.26
76.26
76.25
76.25
76.25
76.25
76.25
76.26
76.25
76.25
76.24
76.24
76.24
76.25
76.25
76.26
76.28
76.30
76.31
76.29
76.29
76.28
76.28
76.27
76.26
76.26
76.25
76.24
76.25
76.25
76.24
76.23
76.23
76.22
76.23
76.22
76.24
76.24
76.24
76.24
76.23
76.22
76.23
76.23
76.22
76.23
76.23
76.22
76.23
76.22
76.23
76.23
76.23
76.23
76.22
76.20
76.21
76.21
76.21
76.20
76.21
76.23
76.23
76.23
76.23
76.23
76.21
76.22
76.22
76.23
76.23
76.22
76.22
76.23
76.23
76.21
76.21
76.22
76.21
76.22
76.24
76.23
76.23
76.24
76.25
76.26
76.26
76.27
76.26
76.28
76.30
76.30
76.32
76.33
76.32
76.33
76.34
76.34
76.33
76.33
76.33
76.34
76.35
76.34
76.35
76.34
76.35
76.35
76.35
76.34
76.33
76.33
76.34
76.33
76.33
76.31
76.30
76.29
76.29
76.29
76.29
76.28
76.29
76.29
76.29
76.29
76.29
76.30
76.29
76.29
76.29
76.28
76.29
76.30
76.30
76.31
76.32
76.32
76.32
76.32
76.33
76.33
76.33
76.32
76.32
76.32
76.33
76.33
76.35
76.34
76.34
76.34
76.34
76.34
76.34
76.34
76.33
76.32
76.31
76.32
76.33
76.33
76.33
76.33
76.33
76.33
76.33
76.34
76.34
76.34
76.34
76.36
76.35
76.36
76.36
76.35
76.34
76.35
76.34
76.34
76.35
76.35
76.35
76.35
76.35
76.35
76.35
76.34
76.34
76.35
76.35
76.34
76.35
76.34
76.36
76.35
76.34
76.35
76.35
76.34
76.33
76.33
76.33
76.33
76.33
76.32
76.30
76.29
76.29
76.30
76.30
76.30
76.30
76.29
76.29
76.28
76.28
76.26
76.25
76.25
76.25
76.25
76.24
76.24
76.24
76.24
76.24
76.25
76.24
76.24
76.16
