14.06
14.84
13.54
13.28
14.06
14.84
14.73
15.43
16.15
16.72
17.33
17.19
17.31
16.96
17.29
17.29
17.65
17.97
17.85
17.81
17.78
17.54
17.87
17.84
17.94
18.15
18.11
17.91
17.94
17.81
18.20
17.97
17.85
17.78
17.72
17.75
17.74
17.60
17.67
17.81
17.68
17.82
17.77
17.72
17.60
17.49
17.49
17.45
17.54
17.50
17.56
17.64
17.66
17.85
17.93
18.02
18.20
18.13
17.93
18.02
17.96
18.07
17.98
18.09
18.22
18.16
18.21
18.18
18.16
18.21
18.18
18.36
18.47
18.52
18.52
18.40
18.36
18.37
18.41
18.48
18.54
18.56
18.49
18.38
18.42
18.42
18.44
18.32
18.33
18.39
18.41
18.46
18.53
18.55
18.49
18.49
18.43
18.48
18.51
18.50
18.56
18.57
18.57
18.52
18.57
18.54
18.59
18.53
18.53
18.58
18.61
18.58
18.58
18.57
18.64
18.63
18.64
18.63
18.61
18.63
18.66
18.63
18.70
18.67
18.71
18.70
18.71
18.71
18.74
18.74
18.70
18.73
18.67
18.63
18.69
18.72
18.69
18.68
18.71
18.68
18.67
18.67
18.62
18.61
18.63
18.66
18.68
18.62
18.60
18.61
18.64
18.61
18.58
18.56
18.51
18.47
18.47
18.47
18.47
18.45
18.42
18.38
18.34
18.28
18.23
18.23
18.22
18.19
18.19
18.11
18.15
18.20
18.17
18.22
18.24
18.25
18.26
18.21
18.23
18.18
18.19
18.18
18.19
18.24
18.23
18.25
18.27
18.31
18.34
18.36
18.37
18.38
18.39
18.37
18.44
18.45
18.47
18.47
18.47
18.48
18.46
18.46
18.49
18.51
18.48
18.49
18.47
18.52
18.53
18.53
18.56
18.54
18.56
18.55
18.55
18.55
18.52
18.50
18.51
18.51
18.50
18.44
18.43
18.44
18.40
18.42
18.43
18.43
18.42
18.44
18.47
18.45
18.44
18.43
18.40
18.39
18.37
18.38
18.36
18.40
18.41
18.42
18.44
18.44
18.44
18.41
18.42
18.46
18.43
18.43
18.38
18.40
18.44
18.40
18.39
18.38
18.36
18.35
18.33
18.34
18.32
18.33
18.32
18.33
18.34
18.36
18.37
18.38
18.40
18.40
18.39
18.41
18.36
18.36
18.36
18.37
18.36
18.32
18.36
18.36
18.40
18.39
18.39
18.39
18.41
18.38
18.40
18.41
18.41
18.41
18.39
18.37
18.36
18.34
18.34
18.35
18.33
18.34
18.33
18.33
18.32
18.37
18.35
18.33
18.33
18.36
18.35
18.34
18.35
18.33
18.33
18.33
18.33
18.35
18.33
18.34
18.32
18.32
18.32
18.34
18.34
18.35
18.35
18.34
18.34
18.37
18.38
18.38
18.36
18.36
18.35
18.36
18.41
18.40
18.40
18.42
18.40
18.37
18.37
18.37
18.38
18.38
18.38
18.37
18.38
18.38
18.37
18.37
18.36
18.33
18.31
18.32
18.31
18.31
18.30
18.32
18.31
18.33
18.34
18.33
18.34
18.36
18.34
18.37
18.35
18.36
18.35
18.36
18.35
18.37
18.36
18.36
18.34
18.33
18.32
18.33
18.33
18.32
18.31
18.31
18.31
18.31
18.31
18.33
18.33
18.32
18.30
18.29
18.29
18.27
18.27
18.28
18.28
18.28
18.28
18.26
18.26
18.26
18.26
18.27
18.27
18.25
18.27
18.27
18.28
18.29
18.28
18.28
18.26
18.25
18.26
18.26
18.26
18.27
18.26
18.25
18.24
18.24
18.25
18.24
18.25
18.25
18.24
18.24
18.26
18.26
18.28
18.28
18.25
18.26
18.25
18.24
18.24
18.22
18.21
18.19
18.20
18.21
18.20
18.22
18.23
18.23
18.24
18.24
18.24
18.23
18.24
18.23
18.23
18.22
18.23
18.24
18.24
18.23
18.25
18.24
18.24
18.25
18.24
18.25
18.27
18.27
18.26
18.26
18.27
18.27
18.25
18.26
18.25
18.24
18.24
18.23
18.24
18.26
18.26
18.26
18.25
18.26
18.27
18.27
18.28
18.29
18.29
18.28
18.30
18.29
18.31
18.31
18.31
18.29
18.28
18.27
18.26
18.27
18.28
18.28
18.29
18.30
18.30
18.31
18.29
18.28
18.28
18.28
18.26
18.25
18.27
18.27
18.26
18.27
18.27
18.26
18.26
18.25
18.26
18.27
18.27
18.27
18.28
18.28
18.28
18.27
18.27
18.26
18.25
18.22
18.22
18.23
18.24
18.23
18.22
18.20
18.19
18.20
18.20
18.21
18.21
18.21
18.21
18.20
18.21
18.20
18.20
18.20
18.21
18.20
18.19
18.20
18.23
18.24
18.24
18.23
18.23
18.23
18.23
18.22
18.23
18.23
18.22
18.21
18.22
18.22
18.22
18.21
18.20
18.20
18.20
18.21
18.21
18.21
18.23
18.24
18.24
18.24
18.25
18.23
18.23
18.23
18.23
18.24
18.24
18.26
18.25
18.25
18.25
18.25
18.24
18.25
18.25
18.24
18.24
18.24
18.24
18.25
18.25
18.25
18.25
18.25
18.25
18.26
18.25
18.26
18.26
18.26
18.24
18.25
18.25
18.25
18.25
18.25
18.24
18.23
18.23
18.23
18.22
18.22
18.21
18.20
18.20
18.21
18.20
18.21
18.22
18.23
18.22
18.22
18.22
18.21
18.21
18.21
18.20
18.22
18.21
18.22
18.21
18.20
18.21
18.21
18.20
18.21
18.20
18.21
18.21
18.21
18.22
18.22
18.23
18.23
18.23
18.22
18.21
18.21
18.22
18.23
18.23
18.24
18.23
18.25
18.24
18.24
18.26
18.27
18.27
18.26
18.25
18.25
18.25
18.24
18.25
18.26
18.27
18.28
18.28
18.28
18.28
18.27
18.27
18.27
18.29
18.29
18.30
18.29
18.30
18.29
18.30
18.29
18.29
18.30
18.29
18.30
18.30
18.29
18.29
18.29
18.29
18.29
18.29
18.29
18.29
18.29
18.28
18.28
18.27
18.26
18.25
18.24
18.24
18.24
18.24
18.25
18.24
18.25
18.25
18.24
18.24
18.24
18.24
18.24
18.23
18.24
18.23
18.23
18.23
18.23
18.23
18.22
18.22
18.24
18.23
18.23
18.23
18.23
18.24
18.25
18.25
18.27
18.26
18.27
18.27
18.26
18.27
18.27
18.28
18.27
18.27
18.26
18.25
18.25
18.25
18.25
18.25
18.25
18.25
18.25
18.25
18.25
18.25
18.25
18.27
18.28
18.28
18.28
18.29
18.28
18.28
18.27
18.27
18.28
18.28
18.28
18.27
18.27
18.26
18.26
18.26
18.26
18.25
18.25
18.25
18.25
18.24
18.23
