87.50
85.94
86.46
85.55
84.38
82.29
82.59
81.45
81.42
81.56
81.25
81.51
81.85
81.25
81.25
81.15
81.34
80.99
80.92
80.94
80.95
80.61
80.77
81.12
81.31
81.31
81.37
81.53
81.20
81.25
81.05
81.20
81.06
80.97
80.94
80.95
80.74
80.63
80.53
80.39
80.56
80.51
80.63
80.79
80.80
80.77
80.88
80.89
80.90
81.06
80.82
80.92
80.98
81.05
81.11
81.05
81.03
81.01
80.96
80.96
81.07
81.17
81.08
80.96
81.06
81.13
81.13
81.09
81.11
81.18
81.18
81.12
81.04
80.85
80.92
80.96
81.03
81.07
81.03
81.07
81.00
81.00
81.02
81.05
81.16
81.10
81.12
81.16
81.20
81.18
81.13
81.13
81.12
81.00
80.99
81.05
81.04
81.07
81.03
81.02
81.11
81.20
81.22
81.14
81.16
81.24
81.22
81.26
81.26
81.25
81.22
81.28
81.26
81.29
81.28
81.30
81.36
81.36
81.38
81.41
81.39
81.47
81.47
81.41
81.40
81.39
81.37
81.45
81.44
81.44
81.44
81.46
81.40
81.39
81.35
81.36
81.35
81.41
81.40
81.42
81.43
81.42
81.39
81.39
81.31
81.32
81.34
81.32
81.31
81.20
81.22
81.23
81.21
81.25
81.24
81.17
81.24
81.31
81.29
81.29
81.26
81.33
81.31
81.31
81.32
81.33
81.38
81.35
81.40
81.41
81.39
81.36
81.33
81.30
81.32
81.35
81.35
81.34
81.28
81.28
81.23
81.23
81.29
81.26
81.25
81.27
81.23
81.25
81.25
81.27
81.32
81.32
81.31
81.32
81.29
81.30
81.31
81.33
81.34
81.38
81.41
81.45
81.45
81.46
81.42
81.40
81.41
81.42
81.39
81.41
81.41
81.40
81.40
81.43
81.41
81.41
81.42
81.43
81.42
81.42
81.41
81.45
81.44
81.44
81.44
81.43
81.44
81.41
81.41
81.40
81.39
81.41
81.41
81.42
81.42
81.39
81.41
81.44
81.45
81.48
81.53
81.53
81.48
81.48
81.51
81.48
81.47
81.47
81.48
81.46
81.47
81.52
81.50
81.51
81.50
81.50
81.49
81.47
81.47
81.45
81.46
81.46
81.47
81.48
81.48
81.46
81.47
81.45
81.48
81.52
81.52
81.51
81.49
81.47
81.47
81.45
81.46
81.43
81.42
81.42
81.43
81.42
81.42
81.43
81.44
81.46
81.47
81.47
81.44
81.46
81.47
81.46
81.44
81.44
81.44
81.42
81.43
81.43
81.40
81.40
81.40
81.42
81.44
81.44
81.42
81.42
81.44
81.46
81.48
81.47
81.47
81.47
81.50
81.48
81.50
81.52
81.49
81.50
81.52
81.53
81.54
81.53
81.53
81.51
81.50
81.52
81.54
81.53
81.53
81.54
81.56
81.57
81.57
81.55
81.58
81.59
81.59
81.59
81.62
81.62
81.63
81.63
81.62
81.63
81.60
81.62
81.62
81.63
81.65
81.65
81.66
81.68
81.66
81.66
81.66
81.67
81.66
81.67
81.68
81.69
81.71
81.69
81.71
81.70
81.70
81.69
81.67
81.67
81.65
81.66
81.69
81.70
81.71
81.73
81.74
81.75
81.75
81.72
81.72
81.72
81.71
81.72
81.74
81.76
81.78
81.78
81.79
81.79
81.80
81.81
81.81
81.79
81.78
81.76
81.77
81.76
81.77
81.75
81.77
81.75
81.76
81.78
81.78
81.79
81.77
81.77
81.77
81.77
81.76
81.74
81.74
81.75
81.76
81.76
81.75
81.74
81.71
81.73
81.73
81.73
81.73
81.72
81.72
81.70
81.70
81.67
81.69
81.70
81.70
81.71
81.69
81.69
81.69
81.68
81.70
81.68
81.70
81.70
81.71
81.70
81.70
81.68
81.68
81.69
81.68
81.69
81.69
81.70
81.70
81.69
81.69
81.70
81.70
81.67
81.68
81.67
81.68
81.69
81.69
81.70
81.70
81.69
81.69
81.67
81.67
81.67
81.68
81.68
81.69
81.68
81.68
81.66
81.65
81.65
81.66
81.65
81.62
81.61
81.63
81.64
81.65
81.65
81.67
81.68
81.68
81.68
81.69
81.69
81.68
81.68
81.69
81.68
81.71
81.69
81.72
81.72
81.72
81.72
81.73
81.75
81.76
81.75
81.75
81.77
81.76
81.78
81.77
81.78
81.77
81.79
81.78
81.78
81.78
81.77
81.77
81.76
81.75
81.75
81.76
81.77
81.77
81.77
81.78
81.77
81.77
81.77
81.78
81.78
81.79
81.79
81.79
81.78
81.76
81.78
81.79
81.79
81.78
81.78
81.79
81.78
81.78
81.78
81.77
81.77
81.77
81.76
81.76
81.77
81.77
81.76
81.75
81.76
81.76
81.76
81.77
81.78
81.79
81.80
81.78
81.76
81.76
81.75
81.76
81.75
81.74
81.73
81.74
81.73
81.73
81.73
81.73
81.74
81.73
81.73
81.71
81.71
81.72
81.72
81.72
81.72
81.72
81.71
81.70
81.70
81.70
81.71
81.71
81.69
81.69
81.69
81.69
81.69
81.68
81.69
81.68
81.69
81.68
81.68
81.67
81.66
81.66
81.68
81.69
81.69
81.68
81.70
81.70
81.71
81.72
81.72
81.71
81.71
81.72
81.72
81.70
81.70
81.69
81.70
81.70
81.70
81.70
81.70
81.70
81.70
81.71
81.71
81.70
81.71
81.71
81.71
81.70
81.70
81.72
81.71
81.71
81.70
81.70
81.71
81.71
81.72
81.73
81.73
81.74
81.75
81.76
81.77
81.78
81.78
81.78
81.77
81.78
81.77
81.77
81.77
81.77
81.76
81.77
81.77
81.76
81.77
81.78
81.79
81.78
81.78
81.79
81.80
81.81
81.81
81.81
81.82
81.81
81.81
81.80
81.79
81.79
81.78
81.78
81.79
81.79
81.80
81.79
81.80
81.79
81.79
81.79
81.80
81.80
81.79
81.80
81.80
81.80
81.80
81.81
81.81
81.80
81.79
81.80
81.80
81.81
81.81
81.81
81.81
81.80
81.80
81.80
81.80
81.80
81.80
81.81
81.80
81.79
81.80
81.80
81.81
81.80
81.81
81.80
81.80
81.80
81.79
81.79
81.79
81.78
81.79
81.79
81.80
81.81
81.81
81.81
81.81
81.81
81.81
81.81
81.81
81.82
81.83
81.85
81.84
81.84
81.85
81.84
81.84
81.84
81.84
81.84
81.83
81.84
81.85
81.85
81.85
81.86
81.87
81.87
81.87
81.86
81.86
81.87
81.88
81.87
81.87
81.87
81.87
81.86
81.86
81.87
81.87
81.88
81.88
81.88
81.87
81.87
81.86
81.86
81.86
81.86
81.86
81.86
81.86
81.86
81.85
81.85
81.78
