78.12
80.47
79.17
78.12
79.38
79.69
79.24
79.30
79.69
80.00
80.11
80.08
79.57
79.13
79.06
78.71
78.40
78.12
78.04
78.20
77.98
78.12
78.33
78.78
79.00
79.03
78.76
78.68
78.66
78.59
78.38
78.17
78.08
78.17
78.26
78.17
78.29
78.45
78.45
78.12
78.09
78.27
78.20
78.12
78.12
78.33
78.16
77.96
78.06
78.09
78.12
78.19
78.15
78.27
78.30
78.29
78.26
78.37
78.44
78.44
78.30
78.35
78.35
78.27
78.17
77.96
78.03
78.01
78.08
78.04
77.95
77.91
77.93
77.96
77.79
77.82
77.76
77.72
77.75
77.91
77.87
77.99
77.99
77.98
77.90
77.98
77.95
77.98
78.07
78.09
78.16
78.24
78.14
78.24
78.21
78.22
78.32
78.33
78.27
78.30
78.37
78.39
78.46
78.49
78.45
78.39
78.40
78.50
78.45
78.41
78.41
78.42
78.46
78.47
78.48
78.53
78.49
78.47
78.44
78.44
78.42
78.37
78.35
78.35
78.38
78.35
78.42
78.47
78.49
78.50
78.51
78.46
78.48
78.50
78.52
78.56
78.57
78.61
78.66
78.67
78.73
78.80
78.86
78.92
78.91
78.91
78.96
78.95
78.92
78.95
78.94
78.94
79.00
79.05
79.04
79.01
78.98
79.00
79.04
79.04
79.00
79.03
79.03
79.10
79.05
79.03
78.93
78.93
78.98
78.99
79.00
78.98
78.96
78.94
78.95
78.93
78.90
78.87
78.86
78.91
78.86
78.89
78.89
78.88
78.85
78.89
78.88
78.89
78.90
78.95
78.95
78.97
78.95
78.99
78.97
78.99
79.04
79.09
79.11
79.09
79.05
79.05
79.06
79.07
79.06
79.09
79.08
79.06
79.03
79.06
79.10
79.14
79.14
79.14
79.14
79.11
79.13
79.13
79.05
79.08
79.06
79.10
79.08
79.09
79.08
79.09
79.06
79.06
78.99
79.00
79.00
78.99
78.96
78.95
78.94
78.93
78.91
78.92
78.93
78.93
78.94
78.94
78.96
78.91
78.93
78.91
78.94
78.89
78.88
78.89
78.90
78.89
78.89
78.88
78.87
78.89
78.92
78.93
78.89
78.89
78.90
78.88
78.87
78.87
78.87
78.89
78.89
78.92
78.94
78.94
78.94
78.94
78.95
78.99
79.01
79.01
79.03
79.06
79.07
79.06
79.03
79.04
79.04
79.07
79.06
79.04
79.06
79.05
79.03
79.02
79.01
79.03
79.06
79.07
79.08
79.05
79.07
79.06
79.05
79.05
79.06
79.02
79.02
79.00
78.98
78.98
79.00
79.00
78.97
78.95
78.93
78.96
78.95
78.97
78.94
78.93
78.91
78.91
78.91
78.91
78.91
78.93
78.93
78.93
78.96
78.96
78.95
78.96
78.92
78.90
78.91
78.91
78.88
78.87
78.89
78.87
78.86
78.84
78.84
78.86
78.85
78.87
78.89
78.88
78.85
78.84
78.81
78.80
78.81
78.81
78.82
78.80
78.83
78.82
78.82
78.84
78.84
78.87
78.88
78.88
78.86
78.85
78.84
78.85
78.85
78.85
78.84
78.83
78.84
78.85
78.85
78.86
78.86
78.87
78.88
78.86
78.86
78.85
78.84
78.84
78.83
78.83
78.84
78.83
78.81
78.81
78.78
78.78
78.79
78.78
78.78
78.79
78.79
78.78
78.79
78.79
78.78
78.80
78.83
78.83
78.80
78.79
78.80
78.81
78.81
78.79
78.79
78.78
78.80
78.79
78.77
78.77
78.75
78.74
78.71
78.72
78.71
78.72
78.72
78.73
78.73
78.74
78.74
78.74
78.74
78.76
78.74
78.73
78.74
78.75
78.73
78.73
78.75
78.74
78.75
78.73
78.73
78.72
78.72
78.73
78.73
78.75
78.75
78.73
78.73
78.73
78.74
78.72
78.73
78.74
78.75
78.73
78.72
78.74
78.75
78.75
78.71
78.74
78.73
78.72
78.69
78.70
78.69
78.70
78.70
78.71
78.70
78.70
78.70
78.70
78.69
78.69
78.69
78.69
78.69
78.70
78.69
78.70
78.70
78.70
78.68
78.68
78.68
78.69
78.70
78.70
78.70
78.71
78.71
78.72
78.72
78.73
78.74
78.73
78.72
78.72
78.70
78.71
78.69
78.69
78.70
78.71
78.72
78.72
78.73
78.71
78.68
78.69
78.69
78.68
78.69
78.70
78.70
78.71
78.69
78.69
78.68
78.69
78.68
78.68
78.66
78.68
78.67
78.68
78.68
78.69
78.70
78.70
78.70
78.71
78.71
78.71
78.70
78.68
78.68
78.68
78.69
78.70
78.70
78.70
78.71
78.70
78.70
78.70
78.71
78.71
78.70
78.70
78.69
78.69
78.70
78.68
78.68
78.67
78.65
78.66
78.65
78.65
78.65
78.64
78.64
78.64
78.65
78.66
78.66
78.66
78.65
78.66
78.67
78.68
78.69
78.70
78.71
78.70
78.71
78.69
78.69
78.71
78.71
78.71
78.73
78.73
78.73
78.72
78.73
78.74
78.76
78.76
78.77
78.77
78.76
78.75
78.77
78.77
78.78
78.79
78.79
78.79
78.79
78.80
78.80
78.79
78.80
78.80
78.81
78.81
78.82
78.83
78.82
78.83
78.83
78.83
78.83
78.81
78.82
78.82
78.83
78.82
78.83
78.84
78.83
78.83
78.84
78.85
78.84
78.84
78.84
78.83
78.83
78.83
78.83
78.84
78.85
78.85
78.87
78.87
78.88
78.88
78.89
78.87
78.86
78.86
78.86
78.86
78.85
78.84
78.83
78.83
78.83
78.84
78.84
78.84
78.85
78.84
78.83
78.83
78.82
78.82
78.82
78.82
78.83
78.83
78.83
78.82
78.82
78.81
78.82
78.82
78.80
78.81
78.81
78.81
78.80
78.80
78.79
78.80
78.79
78.80
78.80
78.81
78.81
78.81
78.82
78.81
78.80
78.81
78.81
78.80
78.79
78.79
78.79
78.79
78.79
78.79
78.80
78.81
78.81
78.81
78.82
78.82
78.82
78.81
78.81
78.81
78.81
78.81
78.82
78.82
78.82
78.83
78.82
78.83
78.84
78.82
78.83
78.83
78.84
78.85
78.84
78.85
78.85
78.86
78.85
78.85
78.85
78.85
78.84
78.85
78.85
78.84
78.84
78.83
78.83
78.83
78.82
78.81
78.81
78.82
78.82
78.81
78.82
78.83
78.83
78.84
78.84
78.85
78.85
78.85
78.85
78.85
78.86
78.85
78.85
78.85
78.85
78.84
78.85
78.86
78.85
78.84
78.85
78.85
78.84
78.83
78.84
78.86
78.85
78.85
78.85
78.85
78.84
78.85
78.84
78.84
78.85
78.85
78.84
78.83
78.83
78.83
78.82
78.75
