76.56
76.56
71.35
70.31
69.69
66.67
68.53
68.55
67.88
67.66
67.61
66.80
66.71
65.96
66.35
66.70
66.82
66.67
66.37
66.56
66.22
66.26
66.30
66.67
66.62
66.95
66.96
67.02
67.13
66.98
67.09
67.09
66.95
66.77
66.65
66.71
66.93
67.02
67.15
67.15
66.84
66.67
66.97
66.97
67.01
66.98
66.89
66.93
66.84
66.62
66.70
66.62
66.80
66.84
66.76
66.74
66.69
66.57
66.50
66.43
66.39
66.41
66.54
66.55
66.49
66.43
66.53
66.48
66.55
66.43
66.37
66.30
66.33
66.26
66.29
66.34
66.40
66.41
66.50
66.62
66.44
66.44
66.53
66.42
66.40
66.37
66.47
66.41
66.45
66.49
66.50
66.61
66.68
66.82
66.79
66.81
66.70
66.73
66.78
66.59
66.46
66.45
66.54
66.48
66.47
66.42
66.36
66.33
66.43
66.29
66.36
66.42
66.37
66.43
66.43
66.41
66.44
66.46
66.48
66.46
66.49
66.46
66.50
66.54
66.54
66.58
66.61
66.66
66.70
66.68
66.66
66.68
66.67
66.72
66.71
66.69
66.73
66.70
66.70
66.64
66.60
66.60
66.66
66.64
66.57
66.63
66.69
66.67
66.67
66.70
66.65
66.54
66.51
66.54
66.58
66.59
66.60
66.60
66.59
66.61
66.57
66.57
66.63
66.62
66.61
66.61
66.64
66.62
66.60
66.56
66.55
66.57
66.63
66.68
66.71
66.72
66.75
66.71
66.70
66.69
66.71
66.80
66.75
66.76
66.77
66.78
66.74
66.72
66.73
66.74
66.75
66.72
66.69
66.68
66.63
66.65
66.62
66.63
66.61
66.65
66.68
66.63
66.59
66.61
66.60
66.65
66.62
66.57
66.58
66.56
66.57
66.57
66.56
66.54
66.53
66.54
66.56
66.52
66.55
66.59
66.62
66.65
66.68
66.72
66.74
66.75
66.74
66.71
66.72
66.73
66.73
66.73
66.74
66.69
66.70
66.73
66.69
66.66
66.70
66.73
66.70
66.73
66.71
66.67
66.73
66.70
66.68
66.68
66.65
66.66
66.67
66.63
66.64
66.66
66.65
66.64
66.65
66.63
66.63
66.63
66.64
66.62
66.61
66.56
66.56
66.58
66.54
66.56
66.55
66.56
66.58
66.57
66.58
66.58
66.61
66.59
66.64
66.66
66.66
66.66
66.64
66.62
66.58
66.57
66.58
66.57
66.59
66.56
66.55
66.54
66.53
66.51
66.52
66.52
66.54
66.48
66.47
66.44
66.42
66.41
66.45
66.46
66.44
66.46
66.47
66.48
66.49
66.49
66.48
66.50
66.55
66.50
66.51
66.49
66.48
66.47
66.50
66.49
66.47
66.44
66.47
66.46
66.45
66.42
66.43
66.43
66.44
66.43
66.42
66.43
66.44
66.45
66.47
66.46
66.46
66.45
66.45
66.43
66.41
66.40
66.38
66.38
66.36
66.32
66.33
66.29
66.29
66.28
66.27
66.29
66.28
66.28
66.27
66.24
66.23
66.21
66.25
66.24
66.22
66.21
66.21
66.22
66.21
66.23
66.25
66.30
66.29
66.31
66.32
66.33
66.33
66.36
66.36
66.40
66.42
66.41
66.40
66.40
66.40
66.41
66.40
66.39
66.37
66.37
66.37
66.37
66.36
66.38
66.36
66.37
66.36
66.37
66.38
66.39
66.36
66.36
66.36
66.35
66.36
66.36
66.34
66.35
66.37
66.35
66.33
66.31
66.30
66.31
66.32
66.34
66.33
66.34
66.34
66.33
66.34
66.37
66.35
66.35
66.34
66.34
66.33
66.35
66.35
66.37
66.38
66.39
66.39
66.41
66.42
66.41
66.40
66.38
66.38
66.37
66.39
66.41
66.40
66.40
66.40
66.39
66.38
66.40
66.40
66.42
66.43
66.44
66.43
66.42
66.43
66.43
66.45
66.44
66.45
66.44
66.43
66.44
66.45
66.46
66.47
66.48
66.47
66.44
66.43
66.44
66.44
66.46
66.44
66.43
66.42
66.40
66.41
66.40
66.40
66.41
66.41
66.41
66.40
66.42
66.40
66.39
66.39
66.38
66.38
66.38
66.35
66.35
66.33
66.34
66.33
66.30
66.31
66.31
66.31
66.29
66.28
66.28
66.29
66.29
66.30
66.28
66.29
66.29
66.28
66.31
66.31
66.30
66.28
66.27
66.27
66.27
66.27
66.26
66.24
66.22
66.22
66.23
66.24
66.24
66.25
66.26
66.27
66.27
66.25
66.26
66.26
66.26
66.27
66.28
66.28
66.28
66.28
66.27
66.27
66.27
66.29
66.26
66.25
66.26
66.25
66.26
66.26
66.28
66.27
66.27
66.28
66.29
66.29
66.28
66.29
66.30
66.29
66.28
66.27
66.27
66.28
66.28
66.30
66.30
66.29
66.30
66.30
66.30
66.29
66.29
66.28
66.27
66.27
66.28
66.29
66.28
66.27
66.27
66.27
66.25
66.25
66.26
66.25
66.26
66.26
66.27
66.28
66.28
66.29
66.30
66.30
66.32
66.31
66.31
66.30
66.30
66.30
66.29
66.27
66.28
66.29
66.29
66.29
66.28
66.28
66.29
66.30
66.31
66.32
66.32
66.32
66.32
66.33
66.33
66.35
66.34
66.34
66.33
66.34
66.34
66.34
66.33
66.34
66.35
66.35
66.35
66.36
66.35
66.35
66.35
66.33
66.33
66.31
66.33
66.32
66.31
66.31
66.31
66.32
66.32
66.32
66.33
66.33
66.33
66.33
66.33
66.32
66.32
66.32
66.32
66.32
66.31
66.32
66.32
66.34
66.32
66.32
66.31
66.30
66.31
66.31
66.32
66.32
66.33
66.33
66.32
66.32
66.33
66.33
66.35
66.37
66.36
66.35
66.36
66.37
66.36
66.34
66.35
66.34
66.35
66.35
66.33
66.34
66.36
66.37
66.37
66.37
66.38
66.38
66.38
66.36
66.37
66.37
66.38
66.37
66.36
66.36
66.36
66.36
66.35
66.37
66.36
66.37
66.38
66.38
66.37
66.36
66.37
66.37
66.37
66.37
66.37
66.36
66.35
66.36
66.36
66.37
66.37
66.36
66.36
66.36
66.37
66.37
66.37
66.37
66.37
66.38
66.38
66.39
66.38
66.39
66.38
66.39
66.40
66.39
66.38
66.39
66.39
66.38
66.38
66.39
66.40
66.40
66.41
66.41
66.41
66.41
66.42
66.43
66.43
66.43
66.44
66.45
66.44
66.44
66.43
66.42
66.42
66.42
66.42
66.43
66.44
66.44
66.43
66.43
66.42
66.42
66.41
66.42
66.43
66.43
66.43
66.44
66.43
66.45
66.46
66.45
66.46
66.47
66.48
66.48
66.48
66.49
66.50
66.50
66.48
66.49
66.41
