78.12
75.00
75.52
74.61
74.38
73.70
72.77
72.46
71.18
70.47
70.45
70.18
69.83
69.64
70.21
70.80
70.13
69.79
69.49
69.30
68.82
68.82
68.95
68.62
68.75
68.57
68.40
68.81
68.70
69.06
69.20
69.34
69.55
69.62
69.46
69.53
69.38
69.49
69.51
69.45
69.78
69.72
69.84
70.06
70.17
70.21
70.35
70.25
70.31
70.25
70.34
70.43
70.34
70.37
70.40
70.34
70.53
70.39
70.37
70.16
70.06
69.98
69.99
69.97
69.98
70.08
70.17
70.01
70.06
70.09
70.11
70.01
70.01
69.95
70.00
69.96
69.89
69.99
69.98
70.02
70.06
70.05
70.05
69.96
69.96
69.88
69.79
69.80
69.89
69.95
69.97
69.96
69.99
70.15
70.10
70.17
70.22
70.15
70.20
70.23
70.28
70.36
70.39
70.37
70.45
70.49
70.40
70.38
70.30
70.27
70.24
70.33
70.37
70.35
70.50
70.53
70.49
70.44
70.44
70.49
70.48
70.48
70.52
70.55
70.50
70.51
70.56
70.63
70.72
70.71
70.68
70.61
70.58
70.60
70.61
70.58
70.61
70.53
70.49
70.48
70.52
70.52
70.52
70.50
70.53
70.48
70.54
70.48
70.51
70.54
70.52
70.49
70.47
70.45
70.44
70.53
70.55
70.60
70.61
70.64
70.65
70.70
70.69
70.73
70.74
70.73
70.72
70.78
70.76
70.76
70.80
70.79
70.79
70.78
70.72
70.70
70.76
70.70
70.66
70.66
70.72
70.73
70.66
70.65
70.66
70.68
70.64
70.66
70.66
70.72
70.67
70.69
70.61
70.51
70.50
70.47
70.46
70.49
70.42
70.41
70.43
70.41
70.43
70.44
70.45
70.41
70.40
70.38
70.39
70.42
70.42
70.45
70.47
70.46
70.46
70.46
70.45
70.46
70.43
70.40
70.39
70.36
70.33
70.35
70.37
70.35
70.33
70.36
70.35
70.34
70.33
70.33
70.35
70.40
70.40
70.41
70.44
70.44
70.48
70.47
70.44
70.40
70.38
70.40
70.40
70.40
70.39
70.38
70.33
70.32
70.37
70.40
70.44
70.46
70.47
70.48
70.48
70.49
70.45
70.45
70.46
70.43
70.46
70.46
70.42
70.42
70.37
70.37
70.38
70.42
70.43
70.40
70.38
70.41
70.37
70.39
70.37
70.35
70.35
70.35
70.38
70.37
70.39
70.37
70.39
70.38
70.38
70.38
70.39
70.38
70.38
70.34
70.34
70.32
70.31
70.34
70.35
70.37
70.36
70.34
70.36
70.36
70.38
70.36
70.37
70.38
70.42
70.43
70.47
70.45
70.45
70.45
70.48
70.50
70.50
70.50
70.50
70.52
70.52
70.53
70.56
70.56
70.54
70.55
70.52
70.52
70.55
70.55
70.54
70.54
70.53
70.52
70.53
70.54
70.53
70.55
70.56
70.55
70.54
70.56
70.53
70.54
70.56
70.55
70.55
70.56
70.58
70.60
70.61
70.61
70.62
70.62
70.62
70.63
70.61
70.60
70.59
70.62
70.63
70.65
70.63
70.61
70.61
70.63
70.61
70.64
70.64
70.64
70.63
70.62
70.63
70.63
70.59
70.59
70.59
70.57
70.57
70.59
70.58
70.60
70.62
70.63
70.63
70.63
70.65
70.65
70.66
70.67
70.67
70.68
70.69
70.69
70.69
70.70
70.70
70.68
70.67
70.66
70.66
70.67
70.67
70.66
70.63
70.63
70.64
70.66
70.64
70.63
70.63
70.62
70.61
70.60
70.60
70.61
70.62
70.63
70.62
70.62
70.62
70.61
70.61
70.61
70.59
70.60
70.61
70.63
70.65
70.66
70.63
70.63
70.65
70.63
70.63
70.63
70.63
70.63
70.62
70.62
70.63
70.64
70.62
70.63
70.63
70.63
70.61
70.63
70.62
70.61
70.61
70.59
70.59
70.57
70.59
70.59
70.58
70.59
70.60
70.59
70.56
70.57
70.56
70.56
70.56
70.54
70.54
70.56
70.57
70.56
70.54
70.56
70.56
70.55
70.55
70.53
70.53
70.52
70.53
70.54
70.53
70.51
70.53
70.54
70.53
70.52
70.54
70.53
70.52
70.50
70.52
70.52
70.51
70.51
70.52
70.52
70.53
70.53
70.53
70.53
70.52
70.52
70.52
70.54
70.53
70.53
70.51
70.51
70.51
70.51
70.49
70.50
70.50
70.49
70.50
70.50
70.48
70.47
70.46
70.45
70.45
70.45
70.44
70.44
70.44
70.42
70.43
70.41
70.43
70.40
70.42
70.43
70.45
70.46
70.46
70.46
70.46
70.46
70.47
70.48
70.48
70.49
70.50
70.51
70.52
70.53
70.53
70.52
70.50
70.51
70.51
70.50
70.50
70.51
70.51
70.52
70.51
70.51
70.52
70.51
70.52
70.52
70.53
70.53
70.54
70.53
70.53
70.52
70.55
70.53
70.51
70.51
70.51
70.51
70.53
70.53
70.52
70.53
70.54
70.54
70.55
70.54
70.54
70.54
70.53
70.55
70.56
70.57
70.56
70.56
70.56
70.55
70.56
70.57
70.58
70.60
70.61
70.61
70.62
70.61
70.62
70.61
70.62
70.62
70.62
70.63
70.64
70.65
70.65
70.66
70.68
70.68
70.67
70.66
70.67
70.67
70.67
70.66
70.66
70.65
70.66
70.66
70.68
70.67
70.68
70.70
70.69
70.71
70.71
70.71
70.70
70.69
70.66
70.69
70.70
70.70
70.70
70.69
70.68
70.68
70.68
70.68
70.67
70.65
70.65
70.65
70.66
70.67
70.66
70.65
70.66
70.67
70.67
70.66
70.67
70.69
70.69
70.69
70.67
70.67
70.68
70.69
70.68
70.67
70.67
70.69
70.69
70.70
70.71
70.70
70.69
70.68
70.70
70.71
70.71
70.72
70.71
70.71
70.71
70.70
70.70
70.71
70.70
70.69
70.69
70.70
70.70
70.70
70.69
70.68
70.68
70.67
70.68
70.69
70.70
70.68
70.68
70.68
70.68
70.69
70.69
70.70
70.70
70.70
70.71
70.71
70.71
70.72
70.71
70.70
70.70
70.71
70.72
70.72
70.72
70.72
70.73
70.73
70.74
70.75
70.75
70.75
70.75
70.76
70.77
70.77
70.77
70.77
70.76
70.77
70.76
70.76
70.77
70.77
70.76
70.76
70.77
70.76
70.76
70.77
70.77
70.77
70.78
70.78
70.79
70.80
70.79
70.79
70.80
70.80
70.80
70.78
70.78
70.78
70.77
70.76
70.76
70.77
70.77
70.76
70.77
70.76
70.76
70.77
70.78
70.79
70.78
70.79
70.79
70.80
70.80
70.80
70.80
70.81
70.81
70.81
70.81
70.81
70.81
70.82
70.82
70.84
70.84
70.77
