79.69
80.47
83.85
82.03
82.50
82.29
83.26
81.84
81.42
81.88
81.39
81.38
81.37
80.80
81.15
81.05
81.07
80.64
80.51
80.70
80.95
81.11
81.25
80.92
80.94
80.53
80.44
80.30
80.23
80.52
80.49
80.71
80.78
80.74
81.03
80.99
80.91
80.88
81.01
80.70
80.83
80.95
80.96
81.07
81.04
80.91
80.68
80.83
80.80
80.91
80.97
80.80
80.78
80.79
80.71
80.80
80.81
80.77
80.85
80.89
80.79
80.80
80.85
80.91
80.82
80.85
80.85
80.88
80.98
80.98
81.07
81.21
81.19
81.12
81.02
81.11
81.15
81.23
81.23
81.33
81.42
81.42
81.42
81.36
81.45
81.47
81.50
81.43
81.48
81.44
81.49
81.47
81.55
81.52
81.53
81.43
81.38
81.43
81.36
81.31
81.33
81.28
81.30
81.36
81.38
81.41
81.37
81.32
81.32
81.38
81.35
81.36
81.36
81.40
81.39
81.32
81.32
81.36
81.37
81.42
81.44
81.43
81.49
81.43
81.41
81.42
81.42
81.42
81.35
81.33
81.35
81.38
81.44
81.46
81.52
81.53
81.57
81.53
81.55
81.50
81.49
81.56
81.53
81.55
81.55
81.60
81.51
81.52
81.51
81.53
81.57
81.54
81.57
81.65
81.61
81.65
81.64
81.65
81.63
81.65
81.64
81.67
81.65
81.61
81.68
81.65
81.59
81.60
81.62
81.66
81.67
81.67
81.68
81.65
81.65
81.62
81.62
81.57
81.57
81.55
81.55
81.56
81.57
81.59
81.60
81.57
81.52
81.48
81.44
81.43
81.37
81.42
81.46
81.44
81.44
81.47
81.48
81.51
81.49
81.45
81.47
81.45
81.47
81.46
81.48
81.48
81.48
81.44
81.44
81.43
81.38
81.38
81.37
81.35
81.35
81.33
81.33
81.36
81.36
81.36
81.37
81.38
81.35
81.35
81.35
81.33
81.32
81.30
81.30
81.31
81.32
81.34
81.35
81.34
81.32
81.34
81.38
81.39
81.39
81.39
81.41
81.42
81.40
81.42
81.38
81.40
81.38
81.38
81.40
81.40
81.39
81.39
81.37
81.40
81.42
81.46
81.41
81.40
81.42
81.44
81.44
81.42
81.41
81.45
81.43
81.44
81.44
81.44
81.45
81.40
81.38
81.38
81.39
81.38
81.36
81.38
81.39
81.37
81.35
81.39
81.40
81.39
81.39
81.42
81.44
81.43
81.46
81.47
81.49
81.50
81.51
81.51
81.52
81.51
81.53
81.55
81.58
81.55
81.52
81.54
81.53
81.53
81.51
81.52
81.50
81.50
81.51
81.52
81.52
81.54
81.53
81.55
81.55
81.56
81.57
81.58
81.60
81.62
81.63
81.64
81.63
81.63
81.63
81.64
81.65
81.64
81.66
81.63
81.64
81.63
81.61
81.59
81.57
81.55
81.54
81.54
81.55
81.53
81.49
81.50
81.51
81.52
81.51
81.54
81.54
81.54
81.53
81.54
81.55
81.58
81.57
81.56
81.54
81.55
81.53
81.54
81.55
81.56
81.57
81.57
81.56
81.56
81.56
81.58
81.58
81.56
81.58
81.58
81.58
81.60
81.60
81.59
81.59
81.58
81.57
81.57
81.56
81.54
81.56
81.55
81.55
81.54
81.56
81.59
81.59
81.62
81.63
81.64
81.62
81.59
81.58
81.59
81.60
81.60
81.61
81.60
81.58
81.60
81.59
81.58
81.60
81.61
81.62
81.63
81.62
81.63
81.62
81.60
81.60
81.58
81.57
81.56
81.54
81.53
81.54
81.55
81.55
81.56
81.55
81.53
81.54
81.54
81.53
81.52
81.53
81.50
81.50
81.51
81.50
81.51
81.51
81.51
81.51
81.50
81.50
81.52
81.52
81.54
81.52
81.51
81.52
81.53
81.52
81.51
81.50
81.51
81.51
81.50
81.52
81.50
81.49
81.49
81.49
81.50
81.52
81.53
81.55
81.56
81.56
81.56
81.56
81.55
81.56
81.57
81.56
81.56
81.56
81.57
81.57
81.57
81.58
81.58
81.57
81.58
81.56
81.57
81.55
81.55
81.55
81.56
81.55
81.55
81.55
81.55
81.55
81.55
81.55
81.56
81.57
81.58
81.57
81.58
81.59
81.59
81.57
81.58
81.58
81.58
81.57
81.59
81.60
81.60
81.61
81.60
81.61
81.61
81.60
81.59
81.59
81.60
81.60
81.60
81.62
81.62
81.62
81.61
81.61
81.61
81.61
81.61
81.60
81.60
81.60
81.60
81.60
81.61
81.62
81.63
81.64
81.65
81.66
81.65
81.66
81.65
81.64
81.63
81.63
81.63
81.63
81.64
81.65
81.64
81.65
81.65
81.65
81.65
81.65
81.65
81.67
81.66
81.66
81.66
81.65
81.64
81.64
81.62
81.61
81.62
81.60
81.61
81.61
81.62
81.63
81.64
81.65
81.63
81.62
81.63
81.65
81.64
81.65
81.66
81.67
81.68
81.67
81.68
81.67
81.66
81.65
81.67
81.67
81.68
81.69
81.68
81.69
81.70
81.70
81.69
81.69
81.69
81.69
81.69
81.70
81.70
81.70
81.70
81.71
81.70
81.70
81.69
81.68
81.69
81.68
81.67
81.67
81.68
81.67
81.67
81.68
81.68
81.69
81.69
81.70
81.69
81.69
81.68
81.68
81.69
81.68
81.69
81.68
81.68
81.68
81.68
81.69
81.70
81.72
81.71
81.71
81.70
81.71
81.70
81.70
81.71
81.70
81.71
81.69
81.69
81.68
81.69
81.69
81.69
81.69
81.69
81.68
81.68
81.67
81.69
81.69
81.69
81.68
81.68
81.68
81.68
81.68
81.69
81.69
81.69
81.69
81.68
81.66
81.67
81.67
81.68
81.69
81.69
81.70
81.70
81.69
81.70
81.70
81.70
81.70
81.70
81.71
81.70
81.71
81.71
81.71
81.71
81.71
81.70
81.70
81.70
81.69
81.69
81.70
81.70
81.69
81.70
81.69
81.69
81.68
81.67
81.67
81.68
81.67
81.66
81.66
81.67
81.66
81.66
81.66
81.67
81.66
81.67
81.66
81.66
81.66
81.65
81.64
81.65
81.65
81.65
81.66
81.66
81.66
81.67
81.66
81.66
81.65
81.65
81.64
81.64
81.64
81.64
81.64
81.64
81.64
81.63
81.64
81.64
81.64
81.64
81.65
81.65
81.65
81.65
81.65
81.65
81.64
81.65
81.67
81.68
81.68
81.68
81.67
81.66
81.65
81.65
81.66
81.67
81.67
81.67
81.68
81.69
81.69
81.70
81.68
81.68
81.69
81.69
81.69
81.68
81.69
81.69
81.70
81.70
81.70
81.70
81.69
81.70
81.71
81.72
81.72
81.73
81.73
81.74
81.75
81.74
81.75
81.67
