62.50
67.19
63.54
64.84
65.62
64.84
64.73
65.43
65.62
66.88
67.33
67.97
68.75
69.08
69.27
69.53
69.67
69.88
70.23
70.70
70.46
70.45
70.58
70.31
70.69
70.79
70.72
70.76
70.80
71.20
71.17
71.04
70.98
70.77
70.85
70.88
71.03
71.22
71.31
71.25
71.34
71.50
71.22
71.34
71.32
71.43
71.58
71.71
71.59
71.53
71.45
71.51
71.49
71.50
71.39
71.23
71.16
71.23
71.21
71.17
71.06
70.77
70.88
70.85
71.03
70.86
70.76
70.59
70.63
70.62
70.53
70.59
70.63
70.69
70.65
70.62
70.58
70.55
70.57
70.47
70.60
70.69
70.75
70.72
70.68
70.77
70.65
70.60
70.61
70.63
70.60
70.60
70.60
70.63
70.61
70.54
70.62
70.63
70.63
70.64
70.67
70.54
70.59
70.60
70.64
70.68
70.66
70.69
70.70
70.57
70.51
70.55
70.59
70.57
70.54
70.54
70.58
70.66
70.61
70.61
70.67
70.65
70.68
70.70
70.66
70.63
70.63
70.75
70.77
70.72
70.71
70.68
70.71
70.67
70.64
70.58
70.57
70.50
70.45
70.48
70.57
70.57
70.61
70.65
70.60
70.63
70.66
70.64
70.60
70.58
70.56
70.48
70.44
70.43
70.40
70.39
70.38
70.33
70.33
70.30
70.33
70.40
70.43
70.47
70.50
70.49
70.53
70.55
70.54
70.55
70.57
70.59
70.58
70.57
70.54
70.56
70.54
70.58
70.54
70.55
70.51
70.51
70.51
70.51
70.49
70.50
70.49
70.51
70.53
70.54
70.54
70.54
70.55
70.57
70.54
70.57
70.59
70.58
70.60
70.55
70.55
70.58
70.54
70.52
70.51
70.49
70.52
70.53
70.51
70.46
70.48
70.49
70.47
70.43
70.46
70.44
70.43
70.38
70.41
70.43
70.44
70.43
70.44
70.49
70.49
70.51
70.52
70.55
70.51
70.54
70.54
70.54
70.53
70.51
70.49
70.48
70.48
70.46
70.49
70.48
70.50
70.49
70.46
70.47
70.47
70.44
70.44
70.46
70.46
70.44
70.44
70.45
70.47
70.48
70.48
70.50
70.48
70.51
70.54
70.54
70.55
70.55
70.55
70.57
70.52
70.52
70.54
70.55
70.54
70.56
70.58
70.59
70.60
70.57
70.55
70.53
70.56
70.58
70.56
70.54
70.55
70.56
70.54
70.55
70.59
70.60
70.62
70.64
70.66
70.66
70.65
70.65
70.66
70.66
70.67
70.65
70.67
70.67
70.69
70.69
70.67
70.65
70.66
70.64
70.62
70.58
70.58
70.58
70.59
70.58
70.61
70.60
70.61
70.58
70.58
70.57
70.59
70.60
70.59
70.61
70.59
70.57
70.54
70.56
70.59
70.61
70.62
70.64
70.65
70.66
70.65
70.65
70.65
70.64
70.61
70.61
70.60
70.60
70.60
70.62
70.61
70.61
70.60
70.62
70.65
70.69
70.71
70.73
70.71
70.73
70.74
70.76
70.73
70.71
70.72
70.69
70.68
70.68
70.72
70.73
70.74
70.72
70.72
70.72
70.70
70.71
70.73
70.72
70.74
70.73
70.72
70.70
70.71
70.69
70.69
70.68
70.69
70.70
70.70
70.67
70.69
70.70
70.70
70.69
70.68
70.70
70.70
70.72
70.73
70.74
70.72
70.71
70.72
70.71
70.77
70.76
70.78
70.78
70.76
70.74
70.72
70.73
70.72
70.73
70.73
70.72
70.73
70.74
70.73
70.74
70.74
70.76
70.74
70.76
70.73
70.75
70.74
70.75
70.78
70.79
70.78
70.77
70.79
70.81
70.79
70.79
70.77
70.75
70.75
70.75
70.76
70.78
70.76
70.78
70.79
70.76
70.75
70.75
70.74
70.72
70.72
70.70
70.71
70.71
70.71
70.73
70.75
70.77
70.75
70.75
70.76
70.78
70.76
70.77
70.77
70.76
70.75
70.74
70.76
70.76
70.73
70.72
70.72
70.74
70.75
70.76
70.74
70.74
70.73
70.74
70.73
70.71
70.72
70.74
70.75
70.73
70.72
70.72
70.70
70.69
70.68
70.70
70.70
70.69
70.67
70.66
70.66
70.67
70.67
70.66
70.67
70.68
70.66
70.66
70.65
70.63
70.64
70.65
70.64
70.66
70.65
70.65
70.66
70.67
70.69
70.68
70.66
70.67
70.65
70.63
70.65
70.67
70.68
70.68
70.68
70.66
70.68
70.68
70.68
70.69
70.70
70.70
70.72
70.74
70.74
70.74
70.73
70.75
70.74
70.74
70.74
70.76
70.76
70.77
70.77
70.76
70.76
70.76
70.76
70.78
70.77
70.79
70.79
70.80
70.82
70.80
70.81
70.80
70.78
70.79
70.78
70.78
70.75
70.75
70.75
70.74
70.75
70.73
70.72
70.72
70.74
70.75
70.76
70.77
70.78
70.79
70.79
70.79
70.79
70.79
70.80
70.81
70.81
70.81
70.82
70.82
70.81
70.82
70.81
70.80
70.81
70.80
70.79
70.79
70.79
70.78
70.78
70.79
70.79
70.80
70.79
70.79
70.80
70.82
70.82
70.82
70.83
70.82
70.83
70.84
70.84
70.84
70.85
70.85
70.85
70.85
70.84
70.85
70.86
70.87
70.87
70.87
70.87
70.86
70.85
70.85
70.85
70.83
70.84
70.85
70.84
70.84
70.84
70.83
70.83
70.83
70.81
70.82
70.81
70.81
70.81
70.80
70.80
70.81
70.81
70.80
70.81
70.80
70.81
70.81
70.82
70.81
70.82
70.82
70.82
70.81
70.81
70.81
70.81
70.80
70.81
70.81
70.81
70.81
70.81
70.79
70.80
70.80
70.79
70.79
70.79
70.80
70.79
70.80
70.78
70.80
70.81
70.81
70.82
70.83
70.83
70.80
70.79
70.79
70.78
70.78
70.77
70.77
70.78
70.79
70.78
70.78
70.78
70.79
70.80
70.81
70.80
70.81
70.80
70.81
70.82
70.82
70.81
70.81
70.80
70.79
70.79
70.80
70.78
70.79
70.79
70.79
70.80
70.82
70.82
70.82
70.82
70.83
70.83
70.84
70.84
70.85
70.85
70.84
70.83
70.83
70.82
70.82
70.82
70.82
70.83
70.83
70.84
70.85
70.86
70.87
70.86
70.87
70.86
70.86
70.86
70.85
70.86
70.85
70.85
70.85
70.86
70.85
70.85
70.86
70.85
70.84
70.85
70.85
70.85
70.85
70.85
70.86
70.85
70.84
70.83
70.84
70.84
70.84
70.85
70.85
70.84
70.83
70.84
70.85
70.86
70.86
70.88
70.88
70.88
70.88
70.88
70.90
70.90
70.90
70.90
70.90
70.90
70.90
70.91
70.90
70.90
70.89
70.88
70.88
70.88
70.81
