76.56
80.47
80.21
78.52
79.06
80.47
79.69
79.88
79.69
79.22
79.55
79.69
79.45
79.35
79.69
79.88
79.96
80.03
80.10
80.23
80.13
80.33
80.57
80.34
80.38
80.59
80.56
80.52
80.87
80.57
80.44
80.76
80.68
80.88
81.03
80.95
81.00
81.13
81.29
81.33
81.55
81.47
81.65
81.64
81.74
81.69
81.65
81.58
81.57
81.59
81.59
81.64
81.81
81.89
81.96
82.00
82.15
82.14
82.23
82.24
82.17
82.16
81.97
81.96
81.90
81.87
81.90
81.99
82.09
82.03
82.02
81.94
82.00
81.97
82.00
81.95
82.00
82.03
82.14
82.05
82.10
82.11
82.04
82.05
81.97
81.96
82.02
81.98
81.95
81.93
81.90
81.91
81.94
81.96
82.01
81.98
81.94
82.02
82.07
82.06
82.15
82.15
82.11
82.08
82.07
82.06
82.02
82.02
81.95
81.78
81.73
81.68
81.64
81.67
81.63
81.69
81.69
81.69
81.68
81.72
81.78
81.81
81.83
81.79
81.80
81.77
81.80
81.81
81.75
81.72
81.76
81.74
81.73
81.76
81.82
81.76
81.73
81.71
81.70
81.71
81.75
81.76
81.79
81.75
81.79
81.84
81.83
81.86
81.92
81.92
81.90
81.88
81.88
81.90
81.91
81.94
81.94
81.91
81.91
81.89
81.90
81.86
81.85
81.90
81.93
81.92
81.94
81.86
81.88
81.93
81.92
81.91
81.89
81.87
81.85
81.86
81.85
81.83
81.84
81.86
81.83
81.88
81.86
81.84
81.87
81.87
81.82
81.79
81.79
81.78
81.78
81.75
81.74
81.70
81.70
81.70
81.70
81.71
81.69
81.69
81.70
81.71
81.76
81.77
81.78
81.78
81.74
81.78
81.76
81.73
81.75
81.75
81.74
81.76
81.79
81.79
81.81
81.82
81.81
81.80
81.77
81.76
81.78
81.75
81.76
81.77
81.76
81.76
81.75
81.76
81.72
81.74
81.77
81.77
81.74
81.74
81.75
81.74
81.77
81.76
81.74
81.73
81.74
81.72
81.73
81.74
81.76
81.75
81.75
81.72
81.71
81.70
81.71
81.70
81.72
81.70
81.72
81.69
81.71
81.69
81.66
81.69
81.73
81.72
81.73
81.77
81.79
81.79
81.76
81.77
81.78
81.79
81.79
81.80
81.82
81.83
81.84
81.85
81.86
81.88
81.90
81.88
81.88
81.92
81.89
81.90
81.91
81.91
81.91
81.92
81.90
81.89
81.92
81.87
81.85
81.85
81.84
81.85
81.86
81.86
81.89
81.89
81.90
81.91
81.94
81.91
81.89
81.86
81.86
81.88
81.89
81.91
81.90
81.91
81.92
81.93
81.92
81.92
81.90
81.90
81.88
81.87
81.88
81.87
81.87
81.85
81.87
81.85
81.86
81.87
81.86
81.84
81.83
81.84
81.85
81.86
81.88
81.88
81.90
81.93
81.93
81.95
81.98
81.98
81.98
81.98
81.97
81.96
82.00
82.01
82.01
82.00
81.98
82.00
82.03
82.03
82.03
82.03
82.02
82.04
82.04
82.04
82.05
82.04
82.05
82.07
82.07
82.05
82.07
82.08
82.06
82.04
82.04
82.04
82.05
82.04
82.04
82.04
82.03
82.04
82.01
82.03
82.05
82.05
82.08
82.06
82.03
82.05
82.05
82.04
82.05
82.05
82.07
82.07
82.08
82.08
82.07
82.06
82.04
82.05
82.07
82.08
82.08
82.09
82.08
82.08
82.07
82.08
82.09
82.04
82.05
82.03
82.03
82.03
82.01
82.01
82.02
82.02
82.02
82.02
82.02
82.01
81.99
82.01
82.03
82.03
82.04
82.06
82.04
82.04
82.04
82.05
82.04
82.03
82.02
82.02
82.02
82.02
82.01
82.00
81.98
81.99
81.99
81.99
81.99
82.00
82.02
82.02
82.00
82.00
82.00
81.99
81.98
81.98
81.97
81.98
81.99
81.99
81.99
81.99
81.96
81.95
81.95
81.95
81.96
81.96
81.96
81.97
81.97
81.96
81.96
81.95
81.95
81.94
81.93
81.91
81.91
81.89
81.89
81.89
81.90
81.89
81.88
81.89
81.89
81.87
81.85
81.85
81.87
81.87
81.85
81.83
81.83
81.81
81.82
81.81
81.82
81.82
81.84
81.84
81.85
81.87
81.88
81.87
81.88
81.89
81.89
81.88
81.88
81.90
81.89
81.88
81.90
81.90
81.91
81.92
81.92
81.93
81.93
81.92
81.91
81.91
81.93
81.92
81.93
81.95
81.96
81.96
81.97
81.98
81.96
81.97
81.97
81.95
81.94
81.94
81.93
81.95
81.93
81.93
81.94
81.96
81.97
81.98
81.98
81.99
81.97
81.97
81.98
81.98
81.98
81.98
81.96
81.96
81.97
81.96
81.95
81.96
81.97
81.97
81.98
81.98
82.00
82.00
81.99
81.99
81.99
81.99
81.97
81.97
81.99
81.98
81.96
81.97
81.98
81.97
81.96
81.96
81.95
81.95
81.96
81.96
81.97
81.95
81.96
81.95
81.95
81.94
81.93
81.94
81.93
81.92
81.93
81.94
81.94
81.94
81.94
81.93
81.93
81.93
81.93
81.93
81.93
81.93
81.93
81.92
81.93
81.94
81.94
81.93
81.94
81.94
81.94
81.93
81.94
81.94
81.95
81.94
81.94
81.95
81.95
81.95
81.95
81.95
81.95
81.95
81.93
81.93
81.93
81.93
81.92
81.92
81.91
81.91
81.92
81.91
81.91
81.91
81.92
81.91
81.90
81.91
81.91
81.91
81.92
81.93
81.92
81.91
81.92
81.92
81.92
81.91
81.90
81.90
81.91
81.90
81.92
81.92
81.93
81.94
81.94
81.95
81.96
81.94
81.94
81.95
81.95
81.95
81.97
81.98
81.98
81.98
81.98
81.99
81.99
81.99
81.98
81.98
81.98
81.96
81.96
81.96
81.96
81.96
81.95
81.95
81.94
81.94
81.94
81.95
81.94
81.94
81.94
81.94
81.93
81.94
81.93
81.93
81.93
81.92
81.92
81.92
81.92
81.94
81.93
81.93
81.95
81.95
81.95
81.95
81.95
81.95
81.95
81.95
81.95
81.96
81.96
81.95
81.95
81.96
81.96
81.96
81.96
81.95
81.95
81.96
81.95
81.95
81.96
81.96
81.96
81.96
81.97
81.97
81.96
81.96
81.95
81.94
81.95
81.95
81.95
81.94
81.94
81.94
81.94
81.93
81.94
81.95
81.94
81.94
81.94
81.94
81.93
81.94
81.93
81.93
81.93
81.93
81.93
81.94
81.93
81.93
81.93
81.93
81.93
81.93
81.94
81.94
81.95
81.95
81.95
81.96
81.96
81.96
81.96
81.96
81.95
81.95
81.95
81.96
81.96
81.88
