75.00
73.44
75.00
75.78
77.19
77.08
77.46
77.54
78.47
78.91
78.69
78.39
78.00
77.57
77.08
76.76
76.75
76.48
76.15
76.25
76.12
76.07
76.29
76.30
76.12
76.20
76.10
75.95
76.08
75.73
75.35
75.05
75.05
75.00
75.00
74.87
74.70
74.67
74.60
74.80
75.00
75.04
75.15
75.14
74.90
74.73
74.83
74.87
74.74
74.66
74.72
74.55
74.56
74.59
74.63
74.58
74.62
74.68
74.55
74.51
74.36
74.55
74.53
74.58
74.62
74.55
74.53
74.49
74.43
74.29
74.25
74.37
74.27
74.20
74.29
74.34
74.27
74.32
74.33
74.30
74.31
74.33
74.28
74.27
74.26
74.33
74.37
74.41
74.33
74.24
74.14
74.20
74.18
74.17
74.21
74.24
74.31
74.43
74.45
74.41
74.33
74.30
74.26
74.25
74.14
74.13
74.15
74.09
74.13
74.08
74.04
74.04
74.02
73.90
74.04
74.08
74.08
74.07
74.11
74.18
74.21
74.19
74.21
74.12
74.11
74.09
74.05
74.07
74.09
74.07
74.08
74.10
74.19
74.15
74.12
74.08
74.13
74.05
74.07
74.10
74.12
74.05
74.06
74.02
74.03
74.02
74.00
73.99
73.96
74.02
74.03
74.00
74.04
74.01
74.04
74.07
74.16
74.20
74.21
74.25
74.25
74.23
74.25
74.28
74.25
74.25
74.22
74.18
74.20
74.19
74.23
74.24
74.24
74.34
74.37
74.32
74.31
74.39
74.42
74.42
74.41
74.40
74.36
74.34
74.35
74.32
74.35
74.29
74.29
74.29
74.30
74.32
74.35
74.33
74.38
74.40
74.37
74.40
74.41
74.39
74.41
74.42
74.39
74.39
74.38
74.44
74.43
74.42
74.39
74.42
74.44
74.45
74.45
74.45
74.48
74.49
74.50
74.46
74.46
74.50
74.48
74.48
74.47
74.47
74.49
74.48
74.46
74.48
74.45
74.39
74.39
74.38
74.36
74.37
74.36
74.36
74.37
74.34
74.33
74.33
74.29
74.29
74.31
74.33
74.35
74.36
74.33
74.31
74.30
74.31
74.28
74.29
74.29
74.29
74.28
74.30
74.32
74.34
74.35
74.33
74.34
74.37
74.38
74.33
74.29
74.31
74.33
74.31
74.32
74.33
74.34
74.35
74.35
74.35
74.35
74.34
74.39
74.39
74.38
74.35
74.35
74.36
74.38
74.37
74.35
74.35
74.37
74.37
74.39
74.41
74.43
74.44
74.46
74.50
74.49
74.47
74.45
74.41
74.43
74.44
74.45
74.47
74.47
74.50
74.50
74.53
74.54
74.52
74.51
74.49
74.47
74.47
74.46
74.44
74.42
74.40
74.41
74.38
74.37
74.35
74.33
74.32
74.34
74.31
74.32
74.28
74.30
74.29
74.26
74.26
74.25
74.25
74.24
74.21
74.23
74.22
74.24
74.24
74.23
74.20
74.21
74.24
74.22
74.24
74.24
74.28
74.29
74.29
74.28
74.29
74.31
74.33
74.30
74.30
74.32
74.32
74.33
74.32
74.32
74.31
74.31
74.28
74.29
74.29
74.30
74.29
74.27
74.27
74.27
74.27
74.27
74.24
74.25
74.24
74.24
74.24
74.25
74.25
74.22
74.22
74.21
74.20
74.20
74.22
74.22
74.23
74.20
74.19
74.18
74.17
74.16
74.17
74.17
74.18
74.20
74.21
74.22
74.25
74.23
74.24
74.24
74.25
74.26
74.26
74.27
74.25
74.26
74.26
74.24
74.23
74.21
74.23
74.22
74.23
74.22
74.22
74.23
74.22
74.21
74.20
74.18
74.19
74.17
74.18
74.17
74.16
74.15
74.13
74.13
74.12
74.11
74.11
74.09
74.08
74.07
74.07
74.09
74.09
74.07
74.07
74.08
74.10
74.11
74.12
74.12
74.11
74.12
74.11
74.10
74.11
74.11
74.08
74.07
74.08
74.08
74.08
74.10
74.11
74.10
74.10
74.07
74.08
74.09
74.07
74.06
74.06
74.07
74.08
74.06
74.07
74.07
74.08
74.06
74.07
74.06
74.05
74.08
74.09
74.10
74.11
74.12
74.12
74.10
74.10
74.09
74.07
74.07
74.07
74.08
74.08
74.07
74.06
74.07
74.08
74.10
74.11
74.09
74.08
74.09
74.08
74.09
74.08
74.06
74.05
74.06
74.05
74.04
74.03
74.04
74.03
74.04
74.03
74.04
74.04
74.03
74.01
74.00
74.01
74.01
73.99
73.99
74.00
74.01
74.03
74.02
74.02
74.02
73.98
73.99
74.00
74.00
74.00
74.01
74.03
74.03
74.02
74.01
74.01
74.01
74.00
73.99
73.97
73.98
73.97
73.97
73.97
73.98
73.98
73.97
73.96
73.97
73.96
73.97
73.98
73.99
73.99
73.98
73.99
74.00
73.99
74.01
74.01
74.02
74.02
74.02
74.01
74.03
74.02
74.03
74.04
74.04
74.05
74.04
74.03
74.03
74.04
74.06
74.07
74.07
74.08
74.08
74.07
74.07
74.08
74.07
74.06
74.08
74.09
74.10
74.10
74.10
74.10
74.09
74.09
74.08
74.07
74.07
74.05
74.05
74.05
74.06
74.07
74.08
74.08
74.08
74.07
74.08
74.08
74.10
74.10
74.10
74.10
74.10
74.11
74.12
74.12
74.12
74.13
74.13
74.13
74.12
74.14
74.13
74.14
74.13
74.14
74.14
74.14
74.14
74.13
74.13
74.14
74.14
74.14
74.14
74.13
74.14
74.15
74.14
74.15
74.16
74.16
74.16
74.15
74.16
74.18
74.19
74.19
74.19
74.20
74.19
74.20
74.20
74.19
74.19
74.19
74.18
74.19
74.18
74.17
74.18
74.17
74.17
74.19
74.18
74.19
74.19
74.19
74.19
74.18
74.18
74.16
74.17
74.17
74.17
74.17
74.15
74.14
74.15
74.15
74.15
74.16
74.16
74.16
74.17
74.17
74.17
74.17
74.18
74.18
74.17
74.18
74.18
74.17
74.17
74.18
74.17
74.16
74.15
74.15
74.14
74.15
74.14
74.15
74.15
74.16
74.17
74.16
74.17
74.17
74.16
74.15
74.16
74.15
74.15
74.15
74.15
74.14
74.14
74.15
74.15
74.15
74.15
74.15
74.14
74.14
74.14
74.13
74.13
74.12
74.13
74.13
74.13
74.14
74.13
74.13
74.14
74.14
74.12
74.12
74.11
74.12
74.13
74.13
74.14
74.13
74.14
74.14
74.13
74.14
74.15
74.14
74.15
74.15
74.16
74.16
74.15
74.16
74.17
74.19
74.18
74.18
74.17
74.18
74.18
74.19
74.19
74.19
74.20
74.19
74.21
74.20
74.21
74.21
74.21
74.21
74.20
74.20
74.20
74.20
74.21
74.13
