26.56
30.47
28.12
29.30
28.44
26.56
25.89
25.98
26.22
25.94
25.99
26.30
25.72
26.00
25.83
25.78
25.55
25.52
25.41
25.08
25.15
24.93
24.66
25.00
24.94
24.76
25.06
25.17
25.65
25.73
26.01
26.32
26.42
26.24
26.12
26.35
26.18
25.99
26.04
25.90
25.88
26.23
26.09
25.89
25.83
25.92
25.93
26.01
25.89
26.00
26.04
26.05
26.09
26.07
26.14
26.23
26.18
26.24
26.19
26.07
26.08
26.06
26.09
26.05
26.06
26.04
26.07
26.15
26.20
26.21
26.19
26.19
26.11
26.08
26.17
26.21
26.06
26.22
26.27
26.21
26.23
26.18
26.15
26.13
26.10
26.24
26.28
26.15
26.16
26.06
26.00
26.05
26.06
26.05
26.00
25.99
25.98
26.05
26.01
25.97
26.02
25.98
25.94
26.01
26.03
26.05
25.98
26.03
26.05
26.07
26.11
26.14
26.13
26.19
26.18
26.20
26.23
26.24
26.16
26.15
26.14
26.06
26.12
26.06
26.11
26.12
26.03
26.01
25.98
25.96
25.95
26.01
26.06
26.01
26.03
25.94
25.94
25.89
25.92
25.96
25.94
25.91
25.93
25.95
26.00
26.03
26.05
26.13
26.13
26.11
26.08
26.07
26.09
26.16
26.08
26.13
26.15
26.16
26.18
26.26
26.28
26.23
26.24
26.25
26.23
26.22
26.22
26.19
26.16
26.20
26.16
26.16
26.14
26.12
26.06
26.06
26.09
26.10
26.09
26.09
26.10
26.11
26.12
26.10
26.16
26.14
26.15
26.18
26.21
26.20
26.20
26.23
26.26
26.27
26.25
26.27
26.25
26.24
26.26
26.30
26.31
26.31
26.37
26.33
26.34
26.30
26.31
26.32
26.29
26.29
26.30
26.33
26.34
26.30
26.32
26.27
26.25
26.24
26.21
26.19
26.23
26.25
26.21
26.21
26.24
26.26
26.27
26.24
26.25
26.24
26.24
26.26
26.26
26.28
26.27
26.30
26.34
26.33
26.30
26.30
26.27
26.28
26.25
26.23
26.23
26.24
26.25
26.29
26.32
26.32
26.31
26.28
26.27
26.25
26.26
26.23
26.23
26.25
26.24
26.26
26.26
26.28
26.27
26.27
26.31
26.34
26.33
26.35
26.34
26.35
26.34
26.35
26.37
26.36
26.36
26.40
26.40
26.46
26.48
26.46
26.48
26.51
26.53
26.53
26.55
26.55
26.56
26.57
26.55
26.58
26.60
26.57
26.55
26.55
26.54
26.54
26.52
26.55
26.53
26.54
26.56
26.56
26.56
26.57
26.54
26.56
26.55
26.53
26.52
26.53
26.50
26.47
26.45
26.46
26.47
26.48
26.50
26.49
26.48
26.46
26.46
26.47
26.45
26.47
26.45
26.46
26.48
26.47
26.47
26.43
26.48
26.50
26.47
26.48
26.48
26.48
26.48
26.48
26.48
26.46
26.46
26.43
26.43
26.44
26.44
26.45
26.45
26.45
26.47
26.48
26.48
26.47
26.46
26.46
26.44
26.44
26.43
26.44
26.44
26.43
26.42
26.43
26.45
26.45
26.46
26.49
26.50
26.47
26.49
26.48
26.48
26.51
26.50
26.47
26.47
26.46
26.46
26.46
26.46
26.46
26.47
26.46
26.46
26.46
26.44
26.45
26.44
26.43
26.45
26.44
26.44
26.43
26.42
26.41
26.42
26.41
26.41
26.41
26.43
26.42
26.41
26.41
26.41
26.42
26.43
26.44
26.44
26.43
26.42
26.43
26.43
26.41
26.45
26.47
26.46
26.47
26.45
26.45
26.45
26.41
26.41
26.41
26.43
26.42
26.42
26.42
26.43
26.45
26.45
26.46
26.46
26.46
26.48
26.48
26.47
26.46
26.46
26.46
26.46
26.45
26.47
26.47
26.45
26.45
26.46
26.47
26.47
26.48
26.48
26.47
26.48
26.47
26.46
26.47
26.47
26.45
26.44
26.43
26.42
26.39
26.40
26.39
26.38
26.37
26.35
26.36
26.35
26.35
26.36
26.35
26.34
26.33
26.34
26.32
26.33
26.34
26.35
26.37
26.36
26.36
26.36
26.36
26.35
26.35
26.32
26.31
26.32
26.32
26.33
26.31
26.30
26.30
26.29
26.29
26.28
26.27
26.27
26.26
26.24
26.26
26.26
26.27
26.27
26.28
26.29
26.29
26.29
26.31
26.31
26.30
26.29
26.28
26.29
26.29
26.28
26.27
26.29
26.31
26.31
26.29
26.32
26.33
26.33
26.34
26.32
26.33
26.35
26.35
26.35
26.37
26.37
26.38
26.37
26.36
26.35
26.34
26.34
26.33
26.32
26.32
26.32
26.33
26.32
26.33
26.35
26.33
26.34
26.35
26.32
26.32
26.32
26.33
26.33
26.33
26.33
26.33
26.33
26.33
26.33
26.34
26.32
26.34
26.33
26.32
26.32
26.32
26.33
26.34
26.34
26.33
26.32
26.33
26.30
26.31
26.30
26.29
26.30
26.29
26.29
26.30
26.29
26.29
26.29
26.29
26.29
26.30
26.32
26.33
26.32
26.32
26.33
26.33
26.35
26.35
26.34
26.34
26.34
26.34
26.33
26.34
26.34
26.37
26.35
26.36
26.35
26.36
26.37
26.34
26.35
26.34
26.35
26.35
26.34
26.34
26.34
26.33
26.32
26.32
26.32
26.33
26.33
26.33
26.31
26.33
26.35
26.36
26.36
26.36
26.35
26.37
26.37
26.37
26.37
26.37
26.36
26.36
26.35
26.36
26.35
26.35
26.35
26.35
26.35
26.33
26.32
26.33
26.32
26.31
26.30
26.29
26.30
26.31
26.30
26.31
26.30
26.30
26.31
26.31
26.30
26.30
26.29
26.29
26.31
26.31
26.30
26.30
26.30
26.30
26.29
26.29
26.29
26.29
26.29
26.30
26.30
26.30
26.31
26.31
26.31
26.28
26.27
26.28
26.29
26.28
26.28
26.28
26.29
26.28
26.29
26.29
26.30
26.30
26.29
26.29
26.28
26.28
26.28
26.26
26.26
26.25
26.25
26.25
26.24
26.24
26.25
26.24
26.25
26.25
26.24
26.24
26.25
26.25
26.24
26.24
26.25
26.25
26.26
26.26
26.27
26.27
26.25
26.25
26.25
26.25
26.26
26.26
26.26
26.27
26.28
26.30
26.30
26.31
26.30
26.30
26.32
26.32
26.33
26.32
26.34
26.32
26.31
26.33
26.33
26.33
26.32
26.33
26.33
26.33
26.33
26.33
26.32
26.32
26.32
26.32
26.31
26.31
26.30
26.30
26.30
26.29
26.30
26.29
26.29
26.28
26.27
26.27
26.27
26.27
26.28
26.28
26.28
26.28
26.27
26.27
26.27
26.28
26.27
26.27
26.25
26.24
26.24
26.21
