87.50
86.72
86.46
85.16
86.25
85.68
83.93
84.57
84.55
85.00
84.52
84.77
84.13
83.82
84.06
84.18
84.19
84.46
84.46
84.53
84.52
84.59
84.10
84.18
84.25
84.31
84.14
84.26
84.32
84.11
83.87
83.64
83.48
83.46
83.44
83.38
83.45
83.35
83.53
83.44
83.38
83.15
83.07
82.95
83.16
82.98
83.24
83.27
83.26
83.25
83.21
83.17
83.17
83.22
83.21
83.34
83.36
83.27
83.24
83.18
83.17
83.06
82.91
82.86
82.86
82.95
82.86
82.95
82.88
82.97
82.99
83.05
82.98
82.81
82.79
82.73
82.73
82.59
82.48
82.48
82.48
82.37
82.45
82.53
82.54
82.56
82.56
82.58
82.51
82.50
82.50
82.51
82.48
82.43
82.45
82.39
82.35
82.35
82.37
82.34
82.33
82.40
82.43
82.39
82.38
82.43
82.48
82.45
82.43
82.40
82.42
82.44
82.44
82.42
82.39
82.29
82.39
82.34
82.26
82.15
82.17
82.12
82.18
82.16
82.17
82.20
82.26
82.25
82.28
82.27
82.25
82.33
82.34
82.32
82.27
82.24
82.28
82.26
82.27
82.24
82.24
82.28
82.29
82.26
82.26
82.20
82.19
82.23
82.20
82.20
82.15
82.13
82.14
82.16
82.23
82.21
82.22
82.18
82.19
82.23
82.17
82.14
82.18
82.16
82.21
82.25
82.23
82.25
82.22
82.22
82.21
82.26
82.23
82.25
82.23
82.26
82.25
82.22
82.18
82.17
82.17
82.21
82.24
82.24
82.26
82.22
82.19
82.20
82.21
82.18
82.13
82.10
82.08
82.10
82.10
82.08
82.07
82.06
82.03
82.04
81.99
81.98
81.90
81.92
81.91
81.90
81.88
81.84
81.86
81.88
81.86
81.86
81.88
81.91
81.92
81.92
81.96
81.97
81.97
81.98
81.97
81.99
81.99
82.01
82.04
82.07
82.05
82.05
82.07
82.06
82.05
82.09
82.10
82.07
82.07
82.08
82.09
82.10
82.13
82.10
82.13
82.11
82.12
82.11
82.12
82.13
82.15
82.15
82.12
82.09
82.13
82.13
82.13
82.12
82.13
82.15
82.16
82.18
82.17
82.15
82.18
82.16
82.15
82.17
82.18
82.15
82.16
82.16
82.16
82.16
82.16
82.16
82.17
82.17
82.20
82.19
82.21
82.20
82.21
82.20
82.25
82.24
82.23
82.22
82.23
82.23
82.24
82.23
82.25
82.26
82.27
82.26
82.27
82.28
82.28
82.26
82.25
82.27
82.24
82.21
82.23
82.22
82.23
82.24
82.24
82.23
82.22
82.21
82.21
82.21
82.21
82.19
82.16
82.14
82.17
82.18
82.19
82.19
82.19
82.19
82.20
82.21
82.19
82.22
82.23
82.25
82.24
82.23
82.23
82.22
82.20
82.22
82.23
82.22
82.22
82.22
82.24
82.21
82.21
82.22
82.20
82.18
82.16
82.17
82.17
82.17
82.16
82.17
82.19
82.17
82.17
82.18
82.17
82.19
82.19
82.16
82.16
82.14
82.13
82.14
82.13
82.13
82.15
82.14
82.13
82.13
82.13
82.12
82.11
82.11
82.12
82.09
82.06
82.06
82.05
82.06
82.05
82.07
82.06
82.05
82.06
82.06
82.04
82.04
82.02
82.03
82.03
82.04
82.07
82.07
82.07
82.08
82.07
82.08
82.07
82.07
82.07
82.05
82.05
82.04
82.04
82.04
82.03
82.01
82.03
82.04
82.04
82.05
82.06
82.05
82.07
82.07
82.07
82.07
82.09
82.07
82.08
82.06
82.05
82.06
82.06
82.06
82.06
82.05
82.05
82.03
82.03
82.03
82.04
82.05
82.07
82.06
82.05
82.05
82.07
82.07
82.07
82.06
82.06
82.05
82.06
82.07
82.06
82.07
82.05
82.06
82.05
82.05
82.05
82.05
82.05
82.04
82.03
82.01
81.98
81.98
81.97
81.96
81.94
81.92
81.92
81.91
81.91
81.91
81.92
81.91
81.91
81.93
81.92
81.91
81.91
81.91
81.92
81.92
81.93
81.93
81.95
81.95
81.96
81.95
81.96
81.96
81.96
81.97
81.96
81.95
81.97
81.96
81.97
81.95
81.96
81.95
81.96
81.96
81.97
81.96
81.94
81.93
81.93
81.93
81.94
81.94
81.94
81.93
81.92
81.93
81.93
81.95
81.95
81.95
81.95
81.97
81.95
81.94
81.94
81.94
81.93
81.95
81.95
81.95
81.96
81.94
81.94
81.92
81.93
81.92
81.92
81.92
81.93
81.93
81.93
81.91
81.90
81.88
81.87
81.88
81.88
81.89
81.89
81.89
81.89
81.89
81.91
81.92
81.93
81.94
81.95
81.94
81.95
81.94
81.94
81.95
81.95
81.95
81.96
81.95
81.96
81.95
81.95
81.96
81.96
81.96
81.97
81.97
81.97
81.97
81.96
81.97
81.96
81.96
81.98
81.98
81.98
81.97
81.96
81.94
81.94
81.93
81.94
81.94
81.94
81.93
81.94
81.93
81.94
81.94
81.93
81.91
81.90
81.91
81.91
81.92
81.91
81.90
81.90
81.91
81.91
81.90
81.89
81.91
81.92
81.91
81.90
81.89
81.89
81.89
81.90
81.90
81.91
81.92
81.90
81.91
81.90
81.90
81.91
81.91
81.91
81.91
81.91
81.91
81.91
81.93
81.93
81.92
81.92
81.91
81.91
81.92
81.92
81.90
81.90
81.91
81.91
81.91
81.91
81.92
81.92
81.92
81.91
81.91
81.91
81.90
81.91
81.91
81.91
81.92
81.92
81.91
81.92
81.90
81.89
81.89
81.89
81.88
81.88
81.88
81.88
81.89
81.87
81.88
81.87
81.88
81.88
81.87
81.87
81.87
81.86
81.86
81.86
81.87
81.87
81.87
81.86
81.86
81.87
81.88
81.88
81.88
81.89
81.88
81.89
81.89
81.89
81.89
81.89
81.88
81.87
81.87
81.86
81.86
81.85
81.85
81.87
81.88
81.89
81.89
81.88
81.88
81.88
81.89
81.89
81.89
81.89
81.90
81.90
81.91
81.91
81.91
81.91
81.92
81.92
81.91
81.92
81.92
81.91
81.91
81.91
81.92
81.93
81.92
81.92
81.92
81.91
81.92
81.92
81.90
81.90
81.92
81.90
81.90
81.90
81.90
81.90
81.90
81.91
81.91
81.92
81.91
81.91
81.92
81.92
81.92
81.93
81.93
81.93
81.93
81.94
81.94
81.93
81.93
81.93
81.93
81.93
81.94
81.95
81.94
81.94
81.93
81.93
81.94
81.94
81.94
81.95
81.95
81.96
81.96
81.97
81.97
81.96
81.95
81.96
81.95
81.96
81.96
81.97
81.96
81.96
81.95
81.95
81.97
81.97
81.89
