78.12
78.12
80.21
81.25
82.19
81.51
81.47
81.45
81.08
80.62
80.54
80.73
81.01
80.13
79.58
79.98
79.96
80.21
80.35
80.62
80.65
80.89
80.64
81.18
81.25
81.13
81.13
81.36
81.36
81.41
81.55
81.49
81.63
81.39
81.56
81.47
81.46
81.41
81.21
81.25
81.36
81.36
81.21
81.46
81.63
81.59
81.62
81.64
81.57
81.62
81.74
81.79
81.90
82.09
82.10
82.14
82.15
82.19
82.31
82.29
82.25
82.23
82.29
82.35
82.45
82.62
82.70
82.70
82.81
82.83
82.75
82.66
82.68
82.71
82.69
82.75
82.81
82.65
82.59
82.64
82.64
82.68
82.76
82.68
82.68
82.74
82.74
82.78
82.67
82.57
82.55
82.59
82.49
82.51
82.50
82.54
82.59
82.61
82.64
82.61
82.60
82.55
82.52
82.62
82.63
82.58
82.58
82.60
82.64
82.61
82.66
82.60
82.65
82.62
82.64
82.65
82.72
82.71
82.71
82.76
82.72
82.76
82.71
82.76
82.74
82.74
82.70
82.63
82.58
82.56
82.57
82.52
82.54
82.49
82.52
82.57
82.57
82.55
82.60
82.63
82.58
82.59
82.60
82.58
82.59
82.58
82.51
82.47
82.48
82.48
82.49
82.50
82.44
82.42
82.35
82.34
82.33
82.34
82.37
82.33
82.36
82.32
82.33
82.35
82.36
82.30
82.28
82.26
82.23
82.22
82.22
82.21
82.20
82.23
82.26
82.24
82.29
82.28
82.26
82.26
82.24
82.22
82.17
82.19
82.20
82.20
82.24
82.27
82.31
82.32
82.27
82.27
82.23
82.22
82.21
82.22
82.23
82.21
82.22
82.20
82.21
82.22
82.25
82.22
82.20
82.18
82.16
82.18
82.20
82.16
82.14
82.16
82.19
82.22
82.22
82.22
82.19
82.20
82.19
82.19
82.16
82.18
82.20
82.23
82.24
82.27
82.27
82.28
82.31
82.30
82.31
82.30
82.27
82.26
82.26
82.27
82.27
82.28
82.25
82.23
82.27
82.24
82.24
82.22
82.23
82.23
82.21
82.21
82.20
82.19
82.18
82.19
82.21
82.23
82.25
82.29
82.28
82.29
82.29
82.27
82.28
82.27
82.27
82.21
82.22
82.23
82.24
82.24
82.23
82.21
82.20
82.19
82.18
82.16
82.16
82.16
82.19
82.19
82.17
82.17
82.17
82.14
82.14
82.11
82.07
82.06
82.06
82.06
82.09
82.08
82.08
82.11
82.11
82.11
82.07
82.04
82.06
82.05
82.05
82.06
82.08
82.08
82.09
82.09
82.08
82.10
82.11
82.12
82.12
82.13
82.12
82.11
82.12
82.10
82.09
82.12
82.13
82.11
82.12
82.14
82.15
82.13
82.15
82.14
82.13
82.11
82.11
82.10
82.06
82.05
82.06
82.09
82.08
82.07
82.05
82.07
82.06
82.05
82.06
82.05
82.06
82.02
82.03
82.04
82.02
82.03
82.02
82.01
82.02
82.01
82.02
82.00
82.00
81.98
81.98
81.99
81.98
81.98
81.99
82.00
82.00
81.98
81.99
82.00
81.99
81.99
81.97
81.95
81.95
81.96
81.94
81.93
81.91
81.91
81.91
81.88
81.90
81.89
81.89
81.89
81.89
81.88
81.89
81.91
81.92
81.90
81.90
81.91
81.89
81.89
81.89
81.90
81.90
81.90
81.90
81.92
81.89
81.88
81.87
81.86
81.85
81.85
81.82
81.83
81.82
81.79
81.80
81.78
81.76
81.75
81.76
81.77
81.77
81.77
81.79
81.81
81.81
81.81
81.82
81.82
81.82
81.82
81.83
81.84
81.83
81.82
81.82
81.81
81.81
81.82
81.81
81.82
81.83
81.81
81.81
81.82
81.81
81.82
81.81
81.79
81.79
81.78
81.80
81.80
81.79
81.82
81.82
81.80
81.81
81.80
81.80
81.81
81.79
81.81
81.80
81.79
81.82
81.82
81.82
81.83
81.83
81.83
81.84
81.84
81.84
81.84
81.84
81.83
81.84
81.83
81.83
81.84
81.82
81.82
81.82
81.80
81.81
81.83
81.83
81.84
81.83
81.83
81.83
81.83
81.83
81.82
81.81
81.80
81.81
81.80
81.79
81.80
81.81
81.82
81.81
81.80
81.82
81.82
81.81
81.79
81.80
81.78
81.78
81.78
81.79
81.77
81.78
81.79
81.78
81.78
81.79
81.80
81.80
81.82
81.82
81.83
81.82
81.84
81.84
81.85
81.86
81.85
81.86
81.89
81.89
81.91
81.91
81.91
81.91
81.91
81.89
81.90
81.89
81.91
81.90
81.91
81.91
81.88
81.88
81.88
81.89
81.90
81.90
81.90
81.88
81.86
81.84
81.83
81.84
81.84
81.85
81.85
81.85
81.84
81.85
81.85
81.84
81.84
81.83
81.82
81.83
81.84
81.85
81.85
81.86
81.85
81.84
81.83
81.85
81.85
81.85
81.83
81.83
81.82
81.83
81.83
81.83
81.83
81.84
81.85
81.84
81.84
81.84
81.85
81.85
81.86
81.86
81.87
81.88
81.88
81.90
81.90
81.90
81.90
81.91
81.91
81.90
81.92
81.92
81.91
81.90
81.90
81.90
81.90
81.90
81.91
81.92
81.92
81.93
81.92
81.93
81.93
81.93
81.92
81.92
81.93
81.94
81.94
81.94
81.95
81.94
81.95
81.95
81.96
81.95
81.94
81.95
81.94
81.95
81.95
81.97
81.97
81.96
81.94
81.94
81.93
81.93
81.92
81.92
81.92
81.92
81.91
81.92
81.92
81.92
81.92
81.92
81.92
81.91
81.92
81.91
81.92
81.92
81.92
81.93
81.92
81.92
81.92
81.92
81.92
81.92
81.93
81.93
81.94
81.94
81.94
81.94
81.94
81.94
81.92
81.92
81.92
81.90
81.90
81.91
81.92
81.91
81.91
81.92
81.91
81.91
81.90
81.91
81.91
81.91
81.91
81.91
81.91
81.91
81.92
81.91
81.92
81.93
81.92
81.92
81.91
81.90
81.91
81.92
81.92
81.92
81.93
81.91
81.90
81.90
81.91
81.91
81.91
81.92
81.91
81.91
81.91
81.90
81.89
81.89
81.89
81.90
81.90
81.88
81.88
81.87
81.88
81.89
81.88
81.87
81.87
81.87
81.87
81.87
81.87
81.87
81.86
81.86
81.85
81.86
81.86
81.85
81.85
81.85
81.86
81.87
81.88
81.88
81.88
81.89
81.90
81.90
81.90
81.91
81.91
81.91
81.91
81.91
81.90
81.91
81.92
81.91
81.92
81.91
81.92
81.92
81.91
81.90
81.92
81.91
81.91
81.91
81.91
81.91
81.92
81.91
81.91
81.91
81.91
81.91
81.91
81.92
81.92
81.93
81.92
81.93
81.85
