78.12
79.69
79.69
80.86
80.94
82.29
82.37
82.23
82.29
81.56
81.96
82.29
82.45
82.48
81.98
82.23
82.44
82.29
81.83
82.27
82.07
82.17
82.34
82.49
82.50
82.57
82.64
82.37
82.17
82.14
82.01
81.84
81.91
81.94
81.88
81.64
81.63
81.78
82.09
82.07
82.01
82.07
81.90
81.82
81.88
81.93
81.82
81.64
81.44
81.53
81.46
81.49
81.57
81.63
81.79
81.78
81.83
81.90
81.81
81.69
81.61
81.58
81.57
81.54
81.49
81.53
81.65
81.66
81.66
81.65
81.71
81.58
81.57
81.59
81.56
81.52
81.49
81.53
81.49
81.46
81.48
81.54
81.51
81.55
81.45
81.56
81.48
81.53
81.57
81.58
81.61
81.59
81.64
81.62
81.64
81.62
81.65
81.60
81.55
81.56
81.50
81.42
81.46
81.39
81.41
81.40
81.40
81.45
81.49
81.49
81.46
81.45
81.40
81.44
81.41
81.48
81.45
81.54
81.53
81.51
81.52
81.57
81.55
81.58
81.55
81.55
81.48
81.49
81.41
81.42
81.41
81.47
81.50
81.48
81.52
81.55
81.54
81.51
81.50
81.54
81.50
81.53
81.52
81.54
81.56
81.52
81.49
81.55
81.51
81.52
81.53
81.55
81.59
81.58
81.59
81.58
81.59
81.59
81.62
81.57
81.58
81.55
81.56
81.58
81.56
81.58
81.55
81.54
81.57
81.61
81.66
81.67
81.68
81.70
81.67
81.72
81.72
81.73
81.74
81.73
81.73
81.72
81.69
81.68
81.68
81.65
81.67
81.62
81.61
81.60
81.59
81.64
81.57
81.62
81.66
81.70
81.69
81.68
81.71
81.70
81.70
81.71
81.73
81.72
81.74
81.74
81.76
81.79
81.81
81.82
81.78
81.80
81.84
81.86
81.86
81.84
81.87
81.86
81.85
81.85
81.84
81.81
81.82
81.84
81.83
81.84
81.86
81.86
81.86
81.86
81.87
81.90
81.89
81.90
81.89
81.87
81.87
81.90
81.90
81.88
81.89
81.86
81.85
81.80
81.79
81.80
81.82
81.84
81.84
81.88
81.87
81.88
81.92
81.91
81.88
81.90
81.88
81.84
81.84
81.84
81.86
81.84
81.81
81.82
81.82
81.82
81.81
81.82
81.83
81.86
81.87
81.85
81.84
81.83
81.82
81.81
81.83
81.82
81.78
81.79
81.79
81.82
81.85
81.87
81.87
81.86
81.87
81.87
81.87
81.87
81.91
81.92
81.91
81.91
81.89
81.85
81.84
81.84
81.80
81.80
81.82
81.81
81.83
81.85
81.83
81.84
81.85
81.84
81.85
81.83
81.81
81.81
81.80
81.81
81.82
81.82
81.80
81.80
81.79
81.81
81.82
81.83
81.81
81.80
81.82
81.82
81.82
81.80
81.81
81.83
81.82
81.80
81.81
81.81
81.82
81.81
81.81
81.79
81.78
81.80
81.80
81.79
81.81
81.81
81.80
81.80
81.80
81.81
81.80
81.82
81.85
81.85
81.87
81.89
81.89
81.89
81.89
81.90
81.91
81.92
81.92
81.92
81.91
81.91
81.92
81.92
81.93
81.94
81.94
81.94
81.91
81.90
81.88
81.86
81.88
81.89
81.89
81.89
81.89
81.90
81.91
81.90
81.90
81.91
81.92
81.94
81.94
81.95
81.95
81.96
81.98
81.97
81.95
81.92
81.90
81.91
81.92
81.93
81.95
81.93
81.93
81.91
81.91
81.91
81.93
81.92
81.89
81.88
81.89
81.89
81.87
81.86
81.86
81.87
81.87
81.88
81.87
81.88
81.88
81.89
81.91
81.89
81.88
81.87
81.87
81.86
81.87
81.87
81.89
81.90
81.90
81.89
81.90
81.90
81.91
81.90
81.89
81.90
81.90
81.91
81.89
81.90
81.91
81.93
81.92
81.93
81.91
81.92
81.93
81.93
81.94
81.95
81.96
81.95
81.95
81.92
81.93
81.92
81.91
81.91
81.91
81.91
81.89
81.87
81.86
81.86
81.87
81.87
81.86
81.85
81.85
81.85
81.81
81.83
81.84
81.83
81.83
81.82
81.83
81.83
81.82
81.81
81.81
81.82
81.83
81.83
81.85
81.86
81.85
81.85
81.85
81.87
81.87
81.87
81.87
81.86
81.88
81.88
81.88
81.88
81.89
81.90
81.90
81.90
81.90
81.90
81.91
81.91
81.90
81.91
81.92
81.92
81.92
81.93
81.93
81.93
81.92
81.92
81.94
81.94
81.93
81.94
81.94
81.94
81.95
81.96
81.97
81.98
81.96
81.97
81.96
81.96
81.96
81.95
81.96
81.95
81.94
81.95
81.95
81.94
81.94
81.94
81.94
81.93
81.93
81.93
81.93
81.92
81.92
81.93
81.92
81.91
81.93
81.92
81.91
81.91
81.91
81.91
81.90
81.91
81.91
81.90
81.89
81.89
81.91
81.91
81.91
81.90
81.90
81.91
81.92
81.92
81.92
81.91
81.92
81.92
81.92
81.92
81.91
81.90
81.90
81.90
81.91
81.91
81.91
81.91
81.92
81.92
81.94
81.94
81.94
81.95
81.94
81.95
81.95
81.96
81.96
81.95
81.95
81.96
81.95
81.95
81.94
81.94
81.94
81.92
81.93
81.92
81.92
81.93
81.93
81.93
81.92
81.93
81.92
81.91
81.90
81.90
81.91
81.89
81.88
81.89
81.89
81.89
81.89
81.89
81.89
81.89
81.90
81.90
81.89
81.89
81.89
81.89
81.89
81.89
81.88
81.89
81.89
81.87
81.86
81.87
81.85
81.86
81.87
81.87
81.88
81.88
81.88
81.89
81.89
81.89
81.89
81.88
81.88
81.90
81.90
81.90
81.89
81.90
81.90
81.90
81.90
81.90
81.90
81.89
81.89
81.89
81.90
81.91
81.89
81.89
81.89
81.90
81.91
81.92
81.92
81.92
81.92
81.92
81.93
81.93
81.93
81.92
81.92
81.92
81.92
81.91
81.91
81.92
81.92
81.91
81.92
81.92
81.93
81.93
81.94
81.94
81.93
81.93
81.93
81.92
81.93
81.92
81.91
81.91
81.91
81.90
81.91
81.90
81.90
81.92
81.93
81.93
81.93
81.94
81.94
81.93
81.93
81.93
81.94
81.95
81.96
81.97
81.97
81.97
81.96
81.96
81.97
81.97
81.97
81.98
81.96
81.96
81.96
81.97
81.97
81.96
81.95
81.95
81.95
81.94
81.94
81.94
81.95
81.95
81.96
81.95
81.96
81.95
81.95
81.94
81.95
81.94
81.94
81.95
81.95
81.95
81.96
81.95
81.94
81.94
81.94
81.95
81.95
81.95
81.95
81.95
81.95
81.95
81.96
81.97
81.97
81.98
81.97
81.97
81.98
81.98
81.98
81.99
81.99
81.91
