75.00
82.81
83.33
82.03
81.56
82.55
82.14
82.03
81.60
81.25
81.53
81.38
81.13
80.92
80.73
80.96
81.34
81.16
80.84
80.94
81.18
81.11
80.84
80.40
80.94
81.07
81.13
80.75
80.82
80.57
80.70
81.01
81.16
81.20
80.98
80.95
80.91
81.04
81.09
81.37
81.40
81.36
81.36
81.50
81.60
81.56
81.55
81.32
81.15
81.03
81.04
81.16
81.19
81.22
81.22
81.19
81.28
81.28
81.30
81.38
81.38
81.35
81.45
81.47
81.49
81.58
81.41
81.48
81.57
81.58
81.54
81.40
81.29
81.25
81.25
81.15
81.19
81.21
81.13
81.09
81.19
81.15
81.27
81.25
81.23
81.32
81.36
81.37
81.39
81.46
81.47
81.47
81.50
81.55
81.55
81.53
81.57
81.57
81.53
81.53
81.57
81.46
81.42
81.46
81.46
81.38
81.41
81.44
81.49
81.51
81.48
81.47
81.44
81.43
81.44
81.40
81.41
81.37
81.39
81.42
81.38
81.37
81.42
81.41
81.40
81.37
81.37
81.40
81.37
81.37
81.29
81.25
81.24
81.24
81.25
81.26
81.31
81.31
81.33
81.24
81.27
81.31
81.32
81.29
81.29
81.30
81.28
81.26
81.28
81.30
81.26
81.24
81.29
81.30
81.32
81.27
81.27
81.33
81.34
81.31
81.31
81.30
81.26
81.22
81.21
81.17
81.18
81.18
81.20
81.19
81.17
81.12
81.17
81.13
81.15
81.15
81.11
81.14
81.09
81.13
81.06
81.10
81.09
81.07
81.08
81.08
81.06
81.09
81.08
81.08
81.09
81.06
81.10
81.10
81.09
81.06
81.04
81.05
81.09
81.07
81.07
81.06
81.06
81.08
81.11
81.14
81.11
81.13
81.17
81.19
81.19
81.21
81.19
81.17
81.16
81.17
81.17
81.16
81.15
81.14
81.12
81.10
81.12
81.13
81.13
81.13
81.12
81.15
81.14
81.18
81.18
81.19
81.21
81.24
81.26
81.27
81.25
81.24
81.23
81.24
81.22
81.21
81.19
81.15
81.17
81.15
81.15
81.12
81.12
81.12
81.14
81.14
81.16
81.19
81.21
81.22
81.19
81.22
81.18
81.12
81.15
81.16
81.15
81.16
81.18
81.19
81.23
81.24
81.23
81.23
81.24
81.23
81.24
81.26
81.27
81.30
81.26
81.26
81.24
81.25
81.21
81.19
81.19
81.17
81.18
81.20
81.20
81.17
81.16
81.16
81.16
81.18
81.20
81.22
81.22
81.23
81.24
81.27
81.25
81.24
81.23
81.25
81.24
81.27
81.28
81.29
81.28
81.27
81.29
81.29
81.29
81.28
81.27
81.25
81.27
81.26
81.27
81.29
81.29
81.29
81.29
81.30
81.32
81.32
81.33
81.33
81.36
81.35
81.36
81.37
81.38
81.36
81.36
81.39
81.38
81.39
81.38
81.37
81.37
81.37
81.37
81.39
81.40
81.40
81.38
81.40
81.40
81.39
81.41
81.41
81.42
81.41
81.41
81.40
81.41
81.40
81.41
81.40
81.40
81.40
81.39
81.41
81.43
81.44
81.47
81.45
81.45
81.45
81.47
81.46
81.46
81.46
81.48
81.49
81.49
81.50
81.50
81.49
81.51
81.50
81.50
81.49
81.48
81.47
81.47
81.47
81.46
81.46
81.45
81.45
81.46
81.46
81.46
81.44
81.46
81.45
81.47
81.46
81.48
81.46
81.45
81.44
81.45
81.45
81.46
81.48
81.48
81.50
81.52
81.52
81.54
81.53
81.52
81.54
81.53
81.54
81.52
81.52
81.51
81.51
81.50
81.51
81.51
81.51
81.51
81.52
81.52
81.54
81.53
81.54
81.53
81.55
81.56
81.56
81.53
81.53
81.54
81.54
81.54
81.54
81.52
81.50
81.50
81.49
81.49
81.48
81.48
81.47
81.47
81.48
81.50
81.49
81.49
81.50
81.50
81.48
81.46
81.46
81.47
81.47
81.49
81.49
81.49
81.49
81.50
81.48
81.47
81.45
81.46
81.47
81.48
81.48
81.47
81.48
81.48
81.49
81.48
81.48
81.48
81.46
81.47
81.45
81.46
81.48
81.50
81.50
81.51
81.52
81.50
81.51
81.51
81.51
81.50
81.51
81.52
81.51
81.52
81.52
81.53
81.54
81.53
81.54
81.54
81.54
81.56
81.57
81.58
81.59
81.59
81.58
81.59
81.61
81.61
81.61
81.60
81.59
81.60
81.61
81.62
81.61
81.61
81.60
81.61
81.63
81.63
81.64
81.64
81.64
81.64
81.63
81.64
81.63
81.64
81.65
81.66
81.64
81.65
81.66
81.67
81.67
81.65
81.64
81.64
81.65
81.65
81.65
81.63
81.64
81.64
81.64
81.65
81.66
81.66
81.65
81.65
81.65
81.65
81.64
81.64
81.64
81.64
81.64
81.64
81.64
81.65
81.65
81.66
81.66
81.65
81.64
81.65
81.65
81.66
81.66
81.65
81.65
81.66
81.65
81.65
81.65
81.66
81.66
81.65
81.66
81.66
81.66
81.65
81.65
81.64
81.65
81.65
81.65
81.66
81.66
81.66
81.68
81.67
81.67
81.68
81.68
81.67
81.66
81.66
81.67
81.67
81.67
81.65
81.66
81.68
81.68
81.67
81.68
81.69
81.70
81.69
81.69
81.69
81.69
81.69
81.69
81.70
81.70
81.69
81.70
81.70
81.71
81.70
81.71
81.70
81.70
81.69
81.69
81.69
81.69
81.69
81.71
81.70
81.70
81.70
81.70
81.70
81.69
81.69
81.70
81.70
81.68
81.68
81.67
81.68
81.68
81.69
81.68
81.69
81.68
81.68
81.68
81.69
81.68
81.68
81.69
81.69
81.69
81.68
81.68
81.68
81.69
81.70
81.70
81.69
81.68
81.66
81.66
81.67
81.66
81.66
81.65
81.65
81.65
81.65
81.65
81.65
81.64
81.65
81.66
81.66
81.65
81.65
81.65
81.65
81.66
81.66
81.67
81.67
81.68
81.67
81.67
81.68
81.68
81.68
81.67
81.68
81.66
81.65
81.66
81.66
81.68
81.67
81.67
81.66
81.66
81.66
81.66
81.66
81.67
81.67
81.67
81.67
81.68
81.68
81.69
81.68
81.68
81.68
81.67
81.67
81.66
81.66
81.65
81.66
81.65
81.65
81.65
81.65
81.66
81.66
81.66
81.65
81.65
81.66
81.66
81.66
81.65
81.65
81.65
81.64
81.65
81.65
81.65
81.65
81.65
81.65
81.66
81.67
81.66
81.67
81.66
81.65
81.65
81.66
81.65
81.66
81.65
81.64
81.64
81.64
81.64
81.65
81.65
81.66
81.66
81.65
81.64
81.64
81.64
81.65
81.64
81.65
81.64
81.64
81.65
81.65
81.57
