76.56
77.34
79.17
78.91
78.75
79.69
81.03
80.08
81.42
82.34
82.67
82.29
82.69
82.48
82.08
81.84
81.71
81.94
81.99
81.80
81.55
81.68
81.59
81.71
81.81
81.19
81.08
81.25
81.30
81.67
81.50
81.59
81.49
81.34
81.43
81.47
81.46
81.46
81.49
81.45
81.33
81.58
81.72
81.61
81.60
81.56
81.68
81.54
81.60
81.66
81.53
81.61
81.54
81.63
81.51
81.61
81.61
81.68
81.67
81.56
81.61
81.53
81.52
81.52
81.63
81.70
81.65
81.66
81.75
81.79
81.84
81.66
81.57
81.50
81.52
81.58
81.64
81.69
81.59
81.60
81.62
81.67
81.65
81.55
81.58
81.54
81.57
81.55
81.55
81.61
81.75
81.74
81.77
81.75
81.73
81.69
81.70
81.63
81.68
81.70
81.71
81.69
81.71
81.79
81.76
81.72
81.73
81.74
81.77
81.78
81.78
81.79
81.84
81.78
81.75
81.72
81.81
81.83
81.76
81.68
81.66
81.69
81.72
81.74
81.79
81.80
81.82
81.81
81.81
81.79
81.80
81.77
81.73
81.77
81.75
81.76
81.69
81.73
81.76
81.79
81.77
81.77
81.77
81.79
81.77
81.76
81.78
81.78
81.82
81.82
81.91
81.92
81.88
81.83
81.82
81.78
81.80
81.73
81.71
81.72
81.73
81.71
81.68
81.66
81.62
81.67
81.69
81.74
81.68
81.71
81.73
81.74
81.76
81.78
81.78
81.73
81.68
81.69
81.74
81.75
81.76
81.82
81.83
81.76
81.71
81.72
81.77
81.76
81.71
81.73
81.72
81.71
81.67
81.71
81.70
81.74
81.72
81.72
81.73
81.69
81.69
81.66
81.67
81.66
81.68
81.67
81.72
81.72
81.68
81.67
81.68
81.66
81.63
81.63
81.66
81.69
81.67
81.70
81.72
81.70
81.70
81.71
81.73
81.72
81.71
81.69
81.67
81.66
81.65
81.65
81.64
81.66
81.67
81.66
81.67
81.66
81.66
81.66
81.62
81.65
81.65
81.68
81.69
81.69
81.71
81.69
81.68
81.70
81.73
81.73
81.72
81.74
81.74
81.76
81.78
81.76
81.77
81.77
81.76
81.78
81.77
81.79
81.80
81.83
81.85
81.86
81.86
81.83
81.82
81.79
81.79
81.80
81.81
81.84
81.86
81.86
81.88
81.86
81.88
81.86
81.87
81.86
81.87
81.87
81.86
81.87
81.87
81.86
81.87
81.86
81.85
81.85
81.87
81.87
81.89
81.87
81.86
81.88
81.89
81.91
81.91
81.93
81.94
81.94
81.93
81.96
81.95
81.93
81.96
81.97
81.98
82.00
81.99
81.99
81.98
82.01
81.99
81.97
81.97
81.95
81.97
81.95
81.91
81.92
81.89
81.88
81.90
81.92
81.93
81.92
81.89
81.88
81.87
81.89
81.86
81.84
81.84
81.83
81.83
81.82
81.83
81.83
81.85
81.83
81.83
81.83
81.87
81.86
81.86
81.88
81.88
81.86
81.89
81.85
81.86
81.87
81.88
81.88
81.89
81.90
81.91
81.89
81.90
81.89
81.89
81.87
81.89
81.88
81.89
81.90
81.90
81.88
81.86
81.84
81.86
81.85
81.83
81.80
81.80
81.80
81.80
81.81
81.83
81.82
81.86
81.87
81.88
81.87
81.87
81.90
81.90
81.90
81.91
81.91
81.91
81.91
81.92
81.93
81.93
81.94
81.94
81.94
81.96
81.95
81.94
81.95
81.97
81.97
81.99
82.00
81.98
81.97
81.97
81.98
81.96
81.95
81.94
81.93
81.92
81.93
81.94
81.92
81.93
81.94
81.96
81.97
81.96
81.98
81.97
81.98
81.97
81.97
81.96
81.94
81.95
81.97
81.98
81.97
81.99
82.00
82.00
81.99
81.99
82.00
82.00
81.99
81.99
82.00
82.01
82.03
82.04
82.04
82.05
82.04
82.04
82.04
82.04
82.04
82.06
82.05
82.05
82.04
82.06
82.05
82.05
82.05
82.05
82.04
82.05
82.06
82.06
82.08
82.08
82.07
82.07
82.08
82.08
82.08
82.07
82.06
82.06
82.06
82.06
82.04
82.04
82.04
82.04
82.04
82.04
82.04
82.04
82.02
82.03
82.01
82.00
81.99
81.98
81.97
81.98
81.97
81.98
81.97
81.96
81.96
81.96
81.96
81.96
81.94
81.95
81.96
81.95
81.95
81.96
81.95
81.96
81.96
81.97
81.97
81.98
81.97
81.97
81.97
81.96
81.95
81.95
81.97
81.97
81.98
81.98
81.98
81.98
81.98
81.97
81.97
81.98
81.98
81.99
81.98
81.99
82.00
82.00
82.01
82.01
82.01
82.00
82.01
82.02
82.03
82.03
82.04
82.04
82.04
82.05
82.04
82.04
82.03
82.04
82.04
82.03
82.05
82.03
82.04
82.04
82.05
82.04
82.03
82.03
82.04
82.04
82.04
82.05
82.06
82.06
82.06
82.06
82.06
82.07
82.06
82.06
82.07
82.07
82.07
82.09
82.09
82.09
82.08
82.09
82.09
82.08
82.06
82.05
82.05
82.04
82.04
82.05
82.04
82.04
82.04
82.04
82.03
82.05
82.04
82.04
82.03
82.04
82.01
82.01
82.00
81.99
82.00
82.01
82.02
82.01
82.01
82.01
82.01
82.02
82.02
82.03
82.04
82.06
82.07
82.07
82.06
82.07
82.07
82.08
82.08
82.07
82.08
82.07
82.06
82.06
82.05
82.05
82.05
82.05
82.06
82.06
82.06
82.08
82.08
82.07
82.08
82.09
82.08
82.06
82.05
82.06
82.04
82.04
82.05
82.05
82.04
82.03
82.04
82.03
82.03
82.02
82.02
82.03
82.03
82.03
82.03
82.03
82.04
82.02
82.03
82.04
82.04
82.04
82.05
82.05
82.05
82.05
82.05
82.06
82.04
82.03
82.04
82.05
82.05
82.06
82.05
82.06
82.07
82.07
82.08
82.07
82.07
82.07
82.07
82.07
82.07
82.07
82.07
82.08
82.08
82.07
82.08
82.08
82.08
82.09
82.08
82.08
82.08
82.07
82.07
82.08
82.08
82.08
82.08
82.09
82.08
82.08
82.08
82.08
82.07
82.07
82.07
82.07
82.07
82.08
82.07
82.06
82.06
82.05
82.04
82.03
82.03
82.03
82.03
82.03
82.03
82.03
82.03
82.03
82.03
82.02
82.03
82.04
82.03
82.02
82.04
82.03
82.04
82.04
82.04
82.04
82.03
82.02
82.02
82.01
82.01
82.01
82.01
82.02
82.02
82.02
82.02
82.03
82.02
82.02
82.03
82.04
82.03
82.03
82.03
82.03
82.02
82.02
82.02
82.02
82.02
82.01
82.00
82.00
82.00
81.98
81.98
81.98
81.90
