78.12
80.47
78.12
80.86
80.31
80.73
80.13
80.27
80.38
80.16
80.40
80.60
81.13
80.69
81.04
81.35
81.71
81.42
81.33
81.02
80.73
80.89
80.98
81.25
81.50
81.49
81.42
81.53
81.41
81.56
81.60
81.49
81.63
81.30
81.21
81.29
81.42
81.46
81.37
81.60
81.52
81.40
81.47
81.36
81.42
81.35
81.42
81.45
81.51
81.59
81.53
81.58
81.52
81.51
81.62
81.58
81.63
81.73
81.70
81.61
81.66
81.63
81.60
81.52
81.47
81.39
81.46
81.55
81.61
81.65
81.56
81.60
81.51
81.42
81.42
81.46
81.53
81.53
81.53
81.52
81.54
81.52
81.55
81.60
81.67
81.63
81.68
81.71
81.62
81.58
81.56
81.54
81.54
81.58
81.56
81.54
81.51
81.54
81.55
81.53
81.56
81.50
81.51
81.51
81.59
81.57
81.59
81.57
81.64
81.63
81.66
81.72
81.80
81.84
81.89
81.94
81.96
81.94
81.96
81.98
81.90
81.89
81.86
81.84
81.89
81.91
81.90
82.01
82.03
82.03
81.97
81.91
81.92
81.96
82.03
82.00
81.96
82.00
82.00
81.99
81.96
81.92
81.94
81.91
81.89
81.89
81.88
81.87
81.88
81.85
81.87
81.91
81.99
81.99
82.03
82.04
82.04
82.05
82.08
82.12
82.09
82.08
82.09
82.09
82.05
82.05
82.08
82.06
82.05
82.06
82.05
82.04
82.04
82.02
82.06
82.09
82.08
82.13
82.12
82.13
82.13
82.13
82.09
82.08
82.08
82.12
82.16
82.14
82.18
82.13
82.11
82.13
82.10
82.10
82.11
82.10
82.16
82.17
82.14
82.16
82.16
82.22
82.20
82.22
82.21
82.24
82.23
82.19
82.23
82.27
82.31
82.32
82.37
82.36
82.32
82.31
82.29
82.30
82.25
82.27
82.26
82.26
82.24
82.25
82.27
82.31
82.31
82.28
82.25
82.25
82.24
82.28
82.29
82.28
82.27
82.24
82.24
82.26
82.28
82.27
82.24
82.22
82.23
82.24
82.27
82.27
82.24
82.24
82.26
82.26
82.25
82.25
82.24
82.27
82.27
82.29
82.28
82.26
82.23
82.24
82.24
82.25
82.27
82.26
82.27
82.27
82.26
82.25
82.25
82.26
82.28
82.28
82.28
82.28
82.31
82.29
82.31
82.32
82.30
82.34
82.35
82.35
82.33
82.32
82.32
82.34
82.32
82.34
82.36
82.33
82.31
82.29
82.27
82.28
82.27
82.27
82.30
82.27
82.27
82.26
82.28
82.29
82.27
82.29
82.31
82.32
82.33
82.35
82.34
82.33
82.32
82.31
82.33
82.33
82.34
82.34
82.36
82.37
82.39
82.40
82.42
82.40
82.41
82.42
82.41
82.41
82.42
82.40
82.39
82.37
82.36
82.34
82.33
82.34
82.34
82.31
82.31
82.30
82.30
82.29
82.29
82.29
82.26
82.27
82.28
82.30
82.30
82.30
82.28
82.29
82.29
82.26
82.24
82.25
82.24
82.24
82.23
82.24
82.25
82.23
82.21
82.20
82.21
82.21
82.19
82.19
82.17
82.18
82.17
82.15
82.15
82.14
82.15
82.14
82.14
82.14
82.11
82.10
82.09
82.10
82.10
82.11
82.11
82.10
82.11
82.12
82.12
82.12
82.12
82.12
82.13
82.12
82.12
82.12
82.13
82.15
82.16
82.15
82.15
82.15
82.16
82.14
82.14
82.12
82.12
82.11
82.11
82.12
82.10
82.10
82.11
82.08
82.08
82.09
82.10
82.09
82.10
82.08
82.07
82.05
82.07
82.07
82.08
82.10
82.10
82.10
82.11
82.11
82.12
82.13
82.13
82.11
82.08
82.06
82.06
82.05
82.03
82.05
82.05
82.07
82.07
82.06
82.05
82.06
82.05
82.05
82.06
82.08
82.08
82.07
82.09
82.08
82.08
82.08
82.09
82.07
82.05
82.03
82.03
82.02
82.02
82.01
82.00
81.98
81.95
81.93
81.93
81.95
81.95
81.96
81.95
81.95
81.95
81.96
81.97
81.99
81.99
81.98
81.98
82.00
81.98
81.99
81.97
81.99
81.99
82.01
82.01
82.03
82.02
82.04
82.06
82.06
82.05
82.05
82.05
82.04
82.03
82.03
82.02
82.02
82.04
82.04
82.03
82.03
82.03
82.05
82.06
82.07
82.06
82.06
82.06
82.06
82.04
82.04
82.04
82.03
82.04
82.04
82.05
82.06
82.05
82.06
82.07
82.06
82.04
82.05
82.04
82.03
82.03
82.01
82.01
82.01
82.02
82.00
82.02
82.04
82.02
82.01
82.01
82.01
82.01
82.01
82.02
82.02
82.00
81.99
81.98
81.99
82.00
82.00
82.01
82.01
82.01
82.00
81.99
81.99
81.99
81.99
82.00
81.99
82.00
81.99
82.00
82.01
82.00
82.00
82.02
82.01
82.02
82.02
82.03
82.03
82.02
82.02
82.02
82.01
82.00
82.02
82.03
82.02
82.02
82.01
82.01
82.01
82.02
82.01
82.02
82.01
82.02
82.02
82.03
82.03
82.02
82.02
82.00
81.99
81.98
81.98
81.97
81.98
81.99
82.00
82.02
82.01
82.01
82.02
82.01
82.01
82.01
82.01
81.99
81.99
81.99
81.99
81.98
81.99
81.99
81.99
81.99
81.99
82.00
82.00
82.00
81.99
81.99
81.97
81.98
81.99
81.99
81.99
81.99
81.98
81.98
81.96
81.97
81.97
81.97
81.96
81.96
81.97
81.97
81.99
82.00
82.00
81.98
81.97
81.97
81.97
81.97
81.96
81.97
81.98
81.98
81.98
81.98
81.98
81.97
81.97
81.97
81.97
81.97
81.98
81.97
81.97
81.96
81.97
81.97
81.96
81.96
81.97
81.96
81.96
81.96
81.95
81.97
81.96
81.96
81.96
81.95
81.96
81.95
81.95
81.95
81.95
81.95
81.94
81.94
81.94
81.94
81.93
81.94
81.94
81.94
81.94
81.94
81.93
81.94
81.94
81.94
81.93
81.93
81.93
81.93
81.93
81.92
81.93
81.92
81.91
81.90
81.91
81.91
81.91
81.91
81.91
81.90
81.90
81.90
81.90
81.90
81.89
81.89
81.89
81.87
81.87
81.87
81.87
81.87
81.87
81.87
81.86
81.86
81.86
81.86
81.84
81.83
81.83
81.84
81.84
81.84
81.84
81.85
81.85
81.86
81.86
81.87
81.87
81.87
81.87
81.88
81.88
81.88
81.87
81.88
81.89
81.89
81.88
81.89
81.89
81.90
81.89
81.89
81.89
81.89
81.90
81.91
81.91
81.91
81.91
81.91
81.91
81.90
81.90
81.89
81.90
81.89
81.88
81.89
81.89
81.88
81.87
81.87
81.79
