78.12
75.78
78.65
80.08
79.69
79.95
79.02
79.30
79.86
79.53
80.54
80.08
80.17
80.47
80.52
80.47
80.24
80.64
80.67
80.78
81.03
80.89
81.05
81.05
81.19
81.31
80.96
80.86
80.55
80.73
80.80
80.71
80.63
80.51
80.67
80.73
80.87
80.96
80.97
80.98
81.02
81.06
81.10
81.25
81.25
81.01
80.92
80.89
80.87
80.72
80.94
81.10
81.19
81.11
80.97
80.80
80.89
80.82
80.88
80.99
81.10
81.17
81.15
81.15
81.30
81.30
81.18
81.11
81.11
81.12
81.16
81.23
81.25
81.38
81.33
81.33
81.41
81.49
81.57
81.48
81.52
81.54
81.53
81.51
81.54
81.60
81.57
81.59
81.50
81.58
81.58
81.54
81.62
81.55
81.56
81.48
81.46
81.43
81.41
81.39
81.33
81.30
81.33
81.36
81.26
81.19
81.13
81.19
81.19
81.22
81.22
81.25
81.15
81.17
81.21
81.21
81.20
81.24
81.16
81.16
81.21
81.21
81.24
81.20
81.14
81.14
81.10
81.10
81.13
81.12
81.14
81.19
81.20
81.20
81.26
81.27
81.31
81.34
81.31
81.28
81.31
81.33
81.33
81.30
81.33
81.30
81.29
81.31
81.33
81.30
81.26
81.27
81.30
81.33
81.36
81.32
81.35
81.34
81.36
81.31
81.32
81.35
81.37
81.41
81.42
81.42
81.42
81.43
81.40
81.42
81.41
81.39
81.38
81.38
81.41
81.43
81.45
81.48
81.47
81.48
81.53
81.50
81.52
81.51
81.54
81.57
81.60
81.62
81.61
81.60
81.62
81.62
81.65
81.61
81.59
81.60
81.64
81.64
81.68
81.73
81.74
81.70
81.70
81.69
81.74
81.77
81.76
81.75
81.75
81.76
81.77
81.79
81.81
81.81
81.79
81.76
81.77
81.74
81.78
81.78
81.80
81.78
81.80
81.81
81.76
81.79
81.75
81.70
81.71
81.71
81.72
81.74
81.77
81.74
81.74
81.75
81.79
81.81
81.78
81.77
81.75
81.73
81.77
81.79
81.77
81.78
81.79
81.79
81.80
81.78
81.77
81.79
81.82
81.79
81.81
81.83
81.83
81.83
81.85
81.82
81.79
81.82
81.81
81.81
81.80
81.80
81.81
81.81
81.80
81.80
81.84
81.82
81.82
81.83
81.85
81.86
81.85
81.83
81.82
81.82
81.77
81.77
81.78
81.74
81.74
81.76
81.74
81.77
81.76
81.76
81.74
81.73
81.72
81.71
81.71
81.73
81.72
81.73
81.74
81.74
81.71
81.74
81.76
81.76
81.77
81.78
81.78
81.77
81.81
81.80
81.78
81.82
81.81
81.81
81.82
81.84
81.83
81.83
81.83
81.85
81.84
81.86
81.86
81.86
81.84
81.84
81.83
81.83
81.85
81.86
81.85
81.87
81.88
81.89
81.90
81.87
81.88
81.86
81.84
81.81
81.82
81.80
81.81
81.83
81.84
81.82
81.83
81.84
81.83
81.83
81.83
81.82
81.82
81.82
81.81
81.81
81.81
81.82
81.82
81.81
81.81
81.80
81.79
81.82
81.82
81.82
81.82
81.83
81.82
81.83
81.81
81.83
81.83
81.83
81.83
81.84
81.82
81.81
81.79
81.78
81.80
81.79
81.78
81.77
81.77
81.77
81.77
81.76
81.77
81.77
81.79
81.78
81.78
81.81
81.82
81.82
81.81
81.82
81.82
81.82
81.83
81.83
81.85
81.87
81.88
81.89
81.91
81.90
81.90
81.92
81.92
81.93
81.92
81.92
81.92
81.92
81.92
81.93
81.92
81.92
81.92
81.91
81.89
81.87
81.87
81.86
81.87
81.88
81.87
81.89
81.90
81.90
81.90
81.89
81.89
81.91
81.90
81.89
81.89
81.86
81.87
81.87
81.88
81.87
81.85
81.85
81.84
81.85
81.85
81.83
81.83
81.82
81.80
81.81
81.80
81.80
81.80
81.79
81.78
81.78
81.78
81.77
81.78
81.76
81.78
81.78
81.78
81.79
81.78
81.79
81.79
81.79
81.79
81.79
81.78
81.75
81.77
81.77
81.78
81.76
81.76
81.75
81.75
81.75
81.75
81.75
81.75
81.74
81.75
81.78
81.78
81.78
81.77
81.77
81.76
81.77
81.78
81.79
81.79
81.79
81.79
81.77
81.77
81.77
81.77
81.77
81.78
81.78
81.77
81.77
81.77
81.75
81.76
81.77
81.77
81.77
81.77
81.76
81.76
81.77
81.77
81.78
81.77
81.78
81.77
81.76
81.75
81.75
81.76
81.75
81.76
81.77
81.78
81.76
81.78
81.76
81.76
81.76
81.78
81.78
81.78
81.78
81.78
81.77
81.76
81.75
81.74
81.74
81.75
81.76
81.77
81.78
81.79
81.79
81.80
81.80
81.81
81.82
81.83
81.83
81.83
81.83
81.83
81.82
81.83
81.83
81.83
81.83
81.83
81.83
81.84
81.83
81.83
81.84
81.83
81.82
81.82
81.83
81.83
81.84
81.85
81.84
81.84
81.84
81.82
81.83
81.82
81.83
81.82
81.81
81.82
81.82
81.83
81.83
81.80
81.81
81.80
81.81
81.80
81.80
81.81
81.82
81.81
81.82
81.84
81.83
81.82
81.82
81.82
81.83
81.84
81.84
81.85
81.85
81.83
81.83
81.82
81.81
81.80
81.79
81.78
81.79
81.77
81.77
81.77
81.77
81.78
81.76
81.77
81.77
81.77
81.77
81.78
81.79
81.80
81.80
81.80
81.82
81.82
81.83
81.83
81.83
81.83
81.83
81.81
81.82
81.83
81.83
81.83
81.83
81.84
81.84
81.84
81.84
81.83
81.83
81.85
81.85
81.86
81.86
81.85
81.85
81.85
81.85
81.86
81.85
81.84
81.82
81.82
81.83
81.82
81.82
81.84
81.84
81.85
81.85
81.85
81.85
81.85
81.85
81.85
81.85
81.86
81.86
81.87
81.86
81.86
81.86
81.85
81.86
81.86
81.86
81.86
81.87
81.87
81.88
81.86
81.87
81.88
81.88
81.87
81.87
81.86
81.86
81.86
81.86
81.85
81.85
81.86
81.86
81.85
81.85
81.85
81.85
81.84
81.84
81.84
81.85
81.84
81.84
81.84
81.86
81.85
81.86
81.84
81.85
81.85
81.86
81.85
81.85
81.85
81.86
81.86
81.85
81.86
81.86
81.86
81.86
81.85
81.85
81.85
81.86
81.85
81.86
81.86
81.86
81.86
81.87
81.87
81.88
81.87
81.86
81.85
81.84
81.84
81.84
81.85
81.85
81.85
81.85
81.85
81.85
81.85
81.85
81.85
81.85
81.86
81.86
81.87
81.86
81.86
81.87
81.86
81.85
81.86
81.86
81.86
81.86
81.86
81.86
81.87
81.79
