90.62
85.94
83.85
83.98
84.06
83.59
83.48
83.98
84.20
84.69
84.23
84.90
85.34
85.27
85.00
84.96
84.83
84.55
84.29
84.22
84.45
84.02
83.83
83.66
83.56
83.35
83.28
82.92
82.87
82.92
82.71
82.47
82.53
82.12
82.10
82.07
82.05
82.03
82.13
82.19
82.16
82.22
82.12
82.07
81.98
82.24
82.31
82.29
82.17
82.16
82.11
82.03
82.08
81.94
82.16
82.17
82.04
81.95
81.86
81.93
81.84
81.88
81.85
81.86
81.92
81.87
81.86
81.94
81.97
81.88
81.87
81.90
81.93
81.86
81.83
81.78
81.74
81.71
81.80
81.82
81.89
81.90
81.93
81.98
82.00
82.01
82.02
81.96
81.85
81.89
81.85
81.81
81.85
81.93
81.94
81.92
81.89
81.87
81.85
81.83
81.81
81.85
81.81
81.79
81.86
81.87
81.82
81.76
81.72
81.80
81.78
81.77
81.78
81.72
81.67
81.67
81.76
81.79
81.85
81.82
81.81
81.88
81.87
81.88
81.96
81.97
81.98
82.02
82.05
82.02
82.06
82.05
82.14
82.14
82.08
82.10
82.12
82.14
82.15
82.12
82.07
82.05
82.05
82.10
82.16
82.15
82.10
82.11
82.10
82.07
81.96
82.01
82.02
81.99
81.97
81.96
81.97
81.98
82.03
81.98
82.03
82.03
82.04
82.04
81.99
81.99
81.99
82.00
81.99
82.01
81.98
81.97
81.97
81.97
81.95
81.94
81.99
81.98
81.97
81.96
81.98
82.01
82.02
82.01
81.98
81.98
81.92
81.89
81.93
81.94
81.93
81.92
81.95
81.97
81.98
81.97
81.97
81.98
81.97
81.97
81.99
82.01
82.00
82.01
82.03
82.05
82.05
82.08
82.10
82.10
82.06
82.06
82.07
82.06
82.05
82.04
82.03
82.02
82.04
82.04
82.05
82.05
82.06
82.05
82.07
82.06
82.03
82.07
82.08
82.07
82.05
82.06
82.05
82.04
82.05
82.03
82.03
82.04
82.04
82.09
82.09
82.10
82.05
82.03
82.03
82.01
81.99
82.02
82.00
81.97
81.96
81.95
81.97
81.95
81.91
81.89
81.90
81.92
81.87
81.89
81.84
81.79
81.79
81.76
81.77
81.76
81.74
81.74
81.77
81.75
81.76
81.76
81.78
81.77
81.80
81.80
81.81
81.78
81.79
81.77
81.80
81.79
81.81
81.81
81.81
81.81
81.83
81.80
81.80
81.78
81.80
81.80
81.78
81.78
81.77
81.77
81.78
81.77
81.78
81.78
81.74
81.74
81.76
81.75
81.77
81.75
81.76
81.75
81.76
81.74
81.73
81.73
81.73
81.73
81.73
81.70
81.70
81.69
81.68
81.71
81.72
81.74
81.76
81.78
81.80
81.81
81.82
81.84
81.84
81.81
81.81
81.84
81.84
81.84
81.84
81.83
81.83
81.87
81.88
81.87
81.85
81.84
81.84
81.85
81.87
81.85
81.88
81.90
81.89
81.90
81.89
81.88
81.90
81.89
81.88
81.89
81.88
81.89
81.89
81.87
81.90
81.89
81.90
81.91
81.93
81.95
81.94
81.94
81.95
81.96
81.95
81.96
81.97
81.95
81.95
81.94
81.93
81.94
81.93
81.93
81.88
81.87
81.84
81.83
81.83
81.85
81.83
81.84
81.81
81.81
81.82
81.82
81.82
81.84
81.84
81.85
81.85
81.85
81.87
81.87
81.88
81.87
81.88
81.88
81.88
81.89
81.91
81.92
81.91
81.91
81.92
81.91
81.92
81.93
81.92
81.93
81.91
81.89
81.88
81.88
81.87
81.87
81.87
81.88
81.89
81.89
81.89
81.90
81.89
81.89
81.87
81.85
81.85
81.83
81.84
81.83
81.82
81.82
81.82
81.82
81.82
81.84
81.84
81.83
81.82
81.83
81.84
81.84
81.85
81.83
81.83
81.84
81.84
81.84
81.83
81.82
81.80
81.81
81.83
81.84
81.84
81.85
81.84
81.84
81.84
81.86
81.86
81.85
81.86
81.88
81.87
81.88
81.90
81.91
81.90
81.91
81.91
81.91
81.92
81.91
81.92
81.93
81.93
81.93
81.94
81.93
81.92
81.93
81.92
81.91
81.91
81.92
81.92
81.91
81.91
81.91
81.92
81.92
81.93
81.94
81.91
81.92
81.94
81.93
81.93
81.92
81.93
81.93
81.94
81.94
81.93
81.93
81.92
81.92
81.90
81.91
81.90
81.90
81.89
81.90
81.89
81.88
81.88
81.88
81.88
81.88
81.88
81.87
81.86
81.86
81.85
81.85
81.85
81.85
81.87
81.87
81.86
81.85
81.85
81.86
81.87
81.87
81.86
81.87
81.87
81.86
81.84
81.85
81.85
81.86
81.85
81.86
81.87
81.85
81.85
81.86
81.87
81.85
81.85
81.85
81.84
81.84
81.84
81.82
81.83
81.83
81.84
81.84
81.84
81.85
81.85
81.86
81.87
81.87
81.86
81.85
81.86
81.87
81.87
81.86
81.86
81.86
81.88
81.88
81.90
81.90
81.90
81.90
81.88
81.89
81.89
81.89
81.88
81.88
81.87
81.86
81.85
81.87
81.86
81.86
81.85
81.86
81.85
81.85
81.86
81.86
81.85
81.85
81.86
81.87
81.86
81.87
81.88
81.89
81.89
81.88
81.89
81.89
81.88
81.88
81.88
81.87
81.86
81.85
81.86
81.85
81.86
81.87
81.87
81.87
81.88
81.87
81.87
81.87
81.87
81.86
81.87
81.86
81.86
81.85
81.85
81.84
81.83
81.83
81.83
81.84
81.84
81.83
81.84
81.84
81.84
81.84
81.84
81.85
81.85
81.86
81.86
81.87
81.88
81.88
81.87
81.87
81.87
81.86
81.86
81.85
81.86
81.86
81.85
81.85
81.86
81.87
81.87
81.87
81.87
81.86
81.86
81.86
81.86
81.85
81.86
81.86
81.86
81.86
81.85
81.85
81.86
81.86
81.86
81.86
81.86
81.86
81.86
81.85
81.86
81.86
81.86
81.86
81.86
81.86
81.86
81.86
81.86
81.86
81.87
81.87
81.87
81.88
81.86
81.86
81.85
81.85
81.84
81.85
81.86
81.85
81.86
81.86
81.84
81.85
81.85
81.84
81.83
81.84
81.84
81.85
81.86
81.86
81.86
81.86
81.87
81.87
81.87
81.87
81.89
81.88
81.88
81.88
81.89
81.89
81.89
81.89
81.91
81.91
81.91
81.92
81.92
81.92
81.92
81.93
81.93
81.93
81.94
81.94
81.94
81.94
81.94
81.93
81.92
81.92
81.93
81.92
81.92
81.92
81.92
81.91
81.91
81.90
81.89
81.90
81.90
81.90
81.91
81.91
81.91
81.92
81.92
81.92
81.92
81.93
81.94
81.86
