79.69
75.78
80.21
79.69
78.12
78.39
78.12
78.52
78.99
79.69
80.68
81.25
81.01
80.80
80.94
81.54
81.43
81.60
81.74
81.95
81.77
81.89
82.20
82.29
82.19
81.97
82.12
81.92
81.90
81.77
81.85
81.79
81.82
81.71
81.47
81.55
81.55
81.33
81.25
81.41
81.25
81.29
81.32
81.43
81.35
81.42
81.48
81.45
81.54
81.72
81.83
81.97
82.13
81.97
82.05
82.14
82.13
82.09
82.10
82.06
82.04
82.03
82.14
82.08
82.00
81.98
82.07
82.15
82.20
82.21
82.28
82.31
82.34
82.35
82.25
82.26
82.35
82.33
82.40
82.42
82.39
82.30
82.40
82.35
82.41
82.36
82.33
82.35
82.39
82.47
82.35
82.35
82.38
82.43
82.47
82.52
82.51
82.48
82.50
82.53
82.55
82.44
82.45
82.44
82.46
82.43
82.46
82.47
82.44
82.41
82.40
82.44
82.44
82.51
82.45
82.46
82.48
82.51
82.54
82.43
82.43
82.40
82.28
82.33
82.35
82.28
82.26
82.25
82.27
82.26
82.26
82.24
82.25
82.26
82.30
82.33
82.30
82.35
82.36
82.37
82.37
82.32
82.31
82.36
82.30
82.31
82.31
82.36
82.36
82.36
82.39
82.41
82.40
82.38
82.37
82.33
82.37
82.37
82.34
82.29
82.30
82.33
82.35
82.35
82.31
82.28
82.27
82.28
82.27
82.27
82.28
82.24
82.28
82.30
82.29
82.32
82.29
82.27
82.25
82.23
82.25
82.24
82.25
82.25
82.27
82.22
82.23
82.22
82.23
82.23
82.27
82.23
82.24
82.22
82.24
82.25
82.25
82.29
82.34
82.33
82.30
82.29
82.24
82.19
82.20
82.18
82.16
82.14
82.15
82.18
82.18
82.14
82.12
82.12
82.12
82.11
82.10
82.06
82.06
82.07
82.10
82.11
82.10
82.09
82.07
82.08
82.12
82.13
82.12
82.13
82.10
82.10
82.11
82.09
82.05
82.08
82.10
82.11
82.10
82.10
82.08
82.10
82.08
82.04
82.07
82.04
82.03
82.02
82.03
82.04
82.05
82.03
82.02
82.01
82.02
82.01
82.00
81.99
81.98
81.98
82.00
82.01
82.01
82.05
82.04
82.03
82.06
82.09
82.07
82.07
82.05
82.04
82.04
82.04
82.05
82.08
82.08
82.09
82.11
82.11
82.11
82.08
82.09
82.10
82.08
82.09
82.09
82.07
82.09
82.06
82.07
82.07
82.07
82.07
82.09
82.11
82.11
82.12
82.12
82.12
82.13
82.15
82.15
82.13
82.13
82.12
82.11
82.10
82.09
82.10
82.11
82.09
82.09
82.08
82.10
82.11
82.10
82.12
82.10
82.08
82.10
82.09
82.07
82.04
82.03
82.02
82.01
82.02
82.01
82.01
82.03
82.01
82.03
82.04
82.04
82.06
82.08
82.08
82.06
82.09
82.08
82.09
82.05
82.06
82.07
82.07
82.05
82.04
82.03
82.02
82.00
81.98
81.97
81.97
81.98
81.97
81.97
81.96
81.94
81.94
81.93
81.90
81.91
81.92
81.90
81.91
81.91
81.90
81.90
81.91
81.92
81.91
81.92
81.91
81.90
81.91
81.90
81.91
81.91
81.92
81.90
81.89
81.88
81.88
81.87
81.88
81.87
81.88
81.88
81.89
81.89
81.89
81.89
81.90
81.90
81.89
81.90
81.91
81.90
81.90
81.92
81.90
81.90
81.90
81.89
81.89
81.89
81.90
81.91
81.91
81.92
81.90
81.89
81.90
81.89
81.91
81.91
81.91
81.90
81.92
81.91
81.91
81.90
81.88
81.86
81.87
81.88
81.89
81.90
81.89
81.90
81.90
81.91
81.92
81.92
81.93
81.94
81.93
81.94
81.94
81.93
81.94
81.95
81.94
81.94
81.93
81.92
81.93
81.93
81.93
81.93
81.92
81.94
81.93
81.95
81.96
81.94
81.95
81.96
81.96
81.97
81.97
81.95
81.95
81.98
81.98
81.98
81.97
81.98
81.97
81.97
81.96
81.96
81.94
81.94
81.93
81.93
81.92
81.91
81.88
81.89
81.90
81.91
81.91
81.90
81.88
81.89
81.89
81.87
81.87
81.85
81.85
81.85
81.84
81.80
81.79
81.78
81.79
81.79
81.78
81.79
81.80
81.79
81.78
81.79
81.79
81.79
81.78
