67.19
64.06
63.02
62.50
61.87
63.54
62.50
61.72
59.90
59.69
58.95
58.85
58.65
58.04
57.81
58.11
58.46
58.42
58.31
58.36
58.26
58.10
57.95
58.20
58.19
58.23
58.28
58.37
58.46
58.33
58.27
58.45
58.43
58.36
58.35
58.29
58.02
58.39
58.33
58.09
58.23
58.52
58.39
58.59
58.75
58.80
58.74
58.66
58.51
58.53
58.82
58.65
58.73
58.74
58.75
58.68
58.80
58.84
58.90
58.75
58.99
58.85
58.88
58.91
58.87
59.04
59.14
59.19
58.97
59.02
58.93
59.09
59.08
59.14
59.08
59.03
59.09
59.05
59.06
58.87
58.85
58.80
58.94
58.97
58.99
58.92
58.96
58.90
58.88
58.96
58.83
58.85
58.87
58.83
58.82
58.79
58.65
58.61
58.59
58.69
58.73
58.62
58.60
58.55
58.60
58.56
58.48
58.46
58.37
58.24
58.22
58.12
58.03
58.03
58.02
58.08
58.13
58.14
58.17
58.15
58.10
58.11
58.10
58.04
57.97
57.97
57.96
58.02
58.04
58.10
58.10
58.10
58.08
58.12
58.16
58.17
58.14
58.17
58.25
58.26
58.27
58.23
58.23
58.27
58.33
58.43
58.42
58.36
58.28
58.30
58.31
58.22
58.21
58.23
58.23
58.23
58.19
58.14
58.11
58.12
58.06
58.03
57.99
57.99
58.01
57.95
58.00
58.03
58.01
58.04
58.05
58.00
58.03
58.07
58.04
58.03
58.09
58.09
58.09
58.03
58.00
58.02
58.05
58.05
58.04
58.06
58.04
58.10
58.12
58.09
58.13
58.11
58.10
58.09
58.05
58.06
58.05
58.00
58.03
58.01
58.00
58.06
58.05
58.10
58.11
58.11
58.13
58.14
58.11
58.15
58.12
58.19
58.14
58.18
58.17
58.16
58.13
58.11
58.10
58.11
58.10
58.07
58.11
58.06
58.05
58.08
58.09
58.07
58.04
58.02
58.04
58.04
58.03
58.06
58.07
58.12
58.10
58.03
58.02
57.98
57.99
58.00
58.00
58.01
58.00
57.99
57.99
58.04
58.07
58.05
58.03
58.03
58.05
58.02
58.04
58.01
58.04
58.04
58.04
58.09
58.08
58.08
58.01
58.01
57.99
58.01
58.06
58.09
58.06
58.04
58.02
58.00
57.97
57.97
57.99
57.99
57.99
58.00
58.03
58.02
58.00
57.95
57.94
57.94
57.93
57.94
57.92
57.94
57.92
57.92
57.90
57.88
57.90
57.89
57.87
57.82
57.85
57.82
57.79
57.78
57.75
57.74
57.72
57.75
57.74
57.73
57.71
57.68
57.71
57.71
57.70
57.74
57.74
57.73
57.74
57.78
57.77
57.78
57.77
57.75
57.74
57.75
57.74
57.77
57.78
57.79
57.75
57.76
57.76
57.76
57.74
57.75
57.72
57.73
57.75
57.76
57.74
57.73
57.72
57.73
57.72
57.73
57.73
57.70
57.72
57.71
57.71
57.67
57.66
57.68
57.67
57.70
57.72
57.69
57.73
57.74
57.73
57.72
57.74
57.73
57.72
57.71
57.70
57.70
57.68
57.68
57.68
57.69
57.68
57.67
57.66
57.65
57.64
57.65
57.62
57.62
57.62
57.61
57.61
57.64
57.60
57.61
57.62
57.64
57.65
57.65
57.65
57.69
57.70
57.70
57.74
57.71
57.73
57.75
57.73
57.75
57.75
57.76
57.77
57.77
57.77
57.77
57.74
57.75
57.76
57.77
57.78
57.76
57.76
57.75
57.74
57.73
57.73
57.75
57.76
57.76
57.79
57.81
57.82
57.81
57.82
57.82
57.85
57.87
57.87
57.86
57.85
57.83
57.83
57.84
57.81
57.83
57.81
57.83
57.83
57.81
57.83
57.83
57.84
57.83
57.85
57.84
57.83
57.81
57.81
57.80
57.80
57.78
57.78
57.80
57.80
57.80
57.78
57.80
57.82
57.81
57.81
57.79
57.80
57.81
57.80
57.78
57.76
57.76
57.78
57.80
57.80
57.79
57.79
57.79
57.78
57.77
57.77
57.77
57.77
57.78
57.78
57.77
57.78
57.77
57.77
57.79
57.81
57.81
57.81
57.79
57.79
57.79
57.78
57.78
57.78
57.79
57.81
57.85
57.84
57.86
57.85
57.85
57.85
57.86
57.87
57.89
57.89
57.89
57.90
57.90
57.90
57.89
57.89
57.89
57.85
57.84
57.84
57.86
57.85
57.86
57.87
57.86
57.86
57.85
57.84
57.82
57.82
57.82
57.82
57.84
57.81
57.79
57.80
57.79
57.79
57.78
57.79
57.79
57.78
57.78
57.79
57.80
57.77
57.75
57.76
57.76
57.76
57.76
57.75
57.76
57.76
57.74
57.73
57.73
57.74
57.74
57.73
57.72
57.73
57.72
57.73
57.76
57.80
57.79
57.80
57.80
57.80
57.80
57.78
57.77
57.76
57.75
57.77
57.76
57.76
57.76
57.78
57.78
57.78
57.78
57.79
57.79
57.80
57.79
57.78
57.78
57.78
57.79
57.78
57.77
57.77
57.77
57.78
57.78
57.78
57.78
57.76
57.77
57.77
57.77
57.78
57.77
57.78
57.78
57.79
57.79
57.79
57.80
57.80
57.80
57.80
57.78
57.77
57.79
57.80
57.82
57.80
57.78
57.80
57.79
57.82
57.82
57.82
57.82
57.82
57.84
57.83
57.83
57.80
57.81
57.81
57.81
57.80
57.79
57.78
57.77
57.78
57.78
57.79
57.77
57.78
57.78
57.78
57.80
57.79
57.79
57.79
57.77
57.78
57.77
57.77
57.78
57.77
57.77
57.78
57.78
57.77
57.77
57.78
57.78
57.78
57.77
57.78
57.78
57.76
57.76
57.77
57.76
57.76
57.77
57.77
57.76
57.76
57.77
57.77
57.78
57.78
57.78
57.77
57.78
57.79
57.78
57.79
57.78
57.76
57.77
57.76
57.76
57.76
57.76
57.76
57.75
57.74
57.74
57.75
57.77
57.75
57.75
57.75
57.74
57.75
57.75
57.75
57.73
57.74
57.74
57.74
57.74
57.73
57.73
57.73
57.72
57.71
57.71
57.71
57.71
57.70
57.71
57.71
57.71
57.69
57.69
57.69
57.67
57.67
57.65
57.64
57.64
57.64
57.63
57.62
57.62
57.63
57.63
57.63
57.62
57.62
57.63
57.63
57.62
57.60
57.61
57.61
57.60
57.60
57.59
57.57
57.59
57.59
57.59
57.58
57.57
57.57
57.59
57.58
57.59
57.58
57.57
57.58
57.57
57.58
57.58
57.59
57.59
57.58
57.60
57.59
57.60
57.61
57.61
57.62
57.61
57.60
57.60
57.60
57.61
57.61
57.58
57.60
57.60
57.59
57.59
57.59
57.59
57.58
57.53
