82.81
75.78
76.56
76.95
77.19
78.39
78.57
79.10
79.34
79.22
79.40
80.08
80.05
79.91
79.79
79.98
80.15
80.21
79.77
80.08
79.76
79.97
79.89
79.36
79.56
79.69
79.51
79.69
79.90
80.05
80.09
80.13
80.11
80.38
80.49
80.30
80.45
80.26
80.37
80.35
80.49
80.54
80.74
80.68
80.73
80.54
80.65
80.83
80.93
81.00
81.04
81.04
81.07
81.16
81.08
81.03
81.14
81.28
81.36
81.43
81.48
81.58
81.70
81.67
81.71
81.61
81.65
81.69
81.70
81.70
81.69
81.73
81.81
81.80
81.73
81.81
81.70
81.75
81.72
81.78
81.83
81.67
81.72
81.70
81.67
81.70
81.70
81.73
81.67
81.72
81.80
81.88
81.85
81.88
81.88
81.93
81.99
82.08
82.04
81.98
81.99
82.05
82.07
82.09
82.10
82.03
82.13
82.16
82.18
82.20
82.19
82.20
82.20
82.15
82.19
82.19
82.22
82.18
82.21
82.17
82.17
82.16
82.19
82.23
82.19
82.20
82.16
82.17
82.10
82.12
82.01
82.04
82.06
82.09
82.12
82.09
82.09
82.05
82.03
82.02
82.04
82.04
82.09
82.12
82.14
82.10
82.12
82.13
82.11
82.08
82.13
82.13
82.17
82.14
82.12
82.16
82.13
82.15
82.11
82.15
82.08
82.09
82.09
82.08
82.07
82.04
82.05
82.06
82.05
82.02
82.04
82.04
82.04
82.01
82.06
82.09
82.15
82.14
82.16
82.17
82.17
82.20
82.20
82.20
82.17
82.17
82.13
82.14
82.14
82.15
82.17
82.16
82.16
82.15
82.14
82.16
82.15
82.13
82.15
82.20
82.20
82.22
82.19
82.13
82.11
82.13
82.08
82.10
82.09
82.07
82.03
82.02
81.98
81.98
81.96
81.94
81.93
81.90
81.89
81.92
81.92
81.91
81.94
82.00
82.01
82.01
82.01
81.98
81.97
81.96
81.97
81.99
82.00
82.01
82.02
81.98
81.97
82.00
82.00
82.01
82.04
82.04
82.06
82.08
82.07
82.09
82.10
82.06
82.07
82.09
82.08
82.11
82.07
82.03
82.06
82.09
82.10
82.10
82.11
82.12
82.11
82.11
82.09
82.08
82.09
82.08
82.08
82.10
82.09
82.11
82.13
82.14
82.13
82.13
82.10
82.08
82.11
82.12
82.10
82.09
82.08
82.09
82.09
82.10
82.11
82.11
82.10
82.11
82.10
82.08
82.09
82.06
82.06
82.05
82.03
82.03
82.04
82.02
82.01
82.01
82.00
82.02
82.03
82.03
82.01
82.00
81.99
82.01
82.02
82.00
81.98
81.99
81.99
82.01
82.02
82.00
82.00
81.98
82.00
82.00
82.00
81.99
81.99
81.97
81.98
81.98
81.97
81.97
81.96
81.98
81.95
81.96
81.95
81.99
81.99
82.02
82.03
82.05
82.06
82.08
82.08
82.11
82.14
82.14
82.13
82.14
82.15
82.16
82.18
82.17
82.17
82.16
82.15
82.16
82.16
82.16
82.17
82.16
82.17
82.15
82.14
82.11
82.11
82.09
82.07
82.07
82.08
82.06
82.06
82.06
82.03
82.04
82.03
82.04
82.03
82.04
82.05
82.07
82.07
82.04
82.04
82.04
82.04
82.04
82.03
82.01
82.00
82.01
82.01
82.02
82.01
82.02
82.00
82.00
81.99
81.98
81.97
81.98
81.99
81.99
81.97
81.97
81.96
81.96
81.96
81.96
81.96
81.98
81.96
81.97
81.98
81.96
81.97
81.97
81.97
81.96
81.97
81.97
81.98
81.98
81.97
81.95
81.94
81.96
81.96
81.96
81.97
81.97
81.99
81.99
81.99
82.00
82.00
82.00
81.99
81.99
82.00
82.03
82.01
82.01
82.01
82.01
82.01
82.00
82.01
82.00
82.01
82.02
82.02
82.03
82.04
82.03
82.03
82.01
82.02
82.01
82.02
82.01
82.01
82.01
82.01
82.01
82.02
82.03
82.04
82.03
82.03
82.03
82.03
82.04
82.04
82.04
82.05
82.05
82.05
82.06
82.06
82.07
82.08
82.08
82.08
82.08
82.07
82.07
82.07
82.07
82.06
82.05
82.05
82.07
82.07
82.07
82.07
82.08
82.10
82.10
82.09
82.09
82.11
82.11
82.12
82.13
82.13
82.14
82.14
82.14
82.14
82.14
82.15
82.14
82.16
82.17
82.16
82.14
82.15
82.13
82.14
82.14
82.14
82.13
82.15
82.14
82.15
82.15
82.16
82.14
82.14
82.15
82.15
82.16
82.16
82.16
82.15
82.14
82.15
82.16
82.15
82.16
82.17
82.17
82.16
82.16
82.16
82.16
82.16
82.15
82.16
82.16
82.16
82.16
82.16
82.16
82.15
82.17
82.16
82.16
82.16
82.17
82.16
82.16
82.17
82.16
82.16
82.16
82.17
82.17
82.16
82.16
82.17
82.16
82.15
82.15
82.15
82.15
82.12
82.12
82.12
82.13
82.13
82.13
82.12
82.12
82.12
82.12
82.12
82.13
82.12
82.11
82.12
82.12
82.12
82.13
82.12
82.12
82.12
82.10
82.10
82.10
82.10
82.09
82.06
82.07
82.07
82.07
82.06
82.08
82.09
82.09
82.07
82.07
82.08
82.08
82.08
82.10
82.10
82.11
82.11
82.12
82.12
82.11
82.12
