71.88
76.56
74.48
74.22
74.38
74.74
76.34
77.15
78.30
77.66
78.41
79.17
78.73
79.13
79.48
80.18
80.06
80.21
80.76
80.62
80.43
80.26
80.57
80.47
80.50
80.71
80.90
80.86
80.93
80.68
80.65
80.57
80.49
80.51
80.54
80.56
80.62
80.76
80.69
80.78
80.87
80.92
80.78
80.54
80.31
80.40
80.22
80.34
80.48
80.50
80.48
80.50
80.51
80.56
80.77
80.86
80.98
81.06
81.06
80.96
80.97
80.95
81.00
81.03
81.01
81.06
81.06
81.11
81.16
81.18
81.14
81.12
81.10
81.08
81.10
81.11
81.17
81.23
81.33
81.31
81.29
81.33
81.36
81.38
81.38
81.47
81.45
81.46
81.43
81.41
81.49
81.50
81.59
81.58
81.56
81.62
81.62
81.62
81.57
81.58
81.53
81.54
81.55
81.49
81.49
81.41
81.32
81.29
81.29
81.26
81.22
81.26
81.32
81.28
81.33
81.30
81.34
81.29
81.22
81.26
81.24
81.30
81.26
81.30
81.25
81.31
81.36
81.35
81.33
81.35
81.38
81.37
81.38
81.38
81.38
81.39
81.41
81.39
81.37
81.38
81.36
81.38
81.40
81.39
81.34
81.37
81.39
81.40
81.40
81.36
81.35
81.39
81.40
81.40
81.37
81.38
81.36
81.34
81.33
81.36
81.36
81.37
81.39
81.35
81.31
81.29
81.29
81.29
81.36
81.37
81.41
81.41
81.41
81.44
81.46
81.46
81.47
81.49
81.51
81.48
81.49
81.45
81.43
81.42
81.44
81.42
81.37
81.36
81.37
81.37
81.37
81.36
81.36
81.35
81.35
81.37
81.37
81.38
81.38
81.38
81.38
81.33
81.33
81.35
81.37
81.39
81.39
81.42
81.41
81.41
81.44
81.43
81.43
81.44
81.45
81.45
81.44
81.44
81.41
81.42
81.42
81.43
81.40
81.40
81.40
81.42
81.40
81.40
81.39
81.42
81.40
81.43
81.41
81.40
81.38
81.40
81.36
81.35
81.36
81.36
81.33
81.32
81.33
81.36
81.38
81.41
81.36
81.35
81.34
81.38
81.38
81.40
81.38
81.37
81.40
81.40
81.41
81.41
81.39
81.41
81.42
81.43
81.43
81.44
81.46
81.47
81.48
81.49
81.49
81.46
81.47
81.45
81.44
81.44
81.49
81.51
81.50
81.48
81.50
81.52
81.52
81.52
81.52
81.51
81.51
81.54
81.55
81.58
81.61
81.61
81.60
81.61
81.64
81.63
81.64
81.65
81.67
81.63
81.65
81.65
81.65
81.66
81.68
81.68
81.63
81.66
81.65
81.67
81.63
81.62
81.60
81.60
81.58
81.61
81.62
81.63
81.61
81.63
81.64
81.66
81.66
81.64
81.64
81.62
81.62
81.62
81.66
81.65
81.66
81.67
81.68
81.66
81.66
81.65
81.68
81.69
81.64
81.65
81.65
81.65
81.63
81.63
81.65
81.65
81.66
81.68
81.69
81.69
81.70
81.70
81.70
81.73
81.74
81.74
81.72
81.73
81.74
81.74
81.72
81.74
81.75
81.75
81.75
81.73
81.73
81.74
81.73
81.73
81.75
81.75
81.73
81.72
81.71
81.71
81.72
81.72
81.73
81.75
81.76
81.76
81.75
81.76
81.76
81.77
81.76
81.77
81.78
81.78
81.78
81.79
81.80
81.80
81.81
81.78
81.77
81.77
81.77
81.77
81.77
81.78
81.76
81.77
81.76
81.76
81.76
81.73
81.74
81.75
81.75
81.74
81.73
81.74
81.73
81.73
81.74
81.76
81.74
81.74
81.73
81.73
81.74
81.75
81.75
81.75
81.74
81.75
81.75
81.76
81.76
81.77
81.76
81.77
81.74
81.73
81.72
81.72
81.72
81.74
81.74
81.76
81.76
81.77
81.77
81.77
81.75
81.76
81.77
81.77
81.78
81.80
81.81
81.82
81.82
81.82
81.83
81.83
81.82
81.83
81.81
81.81
81.80
81.80
81.80
81.80
81.81
81.81
81.79
81.79
81.79
81.80
81.82
81.80
81.81
81.81
81.79
81.78
81.78
81.79
81.79
81.81
81.79
81.78
81.77
81.78
81.77
81.78
81.81
81.81
81.84
81.82
81.82
81.82
81.82
81.82
81.82
81.84
81.84
81.82
81.82
81.83
81.83
81.83
81.84
81.83
81.83
81.81
81.81
81.81
81.80
81.80
81.80
81.81
81.81
81.80
81.83
81.84
81.83
81.84
81.83
81.83
81.83
81.82
81.82
81.83
81.83
81.84
81.85
81.85
81.87
81.86
81.86
81.87
81.87
81.87
81.87
81.85
81.87
81.86
81.86
81.86
81.87
81.88
81.88
81.88
81.88
81.88
81.89
81.88
81.87
81.87
81.85
81.84
81.84
81.83
81.83
81.83
81.83
81.81
81.81
81.81
81.80
81.82
81.83
81.82
81.83
81.82
81.83
81.84
81.85
81.85
81.84
81.84
81.84
81.83
81.83
81.83
81.83
81.83
81.83
81.83
81.83
81.81
81.82
81.81
81.81
81.82
81.83
81.83
81.83
81.82
81.83
81.83
81.85
81.85
81.85
81.84
81.84
81.84
81.84
81.84
81.82
81.83
81.84
81.83
81.83
81.82
81.82
81.82
81.82
81.80
81.81
81.81
81.80
81.81
81.81
81.81
81.81
81.81
81.81
81.82
81.81
81.82
81.81
81.80
81.79
81.79
81.79
81.81
81.81
81.82
81.81
81.80
81.80
81.80
81.82
81.82
81.81
81.82
81.83
81.84
81.83
81.82
81.80
81.80
81.81
81.82
81.82
81.83
81.83
81.83
81.82
81.83
81.84
81.85
81.85
81.84
81.85
81.85
81.84
81.84
81.84
81.83
81.83
81.82
81.83
81.83
81.83
81.83
81.84
81.84
81.86
81.86
81.87
81.86
81.88
81.87
81.86
81.85
81.85
81.85
81.85
81.85
81.85
81.85
81.85
81.84
81.84
81.85
81.85
81.85
81.84
81.84
81.85
81.85
81.85
81.86
81.87
81.87
81.86
81.87
81.87
81.86
81.87
81.85
81.85
81.84
81.83
81.82
81.83
81.84
81.85
81.84
81.85
81.86
81.86
81.85
81.84
81.85
81.84
81.83
81.83
81.81
81.82
81.82
81.83
81.83
81.82
81.81
81.81
81.81
81.82
81.82
81.83
81.84
81.84
81.84
81.85
81.85
81.86
81.86
81.85
81.86
81.86
81.86
81.86
81.87
81.87
81.86
81.86
81.85
81.85
81.85
81.85
81.84
81.85
81.84
81.85
81.85
81.85
81.85
81.86
81.85
81.85
81.86
81.86
81.86
81.86
81.86
81.87
81.86
81.86
81.86
81.86
81.85
81.85
81.85
81.86
81.86
81.86
81.88
81.88
81.80
