87.50
84.38
86.46
84.77
83.12
82.29
82.59
83.40
83.68
84.38
84.09
84.64
84.50
84.49
84.06
83.79
83.73
83.59
83.55
83.59
83.71
83.88
83.83
83.79
83.94
83.53
83.51
83.65
83.89
83.65
83.47
83.45
83.48
83.36
83.35
83.20
83.11
82.98
82.89
82.93
83.12
83.30
83.43
83.35
83.33
83.32
83.24
83.17
83.23
83.22
83.21
83.17
82.81
82.75
82.70
82.67
82.62
82.60
82.63
82.66
82.48
82.59
82.54
82.50
82.50
82.29
82.18
82.10
82.20
82.14
82.15
82.23
82.19
82.33
82.15
82.18
82.18
82.15
82.20
82.19
82.27
82.20
82.21
82.12
82.08
82.07
82.06
82.07
82.04
82.05
82.11
82.13
82.04
82.08
82.11
82.06
81.97
81.98
81.93
81.94
81.90
81.82
81.89
81.87
81.79
81.80
81.73
81.79
81.78
81.82
81.83
81.82
81.82
81.72
81.75
81.76
81.76
81.79
81.75
81.73
81.71
81.71
81.71
81.70
81.69
81.68
81.75
81.76
81.72
81.84
81.80
81.85
81.86
81.88
81.83
81.82
81.82
81.76
81.71
81.72
81.74
81.79
81.80
81.77
81.79
81.76
81.79
81.82
81.78
81.74
81.74
81.75
81.78
81.80
81.82
81.80
81.82
81.86
81.90
81.88
81.87
81.87
81.84
81.85
81.87
81.93
81.95
81.94
81.90
81.94
81.93
81.94
81.92
81.93
81.95
81.91
81.89
81.93
81.89
81.88
81.93
81.94
81.96
81.97
81.96
81.95
81.97
81.98
81.97
82.01
82.01
81.99
81.97
81.95
81.93
81.97
82.00
82.01
81.99
81.98
81.96
81.95
81.96
81.97
81.98
81.98
81.97
81.99
82.00
82.02
82.02
82.05
82.05
82.07
82.09
82.10
82.10
82.11
82.11
82.09
82.09
82.09
82.09
82.10
82.12
82.13
82.14
82.12
82.10
82.05
82.06
82.05
82.08
82.06
82.04
82.02
82.02
81.99
82.03
82.07
82.05
82.03
82.04
82.04
82.06
82.09
82.09
82.05
82.08
82.09
82.06
82.05
82.02
82.05
82.04
82.00
82.01
82.02
82.03
82.01
82.02
82.03
82.02
82.03
82.06
82.04
82.03
82.04
82.02
82.03
82.03
82.01
82.02
82.02
82.02
82.01
81.97
81.98
81.97
81.95
81.97
81.98
81.96
81.94
81.90
81.88
81.88
81.91
81.89
81.89
81.86
81.86
81.86
81.84
81.84
81.81
81.78
81.76
81.77
81.75
81.74
81.74
81.73
81.73
81.73
81.75
81.76
81.75
81.76
81.75
81.75
81.76
81.74
81.76
81.75
81.74
81.75
81.77
81.75
81.78
81.77
81.76
81.76
81.77
81.75
81.77
81.77
81.75
81.73
81.74
81.75
81.79
81.76
81.75
81.77
81.77
81.76
81.77
81.77
81.78
81.78
81.78
81.79
81.77
81.76
81.77
81.77
81.78
81.79
81.81
81.83
81.83
81.81
81.82
81.81
81.81
81.81
81.83
81.86
81.87
81.87
81.88
81.90
81.90
81.91
81.92
81.92
81.91
81.90
81.90
81.89
81.89
81.87
81.86
81.87
81.86
81.89
81.89
81.88
81.89
81.91
81.89
81.91
81.92
81.92
81.92
81.92
81.93
81.90
81.90
81.89
81.89
81.89
81.89
81.87
81.87
81.87
81.89
81.89
81.91
81.92
81.93
81.93
81.93
81.93
81.93
81.93
81.94
81.94
81.95
81.97
81.99
81.99
81.99
81.99
81.99
81.99
82.01
82.01
82.02
82.01
81.98
81.99
81.98
81.98
81.99
81.99
81.99
81.98
81.99
81.99
81.98
81.97
81.97
81.95
81.96
81.95
81.95
81.95
81.91
81.91
81.89
81.91
81.91
81.92
81.90
81.92
81.91
81.90
81.92
81.92
81.90
81.92
81.92
81.92
81.93
81.93
81.92
81.91
81.92
81.93
81.93
81.92
81.92
81.92
81.92
81.92
81.91
81.92
81.91
81.91
81.91
81.91
81.92
81.90
81.91
81.91
81.93
81.92
81.93
81.93
81.94
81.94
81.95
81.97
81.96
81.96
81.95
81.94
81.93
81.91
81.90
81.89
81.89
81.88
81.87
81.87
81.87
81.87
81.88
81.88
81.88
81.90
81.89
81.89
81.89
81.88
81.89
81.89
81.90
81.90
81.90
81.90
81.89
81.90
81.91
81.91
81.92
81.93
81.93
81.94
81.92
81.91
81.90
81.91
81.91
81.90
81.89
81.86
81.87
81.86
81.88
81.87
81.86
81.87
81.88
81.89
81.88
81.88
81.89
81.90
81.90
81.89
81.90
81.91
81.92
81.92
81.93
81.93
81.93
81.92
81.93
81.93
81.92
81.92
81.91
81.93
81.94
81.94
81.94
81.94
81.93
81.94
81.93
81.94
81.92
81.91
81.92
81.91
81.89
81.91
81.89
81.89
81.89
81.89
81.89
81.89
81.87
81.88
81.88
81.89
81.88
81.89
81.89
81.90
81.91
81.91
81.91
81.89
81.89
81.89
81.89
81.90
81.90
81.91
81.89
81.89
81.91
81.91
81.91
81.91
81.91
81.92
81.92
81.93
81.93
81.93
81.93
81.94
81.94
81.95
81.96
81.96
81.96
81.97
81.96
81.95
81.95
81.93
81.93
81.93
81.94
81.94
81.95
81.95
81.95
81.94
81.93
81.92
81.93
81.93
81.93
81.93
81.92
81.90
81.91
81.90
81.90
81.91
81.91
81.90
81.91
81.89
81.90
81.90
81.90
81.89
81.89
81.88
81.87
81.87
81.86
81.86
81.86
81.85
81.85
81.84
81.83
81.83
81.84
81.84
81.84
81.84
81.84
81.84
81.83
81.83
81.82
81.82
81.82
81.81
81.80
81.80
81.81
81.81
81.82
81.84
81.84
81.83
81.82
81.81
81.82
81.82
81.83
81.83
81.83
81.83
81.84
81.84
81.83
81.83
81.83
81.83
81.84
81.83
81.83
81.83
81.84
81.83
81.83
81.83
81.83
81.83
81.83
81.83
81.83
81.82
81.84
81.84
81.83
81.83
81.82
81.82
81.82
81.82
81.81
81.81
81.80
81.80
81.80
81.79
81.80
81.79
81.79
81.79
81.79
81.80
81.81
81.82
81.82
81.82
81.82
81.81
81.82
81.81
81.81
81.81
81.81
81.81
81.81
81.80
81.79
81.80
81.80
81.80
81.80
81.80
81.81
81.80
81.80
81.80
81.80
81.79
81.78
81.79
81.79
81.79
81.80
81.79
81.79
81.80
81.80
81.80
81.80
81.81
81.81
81.82
81.82
81.81
81.80
81.79
81.79
81.80
81.80
81.79
81.79
81.79
81.78
81.78
81.78
81.78
81.71
