76.56
83.59
83.33
81.64
84.06
84.38
83.93
83.98
83.51
82.97
82.95
82.94
82.69
82.81
83.12
82.42
82.35
82.55
82.32
82.34
82.37
82.10
82.27
82.36
82.50
82.27
82.12
82.37
82.81
82.71
82.66
82.86
83.00
83.04
82.86
83.12
83.02
82.98
82.97
83.05
83.08
83.04
82.85
82.88
82.81
82.85
82.65
82.85
82.68
82.53
82.38
82.30
82.40
82.32
82.33
82.31
82.37
82.27
82.39
82.37
82.30
82.23
82.12
82.18
82.12
82.17
82.23
82.17
82.16
82.23
82.17
82.18
82.23
82.33
82.21
82.20
82.18
82.13
82.06
82.13
82.16
82.13
82.02
82.03
82.08
82.01
82.09
82.05
82.04
82.10
82.16
82.15
82.17
82.21
82.27
82.34
82.31
82.25
82.31
82.33
82.35
82.26
82.30
82.32
82.35
82.36
82.33
82.36
82.37
82.43
82.43
82.45
82.51
82.51
82.46
82.44
82.45
82.42
82.41
82.42
82.35
82.38
82.38
82.45
82.50
82.54
82.57
82.48
82.36
82.37
82.40
82.40
82.42
82.44
82.47
82.46
82.46
82.43
82.41
82.42
82.46
82.43
82.42
82.38
82.35
82.34
82.36
82.30
82.28
82.26
82.26
82.21
82.19
82.17
82.17
82.16
82.13
82.12
82.11
82.12
82.13
82.11
82.14
82.10
82.10
82.10
82.08
82.08
82.10
82.10
82.11
82.07
82.05
82.05
82.04
82.06
82.03
82.01
81.99
82.01
81.96
81.97
81.99
82.01
82.02
82.01
82.04
82.01
82.02
82.06
82.08
82.08
82.04
82.06
82.06
82.13
82.12
82.17
82.24
82.23
82.24
82.22
82.23
82.22
82.19
82.13
82.14
82.13
82.16
82.18
82.15
82.14
82.12
82.12
82.15
82.15
82.09
82.04
82.04
82.03
82.03
82.03
82.02
82.03
82.04
82.05
82.03
82.04
82.03
82.02
82.02
82.00
82.00
82.00
82.01
82.01
82.03
82.08
82.09
82.12
82.12
82.10
82.10
82.10
82.09
82.09
82.06
82.06
82.03
82.06
82.05
82.07
82.08
82.04
82.08
82.07
82.08
82.07
82.05
82.06
82.07
82.10
82.11
82.10
82.09
82.07
82.06
82.05
82.07
82.09
82.09
82.11
82.08
82.09
82.12
82.13
82.11
82.10
82.09
82.09
82.08
82.07
82.08
82.12
82.11
82.13
82.12
82.12
82.14
82.14
82.13
82.12
82.14
82.13
82.13
82.14
82.15
82.15
82.14
82.14
82.14
82.15
82.16
82.18
82.17
82.16
82.14
82.15
82.15
82.14
82.15
82.15
82.16
82.18
82.19
82.22
82.23
82.24
82.24
82.24
82.24
82.24
82.24
82.25
82.25
82.27
82.23
82.25
82.26
82.28
82.29
82.28
82.27
82.27
82.25
82.20
82.21
82.21
82.21
82.20
82.21
82.19
82.21
82.22
82.21
82.22
82.21
82.21
82.21
82.20
82.21
82.20
82.19
82.20
82.18
82.16
82.16
82.16
82.17
82.17
82.18
82.20
82.18
82.18
82.17
82.15
82.16
82.18
82.16
82.15
82.16
82.14
82.15
82.14
82.13
82.11
82.12
82.13
82.12
82.16
82.16
82.15
82.15
82.18
82.18
82.19
82.18
82.18
82.20
82.20
82.21
82.21
82.22
82.22
82.22
82.22
82.19
82.20
82.21
82.20
82.20
82.19
82.19
82.19
82.20
82.18
82.17
82.18
82.16
82.14
82.13
82.12
82.12
82.12
82.13
82.12
82.13
82.13
82.13
82.12
82.12
82.12
82.12
82.12
82.10
82.10
82.10
82.11
82.11
82.11
82.11
82.10
82.10
82.11
82.11
82.11
82.10
82.10
82.10
82.10
82.09
82.09
82.10
82.11
82.11
82.09
82.10
82.08
82.06
82.06
82.05
82.06
82.05
82.05
82.06
82.06
82.05
82.06
82.06
82.06
82.03
82.03
82.03
82.04
82.06
82.06
82.05
82.04
82.05
82.04
82.04
82.03
82.04
82.04
82.04
82.04
82.03
82.03
82.02
82.04
82.05
82.04
82.05
82.06
82.07
82.07
82.06
82.07
82.08
82.08
82.08
82.08
82.09
82.09
82.09
82.10
82.12
82.13
82.13
82.13
82.11
82.12
82.11
82.12
82.11
82.11
82.11
82.11
82.11
82.10
82.11
82.11
82.12
82.13
82.12
82.11
82.11
82.09
82.07
82.07
82.07
82.06
82.07
82.08
82.06
82.07
82.09
82.08
82.07
82.08
82.09
82.09
82.08
82.08
82.07
82.08
82.09
82.09
82.09
82.09
82.09
82.09
82.10
82.10
82.10
82.11
82.12
82.11
82.12
82.11
82.11
82.10
82.11
82.12
82.11
82.10
82.09
82.10
82.09
82.08
82.08
82.07
82.08
82.09
82.09
82.09
82.08
82.07
82.07
82.08
82.08
82.08
82.08
82.08
82.09
82.11
82.11
82.11
82.12
82.11
82.10
82.10
82.10
82.12
82.12
82.12
82.13
82.11
82.13
82.12
82.14
82.14
82.15
82.14
82.15
82.15
82.15
82.13
82.13
82.13
82.14
82.12
82.12
82.12
82.12
82.11
82.12
82.14
82.13
82.13
82.12
82.12
82.13
82.12
82.13
82.13
82.13
82.13
82.14
82.13
82.13
82.12
82.13
82.13
82.13
82.13
82.13
82.13
82.11
82.10
82.11
82.10
82.11
82.11
82.11
82.11
82.13
82.13
82.13
82.14
82.13
82.12
82.12
82.12
82.12
82.12
82.11
82.12
82.12
82.12
82.13
82.12
82.12
82.11
82.11
82.12
82.12
82.12
82.12
82.13
82.12
82.12
82.13
82.13
82.15
82.14
82.15
82.16
82.17
82.17
82.17
82.18
82.18
82.18
82.19
82.19
82.18
82.18
82.18
82.18
82.18
82.18
82.18
82.18
82.18
82.17
82.18
82.18
82.18
82.19
82.18
82.18
82.17
82.16
82.16
82.16
82.17
82.17
82.17
82.17
82.16
82.17
82.16
82.15
82.14
82.14
82.15
82.15
82.16
82.16
82.16
82.17
82.18
82.17
82.18
82.18
82.18
82.19
82.20
82.20
82.21
82.21
82.21
82.21
82.21
82.19
82.19
82.19
82.18
82.17
82.17
82.16
82.16
82.16
82.16
82.17
82.17
82.17
82.16
82.16
82.15
82.14
82.16
82.15
82.15
82.14
82.13
82.13
82.13
82.13
82.14
82.14
82.14
82.14
82.14
82.14
82.15
82.14
82.14
82.15
82.15
82.15
82.15
82.14
82.14
82.14
82.14
82.14
82.14
82.14
82.13
82.13
82.13
82.12
82.12
82.12
82.12
82.12
82.12
82.12
82.12
82.04
