76.56
75.00
77.60
78.91
80.00
77.86
77.01
76.56
76.91
76.88
76.14
76.43
75.96
76.34
76.46
76.17
76.19
76.39
75.90
76.33
76.41
76.42
76.09
76.30
76.06
76.20
76.39
76.45
76.40
76.15
75.76
75.54
75.62
75.60
75.80
75.61
75.68
75.82
75.52
75.27
75.15
75.07
74.96
74.93
74.90
74.59
74.80
75.03
75.06
74.97
74.88
74.82
74.76
74.59
74.57
74.50
74.40
74.38
74.42
74.53
74.54
74.65
74.50
74.41
74.38
74.29
74.30
74.43
74.52
74.53
74.49
74.48
74.53
74.49
74.54
74.61
74.55
74.54
74.58
74.63
74.54
74.52
74.47
74.46
74.50
74.51
74.46
74.47
74.51
74.57
74.61
74.58
74.60
74.65
74.62
74.69
74.63
74.54
74.43
74.47
74.44
74.46
74.54
74.58
74.55
74.59
74.58
74.57
74.47
74.55
74.51
74.51
74.50
74.56
74.57
74.62
74.63
74.62
74.65
74.62
74.57
74.53
74.58
74.57
74.58
74.53
74.54
74.54
74.53
74.53
74.58
74.56
74.59
74.59
74.56
74.59
74.64
74.66
74.67
74.67
74.75
74.72
74.69
74.72
74.68
74.64
74.64
74.62
74.71
74.69
74.68
74.68
74.69
74.71
74.74
74.76
74.80
74.79
74.76
74.75
74.74
74.79
74.77
74.86
74.90
74.89
74.88
74.91
74.87
74.84
74.84
74.87
74.84
74.83
74.74
74.74
74.70
74.70
74.69
74.70
74.75
74.78
74.76
74.76
74.76
74.80
74.79
74.82
74.78
74.77
74.75
74.73
74.67
74.67
74.68
74.69
74.71
74.72
74.73
74.74
74.75
74.72
74.70
74.71
74.73
74.72
74.72
74.74
74.75
74.74
74.73
74.75
74.76
74.72
74.68
74.67
74.69
74.66
74.70
74.73
74.74
74.73
74.73
74.71
74.72
74.78
74.79
74.75
74.76
74.71
74.70
74.72
74.72
74.73
74.72
74.74
74.74
74.71
74.73
74.71
74.75
74.75
74.76
74.74
74.76
74.75
74.70
74.72
74.76
74.74
74.74
74.73
74.73
74.75
74.71
74.72
74.73
74.70
74.66
74.65
74.67
74.66
74.66
74.69
74.69
74.65
74.66
74.65
74.63
74.63
74.63
74.63
74.62
74.66
74.66
74.69
74.70
74.70
74.68
74.67
74.66
74.67
74.72
74.76
74.76
74.79
74.79
74.79
74.80
74.83
74.83
74.84
74.88
74.86
74.86
74.85
74.86
74.84
74.83
74.83
74.83
74.84
74.84
74.83
74.84
74.82
74.81
74.78
74.77
74.78
74.80
74.79
74.82
74.87
74.89
74.91
74.95
74.93
74.90
74.90
74.90
74.88
74.88
74.89
74.89
74.88
74.89
74.87
74.86
74.87
74.88
74.87
74.86
74.86
74.87
74.87
74.88
74.88
74.88
74.86
74.87
74.89
74.88
74.88
74.90
74.90
74.91
74.90
74.91
74.91
74.92
74.92
74.95
74.95
74.94
74.95
74.94
74.94
74.91
74.91
74.93
74.92
74.91
74.91
74.91
74.90
74.91
74.89
74.89
74.90
74.91
74.91
74.91
74.89
74.87
74.86
74.83
74.81
74.84
74.84
74.82
74.85
74.86
74.85
74.86
74.84
74.85
74.86
74.83
74.85
74.87
74.87
74.86
74.87
74.85
74.85
74.86
74.84
74.81
74.81
74.82
74.83
74.83
74.84
74.85
74.86
74.85
74.84
74.83
74.84
74.84
74.85
74.86
74.86
74.84
74.83
74.82
74.81
74.82
74.83
74.82
74.81
74.82
74.85
74.85
74.85
74.84
74.86
74.87
74.87
74.87
74.87
74.86
74.85
74.84
74.85
74.82
74.83
74.84
74.85
74.87
74.86
74.85
74.84
74.84
74.83
74.83
74.83
74.82
74.82
74.82
74.83
74.83
74.80
74.81
74.81
74.80
74.79
74.81
74.80
74.80
74.79
74.78
74.79
74.80
74.81
74.80
74.82
74.82
74.83
74.84
74.85
74.84
74.83
74.83
74.84
74.85
74.85
74.86
74.86
74.85
74.87
74.87
74.88
74.88
74.90
74.89
74.91
74.88
74.88
74.89
74.90
74.90
74.91
74.91
74.92
74.93
74.91
74.90
74.89
74.90
74.91
74.92
74.92
74.91
74.92
74.95
74.95
74.96
74.97
74.95
74.96
74.97
74.98
74.98
74.98
74.97
74.97
74.97
74.96
74.96
74.94
74.95
74.95
74.95
74.96
74.96
74.96
74.96
74.96
74.97
74.96
74.95
74.94
74.94
74.95
74.95
74.94
74.96
74.97
74.95
74.94
74.93
74.93
74.93
74.95
74.95
74.96
74.95
74.95
74.96
74.97
74.97
74.97
74.97
74.99
74.98
74.98
74.98
74.98
74.99
74.99
74.99
74.99
75.00
74.99
75.01
75.01
75.02
75.02
75.01
75.02
75.01
75.01
75.00
74.99
74.99
74.99
74.97
74.98
74.98
74.98
74.97
74.98
74.97
74.98
74.99
74.99
74.99
74.98
74.97
74.96
74.95
74.95
74.94
74.96
74.96
74.96
74.95
74.95
74.95
74.95
74.97
74.96
74.96
74.97
74.97
74.96
74.97
74.96
74.97
74.97
74.97
74.99
74.98
74.99
74.99
75.00
75.01
75.01
75.00
74.99
75.01
75.02
75.01
75.02
75.03
75.02
75.02
75.03
75.03
75.05
75.04
75.04
75.03
75.03
75.04
75.04
75.04
75.04
75.03
75.05
75.05
75.05
75.06
75.06
75.07
75.09
75.08
75.07
75.08
75.08
75.07
75.07
75.06
75.07
75.07
75.08
75.08
75.09
75.10
75.10
75.11
75.11
75.12
75.13
75.13
75.13
75.14
75.13
75.13
75.14
75.14
75.14
75.15
75.15
75.15
75.14
75.14
75.14
75.15
75.14
75.14
75.13
75.13
75.12
75.12
75.12
75.13
75.12
75.12
75.10
75.11
75.13
75.14
75.15
75.13
75.13
75.14
75.15
75.15
75.15
75.15
75.15
75.16
75.15
75.14
75.15
75.15
75.17
75.17
75.17
75.18
75.19
75.18
75.19
75.18
75.18
75.18
75.18
75.18
75.18
75.17
75.16
75.15
75.15
75.13
75.12
75.12
75.12
75.12
75.11
75.12
75.11
75.11
75.10
75.10
75.10
75.10
75.11
75.09
75.10
75.10
75.11
75.12
75.13
75.13
75.14
75.13
75.14
75.14
75.14
75.15
75.15
75.15
75.14
75.14
75.15
75.15
75.14
75.14
75.14
75.13
75.14
75.14
75.14
75.15
75.14
75.15
75.16
75.15
75.15
75.14
75.13
75.13
75.12
75.13
75.13
75.13
75.13
75.14
75.07
