78.12
71.88
69.27
69.14
70.00
70.57
70.98
69.92
70.49
70.16
70.31
70.44
70.43
70.65
70.52
70.70
71.23
70.75
71.30
71.64
71.95
72.09
72.15
72.27
72.62
72.48
72.51
72.66
72.58
72.60
72.33
72.02
71.88
71.97
71.74
71.53
71.62
71.79
71.83
71.88
71.88
71.80
71.88
71.98
72.01
72.18
71.97
71.88
71.84
71.81
71.75
71.36
71.34
71.41
71.42
71.40
71.33
71.39
71.32
71.33
71.34
71.02
70.86
70.90
70.89
70.93
70.99
71.00
70.88
70.80
70.80
70.92
70.85
70.90
71.00
71.01
71.04
70.83
70.71
70.61
70.68
70.83
70.80
70.83
70.85
70.69
70.71
70.72
70.77
70.78
70.72
70.64
70.68
70.69
70.69
70.69
70.73
70.87
70.93
70.95
70.99
71.02
71.00
71.00
71.03
70.98
70.84
70.82
70.77
70.78
70.85
70.81
70.98
70.93
70.99
71.04
71.02
71.07
71.05
71.05
71.05
71.03
71.04
70.96
71.05
71.08
71.06
71.02
70.98
70.97
70.94
70.90
70.92
71.01
71.04
71.00
70.96
70.98
70.96
70.96
70.96
70.98
70.94
70.95
70.99
70.97
70.95
71.00
70.99
70.99
70.92
70.88
70.85
70.79
70.80
70.77
70.80
70.77
70.76
70.70
70.73
70.71
70.73
70.76
70.78
70.81
70.78
70.80
70.78
70.83
70.88
70.89
70.89
70.91
70.89
70.93
70.90
70.88
70.84
70.88
70.83
70.83
70.82
70.78
70.81
70.81
70.81
70.76
70.77
70.78
70.75
70.74
70.71
70.72
70.75
70.75
70.81
70.78
70.78
70.76
70.79
70.80
70.81
70.83
70.84
70.84
70.81
70.83
70.80
70.78
70.77
70.72
70.70
70.64
70.66
70.68
70.69
70.68
70.63
70.65
70.65
70.67
70.67
70.69
70.65
70.67
70.65
70.66
70.65
70.60
70.58
70.66
70.65
70.69
70.68
70.72
70.71
70.73
70.75
70.74
70.74
70.67
70.66
70.61
70.61
70.60
70.64
70.65
70.63
70.61
70.64
70.63
70.60
70.58
70.60
70.64
70.60
70.55
70.55
70.56
70.57
70.53
70.54
70.53
70.48
70.47
70.47
70.42
70.45
70.46
70.43
70.43
70.42
70.43
70.40
70.44
70.47
70.47
70.45
70.42
70.42
70.43
70.47
70.48
70.47
70.46
70.49
70.52
70.56
70.53
70.53
70.53
70.50
70.47
70.42
70.41
70.40
70.40
70.41
70.42
70.44
70.47
70.46
70.46
70.43
70.40
70.41
70.37
70.37
70.39
70.42
70.41
70.43
70.42
70.43
70.45
70.43
70.41
70.44
70.46
70.41
70.42
70.40
70.41
70.40
70.41
70.38
70.39
70.40
70.40
70.39
70.39
70.39
70.40
70.39
70.41
70.41
70.40
70.34
70.33
70.30
70.31
70.30
70.27
70.29
70.30
70.27
70.27
70.26
70.29
70.29
70.27
70.26
70.28
70.26
70.26
70.29
70.29
70.26
70.29
70.30
70.31
70.30
70.29
70.29
70.30
70.33
70.35
70.33
70.36
70.33
70.34
70.35
70.34
70.33
70.34
70.33
70.31
70.33
70.32
70.34
70.34
70.34
70.32
70.31
70.29
70.31
70.32
70.34
70.32
70.32
70.32
70.32
70.33
70.32
70.34
70.32
70.33
70.33
70.34
70.35
70.36
70.36
70.36
70.38
70.40
70.43
70.41
70.43
70.43
70.44
70.42
70.43
70.43
70.45
70.43
70.40
70.39
70.38
70.40
70.41
70.42
70.42
70.43
70.45
70.43
70.39
70.39
70.41
70.40
70.40
70.41
70.39
70.37
70.34
70.33
70.31
70.29
70.30
70.30
70.31
70.29
70.32
70.32
70.33
70.33
70.34
70.32
70.31
70.31
70.31
70.31
70.31
70.30
70.31
70.32
70.33
70.31
70.29
70.32
70.32
70.31
70.29
70.29
70.28
70.28
70.29
70.29
70.26
70.26
70.28
70.29
70.31
70.34
70.34
70.36
70.36
70.37
70.36
70.35
70.38
70.36
70.35
70.35
70.35
70.34
70.34
70.34
70.34
70.31
70.33
70.32
70.33
70.30
70.32
70.33
70.32
70.29
70.27
70.27
70.26
70.25
70.24
70.25
70.24
70.24
70.23
70.23
70.25
70.24
70.24
70.25
70.24
70.25
70.24
70.25
70.26
70.25
70.23
70.22
70.21
70.22
70.23
70.22
70.23
70.22
70.23
70.23
70.22
70.21
70.22
70.23
70.22
70.22
70.23
70.21
70.21
70.19
70.20
70.20
70.21
70.19
70.19
70.20
70.21
70.20
70.20
70.20
70.21
70.20
70.22
70.23
70.20
70.20
70.20
70.20
70.20
70.20
70.21
70.20
70.19
70.19
70.19
70.19
70.20
70.20
70.19
70.19
70.18
70.18
70.20
70.20
70.20
70.21
70.21
70.21
70.21
70.20
70.20
70.20
70.21
70.21
70.20
70.22
70.22
70.22
70.23
70.23
70.23
70.21
70.20
70.21
70.21
70.21
70.19
70.21
70.21
70.21
70.22
70.22
70.21
70.20
70.20
70.18
70.18
70.18
70.19
70.18
70.19
70.17
70.17
70.19
70.19
70.19
70.20
70.21
70.22
70.23
70.22
70.23
70.22
70.23
70.23
70.24
70.23
70.22
70.21
70.21
70.22
70.23
70.24
70.23
70.25
70.25
70.25
70.24
70.25
70.25
70.26
70.28
70.29
70.29
70.31
70.32
70.32
70.31
70.32
70.32
70.31
70.32
70.32
70.32
70.31
70.29
70.30
70.30
70.30
70.31
70.32
70.32
70.33
70.34
70.34
70.33
70.32
70.33
70.32
70.33
70.31
70.30
70.28
70.28
70.28
70.28
70.28
70.28
70.29
70.29
70.29
70.29
70.29
70.28
70.28
70.28
70.28
70.26
70.26
70.25
70.24
70.25
70.26
70.26
70.27
70.27
70.28
70.29
70.31
70.30
70.31
70.32
70.32
70.31
70.30
70.30
70.29
70.29
70.30
70.27
70.27
70.27
70.26
70.27
70.27
70.26
70.27
70.28
70.27
70.28
70.27
70.26
70.26
70.26
70.27
70.27
70.28
70.28
70.28
70.30
70.30
70.30
70.31
70.31
70.32
70.33
70.33
70.31
70.31
70.31
70.32
70.31
70.30
70.30
70.31
70.31
70.31
70.32
70.31
70.30
70.31
70.31
70.32
70.31
70.32
70.31
70.30
70.30
70.31
70.31
70.31
70.31
70.31
70.31
70.30
70.29
70.29
70.30
70.31
70.32
70.32
70.31
70.30
70.30
70.31
70.31
70.29
70.28
70.28
70.28
70.29
70.29
70.29
70.22
