0.00
1.56
2.08
2.73
2.19
2.60
2.23
2.15
2.08
2.19
2.13
1.95
2.04
2.01
1.98
1.86
1.75
1.74
1.97
2.03
2.01
1.99
2.04
2.02
1.94
1.86
1.91
1.84
1.99
1.93
1.86
1.86
1.85
1.88
1.96
1.91
1.90
1.93
1.96
1.91
1.98
1.97
2.03
2.02
2.01
2.00
1.96
2.05
2.01
2.00
2.02
2.01
2.03
2.05
2.02
1.98
1.97
2.02
2.01
2.01
1.97
1.99
2.03
2.00
1.97
2.01
2.01
2.02
2.04
2.03
2.02
2.02
2.03
2.05
2.08
2.12
2.13
2.12
2.14
2.15
2.12
2.13
2.13
2.16
2.17
2.18
2.19
2.20
2.19
2.19
2.20
2.21
2.18
2.16
2.14
2.12
2.14
2.17
2.15
2.17
2.18
2.22
2.20
2.19
2.19
2.20
2.18
2.17
2.18
2.17
2.15
2.16
2.16
2.15
2.15
2.13
2.11
2.11
2.14
2.14
2.16
2.15
2.17
2.17
2.19
2.23
2.25
2.29
2.29
2.27
2.27
2.25
2.23
2.26
2.26
2.27
2.28
2.26
2.27
2.25
2.25
2.24
2.24
2.22
2.23
2.25
2.23
2.23
2.23
2.24
2.22
2.21
2.20
2.20
2.19
2.19
2.18
2.17
2.16
2.15
2.14
2.13
2.13
2.12
2.13
2.12
2.11
2.10
2.09
2.08
2.07
2.08
2.08
2.08
2.10
2.10
2.08
2.08
2.09
2.08
2.11
2.12
2.12
2.11
2.12
2.12
2.11
2.10
2.10
2.10
2.09
2.08
2.09
2.08
2.08
2.06
2.05
2.05
2.06
2.05
2.06
2.07
2.09
2.10
2.09
2.08
2.08
2.07
2.07
2.08
2.07
2.06
2.05
2.04
2.03
2.03
2.02
2.02
2.02
2.02
2.02
2.02
2.02
2.01
2.00
2.00
2.00
2.00
2.00
2.00
2.02
2.02
2.03
2.04
2.04
2.04
2.04
2.05
2.05
2.06
2.06
2.07
2.08
2.08
2.09
2.09
2.09
2.10
2.10
2.11
2.11
2.12
2.12
2.12
2.11
2.11
2.10
2.11
2.10
2.10
2.10
2.09
2.09
2.09
2.08
2.09
2.09
2.09
2.09
2.09
2.09
2.09
2.09
2.09
2.10
2.10
2.10
2.10
2.10
2.10
2.10
2.09
2.09
2.09
2.09
2.09
2.09
2.10
2.09
2.09
2.09
2.09
2.08
2.07
2.07
2.06
2.06
2.07
2.07
2.06
2.07
2.06
2.07
2.08
2.07
2.09
2.09
2.09
2.08
2.07
2.07
2.07
2.07
2.08
2.07
2.07
2.07
2.06
2.06
2.08
2.07
2.07
2.07
2.06
2.06
2.05
2.05
2.04
2.04
2.03
2.03
2.03
2.03
2.03
2.02
2.02
2.02
2.02
2.01
2.00
2.00
2.00
2.00
2.00
2.00
2.01
2.00
2.00
2.00
2.00
1.99
1.99
1.98
1.98
1.98
1.97
1.97
1.98
1.98
1.98
1.97
1.97
1.96
1.96
1.96
1.96
1.95
1.95
1.94
1.95
1.95
1.94
1.96
1.96
1.97
1.98
1.97
1.97
1.97
1.98
1.99
1.99
1.99
1.99
2.00
2.00
2.01
2.01
2.00
2.01
2.02
2.01
2.01
2.01
2.01
2.01
2.02
2.02
2.02
2.02
2.02
2.03
2.02
2.03
2.03
2.03
2.02
2.02
2.02
2.01
2.01
2.01
2.00
2.00
2.00
1.99
1.99
1.98
1.99
1.99
1.99
1.99
1.99
1.99
1.99
1.99
1.99
1.99
1.99
1.99
2.00
2.00
2.00
2.00
2.00
2.00
2.00
2.00
2.01
2.01
2.01
2.00
2.00
2.01
2.00
2.00
2.00
2.00
2.00
2.00
2.00
2.00
1.99
1.99
2.00
2.00
2.00
2.00
2.00
2.00
2.00
2.00
1.99
1.99
1.99
1.99
1.99
1.98
1.98
1.98
1.98
1.98
1.98
1.99
1.99
1.99
1.98
1.98
1.98
1.98
1.98
1.98
1.97
1.97
1.97
1.97
1.97
1.97
1.97
1.97
1.97
1.98
1.98
1.97
1.97
1.98
1.98
1.98
1.97
1.97
1.97
1.98
1.98
1.97
1.97
1.97
1.96
1.96
1.96
1.95
1.95
1.95
1.95
1.95
1.96
1.96
1.96
1.95
1.96
1.97
1.96
1.96
1.97
1.97
1.97
1.97
1.97
1.97
1.96
1.97
1.97
1.96
1.96
1.96
1.96
1.96
1.97
1.97
1.97
1.96
1.96
1.96
1.97
1.96
1.96
1.96
1.97
1.97
1.97
1.97
1.97
1.97
1.97
1.97
1.98
1.98
1.98
1.99
1.99
1.99
1.99
1.99
1.99
1.99
1.99
1.99
2.00
1.99
1.99
1.99
1.99
1.99
1.99
1.98
1.98
1.98
1.98
1.98
1.98
1.97
1.97
1.97
1.98
1.97
1.97
1.98
1.98
1.98
1.98
1.98
1.99
2.00
2.00
2.00
2.00
2.00
2.00
2.00
2.00
2.00
2.00
1.99
1.99
1.99
2.00
2.00
2.00
1.99
1.99
2.00
1.99
1.99
1.99
1.99
1.99
1.99
1.99
1.98
1.99
1.99
1.99
1.99
1.99
2.00
2.00
2.00
2.00
2.00
2.00
2.00
2.00
2.00
2.00
2.01
2.01
2.00
2.00
2.00
2.00
2.00
2.00
2.00
2.00
2.00
2.00
2.01
2.00
2.01
2.01
2.00
2.00
2.00
2.01
2.01
2.01
2.01
2.00
2.00
2.01
2.01
2.01
2.01
2.01
2.01
2.01
2.02
2.01
2.02
2.01
2.01
2.01
2.01
2.01
2.00
2.00
2.00
2.00
2.00
2.01
2.01
2.01
2.01
2.01
2.01
2.01
2.01
2.01
2.01
2.01
2.01
2.01
2.01
2.01
2.01
2.01
2.01
2.01
2.01
2.01
2.01
2.01
2.01
2.00
2.01
2.01
2.01
2.01
2.01
2.01
2.00
2.01
2.01
2.01
2.01
2.01
2.01
2.00
2.00
2.00
2.00
2.00
2.00
2.00
2.00
2.01
2.00
2.00
2.00
2.00
2.00
2.00
2.00
2.00
2.00
2.00
2.00
1.99
1.99
2.00
2.00
2.00
2.00
2.00
1.99
1.99
1.99
2.00
2.00
2.00
2.00
2.00
2.00
2.00
2.00
2.00
2.00
2.00
2.00
2.00
1.99
1.99
1.99
1.99
1.99
1.99
1.99
2.00
2.00
2.00
2.00
2.00
2.00
2.00
2.00
2.00
2.00
2.00
2.00
2.00
2.00
2.00
1.99
