81.25
80.47
80.73
80.86
81.88
83.07
82.59
81.45
80.56
80.62
80.97
80.47
80.65
80.58
81.04
80.27
79.96
79.51
79.52
79.61
79.61
79.55
79.55
79.43
79.19
79.57
79.92
79.80
80.01
80.16
80.44
80.42
80.49
80.42
80.27
80.08
80.11
79.98
80.05
80.12
80.14
80.06
80.20
80.15
80.03
80.13
80.25
80.08
80.17
80.16
80.27
80.26
80.37
80.38
80.34
80.33
80.24
80.39
80.35
80.36
80.35
80.39
80.41
80.42
80.55
80.47
80.48
80.54
80.55
80.56
80.57
80.49
80.54
80.47
80.42
80.37
80.34
80.41
80.44
80.37
80.29
80.09
80.16
80.19
80.13
80.12
80.08
80.06
80.06
80.09
80.03
80.03
79.99
79.99
80.00
80.03
80.04
80.04
80.02
80.05
80.11
80.12
80.13
80.08
80.04
80.00
79.98
79.88
79.96
79.93
79.91
79.94
79.96
79.98
80.00
80.05
80.03
80.03
80.04
80.07
79.96
79.98
79.99
79.98
80.00
80.05
80.02
80.08
80.10
80.04
80.01
80.00
80.02
79.91
79.88
79.81
79.78
79.78
79.78
79.79
79.78
79.73
79.71
79.71
79.72
79.67
79.68
79.69
79.66
79.64
79.65
79.61
79.61
79.56
79.46
79.41
79.45
79.42
79.49
79.47
79.39
79.43
79.42
79.39
79.42
79.42
79.39
79.39
79.38
79.40
79.40
79.33
79.32
79.29
79.30
79.31
79.30
79.30
79.25
79.24
79.20
79.21
79.19
79.15
79.16
79.11
79.13
79.07
79.08
79.10
79.10
79.09
79.12
79.11
79.09
79.12
79.16
79.14
79.13
79.11
79.12
79.15
79.20
79.17
79.21
79.20
79.23
79.21
79.24
79.18
79.19
79.23
79.23
79.24
79.22
79.22
79.18
79.19
79.20
79.20
79.21
79.21
79.20
79.20
79.22
79.22
79.23
79.17
79.19
79.18
79.15
79.14
79.12
79.09
79.06
79.04
79.03
78.98
78.99
79.04
79.03
79.06
79.04
79.05
79.08
79.08
79.07
79.08
79.09
79.11
79.09
79.06
79.07
79.07
79.04
79.02
79.00
79.02
79.01
78.98
79.00
78.98
79.01
79.02
79.04
79.01
78.99
78.98
79.01
79.01
78.97
78.98
78.99
79.01
79.02
79.01
79.01
79.04
79.05
79.07
79.04
79.02
79.03
79.03
79.01
79.03
79.05
79.05
79.04
79.02
79.01
79.00
78.99
79.00
79.01
79.01
79.03
79.03
79.04
79.05
79.09
79.09
79.07
79.09
79.09
79.07
79.08
79.07
79.08
79.09
79.07
79.06
79.06
79.05
79.05
79.07
79.06
79.08
79.08
79.08
79.08
79.08
79.09
79.08
79.11
79.09
79.09
79.10
79.09
79.07
79.09
79.08
79.08
79.09
79.11
79.10
79.09
79.09
79.09
79.11
79.11
79.11
79.11
79.11
79.13
79.14
79.14
79.14
79.16
79.17
79.18
79.16
79.18
79.19
79.19
79.20
79.20
79.19
79.19
79.17
79.17
79.17
79.17
79.17
79.16
79.15
79.16
79.15
79.15
79.16
79.15
79.15
79.15
79.13
79.13
79.14
79.13
79.13
79.13
79.13
79.15
79.15
79.16
79.15
79.16
79.18
79.19
79.17
79.18
79.17
79.17
79.15
79.12
79.11
79.10
79.10
79.09
79.09
79.10
79.12
79.11
79.09
79.09
79.10
79.10
79.07
79.07
79.06
79.06
79.07
79.07
79.08
79.08
79.08
79.08
79.09
79.10
79.09
79.08
79.08
79.08
79.10
79.09
79.09
79.09
79.09
79.08
79.09
79.10
79.09
79.09
79.09
79.08
79.09
79.07
79.06
79.07
79.06
79.08
79.08
79.09
79.09
79.07
79.08
79.08
79.08
79.09
79.08
79.08
79.08
79.09
79.08
79.08
79.09
79.11
79.12
79.12
79.10
79.10
79.08
79.07
79.08
79.08
79.08
79.09
79.07
79.06
79.06
79.05
79.07
79.07
79.07
79.09
79.08
79.08
79.10
79.09
79.08
79.08
79.06
79.04
79.04
79.05
79.05
79.05
79.05
79.06
79.05
79.04
79.04
79.04
79.03
79.05
79.06
79.07
79.07
79.06
79.07
79.07
79.05
79.06
79.07
79.07
79.06
79.06
79.06
79.06
79.07
79.08
79.07
79.08
79.07
79.08
79.09
79.10
79.09
79.08
79.09
79.09
79.10
79.08
79.08
79.08
79.08
79.10
79.09
79.09
79.09
79.08
79.08
79.08
79.07
79.08
79.09
79.08
79.09
79.10
79.09
79.09
79.10
79.10
79.08
79.08
79.08
79.09
79.10
79.09
79.09
79.10
79.10
79.10
79.08
79.07
79.06
79.06
79.07
79.08
79.06
79.07
79.07
79.08
79.08
79.08
79.09
79.10
79.10
79.11
79.11
79.11
79.11
79.12
79.11
79.11
79.10
79.10
79.09
79.09
79.10
79.11
79.11
79.11
79.10
79.11
79.12
79.13
79.13
79.12
79.12
79.12
79.12
79.12
79.11
79.09
79.10
79.10
79.10
79.11
79.12
79.12
79.12
79.12
79.13
79.13
79.11
79.11
79.10
79.11
79.12
79.12
79.11
79.13
79.14
79.15
79.15
79.13
79.13
79.13
79.12
79.11
79.12
79.13
79.13
79.11
79.10
79.10
79.09
79.10
79.10
79.11
79.10
79.10
79.10
79.10
79.10
79.09
79.09
79.09
79.09
79.10
79.08
79.09
79.09
79.09
79.10
79.10
79.09
79.10
79.10
79.10
79.11
79.12
79.13
79.12
79.11
79.11
79.11
79.10
79.11
79.11
79.10
79.10
79.09
79.10
79.08
79.09
79.08
79.09
79.08
79.08
79.09
79.08
79.08
79.08
79.08
79.08
79.08
79.08
79.09
79.08
79.09
79.09
79.09
79.09
79.09
79.10
79.10
79.10
79.10
79.10
79.10
79.10
79.10
79.11
79.10
79.09
79.08
79.09
79.08
79.08
79.09
79.08
79.10
79.10
79.10
79.10
79.09
79.09
79.09
79.09
79.08
79.08
79.07
79.08
79.07
79.08
79.07
79.07
79.08
79.07
79.07
79.07
79.07
79.07
79.06
79.06
79.06
79.07
79.06
79.07
79.06
79.05
79.03
79.02
79.01
79.01
79.01
79.01
79.01
79.01
79.02
79.03
79.03
79.04
79.04
79.04
79.04
79.04
79.03
79.03
79.03
79.02
79.04
79.05
79.05
79.05
79.04
79.04
79.05
79.06
79.07
79.06
79.07
79.08
79.08
79.08
79.08
79.08
79.08
79.07
79.07
79.08
79.08
79.07
79.07
79.08
79.06
79.06
79.05
79.05
79.06
79.06
78.99
