37.50
32.81
31.25
32.03
31.25
29.69
29.02
28.91
29.51
30.78
30.68
30.47
30.41
30.58
30.00
29.69
29.87
29.51
29.36
29.37
29.54
29.47
29.89
29.69
29.69
29.75
30.32
30.41
30.33
30.47
30.65
30.81
30.68
30.70
30.45
30.51
30.57
30.35
30.69
30.59
30.56
30.73
30.45
30.65
30.59
30.47
30.42
30.37
30.23
30.37
30.24
30.35
30.31
30.21
30.17
30.19
30.10
30.06
30.08
30.13
29.94
29.86
29.81
29.74
29.74
29.69
29.69
29.69
29.57
29.69
29.58
29.54
29.45
29.48
29.40
29.54
29.50
29.35
29.45
29.45
29.49
29.57
29.57
29.45
29.43
29.40
29.45
29.40
29.37
29.32
29.34
29.31
29.25
29.21
29.18
29.18
29.16
29.08
29.02
29.06
29.10
29.06
29.05
28.95
28.84
28.98
28.97
29.02
29.04
29.06
29.00
28.96
29.04
28.95
28.87
28.92
28.83
28.77
28.78
28.80
28.76
28.73
28.77
28.79
28.75
28.71
28.80
28.87
28.82
28.87
28.88
28.87
28.84
28.80
28.78
28.77
28.75
28.76
28.77
28.79
28.80
28.83
28.87
28.90
28.92
28.95
28.89
28.90
28.89
28.89
28.90
28.85
28.84
28.84
28.87
28.88
28.87
28.86
28.80
28.79
28.79
28.78
28.75
28.70
28.66
28.73
28.69
28.67
28.68
28.69
28.68
28.72
28.78
28.83
28.86
28.91
28.91
28.89
28.91
28.91
28.86
28.89
28.88
28.90
28.93
28.98
28.96
28.91
28.95
28.93
28.94
28.94
28.92
28.89
28.89
28.87
28.85
28.82
28.81
28.78
28.77
28.77
28.74
28.73
28.80
28.80
28.82
28.79
28.78
28.76
28.74
28.74
28.70
28.69
28.70
28.70
28.71
28.68
28.65
28.63
28.63
28.60
28.60
28.56
28.56
28.55
28.52
28.54
28.55
28.55
28.57
28.59
28.61
28.61
28.55
28.57
28.56
28.56
28.55
28.55
28.58
28.54
28.54
28.50
28.51
28.51
28.53
28.55
28.53
28.52
28.47
28.50
28.52
28.54
28.55
28.60
28.61
28.62
28.65
28.66
28.67
28.68
28.70
28.69
28.67
28.66
28.70
28.71
28.72
28.72
28.73
28.73
28.74
28.75
28.74
28.75
28.70
28.71
28.72
28.69
28.72
28.74
28.70
28.76
28.78
28.75
28.76
28.76
28.78
28.82
28.79
28.77
28.81
28.84
28.85
28.83
28.85
28.87
28.87
28.86
28.88
28.89
28.88
28.89
28.87
28.88
28.87
28.88
28.88
28.88
28.88
28.86
28.88
28.89
28.87
28.86
28.87
28.88
28.84
28.83
28.85
28.85
28.84
28.83
28.82
28.82
28.84
28.82
28.83
28.84
28.85
28.82
28.80
28.79
28.77
28.76
28.77
28.78
28.77
28.80
28.79
28.83
28.83
28.81
28.81
28.82
28.83
28.83
28.85
28.84
28.86
28.83
28.84
28.83
28.85
28.83
28.81
28.81
28.82
28.83
28.82
28.80
28.78
28.76
28.78
28.80
28.83
28.84
28.86
28.89
28.88
28.87
28.88
28.89
28.88
28.88
28.87
28.87
28.86
28.84
28.85
28.85
28.85
28.86
28.83
28.85
28.84
28.85
28.84
28.87
28.87
28.87
28.87
28.87
28.88
28.89
28.87
28.87
28.87
28.87
28.88
28.88
28.89
28.89
28.90
28.89
28.89
28.89
28.89
28.87
28.85
28.88
28.87
28.86
28.86
28.84
28.86
28.87
28.88
28.86
28.87
28.88
28.90
28.89
28.88
28.88
28.88
28.88
28.88
28.90
28.91
28.94
28.95
28.96
28.95
28.95
28.96
28.95
28.93
28.91
28.92
28.92
28.91
28.91
28.93
28.93
28.94
28.94
28.93
28.94
28.92
28.90
28.89
28.88
28.89
28.91
28.91
28.92
28.94
28.94
28.97
28.97
28.95
28.94
28.91
28.91
28.92
28.94
28.94
28.92
28.93
28.92
28.92
28.91
28.92
28.89
28.89
28.88
28.87
28.87
28.88
28.87
28.88
28.89
28.89
28.88
28.88
28.89
28.89
28.90
28.90
28.91
28.91
28.91
28.95
28.96
28.95
28.93
28.93
28.94
28.94
28.94
28.93
28.93
28.92
28.92
28.92
28.91
28.90
28.89
28.91
28.91
28.90
28.91
28.90
28.89
28.90
28.89
28.89
28.89
28.87
28.87
28.87
28.87
28.88
28.88
28.87
28.88
28.88
28.87
28.86
28.84
28.84
28.84
28.86
28.85
28.85
28.85
28.86
28.86
28.85
28.86
28.87
28.87
28.86
28.87
28.88
28.90
28.90
28.92
28.94
28.93
28.93
28.93
28.92
28.91
28.92
28.92
28.92
28.92
28.91
28.90
28.90
28.93
28.94
28.94
28.95
28.94
28.93
28.94
28.95
28.97
28.96
28.95
28.97
28.97
28.98
28.98
28.97
28.97
28.97
28.96
28.97
28.98
28.97
28.97
28.97
28.95
28.96
28.96
28.97
28.95
28.96
28.95
28.95
28.95
28.96
28.97
28.97
28.97
28.96
28.98
28.97
28.99
28.97
28.98
28.96
28.95
28.94
28.94
28.93
28.94
28.94
28.94
28.93
28.94
28.94
28.94
28.94
28.93
28.93
28.92
28.93
28.94
28.93
28.93
28.92
28.91
28.91
28.93
28.92
28.92
28.92
28.92
28.93
28.93
28.92
28.92
28.92
28.92
28.93
28.94
28.95
28.93
28.93
28.94
28.94
28.93
28.93
28.93
28.92
28.93
28.92
28.94
28.96
28.97
28.97
28.98
28.99
28.99
28.98
28.98
28.97
28.97
28.99
28.98
28.98
28.98
28.98
28.99
28.98
28.98
28.97
28.97
28.96
28.95
28.97
28.96
28.97
28.98
28.99
29.00
29.01
29.01
29.01
29.02
29.03
29.03
29.02
29.01
29.01
29.00
29.00
28.99
28.99
29.00
29.00
29.00
29.00
29.00
29.00
29.00
28.99
29.00
29.00
29.02
29.01
29.01
29.02
29.04
29.05
29.05
29.04
29.03
29.03
29.02
29.03
29.03
29.03
29.04
29.04
29.04
29.04
29.03
29.03
29.03
29.03
29.04
29.05
29.06
29.07
29.06
29.08
29.06
29.07
29.08
29.07
29.08
29.08
29.07
29.06
29.05
29.06
29.07
29.07
29.07
29.07
29.08
29.08
29.07
29.06
29.07
29.06
29.06
29.06
29.07
29.08
29.07
29.07
29.07
29.07
29.07
29.07
29.07
29.06
29.07
29.08
29.08
29.09
29.08
29.08
29.08
29.08
29.08
29.08
29.08
29.07
29.08
29.08
29.08
29.08
29.05
