9.38
7.03
6.25
8.20
7.50
8.33
8.04
8.79
8.85
8.59
8.66
8.59
8.65
8.82
8.75
8.69
9.10
8.85
8.55
8.44
8.48
8.52
8.42
8.27
8.19
8.41
8.62
8.71
8.73
8.70
8.67
8.94
8.90
8.96
9.15
9.20
9.38
9.38
9.25
9.34
9.41
9.26
9.08
8.98
8.99
8.90
9.08
9.02
9.06
9.06
9.10
9.19
9.17
9.14
9.20
9.24
9.16
9.11
9.11
9.09
9.04
9.02
9.03
9.06
9.01
8.97
9.05
9.08
9.13
9.15
9.07
8.98
8.99
8.99
9.02
9.03
8.99
8.93
8.92
8.89
8.83
8.88
8.77
8.84
8.77
8.70
8.67
8.70
8.78
8.77
8.72
8.71
8.70
8.74
8.73
8.76
8.71
8.74
8.73
8.77
8.82
8.79
8.77
8.80
8.82
8.86
8.83
8.83
8.87
8.88
8.83
8.83
8.84
8.83
8.78
8.77
8.75
8.78
8.76
8.82
8.83
8.82
8.78
8.76
8.78
8.77
8.75
8.76
8.78
8.74
8.73
8.75
8.76
8.73
8.75
8.72
8.75
8.74
8.76
8.78
8.81
8.84
8.80
8.76
8.78
8.76
8.75
8.79
8.83
8.78
8.79
8.78
8.77
8.76
8.78
8.76
8.72
8.70
8.71
8.70
8.72
8.78
8.77
8.75
8.74
8.72
8.72
8.72
8.73
8.69
8.69
8.73
8.70
8.70
8.71
8.72
8.71
8.73
8.75
8.77
8.80
8.77
8.73
8.70
8.74
8.76
8.74
8.74
8.76
8.77
8.75
8.72
8.72
8.74
8.77
8.81
8.82
8.80
8.81
8.77
8.76
8.75
8.78
8.79
8.79
8.80
8.82
8.81
8.77
8.76
8.77
8.77
8.74
8.77
8.75
8.75
8.74
8.74
8.76
8.74
8.75
8.73
8.72
8.73
8.72
8.71
8.69
8.70
8.69
8.70
8.69
8.69
8.67
8.67
8.65
8.65
8.63
8.63
8.63
8.65
8.64
8.63
8.63
8.61
8.60
8.59
8.58
8.59
8.58
8.59
8.58
8.58
8.60
8.61
8.60
8.59
8.60
8.59
8.57
8.56
8.57
8.56
8.57
8.57
8.59
8.56
8.56
8.57
8.60
8.62
8.66
8.65
8.63
8.63
8.61
8.61
8.64
8.63
8.64
8.62
8.62
8.63
8.62
8.62
8.60
8.61
8.62
8.63
8.62
8.62
8.62
8.62
8.60
8.58
8.56
8.55
8.53
8.52
8.52
8.52
8.52
8.53
8.54
8.56
8.57
8.58
8.56
8.56
8.55
8.55
8.56
8.56
8.56
8.54
8.57
8.57
8.57
8.56
8.58
8.58
8.58
8.57
8.56
8.55
8.52
8.53
8.55
8.55
8.54
8.55
8.55
8.55
8.54
8.56
8.56
8.55
8.55
8.54
8.54
8.56
8.55
8.55
8.55
8.54
8.55
8.54
8.55
8.54
8.55
8.55
8.55
8.55
8.55
8.55
8.56
8.56
8.56
8.56
8.55
8.55
8.56
8.56
8.56
8.54
8.54
8.53
8.54
8.55
8.54
8.52
8.54
8.55
8.55
8.54
8.52
8.51
8.51
8.52
8.51
8.52
8.50
8.48
8.48
8.48
8.48
8.47
8.48
8.48
8.49
8.49
8.50
8.50
8.48
8.49
8.50
8.50
8.49
8.48
8.47
8.46
8.46
8.45
8.45
8.46
8.46
8.46
8.46
8.48
8.48
8.48
8.50
8.50
8.49
8.49
8.49
8.49
8.48
8.47
8.47
8.46
8.46
8.46
8.46
8.45
8.45
8.45
8.45
8.44
8.47
8.46
8.46
8.46
8.47
8.46
8.46
8.46
8.46
8.47
8.47
8.47
8.48
8.48
8.49
8.50
8.50
8.51
8.51
8.50
8.50
8.51
8.51
8.51
8.51
8.51
8.51
8.50
8.49
8.48
8.49
8.48
8.49
8.49
8.49
8.49
8.49
8.49
8.49
8.48
8.49
8.48
8.48
8.48
8.48
8.48
8.49
8.49
8.48
8.51
8.51
8.51
8.51
8.50
8.50
8.49
8.49
8.48
8.48
8.49
8.50
8.49
8.48
8.49
8.49
8.50
8.50
8.50
8.51
8.50
8.51
8.51
8.50
8.51
8.50
8.49
8.50
8.51
8.50
8.50
8.49
8.49
8.49
8.48
8.48
8.48
8.47
8.48
8.48
8.49
8.48
8.47
8.48
8.48
8.48
8.48
8.48
8.48
8.48
8.48
8.48
8.47
8.47
8.49
8.49
8.49
8.48
8.47
8.47
8.47
8.46
8.47
8.49
8.48
8.47
8.48
8.47
8.48
8.48
8.47
8.47
8.47
8.48
8.49
8.49
8.48
8.49
8.48
8.48
8.49
8.49
8.48
8.48
8.48
8.48
8.48
8.49
8.49
8.50
8.51
8.50
8.50
8.48
8.49
8.50
8.50
8.49
8.50
8.49
8.50
8.49
8.49
8.48
8.49
8.49
8.48
8.48
8.48
8.48
8.48
8.48
8.47
8.47
8.47
8.47
8.47
8.48
8.48
8.49
8.49
8.49
8.50
8.50
8.50
8.50
8.50
8.50
8.52
8.52
8.52
8.53
8.52
8.52
8.52
8.52
8.52
8.53
8.52
8.52
8.53
8.53
8.53
8.53
8.53
8.53
8.53
8.53
8.53
8.53
8.53
8.53
8.54
8.55
8.55
8.55
8.55
8.56
8.56
8.55
8.55
8.57
8.57
8.58
8.58
8.59
8.59
8.59
8.60
8.59
8.58
8.58
8.59
8.59
8.58
8.59
8.60
8.59
8.59
8.59
8.58
8.59
8.59
8.58
8.57
8.57
8.57
8.57
8.58
8.59
8.58
8.58
8.58
8.58
8.59
8.59
8.59
8.60
8.59
8.59
8.59
8.59
8.60
8.59
8.59
8.60
8.60
8.60
8.59
8.59
8.59
8.59
8.60
8.59
8.59
8.60
8.60
8.60
8.60
8.61
8.60
8.60
8.59
8.59
8.60
8.59
8.59
8.59
8.59
8.59
8.59
8.59
8.59
8.59
8.59
8.60
8.60
8.61
8.60
8.60
8.60
8.59
8.59
8.59
8.59
8.59
8.60
8.60
8.60
8.60
8.60
8.60
8.60
8.60
8.60
8.60
8.61
8.61
8.61
8.62
8.62
8.61
8.62
8.62
8.61
8.61
8.61
8.61
8.62
8.63
8.63
8.62
8.62
8.62
8.61
8.61
8.61
8.62
8.61
8.62
8.62
8.61
8.61
8.61
8.61
8.60
8.60
8.60
8.60
8.61
8.61
8.62
8.62
8.62
8.62
8.62
8.61
8.62
8.62
8.63
8.63
8.63
8.63
8.63
8.62
