40.62
39.06
41.15
41.02
41.56
40.10
40.18
41.60
41.49
40.47
40.48
40.10
40.02
39.96
39.58
39.94
39.71
39.93
39.72
39.22
39.21
39.56
39.33
39.13
38.88
39.06
38.48
38.34
38.47
38.02
38.21
38.28
38.40
38.37
38.57
38.54
38.56
38.69
38.50
38.63
38.64
38.50
38.48
38.64
38.61
38.59
38.70
38.77
38.87
38.91
38.79
39.00
39.09
39.06
39.01
38.90
39.04
39.12
38.98
39.09
39.01
38.96
39.11
39.31
39.30
39.13
39.27
39.18
39.20
39.29
39.33
39.26
39.32
39.40
39.42
39.37
39.43
39.38
39.40
39.28
39.37
39.29
39.36
39.38
39.50
39.53
39.44
39.45
39.45
39.41
39.35
39.35
39.38
39.38
39.31
39.42
39.45
39.56
39.57
39.59
39.53
39.51
39.40
39.38
39.36
39.39
39.35
39.34
39.32
39.26
39.29
39.33
39.35
39.41
39.33
39.30
39.29
39.30
39.33
39.34
39.26
39.18
39.16
39.18
39.16
39.12
39.20
39.17
39.17
39.12
39.13
39.17
39.17
39.12
39.16
39.14
39.15
39.14
39.12
39.20
39.15
39.10
39.10
39.07
39.12
39.14
39.06
39.06
39.09
39.07
39.11
39.11
39.09
39.09
39.12
39.10
39.14
39.11
39.15
39.18
39.22
39.20
39.13
39.08
39.05
39.04
39.03
39.01
38.98
39.02
38.96
38.96
39.04
39.07
39.07
39.06
39.04
39.02
39.03
39.00
39.03
38.98
39.01
39.02
39.01
39.00
39.01
38.97
38.95
38.91
38.88
38.91
38.92
38.89
38.86
38.85
38.85
38.86
38.92
38.93
38.96
39.02
39.02
39.08
39.09
39.13
39.15
39.11
39.08
39.11
39.08
39.06
39.13
39.18
39.21
39.15
39.21
39.23
39.23
39.27
39.27
39.26
39.29
39.26
39.38
39.39
39.37
39.30
39.30
39.35
39.39
39.39
39.36
39.32
39.30
39.29
39.33
39.33
39.32
39.31
39.28
39.28
39.28
39.20
39.22
39.18
39.14
39.12
39.06
39.04
39.04
39.04
39.04
38.98
38.98
38.95
38.90
38.90
38.88
38.88
38.85
38.86
38.85
38.83
38.85
38.83
38.86
38.91
38.91
38.89
38.86
38.91
38.91
38.89
38.86
38.84
38.82
38.79
38.77
38.76
38.76
38.74
38.73
38.70
38.72
38.75
38.72
38.73
38.72
38.73
38.75
38.76
38.75
38.73
38.74
38.76
38.79
38.83
38.83
38.82
38.81
38.84
38.83
38.83
38.79
38.78
38.79
38.80
38.81
38.82
38.80
38.78
38.76
38.77
38.80
38.82
38.82
38.81
38.80
38.79
38.85
38.83
38.84
38.83
38.83
38.83
38.82
38.80
38.82
38.82
38.84
38.87
38.88
38.87
38.89
38.91
38.89
38.90
38.91
38.89
38.89
38.89
38.88
38.88
38.88
38.87
38.90
38.93
38.94
38.95
38.95
38.93
38.94
38.95
38.95
38.97
38.99
38.98
38.97
38.95
38.98
39.02
39.04
39.06
39.02
39.06
39.05
39.01
39.02
39.01
39.00
38.96
38.97
38.98
38.97
38.99
38.98
38.99
39.01
38.98
38.99
39.00
38.99
39.00
38.99
38.97
38.96
38.96
38.97
38.97
38.99
39.00
38.99
38.98
38.98
38.97
38.98
38.97
38.97
38.95
38.96
38.97
38.97
38.99
38.99
38.97
38.96
38.97
38.98
39.01
39.01
39.02
39.02
39.05
39.05
39.07
39.06
39.07
39.09
39.10
39.11
39.11
39.11
39.10
39.09
39.10
39.10
39.11
39.09
39.10
39.08
39.08
39.08
39.07
39.06
39.06
39.03
39.04
39.04
39.08
39.07
39.08
39.09
39.08
39.06
39.05
39.07
39.07
39.07
39.06
39.04
39.05
39.06
39.05
39.02
39.02
39.01
39.01
39.01
39.01
39.02
39.01
39.02
39.03
39.05
39.06
39.05
39.05
39.05
39.06
39.05
39.06
39.11
39.10
39.10
39.11
39.10
39.09
39.08
39.07
39.08
39.07
39.06
39.08
39.06
39.06
39.06
39.06
39.06
39.06
39.06
39.06
39.06
39.04
39.04
39.05
39.04
39.03
39.02
39.05
39.06
39.05
39.04
39.04
39.05
39.04
39.03
39.02
39.03
39.03
39.03
39.04
39.03
39.02
39.04
39.02
39.04
39.04
39.03
39.02
39.01
38.97
38.95
38.96
38.96
38.95
38.95
38.95
38.94
38.95
38.93
38.95
38.93
38.92
38.95
38.94
38.93
38.93
38.95
38.96
38.97
38.97
38.98
38.99
39.00
39.00
38.98
38.99
39.00
39.00
38.99
38.99
39.00
39.00
38.99
39.00
39.00
39.00
39.01
39.01
39.02
39.02
39.03
39.02
39.02
39.02
39.02
39.00
39.00
39.02
39.02
39.01
39.00
38.99
38.97
38.98
38.97
38.98
38.97
38.95
38.95
38.95
38.94
38.95
38.95
38.95
38.95
38.93
38.91
38.91
38.91
38.91
38.93
38.94
38.93
38.94
38.96
38.96
38.96
38.97
38.96
38.96
38.95
38.94
38.94
38.94
38.93
38.95
38.95
38.96
38.96
38.97
38.97
38.97
38.99
39.01
39.01
39.01
39.02
39.03
39.04
39.03
39.03
39.02
39.03
39.03
39.03
39.04
39.05
39.05
39.05
39.05
39.04
39.06
39.07
39.08
39.08
39.07
39.09
39.07
39.07
39.06
39.05
39.06
39.09
39.10
39.09
39.09
39.08
39.09
39.09
39.10
39.10
39.09
39.09
39.09
39.09
39.08
39.08
39.08
39.08
39.07
39.05
39.05
39.06
39.06
39.05
39.05
39.05
39.04
39.04
39.04
39.05
39.05
39.05
39.04
39.03
39.02
39.02
39.01
39.03
39.03
39.04
39.05
39.05
39.06
39.06
39.06
39.04
39.04
39.03
39.05
39.06
39.04
39.05
39.06
39.06
39.05
39.06
39.05
39.06
39.07
39.07
39.09
39.09
39.08
39.08
39.07
39.07
39.07
39.07
39.07
39.06
39.06
39.06
39.06
39.06
39.06
39.06
39.05
39.05
39.03
39.03
39.03
39.05
39.05
39.03
39.03
39.02
39.00
39.00
38.99
38.99
38.98
38.98
38.98
38.99
38.98
38.96
38.95
38.93
38.93
38.92
38.92
38.92
38.92
38.92
38.92
38.91
38.91
38.91
38.92
38.92
38.92
38.92
38.91
38.90
38.90
38.90
38.90
38.89
38.87
38.87
38.89
38.89
38.90
38.91
38.91
38.92
38.92
38.91
38.91
38.92
38.94
38.94
38.94
38.95
38.95
38.94
38.94
38.93
38.89
