76.56
77.34
79.17
79.30
80.94
80.21
79.24
79.88
80.56
79.69
79.40
79.17
79.33
79.24
79.17
79.10
78.49
78.47
78.54
78.91
78.79
78.91
79.01
79.04
79.19
78.79
78.65
78.68
78.83
78.96
78.43
78.47
78.36
78.45
78.26
78.08
78.29
78.33
78.33
78.28
78.39
78.42
78.45
78.52
78.58
78.60
78.52
78.52
78.67
78.62
78.71
78.82
78.80
78.82
78.69
78.82
78.87
78.80
78.84
78.80
78.77
78.63
78.62
78.61
78.63
78.60
78.71
78.65
78.62
78.48
78.54
78.58
78.57
78.57
78.58
78.60
78.61
78.61
78.74
78.81
78.86
78.77
78.73
78.89
78.84
78.74
78.65
78.66
78.69
78.66
78.69
78.80
78.76
78.81
78.85
78.87
78.85
78.86
78.85
78.89
78.93
78.81
78.85
78.86
78.82
78.79
78.77
78.80
78.77
78.78
78.80
78.82
78.82
78.73
78.71
78.65
78.67
78.63
78.62
78.63
78.65
78.65
78.62
78.68
78.71
78.68
78.70
78.70
78.78
78.80
78.78
78.74
78.71
78.70
78.66
78.66
78.66
78.68
78.71
78.73
78.77
78.74
78.76
78.75
78.77
78.79
78.73
78.67
78.62
78.60
78.60
78.59
78.58
78.59
78.65
78.64
78.64
78.60
78.67
78.67
78.71
78.72
78.76
78.73
78.78
78.77
78.77
78.78
78.76
78.78
78.79
78.77
78.77
78.74
78.76
78.73
78.72
78.67
78.67
78.67
78.66
78.65
78.65
78.63
78.67
78.63
78.62
78.65
78.65
78.59
78.57
78.58
78.57
78.63
78.65
78.67
78.62
78.59
78.58
78.56
78.55
78.57
78.60
78.62
78.59
78.60
78.60
78.60
78.62
78.63
78.63
78.61
78.60
78.61
78.62
78.65
78.66
78.68
78.68
78.66
78.63
78.63
78.64
78.66
78.64
78.66
78.64
78.62
78.60
78.61
78.60
78.60
78.60
78.60
78.62
78.61
78.62
78.60
78.60
78.57
78.54
78.52
78.50
78.52
78.55
78.54
78.56
78.56
78.55
78.54
78.54
78.52
78.52
78.53
78.51
78.49
78.52
78.49
78.46
78.48
78.50
78.48
78.46
78.47
78.47
78.44
78.46
78.47
78.50
78.45
78.46
78.44
78.43
78.43
78.44
78.45
78.46
78.48
78.48
78.49
78.48
78.48
78.47
78.48
78.48
78.44
78.44
78.41
78.40
78.41
78.43
78.44
78.42
78.40
78.41
78.42
78.43
78.41
78.38
78.33
78.34
78.35
78.32
78.31
78.29
78.31
78.34
78.35
78.39
78.36
78.39
78.36
78.34
78.33
78.33
78.32
78.31
78.28
78.24
78.25
78.25
78.26
78.26
78.28
78.31
78.31
78.29
78.28
78.30
78.30
78.32
78.33
78.33
78.33
78.32
78.31
78.32
78.31
78.32
78.33
78.33
78.33
78.35
78.35
78.37
78.38
78.35
78.37
78.38
78.39
78.41
78.43
78.44
78.45
78.46
78.46
78.45
78.46
78.43
78.42
78.40
78.41
78.40
78.41
78.42
78.43
78.46
78.45
78.45
78.46
78.48
78.47
78.48
78.43
78.44
78.44
78.44
78.45
78.45
78.45
78.45
78.46
78.46
78.47
78.46
78.46
78.44
78.44
78.45
78.48
78.48
78.52
78.52
78.49
78.47
78.49
78.50
78.52
78.52
78.51
78.53
78.49
78.50
78.49
78.54
78.54
78.54
78.51
78.53
78.52
78.54
78.52
78.51
78.51
78.52
78.50
78.52
78.51
78.51
78.51
78.52
78.52
78.52
78.52
78.51
78.51
78.53
78.52
78.51
78.52
78.51
78.50
78.52
78.53
78.54
78.54
78.54
78.55
78.55
78.55
78.53
78.52
78.53
78.51
78.50
78.51
78.51
78.50
78.50
78.52
78.51
78.49
78.49
78.49
78.48
78.47
78.45
78.45
78.43
78.43
78.40
78.41
78.41
78.41
78.39
78.38
78.39
78.39
78.38
78.40
78.41
78.39
78.38
78.39
78.38
78.38
78.37
78.38
78.37
78.38
78.38
78.38
78.40
78.41
78.42
78.40
78.40
78.39
78.38
78.39
78.41
78.42
78.40
78.41
78.42
78.42
78.44
78.45
78.45
78.47
78.46
78.46
78.46
78.46
78.47
78.48
78.49
78.47
78.48
78.47
78.47
78.47
78.46
78.45
78.46
78.45
78.44
78.44
78.44
78.45
78.45
78.46
78.43
78.43
78.44
78.45
78.45
78.45
78.46
78.46
78.47
78.46
78.46
78.47
78.48
78.47
78.47
78.47
78.46
78.45
78.45
78.46
78.46
78.46
78.45
78.45
78.43
78.42
78.42
78.42
78.41
78.41
78.43
78.43
78.44
78.44
78.44
78.44
78.44
78.45
78.45
78.44
78.44
78.44
78.42
78.40
78.41
78.40
78.39
78.40
78.39
78.39
78.39
78.39
78.37
78.38
78.38
78.38
78.38
78.36
78.36
78.36
78.36
78.36
78.37
78.37
78.37
78.38
78.35
78.35
78.37
78.37
78.36
78.37
78.37
78.35
78.34
78.35
78.34
78.35
78.35
78.35
78.37
78.37
78.36
78.36
78.36
78.36
78.36
78.35
78.35
78.38
78.36
78.37
78.37
78.36
78.36
78.37
78.36
78.37
78.36
78.38
78.38
78.40
78.40
78.40
78.39
78.38
78.39
78.38
78.38
78.38
78.39
78.39
78.39
78.41
78.40
78.41
78.41
78.41
78.40
78.41
78.41
78.40
78.40
78.40
78.41
78.41
78.40
78.41
78.41
78.41
78.42
78.41
78.39
78.40
78.40
78.40
78.41
78.40
78.39
78.39
78.40
78.40
78.40
78.40
78.39
78.40
78.39
78.41
78.41
78.41
78.40
78.42
78.43
78.42
78.42
78.40
78.40
78.40
78.40
78.41
78.39
78.40
78.40
78.41
78.42
78.42
78.41
78.41
78.41
78.41
78.41
78.40
78.41
78.40
78.40
78.40
78.38
78.39
78.40
78.39
78.39
78.38
78.39
78.39
78.39
78.39
78.39
78.40
78.40
78.41
78.41
78.42
78.43
78.43
78.44
78.43
78.44
78.44
78.44
78.44
78.45
78.45
78.45
78.45
78.45
78.44
78.45
78.44
78.44
78.44
78.43
78.43
78.43
78.43
78.43
78.44
78.44
78.45
78.45
78.45
78.45
78.44
78.44
78.44
78.45
78.45
78.43
78.43
78.42
78.42
78.41
78.41
78.40
78.41
78.41
78.41
78.42
78.41
78.42
78.43
78.42
78.43
78.42
78.42
78.44
78.43
78.44
78.44
78.45
78.45
78.46
78.46
78.46
78.45
78.45
78.45
78.44
78.43
78.41
78.34
