85.94
82.81
79.69
80.86
80.94
79.95
79.91
79.88
79.86
80.31
80.26
80.47
79.93
79.91
80.21
79.69
79.78
79.95
80.51
80.39
79.99
80.04
79.89
79.69
79.31
79.39
79.40
79.52
80.01
79.95
79.89
79.98
79.83
79.69
79.78
79.73
79.94
80.10
80.17
80.08
80.07
80.02
79.94
79.94
80.00
79.86
79.85
79.85
79.88
79.97
80.06
80.14
80.13
80.24
80.31
80.13
80.18
80.20
80.19
80.26
80.25
80.17
80.23
80.37
80.36
80.35
80.32
80.40
80.34
80.36
80.41
80.49
80.44
80.43
80.40
80.41
80.44
80.35
80.44
80.43
80.44
80.51
80.52
80.58
80.53
80.61
80.66
80.66
80.72
80.76
80.82
80.81
80.90
80.83
80.86
80.97
80.98
80.98
80.95
80.95
80.99
80.93
80.93
80.93
80.97
80.98
81.09
81.06
81.05
81.11
81.04
81.01
81.08
81.03
80.94
80.95
80.98
80.95
80.91
80.92
80.98
81.07
81.05
81.06
81.10
81.08
81.08
81.08
81.10
81.14
81.15
81.14
81.20
81.15
81.13
81.09
81.09
81.10
81.14
81.15
81.16
81.19
81.16
81.16
81.19
81.21
81.21
81.20
81.23
81.24
81.29
81.29
81.29
81.29
81.28
81.31
81.33
81.29
81.27
81.29
81.26
81.29
81.27
81.29
81.28
81.30
81.34
81.37
81.38
81.39
81.40
81.38
81.43
81.44
81.38
81.37
81.36
81.39
81.38
81.40
81.38
81.40
81.44
81.45
81.45
81.50
81.50
81.54
81.53
81.55
81.54
81.53
81.51
81.53
81.55
81.57
81.60
81.60
81.60
81.55
81.53
81.52
81.51
81.51
81.52
81.48
81.48
81.45
81.45
81.44
81.44
81.46
81.48
81.48
81.51
81.50
81.49
81.52
81.50
81.48
81.46
81.48
81.47
81.48
81.44
81.47
81.46
81.46
81.48
81.47
81.48
81.45
81.46
81.45
81.48
81.48
81.49
81.48
81.49
81.52
81.50
81.50
81.50
81.49
81.51
81.49
81.53
81.54
81.51
81.50
81.50
81.49
81.52
81.55
81.54
81.56
81.54
81.50
81.50
81.47
81.46
81.44
81.43
81.42
81.43
81.42
81.41
81.42
81.42
81.43
81.47
81.49
81.50
81.48
81.48
81.49
81.49
81.51
81.52
81.51
81.51
81.52
81.52
81.51
81.52
81.49
81.48
81.45
81.48
81.51
81.53
81.51
81.52
81.52
81.52
81.52
81.52
81.54
81.51
81.50
81.52
81.54
81.57
81.58
81.57
81.56
81.57
81.57
81.58
81.55
81.57
81.57
81.57
81.58
81.58
81.61
81.60
81.60
81.59
81.58
81.59
81.58
81.56
81.58
81.60
81.58
81.58
81.56
81.60
81.60
81.60
81.62
81.61
81.62
81.64
81.64
81.63
81.64
81.64
81.64
81.66
81.67
81.68
81.70
81.69
81.68
81.69
81.68
81.68
81.66
81.66
81.65
81.65
81.67
81.69
81.70
81.67
81.66
81.66
81.68
81.67
81.67
81.67
81.68
81.70
81.71
81.71
81.70
81.71
81.71
81.73
81.72
81.73
81.73
81.72
81.74
81.74
81.75
81.76
81.75
81.77
81.79
81.78
81.77
81.77
81.77
81.79
81.79
81.78
81.78
81.78
81.77
81.77
81.79
81.79
81.79
81.80
81.77
81.74
81.73
81.72
81.73
81.75
81.74
81.73
81.74
81.75
81.76
81.77
81.77
81.77
81.78
81.79
81.78
81.81
81.81
81.79
81.79
81.79
81.78
81.81
81.81
81.80
81.80
81.80
81.80
81.80
81.82
81.83
81.81
81.81
81.82
81.82
81.83
81.82
81.81
81.81
81.81
81.82
81.82
81.82
81.82
81.81
81.80
81.80
81.78
81.78
81.78
81.77
81.76
81.76
81.76
81.76
81.77
81.78
81.78
81.78
81.78
81.78
81.78
81.79
81.80
81.82
81.81
81.81
81.83
81.84
81.83
81.85
81.86
81.87
81.85
81.86
81.86
81.85
81.84
81.83
81.84
81.83
81.84
81.85
81.84
81.85
81.85
81.84
81.84
81.84
81.86
81.86
81.85
81.86
81.85
81.86
81.85
81.85
81.84
81.85
81.86
81.85
81.85
81.85
81.86
81.87
81.89
81.88
81.88
81.87
81.86
81.86
81.85
81.83
81.85
81.86
81.85
81.85
81.86
81.86
81.87
81.86
81.87
81.87
81.87
81.88
81.89
81.90
81.91
81.91
81.92
81.92
81.91
81.91
81.91
81.90
81.91
81.91
81.92
81.94
81.95
81.94
81.94
81.94
81.94
81.94
81.93
81.91
81.89
81.90
81.90
81.89
81.88
81.89
81.88
81.88
81.88
81.88
81.89
81.89
81.90
81.90
81.91
81.90
81.91
81.92
81.92
81.93
81.92
81.93
81.90
81.90
81.90
81.89
81.89
81.91
81.89
81.88
81.89
81.90
81.90
81.88
81.88
81.89
81.88
81.88
81.88
81.89
81.90
81.89
81.88
81.89
81.89
81.90
81.92
81.91
81.92
81.91
81.93
81.93
81.93
81.93
81.93
81.94
81.92
81.93
81.94
81.93
81.93
81.93
81.92
81.91
81.92
81.91
81.92
81.92
81.92
81.92
81.93
81.93
81.92
81.91
81.90
81.90
81.90
81.90
81.91
81.90
81.90
81.91
81.90
81.90
81.90
81.90
81.88
81.89
81.88
81.89
81.88
81.89
81.88
81.86
81.87
81.87
81.88
81.88
81.88
81.88
81.87
81.87
81.88
81.89
81.89
81.89
81.88
81.88
81.89
81.88
81.88
81.89
81.89
81.89
81.88
81.88
81.89
81.90
81.90
81.90
81.90
81.90
81.90
81.90
81.91
81.92
81.91
81.90
81.91
81.90
81.89
81.89
81.90
81.90
81.91
81.91
81.91
81.90
81.90
81.91
81.92
81.93
81.93
81.93
81.93
81.94
81.94
81.94
81.93
81.94
81.94
81.94
81.93
81.94
81.93
81.93
81.93
81.93
81.94
81.94
81.94
81.94
81.95
81.96
81.95
81.95
81.96
81.95
81.94
81.94
81.94
81.93
81.93
81.93
81.92
81.92
81.92
81.92
81.91
81.92
81.92
81.92
81.92
81.93
81.93
81.94
81.92
81.92
81.91
81.91
81.92
81.92
81.91
81.92
81.90
81.90
81.89
81.89
81.89
81.89
81.90
81.90
81.89
81.91
81.91
81.91
81.91
81.91
81.91
81.92
81.91
81.92
81.92
81.91
81.92
81.92
81.91
81.92
81.92
81.93
81.92
81.92
81.92
81.93
81.94
81.95
81.95
81.96
81.96
81.95
81.96
81.96
81.96
81.96
81.96
81.96
81.89
