0.00
0.78
0.52
1.17
2.19
2.60
3.35
3.91
3.82
3.59
3.41
3.26
3.49
3.24
3.02
3.22
3.31
3.21
3.12
3.12
2.98
2.84
2.79
2.73
2.62
2.52
2.49
2.40
2.48
2.45
2.47
2.49
2.56
2.53
2.50
2.52
2.58
2.59
2.56
2.50
2.52
2.46
2.40
2.38
2.33
2.34
2.46
2.47
2.46
2.41
2.42
2.37
2.33
2.31
2.33
2.32
2.33
2.48
2.44
2.40
2.41
2.37
2.43
2.42
2.43
2.41
2.40
2.39
2.40
2.41
2.42
2.39
2.38
2.36
2.35
2.34
2.35
2.32
2.35
2.32
2.30
2.31
2.30
2.29
2.26
2.23
2.24
2.24
2.21
2.20
2.18
2.16
2.15
2.13
2.14
2.16
2.21
2.20
2.18
2.17
2.15
2.14
2.14
2.12
2.13
2.12
2.13
2.13
2.12
2.10
2.11
2.13
2.13
2.12
2.13
2.11
2.11
2.11
2.11
2.10
2.09
2.09
2.10
2.12
2.10
2.10
2.08
2.09
2.08
2.08
2.09
2.07
2.08
2.11
2.13
2.14
2.17
2.16
2.15
2.14
2.14
2.13
2.13
2.12
2.10
2.09
2.07
2.06
2.04
2.05
2.04
2.05
2.05
2.04
2.04
2.04
2.03
2.03
2.03
2.02
2.03
2.03
2.03
2.03
2.04
2.04
2.07
2.08
2.08
2.07
2.07
2.08
2.08
2.07
2.07
2.06
2.07
2.06
2.05
2.06
2.05
2.06
2.07
2.06
2.05
2.08
2.07
2.06
2.09
2.09
2.08
2.08
2.10
2.10
2.09
2.10
2.09
2.08
2.08
2.07
2.06
2.07
2.08
2.08
2.07
2.06
2.05
2.05
2.06
2.05
2.06
2.05
2.05
2.04
2.04
2.04
2.03
2.04
2.03
2.03
2.02
2.01
2.03
2.03
2.03
2.03
2.02
2.02
2.01
2.01
2.00
2.00
2.01
2.00
1.99
1.99
2.00
2.00
2.00
1.99
1.99
2.00
2.00
2.02
2.02
2.01
2.02
2.02
2.02
2.01
2.00
2.00
2.00
1.99
1.99
1.99
1.99
1.99
1.99
1.99
1.99
1.99
1.98
1.98
1.98
1.99
1.98
1.99
1.98
1.97
1.98
1.97
1.97
1.97
1.96
1.98
1.97
1.97
1.98
1.98
1.97
1.98
1.98
1.99
1.99
1.99
1.99
2.00
1.99
1.99
1.99
1.99
1.99
2.00
1.99
1.98
1.98
1.98
1.97
1.96
1.97
1.97
1.96
1.96
1.95
1.96
1.95
1.95
1.95
1.95
1.94
1.94
1.94
1.94
1.94
1.94
1.94
1.94
1.93
1.93
1.94
1.94
1.94
1.95
1.95
1.95
1.95
1.96
1.97
1.96
1.95
1.95
1.95
1.96
1.95
1.95
1.95
1.96
1.95
1.96
1.96
1.96
1.96
1.96
1.96
1.96
1.95
1.96
1.97
1.96
1.97
1.97
1.97
1.97
1.96
1.96
1.96
1.95
1.95
1.94
1.94
1.95
1.95
1.94
1.94
1.94
1.94
1.95
1.95
1.94
1.95
1.94
1.94
1.94
1.94
1.93
1.93
1.92
1.92
1.92
1.92
1.91
1.91
1.92
1.92
1.92
1.92
1.92
1.92
1.92
1.93
1.92
1.92
1.92
1.93
1.92
1.92
1.93
1.93
1.93
1.92
1.92
1.92
1.91
1.92
1.92
1.91
1.91
1.91
1.91
1.91
1.90
1.90
1.90
1.89
1.90
1.90
1.90
1.90
1.90
1.89
1.89
1.89
1.90
1.90
1.90
1.90
1.91
1.91
1.91
1.91
1.91
1.91
1.91
1.91
1.92
1.92
1.92
1.92
1.92
1.92
1.92
1.93
1.93
1.93
1.93
1.93
1.93
1.92
1.93
1.93
1.93
1.93
1.93
1.92
1.92
1.92
1.91
1.91
1.91
1.91
1.91
1.91
1.91
1.91
1.91
1.91
1.91
1.91
1.91
1.90
1.90
1.90
1.89
1.89
1.89
1.89
1.89
1.89
1.89
1.88
1.88
1.88
1.88
1.87
1.88
1.87
1.88
1.88
1.87
1.88
1.88
1.88
1.88
1.88
1.88
1.87
1.88
1.88
1.87
1.87
1.88
1.88
1.88
1.89
1.89
1.89
1.89
1.89
1.90
1.90
1.90
1.89
1.90
1.90
1.90
1.89
1.90
1.90
1.90
1.90
1.89
1.89
1.89
1.89
1.89
1.89
1.90
1.90
1.90
1.90
1.90
1.90
1.90
1.91
1.91
1.91
1.91
1.91
1.91
1.91
1.91
1.90
1.90
1.90
1.90
1.90
1.90
1.90
1.90
1.90
1.90
1.90
1.90
1.90
1.91
1.90
1.90
1.90
1.89
1.89
1.89
1.89
1.89
1.88
1.89
1.89
1.89
1.89
1.89
1.89
1.89
1.89
1.88
1.89
1.89
1.89
1.89
1.89
1.89
1.89
1.89
1.89
1.90
1.90
1.90
1.90
1.89
1.89
1.89
1.89
1.89
1.89
1.89
1.89
1.90
1.89
1.90
1.90
1.89
1.89
1.89
1.89
1.89
1.89
1.89
1.88
1.89
1.89
1.89
1.89
1.89
1.89
1.88
1.88
1.88
1.88
1.88
1.88
1.87
1.87
1.88
1.88
1.87
1.88
1.88
1.88
1.88
1.88
1.87
1.87
1.88
1.88
1.88
1.88
1.88
1.89
1.89
1.89
1.88
1.88
1.89
1.90
1.89
1.89
1.90
1.89
1.89
1.89
1.89
1.89
1.89
1.89
1.89
1.88
1.88
1.88
1.88
1.88
1.87
1.87
1.87
1.87
1.88
1.87
1.87
1.87
1.88
1.88
1.88
1.88
1.88
1.88
1.88
1.88
1.88
1.88
1.89
1.88
1.88
1.89
1.88
1.89
1.88
1.88
1.88
1.88
1.88
1.88
1.88
1.88
1.88
1.88
1.88
1.88
1.89
1.88
1.88
1.89
1.89
1.89
1.89
1.89
1.89
1.89
1.89
1.89
1.89
1.89
1.88
1.88
1.88
1.88
1.89
1.89
1.89
1.89
1.89
1.89
1.89
1.89
1.89
1.89
1.89
1.89
1.89
1.89
1.89
1.88
1.88
1.88
1.88
1.88
1.88
1.88
1.88
1.88
1.88
1.88
1.87
1.87
1.87
1.88
1.88
1.87
1.87
1.88
1.88
1.88
1.87
1.88
1.88
1.88
1.88
1.88
1.88
1.87
1.87
1.87
1.87
1.88
1.87
1.87
1.88
1.87
1.87
1.87
1.88
1.88
1.88
1.89
1.89
1.89
1.89
1.89
1.89
1.89
1.89
1.89
1.89
1.89
1.89
