73.44
76.56
79.17
78.52
79.69
80.47
82.37
81.64
81.42
82.03
82.24
82.68
82.81
82.48
82.19
82.52
82.08
82.03
82.15
82.19
82.37
82.46
82.27
82.16
81.88
81.91
82.12
82.25
82.22
82.14
82.31
82.42
82.48
82.58
82.50
82.68
82.69
82.57
82.33
82.34
82.39
82.37
82.27
82.28
82.22
82.20
82.08
82.29
82.37
82.25
82.35
82.33
82.31
82.20
82.19
82.09
81.99
81.92
82.10
82.21
81.97
81.91
81.97
81.96
81.95
81.96
81.90
81.94
81.86
81.92
81.93
81.97
82.02
81.97
82.10
82.09
82.20
82.15
82.16
82.19
82.20
82.18
82.23
82.09
82.28
82.30
82.27
82.23
82.20
82.22
82.18
82.22
82.14
82.05
82.07
82.03
82.07
82.06
82.09
82.08
82.04
82.05
82.13
82.11
82.10
82.19
82.26
82.23
82.24
82.23
82.19
82.14
82.15
82.06
82.08
82.00
82.04
82.10
82.10
82.20
82.17
82.11
82.11
82.13
82.15
82.12
82.05
82.07
82.07
82.08
82.07
82.08
82.05
82.04
82.01
82.10
82.14
82.11
82.17
82.12
82.13
82.09
82.05
82.00
81.97
81.89
81.91
81.94
81.95
81.96
81.98
81.99
81.93
81.87
81.85
81.81
81.82
81.85
81.86
81.87
81.86
81.81
81.83
81.85
81.82
81.75
81.75
81.72
81.70
81.71
81.75
81.64
81.62
81.65
81.65
81.72
81.79
81.76
81.75
81.78
81.79
81.77
81.77
81.79
81.79
81.82
81.82
81.77
81.76
81.74
81.68
81.71
81.70
81.68
81.63
81.64
81.66
81.64
81.60
81.60
81.61
81.55
81.53
81.51
81.52
81.58
81.55
81.54
81.57
81.54
81.58
81.59
81.59
81.58
81.59
81.59
81.61
81.62
81.61
81.63
81.63
81.63
81.66
81.68
81.65
81.68
81.68
81.70
81.75
81.77
81.75
81.74
81.74
81.74
81.76
81.73
81.72
81.69
81.66
81.67
81.68
81.64
81.63
81.61
81.63
81.66
81.64
81.67
81.65
81.66
81.65
81.67
81.63
81.62
81.64
81.64
81.65
81.65
81.67
81.68
81.68
81.67
81.65
81.65
81.66
81.67
81.69
81.66
81.67
81.68
81.73
81.70
81.67
81.68
81.65
81.66
81.68
81.71
81.72
81.72
81.71
81.70
81.71
81.71
81.72
81.73
81.73
81.72
81.73
81.71
81.71
81.70
81.71
81.72
81.74
81.78
81.77
81.77
81.78
81.81
81.79
81.78
81.82
81.84
81.86
81.86
81.86
81.85
81.83
81.83
81.83
81.84
81.84
81.86
81.85
81.83
81.81
81.80
81.80
81.78
81.78
81.76
81.77
81.76
81.76
81.75
81.76
81.76
81.77
81.73
81.73
81.73
81.74
81.74
81.74
81.75
81.75
81.74
81.76
81.75
81.74
81.74
81.75
81.76
81.77
81.76
81.74
81.76
81.76
81.75
81.76
81.74
81.76
81.76
81.77
81.78
81.80
81.80
81.80
81.81
81.80
81.80
81.81
81.83
81.84
81.83
81.84
81.82
81.81
81.80
81.81
81.81
81.82
81.81
81.82
81.81
81.81
81.80
81.81
81.81
81.81
81.83
81.85
81.84
81.82
81.83
81.84
81.83
81.83
81.84
81.85
81.86
81.86
81.86
81.86
81.87
81.87
81.89
81.89
81.90
81.90
81.90
81.90
81.90
81.88
81.87
81.85
81.85
81.83
81.81
81.82
81.82
81.81
81.82
81.82
81.82
81.81
81.81
81.80
81.79
81.79
81.79
81.80
81.82
81.84
81.84
81.84
81.85
81.86
81.87
81.87
81.86
81.87
81.87
81.88
81.88
81.89
81.89
81.89
81.89
81.90
81.90
81.90
81.90
81.89
81.89
81.87
81.85
81.85
81.87
81.86
81.87
81.88
81.87
81.88
81.88
81.88
81.89
81.87
81.90
81.90
81.91
81.89
81.89
81.90
81.90
81.91
81.91
81.90
81.90
81.90
81.88
81.88
81.88
81.87
81.87
81.90
81.88
81.88
81.87
81.87
81.88
81.88
81.88
81.88
81.88
81.88
81.89
81.91
81.90
81.91
81.91
81.93
81.92
81.93
81.93
81.95
81.94
81.93
81.92
81.93
81.94
81.93
81.94
81.94
81.93
81.92
81.93
81.93
81.94
81.94
81.95
81.94
81.92
81.94
81.93
81.92
81.92
81.92
81.92
81.92
81.93
81.94
81.95
81.96
81.96
81.95
81.94
81.96
81.96
81.95
81.93
81.93
81.93
81.94
81.93
81.93
81.93
81.93
81.93
81.92
81.93
81.92
81.93
81.93
81.93
81.92
81.92
81.93
81.93
81.91
81.92
81.92
81.92
81.91
81.91
81.91
81.91
81.92
81.90
81.90
81.90
81.90
81.90
81.91
81.90
81.89
81.89
81.87
81.88
81.88
81.89
81.88
81.87
81.88
81.88
81.89
81.90
81.90
81.89
81.90
81.90
81.90
81.91
81.93
81.93
81.92
81.91
81.92
81.91
81.91
81.91
81.90
81.92
81.92
81.92
81.92
81.91
81.92
81.93
81.94
81.94
81.93
81.94
81.94
81.94
81.94
81.94
81.93
81.93
81.94
81.94
81.95
81.95
81.96
81.96
81.96
81.96
81.95
81.95
81.94
81.93
81.94
81.95
81.95
81.95
81.96
81.95
81.94
81.95
81.95
81.96
81.96
81.96
81.96
81.95
81.97
81.97
81.99
82.00
82.00
81.99
81.99
82.00
82.00
82.00
82.00
82.01
82.01
82.02
82.02
82.03
82.03
82.04
82.03
82.04
82.05
82.05
82.05
82.04
82.05
82.04
82.05
82.05
82.05
82.05
82.05
82.04
82.04
82.05
82.06
82.06
82.07
82.06
82.07
82.05
82.05
82.05
82.05
82.05
82.06
82.06
82.06
82.06
82.06
82.07
82.07
82.07
82.08
82.07
82.07
82.07
82.08
82.07
82.08
82.09
82.08
82.09
82.09
82.09
82.10
82.09
82.09
82.08
82.07
82.08
82.09
82.08
82.07
82.07
82.07
82.07
82.08
82.06
82.07
82.06
82.07
82.07
82.07
82.06
82.06
82.06
82.06
82.05
82.06
82.05
82.04
82.05
82.05
82.05
82.05
82.06
82.06
82.06
82.05
82.05
82.05
82.05
82.04
82.04
82.04
82.04
82.04
82.05
82.05
82.05
82.05
82.04
82.05
82.05
82.06
82.06
82.05
82.05
82.04
82.03
82.04
82.03
82.02
82.01
82.01
82.02
82.02
82.01
82.01
82.00
82.01
