81.25
81.25
81.77
82.03
82.81
83.85
83.48
83.40
83.85
83.28
82.81
82.81
82.45
82.37
82.08
82.23
82.17
82.12
81.74
82.19
82.44
81.89
82.07
81.71
81.75
81.79
81.42
81.47
81.14
81.09
81.25
81.15
80.87
80.88
81.03
80.99
81.04
80.92
81.01
80.94
81.10
81.06
81.29
81.32
81.46
81.42
81.62
81.71
81.76
81.81
81.68
81.70
81.75
81.66
81.76
81.78
81.77
81.68
81.70
81.61
81.66
81.53
81.72
81.71
81.63
81.68
81.58
81.59
81.66
81.72
81.69
81.71
81.83
81.97
81.92
81.93
81.76
81.83
81.72
81.74
81.62
81.50
81.55
81.62
81.54
81.61
81.70
81.73
81.76
81.68
81.63
81.67
81.59
81.52
81.51
81.54
81.64
81.71
81.72
81.70
81.62
81.72
81.77
81.67
81.68
81.69
81.70
81.81
81.82
81.90
81.91
81.91
81.93
81.87
81.90
81.84
81.85
81.91
81.92
81.94
81.93
81.90
81.92
81.88
81.90
81.92
81.90
81.80
81.81
81.85
81.89
81.87
81.81
81.81
81.85
81.86
81.88
81.90
81.91
81.92
81.88
81.88
81.89
81.91
81.97
82.00
81.99
82.02
81.99
82.00
82.02
82.04
82.02
81.99
81.94
81.94
81.94
81.96
81.96
81.96
81.93
81.86
81.88
81.90
81.88
81.90
81.92
81.94
81.91
81.86
81.86
81.85
81.86
81.85
81.83
81.82
81.74
81.73
81.77
81.78
81.77
81.79
81.81
81.81
81.79
81.79
81.77
81.78
81.81
81.80
81.85
81.84
81.82
81.78
81.77
81.78
81.77
81.82
81.78
81.77
81.79
81.77
81.73
81.76
81.72
81.72
81.74
81.74
81.71
81.73
81.72
81.74
81.76
81.75
81.74
81.74
81.75
81.76
81.77
81.80
81.82
81.82
81.84
81.86
81.85
81.85
81.84
81.86
81.86
81.83
81.82
81.80
81.81
81.81
81.82
81.84
81.83
81.83
81.83
81.84
81.85
81.85
81.87
81.86
81.84
81.85
81.86
81.83
81.82
81.80
81.82
81.84
81.86
81.88
81.88
81.88
81.85
81.86
81.87
81.88
81.90
81.94
81.93
81.92
81.91
81.90
81.87
81.91
81.91
81.87
81.87
81.88
81.86
81.85
81.88
81.90
81.89
81.89
81.90
81.91
81.88
81.89
81.91
81.89
81.85
81.83
81.86
81.83
81.82
81.79
81.80
81.79
81.79
81.81
81.82
81.81
81.80
81.81
81.82
81.80
81.78
81.76
81.78
81.77
81.78
81.80
81.80
81.80
81.83
81.81
81.81
81.81
81.81
81.79
81.81
81.81
81.80
81.78
81.80
81.82
81.82
81.83
81.82
81.83
81.84
81.86
81.86
81.87
81.88
81.89
81.88
81.89
81.87
81.85
81.84
81.86
81.86
81.88
81.85
81.84
81.86
81.85
81.84
81.85
81.83
81.83
81.85
81.84
81.82
81.83
81.86
81.86
81.86
81.83
81.84
81.83
81.85
81.87
81.85
81.87
81.86
81.86
81.86
81.85
81.85
81.86
81.84
81.83
81.83
81.85
81.84
81.84
81.84
81.83
81.82
81.80
81.79
81.80
81.80
81.81
81.80
81.82
81.83
81.84
81.83
81.80
81.81
81.80
81.78
81.81
81.82
81.82
81.79
81.80
81.80
81.79
81.81
81.81
81.79
81.78
81.77
81.77
81.78
81.79
81.80
81.79
81.78
81.79
81.79
81.79
81.81
81.82
81.80
81.82
81.81
81.80
81.80
81.81
81.84
81.83
81.83
81.82
81.83
81.81
81.82
