81.25
76.56
78.12
80.08
80.00
80.47
80.58
81.64
81.77
82.66
83.24
82.81
82.81
82.48
82.40
82.42
82.44
82.29
82.32
81.95
81.85
81.89
81.73
81.90
82.06
82.15
81.83
82.03
82.00
82.03
82.06
82.03
81.87
81.94
81.74
81.55
81.21
81.29
81.29
81.52
81.59
81.62
81.61
81.61
81.70
81.76
81.75
81.87
81.92
81.81
81.77
82.03
82.05
82.18
82.27
82.25
82.26
82.22
82.26
82.27
82.22
82.28
82.44
82.64
82.62
82.69
82.65
82.72
82.74
82.83
82.92
82.96
82.94
82.90
82.94
82.89
82.79
82.81
82.73
82.77
82.74
82.81
82.85
82.89
82.90
82.85
82.90
82.88
82.88
82.81
82.74
82.73
82.81
82.80
82.76
82.76
82.83
82.83
82.80
82.75
82.67
82.57
82.52
82.60
82.53
82.58
82.56
82.49
82.58
82.54
82.55
82.48
82.40
82.42
82.38
82.37
82.35
82.30
82.35
82.42
82.39
82.36
82.30
82.32
82.31
82.29
82.25
82.25
82.27
82.26
82.25
82.23
82.17
82.16
82.14
82.11
82.11
82.16
82.16
82.18
82.19
82.16
82.17
82.15
82.19
82.16
82.14
82.14
82.15
82.14
82.15
82.16
82.13
82.13
82.19
82.14
82.18
82.23
82.20
82.23
82.19
82.25
82.27
82.26
82.24
82.25
82.24
82.27
82.33
82.34
82.38
82.35
82.35
82.39
82.35
82.32
82.28
82.25
82.24
82.27
82.32
82.33
82.35
82.34
82.33
82.28
82.34
82.29
82.29
82.29
82.26
82.27
82.24
82.22
82.19
82.20
82.23
82.21
82.22
82.23
82.21
82.24
82.24
82.22
82.26
82.27
82.29
82.31
82.33
82.33
82.32
82.33
82.34
82.34
82.30
82.26
82.27
82.23
82.26
82.27
82.27
82.28
82.25
82.23
82.24
82.22
82.21
82.17
82.18
82.21
82.20
82.22
82.24
82.24
82.24
82.26
82.27
82.25
82.24
82.25
82.27
82.29
82.25
82.25
82.24
82.23
82.24
82.24
82.24
82.23
82.26
82.24
82.25
82.25
82.22
82.21
82.20
82.19
82.20
82.24
82.24
82.24
82.22
82.22
82.19
82.20
82.23
82.22
82.25
82.26
82.24
82.27
82.26
82.25
82.24
82.24
82.22
82.20
82.19
82.21
82.23
82.21
82.23
82.25
82.24
82.26
82.25
82.23
82.25
82.24
82.23
82.24
82.22
82.23
82.21
82.23
82.23
82.24
82.24
82.22
82.21
82.22
82.22
82.21
82.18
82.19
82.20
82.20
82.21
82.21
82.21
82.23
82.22
82.25
82.24
82.23
82.24
82.24
82.22
82.22
82.20
82.22
82.23
82.20
82.19
82.21
82.22
82.22
82.22
82.22
82.23
82.21
82.21
82.18
82.16
82.16
82.15
82.14
82.15
82.15
82.12
82.11
82.12
82.10
82.09
82.10
82.12
82.12
82.13
82.12
82.11
82.10
82.12
82.12
82.12
82.10
82.10
82.10
82.09
82.07
82.06
82.04
82.04
82.04
82.02
82.00
82.01
82.02
82.01
82.00
82.00
82.01
82.02
82.00
81.97
81.96
81.98
81.98
81.99
81.99
81.98
81.97
81.96
81.97
82.00
81.99
81.99
82.01
82.01
82.00
82.01
82.01
82.01
82.01
82.03
82.04
82.03
82.05
82.07
82.07
82.06
82.06
82.07
82.08
82.09
82.10
82.09
82.10
82.10
82.08
82.09
82.06
82.04
82.04
82.03
82.03
82.04
82.05
82.05
82.04
82.03
82.02
82.02
82.01
82.00
82.00
81.99
81.99
82.00
81.99
82.01
82.03
82.02
82.03
82.03
82.03
82.05
82.04
82.04
82.03
82.04
82.03
82.02
82.03
82.01
82.01
82.02
82.01
82.03
82.02
82.04
82.03
82.04
82.01
82.00
82.01
82.01
82.02
82.01
82.03
82.03
82.04
82.04
82.03
82.05
82.05
82.06
82.06
82.06
82.07
82.06
82.07
82.08
82.07
82.04
82.04
82.04
82.04
82.03
82.03
82.04
82.03
82.02
82.02
82.03
82.02
82.03
82.03
82.04
82.04
82.05
82.03
82.06
82.05
82.05
82.04
82.03
82.01
82.01
81.98
81.98
81.98
81.99
81.98
81.96
81.97
81.95
81.93
81.93
81.93
81.94
81.93
81.94
81.94
81.95
81.96
81.95
81.97
81.97
81.98
81.98
81.99
81.99
81.98
81.98
81.99
81.99
82.01
82.02
82.01
82.03
82.04
82.06
82.07
82.06
82.04
82.05
82.05
82.05
82.05
82.05
82.05
82.06
82.07
82.06
82.06
82.06
82.07
82.08
82.09
82.08
82.09
82.07
82.08
82.08
82.08
82.08
82.07
82.08
82.07
82.06
82.07
82.07
82.07
82.07
82.07
82.06
82.06
82.07
82.07
82.07
82.07
82.05
82.06
82.06
82.07
82.07
82.08
82.07
82.07
82.07
82.04
82.05
82.06
82.05
82.03
82.02
82.02
82.02
82.02
82.02
82.02
82.02
82.02
82.01
82.01
82.00
82.01
82.01
82.00
82.00
81.99
81.99
82.00
82.00
82.00
81.99
81.98
81.99
81.99
82.00
82.01
82.00
82.00
81.99
81.98
81.97
81.98
81.97
81.96
81.95
81.96
81.97
81.98
81.98
81.97
81.98
81.97
81.98
81.98
81.99
81.98
81.98
81.98
81.99
81.98
81.98
81.99
82.00
82.01
82.00
81.99
81.98
81.99
81.99
81.99
82.00
81.99
81.99
81.99
81.99
81.98
81.98
81.98
81.98
81.98
81.97
81.97
81.98
81.99
81.99
81.99
81.99
81.98
81.98
81.98
81.97
81.97
81.97
81.96
81.95
81.95
81.94
81.95
81.95
81.96
81.97
81.96
81.97
81.97
81.98
81.98
81.98
81.98
81.98
81.97
81.96
81.97
81.96
81.97
81.96
81.96
81.94
81.95
81.94
81.95
81.95
81.96
81.97
81.97
81.97
81.97
81.97
81.97
81.98
81.98
81.97
81.96
81.96
81.96
81.96
81.96
81.96
81.96
81.97
81.97
81.98
81.96
81.96
81.96
81.97
81.96
81.97
81.97
81.97
81.98
81.98
81.98
81.98
81.98
81.98
81.98
81.97
81.97
81.96
81.98
81.97
81.98
81.97
81.97
81.98
81.97
81.96
81.96
81.95
81.95
81.95
81.94
81.93
81.92
81.92
81.92
81.93
81.93
81.94
81.95
81.94
81.94
81.95
81.96
81.96
81.95
81.97
81.96
81.96
81.97
81.97
81.96
81.96
81.95
81.95
81.94
81.94
81.94
81.95
81.93
81.93
81.94
81.93
81.92
81.92
81.85
