73.44
76.56
79.17
80.86
79.38
78.12
77.90
77.73
77.26
77.19
77.13
76.95
77.04
77.12
77.29
77.25
77.11
77.52
77.30
76.95
76.93
77.20
77.45
77.80
78.06
78.00
77.66
77.46
77.32
77.29
77.52
77.34
76.99
77.21
77.32
77.04
76.90
77.06
77.00
77.03
76.91
77.08
77.22
77.06
76.98
76.90
76.93
76.99
76.98
77.03
76.87
76.74
76.65
76.71
76.62
76.76
76.62
76.67
76.64
76.67
76.64
76.59
76.61
76.76
76.71
76.66
76.75
76.72
76.74
76.81
76.76
76.84
76.86
76.84
76.85
76.81
76.89
77.04
77.08
77.03
77.10
77.02
77.05
77.12
77.17
77.20
77.23
77.13
77.05
77.01
77.04
77.04
77.08
77.09
77.06
76.94
77.05
77.12
77.04
77.11
77.09
77.07
77.12
77.06
77.13
77.08
77.07
77.03
77.06
77.06
77.03
77.01
77.03
76.99
77.02
77.01
77.03
77.03
76.90
76.85
76.86
76.91
76.91
76.97
77.04
77.00
76.99
76.90
76.88
76.86
76.92
76.94
77.01
76.96
76.98
76.96
77.01
77.03
77.06
77.08
77.09
77.10
77.13
77.16
77.16
77.15
77.15
77.16
77.16
77.15
77.15
77.14
77.12
77.10
77.09
77.10
77.13
77.17
77.10
77.08
77.06
77.05
77.06
77.01
77.05
77.05
77.09
77.10
77.13
77.13
77.16
77.20
77.19
77.21
77.19
77.20
77.19
77.21
77.18
77.16
77.16
77.13
77.11
77.12
77.11
77.13
77.11
77.12
77.08
77.09
77.10
77.10
77.10
77.08
77.08
77.06
77.05
77.07
77.08
77.08
77.08
77.07
77.11
77.10
77.10
77.09
77.09
77.07
77.07
77.13
77.13
77.14
77.14
77.11
77.09
77.07
77.05
77.11
77.08
77.09
77.07
77.05
77.02
77.00
77.01
77.00
76.94
76.97
76.92
76.96
76.95
76.97
76.98
76.97
76.99
76.99
76.98
76.96
76.98
76.95
76.95
76.92
76.90
76.91
76.90
76.91
76.92
76.93
76.95
76.94
76.93
76.94
76.95
76.97
76.99
76.98
76.99
77.00
76.98
77.00
77.01
77.00
77.03
77.02
77.01
77.00
76.98
76.98
77.00
77.01
77.03
77.06
77.05
77.05
77.06
77.05
77.06
77.06
77.08
77.08
77.10
77.08
77.09
77.08
77.09
77.11
77.11
77.12
77.12
77.12
77.14
77.17
77.16
77.13
77.10
77.08
77.08
77.08
77.06
77.08
77.09
77.08
77.08
77.09
77.08
77.06
77.09
77.08
77.10
77.11
77.12
77.14
77.14
77.15
77.16
77.15
77.15
77.16
77.19
77.18
77.22
77.23
77.21
77.22
77.23
77.21
77.19
77.17
77.17
77.17
77.16
77.17
77.20
77.19
77.20
77.20
77.17
77.18
77.18
77.18
77.17
77.17
77.18
77.18
77.17
77.19
77.21
77.23
77.22
77.22
77.23
77.21
77.22
77.26
77.25
77.26
77.25
77.27
77.27
77.27
77.28
77.29
77.28
77.25
77.26
77.26
77.26
77.28
77.29
77.29
77.28
77.29
77.29
77.28
77.28
77.28
77.28
77.29
77.29
77.33
77.30
77.30
77.31
77.30
77.34
77.36
77.36
77.38
77.39
77.38
77.38
77.36
77.37
77.38
77.38
77.38
77.38
77.39
77.41
77.43
77.45
77.43
77.43
77.42
77.40
77.38
77.36
77.38
77.38
77.37
77.38
77.37
77.36
77.36
77.34
77.34
77.35
77.33
77.30
77.30
77.30
77.30
77.30
77.30
77.28
77.27
77.26
77.28
77.27
77.27
77.24
77.25
77.26
77.25
77.27
77.27
77.25
77.25
77.24
77.24
77.25
77.25
77.25
77.26
77.25
77.26
77.27
77.26
77.25
77.25
77.26
77.27
77.25
77.24
77.25
77.24
77.23
77.22
77.21
77.20
77.20
77.21
77.21
77.22
77.22
77.22
77.21
77.21
77.22
77.21
77.20
77.20
77.22
77.23
77.23
77.23
77.24
77.24
77.24
77.24
77.23
77.24
77.24
77.24
77.24
77.24
77.23
77.24
77.25
77.24
77.26
77.26
77.26
77.26
77.26
77.24
77.25
77.26
77.26
77.26
77.26
77.28
77.29
77.28
77.29
77.29
77.28
77.28
77.29
77.29
77.28
77.28
77.27
77.26
77.27
77.26
77.26
77.26
77.25
77.24
77.23
77.23
77.25
77.25
77.24
77.25
77.27
77.28
77.28
77.31
77.30
77.30
77.31
77.30
77.30
77.30
77.29
77.29
77.28
77.29
77.29
77.28
77.30
77.32
77.33
77.32
77.31
77.31
77.30
77.29
77.31
77.32
77.32
77.30
77.29
77.29
77.29
77.30
77.31
77.31
77.31
77.32
77.33
77.32
77.32
77.32
77.32
77.34
77.34
77.34
77.34
77.34
77.33
77.35
77.35
77.34
77.34
77.34
77.34
77.33
77.33
77.33
77.33
77.34
77.32
77.32
77.32
77.32
77.31
77.32
77.32
77.31
77.31
77.31
77.32
77.33
77.31
77.30
77.31
77.32
77.32
77.31
77.30
77.32
77.32
77.32
77.31
77.31
77.30
77.30
77.30
77.30
77.30
77.29
77.28
77.28
77.27
77.27
77.28
77.28
77.27
77.27
77.27
77.26
77.26
77.25
77.25
77.26
77.24
77.25
77.25
77.24
77.24
77.25
77.25
77.26
77.26
77.25
77.23
77.23
77.23
77.23
77.23
77.25
77.25
77.25
77.25
77.25
77.24
77.25
77.25
77.25
77.26
77.26
77.27
77.25
77.24
77.23
77.23
77.22
77.22
77.21
77.22
77.21
77.23
77.22
77.22
77.21
77.20
77.19
77.20
77.19
77.20
77.20
77.20
77.19
77.18
77.18
77.18
77.18
77.18
77.18
77.19
77.20
77.21
77.21
77.21
77.21
77.20
77.20
77.21
77.23
77.24
77.23
77.21
77.20
77.21
77.20
77.21
77.21
77.21
77.21
77.21
77.21
77.22
77.22
77.23
77.23
77.21
77.21
77.22
77.23
77.22
77.22
77.21
77.21
77.21
77.21
77.21
77.21
77.21
77.22
77.21
77.23
77.23
77.24
77.24
77.24
77.24
77.22
77.21
77.20
77.20
77.22
77.21
77.20
77.20
77.20
77.21
77.21
77.21
77.22
77.22
77.21
77.20
77.21
77.20
77.21
77.22
77.21
77.21
77.21
77.21
77.22
77.21
77.20
77.21
77.21
77.21
77.19
77.18
77.18
77.17
77.17
77.17
77.17
77.18
77.18
77.18
77.19
77.20
77.21
77.22
77.22
77.22
77.24
77.22
77.23
77.23
77.24
77.23
77.16
