7.81
7.03
8.33
9.38
11.88
12.24
12.72
12.30
11.63
11.88
12.64
12.11
12.26
11.83
11.46
11.23
11.49
11.37
11.35
11.17
10.94
10.80
10.53
10.55
10.56
10.46
10.36
10.16
10.13
10.47
10.58
10.55
10.65
10.85
10.76
10.59
10.68
10.57
10.46
10.55
10.40
10.57
10.47
10.37
10.42
10.36
10.24
10.25
10.17
10.06
10.08
10.13
10.20
10.21
10.20
10.13
10.12
10.18
10.20
10.29
10.35
10.36
10.39
10.40
10.43
10.44
10.42
10.39
10.46
10.47
10.52
10.48
10.51
10.52
10.50
10.51
10.55
10.58
10.52
10.51
10.53
10.56
10.56
10.57
10.57
10.59
10.58
10.51
10.59
10.59
10.65
10.65
10.69
10.65
10.67
10.68
10.71
10.75
10.73
10.72
10.72
10.71
10.68
10.71
10.67
10.70
10.69
10.63
10.68
10.62
10.63
10.69
10.69
10.70
10.75
10.72
10.67
10.66
10.64
10.72
10.71
10.69
10.79
10.80
10.81
10.78
10.83
10.85
10.85
10.82
10.87
10.90
10.90
10.93
10.94
10.90
10.91
10.90
10.94
10.94
10.93
10.93
10.92
10.93
10.92
10.92
10.93
10.95
10.99
10.99
11.05
11.06
11.01
10.99
10.98
11.01
11.03
10.99
10.98
11.01
11.04
11.02
11.04
11.10
11.09
11.08
11.06
11.08
11.07
11.05
11.07
11.07
11.14
11.15
11.19
11.22
11.18
11.17
11.19
11.17
11.21
11.21
11.23
11.24
11.24
11.24
11.22
11.20
11.20
11.21
11.21
11.21
11.20
11.22
11.24
11.23
11.22
11.19
11.20
11.22
11.22
11.22
11.23
11.24
11.23
11.25
11.28
11.25
11.24
11.21
11.20
11.20
11.23
11.24
11.24
11.21
11.23
11.20
11.18
11.14
11.16
11.16
11.17
11.15
11.17
11.15
11.15
11.14
11.11
11.11
11.13
11.13
11.11
11.12
11.14
11.13
11.12
11.13
11.13
11.15
11.14
11.16
11.16
11.16
11.17
11.16
11.20
11.21
11.18
11.16
11.16
11.15
11.14
11.13
11.15
11.15
11.14
11.12
11.12
11.12
11.11
11.08
11.08
11.07
11.08
11.06
11.07
11.07
11.06
11.06
11.07
11.05
11.05
11.04
11.05
11.06
11.04
11.06
11.06
11.03
11.02
11.03
11.02
11.01
10.99
10.97
10.98
10.99
11.00
11.02
11.02
11.02
11.04
11.03
11.04
11.03
11.03
11.03
11.04
11.06
11.06
11.05
11.05
11.05
11.06
11.06
11.04
11.06
11.05
11.05
11.05
11.06
11.04
11.03
11.01
11.04
11.04
11.04
11.05
11.05
11.08
11.08
11.05
11.06
11.05
11.03
11.03
11.01
11.00
11.00
11.00
11.03
11.05
11.05
11.05
11.06
11.07
11.06
11.05
11.04
11.04
11.02
11.03
11.02
11.03
11.05
11.05
11.05
11.04
11.04
11.05
11.05
11.06
11.07
11.08
11.08
11.09
11.09
11.09
11.10
11.11
11.11
11.12
11.12
11.11
11.12
11.12
11.12
11.12
11.11
11.11
11.13
11.14
11.15
11.15
11.15
11.14
11.14
11.14
11.14
11.13
11.14
11.15
11.15
11.14
11.15
11.14
11.13
11.14
11.14
11.11
11.12
11.12
11.12
11.12
11.13
11.14
11.14
11.14
11.14
11.13
11.12
11.12
11.11
11.11
11.11
11.12
11.12
11.12
11.12
11.13
11.14
11.16
11.15
11.15
11.14
11.14
11.16
11.16
11.16
11.16
11.16
11.16
11.16
11.17
11.18
11.18
11.18
11.17
11.17
11.17
11.17
11.16
11.15
11.16
11.18
11.20
11.19
11.19
11.18
11.18
11.17
11.16
11.16
11.14
11.14
11.15
11.15
11.15
11.15
11.16
11.16
11.17
11.17
11.19
11.19
11.21
11.21
11.22
11.23
11.24
11.23
11.22
11.21
11.23
11.24
11.24
11.22
11.22
11.20
11.22
11.21
11.21
11.21
11.21
11.22
11.23
11.23
11.22
11.22
11.22
11.24
11.23
11.23
11.24
11.24
11.24
11.27
11.27
11.27
11.28
11.27
11.26
11.26
11.27
11.25
11.25
11.26
11.27
11.27
11.28
11.27
11.29
11.28
11.29
11.30
11.29
11.29
11.28
11.28
11.29
11.29
11.30
11.31
11.31
11.32
11.32
11.32
11.30
11.31
11.32
11.31
11.33
11.32
11.32
11.31
11.31
11.30
11.29
11.29
11.31
11.30
11.31
11.31
11.31
11.31
11.32
11.33
11.32
11.30
11.30
11.30
11.30
11.31
11.30
11.30
11.29
11.30
11.30
11.30
11.32
11.34
11.34
11.35
11.36
11.36
11.36
11.35
11.35
11.35
11.35
11.36
11.36
11.37
11.36
11.37
11.37
11.37
11.38
11.37
11.39
11.39
11.39
11.38
11.40
11.40
11.41
11.41
11.41
11.41
11.41
11.40
11.41
11.42
11.42
11.42
11.42
11.42
11.42
11.42
11.42
11.42
11.42
11.42
11.42
11.41
11.41
11.42
11.43
11.43
11.44
11.44
11.44
11.45
11.45
11.45
11.45
11.45
11.45
11.45
11.46
11.45
11.45
11.44
11.45
11.45
11.46
11.45
11.46
11.45
11.47
11.47
11.48
11.49
11.48
11.47
11.47
11.48
11.47
11.46
11.47
11.47
11.46
11.46
11.46
11.46
11.47
11.47
11.48
11.47
11.46
11.46
11.45
11.45
11.44
11.44
11.43
11.43
11.41
11.42
11.41
11.41
11.40
11.40
11.39
11.38
11.39
11.38
11.38
11.38
11.38
11.38
11.38
11.37
11.38
11.37
11.39
11.39
11.40
11.39
11.40
11.40
11.40
11.41
11.41
11.40
11.40
11.39
11.39
11.39
11.38
11.37
11.37
11.36
11.36
11.37
11.37
11.38
11.38
11.37
11.37
11.37
11.37
11.37
11.36
11.36
11.36
11.36
11.37
11.37
11.36
11.36
11.37
11.37
11.37
11.37
11.36
11.36
11.37
11.38
11.37
11.37
11.38
11.38
11.37
11.37
11.38
11.38
11.38
11.38
11.38
11.38
11.38
11.38
11.38
11.39
11.40
11.39
11.39
11.40
11.40
11.39
11.39
11.40
11.39
11.40
11.40
11.39
11.39
11.39
11.39
11.39
11.39
11.39
11.39
11.38
11.39
11.39
11.39
11.38
11.39
11.39
11.39
11.39
11.38
11.38
11.38
11.38
11.38
11.38
11.38
11.38
11.37
11.37
11.37
11.37
11.37
11.37
11.37
11.36
11.37
11.36
11.36
11.37
11.36
11.37
11.37
11.38
11.37
11.37
11.37
11.36
