25.00
25.00
25.52
24.61
23.44
22.14
21.21
19.73
18.58
18.28
18.32
17.97
18.15
18.53
18.33
18.85
18.75
18.66
19.57
19.61
19.79
20.03
20.31
20.51
20.19
20.07
19.97
19.92
19.94
20.00
20.11
20.26
20.22
20.36
20.27
20.23
20.14
20.11
20.07
20.04
20.20
20.13
20.02
19.96
19.93
19.97
19.91
19.73
19.87
19.84
19.85
19.86
19.93
20.11
20.11
20.03
19.93
19.91
19.92
20.00
20.01
20.01
20.04
20.04
20.10
20.12
20.10
20.13
20.13
20.20
20.25
20.29
20.51
20.50
20.54
20.62
20.47
20.57
20.53
20.53
20.54
20.48
20.41
20.37
20.39
20.37
20.35
20.35
20.35
20.30
20.30
20.30
20.19
20.30
20.26
20.28
20.18
20.15
20.09
20.12
20.13
20.13
20.13
20.24
20.27
20.37
20.33
20.38
20.33
20.34
20.35
20.37
20.31
20.30
20.29
20.22
20.26
20.25
20.25
20.23
20.29
20.27
20.24
20.22
20.30
20.32
20.28
20.24
20.25
20.20
20.22
20.24
20.27
20.25
20.24
20.29
20.29
20.26
20.21
20.21
20.20
20.18
20.16
20.14
20.23
20.23
20.17
20.20
20.22
20.21
20.21
20.15
20.13
20.07
20.07
20.06
20.05
20.09
20.10
20.11
20.07
20.00
20.01
20.01
19.99
20.04
20.06
20.05
20.07
20.07
20.10
20.07
20.09
20.11
20.13
20.10
20.10
20.12
20.10
20.08
20.08
20.12
20.11
20.11
20.08
20.11
20.14
20.10
20.16
20.20
20.19
20.19
20.20
20.22
20.22
20.26
20.30
20.28
20.32
20.35
20.37
20.37
20.40
20.37
20.41
20.40
20.42
20.37
20.33
20.33
20.33
20.31
20.31
20.34
20.39
20.35
20.36
20.36
20.36
20.37
20.38
20.38
20.36
20.38
20.39
20.44
20.44
20.46
20.48
20.51
20.54
20.53
20.59
20.57
20.56
20.54
20.55
20.56
20.55
20.56
20.52
20.53
20.54
20.55
20.55
20.56
20.57
20.54
20.56
20.57
20.59
20.59
20.57
20.60
20.59
20.57
20.58
20.57
20.57
20.56
20.55
20.55
20.53
20.51
20.52
20.55
20.56
20.60
20.61
20.61
20.60
20.60
20.59
20.59
20.60
20.61
20.62
20.62
20.62
20.64
20.66
20.64
20.67
20.66
20.65
20.66
20.65
20.65
20.61
20.60
20.64
20.62
20.66
20.67
20.66
20.65
20.67
20.66
20.68
20.68
20.71
20.71
20.70
20.72
20.72
20.73
20.75
20.75
20.76
20.80
20.81
20.82
20.83
20.83
20.83
20.87
20.87
20.87
20.89
20.88
20.89
20.91
20.90
20.89
20.89
20.89
20.91
20.91
20.91
20.88
20.84
20.83
20.83
20.84
20.85
20.86
20.85
20.82
20.82
20.82
20.83
20.83
20.83
20.83
20.83
20.84
20.84
20.85
20.85
20.88
20.86
20.87
20.84
20.86
20.86
20.85
20.83
20.82
20.82
20.81
20.81
20.80
20.82
20.82
20.82
20.84
20.86
20.86
20.87
20.87
20.85
20.88
20.87
20.87
20.85
20.85
20.83
20.84
20.86
20.85
20.87
20.88
20.88
20.87
20.88
20.88
20.87
20.87
20.85
20.85
20.84
20.85
20.83
20.81
20.81
20.80
20.78
20.78
20.79
20.79
20.78
20.79
20.79
20.80
20.81
20.81
20.83
20.84
20.86
20.89
20.87
20.85
20.82
20.83
20.83
20.82
20.83
20.83
20.82
20.84
20.84
20.86
20.84
20.84
20.85
20.86
20.89
20.89
20.89
20.88
20.90
20.91
20.91
20.91
20.91
20.90
20.90
20.90
20.90
20.90
20.91
20.92
20.91
20.90
20.90
20.88
20.88
20.88
20.89
20.88
20.88
20.87
20.88
20.88
20.86
20.88
20.87
20.86
20.85
20.85
20.85
20.86
20.87
20.85
20.85
20.85
20.87
20.86
20.86
20.85
20.87
20.89
20.89
20.89
20.89
20.92
20.90
20.91
20.93
20.91
20.92
20.92
20.91
20.91
20.91
20.90
20.91
20.90
20.92
20.93
20.94
20.93
20.93
20.93
20.91
20.92
20.92
20.94
20.96
20.94
20.93
20.94
20.95
20.95
20.93
20.92
20.94
20.93
20.94
20.95
20.95
20.94
20.94
20.94
20.94
20.92
20.93
20.95
20.94
20.94
20.96
20.97
20.97
20.97
20.96
20.96
20.95
20.95
20.95
20.97
20.97
20.97
20.98
20.99
21.00
21.01
21.00
21.01
21.00
21.00
20.99
21.00
21.01
21.00
21.00
20.99
20.99
20.98
20.98
20.98
20.96
20.97
20.98
20.99
20.98
20.98
20.98
20.98
20.97
20.98
20.99
20.99
20.98
20.97
20.99
21.00
21.02
21.02
21.02
21.03
21.02
20.99
20.99
20.98
20.99
21.00
20.99
21.00
21.00
21.00
21.00
21.00
21.00
21.00
21.00
21.00
21.01
21.00
21.02
21.04
21.04
21.04
21.04
21.04
21.05
21.06
21.07
21.07
21.07
21.07
21.06
21.06
21.06
21.05
21.04
21.04
21.05
21.05
21.05
21.04
21.04
21.03
21.03
21.04
21.02
21.02
21.02
21.01
21.01
21.00
21.00
21.00
21.00
21.00
21.00
21.00
21.01
21.01
21.01
21.00
21.01
21.02
21.01
21.01
21.00
20.99
20.99
20.99
21.00
21.01
21.01
21.03
21.02
21.02
21.02
21.01
21.03
21.02
21.02
21.02
21.02
21.02
21.02
21.01
21.01
21.00
21.00
21.02
21.03
21.03
21.03
21.04
21.03
21.03
21.03
21.03
21.02
21.03
21.01
21.01
21.00
21.01
21.00
20.98
20.98
20.98
20.99
20.99
20.98
20.98
20.96
20.98
20.98
20.99
20.99
20.99
20.99
20.99
20.98
20.99
20.99
20.99
20.99
21.00
21.00
21.00
20.98
20.98
20.99
21.00
20.99
20.99
20.99
20.99
21.00
21.01
21.01
21.03
21.02
21.03
21.04
21.03
21.03
21.03
21.03
21.03
21.02
21.04
21.03
21.03
21.03
21.01
21.03
21.02
21.01
21.01
21.02
21.01
21.00
21.00
21.02
21.02
21.03
21.04
21.05
21.06
21.06
21.06
21.05
21.04
21.03
21.03
21.03
21.03
21.04
21.03
21.03
21.03
21.02
21.02
21.02
21.03
21.02
21.01
21.01
21.00
21.00
21.00
20.99
20.99
20.99
20.99
20.98
20.98
20.98
20.99
20.98
20.99
20.97
20.98
20.98
20.99
20.98
20.99
21.01
21.01
21.00
21.00
21.01
21.00
21.00
20.98
