14.06
23.44
27.60
27.34
28.44
28.39
28.79
28.32
27.95
27.81
28.27
29.04
29.09
29.24
29.58
29.20
29.69
29.69
29.85
29.77
30.06
29.83
29.82
29.49
29.44
29.39
29.11
29.19
29.15
29.32
29.49
29.44
29.45
29.55
29.82
29.90
29.81
29.77
29.85
30.12
30.18
30.10
29.83
29.79
29.76
29.82
29.72
29.49
29.40
29.28
29.29
29.45
29.33
29.31
29.32
29.41
29.47
29.53
29.61
29.51
29.56
29.46
29.34
29.39
29.47
29.43
29.43
29.32
29.35
29.29
29.34
29.47
29.60
29.73
29.83
29.91
30.01
30.15
30.16
30.21
30.15
30.09
30.08
30.10
30.09
30.12
30.17
30.10
30.02
30.00
29.91
30.01
29.99
29.97
29.97
29.95
29.86
29.89
29.80
29.89
29.86
29.92
29.95
29.85
29.79
29.95
29.95
29.99
30.07
30.14
30.15
30.13
30.20
30.18
30.27
30.24
30.18
30.15
30.21
30.25
30.23
30.24
30.16
30.18
30.13
30.16
30.22
30.11
30.11
30.14
30.12
30.05
30.02
30.00
30.01
30.03
30.02
29.99
30.05
30.04
30.00
30.04
30.06
30.02
30.04
30.10
30.10
30.08
30.03
30.05
30.06
30.07
29.99
29.99
29.98
30.03
29.98
29.98
29.99
30.05
30.04
30.03
30.03
30.03
29.99
29.98
29.92
29.87
29.93
29.94
29.91
29.91
29.88
29.82
29.84
29.85
29.83
29.80
29.85
29.84
29.88
29.89
29.94
29.97
30.04
30.10
30.10
30.08
30.04
30.02
30.02
29.99
30.00
30.01
30.00
29.96
29.95
29.95
29.92
29.96
29.96
29.95
30.00
29.97
29.96
29.97
29.98
30.02
30.02
30.08
30.10
30.09
30.12
30.08
30.07
30.07
30.06
30.12
30.12
30.18
30.16
30.22
30.26
30.25
30.28
30.25
30.25
30.26
30.23
30.25
30.24
30.17
30.22
30.24
30.23
30.23
30.23
30.22
30.26
30.28
30.29
30.33
30.32
30.35
30.36
30.39
30.36
30.36
30.38
30.40
30.39
30.36
30.35
30.36
30.34
30.34
30.30
30.29
30.33
30.32
30.36
30.38
30.41
30.41
30.41
30.40
30.40
30.39
30.39
30.39
30.41
30.39
30.37
30.35
30.34
30.32
30.31
30.28
30.30
30.27
30.26
30.25
30.24
30.23
30.25
30.25
30.26
30.27
30.26
30.23
30.24
30.20
30.20
30.17
30.17
30.17
30.17
30.19
30.20
30.20
30.17
30.18
30.17
30.13
30.12
30.12
30.12
30.11
30.10
30.09
30.09
30.07
30.09
30.10
30.11
30.12
30.11
30.10
30.06
30.09
30.11
30.08
30.11
30.10
30.12
30.10
30.12
30.13
30.11
30.10
30.12
30.13
30.11
30.12
30.12
30.12
30.10
30.11
30.09
30.07
30.06
30.04
30.04
30.06
30.09
30.08
30.10
30.11
30.11
30.13
30.13
30.12
30.13
30.13
30.11
30.12
30.10
30.10
30.10
30.10
30.11
30.09
30.11
30.11
30.13
30.12
30.09
30.11
30.09
30.10
30.12
30.12
30.13
30.12
30.12
30.12
30.10
30.08
30.08
30.09
30.11
30.09
30.10
30.09
30.10
30.08
30.10
30.12
30.10
30.11
30.11
30.10
30.09
30.08
30.08
30.07
30.06
30.08
30.06
30.05
30.07
30.09
30.09
30.09
30.09
30.08
30.09
30.09
30.08
30.08
30.09
30.10
30.10
30.10
30.11
30.13
30.14
30.12
30.14
30.13
30.14
30.16
30.17
30.16
30.17
30.14
30.14
30.14
30.15
30.14
30.15
30.13
30.12
30.11
30.09
30.10
30.10
30.08
30.08
30.09
30.08
30.09
30.09
30.07
30.07
30.07
30.07
30.06
30.07
30.06
30.07
30.08
30.06
30.05
30.05
30.04
30.04
30.05
30.03
30.01
29.99
29.99
30.00
30.00
30.02
30.00
30.01
29.99
30.00
30.00
30.02
30.03
30.03
30.05
30.05
30.04
30.04
30.03
30.02
30.03
30.02
30.03
30.02
30.02
30.02
30.04
30.06
30.07
30.05
30.06
30.07
30.06
30.06
30.07
30.08
30.07
30.07
30.07
30.08
30.08
30.07
30.08
30.08
30.06
30.04
30.04
30.06
30.06
30.05
30.04
30.05
30.04
30.03
30.02
30.01
30.02
30.02
30.00
30.01
30.03
30.03
30.05
30.05
30.07
30.07
30.06
30.08
30.06
30.06
30.04
30.06
30.06
30.05
30.04
30.04
30.04
30.03
30.03
30.03
30.03
30.01
29.99
29.98
29.97
29.97
29.98
29.99
29.98
29.99
29.99
30.01
30.01
30.02
29.99
29.97
29.97
29.98
30.00
30.00
30.00
30.01
29.99
29.99
29.98
29.98
29.97
29.97
29.98
29.97
29.96
29.97
29.98
29.99
30.00
29.99
30.01
30.01
30.01
30.01
30.01
30.01
30.02
30.02
30.02
30.02
30.02
30.04
30.06
30.06
30.05
30.04
30.05
30.03
30.03
30.03
30.02
30.04
30.05
30.04
30.05
30.05
30.06
30.04
30.05
30.05
30.06
30.06
30.07
30.07
30.07
30.08
30.07
30.06
30.06
30.08
30.07
30.07
30.07
30.07
30.07
30.06
30.07
30.06
30.04
30.04
30.04
30.03
30.04
30.04
30.04
30.05
30.04
30.05
30.06
30.07
30.07
30.07
30.07
30.06
30.07
30.06
30.05
30.05
30.07
30.08
30.08
30.08
30.07
30.08
30.07
30.08
30.08
30.07
30.07
30.06
30.07
30.07
30.07
30.07
30.07
30.08
30.08
30.07
30.07
30.07
30.07
30.08
30.09
30.10
30.09
30.10
30.12
30.11
30.12
30.11
30.10
30.11
30.10
30.09
30.08
30.08
30.08
30.07
30.08
30.07
30.06
30.06
30.05
30.05
30.05
30.06
30.06
30.04
30.03
30.02
30.02
30.04
30.05
30.06
30.06
30.05
30.04
30.05
30.05
30.04
30.05
30.04
30.05
30.04
30.05
30.04
30.03
30.03
30.03
30.02
30.02
30.03
30.02
30.02
30.02
30.01
30.00
30.00
30.00
30.00
29.98
29.99
29.98
29.98
29.99
29.97
29.97
29.97
29.96
29.96
29.96
29.96
29.95
29.96
29.97
29.96
29.96
29.97
29.98
29.98
29.98
29.97
29.97
29.98
29.97
29.98
29.98
29.97
29.98
29.99
29.98
29.98
29.97
29.97
29.97
29.96
29.94
29.94
29.95
29.94
29.93
29.92
29.92
29.91
29.91
29.90
29.90
29.90
29.90
29.90
29.89
29.90
29.90
29.91
29.92
29.91
29.87
