89.06
85.94
84.38
84.38
85.62
85.16
85.27
84.57
83.68
83.28
83.52
83.20
83.89
83.59
83.75
83.40
83.64
83.51
83.55
83.44
83.41
83.45
83.70
83.33
83.12
83.41
83.33
83.43
83.19
82.86
82.86
82.91
82.77
82.77
82.86
82.68
82.90
82.94
83.01
82.97
82.93
82.66
82.85
82.85
82.88
82.91
82.95
82.94
82.94
83.03
83.00
83.08
83.14
83.13
83.32
83.15
83.28
83.14
83.10
83.05
83.15
83.17
83.21
83.13
83.15
83.14
83.19
83.23
83.06
83.10
83.19
83.01
83.01
83.07
83.00
82.94
82.89
82.83
82.79
82.83
82.77
82.83
82.85
82.78
82.79
82.79
82.81
82.87
82.94
82.93
82.95
83.05
82.98
83.00
82.96
83.02
82.99
82.99
82.95
82.94
82.84
82.84
82.78
82.83
82.83
82.86
82.84
82.81
82.83
82.84
82.81
82.78
82.74
82.69
82.65
82.64
82.64
82.64
82.59
82.62
82.55
82.61
82.69
82.60
82.59
82.51
82.53
82.57
82.58
82.56
82.56
82.48
82.51
82.53
82.52
82.47
82.47
82.50
82.51
82.53
82.48
82.50
82.46
82.44
82.38
82.37
82.36
82.33
82.29
82.30
82.31
82.28
82.24
82.22
82.17
82.15
82.19
82.19
82.19
82.17
82.22
82.22
82.23
82.24
82.24
82.25
82.26
82.31
82.32
82.31
82.23
82.19
82.20
82.18
82.16
82.17
82.17
82.15
82.18
82.16
82.16
82.12
82.13
82.12
82.09
82.08
82.11
82.10
82.11
82.09
82.05
82.07
82.06
82.10
82.07
82.05
82.01
82.05
82.07
82.12
82.11
82.13
82.12
82.11
82.11
82.07
82.04
82.02
81.98
82.02
82.05
82.04
82.02
82.02
81.98
81.96
81.97
81.93
81.94
81.95
81.94
81.96
81.99
81.98
81.96
81.96
81.96
81.99
82.00
82.00
82.03
82.02
82.01
82.00
82.00
81.99
81.99
81.99
81.98
81.97
81.98
81.99
82.00
81.99
82.02
82.03
82.03
82.04
82.05
82.02
82.07
82.07
82.05
82.01
82.02
81.99
81.99
82.01
82.00
81.99
82.00
82.01
82.00
82.02
82.03
82.07
82.08
82.09
82.10
82.11
82.12
82.14
82.15
82.16
82.15
82.16
82.13
82.12
82.13
82.09
82.06
82.05
82.07
82.05
82.05
82.07
82.06
82.04
82.03
82.04
82.01
82.02
82.03
82.04
82.06
82.05
82.04
82.04
82.03
82.01
82.03
82.03
82.03
82.05
82.05
82.02
82.05
82.05
82.03
82.04
82.03
82.03
82.04
82.05
82.03
82.03
82.03
82.04
82.06
82.06
82.07
82.09
82.07
82.07
82.07
82.06
82.05
82.08
82.09
82.05
82.05
82.06
82.07
82.05
82.06
82.06
82.06
82.05
82.05
82.05
82.05
82.06
82.07
82.08
82.06
82.04
82.04
82.04
82.04
82.04
82.02
82.04
82.06
82.08
82.09
82.08
82.09
82.11
82.11
82.11
82.09
82.08
82.10
82.11
82.11
82.12
82.15
82.14
82.14
82.14
82.13
82.13
82.13
82.13
82.13
82.14
82.14
82.13
82.13
82.13
82.16
82.17
82.17
82.16
82.15
82.14
82.15
82.15
82.15
82.16
82.18
82.17
82.17
82.19
82.18
82.17
82.17
82.17
82.16
82.13
82.13
82.12
82.14
82.13
82.13
82.13
82.15
82.15
82.16
82.15
82.13
82.13
82.15
82.15
82.17
82.19
82.18
82.20
82.18
82.17
82.16
82.16
82.17
82.16
82.16
82.16
82.14
82.15
82.15
82.17
82.15
82.16
82.16
82.15
82.15
82.14
82.12
82.13
82.14
82.12
82.11
82.13
82.13
82.11
82.11
82.12
82.10
82.08
82.06
82.07
82.07
82.07
82.07
82.08
82.07
82.06
82.06
82.07
82.05
82.04
82.03
82.04
82.04
82.04
82.02
82.02
82.03
82.01
82.00
81.99
81.98
82.00
81.99
81.98
81.98
81.99
81.97
81.99
81.95
81.93
81.94
81.96
81.98
81.99
81.98
81.98
82.00
81.99
81.98
81.99
81.99
81.98
82.00
82.00
82.01
82.00
82.00
81.99
82.00
82.02
82.01
81.99
81.99
81.98
81.97
81.96
81.96
81.95
81.95
81.96
81.97
81.97
81.97
81.96
81.97
81.97
81.97
81.97
81.98
81.98
81.99
81.99
81.98
81.98
81.99
81.99
81.99
82.00
82.02
82.01
82.03
82.03
82.03
82.01
82.01
82.01
82.00
82.01
82.00
81.99
81.99
82.00
82.00
81.99
81.98
81.98
81.97
81.99
81.99
81.99
81.98
81.97
81.96
81.98
81.98
81.98
81.97
81.97
81.98
81.98
81.99
81.99
81.99
82.00
82.00
82.00
82.01
82.02
82.01
82.01
81.99
81.99
82.00
81.99
81.98
81.98
81.98
82.00
82.00
81.99
81.98
81.98
81.99
82.00
82.02
82.02
82.02
82.01
82.01
82.01
82.00
82.00
82.00
82.01
82.01
82.02
82.02
82.02
82.01
82.02
82.03
82.03
82.03
82.02
82.01
82.00
82.00
82.00
82.00
82.00
82.00
82.00
82.00
82.00
82.00
82.01
82.00
81.99
82.00
81.99
81.99
81.97
81.97
81.96
81.97
81.97
81.98
81.97
81.98
81.98
81.97
81.97
81.97
81.97
81.97
81.97
81.97
81.97
81.99
81.98
81.97
81.95
81.95
81.95
81.94
81.95
81.96
81.95
81.95
81.94
81.93
81.93
81.94
81.94
81.94
81.94
81.94
81.94
81.93
81.92
81.92
81.91
81.92
81.92
81.91
81.92
81.93
81.94
81.94
81.92
81.93
81.91
81.91
81.92
81.93
81.93
81.93
81.93
81.93
81.92
81.93
81.92
81.93
81.92
81.93
81.93
81.94
81.93
81.93
81.91
81.90
81.90
81.90
81.90
81.89
81.90
81.90
81.90
81.90
81.91
81.90
81.90
81.91
81.91
81.91
81.92
81.91
81.91
81.92
81.92
81.92
81.92
81.93
81.93
81.94
81.94
81.93
81.94
81.93
81.93
81.93
81.94
81.92
81.92
81.92
81.93
81.92
81.92
81.92
81.91
81.90
81.91
81.91
81.91
81.91
81.90
81.91
81.92
81.91
81.91
81.92
81.93
81.92
81.92
81.93
81.95
81.94
81.94
81.93
81.93
81.93
81.93
81.93
81.93
81.92
81.92
81.93
81.92
81.92
81.93
81.94
81.94
81.94
81.95
81.94
81.94
81.95
81.94
81.93
81.93
81.94
81.94
81.94
81.93
81.93
81.93
81.94
81.95
81.96
81.97
81.97
81.90
