3.12
2.34
2.60
2.34
2.19
2.86
2.90
2.54
2.43
2.34
2.41
2.21
2.16
2.01
1.88
2.05
1.93
1.82
1.81
1.72
1.71
1.63
1.63
1.56
1.69
1.62
1.56
1.67
1.67
1.61
1.61
1.56
1.61
1.56
1.61
1.65
1.65
1.60
1.64
1.64
1.75
1.75
1.71
1.74
1.77
1.77
1.83
1.79
1.79
1.91
1.87
1.83
1.86
1.88
1.90
1.90
1.97
1.94
1.93
1.90
1.95
1.97
1.98
1.98
1.97
1.96
1.96
1.98
1.97
1.96
1.96
1.95
1.93
1.90
1.92
1.91
1.91
1.90
1.88
1.86
1.83
1.83
1.81
1.79
1.76
1.76
1.80
1.79
1.84
1.82
1.84
1.83
1.83
1.81
1.81
1.79
1.80
1.79
1.77
1.75
1.75
1.78
1.77
1.77
1.82
1.83
1.81
1.81
1.79
1.78
1.76
1.74
1.74
1.73
1.73
1.71
1.70
1.71
1.72
1.73
1.77
1.75
1.74
1.74
1.72
1.71
1.73
1.73
1.73
1.73
1.74
1.73
1.72
1.70
1.70
1.71
1.72
1.71
1.70
1.69
1.70
1.69
1.70
1.69
1.69
1.68
1.68
1.68
1.67
1.66
1.66
1.66
1.66
1.67
1.68
1.68
1.69
1.69
1.70
1.71
1.70
1.70
1.71
1.70
1.70
1.69
1.71
1.70
1.72
1.72
1.71
1.72
1.71
1.70
1.70
1.70
1.69
1.69
1.69
1.69
1.69
1.69
1.71
1.71
1.70
1.70
1.70
1.70
1.69
1.69
1.69
1.69
1.71
1.72
1.73
1.73
1.74
1.73
1.72
1.73
1.73
1.72
1.72
1.71
1.71
1.71
1.70
1.70
1.69
1.68
1.70
1.72
1.72
1.75
1.74
1.73
1.74
1.73
1.73
1.73
1.74
1.75
1.74
1.76
1.76
1.75
1.75
1.74
1.75
1.75
1.74
1.74
1.75
1.75
1.75
1.75
1.75
1.75
1.74
1.74
1.73
1.73
1.74
1.73
1.72
1.72
1.71
1.71
1.71
1.71
1.71
1.71
1.71
1.72
1.71
1.70
1.70
1.70
1.70
1.69
1.69
1.69
1.70
1.70
1.69
1.69
1.69
1.68
1.70
1.70
1.72
1.71
1.71
1.71
1.70
1.70
1.71
1.71
1.72
1.72
1.73
1.72
1.72
1.71
1.71
1.71
1.71
1.71
1.71
1.70
1.70
1.71
1.73
1.72
1.73
1.74
1.73
1.73
1.73
1.73
1.73
1.74
1.73
1.73
1.74
1.73
1.74
1.73
1.73
1.73
1.74
1.74
1.74
1.74
1.74
1.75
1.74
1.74
1.75
1.75
1.74
1.74
1.75
1.76
1.76
1.76
1.76
1.77
1.77
1.77
1.77
1.77
1.77
1.77
1.77
1.77
1.76
1.76
1.76
1.76
1.76
1.76
1.77
1.77
1.77
1.77
1.77
1.77
1.78
1.79
1.78
1.79
1.79
1.80
1.80
1.80
1.80
1.79
1.81
1.80
1.81
1.81
1.81
1.81
1.82
1.82
1.82
1.81
1.81
1.81
1.81
1.81
1.81
1.82
1.82
1.83
1.82
1.82
1.82
1.82
1.82
1.81
1.81
1.80
1.80
1.80
1.80
1.80
1.81
1.80
1.80
1.80
1.80
1.79
1.80
1.79
1.79
1.79
1.79
1.79
1.80
1.79
1.79
1.79
1.80
1.80
1.79
1.79
1.78
1.78
1.79
1.78
1.78
1.77
1.78
1.77
1.77
1.77
1.77
1.77
1.77
1.77
1.77
1.77
1.76
1.76
1.76
1.76
1.76
1.75
1.75
1.75
1.75
1.75
1.75
1.74
1.74
1.74
1.73
1.74
1.74
1.74
1.74
1.74
1.74
1.73
1.73
1.73
1.73
1.73
1.72
1.72
1.71
1.71
1.71
1.73
1.73
1.73
1.73
1.72
1.72
1.72
1.72
1.72
1.73
1.73
1.73
1.72
1.72
1.72
1.72
1.72
1.72
1.72
1.73
1.73
1.73
1.73
1.73
1.72
1.72
1.72
1.72
1.72
1.72
1.72
1.72
1.72
1.73
1.73
1.73
1.73
1.73
1.73
1.73
1.73
1.73
1.73
1.73
1.73
1.72
1.73
1.73
1.73
1.73
1.73
1.73
1.73
1.72
1.73
1.73
1.73
1.73
1.72
1.72
1.72
1.72
1.72
1.72
1.72
1.72
1.72
1.71
1.71
1.71
1.72
1.72
1.72
1.72
1.72
1.73
1.73
1.74
1.74
1.74
1.74
1.74
1.74
1.73
1.73
1.74
1.74
1.74
1.74
1.74
1.74
1.74
1.74
1.73
1.73
1.74
1.74
1.74
1.74
1.74
1.74
1.75
1.75
1.75
1.75
1.75
1.75
1.75
1.75
1.75
1.75
1.75
1.75
1.75
1.75
1.75
1.75
1.75
1.75
1.75
1.75
1.75
1.75
1.75
1.75
1.75
1.75
1.75
1.76
1.75
1.75
1.75
1.75
1.75
1.75
1.75
1.75
1.75
1.75
1.75
1.75
1.75
1.76
1.76
1.76
1.75
1.75
1.75
1.75
1.75
1.75
1.75
1.75
1.75
1.75
1.75
1.76
1.76
1.76
1.75
1.75
1.75
1.76
1.75
1.75
1.75
1.75
1.75
1.76
1.75
1.75
1.75
1.75
1.75
1.75
1.75
1.74
1.74
1.75
1.75
1.75
1.75
1.75
1.75
1.75
1.75
1.75
1.75
1.75
1.74
1.74
1.74
1.74
1.74
1.74
1.74
1.74
1.74
1.74
1.74
1.74
1.74
1.74
1.74
1.74
1.74
1.74
1.74
1.74
1.74
1.74
1.75
1.75
1.75
1.75
1.75
1.75
1.75
1.75
1.75
1.75
1.75
1.74
1.74
1.74
1.74
1.74
1.74
1.74
1.74
1.74
1.74
1.74
1.73
1.74
1.74
1.74
1.74
1.73
1.73
1.73
1.73
1.73
1.73
1.73
1.73
1.72
1.72
1.72
1.72
1.73
1.72
1.72
1.72
1.72
1.72
1.72
1.72
1.72
1.72
1.72
1.72
1.72
1.73
1.73
1.73
1.73
1.73
1.74
1.74
1.74
1.73
1.73
1.73
1.74
1.74
1.74
1.74
1.74
1.74
1.74
1.74
1.73
1.73
1.73
1.73
1.73
1.73
1.73
1.73
1.73
1.73
1.73
1.73
1.73
1.74
1.73
1.74
1.73
1.73
1.73
1.73
1.73
1.74
1.73
1.73
1.73
1.73
1.73
1.73
1.73
1.73
1.73
1.73
1.73
1.73
1.73
1.73
1.73
1.73
1.73
1.73
1.73
1.72
1.72
1.72
1.72
