42.19
41.41
39.06
40.23
39.06
39.06
37.95
39.06
38.54
38.91
37.93
38.02
37.98
37.17
38.02
37.89
37.68
37.76
37.91
37.81
38.17
38.14
37.98
38.02
38.00
38.52
38.60
38.95
38.90
39.01
39.11
39.31
39.44
39.66
39.46
39.50
39.70
39.72
39.78
39.73
39.60
39.66
39.64
39.42
39.44
39.44
39.33
39.16
39.09
39.06
38.91
38.88
38.77
38.83
39.01
39.01
38.95
38.82
38.98
38.96
38.91
38.94
38.76
38.79
38.75
38.83
38.92
38.88
38.90
38.84
38.75
38.65
38.70
38.60
38.58
38.65
38.62
38.60
38.63
38.52
38.43
38.43
38.52
38.47
38.46
38.44
38.52
38.46
38.43
38.40
38.41
38.47
38.44
38.51
38.50
38.43
38.45
38.41
38.40
38.53
38.57
38.62
38.61
38.57
38.65
38.59
38.54
38.53
38.50
38.58
38.53
38.53
38.56
38.56
38.53
38.56
38.51
38.47
38.46
38.45
38.51
38.45
38.39
38.29
38.37
38.31
38.34
38.29
38.24
38.23
38.18
38.19
38.15
38.05
38.12
38.18
38.21
38.15
38.15
38.11
38.08
38.07
38.10
38.09
38.11
38.09
38.12
38.20
38.19
38.20
38.22
38.33
38.29
38.26
38.21
38.20
38.21
38.26
38.22
38.23
38.21
38.27
38.24
38.20
38.22
38.22
38.24
38.22
38.30
38.24
38.21
38.24
38.23
38.26
38.26
38.27
38.22
38.15
38.14
38.14
38.15
38.13
38.20
38.24
38.28
38.29
38.30
38.30
38.24
38.27
38.27
38.22
38.22
38.21
38.19
38.22
38.22
38.19
38.19
38.20
38.19
38.16
38.15
38.17
38.18
38.14
38.15
38.17
38.19
38.15
38.15
38.10
38.11
38.05
38.07
38.07
38.10
38.04
38.02
38.00
37.99
38.00
38.00
38.03
38.03
38.00
37.95
37.95
37.98
37.98
37.93
37.94
37.93
37.92
37.97
37.98
38.00
38.01
38.02
38.03
38.01
38.04
38.03
38.04
38.07
38.06
38.02
38.01
38.03
38.07
38.06
38.09
38.08
38.11
38.12
38.12
38.11
38.11
38.11
38.09
38.09
38.10
38.12
38.09
38.07
38.06
38.09
38.10
38.06
38.02
38.01
38.00
38.01
38.01
37.98
37.96
37.96
37.95
37.96
38.00
38.01
38.03
38.02
38.03
38.02
38.02
38.01
38.05
38.09
38.10
38.09
38.10
38.08
38.06
38.05
38.04
38.04
38.05
38.09
38.07
38.08
38.07
38.06
38.09
38.07
38.05
38.05
38.03
38.05
38.08
38.08
38.07
38.11
38.08
38.08
38.06
38.07
38.05
38.02
38.00
38.01
38.00
37.98
38.01
38.01
38.01
37.99
37.97
37.96
37.96
37.94
37.93
37.93
37.91
37.88
37.87
37.87
37.87
37.90
37.87
37.88
37.86
37.87
37.85
37.83
37.81
37.81
37.81
37.79
37.82
37.82
37.83
37.83
37.82
37.78
37.75
37.76
37.77
37.80
37.78
37.79
37.78
37.82
37.82
37.80
37.78
37.84
37.84
37.86
37.85
37.83
37.81
37.80
37.81
37.81
37.81
37.81
37.83
37.81
37.80
37.80
37.78
37.77
37.77
37.77
37.76
37.77
37.77
37.76
37.78
37.79
37.79
37.76
37.77
37.77
37.74
37.74
37.73
37.72
37.73
37.73
37.71
37.69
37.69
37.72
37.73
37.71
37.70
37.69
37.70
37.68
37.67
37.67
37.69
37.69
37.68
37.68
37.68
37.68
37.69
37.69
37.68
37.67
37.66
37.66
37.66
37.67
37.65
37.67
37.66
37.65
37.65
37.64
37.63
37.62
37.63
37.61
37.62
37.61
37.60
37.58
37.58
37.58
37.58
37.58
37.58
37.58
37.59
37.62
37.63
37.63
37.62
37.60
37.61
37.63
37.63
37.62
37.61
37.60
37.62
37.62
37.62
37.61
37.61
37.61
37.61
37.62
37.62
37.62
37.65
37.63
37.64
37.62
37.63
37.64
37.63
37.62
37.61
37.61
37.60
37.60
37.58
37.57
37.55
37.55
37.54
37.55
37.55
37.55
37.54
37.53
37.52
37.53
37.51
37.50
37.49
37.47
37.48
37.49
37.50
37.48
37.48
37.48
37.48
37.47
37.45
37.45
37.44
37.43
37.42
37.42
37.41
37.43
37.42
37.42
37.45
37.46
37.46
37.46
37.47
37.48
37.49
37.47
37.47
37.47
37.49
37.47
37.46
37.47
37.49
37.47
37.46
37.46
37.46
37.45
37.45
37.45
37.45
37.45
37.46
37.47
37.47
37.46
37.46
37.46
37.45
37.44
37.45
37.44
37.44
37.43
37.42
37.43
37.43
37.42
37.41
37.42
37.41
37.41
37.39
37.38
37.38
37.39
37.39
37.40
37.38
37.37
37.34
37.35
37.35
37.34
37.34
37.34
37.32
37.30
37.30
37.31
37.30
37.31
37.30
37.30
37.30
37.29
37.28
37.28
37.28
37.28
37.28
37.26
37.26
37.28
37.26
37.26
37.28
37.28
37.29
37.29
37.26
37.26
37.25
37.25
37.25
37.25
37.26
37.26
37.27
37.26
37.26
37.26
37.27
37.27
37.27
37.28
37.29
37.28
37.27
37.28
37.27
37.27
37.27
37.27
37.28
37.28
37.29
37.30
37.30
37.29
37.27
37.27
37.27
37.28
37.28
37.29
37.29
37.29
37.28
37.28
37.30
37.29
37.28
37.28
37.28
37.28
37.29
37.30
37.30
37.30
37.29
37.28
37.29
37.29
37.28
37.30
37.30
37.31
37.31
37.29
37.29
37.30
37.30
37.30
37.30
37.32
37.31
37.32
37.30
37.31
37.30
37.29
37.30
37.29
37.29
37.30
37.31
37.31
37.30
37.28
37.27
37.28
37.28
37.28
37.28
37.27
37.26
37.27
37.28
37.29
37.27
37.25
37.25
37.25
37.24
37.23
37.22
37.22
37.22
37.22
37.22
37.22
37.23
37.23
37.24
37.25
37.25
37.25
37.25
37.26
37.27
37.27
37.29
37.28
37.26
37.26
37.27
37.27
37.26
37.26
37.28
37.29
37.30
37.29
37.30
37.29
37.30
37.30
37.31
37.31
37.32
37.32
37.31
37.32
37.31
37.31
37.33
37.35
37.35
37.36
37.35
37.34
37.35
37.34
37.35
37.35
37.36
37.36
37.35
37.34
37.34
37.35
37.36
37.36
37.35
37.35
37.34
37.34
37.33
37.34
37.36
37.37
37.37
37.37
37.37
37.37
37.36
37.36
37.35
37.34
37.35
37.36
37.36
37.36
37.38
37.38
37.39
37.40
37.40
37.40
37.39
37.38
37.38
37.38
37.35
