87.50
86.72
83.85
84.38
83.44
82.55
81.70
81.84
81.77
82.34
82.39
82.42
82.81
82.92
82.50
82.91
82.63
82.64
82.73
82.66
82.37
82.67
82.40
82.75
82.88
82.69
82.58
82.65
82.60
82.50
82.61
82.81
82.67
82.58
82.46
82.73
82.73
82.81
82.77
82.77
82.66
82.59
82.41
82.53
82.64
82.64
82.45
82.45
82.56
82.47
82.29
82.21
82.31
82.23
82.10
82.06
82.10
82.17
82.12
82.11
82.07
81.88
81.92
81.88
81.88
82.05
82.14
82.10
82.20
82.17
82.04
81.92
81.93
81.88
81.77
81.89
81.86
81.81
81.74
81.80
81.85
81.75
81.70
81.75
81.67
81.65
81.75
81.78
81.71
81.72
81.78
81.71
81.79
81.80
81.79
81.80
81.73
81.74
81.76
81.83
81.84
81.86
81.87
81.87
81.85
81.85
81.91
81.96
81.97
81.97
81.97
82.02
81.98
82.00
81.98
82.00
82.01
82.03
82.02
81.99
82.04
82.02
82.04
82.03
82.11
82.11
82.06
82.04
82.03
82.06
82.03
82.02
81.95
81.94
82.00
81.96
82.03
82.01
81.98
81.99
81.99
81.98
81.96
81.96
81.95
81.96
81.96
81.97
82.01
81.99
82.01
81.99
81.93
81.97
81.97
81.95
81.94
81.90
81.89
81.91
81.89
81.93
81.90
81.89
81.84
81.84
81.83
81.84
81.81
81.83
81.83
81.85
81.86
81.90
81.83
81.84
81.86
81.88
81.89
81.87
81.89
81.90
81.91
81.95
81.93
81.92
81.92
81.95
81.94
81.95
81.95
81.98
81.99
81.99
81.97
81.96
81.97
81.98
82.00
81.98
81.93
81.92
81.94
82.00
81.99
81.99
82.00
82.00
81.96
81.96
81.98
81.96
81.98
81.98
81.95
81.95
81.96
81.94
81.93
81.95
81.99
82.01
81.99
81.98
81.97
82.03
82.06
82.06
82.09
82.09
82.04
82.05
82.07
82.10
82.10
82.09
82.09
82.07
82.08
82.08
82.03
82.04
82.02
82.02
82.02
82.01
81.99
81.98
81.97
81.96
81.97
81.96
81.96
81.97
81.95
81.94
81.92
81.89
81.91
81.91
81.93
81.91
81.91
81.90
81.89
81.89
81.87
81.85
81.85
81.85
81.83
81.80
81.79
81.76
81.74
81.71
81.72
81.73
81.73
81.72
81.72
81.74
81.72
81.73
81.73
81.71
81.72
81.71
81.71
81.70
81.71
81.69
81.72
81.70
81.71
81.71
81.72
81.74
81.73
81.75
81.75
81.74
81.73
81.71
81.72
81.71
81.72
81.72
81.74
81.76
81.75
81.75
81.76
81.76
81.76
81.73
81.74
81.73
81.72
81.69
81.68
81.67
81.69
81.69
81.70
81.69
81.69
81.66
81.67
81.65
81.66
81.64
81.66
81.68
81.68
81.69
81.70
81.70
81.73
81.72
81.70
81.71
81.70
81.70
81.71
81.70
81.71
81.71
81.70
81.69
81.70
81.70
81.71
81.70
81.71
81.69
81.71
81.70
81.70
81.71
81.73
81.73
81.74
81.74
81.74
81.77
81.77
81.76
81.76
81.77
81.75
81.74
81.76
81.76
81.74
81.71
81.71
81.73
81.74
81.74
81.74
81.76
81.78
81.79
81.78
81.78
81.79
81.79
81.77
81.77
81.78
81.78
81.79
81.79
81.79
81.79
81.79
81.77
81.77
81.76
81.76
81.77
81.76
81.76
81.76
81.76
81.77
81.77
81.76
81.77
81.79
81.77
81.76
81.75
81.75
81.76
81.74
81.75
81.74
81.75
81.74
81.74
81.74
81.75
81.74
81.75
81.75
81.76
81.75
81.76
81.76
81.76
81.77
81.79
81.79
81.79
81.79
81.80
81.82
81.82
81.81
81.81
81.81
81.81
81.82
81.81
81.81
81.80
81.79
81.79
81.78
81.79
81.80
81.81
81.81
81.81
81.78
81.79
81.77
81.77
81.76
81.77
81.78
81.77
81.76
81.77
81.77
81.77
81.78
81.77
81.77
81.78
81.78
81.78
81.79
81.79
81.80
81.80
81.78
81.77
81.76
81.75
81.74
81.75
81.74
81.73
81.73
81.75
81.75
81.75
81.75
81.75
81.73
81.74
81.75
81.76
81.76
81.76
81.75
81.75
81.74
81.74
81.74
81.74
81.74
81.76
81.76
81.76
81.77
81.76
81.78
81.77
81.77
81.77
81.78
81.76
81.76
81.76
81.75
81.74
81.74
81.73
81.73
81.73
81.74
81.75
81.75
81.75
81.75
81.73
81.73
81.74
81.74
81.74
81.73
81.73
81.73
81.72
81.73
81.73
81.72
81.73
81.74
81.75
81.74
81.73
81.72
81.72
81.73
81.72
81.72
81.72
81.74
81.73
81.73
81.74
81.74
81.74
81.74
81.76
81.74
81.73
81.75
81.76
81.75
81.75
81.75
81.76
81.76
81.75
81.76
81.77
81.78
81.78
81.77
81.77
81.77
81.77
81.77
81.77
81.76
81.77
81.76
81.76
81.74
81.74
81.75
81.75
81.75
81.76
81.75
81.75
81.76
81.76
81.76
81.77
81.76
81.74
81.74
81.74
81.74
81.74
81.75
81.75
81.76
81.76
81.75
81.75
81.76
81.77
81.77
81.78
81.78
81.77
81.76
81.76
81.77
81.77
81.79
81.79
81.79
81.79
81.79
81.79
81.77
81.78
81.78
81.79
81.80
81.80
81.81
81.81
81.81
81.81
81.80
81.80
81.80
81.80
81.80
81.80
81.81
81.80
81.80
81.79
81.80
81.80
81.79
81.78
81.78
81.78
81.79
81.78
81.78
81.79
81.79
81.78
81.78
81.77
81.78
81.78
81.78
81.78
81.78
81.78
81.79
81.78
81.80
81.79
81.79
81.80
81.79
81.78
81.79
81.79
81.80
81.79
81.79
81.78
81.79
81.79
81.79
81.78
81.79
81.79
81.79
81.79
81.79
81.79
81.79
81.79
81.80
81.81
81.82
81.81
81.81
81.80
81.79
81.79
81.80
81.79
81.79
81.79
81.79
81.78
81.78
81.78
81.79
81.79
81.80
81.79
81.80
81.79
81.80
81.80
81.81
81.80
81.80
81.80
81.81
81.81
81.80
81.81
81.81
81.80
81.80
81.81
81.81
81.81
81.82
81.81
81.81
81.82
81.81
81.80
81.81
81.80
81.81
81.81
81.80
81.81
81.82
81.83
81.82
81.82
81.82
81.82
81.82
81.83
81.83
81.83
81.83
81.84
81.85
81.86
81.86
81.86
81.84
81.86
81.86
81.86
81.87
81.87
81.86
81.85
81.85
81.85
81.86
81.85
81.84
81.85
81.86
81.85
81.85
81.85
81.85
81.85
81.85
81.84
81.84
81.83
81.83
81.75
