90.62
84.38
83.85
84.77
83.12
82.81
83.48
82.42
81.94
82.03
82.10
82.42
82.57
82.70
82.40
82.62
82.44
82.64
82.57
82.58
82.22
82.10
82.07
82.10
82.00
82.21
82.64
82.59
82.38
82.29
82.51
82.57
82.67
82.86
82.68
82.64
82.64
82.44
82.45
82.23
82.28
82.37
82.52
82.60
82.60
82.57
82.65
82.42
82.46
82.41
82.44
82.36
82.37
82.32
82.30
82.39
82.40
82.49
82.52
82.50
82.53
82.41
82.29
82.37
82.38
82.46
82.51
82.47
82.59
82.66
82.59
82.55
82.41
82.28
82.31
82.36
82.39
82.19
82.22
82.25
82.31
82.37
82.36
82.42
82.46
82.52
82.49
82.42
82.46
82.40
82.37
82.37
82.33
82.36
82.38
82.42
82.39
82.35
82.40
82.36
82.36
82.32
82.30
82.29
82.20
82.18
82.08
81.97
82.01
82.05
82.07
82.07
82.07
82.06
82.00
82.02
81.97
81.90
81.88
81.95
82.00
81.97
81.97
82.04
82.01
81.98
81.98
82.01
82.04
81.98
82.00
81.96
81.95
81.84
81.84
81.89
81.92
81.92
81.92
81.92
81.93
81.95
81.92
81.87
81.81
81.86
81.87
81.86
81.90
81.94
81.93
81.93
81.87
81.89
81.90
81.87
81.86
81.87
81.87
81.91
81.90
81.91
81.89
81.88
81.91
81.89
81.95
81.93
81.98
81.92
81.91
81.86
81.84
81.83
81.83
81.78
81.81
81.82
81.83
81.88
81.88
81.87
81.86
81.88
81.88
81.87
81.78
81.80
81.80
81.81
81.81
81.80
81.78
81.83
81.83
81.86
81.83
81.84
81.82
81.78
81.80
81.80
81.74
81.72
81.75
81.74
81.75
81.72
81.74
81.72
81.69
81.69
81.70
81.72
81.72
81.73
81.72
81.72
81.72
81.73
81.72
81.71
81.74
81.76
81.75
81.78
81.79
81.76
81.76
81.79
81.79
81.78
81.79
81.78
81.76
81.71
81.72
81.72
81.73
81.76
81.76
81.78
81.76
81.80
81.79
81.80
81.79
81.79
81.80
81.79
81.77
81.79
81.80
81.79
81.77
81.78
81.79
81.81
81.80
81.79
81.80
81.80
81.81
81.79
81.81
81.80
81.78
81.77
81.80
81.77
81.79
81.79
81.80
81.78
81.80
81.78
81.78
81.79
81.81
81.82
81.84
81.83
81.82
81.84
81.86
81.88
81.85
81.87
81.87
81.88
81.89
81.88
81.87
81.87
81.87
81.88
81.86
81.85
81.86
81.88
81.88
81.87
81.85
81.87
81.86
81.85
81.86
81.84
81.85
81.84
81.85
81.83
81.85
81.85
81.84
81.84
81.85
81.83
81.84
81.84
81.82
81.83
81.82
81.84
81.84
81.84
81.86
81.84
81.84
81.87
81.89
81.89
81.90
81.90
81.91
81.91
81.94
81.94
81.93
81.93
81.96
81.95
81.97
81.98
81.99
82.01
82.01
82.01
82.01
82.03
82.03
82.04
82.04
82.05
82.02
82.03
82.03
82.06
82.04
82.05
82.06
82.04
82.04
82.04
82.02
82.01
82.00
81.98
81.97
81.98
82.01
82.00
82.00
81.98
81.99
81.95
81.95
81.97
81.98
81.98
81.96
81.97
81.96
81.97
81.98
81.96
81.96
81.99
81.97
81.98
82.00
82.00
82.00
81.99
81.99
82.00
81.99
82.00
82.01
82.00
82.02
82.03
82.04
82.06
82.05
82.05
82.05
82.05
82.04
82.04
82.04
82.04
82.04
82.05
82.06
82.05
82.03
82.03
82.03
82.03
82.04
81.99
81.99
81.99
82.00
81.97
81.96
81.95
81.96
81.98
81.98
81.98
81.96
81.96
81.96
81.95
81.95
81.95
81.95
81.95
81.94
81.96
81.97
81.96
81.97
81.99
81.99
81.98
81.98
81.99
81.98
81.98
81.97
81.98
81.96
81.97
81.98
81.98
81.97
81.98
81.98
81.96
81.96
81.97
81.97
81.97
81.98
81.99
81.99
82.00
82.01
82.01
82.00
81.99
81.99
81.98
81.97
81.96
81.96
81.98
81.97
81.97
81.98
81.97
81.95
81.95
81.95
81.94
81.95
81.95
81.96
81.94
81.93
81.92
81.92
81.92
81.92
81.91
81.91
81.89
81.88
81.88
81.87
81.86
81.86
81.86
81.87
81.87
81.86
81.86
81.83
81.85
81.86
81.85
81.84
81.85
81.84
81.85
81.86
81.86
81.86
81.85
81.85
81.86
81.85
81.86
81.85
81.86
81.87
81.84
81.84
81.85
81.85
81.85
81.85
81.85
81.83
81.85
81.84
81.85
81.85
81.86
81.86
81.87
81.86
81.85
81.83
81.84
81.84
81.86
81.85
81.85
81.85
81.86
81.86
81.85
81.85
81.85
81.86
81.86
81.86
81.85
81.85
81.85
81.85
81.86
81.86
81.86
81.87
81.87
81.88
81.89
81.88
81.88
81.88
81.87
81.87
81.87
81.88
81.89
81.90
81.88
81.87
81.88
81.88
81.88
81.90
81.89
81.89
81.90
81.89
81.89
81.87
81.88
81.86
81.88
81.88
81.88
81.88
81.88
81.89
81.89
81.89
81.88
81.88
81.87
81.88
81.88
81.89
81.89
81.90
81.89
81.89
81.88
81.89
81.88
81.87
81.87
81.87
81.88
81.88
81.88
81.89
81.87
81.87
81.87
81.87
81.86
81.85
81.85
81.85
81.84
81.84
81.82
81.82
81.81
81.82
81.81
81.81
81.82
81.82
81.81
81.81
81.81
81.80
81.82
81.81
81.81
81.82
81.82
81.84
81.83
81.83
81.82
81.82
81.82
81.82
81.81
81.82
81.82
81.81
81.82
81.82
81.82
81.81
81.80
81.80
81.79
81.80
81.81
81.82
81.81
81.81
81.81
81.81
81.81
81.80
81.79
81.80
81.79
81.79
81.80
81.81
81.81
81.79
81.79
81.78
81.79
81.80
81.82
81.81
81.81
81.81
81.80
81.79
81.79
81.79
81.78
81.79
81.79
81.78
81.79
81.80
81.81
81.81
81.81
81.82
81.83
81.83
81.83
81.84
81.85
81.85
81.86
81.85
81.86
81.86
81.85
81.85
81.86
81.85
81.85
81.85
81.85
81.86
81.86
81.87
81.87
81.87
81.87
81.87
81.88
81.87
81.87
81.87
81.87
81.88
81.88
81.88
81.89
81.89
81.89
81.89
81.88
81.88
81.88
81.88
81.88
81.88
81.89
81.87
81.88
81.89
81.89
81.88
81.88
81.89
81.89
81.88
81.88
81.88
81.87
81.87
81.86
81.85
81.85
81.84
81.84
81.84
81.85
81.86
81.86
81.86
81.86
81.86
81.86
81.85
81.85
81.85
81.84
81.84
81.77
