82.81
81.25
82.81
83.20
82.81
83.07
82.14
80.47
80.90
80.94
81.53
81.64
81.73
81.70
81.77
81.74
81.34
81.60
81.25
81.17
81.18
81.11
81.11
80.73
80.31
80.29
80.32
80.30
80.55
80.57
80.59
80.76
81.01
80.97
80.94
81.08
81.21
81.33
81.21
81.21
81.02
81.21
81.03
81.04
81.08
81.08
80.98
80.96
80.90
80.72
80.73
80.62
80.54
80.67
80.77
80.78
80.73
80.87
80.85
80.89
80.84
80.85
80.61
80.59
80.62
80.73
80.74
80.74
80.71
80.65
80.72
80.75
80.76
80.83
80.85
80.78
80.84
80.81
80.81
80.86
80.79
80.74
80.72
80.67
80.51
80.54
80.64
80.68
80.72
80.82
80.82
80.72
80.71
80.73
80.71
80.71
80.69
80.61
80.65
80.81
80.88
80.78
80.86
80.80
80.83
80.87
80.86
80.89
80.95
80.97
80.94
81.07
81.00
81.02
80.94
80.94
80.96
80.99
80.99
80.95
80.84
80.83
80.86
80.88
80.89
80.90
80.92
80.92
80.94
80.88
80.89
80.87
80.89
80.82
80.80
80.80
80.81
80.77
80.83
80.83
80.80
80.72
80.75
80.74
80.67
80.68
80.70
80.66
80.67
80.71
80.72
80.65
80.60
80.61
80.67
80.67
80.65
80.62
80.58
80.57
80.59
80.64
80.63
80.62
80.63
80.62
80.60
80.58
80.62
80.60
80.56
80.56
80.58
80.60
80.60
80.57
80.53
80.57
80.53
80.55
80.52
80.56
80.59
80.60
80.56
80.56
80.53
80.55
80.53
80.53
80.49
80.41
80.40
80.44
80.46
80.48
80.47
80.51
80.53
80.51
80.53
80.51
80.50
80.51
80.49
80.50
80.50
80.44
80.43
80.43
80.44
80.39
80.41
80.41
80.41
80.42
80.44
80.44
80.47
80.48
80.51
80.52
80.56
80.54
80.53
80.52
80.50
80.52
80.49
80.47
80.48
80.47
80.44
80.39
80.38
80.44
80.44
80.48
80.45
80.46
80.47
80.50
80.47
80.46
80.47
80.45
80.48
80.46
80.48
80.46
80.48
80.49
80.48
80.48
80.45
80.47
80.46
80.47
80.46
80.49
80.50
80.48
80.50
80.52
80.54
80.52
80.49
80.50
80.49
80.51
80.49
80.47
80.48
80.48
80.47
80.45
80.44
80.45
80.44
80.44
80.44
80.45
80.42
80.44
80.46
80.47
80.48
80.51
80.50
80.50
80.50
80.54
80.56
80.57
80.56
80.55
80.55
80.57
80.58
80.57
80.55
80.53
80.56
80.58
80.58
80.58
80.59
80.61
80.61
80.61
80.59
80.60
80.58
80.57
80.59
80.60
80.60
80.63
80.65
80.66
80.66
80.68
80.68
80.69
80.70
80.69
80.70
80.68
80.68
80.69
80.66
80.68
80.68
80.67
80.67
80.68
80.65
80.64
80.64
80.63
80.63
80.61
80.64
80.64
80.64
80.65
80.66
80.65
80.65
80.64
80.64
80.64
80.65
80.65
80.64
80.64
80.64
80.66
80.68
80.68
80.67
80.66
80.68
80.67
80.68
80.68
80.71
80.71
80.70
80.71
80.69
80.69
80.69
80.69
80.68
80.67
80.68
80.68
80.68
80.69
80.68
80.68
80.66
80.65
80.65
80.64
80.62
80.62
80.61
80.61
80.57
80.57
80.55
80.54
80.53
80.52
80.48
80.49
80.48
80.50
80.49
80.49
80.49
80.50
80.50
80.52
80.52
80.53
80.56
80.56
80.56
80.56
80.54
80.54
80.51
80.50
80.52
80.50
80.49
80.50
80.50
80.50
80.50
80.50
80.51
80.53
80.53
80.53
80.54
80.53
80.52
80.54
80.55
80.55
80.56
80.57
80.57
80.58
80.58
80.57
80.59
80.60
80.61
80.62
80.64
80.63
80.65
80.64
80.63
80.64
80.63
80.62
80.62
80.63
80.62
80.63
80.62
80.63
80.62
80.62
80.61
80.60
80.60
80.59
80.59
80.59
80.60
80.60
80.59
80.61
80.62
80.62
80.61
80.61
80.59
80.60
80.62
80.61
80.60
80.61
80.59
80.61
80.61
80.63
80.63
80.63
80.63
80.64
80.65
80.66
80.66
80.65
80.64
80.64
80.64
80.64
80.64
80.64
80.65
80.65
80.65
80.66
80.66
80.68
80.67
80.67
80.67
80.67
80.68
80.70
80.71
80.69
80.68
80.69
80.69
80.70
80.72
80.73
80.72
80.70
80.70
80.69
80.70
80.70
80.70
80.70
80.68
80.68
80.69
80.70
80.68
80.67
80.66
80.65
80.64
80.64
80.64
80.63
80.64
80.65
80.65
80.65
80.65
80.66
80.66
80.65
80.65
80.65
80.63
80.63
80.63
80.62
80.62
80.62
80.61
80.61
80.61
80.61
80.59
80.60
80.58
80.59
80.59
80.59
80.59
80.60
80.60
80.60
80.59
80.60
80.61
80.61
80.63
80.63
80.64
80.64
80.64
80.63
80.64
80.64
80.64
80.65
80.65
80.67
80.68
80.68
80.68
80.69
80.70
80.71
80.70
80.70
80.70
80.68
80.68
80.68
80.68
80.67
80.67
80.67
80.67
80.66
80.65
80.65
80.64
80.64
80.65
80.64
80.64
80.62
80.64
80.64
80.64
80.64
80.62
80.63
80.62
80.61
80.61
80.61
80.61
80.61
80.61
80.62
80.62
80.64
80.65
80.65
80.65
80.63
80.63
80.64
80.64
80.64
80.64
80.63
80.63
80.63
80.64
80.65
80.63
80.62
80.60
80.59
80.59
80.58
80.58
80.58
80.57
80.55
80.56
80.56
80.56
80.56
80.56
80.56
80.55
80.57
80.57
80.57
80.55
80.54
80.55
80.55
80.55
80.56
80.56
80.55
80.53
80.52
80.51
80.51
80.51
80.50
80.50
80.50
80.50
80.50
80.52
80.51
80.52
80.52
80.53
80.53
80.53
80.53
80.53
80.53
80.53
80.53
80.53
80.52
80.52
80.51
80.51
80.51
80.50
80.50
80.50
80.51
80.51
80.51
80.50
80.50
80.51
80.51
80.51
80.51
80.50
80.50
80.51
80.50
80.50
80.50
80.50
80.51
80.50
80.49
80.48
80.47
80.47
80.46
80.45
80.45
80.44
80.44
80.44
80.45
80.45
80.45
80.46
80.47
80.48
80.48
80.47
80.48
80.49
80.50
80.49
80.48
80.48
80.47
80.47
80.48
80.48
80.48
80.48
80.48
80.47
80.47
80.47
80.46
80.47
80.47
80.47
80.47
80.47
80.48
80.48
80.49
80.47
80.48
80.48
80.47
80.48
80.48
80.49
80.49
80.48
80.47
80.48
80.48
80.48
80.49
80.48
80.48
80.48
80.48
80.47
80.46
80.46
80.38
