81.25
82.03
81.25
82.03
83.12
82.55
82.81
81.84
81.25
81.72
81.39
80.73
80.41
80.80
80.73
80.86
80.70
80.64
80.26
80.39
80.51
80.40
80.64
80.73
80.56
80.65
80.50
80.36
80.60
80.68
80.75
80.52
80.59
80.42
80.58
80.64
80.74
80.63
80.61
80.51
80.56
80.58
80.60
80.65
80.62
80.71
80.85
80.86
80.96
81.03
81.22
81.13
81.07
81.05
80.94
81.05
81.06
81.09
81.12
81.22
81.17
81.30
81.35
81.27
81.23
81.01
81.04
81.02
81.07
81.14
81.16
81.29
81.16
81.21
81.21
81.21
81.25
81.17
81.11
81.15
81.08
81.14
81.16
81.14
81.16
81.16
81.05
81.11
81.14
81.20
81.22
81.15
80.96
80.97
80.99
80.97
80.99
80.99
81.00
81.03
81.02
81.08
81.05
81.08
81.07
81.04
81.03
81.03
80.99
80.98
80.97
80.97
81.03
81.00
80.96
80.94
80.96
80.95
80.95
80.98
81.04
81.03
81.00
81.05
81.14
81.16
81.16
81.16
81.14
81.18
81.23
81.20
81.24
81.27
81.24
81.23
81.26
81.23
81.18
81.17
81.18
81.14
81.14
81.10
81.12
81.14
81.15
81.17
81.15
81.18
81.16
81.15
81.18
81.20
81.19
81.20
81.19
81.24
81.18
81.17
81.18
81.15
81.13
81.16
81.18
81.22
81.22
81.26
81.24
81.23
81.26
81.26
81.29
81.30
81.31
81.34
81.41
81.38
81.38
81.41
81.36
81.33
81.32
81.30
81.28
81.28
81.29
81.29
81.28
81.25
81.25
81.23
81.22
81.19
81.20
81.21
81.22
81.18
81.17
81.16
81.18
81.16
81.20
81.23
81.23
81.27
81.27
81.27
81.28
81.28
81.29
81.29
81.24
81.23
81.22
81.21
81.21
81.24
81.24
81.23
81.26
81.29
81.26
81.25
81.22
81.24
81.27
81.22
81.22
81.22
81.20
81.16
81.18
81.18
81.14
81.14
81.15
81.16
81.15
81.11
81.07
81.11
81.12
81.10
81.11
81.12
81.11
81.09
81.12
81.12
81.14
81.14
81.13
81.15
81.18
81.20
81.21
81.21
81.20
81.21
81.23
81.20
81.20
81.22
81.24
81.27
81.30
81.31
81.31
81.30
81.30
81.31
81.30
81.30
81.30
81.31
81.30
81.29
81.27
81.27
81.29
81.31
81.34
81.33
81.31
81.29
81.30
81.30
81.32
81.32
81.33
81.34
81.35
81.35
81.37
81.35
81.34
81.35
81.35
81.35
81.37
81.38
81.39
81.39
81.40
81.39
81.40
81.39
81.38
81.38
81.40
81.41
81.42
81.42
81.43
81.45
81.46
81.45
81.44
81.44
81.43
81.43
81.42
81.42
81.43
81.42
81.43
81.42
81.43
81.44
81.42
81.43
81.42
81.41
81.41
81.41
81.42
81.42
81.43
81.45
81.47
81.48
81.50
81.49
81.52
81.53
81.54
81.56
81.55
81.56
81.56
81.57
81.57
81.58
81.57
81.57
81.57
81.59
81.60
81.61
81.60
81.60
81.59
81.61
81.62
81.63
81.63
81.62
81.61
81.62
81.63
81.64
81.63
81.63
81.63
81.64
81.62
81.61
81.62
81.62
81.60
81.61
81.59
81.60
81.61
81.62
81.62
81.62
81.64
81.64
81.65
81.64
81.65
81.63
81.63
81.64
81.66
81.65
81.63
81.63
81.64
81.64
81.63
81.63
81.63
81.65
81.65
81.63
81.64
81.66
81.68
81.67
81.65
81.65
81.66
81.67
81.69
81.69
81.69
81.69
81.70
81.69
81.70
81.68
81.70
81.71
81.71
81.71
81.70
81.69
81.70
81.70
81.70
81.70
81.72
81.73
81.74
81.74
81.73
81.72
81.72
81.71
81.71
81.70
81.71
81.72
81.71
81.71
81.72
81.72
81.73
81.73
81.74
81.72
81.72
81.70
81.71
81.72
81.72
81.72
81.71
81.72
81.73
81.72
81.72
81.73
81.74
81.75
81.73
81.75
81.74
81.75
81.74
81.75
81.73
81.73
81.74
81.73
81.73
81.73
81.72
81.71
81.71
81.71
81.70
81.71
81.71
81.72
81.72
81.72
81.74
81.76
81.74
81.74
81.75
81.75
81.76
81.77
81.77
81.76
81.76
81.77
81.76
81.75
81.73
81.73
81.74
81.72
81.73
81.72
81.71
81.72
81.70
81.70
81.68
81.69
81.69
81.68
81.66
81.67
81.67
81.67
81.67
81.66
81.65
81.66
81.66
81.66
81.66
81.66
81.64
81.64
81.65
81.64
81.64
81.65
81.65
81.65
81.64
81.63
81.63
81.62
81.63
81.64
81.64
81.65
81.64
81.64
81.63
81.64
81.63
81.63
81.63
81.63
81.64
81.64
81.65
81.65
81.65
81.65
81.64
81.64
81.66
81.65
81.66
81.65
81.65
81.65
81.66
81.66
81.65
81.65
81.65
81.65
81.65
81.65
81.66
81.66
81.65
81.65
81.65
81.63
81.64
81.63
81.63
81.63
81.62
81.63
81.62
81.63
81.65
81.64
81.63
81.63
81.63
81.62
81.61
81.61
81.61
81.62
81.62
81.62
81.62
81.60
81.61
81.60
81.61
81.61
81.60
81.60
81.60
81.59
81.57
81.58
81.57
81.58
81.58
81.58
81.58
81.57
81.57
81.57
81.58
81.59
81.60
81.59
81.61
81.60
81.61
81.61
81.60
81.62
81.61
81.62
81.62
81.62
81.62
81.62
81.62
81.63
81.63
81.64
81.63
81.63
81.63
81.63
81.64
81.65
81.64
81.64
81.64
81.65
81.66
81.66
81.66
81.66
81.65
81.65
81.65
81.65
81.67
81.67
81.68
81.68
81.68
81.69
81.69
81.69
81.69
81.69
81.69
81.69
81.69
81.69
81.69
81.68
81.69
81.69
81.69
81.70
81.70
81.70
81.69
81.70
81.69
81.69
81.70
81.72
81.71
81.72
81.72
81.71
81.72
81.73
81.72
81.73
81.72
81.71
81.71
81.72
81.72
81.71
81.71
81.73
81.73
81.73
81.72
81.72
81.72
81.72
81.71
81.72
81.72
81.72
81.73
81.74
81.74
81.75
81.77
81.76
81.77
81.77
81.77
81.76
81.76
81.77
81.77
81.76
81.76
81.76
81.76
81.76
81.76
81.77
81.78
81.78
81.78
81.78
81.77
81.77
81.77
81.78
81.78
81.79
81.78
81.79
81.79
81.78
81.78
81.78
81.79
81.79
81.78
81.77
81.78
81.77
81.78
81.79
81.78
81.78
81.78
81.78
81.79
81.79
81.78
81.79
81.80
81.81
81.81
81.82
81.82
81.81
81.80
81.80
81.80
81.80
81.81
81.80
81.80
81.80
81.81
81.73
