75.00
75.00
73.44
74.22
74.69
75.00
75.22
75.59
76.22
76.88
76.85
76.95
77.04
76.67
76.77
76.17
76.10
76.56
76.48
76.33
76.34
76.28
75.68
75.98
75.81
76.08
76.56
76.62
76.45
76.56
76.51
76.56
76.37
76.56
76.43
76.39
76.44
76.44
76.36
76.41
76.30
76.26
76.31
76.31
76.32
76.29
76.40
76.33
76.37
76.41
76.29
76.38
76.39
76.45
76.53
76.42
76.34
76.48
76.48
76.46
76.54
76.46
76.59
76.76
76.80
76.78
76.68
76.56
76.54
76.50
76.47
76.67
76.67
76.67
76.69
76.71
76.64
76.62
76.52
76.54
76.52
76.54
76.52
76.62
76.58
76.58
76.56
76.51
76.46
76.44
76.41
76.49
76.51
76.48
76.56
76.61
76.71
76.64
76.63
76.64
76.59
76.73
76.74
76.65
76.67
76.65
76.64
76.66
76.58
76.58
76.53
76.46
76.45
76.43
76.44
76.51
76.54
76.48
76.44
76.39
76.42
76.42
76.41
76.44
76.40
76.44
76.49
76.48
76.41
76.43
76.37
76.44
76.43
76.50
76.48
76.52
76.51
76.53
76.47
76.45
76.51
76.61
76.63
76.63
76.67
76.66
76.65
76.59
76.59
76.61
76.65
76.70
76.72
76.71
76.73
76.74
76.70
76.74
76.72
76.69
76.70
76.69
76.71
76.75
76.76
76.78
76.78
76.79
76.76
76.81
76.77
76.73
76.75
76.74
76.71
76.70
76.68
76.67
76.71
76.76
76.79
76.80
76.74
76.73
76.70
76.70
76.65
76.62
76.65
76.63
76.60
76.60
76.59
76.61
76.59
76.62
76.63
76.63
76.63
76.64
76.63
76.62
76.63
76.58
76.53
76.56
76.58
76.61
76.61
76.64
76.62
76.62
76.59
76.57
76.58
76.58
76.61
76.64
76.66
76.70
76.69
76.68
76.70
76.69
76.69
76.69
76.69
76.69
76.70
76.70
76.69
76.67
76.66
76.65
76.64
76.66
76.66
76.67
76.68
76.66
76.62
76.65
76.65
76.63
76.63
76.63
76.62
76.61
76.63
76.62
76.61
76.61
76.62
76.61
76.58
76.61
76.60
76.61
76.62
76.65
76.66
76.67
76.69
76.70
76.73
76.73
76.75
76.79
76.81
76.83
76.80
76.80
76.77
76.78
76.80
76.80
76.82
76.79
76.81
76.82
76.81
76.83
76.83
76.82
76.81
76.81
76.83
76.84
76.85
76.84
76.86
76.84
76.84
76.84
76.85
76.85
76.86
76.83
76.86
76.87
76.88
76.88
76.88
76.86
76.88
76.89
76.88
76.87
76.87
76.84
76.83
76.82
76.85
76.86
76.86
76.85
76.87
76.86
76.82
76.81
76.81
76.79
76.79
76.77
76.78
76.78
76.78
76.78
76.79
76.82
76.84
76.88
76.90
76.89
76.88
76.92
76.94
76.98
76.96
76.96
76.95
76.91
76.90
76.90
76.89
76.90
76.90
76.90
76.87
76.87
76.84
76.82
76.81
76.83
76.84
76.83
76.81
76.81
76.81
76.82
76.81
76.79
76.76
76.77
76.79
76.79
76.79
76.79
76.80
76.81
76.81
76.81
76.84
76.83
76.83
76.85
76.86
76.85
76.85
76.84
76.82
76.82
76.82
76.82
76.83
76.82
76.81
76.82
76.83
76.82
76.83
76.81
76.81
76.82
76.84
76.85
76.86
76.87
76.88
76.89
76.88
76.90
76.91
76.90
76.89
76.88
76.86
76.87
76.86
76.84
76.84
76.82
76.83
76.83
76.83
76.84
76.85
76.87
76.86
76.87
76.87
76.88
76.89
76.90
76.91
76.91
76.93
76.94
76.94
76.95
76.96
76.96
76.94
76.92
76.93
76.94
76.93
76.94
76.96
76.95
76.96
76.96
76.96
76.97
76.97
76.95
76.97
76.98
76.96
76.96
76.95
76.96
76.95
76.94
76.94
76.94
76.93
76.93
76.93
76.94
76.93
76.91
76.92
76.93
76.93
76.93
76.92
76.92
76.91
76.90
76.92
76.91
76.91
76.92
76.93
76.94
76.95
76.97
76.95
76.96
76.98
76.98
76.94
76.93
76.93
76.93
76.93
76.93
76.94
76.93
76.94
76.95
76.95
76.95
76.94
76.94
76.95
76.94
76.94
76.94
76.93
76.92
76.91
76.91
76.92
76.92
76.92
76.92
76.94
76.93
76.92
76.92
76.94
76.93
76.93
76.93
76.91
76.93
76.93
76.91
76.91
76.90
76.91
76.92
76.92
76.93
76.93
76.94
76.93
76.92
76.92
76.91
76.92
76.91
76.92
76.92
76.93
76.94
76.93
76.93
76.93
76.93
76.92
76.92
76.92
76.94
76.97
76.96
76.96
76.94
76.95
76.97
76.96
76.97
76.97
76.98
76.99
76.99
77.00
76.99
77.01
77.01
