75.00
76.56
79.17
76.56
75.94
76.30
76.56
76.76
77.08
77.19
77.27
77.47
77.40
78.01
78.23
77.93
77.85
77.69
77.71
77.97
77.90
78.20
78.06
78.26
78.38
78.61
78.76
78.85
78.99
78.80
78.93
79.05
78.88
78.95
79.06
79.12
79.22
79.15
79.37
79.38
79.27
79.17
79.03
79.05
78.85
78.87
78.89
78.91
78.86
78.88
78.77
78.61
78.69
78.76
78.84
78.74
78.70
78.80
78.81
78.80
78.82
78.83
78.82
78.78
78.73
78.79
78.73
78.68
78.67
78.64
78.43
78.34
78.36
78.29
78.27
78.19
78.17
78.17
78.16
78.26
78.26
78.24
78.28
78.33
78.40
78.40
78.45
78.48
78.51
78.51
78.52
78.57
78.58
78.59
78.62
78.69
78.70
78.76
78.74
78.81
78.81
78.74
78.78
78.74
78.75
78.70
78.64
78.63
78.61
78.62
78.56
78.56
78.57
78.56
78.57
78.62
78.59
78.65
78.64
78.62
78.63
78.64
78.71
78.67
78.70
78.70
78.79
78.81
78.78
78.76
78.76
78.80
78.71
78.70
78.74
78.71
78.71
78.69
78.64
78.66
78.73
78.73
78.75
78.78
78.74
78.77
78.73
78.73
78.67
78.67
78.67
78.64
78.63
78.61
78.59
78.64
78.62
78.64
78.69
78.73
78.78
78.82
78.83
78.83
78.83
78.76
78.69
78.67
78.66
78.62
78.61
78.65
78.68
78.64
78.62
78.60
78.58
78.60
78.63
78.59
78.56
78.51
78.48
78.44
78.46
78.49
78.48
78.42
78.45
78.45
78.44
78.47
78.42
78.46
78.45
78.45
78.43
78.42
78.41
78.42
78.42
78.41
78.39
78.36
78.40
78.42
78.42
78.43
78.45
78.47
78.46
78.44
78.46
78.42
78.39
78.42
78.46
78.46
78.47
78.49
78.47
78.47
78.45
78.46
78.43
78.44
78.43
78.47
78.45
78.44
78.44
78.41
78.41
78.38
78.39
78.39
78.40
78.39
78.39
78.41
78.42
78.40
78.40
78.41
78.41
78.40
78.38
78.39
78.38
78.37
78.34
78.35
78.33
78.35
78.33
78.34
78.36
78.35
78.33
78.36
78.34
78.32
78.34
78.33
78.34
78.35
78.35
78.34
78.34
78.34
78.34
78.34
78.35
78.38
78.40
78.44
78.42
78.42
78.43
78.43
78.45
78.42
78.43
78.44
78.44
78.47
78.45
78.43
78.44
78.43
78.44
78.46
78.46
78.45
78.45
78.45
78.46
78.48
78.44
78.45
78.47
78.48
78.50
78.54
78.56
78.57
78.60
78.63
78.65
78.65
78.64
78.65
78.64
78.64
78.67
78.64
78.65
78.67
78.63
78.63
78.60
78.60
78.57
78.56
78.57
78.56
78.57
78.58
78.60
78.59
78.60
78.59
78.59
78.60
78.58
78.59
78.59
78.62
78.61
78.61
78.64
78.65
78.64
78.63
78.63
78.60
78.60
78.59
78.60
78.62
78.63
78.63
78.61
78.60
78.59
78.58
78.58
78.57
78.56
78.56
78.55
78.59
78.60
78.59
78.58
78.57
78.56
78.56
78.55
78.54
78.54
78.51
78.52
78.53
78.53
78.53
78.55
78.53
78.51
78.50
78.48
78.49
78.50
78.48
78.49
78.49
78.49
78.47
78.47
78.45
78.45
78.44
78.44
78.44
78.44
78.44
78.44
78.44
78.43
78.43
78.43
78.44
78.45
78.46
78.48
78.48
78.49
78.51
78.52
78.51
78.50
78.50
78.52
78.50
78.51
78.49
78.51
78.50
78.49
78.48
78.47
78.46
78.45
78.45
78.45
78.46
78.45
78.45
78.46
78.46
78.47
78.46
78.46
78.47
78.46
78.44
78.42
78.43
78.42
78.42
78.43
78.44
78.42
78.41
78.41
78.42
78.42
78.41
78.42
78.42
78.41
78.38
78.38
78.37
78.37
78.37
78.37
78.39
78.41
78.42
78.42
78.43
78.41
78.42
78.43
78.43
78.44
78.43
78.43
78.44
78.43
78.42
78.40
78.39
78.40
78.41
78.41
78.39
78.40
78.39
78.39
78.37
78.38
78.36
78.38
78.39
78.40
78.40
78.40
78.41
78.43
78.42
78.42
78.41
78.40
78.40
78.40
78.41
78.42
78.43
78.42
78.41
78.41
78.40
78.42
78.42
78.42
78.42
78.42
78.40
78.37
78.37
78.36
78.36
78.36
78.37
78.37
78.36
78.36
78.37
78.37
78.36
78.36
78.34
78.33
78.34
78.34
78.34
78.34
78.34
78.34
78.34
78.35
78.35
78.35
78.36
78.35
78.34
78.34
78.33
78.33
78.33
78.33
78.33
78.33
78.34
78.34
78.33
78.31
78.30
78.30
78.31
78.31
78.29
78.27
78.27
78.26
78.26
78.26
78.27
78.28
78.26
78.27
78.26
78.27
78.26
78.27
78.27
78.27
78.27
78.27
78.28
78.29
78.28
78.29
78.31
78.30
78.31
78.30
78.31
78.32
78.32
78.33
78.31
78.32
78.31
78.31
78.32
78.32
78.30
78.32
78.31
78.30
78.31
78.30
78.31
78.31
78.30
78.31
78.29
78.30
78.29
78.30
78.30
78.29
78.29
78.30
78.30
78.30
78.29
78.29
78.30
78.31
78.31
78.31
78.31
78.30
78.29
78.29
78.29
78.28
78.29
78.29
78.30
78.29
78.30
78.30
78.30
78.30
78.31
78.30
78.31
78.30
78.30
78.31
78.30
78.30
78.29
78.29
78.28
78.28
78.28
78.28
78.27
78.28
78.28
78.28
78.29
78.30
78.30
78.30
78.30
78.30
78.30
78.31
78.31
78.31
78.32
78.33
78.33
78.33
78.33
78.34
78.35
78.35
78.36
78.37
78.38
78.38
78.37
78.38
78.37
78.39
78.38
78.38
78.38
78.39
78.40
78.40
78.39
78.40
78.38
78.37
78.37
78.37
78.36
78.36
78.36
78.34
78.34
78.34
78.34
78.34
78.33
78.34
78.34
78.33
78.34
78.34
78.35
78.34
78.35
78.34
78.33
78.33
78.33
78.34
78.34
78.34
78.33
78.34
78.34
78.33
78.34
78.34
78.33
78.33
78.34
78.33
78.33
78.32
78.32
78.31
78.31
78.33
78.32
78.32
78.32
78.30
78.32
78.32
78.33
78.32
78.33
78.32
78.33
78.34
78.34
78.35
78.35
78.35
78.36
78.36
78.35
78.36
78.36
78.37
78.36
78.36
78.37
78.36
78.37
78.37
78.38
78.38
78.39
78.40
78.40
78.39
78.39
78.40
78.40
78.40
78.40
78.40
78.40
78.40
78.40
78.40
78.40
78.38
78.39
78.39
78.39
78.40
78.40
78.40
78.40
78.39
78.40
78.40
78.32
