79.69
80.47
78.12
78.91
79.69
79.17
80.36
80.66
80.73
79.84
79.69
80.08
79.93
80.47
80.00
80.08
80.42
80.38
80.59
80.62
80.51
80.40
80.30
79.56
79.69
79.51
79.51
79.46
79.58
79.53
79.44
79.59
79.45
79.69
79.46
79.12
78.89
79.11
79.21
79.22
79.04
79.24
79.25
79.26
79.17
79.01
79.06
79.00
78.92
78.84
78.86
78.67
78.51
78.56
78.41
78.49
78.54
78.58
78.60
78.57
78.66
78.60
78.52
78.44
78.49
78.29
78.38
78.49
78.49
78.50
78.52
78.65
78.77
78.84
78.81
78.74
78.79
78.79
78.70
78.61
78.67
78.64
78.61
78.63
78.62
78.65
78.57
78.62
78.56
78.61
78.62
78.65
78.66
78.67
78.67
78.60
78.62
78.62
78.61
78.62
78.64
78.68
78.67
78.71
78.75
78.77
78.74
78.76
78.77
78.79
78.83
78.84
78.93
78.92
78.86
78.91
78.98
78.96
79.00
78.92
78.95
78.91
78.94
78.89
78.86
78.86
78.86
78.93
78.95
78.95
78.97
78.99
78.94
78.95
78.92
78.96
78.92
78.93
78.90
78.90
78.87
78.84
78.86
78.85
78.89
78.93
78.94
78.94
78.95
78.93
78.92
78.96
78.94
78.97
78.94
78.94
78.94
78.96
78.96
78.93
78.96
78.94
78.93
78.93
78.92
78.88
78.92
78.97
78.99
79.03
79.06
79.05
79.08
79.07
79.04
79.07
79.10
79.16
79.15
79.17
79.20
79.22
79.23
79.19
79.21
79.18
79.21
79.24
79.21
79.19
79.19
79.19
79.23
79.22
79.22
79.23
79.25
79.29
79.27
79.27
79.28
79.29
79.32
79.35
79.35
79.38
79.36
79.36
79.37
79.37
79.36
79.36
79.36
79.34
79.34
79.30
79.26
79.28
79.21
79.21
79.20
79.16
79.15
79.19
79.15
79.18
79.16
79.15
79.16
79.16
79.17
79.16
79.14
79.13
79.11
79.12
79.08
79.10
79.09
79.08
79.06
79.08
79.12
79.12
79.08
79.05
79.05
79.08
79.10
79.08
79.09
79.10
79.11
79.12
79.09
79.10
79.08
79.06
79.06
79.07
79.06
79.10
79.12
79.13
79.14
79.17
79.15
79.18
79.18
79.19
79.20
79.19
79.20
79.21
79.22
79.23
79.21
79.24
79.24
79.26
79.26
79.25
79.27
79.29
79.30
79.28
79.28
79.25
79.26
79.26
79.28
79.28
79.29
79.32
79.33
79.36
79.39
79.38
79.39
79.39
79.39
79.40
79.42
79.42
79.44
79.43
79.44
79.45
79.46
79.43
79.42
79.44
79.43
79.40
79.41
79.40
79.43
79.45
79.46
79.48
79.52
79.54
79.53
79.53
79.55
79.54
79.52
79.54
79.55
79.56
79.58
79.57
79.56
79.55
79.55
79.56
79.55
79.56
79.58
79.57
79.55
79.55
79.55
79.56
79.56
79.55
79.55
79.54
79.55
79.55
79.57
79.60
79.61
79.60
79.61
79.63
79.62
79.61
79.60
79.61
79.61
79.59
79.60
79.61
79.60
79.62
79.61
79.64
79.62
79.63
79.64
79.63
79.65
79.65
79.66
79.65
79.64
79.62
79.61
79.61
79.62
79.61
79.60
79.58
79.58
79.59
79.59
79.59
79.59
79.56
79.56
79.56
79.55
79.55
79.55
79.54
79.53
79.53
79.53
79.52
79.54
79.54
79.54
79.55
79.54
79.54
79.53
79.53
79.52
79.52
79.51
79.53
79.53
79.54
79.54
79.54
79.55
79.55
79.56
79.55
79.55
79.56
79.57
79.56
79.56
79.56
79.55
79.55
79.53
79.52
79.54
79.55
79.55
79.54
79.55
79.57
79.58
79.56
79.55
79.54
79.52
79.50
79.49
79.51
79.50
79.52
79.53
79.52
79.50
79.50
79.50
79.50
79.52
79.49
79.51
79.51
79.51
79.52
79.53
79.51
79.50
79.50
79.50
79.50
79.49
79.47
79.47
79.46
79.47
79.46
79.46
79.46
79.46
79.45
79.45
79.44
79.42
79.41
79.42
79.41
79.40
79.41
79.42
79.44
79.42
79.43
79.43
79.43
79.42
79.44
79.45
79.46
79.45
79.45
79.48
79.49
79.48
79.49
79.50
79.51
79.52
79.51
79.52
79.52
79.51
79.52
79.53
79.52
79.54
79.53
79.54
79.53
79.54
79.55
79.56
79.55
79.55
79.56
79.56
79.55
79.54
79.54
79.53
79.54
79.54
79.55
79.53
79.51
79.52
79.53
79.53
79.53
79.53
79.54
79.52
79.52
79.52
79.53
79.55
79.53
79.53
79.53
79.54
79.54
79.54
79.54
79.52
79.52
79.52
79.52
79.51
79.50
79.51
79.50
79.49
79.51
79.51
79.51
79.51
79.50
79.50
79.47
79.48
79.48
79.48
79.46
79.46
79.46
79.47
79.48
79.48
79.48
79.48
79.48
79.49
79.49
79.50
79.50
79.50
79.49
79.50
79.51
79.51
79.52
79.53
79.51
79.52
79.52
79.52
79.52
79.53
79.53
79.53
79.54
79.54
79.54
79.52
79.53
79.52
79.50
79.50
79.49
79.49
79.48
79.48
79.48
79.48
79.48
79.48
79.48
79.48
79.47
79.48
79.48
79.50
79.51
79.52
79.51
79.49
79.50
79.51
79.52
79.51
79.51
79.49
79.48
79.49
79.50
79.51
79.51
79.50
79.51
79.50
79.50
79.50
79.50
79.49
79.51
79.50
79.51
79.52
79.52
79.53
79.55
79.55
79.55
79.55
79.54
79.54
79.51
79.51
79.52
79.53
79.52
79.50
79.49
79.48
79.48
79.48
79.48
79.48
79.47
79.47
79.45
79.45
79.45
79.46
79.47
79.47
79.48
79.48
79.47
79.48
79.47
79.47
79.45
79.45
79.44
79.44
79.43
79.43
79.44
79.44
79.45
79.44
79.44
79.44
79.44
79.43
79.44
79.45
79.44
79.44
79.45
79.44
79.45
79.45
79.45
79.45
79.45
79.46
79.46
79.47
79.45
79.45
79.46
79.45
79.44
79.45
79.44
79.44
79.44
79.45
79.44
79.44
79.45
79.45
79.44
79.43
79.44
79.44
79.43
79.44
79.43
79.44
79.45
79.45
79.46
79.45
79.46
79.45
79.44
79.43
79.43
79.42
79.42
79.41
79.40
79.40
79.40
79.39
79.40
79.40
79.37
79.37
79.38
79.38
79.38
79.39
79.39
79.39
79.38
79.36
79.36
79.37
79.37
79.36
79.36
79.37
79.38
79.39
79.40
79.39
79.39
79.40
79.40
79.40
79.40
79.41
79.41
79.42
79.42
79.42
79.42
79.42
79.42
79.43
79.43
79.44
79.44
79.44
79.36
