81.25
82.81
82.81
82.42
82.50
83.33
83.48
83.79
83.68
83.28
83.10
83.07
82.81
82.92
82.92
83.11
83.00
83.33
83.22
83.36
83.48
83.03
83.36
83.40
83.12
83.05
83.10
83.26
83.24
83.49
83.17
83.11
83.10
83.18
83.26
83.46
83.49
83.39
83.41
83.44
83.57
83.56
83.43
83.45
83.47
83.56
83.61
83.63
83.61
83.66
83.67
83.56
83.55
83.56
83.49
83.45
83.42
83.43
83.45
83.26
83.12
83.22
83.18
83.13
83.15
83.10
83.16
83.00
83.02
82.95
82.99
83.01
82.98
82.92
82.81
82.79
82.83
82.85
82.93
82.93
82.91
82.98
83.00
82.91
82.89
82.83
82.90
82.90
82.87
82.86
82.86
82.85
82.80
82.83
82.78
82.80
82.73
82.73
82.77
82.80
82.80
82.75
82.71
82.65
82.63
82.67
82.65
82.67
82.63
82.53
82.52
82.46
82.47
82.37
82.43
82.45
82.45
82.44
82.43
82.45
82.41
82.40
82.43
82.41
82.41
82.42
82.41
82.42
82.38
82.32
82.35
82.29
82.32
82.33
82.33
82.33
82.36
82.34
82.36
82.31
82.30
82.28
82.27
82.26
82.27
82.23
82.24
82.30
82.29
82.28
82.24
82.25
82.23
82.26
82.31
82.31
82.32
82.38
82.37
82.40
82.39
82.34
82.33
82.34
82.35
82.29
82.25
82.23
82.22
82.17
82.15
82.16
82.16
82.17
82.17
82.18
82.13
82.15
82.17
82.15
82.11
82.12
82.11
82.13
82.14
82.13
82.18
82.16
82.16
82.18
82.22
82.23
82.23
82.25
82.23
82.23
82.24
82.22
82.24
82.24
82.21
82.20
82.20
82.20
82.23
82.22
82.22
82.20
82.23
82.24
82.21
82.24
82.23
82.23
82.22
82.17
82.12
82.12
82.13
82.12
82.12
82.10
82.11
82.14
82.15
82.16
82.17
82.17
82.19
82.17
82.16
82.19
82.18
82.22
82.25
82.24
82.26
82.23
82.24
82.26
82.25
82.26
82.26
82.24
82.26
82.25
82.28
82.30
82.29
82.28
82.26
82.27
82.29
82.28
82.28
82.28
82.28
82.27
82.26
82.27
82.29
82.29
82.29
82.31
82.30
82.30
82.30
82.29
82.28
82.31
82.30
82.28
82.26
82.27
82.24
82.25
82.26
82.22
82.22
82.24
82.27
82.26
82.25
82.25
82.25
82.24
82.24
82.23
82.22
82.20
82.18
82.17
82.15
82.16
82.16
82.13
82.10
82.12
82.11
82.11
82.10
82.09
82.07
82.08
82.06
82.07
82.09
82.12
82.15
82.13
82.16
82.19
82.19
82.19
82.14
82.13
82.12
82.12
82.10
82.09
82.09
82.10
82.10
82.11
82.09
82.08
82.07
82.08
82.07
82.06
82.05
82.05
82.03
82.05
82.04
82.05
82.05
82.05
82.06
82.06
82.08
82.06
82.08
82.07
82.06
82.06
82.06
82.02
82.02
82.03
82.02
82.01
82.03
82.03
82.05
82.07
82.06
82.07
82.07
82.05
82.04
82.03
82.04
82.05
82.06
82.07
82.05
82.06
82.04
82.02
82.02
82.04
82.06
82.07
82.06
82.07
82.08
82.08
82.07
82.07
82.08
82.07
82.07
82.06
82.06
82.05
82.05
82.05
82.05
82.04
82.07
82.06
82.04
82.02
82.03
82.03
82.02
82.03
82.03
82.04
82.04
82.02
82.03
82.02
82.05
82.06
82.06
82.05
82.05
82.06
82.06
82.05
82.04
82.06
82.07
82.08
82.07
82.07
82.08
82.10
82.09
82.09
82.08
82.06
82.06
82.07
82.06
82.06
82.08
82.09
82.09
82.09
82.09
82.10
82.11
82.10
82.10
82.11
82.09
82.08
82.08
82.08
82.09
82.08
82.08
82.08
82.07
82.07
82.07
82.08
82.07
82.08
82.09
82.10
82.10
82.09
82.09
82.09
82.10
82.08
82.07
82.07
82.05
82.06
82.05
82.05
82.03
82.02
82.01
82.03
82.04
82.04
82.04
82.02
82.01
82.00
81.97
81.96
81.96
81.98
81.97
81.97
81.98
81.97
81.98
81.99
82.00
82.00
82.02
82.04
82.03
82.03
82.03
82.02
82.01
82.00
81.99
81.99
82.00
82.00
82.00
81.99
81.98
81.98
81.96
81.98
81.98
81.99
81.99
81.99
81.98
81.99
81.98
82.00
81.98
81.99
81.99
81.99
81.98
81.97
81.98
81.97
81.98
81.97
81.96
81.97
81.98
81.97
81.97
81.96
81.96
81.95
81.95
81.97
81.96
81.95
81.95
81.95
81.95
81.94
81.93
81.94
81.93
81.94
81.95
81.95
81.96
81.95
81.94
81.94
81.92
81.93
81.92
81.91
81.92
81.93
81.92
81.92
81.94
81.93
81.94
81.94
81.94
81.94
81.95
81.95
81.95
81.96
81.94
81.94
81.93
81.93
81.94
81.94
81.94
81.94
81.93
81.93
81.92
81.92
81.91
81.92
81.92
81.92
81.93
81.94
81.92
81.93
81.93
81.94
81.93
81.94
81.94
81.95
81.94
81.92
81.91
81.91
81.92
81.90
81.90
81.92
81.92
81.93
81.92
81.93
81.94
81.94
81.94
81.95
81.95
81.92
81.91
81.92
81.92
81.92
81.92
81.93
81.93
81.93
81.93
81.94
81.92
81.92
81.92
81.93
81.93
81.93
81.94
81.94
81.93
81.94
81.94
81.94
81.95
81.95
81.95
81.94
81.94
81.94
81.95
81.95
81.93
81.94
81.95
81.95
81.95
81.93
81.94
81.94
81.94
81.94
81.93
81.93
81.94
81.94
81.93
81.92
81.92
81.93
81.94
81.94
81.93
81.93
81.93
81.92
81.92
81.93
81.94
81.95
81.94
81.95
81.94
81.94
81.94
81.93
81.93
81.92
81.91
81.92
81.91
81.91
81.90
81.90
81.91
81.91
81.91
81.91
81.91
81.92
81.90
81.90
81.91
81.90
81.90
81.90
81.90
81.89
81.88
81.89
81.89
81.90
81.88
81.87
81.87
81.87
81.88
81.87
81.86
81.85
81.86
81.86
81.85
81.86
81.86
81.86
81.86
81.87
81.86
81.87
81.87
81.88
81.87
81.86
81.86
81.86
81.86
81.84
81.84
81.84
81.84
81.85
81.84
81.83
81.83
81.82
81.82
81.81
81.81
81.83
81.83
81.83
81.83
81.85
81.85
81.85
81.86
81.86
81.86
81.87
81.86
81.86
81.86
81.87
81.87
81.86
81.86
81.86
81.86
81.86
81.86
81.86
81.85
81.85
81.86
81.86
81.85
81.85
81.86
81.87
81.87
81.86
81.87
81.88
81.88
81.88
81.87
81.88
81.88
81.88
81.88
81.81
