0.00
0.00
0.00
1.17
1.25
1.30
1.12
0.98
1.22
1.25
1.42
1.56
1.68
2.01
2.08
1.95
1.84
1.74
1.81
1.88
1.93
2.20
2.24
2.21
2.31
2.22
2.20
2.23
2.16
2.19
2.22
2.20
2.18
2.21
2.19
2.13
2.11
2.10
2.12
2.07
2.10
2.08
2.11
2.17
2.19
2.14
2.13
2.12
2.14
2.09
2.08
2.07
2.03
2.00
2.10
2.06
2.03
2.02
1.99
1.95
2.00
1.97
1.93
1.90
1.92
1.89
1.89
1.86
1.88
1.85
1.87
1.84
1.84
1.86
1.85
1.85
1.87
1.90
1.88
1.89
1.91
1.89
1.86
1.84
1.84
1.85
1.85
1.83
1.83
1.86
1.85
1.83
1.85
1.86
1.86
1.86
1.88
1.88
1.88
1.86
1.84
1.85
1.85
1.89
1.89
1.89
1.90
1.88
1.88
1.86
1.86
1.84
1.84
1.85
1.86
1.85
1.86
1.85
1.85
1.84
1.85
1.84
1.83
1.81
1.80
1.82
1.81
1.81
1.80
1.80
1.79
1.80
1.81
1.83
1.82
1.83
1.82
1.83
1.83
1.83
1.83
1.85
1.85
1.83
1.84
1.84
1.83
1.84
1.84
1.82
1.83
1.84
1.85
1.85
1.84
1.85
1.85
1.85
1.87
1.87
1.87
1.86
1.85
1.84
1.84
1.83
1.82
1.83
1.83
1.86
1.85
1.85
1.86
1.86
1.85
1.86
1.85
1.84
1.85
1.84
1.83
1.83
1.83
1.82
1.81
1.81
1.81
1.81
1.82
1.84
1.83
1.83
1.82
1.81
1.82
1.81
1.82
1.83
1.82
1.83
1.83
1.83
1.82
1.82
1.84
1.84
1.83
1.83
1.82
1.82
1.83
1.82
1.82
1.83
1.85
1.84
1.84
1.84
1.85
1.84
1.85
1.85
1.86
1.86
1.85
1.85
1.84
1.84
1.84
1.85
1.85
1.85
1.86
1.86
1.86
1.87
1.88
1.87
1.87
1.86
1.85
1.85
1.85
1.84
1.83
1.84
1.83
1.82
1.81
1.81
1.81
1.81
1.80
1.81
1.81
1.82
1.82
1.83
1.83
1.83
1.84
1.84
1.83
1.83
1.82
1.82
1.82
1.82
1.82
1.82
1.82
1.82
1.81
1.81
1.82
1.83
1.82
1.82
1.82
1.81
1.82
1.82
1.83
1.82
1.82
1.82
1.83
1.84
1.84
1.85
1.85
1.85
1.84
1.83
1.84
1.84
1.84
1.84
1.84
1.83
1.83
1.82
1.83
1.82
1.82
1.81
1.81
1.81
1.81
1.81
1.81
1.81
1.82
1.81
1.81
1.80
1.80
1.80
1.80
1.80
1.80
1.80
1.79
1.79
1.79
1.78
1.80
1.80
1.80
1.80
1.79
1.79
1.79
1.79
1.79
1.79
1.79
1.79
1.79
1.80
1.79
1.79
1.79
1.79
1.78
1.78
1.78
1.77
1.77
1.78
1.78
1.78
1.79
1.78
1.78
1.78
1.78
1.79
1.79
1.79
1.80
1.80
1.80
1.79
1.80
1.79
1.80
1.80
1.79
1.79
1.79
1.78
1.78
1.78
1.78
1.79
1.79
1.79
1.79
1.79
1.79
1.78
1.78
1.78
1.79
1.79
1.79
1.78
1.80
1.80
1.79
1.79
1.79
1.79
1.80
1.80
1.81
1.81
1.81
1.81
1.81
1.80
1.80
1.80
1.81
1.81
1.81
1.81
1.81
1.81
1.81
1.81
1.82
1.82
1.82
1.83
1.82
1.82
1.82
1.82
1.82
1.81
1.82
1.81
1.81
1.82
1.81
1.81
1.81
1.81
1.82
1.81
1.81
1.81
1.82
1.82
1.82
1.82
1.82
1.82
1.82
1.83
1.83
1.82
1.82
1.82
1.82
1.82
1.82
1.83
1.83
1.83
1.83
1.83
1.83
1.83
1.82
1.83
1.82
1.82
1.82
1.82
1.82
1.82
1.82
1.82
1.81
1.81
1.82
1.83
1.82
1.83
1.83
1.83
1.82
1.82
1.82
1.82
1.81
1.81
1.81
1.80
1.80
1.80
1.80
1.80
1.80
1.79
1.79
1.79
1.79
1.79
1.78
1.79
1.79
1.80
1.80
1.80
1.80
1.80
1.79
1.79
1.79
1.79
1.79
1.79
1.79
1.79
1.80
1.80
1.79
1.79
1.79
1.79
1.79
1.79
1.78
1.78
1.79
1.79
1.78
1.79
1.80
1.80
1.80
1.80
1.80
1.80
1.80
1.80
1.79
1.79
1.79
1.79
1.80
1.80
1.80
1.80
1.80
1.81
1.81
1.80
1.80
1.80
1.80
1.80
1.80
1.81
1.81
1.81
1.81
1.81
1.81
1.81
1.81
1.81
1.81
1.81
1.81
1.81
1.81
1.82
1.82
1.82
1.82
1.82
1.82
1.82
1.82
1.81
1.81
1.82
1.82
1.83
1.83
1.83
1.83
1.83
1.83
1.83
1.83
1.83
1.83
1.84
1.83
1.83
1.84
1.84
1.84
1.84
1.84
1.84
1.84
1.84
1.84
1.83
1.83
1.83
1.83
1.83
1.84
1.84
1.84
1.84
1.84
1.84
1.84
1.83
1.84
1.84
1.84
1.84
1.84
1.84
1.84
1.84
1.83
1.83
1.83
1.83
1.83
1.83
1.83
1.83
1.83
1.82
1.83
1.84
1.84
1.84
1.84
1.84
1.84
1.84
1.84
1.84
1.84
1.84
1.84
1.84
1.84
1.84
1.84
1.85
1.85
1.85
1.85
1.85
1.85
1.85
1.85
1.85
1.85
1.85
1.85
1.84
1.84
1.84
1.84
1.84
