85.94
84.38
84.38
84.38
84.06
84.11
83.48
83.01
81.94
82.03
82.53
82.55
82.93
83.04
82.92
82.71
82.63
82.73
83.06
82.73
82.59
82.39
82.27
82.03
82.06
82.03
82.06
81.64
81.63
81.46
81.35
81.30
81.34
81.43
81.47
81.55
81.67
81.66
81.53
81.76
82.01
81.88
81.87
81.89
81.88
81.83
81.95
81.93
81.95
81.97
81.95
81.91
81.99
82.00
81.93
81.86
81.94
82.00
81.91
81.90
81.84
81.85
81.77
81.76
81.71
81.75
81.65
81.66
81.66
81.58
81.49
81.60
81.72
81.76
81.71
81.76
81.86
81.87
81.74
81.70
81.69
81.82
81.93
81.94
81.84
81.76
81.66
81.73
81.64
81.61
81.56
81.57
81.55
81.57
81.50
81.49
81.57
81.52
81.53
81.47
81.53
81.48
81.58
81.61
81.53
81.50
81.47
81.51
81.45
81.48
81.53
81.60
81.55
81.58
81.63
81.65
81.65
81.70
81.68
81.74
81.77
81.71
81.73
81.75
81.80
81.75
81.74
81.81
81.71
81.78
81.81
81.78
81.80
81.81
81.79
81.77
81.76
81.83
81.81
81.77
81.78
81.75
81.76
81.79
81.79
81.75
81.73
81.73
81.73
81.73
81.71
81.74
81.67
81.65
81.63
81.64
81.59
81.59
81.60
81.63
81.64
81.66
81.66
81.66
81.68
81.67
81.67
81.65
81.67
81.65
81.63
81.62
81.60
81.61
81.62
81.61
81.61
81.57
81.57
81.58
81.62
81.64
81.58
81.59
81.56
81.54
81.58
81.49
81.44
81.41
81.45
81.46
81.45
81.45
81.42
81.39
81.42
81.43
81.38
81.42
81.44
81.47
81.48
81.46
81.45
81.43
81.42
81.42
81.43
81.41
81.39
81.40
81.43
81.46
81.45
81.48
81.46
81.49
81.52
81.53
81.50
81.51
81.54
81.54
81.54
81.55
81.58
81.57
81.54
81.51
81.51
81.51
81.52
81.52
81.52
81.49
81.47
81.50
81.50
81.50
81.48
81.47
81.46
81.45
81.43
81.40
81.43
81.45
81.45
81.45
81.47
81.44
81.43
81.40
81.42
81.44
81.46
81.47
81.48
81.48
81.47
81.48
81.45
81.47
81.42
81.39
81.40
81.39
81.41
81.41
81.41
81.38
81.38
81.39
81.40
81.43
81.43
81.46
81.45
81.46
81.48
81.49
81.49
81.50
81.51
81.52
81.51
81.52
81.49
81.50
81.50
81.51
81.48
81.47
81.49
81.52
81.56
81.53
81.54
81.54
81.53
81.54
81.54
81.56
81.58
81.57
81.59
81.56
81.58
81.59
81.59
81.61
81.64
81.63
81.64
81.62
81.61
81.61
81.61
81.62
81.63
81.65
81.67
81.67
81.67
81.67
81.68
81.68
81.66
81.66
81.67
81.65
81.66
81.67
81.66
81.66
81.66
81.67
81.68
81.69
81.68
81.68
81.66
81.65
81.66
81.66
81.66
81.66
81.68
81.71
81.72
81.69
81.67
81.67
81.67
81.67
81.67
81.69
81.69
81.70
81.70
81.68
81.69
81.69
81.70
81.72
81.74
81.74
81.75
81.77
81.75
81.72
81.73
81.76
81.80
81.78
81.78
81.78
81.79
81.80
81.80
81.80
81.80
81.80
81.79
81.80
81.79
81.79
81.79
81.79
81.79
81.78
81.77
81.77
81.78
81.78
81.79
81.79
81.76
81.78
81.77
81.77
81.77
81.77
81.78
81.77
81.76
81.76
81.77
81.75
81.76
81.77
81.78
81.77
81.77
81.78
81.79
81.80
81.80
81.79
81.80
81.77
81.74
81.74
81.73
81.75
81.75
81.75
81.75
81.76
81.74
81.74
81.75
81.74
81.76
81.75
81.76
81.75
81.77
81.76
81.77
81.78
81.78
81.80
81.80
81.82
81.82
81.83
81.84
81.83
81.85
81.84
81.85
81.87
81.85
81.82
81.81
81.81
81.83
81.85
81.84
81.86
81.88
81.87
81.88
81.89
81.90
81.91
81.93
81.95
81.94
81.94
81.94
81.95
81.95
81.95
81.94
81.95
81.96
81.95
81.96
81.96
81.96
81.95
81.96
81.96
81.96
81.95
81.95
81.94
81.95
81.96
81.96
81.96
81.96
81.96
81.97
81.97
81.96
