85.94
82.81
82.81
84.77
82.50
83.85
83.93
83.20
81.77
82.03
82.10
81.77
81.97
81.58
81.77
81.64
81.62
82.12
82.24
82.03
81.92
82.10
82.00
82.23
82.25
82.39
82.47
82.42
82.49
82.66
82.81
82.96
82.72
82.77
82.86
82.90
82.73
82.73
82.77
82.93
82.93
83.04
83.25
83.31
83.12
83.15
83.08
83.07
83.23
83.06
82.66
82.66
82.72
82.52
82.53
82.45
82.51
82.54
82.60
82.55
82.48
82.43
82.39
82.28
82.21
82.20
82.18
82.12
82.11
82.19
82.20
82.20
82.23
82.24
82.38
82.42
82.45
82.39
82.44
82.48
82.48
82.47
82.44
82.46
82.41
82.45
82.51
82.49
82.55
82.62
82.62
82.66
82.68
82.75
82.80
82.80
82.80
82.80
82.81
82.80
82.81
82.81
82.75
82.81
82.84
82.78
82.72
82.74
82.77
82.74
82.78
82.83
82.76
82.77
82.80
82.83
82.85
82.73
82.72
82.68
82.68
82.66
82.67
82.57
82.57
82.56
82.54
82.58
82.59
82.69
82.73
82.75
82.79
82.79
82.79
82.78
82.84
82.76
82.76
82.75
82.78
82.79
82.77
82.77
82.78
82.78
82.77
82.76
82.74
82.75
82.82
82.81
82.84
82.82
82.83
82.80
82.73
82.74
82.67
82.67
82.66
82.68
82.68
82.69
82.71
82.67
82.66
82.69
82.70
82.72
82.71
82.69
82.69
82.70
82.66
82.63
82.63
82.66
82.68
82.67
82.65
82.68
82.65
82.65
82.67
82.62
82.62
82.60
82.58
82.60
82.59
82.57
82.54
82.59
82.57
82.57
82.56
82.50
82.45
82.47
82.49
82.46
82.47
82.47
82.49
82.49
82.53
82.53
82.54
82.56
82.54
82.54
82.53
82.45
82.45
82.43
82.46
82.42
82.41
82.39
82.40
82.43
82.38
82.37
82.35
82.36
82.37
82.34
82.36
82.33
82.28
82.27
82.27
82.28
82.29
82.26
82.28
82.29
82.28
82.27
82.26
82.26
82.27
82.29
82.28
82.27
82.28
82.28
82.25
82.25
82.25
82.24
82.23
82.22
82.19
82.18
82.15
82.14
82.09
82.09
82.07
82.05
82.03
82.03
82.03
82.05
82.06
82.08
82.07
82.06
82.06
82.03
82.05
82.01
81.98
81.97
81.97
81.96
81.94
81.96
81.97
81.97
81.99
82.00
82.01
82.02
82.01
82.00
82.01
82.00
82.00
82.01
82.00
82.03
82.03
82.03
82.04
82.04
82.07
82.05
82.05
82.06
82.07
82.07
82.06
82.07
82.10
82.08
82.06
82.07
82.09
82.07
82.08
82.10
82.11
82.12
82.12
82.10
82.14
82.13
82.11
82.10
82.10
82.11
82.13
82.13
82.13
82.15
82.18
82.18
82.15
82.14
82.10
82.12
82.11
82.14
82.16
82.18
82.18
82.19
82.20
82.19
82.21
82.19
82.20
82.21
82.20
82.18
82.18
82.19
82.17
82.16
82.18
82.15
82.16
82.15
82.14
82.14
82.13
82.11
82.10
82.10
82.12
82.13
82.10
82.11
82.11
82.11
82.11
82.11
82.11
82.12
82.10
82.09
82.08
82.09
82.08
82.08
82.09
82.11
82.10
82.09
82.08
82.08
82.07
82.06
82.06
82.05
82.07
82.08
82.07
82.08
82.08
82.06
82.04
82.06
82.06
82.06
82.07
82.09
82.06
82.06
82.06
82.07
82.08
82.07
82.08
82.08
82.10
82.08
82.09
82.09
82.08
82.08
82.09
82.09
82.09
82.08
82.09
82.08
82.08
82.08
82.09
82.08
82.09
82.09
82.10
82.12
82.11
82.10
82.11
82.09
82.12
82.11
82.09
82.11
82.11
82.11
82.11
82.10
82.12
82.13
82.14
82.13
82.13
82.12
82.11
82.09
82.09
82.11
82.12
82.13
82.13
82.12
82.11
82.09
82.10
82.10
82.09
82.08
82.09
82.10
82.10
82.10
82.11
82.10
82.10
82.10
82.10
82.10
82.10
82.09
82.08
82.08
82.08
82.09
82.08
82.09
82.08
82.07
82.06
82.08
82.07
82.06
82.06
82.05
82.06
82.07
82.06
82.06
82.07
82.06
82.05
82.05
82.06
82.06
82.05
82.05
82.04
82.03
82.04
82.04
82.04
82.03
82.04
82.05
82.05
82.04
82.04
82.03
82.02
82.00
82.00
81.99
82.00
81.99
82.01
82.00
82.03
82.04
82.04
82.03
82.02
82.02
82.02
82.03
82.01
82.02
82.02
82.02
82.03
82.00
82.01
82.01
82.00
82.00
82.01
82.00
82.01
82.01
82.01
82.00
82.01
82.01
82.02
82.01
82.01
81.99
81.98
81.98
82.00
82.02
82.02
82.02
82.03
82.02
82.04
82.04
82.04
82.04
82.05
82.05
82.05
82.05
82.05
82.07
82.08
82.08
82.08
82.07
82.08
82.09
82.10
82.09
82.09
82.09
82.09
82.08
82.07
82.08
82.09
82.07
82.08
82.08
82.08
82.09
82.09
82.09
82.10
82.10
82.10
82.10
82.10
82.10
82.09
82.08
82.08
82.07
82.07
82.08
82.07
82.07
82.08
82.07
82.06
82.07
82.06
82.06
82.07
82.06
82.08
82.09
82.09
82.10
82.10
82.08
82.09
82.07
82.08
82.07
82.07
82.07
82.07
82.07
82.07
82.06
82.07
82.06
82.05
82.06
82.06
82.07
82.07
82.07
82.07
82.06
82.05
82.05
82.05
82.05
82.05
82.05
82.06
82.06
82.07
82.07
82.06
82.07
82.07
82.07
82.07
82.06
82.05
82.05
82.04
82.03
82.03
82.03
82.03
82.02
82.02
82.02
82.02
82.02
82.02
82.02
82.01
82.00
82.01
82.01
82.01
81.99
81.99
81.99
81.99
81.99
81.98
81.98
81.98
81.99
81.99
81.99
81.98
81.99
81.98
81.99
81.99
81.98
81.98
81.98
81.99
82.00
81.99
81.99
81.99
81.99
81.99
81.99
81.99
81.98
81.99
82.00
81.98
81.99
81.99
81.99
81.99
81.99
81.99
81.98
81.98
81.97
81.96
81.95
81.95
81.95
81.95
81.95
81.96
81.96
81.95
81.96
81.95
81.96
81.95
81.96
81.96
81.97
81.96
81.96
81.95
81.96
81.96
81.96
81.97
81.96
81.97
81.97
81.95
81.95
81.94
81.93
81.93
81.93
81.94
81.93
81.93
81.93
81.92
81.91
81.92
81.92
81.93
81.94
81.94
81.95
81.94
81.95
81.95
81.94
81.94
81.93
81.93
81.94
81.94
81.95
81.95
81.96
81.95
81.95
81.95
81.95
81.95
81.96
81.96
81.95
81.96
81.95
81.96
81.96
81.97
81.90
