39.06
39.84
36.46
33.59
30.94
31.77
31.25
31.45
31.94
32.03
32.53
32.68
32.45
32.59
33.02
32.81
32.72
32.12
32.24
31.56
31.40
31.61
31.73
31.58
31.81
31.67
31.66
31.81
31.95
31.93
31.80
31.88
32.05
32.17
32.37
32.29
32.47
32.52
32.53
32.54
32.47
32.55
32.63
32.49
32.67
32.71
32.68
32.81
33.10
33.25
33.33
33.38
33.37
33.33
33.21
33.31
33.33
33.27
33.08
33.10
33.12
33.06
32.96
32.96
33.05
32.84
32.84
32.63
32.77
32.79
32.75
32.62
32.62
32.62
32.62
32.65
32.71
32.89
32.89
32.83
32.77
32.74
32.68
32.68
32.76
32.76
32.61
32.65
32.67
32.60
32.66
32.66
32.63
32.68
32.73
32.73
32.73
32.70
32.58
32.53
32.56
32.52
32.49
32.59
32.62
32.58
32.48
32.60
32.55
32.64
32.66
32.56
32.58
32.63
32.65
32.57
32.51
32.51
32.46
32.51
32.53
32.62
32.58
32.59
32.55
32.49
32.53
32.50
32.52
32.54
32.57
32.56
32.55
32.58
32.55
32.49
32.52
32.52
32.51
32.48
32.55
32.55
32.53
32.50
32.45
32.51
32.47
32.53
32.48
32.53
32.56
32.55
32.57
32.58
32.56
32.57
32.61
32.58
32.57
32.59
32.57
32.57
32.52
32.44
32.41
32.44
32.42
32.38
32.44
32.43
32.41
32.42
32.36
32.35
32.35
32.40
32.45
32.41
32.42
32.36
32.40
32.41
32.44
32.43
32.42
32.41
32.42
32.41
32.40
32.38
32.35
32.37
32.32
32.35
32.42
32.49
32.51
32.52
32.56
32.59
32.63
32.67
32.71
32.73
32.67
32.64
32.64
32.63
32.63
32.63
32.61
32.61
32.64
32.64
32.66
32.66
32.65
32.65
32.61
32.63
32.66
32.64
32.63
32.65
32.62
32.65
32.67
32.63
32.61
32.57
32.63
32.60
32.60
32.63
32.65
32.65
32.69
32.67
32.71
32.67
32.69
32.64
32.65
32.63
32.64
32.63
32.61
32.64
32.64
32.64
32.63
32.63
32.63
32.68
32.72
32.68
32.67
32.66
32.63
32.65
32.68
32.73
32.72
32.74
32.70
32.67
32.67
32.71
32.73
32.75
32.75
32.76
32.74
32.77
32.74
32.76
32.78
32.79
32.78
32.78
32.77
32.78
32.81
32.82
32.79
32.81
32.76
32.76
32.74
32.76
32.76
32.75
32.73
32.74
32.73
32.72
32.74
32.76
32.75
32.78
32.78
32.76
32.78
32.78
32.77
32.77
32.80
32.80
32.78
32.77
32.75
32.75
32.76
32.77
32.81
32.79
32.80
32.82
32.85
32.88
32.89
32.89
32.90
32.88
32.88
32.88
32.89
32.91
32.89
32.89
32.91
32.89
32.92
32.91
32.90
32.90
32.91
32.91
32.91
32.91
32.91
32.93
32.93
32.89
32.88
32.91
32.94
32.94
32.91
32.91
32.91
32.91
32.91
32.93
32.93
32.91
32.93
32.93
32.91
32.89
32.87
32.86
32.84
32.83
32.81
32.84
32.83
32.86
32.83
32.82
32.82
32.85
32.85
32.88
32.88
32.88
32.90
32.87
32.88
32.86
32.86
32.90
32.89
32.87
32.86
32.85
32.84
32.83
32.86
32.87
32.84
32.84
32.84
32.82
32.82
32.82
32.83
32.84
32.86
32.85
32.86
32.87
32.87
32.86
32.84
32.84
32.82
32.83
32.82
32.84
32.82
32.84
32.83
32.82
32.83
32.86
32.85
32.83
32.82
32.81
32.80
32.76
32.74
32.72
32.72
32.74
32.72
32.75
32.78
32.81
32.81
32.78
32.80
32.81
32.81
32.82
32.83
32.82
32.81
32.82
32.82
32.83
32.83
32.84
32.83
32.83
32.86
32.86
32.85
32.82
32.83
32.83
32.83
32.82
32.84
32.83
32.85
32.85
32.83
32.85
32.85
32.84
32.85
32.85
32.87
32.91
32.91
32.91
32.91
32.90
32.88
32.88
32.86
32.85
32.84
32.84
32.84
32.84
32.85
32.86
32.84
32.83
32.85
32.86
32.87
32.86
32.86
32.88
32.87
32.85
32.84
32.84
32.85
32.84
32.84
32.82
32.81
32.81
32.83
32.83
32.84
32.84
32.84
32.83
32.83
32.82
32.82
32.82
32.82
32.83
32.84
32.85
32.84
32.86
32.86
32.84
32.83
32.84
32.82
32.82
32.80
32.80
32.82
32.82
32.81
32.81
32.80
32.81
32.82
32.82
32.82
32.81
32.81
32.81
32.82
32.83
32.82
32.82
32.82
32.81
32.80
32.79
32.80
32.80
32.80
32.81
32.80
32.80
32.79
32.79
32.79
32.80
32.79
32.78
32.78
32.78
32.78
32.79
32.79
32.78
32.78
32.78
32.79
32.79
32.79
32.78
32.78
32.78
32.78
32.77
32.77
32.77
32.75
32.75
32.76
32.78
32.77
32.76
32.76
32.75
32.75
32.76
32.77
32.78
32.78
32.77
32.77
32.78
32.78
32.79
32.78
32.78
32.77
32.78
32.77
32.77
32.78
32.78
32.77
32.78
32.78
32.78
32.78
32.77
32.77
32.76
32.76
32.77
32.78
32.79
32.79
32.79
32.80
32.81
32.81
32.79
32.77
32.77
32.75
32.75
32.76
32.75
32.74
32.73
32.72
32.74
32.72
32.72
32.72
32.72
32.73
32.70
32.72
32.72
32.71
32.70
32.71
32.71
32.70
32.71
32.71
32.72
32.71
32.71
32.71
32.71
32.72
32.74
32.75
32.75
32.76
32.76
32.77
32.78
32.79
32.77
32.77
32.77
32.79
32.80
32.80
32.81
32.79
32.80
32.79
32.78
32.80
32.79
32.79
32.78
32.80
32.80
32.80
32.79
32.79
32.78
32.79
32.79
32.79
32.78
32.79
32.78
32.77
32.77
32.77
32.78
32.79
32.79
32.79
32.79
32.79
32.78
32.79
32.79
32.78
32.80
32.79
32.79
32.80
32.80
32.80
32.81
32.80
32.79
32.78
32.76
32.75
32.75
32.75
32.76
32.75
32.76
32.75
32.75
32.74
32.74
32.73
32.73
32.73
32.74
32.73
32.73
32.73
32.73
32.74
32.75
32.74
32.74
32.74
32.73
32.73
32.73
32.72
32.71
32.71
32.73
32.73
32.73
32.73
32.73
32.73
32.73
32.72
32.73
32.71
32.72
32.70
32.71
32.72
32.73
32.73
32.73
32.73
32.73
32.74
32.74
32.74
32.75
32.75
32.77
32.77
32.76
32.77
32.77
32.78
32.77
32.78
32.78
32.78
32.80
32.79
32.78
32.77
32.80
32.79
32.79
32.79
32.79
32.79
32.79
32.79
32.76
