3.12
1.56
1.04
0.78
1.25
1.04
1.12
1.17
1.22
1.09
0.99
0.91
0.84
1.45
1.35
1.27
1.19
1.13
1.07
1.17
1.26
1.21
1.15
1.11
1.12
1.08
1.10
1.06
1.02
0.99
1.01
1.03
1.04
1.06
1.03
1.04
1.06
1.07
1.04
1.02
0.99
0.97
0.98
0.99
1.08
1.09
1.13
1.17
1.24
1.22
1.19
1.20
1.21
1.19
1.19
1.20
1.21
1.21
1.19
1.17
1.15
1.13
1.12
1.15
1.13
1.14
1.12
1.10
1.18
1.18
1.17
1.17
1.16
1.18
1.17
1.17
1.16
1.14
1.13
1.13
1.14
1.12
1.11
1.10
1.10
1.09
1.08
1.07
1.05
1.04
1.05
1.05
1.06
1.06
1.07
1.07
1.06
1.07
1.06
1.06
1.05
1.06
1.06
1.05
1.04
1.05
1.04
1.04
1.03
1.05
1.04
1.06
1.05
1.06
1.05
1.05
1.06
1.05
1.04
1.03
1.02
1.01
1.02
1.02
1.01
1.00
1.00
0.99
0.98
1.00
0.99
0.99
0.99
0.99
0.98
0.98
0.97
0.96
0.96
0.96
0.95
0.95
0.96
0.95
0.96
0.97
0.97
0.96
0.95
0.95
0.95
0.95
0.94
0.93
0.93
0.93
0.93
0.92
0.91
0.91
0.90
0.90
0.90
0.90
0.90
0.89
0.89
0.89
0.89
0.88
0.89
0.88
0.89
0.88
0.88
0.88
0.87
0.87
0.86
0.86
0.85
0.86
0.85
0.85
0.85
0.87
0.86
0.89
0.89
0.90
0.89
0.91
0.91
0.92
0.91
0.91
0.91
0.91
0.91
0.91
0.91
0.91
0.91
0.92
0.91
0.91
0.91
0.91
0.90
0.90
0.90
0.89
0.89
0.89
0.89
0.90
0.89
0.89
0.89
0.89
0.89
0.89
0.89
0.89
0.88
0.88
0.88
0.89
0.89
0.90
0.91
0.91
0.92
0.92
0.92
0.92
0.92
0.92
0.92
0.91
0.91
0.90
0.91
0.91
0.91
0.91
0.91
0.91
0.92
0.93
0.92
0.92
0.91
0.91
0.91
0.90
0.91
0.90
0.90
0.90
0.90
0.89
0.89
0.89
0.88
0.88
0.88
0.87
0.87
0.87
0.87
0.87
0.86
0.87
0.88
0.88
0.89
0.89
0.89
0.89
0.89
0.89
0.89
0.90
0.91
0.91
0.91
0.92
0.91
0.92
0.91
0.91
0.91
0.91
0.91
0.91
0.90
0.91
0.91
0.92
0.91
0.92
0.91
0.92
0.92
0.92
0.92
0.92
0.92
0.92
0.92
0.92
0.92
0.92
0.92
0.92
0.92
0.92
0.92
0.92
0.92
0.92
0.92
0.93
0.92
0.92
0.92
0.91
0.92
0.91
0.91
0.91
0.91
0.91
0.91
0.91
0.91
0.91
0.91
0.91
0.91
0.90
0.90
0.90
0.90
0.90
0.90
0.89
0.90
0.89
0.89
0.90
0.89
0.90
0.89
0.90
0.90
0.89
0.89
0.89
0.89
0.88
0.89
0.89
0.89
0.88
0.88
0.88
0.88
0.88
0.88
0.89
0.88
0.89
0.88
0.89
0.88
0.88
0.88
0.88
0.89
0.89
0.89
0.88
0.88
0.88
0.88
0.88
0.88
0.89
0.88
0.88
0.89
0.88
0.88
0.88
0.88
0.88
0.87
0.87
0.87
0.87
0.87
0.87
0.87
0.87
0.87
0.87
0.88
0.88
0.88
0.88
0.88
0.88
0.88
0.88
0.88
0.88
0.88
0.88
0.88
0.88
0.88
0.88
0.88
0.88
0.88
0.88
0.88
0.88
0.88
0.88
0.88
0.88
0.88
0.87
0.88
0.87
0.87
0.87
0.87
0.87
0.87
0.87
0.86
0.86
0.86
0.86
0.86
0.87
0.87
0.87
0.87
0.86
0.86
0.86
0.86
0.86
0.86
0.86
0.86
0.86
0.85
0.86
0.85
0.85
0.85
0.85
0.85
0.84
0.84
0.84
0.84
0.84
0.84
0.84
0.84
0.84
0.84
0.84
0.84
0.84
0.84
0.84
0.84
0.84
0.84
0.85
0.84
0.84
0.84
0.85
0.85
0.85
0.85
0.85
0.85
0.85
0.85
0.85
0.86
0.86
0.86
0.86
0.86
0.86
0.86
0.86
0.86
0.86
0.86
0.85
0.85
0.85
0.85
0.85
0.85
0.85
0.85
0.85
0.85
0.85
0.85
0.85
0.85
0.84
0.84
0.84
0.84
0.84
0.84
0.85
0.85
0.85
0.85
0.85
0.85
0.85
0.85
0.85
0.85
0.85
