76.56
81.25
82.81
82.42
83.44
82.81
83.26
83.01
83.16
82.97
82.39
83.07
83.29
82.70
82.92
83.69
83.09
83.42
83.22
83.12
83.04
82.88
82.81
82.68
82.56
82.45
82.52
82.70
82.54
82.71
82.76
82.91
82.91
82.81
82.86
82.68
82.52
82.52
82.57
82.66
82.85
82.70
82.56
82.78
82.60
82.54
82.58
82.55
82.65
82.75
82.72
82.72
82.67
82.58
82.44
82.45
82.54
82.54
82.55
82.53
82.43
82.48
82.51
82.40
82.45
82.43
82.49
82.40
82.47
82.48
82.46
82.51
82.56
82.60
82.54
82.48
82.59
82.65
82.59
82.62
82.60
82.56
82.53
82.55
82.54
82.61
82.53
82.49
82.37
82.31
82.21
82.18
82.12
82.13
82.12
82.05
82.01
82.00
82.04
81.97
81.90
81.89
81.90
81.94
81.95
81.94
81.86
81.84
81.87
81.80
81.87
81.77
81.73
81.74
81.75
81.78
81.84
81.85
81.84
81.86
81.92
81.90
81.94
82.01
82.05
82.09
82.05
82.03
82.04
82.06
82.03
82.04
82.00
82.00
82.01
82.08
82.08
82.09
82.17
82.17
82.21
82.28
82.27
82.20
82.22
82.21
82.22
82.26
82.32
82.36
82.35
82.36
82.37
82.39
82.32
82.26
82.27
82.24
82.25
82.24
82.23
82.23
82.28
82.29
82.26
82.29
82.29
82.25
82.27
82.27
82.26
82.31
82.31
82.34
82.32
82.28
82.29
82.26
82.23
82.24
82.25
82.25
82.25
82.24
82.22
82.19
82.20
82.21
82.19
82.20
82.17
82.15
82.12
82.12
82.12
82.13
82.15
82.17
82.15
82.19
82.18
82.16
82.18
82.17
82.17
82.17
82.17
82.18
82.20
82.19
82.18
82.22
82.25
82.26
82.22
82.22
82.25
82.23
82.23
82.22
82.23
82.24
82.22
82.21
82.23
82.24
82.22
82.20
82.16
82.15
82.16
82.17
82.19
82.17
82.16
82.17
82.17
82.18
82.16
82.20
82.20
82.21
82.20
82.18
82.15
82.15
82.15
82.15
82.17
82.17
82.15
82.15
82.12
82.14
82.13
82.13
82.13
82.14
82.15
82.13
82.16
82.17
82.17
82.15
82.16
82.17
82.15
82.14
82.14
82.15
82.16
82.16
82.16
82.16
82.17
82.18
82.15
82.14
82.13
82.12
82.10
82.07
82.07
82.06
82.06
82.05
82.06
82.05
82.07
82.05
82.00
81.99
82.00
82.03
82.02
82.02
82.02
82.01
81.99
82.01
82.02
82.03
82.05
82.05
82.04
82.02
82.03
82.01
82.00
82.00
81.99
82.00
82.00
82.00
82.00
81.99
82.00
82.03
82.03
82.04
82.02
82.01
82.01
82.01
82.00
82.00
81.99
82.01
82.02
82.01
82.02
82.03
82.05
82.03
82.06
82.05
82.05
82.05
82.06
82.05
82.05
82.04
82.03
82.03
82.03
82.05
82.04
82.05
82.04
82.06
82.05
82.03
82.01
82.03
82.03
82.05
82.05
82.05
82.04
82.04
82.06
82.06
82.05
82.06
82.08
82.07
82.09
82.09
82.10
82.10
82.10
82.09
82.11
82.12
82.12
82.14
82.13
82.14
82.15
82.16
82.14
82.12
82.11
82.09
82.10
82.13
82.14
82.13
82.15
82.16
82.16
82.16
82.16
82.17
82.16
82.16
82.15
82.14
82.15
82.14
82.14
82.14
82.13
82.12
82.13
82.12
82.10
82.11
82.09
82.11
82.12
82.13
82.12
82.10
82.08
82.08
82.07
82.05
82.05
82.07
82.07
82.06
82.07
82.07
82.06
82.05
82.05
82.06
82.08
82.08
82.09
82.09
82.10
82.11
82.10
82.12
82.12
82.13
82.13
82.12
82.12
82.12
82.12
82.11
82.10
82.09
82.09
82.07
82.07
82.09
82.10
82.09
82.10
82.10
82.09
82.09
82.07
82.07
82.06
82.04
82.03
82.03
82.03
82.03
82.04
82.05
82.04
82.04
82.05
82.06
82.07
82.07
82.06
82.06
82.06
82.07
82.08
82.07
82.07
82.09
82.10
82.10
82.09
82.09
82.09
82.10
82.10
82.09
82.10
82.11
82.11
82.14
82.14
82.15
82.14
82.16
82.14
82.14
82.15
82.15
82.15
82.17
82.17
82.17
82.17
82.15
82.17
82.18
82.18
82.19
82.18
82.19
82.19
82.20
82.20
82.19
82.18
82.19
82.19
82.18
82.17
82.17
82.18
82.18
82.18
82.17
82.18
82.17
82.17
82.16
82.16
82.15
82.15
82.16
82.16
82.14
82.13
82.13
82.12
82.12
82.13
82.14
82.12
82.11
82.11
82.11
82.12
82.11
82.10
82.10
82.09
82.10
82.09
82.10
82.11
82.10
82.09
82.11
82.13
82.12
82.12
82.11
82.09
82.08
82.08
82.08
82.05
82.06
82.06
82.05
82.06
82.07
82.07
82.09
82.08
82.09
82.08
82.08
82.07
82.07
82.06
82.07
82.07
82.05
82.05
82.03
82.04
82.04
82.05
82.05
82.04
82.05
82.05
82.04
82.05
82.04
82.04
82.04
82.04
82.05
82.05
82.05
82.05
82.05
82.04
82.04
82.05
82.06
82.06
82.06
82.05
82.06
82.06
82.06
82.03
82.05
82.05
82.04
82.05
82.05
82.06
82.04
82.04
82.04
82.05
82.07
82.07
82.08
82.08
82.08
82.07
82.07
82.07
82.08
82.08
82.08
82.08
82.07
82.07
82.07
82.08
82.07
82.06
82.06
82.07
82.06
82.06
82.07
82.06
82.07
82.06
82.06
82.05
82.04
82.03
82.04
82.04
82.04
82.05
82.04
82.04
82.06
82.05
82.04
82.04
82.04
82.03
82.04
82.05
82.06
82.05
82.05
82.05
82.05
82.05
82.05
82.04
82.04
82.03
82.03
82.04
82.03
82.02
82.01
82.01
82.01
82.03
82.02
82.03
82.01
82.01
82.02
82.01
82.01
82.00
82.00
81.99
81.99
81.99
81.99
81.99
81.98
81.99
82.00
82.00
82.01
82.00
82.01
82.00
82.02
82.02
82.02
82.02
82.03
82.03
82.03
82.03
82.03
82.03
82.03
82.03
82.03
82.03
82.04
82.03
82.04
82.03
82.03
82.04
82.04
82.04
82.05
82.04
82.04
82.05
82.05
82.05
82.05
82.05
82.05
82.05
82.04
82.04
82.03
82.03
82.03
82.03
82.02
82.03
82.03
82.01
82.00
82.01
82.01
82.02
82.00
82.00
82.00
82.00
81.98
81.98
81.98
81.98
81.99
81.97
81.98
81.98
81.99
81.99
81.99
81.99
81.99
81.99
81.98
81.98
81.98
81.97
81.98
81.98
81.98
81.98
81.90
