7.81
6.25
8.33
7.42
6.56
7.29
6.70
6.84
6.60
6.72
6.53
6.38
6.61
6.70
6.56
6.45
6.62
6.51
6.58
6.48
6.18
6.18
6.25
6.25
6.12
6.01
6.08
6.08
5.98
6.25
6.15
6.25
6.30
6.25
6.25
6.21
6.21
6.13
6.21
6.29
6.36
6.29
6.36
6.39
6.39
6.52
6.48
6.48
6.54
6.44
6.53
6.49
6.54
6.42
6.36
6.36
6.28
6.22
6.17
6.12
6.10
6.15
6.15
6.10
6.08
6.08
6.09
6.11
6.11
6.07
6.12
6.18
6.21
6.27
6.29
6.25
6.19
6.17
6.13
6.17
6.19
6.17
6.17
6.18
6.14
6.16
6.12
6.16
6.14
6.13
6.11
6.13
6.13
6.13
6.15
6.17
6.25
6.19
6.19
6.19
6.19
6.17
6.13
6.16
6.15
6.21
6.19
6.18
6.19
6.24
6.28
6.32
6.32
6.35
6.33
6.32
6.40
6.44
6.41
6.38
6.39
6.37
6.36
6.33
6.28
6.23
6.30
6.27
6.25
6.27
6.29
6.29
6.31
6.31
6.31
6.33
6.36
6.34
6.36
6.38
6.41
6.40
6.42
6.46
6.45
6.45
6.52
6.54
6.56
6.54
6.52
6.53
6.54
6.52
6.54
6.53
6.52
6.51
6.50
6.49
6.46
6.47
6.47
6.45
6.43
6.44
6.43
6.42
6.39
6.42
6.41
6.40
6.37
6.38
6.37
6.37
6.38
6.41
6.41
6.45
6.41
6.40
6.42
6.44
6.41
6.43
6.46
6.46
6.46
6.46
6.43
6.43
6.44
6.42
6.43
6.43
6.40
6.44
6.42
6.44
6.44
6.46
6.43
6.40
6.40
6.42
6.39
6.39
6.39
6.41
6.38
6.38
6.41
6.43
6.45
6.44
6.44
6.44
6.42
6.40
6.42
6.41
6.41
6.41
6.40
6.42
6.43
6.43
6.43
6.43
6.43
6.42
6.43
6.42
6.42
6.40
6.38
6.38
6.39
6.39
6.40
6.43
6.44
6.43
6.42
6.42
6.44
6.43
6.45
6.44
6.44
6.46
6.50
6.50
6.50
6.50
6.49
6.49
6.47
6.49
6.52
6.52
6.51
6.50
6.50
6.51
6.53
6.55
6.55
6.57
6.57
6.56
6.54
6.55
6.54
6.53
6.54
6.54
6.51
6.52
6.51
6.50
6.51
6.53
6.52
6.51
6.50
6.49
6.50
6.49
6.52
6.51
6.51
6.52
6.51
6.52
6.53
6.52
6.54
6.52
6.51
6.52
6.51
6.50
6.51
6.50
6.49
6.50
6.49
6.49
6.50
6.50
6.51
6.52
6.53
6.54
6.54
6.53
6.53
6.54
6.54
6.55
6.54
6.53
6.52
6.53
6.52
6.54
6.54
6.55
6.57
6.59
6.59
6.58
6.58
6.57
6.58
6.57
6.57
6.56
6.57
6.57
6.56
6.55
6.54
6.54
6.55
6.54
6.53
6.53
6.51
6.51
6.51
6.53
6.53
6.53
6.51
6.50
6.50
6.51
6.51
6.49
6.50
6.49
6.50
6.50
6.51
6.50
6.50
6.51
6.51
6.51
6.51
6.52
6.52
6.50
6.50
6.51
6.52
6.51
6.50
6.49
6.49
6.49
6.48
6.47
6.46
6.46
6.47
6.46
6.47
6.48
6.47
6.48
6.48
6.47
6.47
6.49
6.50
6.50
6.49
6.50
6.49
6.48
6.49
6.49
6.48
6.47
6.48
6.48
6.48
6.47
6.47
6.49
6.48
6.48
6.49
6.48
6.48
6.48
6.48
6.49
6.49
6.49
6.49
6.50
6.50
6.50
6.49
6.49
6.49
6.48
6.48
6.48
6.48
6.47
6.48
6.47
6.47
6.48
6.47
6.48
6.46
6.49
6.48
6.49
6.49
6.49
6.48
6.48
6.48
6.47
6.48
6.48
6.49
6.49
6.50
6.49
6.48
6.48
6.48
6.47
6.47
6.47
6.45
6.46
6.46
6.45
6.45
6.45
6.44
6.44
6.44
6.45
6.45
6.46
6.46
6.46
6.46
6.46
6.46
6.46
6.46
6.47
6.47
6.47
6.46
6.47
6.47
6.48
6.49
6.50
6.50
6.50
6.49
6.50
6.50
6.50
6.49
6.48
6.49
6.49
6.50
6.50
6.50
6.50
6.50
6.49
6.48
6.47
6.47
6.46
6.45
6.45
6.45
6.46
6.47
6.47
6.46
6.46
6.45
6.46
6.47
6.47
6.47
6.48
6.47
6.48
6.49
6.49
6.50
6.50
6.49
6.50
6.50
6.49
6.49
6.49
6.48
6.48
6.48
6.47
6.48
6.48
6.47
6.47
6.47
6.47
6.47
6.47
6.47
6.47
6.46
6.46
6.46
6.46
6.45
6.45
6.46
6.46
6.46
6.46
6.45
6.44
6.44
6.44
6.44
6.45
6.44
6.45
6.47
6.47
6.47
6.48
6.48
6.48
6.48
6.49
6.50
6.50
6.51
6.51
6.51
6.51
6.52
6.53
6.54
6.54
6.54
6.54
6.54
6.53
6.53
6.52
6.52
6.52
6.52
6.52
6.53
6.52
6.52
6.52
6.52
6.51
6.52
6.51
6.51
6.51
6.50
6.51
6.51
6.51
6.51
6.51
6.51
6.50
6.51
6.51
6.51
6.51
6.51
6.51
6.51
6.51
6.51
6.51
6.51
6.50
6.49
6.50
6.49
6.49
6.48
6.49
6.48
6.48
6.48
6.48
6.48
6.47
6.47
6.48
6.48
6.48
6.48
6.49
6.49
6.49
6.49
6.49
6.48
6.48
6.48
6.48
6.48
6.48
6.48
6.48
6.48
6.49
6.49
6.49
6.49
6.49
6.49
6.49
6.49
6.49
6.48
6.48
6.48
6.47
6.47
6.47
6.47
6.47
6.47
6.47
6.48
6.48
6.48
6.48
6.47
6.48
6.48
6.48
6.48
6.49
6.49
6.50
6.50
6.50
6.50
6.51
6.50
6.50
6.50
6.51
6.52
6.52
6.51
6.51
6.52
6.52
6.52
6.52
6.52
6.52
6.52
6.53
6.54
6.55
6.54
6.54
6.54
6.55
6.55
6.55
6.54
6.54
6.54
6.54
6.53
6.53
6.52
6.51
6.52
6.52
6.52
6.53
6.53
6.53
6.53
6.53
6.53
6.53
6.53
6.53
6.54
6.54
6.54
6.54
6.54
6.54
6.53
6.52
6.53
6.53
6.53
6.53
6.52
6.52
6.52
6.52
6.53
6.53
6.53
6.53
6.53
6.53
6.54
6.54
6.54
6.54
6.54
6.54
6.54
6.54
6.54
6.55
6.55
6.55
6.56
6.56
6.56
6.55
6.55
6.56
6.55
6.55
6.55
6.54
