79.69
78.91
77.08
79.30
79.69
79.17
79.69
79.10
79.17
79.06
78.98
79.17
78.61
79.46
79.48
78.91
79.32
78.99
79.36
79.14
78.94
78.76
78.80
78.71
78.81
79.09
79.22
79.07
79.04
78.75
78.93
78.81
78.65
78.63
78.62
78.78
78.67
78.66
78.77
78.87
78.73
78.91
78.96
79.08
79.10
78.97
78.82
79.00
79.21
79.25
79.35
79.18
79.25
79.22
79.29
79.27
79.28
79.34
79.40
79.40
79.28
79.31
79.17
79.17
79.28
79.38
79.43
79.55
79.57
79.55
79.53
79.45
79.45
79.41
79.35
79.26
79.36
79.35
79.45
79.43
79.38
79.42
79.44
79.39
79.36
79.41
79.35
79.39
79.34
79.31
79.31
79.30
79.28
79.36
79.38
79.26
79.32
79.27
79.25
79.36
79.27
79.24
79.19
79.12
79.11
79.02
79.03
79.08
79.14
79.13
79.18
79.19
79.22
79.24
79.27
79.22
79.29
79.26
79.27
79.31
79.29
79.30
79.32
79.32
79.25
79.20
79.16
79.19
79.20
79.28
79.28
79.19
79.14
79.15
79.13
79.12
79.15
79.12
79.13
79.16
79.18
79.13
79.09
79.09
79.00
78.99
78.99
79.04
79.04
79.04
79.04
79.05
79.10
79.09
79.13
79.13
79.16
79.17
79.23
79.28
79.29
79.33
79.34
79.34
79.35
79.33
79.33
79.38
79.30
79.26
79.24
79.28
79.26
79.27
79.27
79.29
79.25
79.25
79.22
79.24
79.25
79.24
79.25
79.24
79.26
79.28
79.30
79.31
79.32
79.28
79.27
79.28
79.27
79.28
79.23
79.24
79.27
79.27
79.29
79.27
79.29
79.31
79.31
79.30
79.33
79.35
79.35
79.32
79.32
79.34
79.32
79.29
79.25
79.26
79.22
79.24
79.28
79.26
79.28
79.29
79.26
79.26
79.27
79.26
79.28
79.27
79.24
79.25
79.27
79.25
79.24
79.22
79.21
79.21
79.21
79.22
79.23
79.21
79.20
79.19
79.20
79.21
79.17
79.16
79.15
79.15
79.14
79.16
79.18
79.19
79.21
79.22
79.19
79.18
79.19
79.17
79.21
79.22
79.20
79.21
79.20
79.19
79.16
79.16
79.16
79.14
79.16
79.18
79.18
79.21
79.21
79.23
79.23
79.22
79.23
79.24
79.21
79.19
79.19
79.18
79.16
79.19
79.16
79.17
79.19
79.17
79.18
79.19
79.22
79.22
79.19
79.22
79.20
79.22
79.24
79.21
79.18
79.18
79.20
79.21
79.19
79.17
79.20
79.17
79.16
79.14
79.14
79.13
79.13
79.15
79.15
79.13
79.14
79.14
79.14
79.14
79.13
79.10
79.10
79.13
79.15
79.14
79.16
79.18
79.19
79.19
79.18
79.19
79.21
79.23
79.20
79.17
79.18
79.19
79.22
79.23
79.21
79.21
79.19
79.18
79.19
79.20
79.21
79.24
79.23
79.22
79.20
79.21
79.21
79.19
79.21
79.19
79.20
79.20
79.21
79.24
79.25
79.22
79.22
79.24
79.24
79.23
79.22
79.22
79.22
79.23
79.22
79.22
79.22
79.22
79.23
79.23
79.21
79.22
79.25
79.24
79.22
79.20
79.21
79.20
79.21
79.21
79.22
79.22
79.24
79.24
79.23
79.23
79.21
79.23
79.22
79.23
79.22
79.23
79.23
79.24
79.25
79.26
79.28
79.28
79.28
79.28
79.28
79.25
79.24
79.26
79.23
79.20
79.21
79.21
79.21
79.21
79.22
79.22
79.22
79.23
79.24
79.23
79.22
79.22
79.22
79.20
79.20
79.21
79.23
79.22
79.25
79.22
79.22
79.21
79.19
79.18
79.20
79.19
79.20
79.20
79.21
79.20
79.20
79.20
79.21
79.19
79.19
79.20
79.21
79.21
79.22
79.21
79.22
79.23
79.21
79.23
79.24
79.23
79.21
79.21
79.20
79.19
79.20
79.20
79.19
79.18
79.17
79.17
79.14
79.14
79.17
79.17
79.15
79.17
79.15
79.16
79.17
79.15
79.15
79.12
79.10
79.10
79.09
79.09
79.10
79.09
79.10
79.10
79.10
79.13
79.14
79.15
79.15
79.16
79.15
79.16
79.16
79.15
79.15
79.16
79.16
79.15
79.15
79.15
79.14
79.15
79.15
79.14
79.14
79.14
79.14
79.15
79.15
79.12
79.13
79.13
79.15
79.15
79.15
79.15
79.15
79.15
79.16
79.15
79.14
79.15
79.14
79.14
79.12
79.12
79.13
79.13
79.14
79.15
79.15
79.14
79.12
79.14
79.14
79.12
79.12
79.12
79.12
79.12
79.12
79.12
79.11
79.12
79.13
79.13
79.13
79.13
79.13
79.14
79.15
79.15
79.14
79.13
79.13
79.13
79.12
79.12
79.12
79.12
79.12
79.11
79.10
79.12
79.12
79.12
79.13
79.13
79.14
79.13
79.13
79.12
79.11
79.11
79.11
79.12
79.12
79.12
79.11
79.09
79.09
79.09
79.10
79.11
79.11
79.11
79.10
79.10
79.09
79.11
79.12
79.11
79.11
79.10
79.11
79.11
79.11
79.11
79.11
79.10
79.10
79.09
79.09
79.08
79.08
79.08
79.08
79.08
79.08
79.08
79.07
79.07
79.08
79.08
79.09
79.08
79.07
79.07
79.07
79.07
79.06
79.07
79.07
79.06
79.07
79.06
79.07
79.06
79.05
79.05
79.06
79.05
79.06
79.06
79.06
79.07
79.07
79.07
79.08
79.09
79.07
79.07
79.06
79.07
79.06
79.07
79.06
79.06
79.05
79.05
79.04
79.04
79.02
79.01
79.00
78.99
78.98
78.98
78.97
78.97
78.97
78.97
78.96
78.96
78.95
78.95
78.95
78.94
78.94
78.94
78.94
78.96
78.94
78.94
78.94
78.93
78.92
78.92
78.91
78.91
78.91
78.92
78.91
78.92
78.91
78.91
78.91
78.92
78.92
78.93
78.94
78.94
78.93
78.94
78.95
78.96
78.95
78.94
78.93
78.93
78.92
78.93
78.93
78.94
78.92
78.93
78.93
78.95
78.96
78.96
78.96
78.97
78.98
78.99
78.98
78.98
78.98
78.98
78.99
78.99
78.99
78.99
78.99
78.99
78.98
78.98
79.00
79.00
79.00
79.01
79.01
79.02
79.04
79.05
79.05
79.03
79.03
79.01
79.01
79.01
79.02
79.03
79.04
79.04
79.05
79.05
79.05
79.05
79.04
79.04
79.05
79.04
79.04
79.04
79.03
79.04
79.03
79.03
79.03
79.03
79.02
79.03
79.02
79.01
78.99
79.00
79.01
79.02
79.01
79.02
79.01
79.01
79.01
79.01
79.00
79.00
79.00
78.98
78.98
78.99
78.99
78.91
