82.81
82.81
82.29
80.86
81.25
78.91
79.91
80.27
80.38
81.09
80.68
81.12
81.25
81.70
81.88
81.45
81.53
81.34
81.58
81.56
81.92
81.96
81.86
82.03
82.06
82.15
82.12
81.98
82.00
82.08
82.21
82.23
82.15
81.99
81.83
81.73
81.71
81.54
81.61
81.64
81.59
81.66
81.69
81.32
81.39
81.42
81.35
81.35
81.54
81.56
81.50
81.49
81.60
81.54
81.59
81.50
81.58
81.47
81.41
81.48
81.61
81.48
81.52
81.57
81.51
81.51
81.53
81.53
81.59
81.61
81.71
81.58
81.61
81.61
81.79
81.72
81.76
81.79
81.78
81.84
81.81
81.80
81.85
81.85
81.82
81.67
81.63
81.53
81.57
81.60
81.64
81.66
81.72
81.72
81.74
81.74
81.80
81.86
81.87
81.84
81.87
81.88
81.86
81.82
81.79
81.75
81.75
81.67
81.65
81.61
81.62
81.61
81.62
81.63
81.59
81.57
81.58
81.57
81.64
81.67
81.70
81.69
81.73
81.69
81.61
81.61
81.62
81.65
81.64
81.62
81.60
81.63
81.64
81.65
81.77
81.79
81.84
81.84
81.86
81.83
81.83
81.77
81.77
81.74
81.69
81.71
81.76
81.80
81.80
81.79
81.77
81.78
81.79
81.74
81.73
81.72
81.73
81.75
81.70
81.67
81.65
81.68
81.73
81.70
81.68
81.68
81.65
81.69
81.68
81.71
81.69
81.72
81.75
81.73
81.73
81.75
81.79
81.79
81.77
81.76
81.75
81.71
81.69
81.69
81.71
81.74
81.79
81.77
81.77
81.81
81.84
81.83
81.81
81.80
81.76
81.78
81.81
81.83
81.85
81.83
81.83
81.81
81.82
81.79
81.77
81.72
81.72
81.71
81.71
81.74
81.74
81.73
81.74
81.74
81.75
81.76
81.75
81.70
81.70
81.71
81.70
81.74
81.73
81.75
81.76
81.75
81.76
81.70
81.67
81.66
81.65
81.64
81.68
81.69
81.67
81.64
81.62
81.59
81.56
81.56
81.57
81.62
81.61
81.65
81.67
81.68
81.65
81.64
81.65
81.64
81.67
81.66
81.65
81.66
81.69
81.68
81.66
81.67
81.64
81.67
81.67
81.68
81.67
81.65
81.62
81.65
81.66
81.68
81.71
81.70
81.69
81.70
81.70
81.68
81.69
81.70
81.72
81.74
81.73
81.71
81.72
81.74
81.76
81.73
81.75
81.75
81.77
81.74
81.76
81.76
81.77
81.80
81.79
81.78
81.77
81.76
81.75
81.74
81.76
81.74
81.77
81.79
81.75
81.73
81.73
81.75
81.72
81.71
81.71
81.70
81.71
81.69
81.69
81.66
81.68
81.66
81.64
81.63
81.64
81.65
81.63
81.63
81.61
81.63
81.64
81.67
81.68
81.68
81.69
81.70
81.71
81.71
81.70
81.70
81.69
81.70
81.67
81.69
81.68
81.66
81.67
81.68
81.67
81.67
81.69
81.68
81.67
81.64
81.64
81.66
81.65
81.65
81.65
81.63
81.64
81.65
81.65
81.63
81.62
81.63
81.63
81.65
81.65
81.65
81.63
81.64
81.64
81.65
81.66
81.66
81.67
81.67
81.67
81.65
81.65
81.62
81.62
81.63
81.63
81.64
81.65
81.66
81.65
81.66
81.66
81.68
81.69
81.69
81.69
81.68
81.69
81.69
81.69
81.70
81.70
81.71
81.72
81.73
81.75
81.76
81.76
81.77
81.75
81.78
81.76
81.76
81.75
81.74
81.74
81.74
81.74
81.75
81.75
81.77
81.76
81.76
81.74
81.73
81.73
81.74
81.74
81.74
81.73
81.75
81.74
81.73
81.74
81.76
81.76
81.74
81.76
81.75
81.76
81.76
81.75
81.75
81.76
81.76
81.77
81.75
81.75
81.76
81.75
81.76
81.75
81.74
81.74
81.74
81.73
81.70
81.70
81.70
81.71
81.72
81.73
81.71
81.70
81.71
81.72
81.72
81.73
81.74
81.73
81.73
81.73
81.75
81.73
81.73
81.73
81.73
81.75
81.76
81.74
81.75
81.74
81.74
81.74
81.75
81.76
81.74
81.72
81.73
81.73
81.72
81.72
81.71
81.71
81.70
81.69
81.68
81.68
81.68
81.69
81.68
81.67
81.67
81.66
81.68
81.69
81.68
81.67
81.69
81.68
81.68
81.67
81.69
81.69
81.70
81.70
81.70
81.68
81.67
81.67
81.68
81.67
81.64
81.64
81.65
81.63
81.63
81.63
81.62
81.62
81.62
81.62
81.60
81.59
81.59
81.59
81.59
81.59
81.58
81.58
81.59
81.59
81.59
81.58
81.58
81.59
81.58
81.60
81.59
81.60
81.60
81.61
81.60
81.62
81.62
81.64
81.64
81.64
81.64
81.63
81.62
81.62
81.62
81.63
81.63
81.64
81.65
81.66
81.65
81.65
81.63
81.64
81.64
81.64
81.64
81.65
81.64
81.65
81.66
81.68
81.69
81.69
81.71
81.70
81.70
81.70
81.70
81.71
81.72
81.73
81.74
81.75
81.74
81.73
81.73
81.74
81.75
81.75
81.75
81.76
81.76
81.76
81.75
81.76
81.75
81.76
81.76
81.78
81.77
81.77
81.76
81.76
81.77
81.75
81.77
81.78
81.78
81.79
81.79
81.79
81.79
81.79
81.79
81.79
81.79
81.79
81.76
81.77
81.76
81.76
81.76
81.76
81.75
81.75
81.75
81.75
81.74
81.73
81.73
81.73
81.73
81.72
81.73
81.73
81.72
81.71
81.71
81.73
81.74
81.74
81.73
81.73
81.73
81.75
81.73
81.73
81.74
81.75
81.75
81.76
81.75
81.76
81.77
81.76
81.76
81.76
81.77
81.77
81.76
81.75
81.75
81.76
81.76
81.76
81.77
81.77
81.77
81.76
81.76
81.76
81.76
81.74
81.74
81.73
81.75
81.74
81.73
81.72
81.72
81.71
81.71
81.71
81.72
81.71
81.71
81.72
81.72
81.73
81.73
81.73
81.74
81.75
81.75
81.76
81.77
81.76
81.76
81.76
81.75
81.74
81.74
81.74
81.74
81.74
81.74
81.73
81.73
81.72
81.73
81.73
81.73
81.74
81.75
81.74
81.74
81.75
81.74
81.75
81.74
81.74
81.74
81.74
81.74
81.74
81.74
81.75
81.74
81.74
81.74
81.73
81.72
81.73
81.73
81.72
81.71
81.72
81.73
81.73
81.74
81.74
81.74
81.74
81.75
81.76
81.76
81.77
81.77
81.76
81.75
81.76
81.75
81.76
81.75
81.76
81.75
81.75
81.75
81.76
81.74
81.75
81.74
81.75
81.75
81.76
81.76
81.75
81.76
81.75
81.75
81.76
81.76
81.76
81.77
81.77
81.76
81.77
81.76
81.76
81.68
