42.19
36.72
40.10
39.06
38.75
36.98
36.38
35.94
35.24
34.69
33.81
34.11
34.01
33.82
33.75
34.18
35.20
35.07
35.20
35.55
35.27
35.01
35.33
35.42
35.38
35.28
35.53
35.44
35.51
35.21
35.18
35.01
35.18
35.11
35.04
35.11
35.47
35.24
35.10
35.00
35.18
35.31
35.25
35.48
35.28
35.22
35.31
35.48
35.65
35.56
35.48
35.40
35.35
35.33
35.23
35.13
35.31
35.05
35.12
35.10
35.02
34.85
34.70
34.69
34.83
34.92
34.82
34.79
34.87
34.87
34.77
34.79
34.89
34.84
34.90
34.97
35.09
35.00
35.03
35.04
34.95
34.95
34.94
34.97
34.94
34.94
34.95
34.98
35.06
35.07
35.22
35.19
35.13
35.21
35.15
35.19
35.16
35.22
35.16
35.13
35.26
35.31
35.25
35.22
35.21
35.26
35.24
35.26
35.32
35.33
35.35
35.34
35.47
35.43
35.46
35.40
35.36
35.35
35.52
35.59
35.51
35.53
35.57
35.61
35.60
35.62
35.67
35.63
35.66
35.67
35.63
35.59
35.64
35.69
35.71
35.70
35.69
35.73
35.72
35.79
35.80
35.85
35.82
35.81
35.81
35.84
35.81
35.80
35.83
35.84
35.85
35.79
35.75
35.77
35.80
35.86
35.79
35.72
35.72
35.65
35.64
35.63
35.59
35.57
35.60
35.56
35.58
35.57
35.60
35.61
35.65
35.64
35.61
35.65
35.61
35.63
35.67
35.65
35.65
35.60
35.63
35.59
35.57
35.61
35.62
35.65
35.59
35.61
35.62
35.65
35.61
35.60
35.62
35.60
35.59
35.57
35.56
35.56
35.55
35.54
35.51
35.49
35.48
35.52
35.45
35.44
35.44
35.43
35.44
35.45
35.51
35.46
35.47
35.51
35.49
35.49
35.43
35.48
35.46
35.47
35.47
35.45
35.43
35.38
35.37
35.38
35.37
35.38
35.36
35.37
35.38
35.38
35.35
35.35
35.32
35.30
35.30
35.29
35.27
35.26
35.25
35.24
35.19
35.21
35.24
35.21
35.22
35.19
35.17
35.18
35.18
35.18
35.16
35.14
35.11
35.10
35.10
35.07
35.06
35.10
35.10
35.13
35.14
35.13
35.08
35.09
35.05
35.03
35.01
35.02
34.99
35.00
35.03
35.06
35.05
35.04
35.06
35.07
35.08
35.03
35.02
35.00
34.99
34.99
34.99
34.97
34.97
34.97
35.00
34.97
35.00
35.01
35.01
35.01
35.05
35.05
35.04
35.02
35.02
35.02
35.02
34.99
34.99
34.98
34.98
35.00
35.04
35.03
35.06
35.03
34.99
34.99
35.01
35.01
35.01
35.02
35.04
35.06
35.03
35.03
35.03
35.02
34.98
34.98
34.96
34.98
34.98
35.00
34.98
34.99
35.00
34.99
34.99
34.99
34.99
34.99
34.99
35.00
35.02
35.03
35.02
35.03
35.03
35.00
35.01
35.02
35.01
35.00
35.00
35.00
34.99
34.97
34.98
34.99
35.01
35.01
34.98
34.97
34.97
35.00
35.01
34.99
34.99
34.98
34.97
34.96
34.96
34.95
34.95
34.95
34.94
34.95
34.94
34.95
34.91
34.90
34.87
34.87
34.87
34.85
34.85
34.86
34.87
34.90
34.93
34.93
34.94
34.94
34.95
34.93
34.97
34.96
34.96
34.95
34.96
34.96
34.93
34.95
34.95
34.96
34.94
34.95
34.96
34.96
34.95
34.94
34.92
34.90
34.89
34.89
34.87
34.88
34.88
34.90
34.90
34.88
34.88
34.88
34.88
34.88
34.87
34.87
34.87
34.88
34.87
34.87
34.89
34.90
34.92
34.93
34.93
34.93
34.92
34.90
34.91
34.90
34.90
34.91
34.91
34.90
34.93
34.92
34.90
34.90
34.91
34.92
34.93
34.94
34.93
34.92
34.93
34.94
34.94
34.96
34.95
34.94
34.94
34.93
34.93
34.92
34.91
34.93
34.94
34.93
34.93
34.91
34.92
34.92
34.91
34.92
34.94
34.95
34.94
34.92
34.92
34.89
34.88
34.88
34.87
34.87
34.89
34.89
34.89
34.91
34.91
34.92
34.92
34.92
34.90
34.90
34.91
34.89
34.89
34.88
34.89
34.90
34.88
34.89
34.88
34.87
34.86
34.84
34.85
34.85
34.86
34.86
34.86
34.87
34.85
34.85
34.87
34.88
34.89
34.93
34.93
34.94
34.93
34.94
34.96
34.98
34.98
34.96
34.94
34.91
34.92
34.91
34.89
34.88
34.88
34.88
34.88
34.87
34.89
34.90
34.90
34.91
34.91
34.91
34.89
34.90
34.90
34.89
34.87
34.87
34.86
34.86
34.85
34.84
34.83
34.82
34.82
34.83
34.81
34.80
34.80
34.80
34.81
34.82
34.81
34.83
34.85
34.83
34.82
34.81
34.80
34.81
34.81
34.80
34.79
34.79
34.80
34.81
34.81
34.82
34.82
34.80
34.79
34.79
34.79
34.77
34.79
34.79
34.79
34.80
34.80
34.81
34.82
34.83
34.83
34.84
34.83
34.83
34.83
34.82
34.83
34.83
34.82
34.81
34.82
34.81
34.81
34.81
34.81
34.79
34.79
34.79
34.79
34.79
34.79
34.79
34.79
34.79
34.78
34.78
34.77
34.78
34.78
34.77
34.77
34.77
34.77
34.78
34.75
34.76
34.76
34.76
34.77
34.76
34.76
34.73
34.74
34.72
34.72
34.71
34.71
34.71
34.71
34.72
34.71
34.70
34.69
34.69
34.69
34.70
34.70
34.69
34.68
34.67
34.68
34.68
34.68
34.68
34.69
34.70
34.69
34.69
34.69
34.70
34.69
34.68
34.69
34.70
34.70
34.69
34.69
34.68
34.67
34.67
34.66
34.65
34.65
34.67
34.68
34.69
34.69
34.71
34.70
34.69
34.70
34.70
34.71
34.71
34.71
34.69
34.69
34.67
34.67
34.66
34.65
34.66
34.65
34.65
34.65
34.67
34.68
34.68
34.68
34.67
34.68
34.69
34.68
34.67
34.67
34.68
34.67
34.67
34.66
34.67
34.68
34.68
34.67
34.68
34.69
34.69
34.69
34.68
34.68
34.66
34.65
34.67
34.66
34.66
34.66
34.67
34.65
34.65
34.66
34.67
34.66
34.66
34.65
34.66
34.65
34.68
34.66
34.67
34.67
34.67
34.68
34.67
34.67
34.67
34.68
34.68
34.68
34.69
34.69
34.68
34.69
34.68
34.68
34.68
34.70
34.69
34.68
34.68
34.68
34.68
34.68
34.68
34.68
34.69
34.70
34.70
34.70
34.71
34.70
34.69
34.70
34.70
34.72
34.72
34.73
34.73
34.72
34.70
34.70
34.71
34.70
34.70
34.69
34.67
