76.56
79.69
80.73
82.03
83.44
83.33
83.48
83.01
82.99
82.19
82.24
82.55
82.09
81.81
81.77
81.93
82.44
82.29
82.32
82.19
82.22
82.60
82.81
82.81
83.19
82.99
82.81
82.53
82.54
82.66
82.81
82.91
82.58
82.67
82.68
82.77
82.98
82.81
82.77
82.62
82.66
82.78
82.49
82.56
82.74
82.74
82.78
82.65
82.56
82.50
82.29
82.24
82.28
82.29
82.36
82.42
82.37
82.44
82.49
82.47
82.51
82.54
82.54
82.52
82.55
82.58
82.58
82.47
82.54
82.46
82.35
82.44
82.49
82.52
82.46
82.50
82.49
82.27
82.36
82.36
82.39
82.37
82.32
82.40
82.41
82.38
82.49
82.55
82.43
82.33
82.26
82.20
82.22
82.20
82.17
82.13
82.15
82.17
82.21
82.22
82.27
82.25
82.15
82.18
82.10
82.10
82.07
82.00
82.00
82.05
81.98
81.98
82.02
82.09
82.11
82.11
82.09
82.11
82.13
82.02
82.06
82.07
82.06
82.01
81.99
82.02
82.00
82.03
82.00
81.96
82.01
82.04
82.08
82.02
81.91
81.89
81.90
81.96
81.94
81.89
81.85
81.80
81.83
81.84
81.78
81.77
81.76
81.77
81.76
81.76
81.75
81.72
81.73
81.77
81.81
81.79
81.74
81.72
81.69
81.70
81.70
81.70
81.73
81.71
81.70
81.68
81.75
81.72
81.71
81.74
81.74
81.72
81.73
81.70
81.71
81.75
81.74
81.77
81.78
81.75
81.78
81.77
81.77
81.77
81.80
81.78
81.75
81.76
81.79
81.75
81.77
81.77
81.80
81.81
81.78
81.78
81.77
81.83
81.78
81.80
81.80
81.85
81.86
81.86
81.86
81.84
81.82
81.81
81.77
81.76
81.78
81.77
81.73
81.75
81.75
81.77
81.76
81.78
81.79
81.81
81.79
81.80
81.82
81.84
81.83
81.84
81.86
81.87
81.82
81.82
81.85
81.87
81.86
81.86
81.86
81.85
81.87
81.86
81.85
81.88
81.85
81.88
81.86
81.87
81.88
81.89
81.88
81.90
81.91
81.91
81.92
81.88
81.90
81.92
81.92
81.88
81.89
81.90
81.86
81.84
81.85
81.86
81.86
81.85
81.87
81.86
81.85
81.86
81.87
81.87
81.86
81.87
81.89
81.88
81.85
81.81
81.82
81.81
81.82
81.84
81.86
81.88
81.86
81.85
81.87
81.87
81.87
81.87
81.84
81.84
81.83
81.81
81.79
81.80
81.82
81.84
81.85
81.87
81.88
81.89
81.89
81.86
81.86
81.87
81.83
81.83
81.79
81.78
81.80
81.78
81.81
81.81
81.79
81.80
81.80
81.77
81.77
81.79
81.78
81.79
81.80
81.78
81.76
81.75
81.77
81.74
81.73
81.73
81.74
81.74
81.75
81.75
81.75
81.74
81.77
81.78
81.80
81.81
81.80
81.79
81.75
81.74
81.74
81.73
81.73
81.72
81.73
81.74
81.73
81.74
81.76
81.75
81.73
81.74
81.74
81.73
81.72
81.72
81.72
81.71
81.71
81.73
81.75
81.77
81.75
81.75
81.75
81.74
81.73
81.72
81.69
81.70
81.70
81.71
81.69
81.71
81.71
81.70
81.71
81.71
81.71
81.70
81.67
81.69
81.71
81.72
81.71
81.71
81.70
81.71
81.70
81.70
81.73
81.73
81.72
81.74
81.73
81.74
81.75
81.75
81.74
81.73
81.72
81.72
81.71
81.73
81.71
81.71
81.71
81.71
81.70
81.71
81.71
81.68
81.67
81.67
81.68
81.67
81.67
81.68
81.68
81.67
81.65
81.65
81.66
81.65
81.66
81.67
81.68
81.69
81.69
81.70
81.70
81.71
81.69
81.72
81.71
81.71
81.70
81.69
81.69
81.68
81.68
81.69
81.69
81.70
81.68
81.68
81.68
81.69
81.70
81.71
81.71
81.69
81.71
81.69
81.68
81.68
81.67
81.69
81.66
81.66
81.65
81.66
81.67
81.67
81.68
81.69
81.68
81.69
81.70
81.70
81.71
81.70
81.69
81.68
81.69
81.68
81.68
81.67
81.67
81.66
81.66
81.65
81.64
81.62
81.62
81.63
81.64
81.64
81.64
81.65
81.65
81.65
81.65
81.64
81.62
81.61
81.63
81.63
81.65
81.65
81.66
81.66
81.64
81.65
81.66
81.67
81.68
81.69
81.70
81.70
81.71
81.70
81.71
81.72
81.75
81.75
81.74
81.74
81.75
81.73
81.74
81.74
81.76
81.76
81.77
81.77
81.78
81.78
81.79
81.80
81.81
81.81
81.80
81.79
81.78
81.80
81.79
81.78
81.77
81.75
81.74
81.75
81.76
81.76
81.77
81.78
81.79
81.78
81.79
81.79
81.77
81.76
81.76
81.76
81.73
81.74
81.73
81.73
81.74
81.74
81.72
81.73
81.74
81.72
81.73
81.73
81.74
81.76
81.76
81.77
81.77
81.79
81.79
81.78
81.79
81.80
81.79
81.79
81.79
81.79
81.79
81.80
81.81
81.80
81.79
81.81
81.81
81.82
81.80
81.81
81.81
81.82
81.81
81.82
81.82
81.82
81.81
81.82
81.80
81.81
81.81
81.82
81.82
81.82
81.82
81.81
81.80
81.81
81.80
81.81
81.81
81.82
81.84
81.82
81.81
81.81
81.82
81.82
81.82
81.82
81.80
81.81
81.82
81.82
81.81
81.80
81.79
81.79
81.80
81.80
81.80
81.79
81.79
81.80
81.79
81.80
81.82
81.80
81.80
81.79
81.79
81.78
81.77
81.78
81.78
81.78
81.78
81.79
81.78
81.78
81.79
81.79
81.78
81.78
81.79
81.78
81.77
81.77
81.77
81.78
81.77
81.75
81.76
81.76
81.74
81.75
81.75
81.75
81.75
81.75
81.75
81.75
81.75
81.74
81.75
81.76
81.74
81.76
81.75
81.74
81.75
81.76
81.77
81.77
81.76
81.77
81.76
81.76
81.76
81.75
81.76
81.76
81.77
81.78
81.78
81.78
81.77
81.77
81.78
81.78
81.78
81.77
81.78
81.77
81.77
81.77
81.78
81.78
81.78
81.78
81.79
81.78
81.78
81.78
81.78
81.79
81.78
81.79
81.80
81.81
81.82
81.82
81.81
81.81
81.82
81.82
81.82
81.82
81.82
81.83
81.82
81.81
81.81
81.81
81.81
81.80
81.80
81.80
81.80
81.81
81.82
81.82
81.83
81.84
81.83
81.84
81.84
81.85
81.86
81.86
81.86
81.87
81.86
81.86
81.86
81.87
81.87
81.85
81.85
81.85
81.84
81.84
81.85
81.86
81.86
81.86
81.86
81.85
81.86
81.86
81.86
81.85
81.86
81.86
81.87
81.87
81.87
81.86
81.87
81.79
