1.56
4.69
4.17
3.91
3.44
3.91
4.24
4.69
4.69
4.69
4.83
4.56
4.57
5.02
5.31
5.37
5.33
5.30
5.18
5.23
5.36
5.26
5.10
5.14
5.00
4.99
5.03
5.19
5.17
5.21
5.19
5.27
5.26
5.10
5.13
5.12
5.11
5.10
5.25
5.31
5.34
5.36
5.45
5.43
5.42
5.50
5.52
5.44
5.42
5.38
5.42
5.50
5.42
5.38
5.51
5.52
5.56
5.60
5.67
5.65
5.64
5.62
5.56
5.54
5.55
5.56
5.57
5.56
5.55
5.47
5.48
5.43
5.44
5.41
5.42
5.43
5.48
5.47
5.50
5.49
5.50
5.47
5.50
5.47
5.55
5.52
5.55
5.56
5.60
5.57
5.53
5.55
5.59
5.59
5.56
5.58
5.53
5.53
5.52
5.48
5.54
5.51
5.51
5.47
5.49
5.50
5.52
5.47
5.45
5.44
5.43
5.45
5.50
5.55
5.56
5.54
5.52
5.51
5.50
5.51
5.50
5.51
5.51
5.48
5.50
5.54
5.54
5.57
5.55
5.56
5.56
5.56
5.59
5.67
5.66
5.68
5.66
5.68
5.72
5.73
5.70
5.70
5.67
5.71
5.74
5.74
5.76
5.81
5.80
5.80
5.81
5.80
5.81
5.81
5.81
5.80
5.76
5.73
5.74
5.73
5.73
5.70
5.68
5.67
5.66
5.64
5.62
5.61
5.59
5.59
5.59
5.60
5.60
5.57
5.59
5.60
5.63
5.64
5.67
5.64
5.65
5.64
5.64
5.63
5.61
5.64
5.64
5.63
5.62
5.61
5.61
5.62
5.59
5.58
5.57
5.59
5.58
5.59
5.58
5.59
5.58
5.59
5.60
5.63
5.62
5.64
5.65
5.65
5.64
5.66
5.68
5.67
5.69
5.74
5.75
5.76
5.75
5.74
5.73
5.72
5.73
5.72
5.74
5.73
5.71
5.71
5.70
5.71
5.70
5.73
5.74
5.72
5.73
5.74
5.73
5.73
5.73
5.73
5.73
5.76
5.77
5.80
5.80
5.81
5.82
5.80
5.81
5.83
5.82
5.81
5.83
5.86
5.85
5.85
5.88
5.85
5.87
5.89
5.88
5.89
5.88
5.87
5.88
5.86
5.86
5.87
5.89
5.88
5.89
5.89
5.89
5.88
5.87
5.87
5.87
5.90
5.91
5.90
5.90
5.89
5.92
5.93
5.94
5.93
5.92
5.92
5.91
5.92
5.92
5.91
5.92
5.92
5.92
5.93
5.91
5.90
5.91
5.89
5.89
5.89
5.89
5.90
5.91
5.92
5.92
5.92
5.92
5.93
5.91
5.89
5.89
5.88
5.89
5.90
5.89
5.90
5.89
5.90
5.91
5.92
5.92
5.92
5.92
5.91
5.90
5.89
5.88
5.88
5.88
5.90
5.90
5.90
5.89
5.89
5.90
5.91
5.91
5.90
5.90
5.89
5.90
5.90
5.89
5.90
5.90
5.92
5.92
5.92
5.93
5.94
5.97
5.97
5.96
5.96
5.96
5.95
5.96
5.96
5.95
5.95
5.96
5.95
5.94
5.95
5.94
5.93
5.93
5.92
5.93
5.93
5.93
5.93
5.94
5.94
5.94
5.94
5.94
5.95
5.95
5.96
5.95
5.95
5.95
5.95
5.95
5.95
5.96
5.97
5.98
5.98
5.97
5.96
5.95
5.95
5.94
5.95
5.95
5.96
5.95
5.95
5.95
5.95
5.95
5.96
5.96
5.96
5.96
5.95
5.96
5.97
5.96
5.96
5.96
5.96
5.96
5.96
5.96
5.97
5.96
5.95
5.95
5.95
5.96
5.97
5.97
5.97
5.98
5.99
5.98
5.98
5.97
5.99
5.99
5.99
5.99
5.98
5.97
5.97
5.96
5.96
5.97
5.97
5.99
5.98
5.98
5.98
5.98
5.97
5.96
5.97
5.98
5.97
5.96
5.97
5.97
5.99
5.99
5.98
5.97
5.99
5.99
5.99
5.98
5.98
5.99
5.99
5.99
5.99
5.98
5.98
5.99
6.00
6.00
5.99
5.99
6.00
5.99
5.99
5.99
5.99
5.98
5.98
5.98
5.98
5.98
5.98
5.98
5.98
5.98
5.99
5.99
6.00
5.99
6.01
6.01
6.02
6.01
6.01
6.01
6.01
6.01
6.02
6.01
6.02
6.03
6.03
6.03
6.02
6.01
6.01
6.01
6.02
6.02
6.02
6.02
6.01
6.01
6.00
5.99
5.99
5.99
6.00
5.99
5.99
5.99
6.00
6.00
6.00
6.00
6.00
6.00
6.00
6.00
6.00
6.00
6.00
6.01
6.01
6.01
6.01
6.01
6.02
6.01
6.01
6.01
6.02
6.02
6.02
6.03
6.02
6.03
6.03
6.03
6.03
6.04
6.04
6.04
6.04
6.03
6.04
6.04
6.02
6.02
6.03
6.02
6.04
6.04
6.03
6.02
6.02
6.02
6.02
6.03
6.02
6.02
6.02
6.02
6.01
6.01
6.01
6.01
6.00
6.00
5.99
5.99
6.00
5.99
5.99
6.00
6.00
6.01
6.03
6.02
6.02
6.01
6.01
6.01
6.01
6.00
5.99
5.99
5.99
5.99
5.99
5.99
5.99
6.00
6.00
6.00
6.00
6.00
6.00
6.01
6.01
6.01
6.00
5.99
5.99
5.99
5.99
5.99
5.99
5.99
5.98
5.98
5.99
5.99
5.99
5.99
5.98
5.99
5.99
5.99
5.98
5.97
5.98
5.99
5.98
5.98
5.99
5.99
5.99
5.99
6.00
6.01
6.01
6.00
6.00
6.00
6.00
6.00
6.00
6.01
6.00
6.00
6.00
6.00
6.00
6.00
6.01
6.01
6.01
6.02
6.02
6.03
6.02
6.02
6.02
6.02
6.01
6.01
6.02
6.02
6.02
6.02
6.02
6.02
6.02
6.02
6.02
6.02
6.02
6.02
6.02
6.02
6.02
6.01
6.01
6.02
6.01
6.01
6.01
6.01
6.01
6.01
6.01
6.01
6.00
6.00
6.00
6.01
6.01
6.00
6.00
6.01
6.00
6.00
6.01
6.01
6.01
6.00
6.00
6.00
6.00
6.01
6.01
6.01
6.00
6.00
5.99
5.99
5.99
5.99
5.99
5.98
5.98
5.97
5.98
5.98
5.97
5.97
5.97
5.98
5.98
5.98
5.98
5.97
5.98
5.98
5.99
5.99
6.00
6.00
6.00
5.99
6.00
6.00
6.00
5.99
5.99
6.00
6.00
6.00
6.00
6.00
6.00
5.99
5.99
5.99
5.98
5.98
5.98
5.97
5.97
5.97
5.97
5.96
5.96
5.96
5.96
5.96
5.96
5.96
5.96
5.96
5.95
5.96
5.96
5.95
5.96
5.95
5.95
