12.50
13.28
10.42
7.81
7.19
6.77
6.70
6.64
7.29
7.03
7.67
7.81
7.33
7.48
7.40
7.52
7.26
7.20
6.99
7.19
6.92
6.96
6.86
6.84
6.62
6.79
6.71
6.81
6.73
6.82
6.96
7.08
7.01
7.17
7.10
6.99
6.97
7.11
7.17
7.23
7.28
7.29
7.34
7.32
7.26
7.40
7.31
7.29
7.27
7.47
7.38
7.48
7.58
7.67
7.67
7.56
7.68
7.60
7.52
7.47
7.51
7.48
7.61
7.54
7.52
7.58
7.49
7.47
7.40
7.34
7.31
7.36
7.34
7.26
7.25
7.32
7.31
7.25
7.26
7.23
7.20
7.18
7.13
7.16
7.15
7.14
7.17
7.14
7.09
7.19
7.13
7.15
7.12
7.11
7.09
7.08
7.06
7.03
7.09
7.14
7.12
7.14
7.16
7.15
7.23
7.31
7.37
7.41
7.38
7.41
7.42
7.41
7.41
7.43
7.39
7.38
7.37
7.36
7.34
7.33
7.33
7.30
7.29
7.30
7.29
7.32
7.31
7.32
7.30
7.31
7.29
7.28
7.25
7.25
7.22
7.23
7.22
7.24
7.26
7.27
7.27
7.24
7.23
7.20
7.18
7.17
7.19
7.17
7.15
7.19
7.22
7.23
7.23
7.24
7.23
7.24
7.22
7.23
7.21
7.20
7.18
7.20
7.19
7.21
7.21
7.21
7.23
7.21
7.18
7.18
7.17
7.19
7.17
7.18
7.21
7.20
7.21
7.22
7.23
7.26
7.25
7.25
7.25
7.27
7.27
7.29
7.29
7.29
7.28
7.26
7.24
7.23
7.23
7.23
7.20
7.22
7.23
7.22
7.22
7.25
7.25
7.23
7.25
7.26
7.26
7.27
7.26
7.23
7.22
7.22
7.20
7.19
7.20
7.21
7.20
7.23
7.19
7.17
7.16
7.14
7.15
7.15
7.14
7.14
7.14
7.13
7.11
7.12
7.14
7.15
7.14
7.15
7.14
7.15
7.17
7.18
7.17
7.17
7.15
7.16
7.16
7.15
7.14
7.15
7.15
7.16
7.17
7.16
7.15
7.14
7.15
7.13
7.11
7.09
7.08
7.08
7.06
7.05
7.06
7.06
7.07
7.07
7.06
7.05
7.04
7.04
7.03
7.04
7.04
7.03
7.02
7.03
7.03
7.03
7.03
7.01
7.02
7.02
7.03
7.03
7.02
7.02
7.03
7.03
7.06
7.05
7.05
7.04
7.03
7.04
7.03
7.04
7.02
7.04
7.04
7.04
7.02
7.03
7.03
7.03
7.03
7.03
7.04
7.04
7.02
7.01
7.01
7.02
7.02
7.02
7.02
7.01
7.01
7.01
6.99
6.99
6.97
6.95
6.95
6.93
6.92
6.91
6.90
6.90
6.91
6.91
6.91
6.90
6.90
6.89
6.91
6.91
6.92
6.91
6.93
6.92
6.93
6.92
6.91
6.91
6.91
6.92
6.91
6.90
6.92
6.92
6.92
6.91
6.91
6.90
6.90
6.89
6.90
6.91
6.90
6.90
6.91
6.91
6.92
6.92
6.91
6.91
6.90
6.89
6.90
6.90
6.90
6.92
6.91
6.93
6.92
6.92
6.90
6.91
6.90
6.89
6.89
6.89
6.88
6.89
6.90
6.91
6.91
6.91
6.90
6.91
6.90
6.91
6.91
6.90
6.91
6.92
6.91
6.92
6.91
6.91
6.92
6.92
6.93
6.93
6.92
6.92
6.92
6.93
6.92
6.94
6.94
6.94
6.93
6.93
6.93
6.93
6.93
6.92
6.93
6.93
6.92
6.92
6.92
6.92
6.91
6.91
6.92
6.91
6.92
6.91
6.91
6.90
6.89
6.89
6.88
6.88
6.89
6.89
6.88
6.87
6.87
6.87
6.86
6.86
6.86
6.85
6.84
6.83
6.84
6.84
6.83
6.82
6.81
6.81
6.81
6.81
6.82
6.82
6.83
6.83
6.82
6.82
6.82
6.82
6.82
6.82
6.82
6.82
6.83
6.83
6.84
6.84
6.83
6.83
6.84
6.84
6.83
6.84
6.84
6.83
6.84
6.84
6.83
6.82
6.82
6.82
6.81
6.81
6.82
6.82
6.82
6.82
6.83
6.83
6.83
6.82
6.83
6.82
6.83
6.83
6.82
6.82
6.83
6.83
6.83
6.84
6.85
6.85
6.85
6.85
6.85
6.85
6.85
6.85
6.86
6.86
6.86
6.85
6.85
6.84
6.83
6.84
6.83
6.83
6.83
6.83
6.83
6.83
6.84
6.84
6.83
6.83
6.83
6.83
6.84
6.84
6.85
6.84
6.83
6.83
6.82
6.81
6.81
6.81
6.81
6.81
6.81
6.80
6.80
6.80
6.79
6.79
6.79
6.80
6.80
6.79
6.80
6.79
6.80
6.80
6.81
6.81
6.81
6.82
6.81
6.80
6.80
6.79
6.79
6.78
6.78
6.79
6.79
6.79
6.79
6.79
6.79
6.79
6.79
6.78
6.79
6.79
6.78
6.78
6.77
6.78
6.78
6.78
6.77
6.79
6.79
6.79
6.79
6.79
6.78
6.78
6.79
6.79
6.79
6.80
6.80
6.79
6.79
6.79
6.79
6.78
6.77
6.78
6.77
6.78
6.77
6.78
6.77
6.76
6.76
6.77
6.76
6.76
6.76
6.76
6.76
6.76
6.76
6.75
6.76
6.75
6.75
6.76
6.76
6.76
6.75
6.75
6.75
6.75
6.75
6.74
6.74
6.74
6.73
6.73
6.73
6.74
6.73
6.73
6.73
6.73
6.73
6.74
6.74
6.73
6.74
6.74
6.76
6.76
6.76
6.76
6.76
6.76
6.77
6.76
6.77
6.77
6.76
6.76
6.76
6.76
6.76
6.76
6.76
6.76
6.76
6.76
6.76
6.77
6.76
6.77
6.77
6.77
6.77
6.77
6.77
6.78
6.78
6.78
6.77
6.77
6.77
6.77
6.76
6.76
6.76
6.76
6.76
6.77
6.78
6.78
6.79
6.79
6.79
6.78
6.78
6.79
6.79
6.79
6.79
6.78
6.78
6.78
6.78
6.77
6.77
6.77
6.77
6.76
6.76
6.76
6.76
6.77
6.77
6.77
6.77
6.77
6.77
6.77
6.77
6.77
6.77
6.77
6.77
6.78
6.78
6.78
6.78
6.78
6.78
6.78
6.78
6.79
6.79
6.78
6.79
6.79
6.78
6.79
6.79
6.79
6.79
6.80
6.80
6.79
6.79
6.79
6.78
6.78
6.78
6.78
6.78
6.78
6.78
6.78
6.79
6.79
6.79
6.78
6.78
6.78
6.78
6.78
6.79
6.78
6.78
6.79
6.78
6.78
6.78
6.77
6.78
6.78
6.79
6.79
6.78
6.78
6.78
6.78
6.78
6.78
