79.69
76.56
80.21
80.86
80.94
81.25
80.13
80.08
79.51
80.00
80.26
80.47
80.77
80.58
80.62
81.05
81.62
81.51
81.00
80.78
80.73
80.54
80.71
80.86
81.06
81.31
81.37
81.25
81.30
81.41
81.45
81.45
81.49
81.39
81.38
81.47
81.33
81.41
81.41
81.45
81.44
81.44
81.40
81.61
81.63
81.66
81.82
81.80
81.86
81.94
81.86
81.91
82.08
82.12
82.22
82.25
82.26
82.14
82.10
82.24
82.35
82.28
82.07
81.98
82.02
82.05
81.95
81.89
81.88
81.83
81.78
81.77
81.72
81.69
81.65
81.64
81.64
81.55
81.53
81.60
81.69
81.59
81.55
81.55
81.60
81.65
81.61
81.59
81.71
81.70
81.77
81.83
81.79
81.72
81.69
81.75
81.72
81.71
81.66
81.69
81.62
81.62
81.55
81.49
81.43
81.46
81.45
81.45
81.39
81.45
81.46
81.38
81.36
81.44
81.45
81.41
81.44
81.33
81.34
81.37
81.38
81.47
81.45
81.51
81.61
81.61
81.57
81.58
81.60
81.55
81.56
81.53
81.58
81.55
81.54
81.57
81.56
81.54
81.58
81.56
81.54
81.49
81.49
81.55
81.53
81.45
81.47
81.48
81.53
81.57
81.53
81.49
81.48
81.50
81.54
81.55
81.61
81.62
81.64
81.65
81.63
81.68
81.68
81.68
81.65
81.68
81.74
81.70
81.70
81.70
81.72
81.72
81.75
81.73
81.67
81.69
81.69
81.71
81.72
81.70
81.66
81.67
81.70
81.73
81.74
81.71
81.68
81.71
81.70
81.68
81.65
81.62
81.55
81.53
81.54
81.54
81.59
81.62
81.63
81.63
81.65
81.64
81.64
81.65
81.64
81.61
81.60
81.58
81.62
81.58
81.57
81.54
81.57
81.56
81.58
81.60
81.59
81.62
81.63
81.61
81.59
81.60
81.61
81.63
81.61
81.62
81.65
81.66
81.69
81.64
81.62
81.61
81.64
81.62
81.64
81.67
81.69
81.70
81.70
81.72
81.70
81.73
81.76
81.79
81.82
81.85
81.84
81.84
81.85
81.84
81.85
81.82
81.81
81.79
81.78
81.76
81.76
81.76
81.79
81.82
81.82
81.82
81.80
81.80
81.76
81.76
81.74
81.76
81.76
81.79
81.77
81.77
81.77
81.76
81.73
81.74
81.68
81.67
81.69
81.68
81.68
81.69
81.67
81.67
81.68
81.68
81.65
81.67
81.66
81.66
81.66
81.66
81.66
81.63
81.63
81.63
81.64
81.64
81.64
81.63
81.62
81.63
81.63
81.63
81.65
81.67
81.65
81.63
81.64
81.62
81.62
81.62
81.61
81.61
81.59
81.58
81.57
81.56
81.57
81.57
81.56
81.58
81.58
81.59
81.57
81.55
81.55
81.55
81.54
81.54
81.52
81.51
81.51
81.50
81.50
81.50
81.50
81.53
81.54
81.53
81.54
81.55
81.56
81.55
81.55
81.55
81.56
81.56
81.54
81.55
81.54
81.55
81.53
81.54
81.56
81.57
81.58
81.59
81.58
81.60
81.60
81.62
81.61
81.61
81.61
81.61
81.60
81.62
81.61
81.60
81.62
81.62
81.64
81.65
81.64
81.66
81.67
81.68
81.67
81.67
81.68
81.69
81.71
81.72
81.72
81.72
81.73
81.74
81.74
81.75
81.73
81.74
81.73
81.73
81.73
81.72
81.71
81.70
81.70
81.68
81.69
81.69
81.67
81.68
81.67
81.67
81.69
81.69
81.67
81.67
81.68
81.67
81.69
81.70
81.71
81.70
81.72
81.72
81.72
81.73
81.73
81.71
81.71
81.71
81.70
81.70
81.71
81.72
81.72
81.71
81.72
81.72
81.71
81.70
81.70
81.70
81.70
81.71
81.72
81.74
81.74
81.75
81.74
81.73
81.73
81.73
81.75
81.74
81.72
81.73
81.74
81.75
81.76
81.76
81.73
81.74
81.74
81.73
81.73
81.72
81.73
81.72
81.73
81.72
81.71
81.70
81.71
81.72
81.71
81.72
81.73
81.74
81.76
81.75
81.75
81.76
81.77
81.75
81.73
81.74
81.72
81.71
81.71
81.71
81.71
81.71
81.71
81.71
81.72
81.72
81.71
81.70
81.72
81.70
81.70
81.72
81.72
81.72
81.72
81.71
81.71
81.71
81.72
81.73
81.73
81.73
81.72
81.72
81.74
81.75
81.75
81.74
81.75
81.76
81.76
81.74
81.75
81.75
81.75
81.74
81.74
81.75
81.74
81.74
81.72
81.72
81.72
81.71
81.72
81.73
81.73
81.74
81.72
81.72
81.72
81.72
81.73
81.72
81.73
81.73
81.73
81.73
81.72
81.73
81.71
81.71
81.71
81.69
81.69
81.68
81.68
81.69
81.70
81.71
81.71
81.70
81.69
81.69
81.69
81.67
81.68
81.68
81.68
81.68
81.69
81.68
81.70
81.71
81.73
81.72
81.70
81.69
81.70
81.70
81.70
81.70
81.70
81.69
81.70
81.69
81.70
81.69
81.71
81.72
81.72
81.71
81.71
81.72
81.70
81.70
81.71
81.70
81.70
81.69
81.69
81.69
81.69
81.69
81.69
81.69
81.70
81.70
81.70
81.71
81.71
81.72
81.73
81.71
81.71
81.72
81.71
81.72
81.73
81.72
81.72
81.71
81.73
81.73
81.74
81.74
81.74
81.73
81.72
81.73
81.73
81.72
81.72
81.73
81.72
81.74
81.75
81.74
81.75
81.74
81.72
81.72
81.72
81.73
81.73
81.73
81.72
81.71
81.71
81.70
81.71
81.71
81.71
81.72
81.71
81.71
81.72
81.72
81.70
81.70
81.70
81.70
81.69
81.70
81.70
81.71
81.70
81.69
81.68
81.68
81.68
81.68
81.68
81.68
81.67
81.67
81.68
81.68
81.68
81.67
81.67
81.68
81.68
81.67
81.67
81.67
81.67
81.67
81.68
81.70
81.69
81.69
81.70
81.70
81.70
81.70
81.70
81.70
81.70
81.69
81.70
81.70
81.70
81.70
81.70
81.70
81.70
81.71
81.71
81.71
81.72
81.73
81.72
81.72
81.73
81.73
81.73
81.74
81.73
81.73
81.73
81.73
81.72
81.72
81.72
81.72
81.72
81.72
81.72
81.72
81.73
81.73
81.73
81.72
81.72
81.72
81.71
81.72
81.71
81.71
81.71
81.70
81.70
81.71
81.71
81.72
81.71
81.72
81.72
81.73
81.72
81.72
81.72
81.72
81.73
81.73
81.74
81.73
81.73
81.73
81.74
81.73
81.74
81.75
81.75
81.74
81.73
81.74
81.75
81.74
81.74
81.74
81.73
81.74
81.74
81.74
81.73
81.72
81.73
81.73
81.74
81.74
81.74
81.73
81.74
81.74
81.74
81.67
