79.69
81.25
79.17
81.64
81.56
82.03
82.81
82.23
81.94
81.72
81.11
80.86
81.37
81.47
81.56
81.74
81.62
81.60
82.15
82.19
82.14
82.46
82.34
82.36
82.44
82.21
82.12
82.09
81.79
81.77
81.91
81.93
81.87
81.89
81.96
82.12
82.39
82.20
82.21
82.27
82.55
82.48
82.49
82.46
82.40
82.27
82.25
82.26
82.21
82.16
82.17
82.21
82.31
82.23
82.05
82.09
82.10
82.19
82.12
82.08
82.04
82.01
81.89
81.88
81.80
81.94
81.79
81.78
81.82
81.85
81.84
81.92
81.83
81.84
81.67
81.70
81.62
81.59
81.51
81.54
81.67
81.75
81.66
81.70
81.69
81.70
81.77
81.76
81.69
81.67
81.61
81.52
81.57
81.55
81.60
81.64
81.62
81.63
81.61
81.61
81.62
81.60
81.63
81.72
81.76
81.63
81.60
81.57
81.58
81.52
81.50
81.54
81.55
81.55
81.56
81.61
81.56
81.57
81.59
81.58
81.59
81.57
81.58
81.60
81.60
81.56
81.53
81.54
81.59
81.65
81.60
81.63
81.59
81.55
81.50
81.50
81.57
81.59
81.56
81.56
81.57
81.59
81.61
81.51
81.53
81.53
81.53
81.56
81.52
81.56
81.55
81.53
81.54
81.52
81.50
81.55
81.53
81.53
81.57
81.53
81.45
81.42
81.44
81.42
81.37
81.39
81.41
81.44
81.46
81.47
81.47
81.51
81.51
81.53
81.54
81.58
81.61
81.60
81.58
81.53
81.53
81.53
81.50
81.49
81.49
81.54
81.55
81.55
81.52
81.55
81.57
81.59
81.60
81.57
81.58
81.59
81.60
81.58
81.63
81.60
81.59
81.59
81.59
81.62
81.65
81.62
81.60
81.61
81.65
81.64
81.64
81.66
81.66
81.67
81.66
81.66
81.66
81.66
81.64
81.64
81.65
81.66
81.66
81.67
81.67
81.67
81.68
81.65
81.65
81.62
81.62
81.65
81.67
81.68
81.64
81.63
81.68
81.70
81.67
81.65
81.65
81.62
81.60
81.61
81.62
81.62
81.63
81.63
81.58
81.57
81.61
81.63
81.66
81.65
81.67
81.63
81.65
81.69
81.67
81.66
81.70
81.70
81.71
81.69
81.70
81.73
81.70
81.72
81.76
81.72
81.70
81.73
81.72
81.73
81.73
81.72
81.69
81.68
81.69
81.67
81.67
81.65
81.67
81.68
81.66
81.64
81.60
81.61
81.61
81.61
81.63
81.63
81.65
81.65
81.66
81.66
81.67
81.67
81.68
81.71
81.73
81.73
81.74
81.76
81.78
81.79
81.76
81.77
81.78
81.77
81.77
81.77
81.78
81.80
81.78
81.78
81.77
81.78
81.76
81.75
81.75
81.75
81.76
81.78
81.75
81.72
81.75
81.75
81.72
81.74
81.72
81.73
81.75
81.75
81.75
81.76
81.76
81.76
81.77
81.77
81.78
81.77
81.77
81.76
81.75
81.75
81.75
81.76
81.75
81.76
81.77
81.73
81.74
81.73
81.73
81.73
81.71
81.73
81.75
81.76
81.76
81.75
81.75
81.76
81.73
81.72
81.74
81.76
81.75
81.76
81.76
81.75
81.74
81.75
81.75
81.74
81.76
81.75
81.74
81.76
81.75
81.75
81.76
81.75
81.76
81.76
81.76
81.77
81.75
81.74
81.75
81.76
81.75
81.75
81.76
81.76
81.75
81.76
81.74
81.75
81.74
81.73
81.73
81.74
81.74
81.76
81.76
81.78
81.78
81.80
81.82
81.83
81.83
81.84
81.86
81.84
81.84
81.84
81.83
81.83
81.84
81.85
81.85
81.86
81.84
81.84
81.84
81.84
81.84
81.86
81.87
81.88
81.87
81.87
81.86
81.88
81.86
81.85
81.85
81.83
81.85
81.85
81.86
81.84
81.83
81.83
81.83
81.81
81.82
81.80
81.81
81.81
81.82
81.82
81.83
81.83
81.82
81.82
81.80
81.81
81.81
81.82
81.81
81.81
81.80
81.81
81.81
81.81
81.81
81.83
81.84
81.85
81.84
81.84
81.84
81.83
81.86
81.84
81.85
81.86
81.86
81.85
81.83
81.84
81.83
81.84
81.83
81.84
81.85
81.86
81.87
81.87
81.86
81.87
81.88
81.88
81.88
81.88
81.87
81.89
81.91
81.93
81.93
81.94
81.94
81.95
81.94
81.94
81.94
81.94
81.94
81.94
81.92
81.94
81.94
81.93
81.93
81.93
81.92
81.91
81.90
81.88
81.89
81.89
81.89
81.90
81.90
81.90
81.88
81.90
81.89
81.89
81.89
81.89
81.88
81.89
81.89
81.88
81.88
81.89
81.90
81.90
81.89
81.89
81.91
81.89
81.90
81.89
81.89
81.89
81.89
81.88
81.88
81.88
81.88
81.88
81.88
81.88
81.89
81.89
81.88
81.88
81.88
81.87
81.86
81.86
81.86
81.85
81.85
81.85
81.84
81.84
81.84
81.84
81.82
81.81
81.80
81.80
81.82
81.81
81.82
81.81
81.82
81.80
81.81
81.81
81.80
81.80
81.80
81.80
81.80
81.80
81.81
81.81
81.81
81.81
81.81
81.84
81.85
81.84
81.84
81.84
81.85
81.84
81.84
81.84
81.84
81.84
81.84
81.84
81.83
81.84
81.84
81.85
81.85
81.86
81.87
81.89
81.89
81.89
81.89
81.90
81.88
81.89
81.89
81.89
81.89
81.88
81.88
81.88
81.87
81.87
81.87
81.88
81.87
81.87
81.88
81.88
81.87
81.87
81.87
81.88
81.86
81.85
81.86
81.86
81.87
81.86
81.86
81.87
81.86
81.85
81.86
81.85
81.86
81.85
81.85
81.85
81.85
81.86
81.86
81.85
81.85
81.85
81.87
81.88
81.88
81.87
81.86
81.86
81.87
81.88
81.87
81.88
81.88
81.88
81.88
81.90
81.90
81.90
81.90
81.91
81.91
81.90
81.90
81.91
81.92
81.92
81.92
81.93
81.93
81.94
81.94
81.95
81.94
81.94
81.95
81.96
81.96
81.96
81.96
81.96
81.96
81.96
81.96
81.96
81.96
81.98
81.98
81.99
81.98
81.98
81.98
81.99
81.99
81.99
82.00
82.01
82.01
82.01
82.00
82.00
82.00
82.01
82.01
82.01
82.01
82.02
82.02
82.02
82.02
82.02
82.02
82.02
82.03
82.04
82.03
82.03
82.03
82.03
82.01
82.02
82.03
82.04
82.03
82.01
82.01
82.01
82.01
82.01
82.02
82.01
82.02
82.02
82.00
82.00
82.00
82.00
82.00
82.00
82.00
81.99
81.99
81.99
81.99
81.99
81.99
81.99
81.99
81.98
81.98
81.99
81.98
81.98
81.98
81.97
81.96
81.95
81.95
81.94
81.95
81.88
