82.81
84.38
81.77
83.98
84.06
84.64
83.71
82.23
82.81
82.66
82.67
82.03
82.45
82.48
82.50
82.42
82.72
82.90
83.06
83.28
83.48
83.45
83.42
83.46
83.38
83.35
83.51
83.09
82.92
82.71
82.76
82.47
82.67
82.72
82.63
82.60
82.64
82.52
82.37
82.34
82.16
82.11
82.09
81.96
82.05
82.00
82.08
82.16
82.27
82.34
82.38
82.12
82.05
81.92
81.99
81.95
81.80
81.87
82.02
82.03
82.07
82.11
81.99
81.98
82.00
82.10
82.00
82.08
82.13
82.03
82.04
82.03
82.11
82.12
82.10
82.09
82.10
82.03
81.96
82.05
82.00
82.03
81.97
81.94
81.95
81.98
82.04
82.01
82.00
81.96
81.94
81.86
81.70
81.75
81.74
81.80
81.80
81.76
81.77
81.86
81.92
81.91
81.92
81.97
81.88
81.80
81.82
81.84
81.85
81.89
81.93
81.78
81.78
81.83
81.88
81.92
81.96
81.97
81.95
81.95
81.93
81.93
81.95
81.91
81.91
81.93
82.00
82.01
82.05
82.08
82.10
82.13
82.13
82.14
82.13
82.15
82.19
82.16
82.17
82.21
82.20
82.21
82.23
82.22
82.27
82.30
82.26
82.25
82.25
82.24
82.25
82.27
82.24
82.23
82.20
82.18
82.16
82.18
82.11
82.17
82.16
82.15
82.17
82.16
82.17
82.19
82.19
82.20
82.19
82.22
82.21
82.19
82.20
82.17
82.20
82.19
82.18
82.17
82.19
82.17
82.17
82.16
82.14
82.12
82.09
82.11
82.10
82.08
82.08
82.08
82.08
82.10
82.08
82.04
82.03
82.06
82.09
82.11
82.11
82.09
82.09
82.09
82.10
82.11
82.13
82.10
82.10
82.11
82.10
82.11
82.09
82.07
82.08
82.09
82.11
82.17
82.12
82.16
82.17
82.17
82.18
82.20
82.20
82.21
82.21
82.23
82.24
82.20
82.21
82.23
82.24
82.21
82.22
82.24
82.27
82.28
82.29
82.27
82.26
82.27
82.22
82.19
82.19
82.18
82.20
82.20
82.18
82.17
82.09
82.10
82.12
82.13
82.13
82.11
82.07
82.06
82.08
82.06
82.08
82.09
82.08
82.05
82.08
82.08
82.09
82.09
82.10
82.08
82.09
82.08
82.09
82.09
82.08
82.07
82.07
82.05
82.05
82.06
82.06
82.03
82.06
82.03
82.03
82.02
82.01
82.01
82.00
81.99
81.97
81.96
81.95
81.96
81.97
81.98
81.95
81.95
81.96
81.94
81.89
81.90
81.90
81.93
81.91
81.91
81.95
81.96
81.98
81.99
82.00
82.00
82.02
82.03
82.03
82.00
81.99
82.02
82.03
82.04
82.06
82.07
82.06
82.06
82.05
82.05
82.01
82.00
82.00
81.99
82.01
81.99
82.01
82.01
82.01
82.03
82.03
82.04
82.02
82.04
82.05
82.04
82.05
82.06
82.06
82.04
82.04
82.04
82.05
82.04
82.06
82.07
82.06
82.07
82.07
82.05
82.07
82.05
82.06
82.07
82.07
82.07
82.08
82.09
82.08
82.09
82.08
82.10
82.10
82.10
82.10
82.07
82.07
82.07
82.08
82.07
82.06
82.05
82.06
82.03
82.04
82.02
82.02
82.01
82.00
82.01
82.02
82.02
82.03
82.03
82.03
82.05
82.04
82.04
82.05
82.06
82.05
82.06
82.05
82.05
82.05
82.04
82.06
82.05
82.07
82.08
82.06
82.07
82.08
82.08
82.08
82.10
82.09
82.10
82.10
82.11
82.10
82.10
82.10
82.09
82.10
82.10
82.10
82.12
82.13
82.12
82.12
82.10
82.10
82.12
82.10
82.10
82.11
82.09
82.11
82.10
82.08
82.08
82.07
82.08
82.07
82.05
82.05
82.06
82.08
82.08
82.08
82.08
82.05
82.06
82.06
82.07
82.07
82.08
82.06
82.07
82.08
82.08
82.08
82.08
82.08
82.08
82.06
82.06
82.07
82.08
82.09
82.08
82.08
82.07
82.07
