6.25
3.91
4.17
3.12
3.12
2.60
2.23
2.15
2.08
2.03
1.85
1.82
1.80
1.90
1.88
1.86
2.21
2.17
2.06
2.11
2.08
1.99
2.11
2.02
2.00
2.10
2.14
2.12
2.05
1.98
1.97
1.90
1.89
1.84
1.92
1.87
1.94
2.01
2.00
1.99
2.02
1.97
1.96
1.95
2.01
2.14
2.16
2.18
2.20
2.19
2.14
2.19
2.18
2.14
2.13
2.15
2.17
2.16
2.15
2.14
2.20
2.22
2.18
2.20
2.24
2.20
2.19
2.21
2.24
2.21
2.24
2.26
2.23
2.24
2.25
2.26
2.31
2.34
2.33
2.30
2.28
2.29
2.32
2.33
2.32
2.34
2.35
2.33
2.32
2.33
2.34
2.34
2.32
2.29
2.29
2.26
2.26
2.26
2.24
2.23
2.23
2.24
2.23
2.24
2.23
2.26
2.26
2.27
2.26
2.27
2.28
2.29
2.27
2.29
2.28
2.26
2.27
2.25
2.28
2.27
2.26
2.24
2.22
2.22
2.24
2.22
2.20
2.20
2.19
2.20
2.21
2.20
2.19
2.19
2.18
2.18
2.22
2.22
2.20
2.22
2.21
2.19
2.20
2.18
2.18
2.18
2.20
2.21
2.21
2.21
2.22
2.22
2.22
2.20
2.21
2.19
2.19
2.19
2.17
2.16
2.17
2.18
2.20
2.19
2.20
2.22
2.22
2.20
2.23
2.22
2.22
2.23
2.22
2.24
2.23
2.23
2.22
2.22
2.23
2.23
2.22
2.21
2.20
2.19
2.19
2.18
2.16
2.19
2.20
2.20
2.22
2.21
2.23
2.21
2.22
2.21
2.20
2.20
2.19
2.19
2.18
2.19
2.20
2.20
2.23
2.22
2.21
2.21
2.20
2.19
2.19
2.20
2.19
2.21
2.20
2.20
2.20
2.19
2.20
2.20
2.21
2.22
2.21
2.21
2.22
2.23
2.22
2.22
2.22
2.21
2.21
2.22
2.23
2.22
2.22
2.22
2.22
2.22
2.22
2.23
2.23
2.24
2.24
2.23
2.22
2.21
2.20
2.19
2.20
2.21
2.21
2.20
2.20
2.21
2.21
2.20
2.20
2.20
2.20
2.19
2.19
2.18
2.17
2.17
2.17
2.18
2.17
2.16
2.16
2.16
2.17
2.17
2.17
2.18
2.18
2.17
2.17
2.18
2.18
2.18
2.17
2.18
2.17
2.16
2.16
2.16
2.16
2.15
2.14
2.14
2.13
2.12
2.12
2.12
2.12
2.12
2.13
2.12
2.13
2.14
2.13
2.13
2.13
2.12
2.12
2.12
2.12
2.12
2.12
2.12
2.11
2.10
2.10
2.10
2.10
2.10
2.09
2.09
2.09
2.08
2.10
2.09
2.08
2.08
2.08
2.08
2.07
2.08
2.08
2.08
2.08
2.08
2.08
2.08
2.08
2.08
2.09
2.09
2.09
2.09
2.08
2.08
2.08
2.08
2.08
2.08
2.08
2.07
2.08
2.08
2.07
2.08
2.08
2.07
2.08
2.08
2.07
2.08
2.08
2.09
2.09
2.08
2.08
2.08
2.08
2.08
2.09
2.09
2.09
2.09
2.08
2.09
2.09
2.08
2.08
2.07
2.07
2.08
2.07
2.07
2.08
2.08
2.08
2.08
2.08
2.08
2.08
2.08
2.08
2.08
2.08
2.08
2.08
2.07
2.07
2.07
2.07
2.07
2.07
2.07
2.06
2.06
2.05
2.05
2.05
2.05
2.04
2.04
2.04
2.04
2.05
2.05
2.04
2.04
2.06
2.05
2.05
2.05
2.05
2.05
2.06
2.05
2.05
2.06
2.06
2.06
2.06
2.06
2.05
2.05
2.06
2.06
2.05
2.05
2.05
2.05
2.06
2.05
2.05
2.05
2.05
2.05
2.05
2.05
2.05
2.05
2.05
2.05
2.05
2.05
2.05
2.05
2.05
2.05
2.06
2.06
2.06
2.06
2.05
2.06
2.05
2.05
2.06
2.06
2.06
2.07
2.07
2.07
2.07
2.07
2.07
2.07
2.07
2.07
2.06
2.06
2.06
2.07
2.06
2.06
2.06
2.06
2.06
2.07
2.07
2.08
2.08
2.07
2.08
2.08
2.08
2.09
2.09
2.08
2.09
2.08
2.08
2.08
2.08
2.08
2.08
2.08
2.08
2.07
2.07
2.07
2.08
2.08
2.08
2.07
2.07
2.07
2.07
2.07
2.07
2.07
2.07
2.06
2.07
2.06
2.06
2.06
2.06
2.06
2.07
2.07
2.07
2.07
2.07
2.07
2.07
2.07
2.07
2.07
2.07
2.07
2.07
2.07
2.07
2.06
2.06
2.06
2.06
2.06
2.05
2.06
2.06
2.06
2.06
2.06
2.06
2.06
2.07
2.07
2.08
2.08
2.08
2.07
2.07
2.07
2.07
2.08
2.08
2.08
2.08
2.08
2.09
2.09
2.09
2.09
2.09
2.09
2.08
2.08
2.08
2.08
2.09
2.08
2.08
2.08
2.08
2.08
2.07
2.07
2.08
2.07
2.07
2.08
2.08
2.08
2.08
2.07
2.08
2.08
2.07
2.08
2.08
2.08
2.08
2.07
2.07
2.07
2.07
2.07
2.07
2.07
2.07
2.08
2.08
2.07
2.08
2.08
2.07
2.07
2.07
2.07
2.07
2.07
2.06
2.06
2.06
2.06
2.06
2.06
2.06
2.06
2.05
2.05
2.05
2.05
2.05
2.05
2.05
2.05
2.04
2.04
2.04
2.04
2.04
2.04
2.04
2.04
2.03
2.03
2.04
2.04
2.04
2.04
2.03
2.04
2.03
2.03
2.03
2.04
2.04
2.03
2.03
2.03
2.03
2.03
2.03
2.03
2.03
2.03
2.03
2.03
2.04
2.03
2.04
2.03
2.04
2.03
2.03
2.03
2.03
2.02
2.02
2.02
2.02
2.02
2.02
2.01
2.01
2.01
2.01
2.01
2.02
2.01
2.01
2.02
2.02
2.01
2.01
2.01
2.02
2.01
2.01
2.01
2.02
2.02
2.01
2.01
2.02
2.02
2.02
2.03
2.02
2.02
2.02
2.02
2.02
2.02
2.02
2.01
2.01
2.02
2.02
2.02
2.02
2.02
2.02
2.02
2.02
2.02
2.01
2.01
2.02
2.02
2.02
2.02
2.02
2.02
2.01
2.01
2.01
2.01
2.01
2.01
2.01
2.02
2.01
2.01
2.01
2.02
2.02
2.02
2.02
2.02
2.02
2.02
2.03
2.03
2.03
2.02
2.02
2.02
2.02
2.02
2.01
2.01
2.01
2.01
2.01
2.01
2.01
2.01
2.01
2.01
2.00
2.00
2.00
2.00
2.01
2.00
2.00
2.01
2.01
2.00
2.00
2.00
2.00
2.00
