89.06
81.25
80.21
81.25
79.69
79.17
79.46
80.66
81.60
81.41
81.82
81.77
82.21
81.58
82.19
82.23
82.08
82.38
82.07
81.72
81.70
81.61
81.59
81.77
81.88
81.67
81.54
81.58
81.47
81.30
81.35
81.40
81.25
81.30
81.12
81.12
80.95
80.92
80.89
81.05
81.10
81.10
81.14
81.14
81.18
81.25
81.35
81.28
81.31
81.34
81.25
81.22
81.16
81.39
81.34
81.31
81.41
81.49
81.51
81.64
81.69
81.70
81.67
81.67
81.68
81.72
81.67
81.62
81.63
81.63
81.56
81.64
81.61
81.57
81.48
81.44
81.31
81.21
81.21
81.27
81.21
81.17
81.21
81.14
81.10
81.12
81.23
81.23
81.29
81.32
81.18
81.20
81.22
81.17
81.17
81.10
81.17
81.22
81.19
81.27
81.23
81.34
81.34
81.36
81.38
81.37
81.37
81.37
81.35
81.42
81.45
81.46
81.50
81.52
81.58
81.60
81.60
81.61
81.55
81.55
81.51
81.54
81.54
81.54
81.61
81.57
81.57
81.58
81.63
81.55
81.55
81.57
81.56
81.55
81.50
81.55
81.60
81.67
81.69
81.72
81.75
81.77
81.79
81.76
81.78
81.77
81.79
81.81
81.82
81.74
81.74
81.72
81.74
81.73
81.71
81.72
81.76
81.80
81.81
81.79
81.77
81.76
81.78
81.77
81.76
81.80
81.77
81.74
81.70
81.69
81.70
81.71
81.64
81.58
81.58
81.63
81.64
81.65
81.65
81.68
81.69
81.70
81.75
81.74
81.75
81.73
81.76
81.77
81.80
81.76
81.75
81.73
81.77
81.77
81.75
81.74
81.77
81.79
81.75
81.74
81.73
81.74
81.71
81.68
81.64
81.62
81.62
81.63
81.67
81.70
81.69
81.68
81.70
81.74
81.73
81.76
81.77
81.78
81.77
81.73
81.74
81.77
81.78
81.78
81.77
81.78
81.78
81.78
81.80
81.80
81.79
81.80
81.78
81.76
81.80
81.80
81.84
81.85
81.84
81.84
81.85
81.88
81.90
81.90
81.93
81.93
81.95
81.94
81.95
81.96
81.97
81.96
81.99
81.98
81.97
81.99
81.95
81.95
81.96
81.96
82.00
81.98
81.98
81.98
82.00
82.02
81.97
81.94
81.92
81.92
81.94
81.96
81.95
81.94
81.94
81.92
81.91
81.88
81.87
81.88
81.91
81.91
81.90
81.90
81.90
81.85
81.83
81.83
81.83
81.84
81.85
81.86
81.88
81.87
81.87
81.84
81.87
81.88
81.90
81.86
81.86
81.87
81.87
81.90
81.93
81.95
81.97
81.97
81.99
81.99
81.98
82.00
82.00
82.03
82.04
82.08
82.07
82.05
82.06
82.04
82.04
82.04
82.07
82.08
82.10
82.12
82.15
82.17
82.15
82.16
82.14
82.12
82.12
82.12
82.15
82.15
82.18
82.18
82.15
82.16
82.15
82.13
82.12
82.12
82.12
82.14
82.13
82.14
82.12
82.10
82.11
82.11
82.09
82.10
82.11
82.13
82.12
82.13
82.13
82.14
82.15
82.14
82.13
82.13
82.14
82.15
82.15
82.15
82.16
82.15
82.18
82.17
82.18
82.20
82.19
82.19
82.19
82.19
82.20
82.22
82.24
82.24
82.24
82.22
82.22
82.21
82.23
82.22
82.23
82.22
82.23
82.23
82.24
82.23
82.22
82.23
82.23
82.22
82.21
82.21
82.22
82.19
82.20
82.18
82.17
82.17
82.14
82.15
82.14
82.15
82.14
82.14
82.12
82.14
82.14
82.14
82.12
