85.94
80.47
81.77
82.42
82.19
81.25
82.37
82.42
82.64
82.50
82.10
81.77
81.37
81.81
82.19
82.81
82.44
82.73
82.73
82.58
82.59
82.53
82.68
82.36
82.19
82.27
82.47
82.65
82.60
82.34
82.31
82.18
82.05
82.22
82.14
82.29
82.22
82.20
82.25
82.30
82.43
82.29
82.34
82.17
82.19
82.10
82.05
82.16
82.11
81.91
81.74
81.73
81.72
81.77
81.88
81.92
81.91
81.95
81.94
81.93
81.92
81.80
81.80
81.91
82.00
81.91
82.00
82.03
82.11
82.17
82.22
82.25
82.26
82.28
82.35
82.18
82.16
82.23
82.26
82.25
82.21
82.18
82.13
82.14
82.13
82.19
82.20
82.19
82.15
82.10
82.07
82.13
82.14
82.13
82.14
82.16
82.12
82.10
82.13
82.16
82.21
82.18
82.13
82.08
82.11
82.10
82.17
82.09
82.08
82.05
82.04
81.96
82.01
82.04
82.01
82.02
82.08
82.07
82.05
82.06
82.14
82.16
82.19
82.20
82.16
82.12
82.12
82.12
82.10
82.13
82.11
82.07
82.07
82.10
82.11
82.13
82.15
82.13
82.10
82.13
82.09
82.03
82.06
82.07
82.08
82.14
82.13
82.19
82.23
82.21
82.18
82.15
82.16
82.13
82.12
82.16
82.15
82.19
82.18
82.22
82.25
82.29
82.31
82.30
82.31
82.31
82.31
82.32
82.33
82.32
82.31
82.29
82.26
82.23
82.25
82.21
82.18
82.18
82.16
82.14
82.15
82.15
82.16
82.12
82.11
82.11
82.09
82.09
82.09
82.07
82.09
82.02
82.03
82.00
81.98
81.96
81.99
82.03
82.07
82.04
82.01
82.02
82.01
82.02
82.04
82.04
82.01
82.01
82.04
82.05
82.09
82.11
82.12
82.08
82.10
82.07
82.03
82.02
82.03
82.02
82.03
82.05
82.03
82.05
82.03
82.02
81.98
81.96
81.94
81.97
81.97
81.94
81.92
81.93
81.95
81.93
81.96
81.97
82.00
82.01
81.99
82.01
81.97
82.01
81.99
82.01
82.03
82.02
82.03
82.01
82.04
82.04
82.06
82.08
82.11
82.06
82.06
82.07
82.08
82.09
82.06
82.06
82.06
82.07
82.05
82.04
81.99
82.02
82.04
82.03
82.04
82.01
82.02
82.01
81.99
82.01
81.99
81.99
81.98
81.99
82.00
81.98
81.96
81.95
81.96
81.97
81.95
81.95
81.95
81.95
81.96
81.98
81.98
82.00
82.00
82.00
82.00
81.97
81.97
81.98
81.99
81.98
81.96
81.95
81.95
81.94
81.95
81.94
81.96
81.97
81.98
81.98
81.99
81.99
81.99
82.00
81.99
81.98
82.00
82.02
82.01
82.02
82.02
82.03
82.03
82.03
82.01
82.01
82.01
82.02
82.03
82.03
82.01
82.01
82.04
82.05
82.06
82.05
82.08
82.10
82.07
82.05
82.07
82.07
82.09
82.09
82.11
82.13
82.13
82.13
82.13
82.12
82.14
82.14
82.11
82.12
82.11
82.10
82.08
82.08
82.09
82.10
82.11
82.12
82.13
82.13
82.14
82.14
82.16
82.15
82.15
82.14
82.13
82.14
82.15
82.13
82.12
82.12
82.12
82.13
82.12
82.13
82.12
82.14
82.14
82.13
82.14
82.15
82.14
82.14
82.15
82.15
82.15
82.14
82.14
82.13
82.14
82.12
82.13
82.12
82.12
82.12
82.13
82.12
82.11
82.11
82.12
82.12
82.13
82.13
82.12
82.13
82.14
82.15
82.14
82.13
82.14
82.12
82.12
82.09
82.10
82.10
82.11
82.12
82.12
82.13
82.14
82.16
82.16
82.16
82.18
82.18
82.19
82.18
82.18
82.21
82.19
82.18
82.19
82.16
82.16
82.17
82.15
82.14
82.15
82.16
82.16
82.15
82.16
82.15
82.17
82.15
82.14
82.14
82.15
82.14
82.12
82.12
82.11
82.11
82.07
82.08
82.07
82.07
82.05
82.07
82.06
82.05
82.04
82.03
82.04
82.05
82.05
82.05
82.05
82.05
82.05
82.04
82.05
82.05
82.06
82.06
82.06
82.07
82.07
82.06
82.07
82.07
82.07
82.05
82.05
82.07
82.06
82.07
82.07
82.08
82.07
82.08
82.09
82.10
82.11
82.11
82.12
82.11
82.11
82.11
82.10
82.09
82.10
82.09
82.10
82.08
82.10
82.09
82.09
82.10
82.11
82.11
82.11
82.11
82.11
82.11
82.12
82.12
82.12
82.11
82.12
82.12
82.12
82.11
82.12
82.12
82.11
82.11
82.12
82.12
82.11
82.11
82.10
82.10
82.10
82.09
82.10
82.09
82.10
82.09
82.12
82.11
82.12
82.11
82.11
82.10
82.11
82.12
82.12
82.11
82.11
82.14
82.15
82.15
82.16
82.17
82.17
82.15
82.15
82.14
82.15
82.12
82.11
82.09
82.10
82.09
82.10
82.10
82.10
82.11
82.12
82.12
82.11
82.12
82.12
82.11
82.12
82.12
82.09
82.08
82.08
82.08
82.09
82.08
82.07
82.06
82.07
82.07
82.07
82.07
82.07
82.06
82.07
82.07
82.06
82.05
82.07
82.06
82.07
82.08
82.06
82.06
82.04
82.05
82.03
82.04
82.04
82.02
82.01
82.01
82.01
82.01
82.02
82.02
82.02
82.02
82.02
82.01
82.00
82.00
82.01
81.99
81.99
81.99
81.99
81.99
81.99
81.99
82.00
81.98
81.97
81.97
81.96
81.95
81.94
81.94
81.94
81.95
81.95
81.95
81.95
81.95
81.95
81.96
81.97
81.96
81.96
81.96
81.97
81.96
81.96
81.96
81.96
81.97
81.96
81.96
81.96
81.97
81.96
81.96
81.96
81.96
81.96
81.97
81.96
81.96
81.97
81.98
81.99
81.99
81.99
81.98
82.00
81.99
81.99
81.99
81.98
81.99
82.00
82.00
82.00
81.98
81.98
81.99
81.98
81.98
81.99
82.00
81.99
82.00
81.99
82.00
82.00
81.99
81.99
81.98
81.98
81.99
82.00
82.00
81.99
81.98
81.97
81.97
81.97
81.97
81.96
81.96
81.96
81.95
81.96
81.95
81.95
81.96
81.96
81.95
81.95
81.96
81.96
81.95
81.96
81.96
81.95
81.95
81.95
81.94
81.94
81.95
81.95
81.94
81.94
81.95
81.95
81.95
81.95
81.94
81.95
81.95
81.94
81.94
81.95
81.94
81.95
81.96
81.96
81.95
81.95
81.95
81.96
81.95
81.95
81.95
81.96
81.97
81.96
81.95
81.95
81.94
81.95
81.93
81.93
81.94
81.94
81.94
81.93
81.94
81.94
81.94
81.95
81.95
81.95
81.95
81.95
81.95
81.95
81.87
