4.69
3.91
4.17
3.52
3.75
4.17
4.02
4.30
4.51
4.84
5.11
4.95
4.69
4.69
4.69
4.69
4.50
4.69
4.52
4.30
4.17
3.98
4.01
3.97
3.88
3.97
3.94
3.91
3.99
4.11
4.18
4.10
4.21
4.14
4.20
4.17
4.10
4.15
4.09
4.06
4.08
4.06
4.07
4.05
4.06
4.01
4.19
4.20
4.18
4.16
4.11
4.09
4.16
4.11
4.09
4.10
4.14
4.09
4.08
4.06
4.07
4.06
4.09
4.13
4.09
4.07
4.08
4.04
4.08
4.06
4.07
4.06
4.02
4.01
4.00
3.99
3.96
3.99
3.96
3.96
3.92
3.94
3.93
3.92
3.93
3.96
3.93
3.92
3.90
3.85
3.81
3.79
3.80
3.82
3.82
3.81
3.85
3.87
3.88
3.88
3.88
3.88
3.96
4.00
3.99
3.97
4.00
3.99
4.04
4.05
4.03
4.03
4.05
4.06
4.04
4.00
4.01
3.99
3.98
3.98
3.95
3.96
3.96
3.98
3.99
3.96
3.97
3.97
4.01
4.03
4.01
4.04
4.04
4.03
4.03
4.02
4.00
4.00
3.99
3.97
3.97
3.96
3.98
3.95
3.95
3.94
3.95
3.96
3.93
3.92
3.90
3.89
3.86
3.91
3.89
3.90
3.88
3.88
3.88
3.89
3.89
3.91
3.93
3.93
3.94
3.95
3.94
3.95
3.96
3.96
3.97
3.97
3.96
3.96
3.96
3.96
3.95
3.94
3.95
3.94
3.93
3.93
3.94
3.96
3.98
3.98
3.99
3.98
3.98
3.97
3.97
3.96
3.94
3.93
3.95
3.95
3.96
3.94
3.93
3.91
3.90
3.89
3.89
3.91
3.92
3.92
3.93
3.94
3.93
3.93
3.95
3.96
3.94
3.94
3.93
3.93
3.95
3.95
3.95
3.95
3.95
3.95
3.97
3.98
3.97
3.96
3.96
3.97
3.98
3.97
3.98
3.99
3.98
3.98
3.99
3.99
3.98
3.99
3.97
3.95
3.95
3.95
3.96
3.98
4.00
3.99
3.99
3.98
3.97
3.99
4.00
3.99
3.99
3.99
4.00
3.99
4.01
4.00
4.01
4.00
4.01
4.00
4.02
4.02
4.02
4.02
4.02
4.02
4.03
4.04
4.03
4.03
4.04
4.04
4.03
4.03
4.04
4.05
4.04
4.04
4.03
4.02
4.03
4.02
4.00
3.99
3.99
3.97
3.97
3.97
3.96
3.97
4.00
3.99
3.99
3.99
3.98
3.97
3.96
3.95
3.96
3.96
3.97
3.96
3.97
3.98
3.99
3.98
3.98
3.97
3.96
3.97
3.98
3.97
3.97
3.96
3.97
3.97
3.97
3.96
3.95
3.95
3.96
3.95
3.94
3.93
3.94
3.94
3.94
3.93
3.94
3.95
3.95
3.95
3.95
3.95
3.94
3.96
3.96
3.96
3.96
3.95
3.95
3.96
3.95
3.96
3.97
3.96
3.96
3.95
3.95
3.96
3.95
3.96
3.97
3.96
3.95
3.95
3.95
3.95
3.96
3.97
3.96
3.97
3.97
3.98
3.98
3.97
3.97
3.97
3.97
3.97
3.98
3.98
3.98
3.98
3.98
3.98
3.97
3.99
3.99
3.99
3.99
3.99
3.99
3.99
3.98
3.98
3.98
3.99
3.98
3.99
3.98
3.98
3.98
3.97
3.98
3.98
3.97
3.97
3.97
3.98
3.98
3.98
3.97
3.96
3.97
3.96
3.96
3.96
3.97
3.97
3.97
3.97
3.96
3.97
3.96
3.95
3.96
3.96
3.96
3.97
3.96
3.96
3.96
3.96
3.97
3.96
3.97
3.96
3.95
3.95
3.95
3.95
3.95
3.95
3.94
3.94
3.93
3.92
3.91
3.90
3.90
3.91
3.90
3.91
3.91
3.91
3.91
3.91
3.91
3.92
3.92
3.91
3.92
3.92
3.91
3.93
3.94
3.95
3.94
3.94
3.93
3.93
3.93
3.94
3.93
3.93
3.92
3.92
3.92
3.93
3.92
3.92
3.93
3.93
3.92
3.92
3.92
3.92
3.92
3.93
3.93
3.94
3.94
3.94
3.93
3.94
3.93
3.93
3.93
3.93
3.93
3.94
3.94
3.94
3.94
3.95
3.95
3.95
3.94
3.94
3.94
3.94
3.94
3.94
3.94
3.95
3.96
3.95
3.95
3.95
3.95
3.95
3.95
3.95
3.94
3.95
3.95
3.95
3.94
3.94
3.94
3.95
3.96
3.97
3.98
3.98
3.98
3.98
3.98
3.97
3.98
3.98
3.98
3.98
3.98
3.97
3.97
3.97
3.96
3.97
3.97
3.97
3.97
3.96
3.96
3.96
3.96
3.97
3.97
3.96
3.96
3.96
3.96
3.96
3.96
3.97
3.97
3.97
3.97
3.97
3.98
3.98
3.98
3.99
3.98
3.98
3.98
3.97
3.98
3.98
3.98
3.98
3.99
3.99
3.99
4.00
3.99
3.99
3.99
3.99
3.99
3.99
3.99
3.99
3.98
4.00
4.01
4.01
4.02
4.02
4.02
4.02
4.03
4.03
4.03
4.03
4.03
4.03
4.02
4.02
4.02
4.02
4.02
4.02
4.02
4.01
4.02
4.02
4.02
4.03
4.02
4.02
4.02
4.01
4.02
4.01
4.01
4.02
4.02
4.01
4.01
4.01
4.01
4.02
4.02
4.02
4.02
4.02
4.01
4.01
4.01
4.01
4.01
4.01
4.01
4.00
4.01
4.00
4.00
3.99
3.99
3.99
3.98
3.99
3.99
3.99
4.00
3.99
3.99
3.99
3.99
3.99
3.99
3.99
3.99
3.99
3.99
4.00
3.99
3.99
3.99
4.00
3.99
4.00
4.00
4.00
4.00
4.00
4.00
4.00
4.00
3.99
3.99
3.99
3.99
4.00
4.00
4.00
4.00
4.00
3.99
3.99
3.99
4.00
4.00
4.00
4.00
4.00
3.99
3.99
4.00
3.99
4.00
4.00
3.99
3.99
4.00
4.00
4.01
4.01
4.01
4.01
4.01
4.00
4.00
4.00
4.00
4.00
4.00
4.00
4.00
4.00
3.99
3.99
3.99
4.00
3.99
3.99
3.99
3.99
3.99
3.99
3.99
3.98
3.98
3.99
3.99
3.99
3.99
3.99
3.98
3.99
3.99
4.00
4.00
4.00
3.99
3.99
3.99
3.99
3.99
3.99
3.99
3.99
3.99
3.99
3.99
3.99
3.99
3.99
3.99
3.99
3.98
3.98
3.99
3.99
3.99
3.99
3.99
3.99
3.99
3.99
4.00
4.00
4.00
4.00
4.00
4.01
4.00
4.00
4.00
4.00
4.00
4.00
4.00
4.00
4.00
4.00
4.00
3.99
