76.56
77.34
80.21
78.91
78.75
78.91
77.68
78.32
78.47
78.44
78.84
79.30
79.69
80.13
80.10
80.47
80.79
81.34
81.33
81.09
80.73
80.82
80.91
81.12
81.38
81.19
81.31
81.36
81.41
81.41
81.25
81.25
81.20
81.11
81.43
81.21
81.21
80.92
80.81
80.47
80.60
80.62
80.34
80.43
80.45
80.50
80.55
80.66
80.64
80.56
80.39
80.47
80.28
80.41
80.37
80.33
80.26
80.36
80.38
80.36
80.43
80.44
80.31
80.40
80.46
80.40
80.48
80.54
80.50
80.54
80.57
80.47
80.44
80.28
80.38
80.45
80.48
80.57
80.64
80.59
80.59
80.68
80.65
80.64
80.61
80.54
80.57
80.54
80.57
80.50
80.43
80.42
80.41
80.35
80.43
80.44
80.53
80.52
80.49
80.44
80.28
80.36
80.39
80.35
80.36
80.40
80.37
80.45
80.42
80.43
80.36
80.37
80.37
80.33
80.41
80.44
80.46
80.43
80.44
80.47
80.46
80.42
80.44
80.37
80.33
80.36
80.27
80.21
80.17
80.19
80.20
80.23
80.27
80.22
80.23
80.22
80.22
80.22
80.23
80.29
80.29
80.30
80.30
80.32
80.33
80.28
80.27
80.30
80.25
80.20
80.24
80.20
80.11
80.06
80.08
80.13
80.14
80.12
80.10
80.09
80.10
80.12
80.11
80.08
80.10
80.10
80.08
80.07
80.12
80.06
80.01
80.01
79.99
80.02
80.04
80.09
80.09
80.13
80.13
80.19
80.18
80.18
80.21
80.23
80.24
80.23
80.23
80.23
80.22
80.24
80.25
80.26
80.25
80.23
80.25
80.24
80.26
80.24
80.26
80.25
80.24
80.21
80.20
80.20
80.14
80.14
80.19
80.18
80.18
80.15
80.11
80.10
80.08
80.06
80.11
80.09
80.09
80.09
80.09
80.11
80.08
80.11
80.09
80.08
80.09
80.10
80.05
80.06
80.04
80.05
80.07
80.08
80.08
80.07
80.07
80.08
80.06
80.06
80.03
80.03
80.04
80.04
80.01
80.00
80.01
79.97
80.01
80.00
79.99
79.99
80.01
80.03
80.02
80.05
80.04
80.00
80.02
80.01
80.01
80.01
80.00
80.00
80.00
79.97
79.97
80.00
80.00
80.00
79.96
79.94
79.96
79.96
79.97
79.96
79.97
79.96
79.94
79.92
79.95
79.92
79.92
79.94
79.95
79.95
79.97
79.97
79.95
79.95
79.93
79.91
79.90
79.87
79.87
79.89
79.91
79.92
79.94
79.94
79.95
79.94
79.95
79.98
79.98
79.95
79.97
79.96
79.97
79.98
80.01
80.01
80.02
79.99
79.98
79.98
79.99
80.01
79.98
79.99
80.01
80.01
80.01
80.00
79.99
79.98
79.99
79.96
79.96
79.99
80.01
79.99
80.01
80.01
80.00
80.00
80.00
80.03
80.02
80.03
80.03
80.02
80.03
80.02
80.00
80.00
80.00
79.98
79.96
79.97
79.96
79.95
79.93
79.95
79.95
79.97
79.96
79.96
79.95
79.97
80.00
79.99
79.99
79.97
79.96
79.95
79.94
79.94
79.93
79.91
79.90
79.92
79.93
79.94
79.92
79.91
79.93
79.93
79.93
79.93
79.93
79.92
79.95
79.93
79.94
79.95
79.95
79.93
79.92
79.91
79.91
79.92
79.92
79.94
79.92
79.94
79.92
79.92
79.92
79.92
79.94
79.95
79.95
79.93
79.93
79.94
79.95
79.97
79.97
79.96
79.95
79.95
79.95
79.95
79.96
79.95
79.97
80.00
79.99
80.00
80.02
80.01
80.01
80.02
80.01
80.02
80.01
80.01
80.00
79.99
80.00
79.99
79.98
79.96
79.96
79.95
79.95
79.97
79.98
79.97
79.97
79.96
79.95
79.93
79.92
79.93
79.94
79.94
79.96
79.96
79.95
79.97
79.98
79.97
79.98
79.99
79.99
79.96
79.96
79.95
79.96
79.96
79.97
79.97
79.95
79.95
79.97
79.96
79.96
79.95
79.95
79.96
79.94
79.94
79.95
79.93
79.92
79.91
79.92
79.90
79.91
79.90
79.90
79.90
79.91
79.89
79.92
79.91
79.92
79.91
79.91
79.92
79.92
79.93
79.93
79.91
79.91
79.91
79.90
79.90
79.90
79.90
79.89
79.91
79.90
79.89
79.91
79.90
79.91
79.91
79.91
79.90
79.88
79.88
79.87
79.89
79.90
79.89
79.89
79.88
79.90
79.89
79.88
79.88
79.86
79.88
79.87
79.87
79.86
79.85
79.86
79.86
79.86
79.85
79.86
79.86
79.87
79.88
79.88
79.86
79.87
79.86
79.87
79.87
79.85
79.85
79.84
79.84
79.85
79.84
79.83
79.82
79.82
79.81
79.81
79.82
79.82
79.83
79.82
79.83
79.82
79.81
79.80
79.79
79.81
79.80
79.78
79.77
79.78
79.79
79.79
79.78
79.79
79.78
79.77
79.76
79.77
79.75
79.74
79.75
79.75
79.76
79.75
79.75
79.74
79.73
79.74
79.74
79.75
79.76
79.78
79.77
79.77
79.77
79.77
79.76
79.75
79.74
79.74
79.74
79.73
79.76
79.74
79.73
79.72
79.72
79.73
79.74
79.74
79.76
79.78
79.79
79.79
79.80
79.78
79.79
79.80
79.81
79.80
79.80
79.80
79.81
79.79
79.79
79.80
79.80
79.79
79.79
79.79
79.79
79.79
79.77
79.78
79.78
79.78
79.78
79.76
79.78
79.77
79.77
79.78
79.79
79.78
79.78
79.78
79.77
79.77
79.78
79.79
79.78
79.76
79.76
79.77
79.77
79.76
79.76
79.75
79.76
79.75
79.74
79.75
79.76
79.75
79.74
79.73
79.73
79.73
79.74
79.72
79.73
79.74
79.74
79.74
79.73
79.74
79.74
79.75
79.74
79.72
79.72
79.72
79.72
79.72
79.72
79.72
79.72
79.72
79.71
79.73
79.73
79.73
79.72
79.71
79.72
79.73
79.71
79.71
79.71
79.71
79.73
79.73
79.74
79.75
79.76
79.77
79.78
79.79
79.79
79.79
79.78
79.78
79.79
79.80
79.79
79.79
79.79
79.79
79.79
79.78
79.79
79.79
79.79
79.79
79.80
79.80
79.80
79.81
79.80
79.80
79.79
79.81
79.81
79.81
79.80
79.80
79.80
79.79
79.80
79.80
79.80
79.80
79.81
79.81
79.81
79.81
79.81
79.81
79.81
79.80
79.80
79.81
79.82
79.83
79.81
79.80
79.79
79.80
79.80
79.81
79.82
79.83
79.83
79.83
79.84
79.84
79.84
79.84
79.84
79.84
79.84
79.84
79.84
79.84
79.83
79.82
79.82
79.82
79.83
79.83
79.83
79.83
79.84
79.84
79.76
