84.38
84.38
85.42
85.55
85.31
85.16
85.49
85.16
84.38
84.22
84.94
84.11
84.25
84.49
84.06
83.69
83.55
83.77
83.63
83.67
83.78
83.38
83.63
83.79
83.50
83.29
83.33
83.04
82.76
82.76
82.91
82.91
83.14
83.23
83.17
83.25
83.32
83.39
83.37
83.28
83.12
83.04
83.10
83.10
82.92
83.05
83.18
83.24
83.07
83.19
83.21
83.08
83.17
83.16
83.18
83.15
83.11
82.97
82.97
82.97
82.84
82.76
82.79
82.81
82.88
82.77
82.74
82.72
82.63
82.50
82.50
82.53
82.53
82.60
82.60
82.73
82.79
82.71
82.59
82.64
82.62
82.74
82.76
82.78
82.85
82.90
82.85
82.85
82.79
82.74
82.68
82.69
82.71
82.73
82.68
82.57
82.51
82.54
82.54
82.64
82.64
82.64
82.66
82.66
82.63
82.69
82.74
82.73
82.70
82.57
82.60
82.51
82.48
82.55
82.60
82.53
82.49
82.51
82.52
82.49
82.55
82.56
82.55
82.54
82.55
82.61
82.55
82.54
82.56
82.54
82.45
82.48
82.45
82.49
82.44
82.44
82.46
82.53
82.54
82.48
82.50
82.54
82.53
82.47
82.50
82.51
82.57
82.56
82.59
82.59
82.65
82.64
82.65
82.65
82.66
82.60
82.60
82.58
82.59
82.60
82.60
82.63
82.59
82.62
82.60
82.60
82.57
82.60
82.58
82.56
82.59
82.59
82.54
82.57
82.54
82.51
82.51
82.49
82.46
82.47
82.46
82.48
82.49
82.44
82.44
82.42
82.39
82.42
82.41
82.39
82.38
82.37
82.38
82.43
82.44
82.45
82.46
82.46
82.45
82.45
82.47
82.48
82.47
82.45
82.46
82.46
82.44
82.44
82.45
82.44
82.42
82.41
82.40
82.41
82.42
82.37
82.34
82.37
82.38
82.39
82.39
82.33
82.28
82.26
82.23
82.24
82.24
82.24
82.26
82.22
82.21
82.18
82.21
82.20
82.18
82.18
82.17
82.16
82.16
82.12
82.13
82.12
82.09
82.11
82.07
82.04
82.06
82.01
82.03
82.04
82.05
82.06
82.03
82.05
82.02
82.05
82.04
82.04
82.03
82.03
82.02
81.98
81.97
81.97
81.95
81.96
81.95
81.96
81.93
81.92
81.94
81.93
81.95
81.97
81.97
81.96
81.99
81.97
81.99
82.01
82.02
82.01
82.01
81.98
81.97
81.99
81.98
81.97
82.00
81.98
81.97
81.98
81.98
81.98
81.97
81.97
81.97
81.97
81.97
81.97
81.99
81.97
81.96
81.95
81.97
81.95
81.95
81.97
81.98
81.98
81.97
81.97
81.96
81.96
81.94
81.95
81.94
81.93
81.94
81.94
81.95
81.97
81.97
81.96
81.96
81.97
81.95
81.96
81.98
82.00
81.98
81.97
81.98
81.97
81.99
81.98
81.99
81.99
82.01
82.02
82.02
82.04
82.04
82.03
82.06
82.06
82.08
82.07
82.06
82.05
82.06
82.08
82.08
82.05
82.05
82.03
82.05
82.06
82.06
82.07
82.08
82.09
82.08
82.08
82.06
82.06
82.08
82.07
82.09
82.08
82.10
82.10
82.12
82.11
82.10
82.10
82.09
82.07
82.07
82.06
82.04
82.06
82.05
82.05
82.06
82.05
82.04
82.04
82.03
82.03
82.02
81.98
81.98
81.96
81.95
81.97
81.98
81.96
81.97
81.99
81.99
82.02
82.03
82.03
82.03
82.04
82.03
82.02
82.01
81.99
81.98
81.99
81.98
81.96
81.95
81.97
81.98
81.99
82.00
82.03
82.03
82.03
82.04
82.05
82.07
82.09
82.10
82.10
82.09
82.11
82.09
82.07
82.07
82.06
82.06
82.05
82.03
82.05
82.05
82.07
82.06
82.07
82.06
82.06
82.06
82.10
82.11
82.11
82.12
82.11
82.11
82.12
82.12
82.11
82.09
82.09
82.09
82.09
82.07
82.06
82.06
82.07
82.05
82.04
82.06
82.05
82.05
82.06
82.08
82.08
82.08
82.09
82.09
82.08
82.08
82.06
82.06
82.07
82.07
82.07
82.06
82.06
82.07
82.06
82.06
82.07
82.08
82.09
82.09
82.10
82.10
82.09
82.10
82.10
82.08
82.08
82.09
82.08
82.09
82.09
82.09
82.09
82.09
82.09
82.08
82.08
82.08
82.10
82.10
82.10
82.09
82.09
82.10
82.09
82.09
82.08
82.06
82.06
82.07
82.08
82.07
82.08
82.08
82.09
82.09
82.10
82.12
82.12
82.10
82.10
82.10
82.10
82.09
82.09
82.09
82.08
82.08
82.08
82.07
82.06
82.06
82.07
82.08
82.08
82.08
82.08
82.05
82.05
82.07
82.08
82.09
82.09
82.09
82.09
82.10
82.10
82.11
82.10
82.11
82.11
82.11
82.12
82.12
82.13
82.13
82.13
82.13
82.12
82.13
82.14
82.14
82.14
82.14
82.12
82.12
82.11
82.12
82.12
82.12
82.13
82.14
82.15
82.15
82.15
82.16
82.16
82.16
82.17
82.17
82.18
82.17
82.17
82.17
82.17
82.17
82.16
82.16
82.16
82.15
82.16
82.16
82.16
82.16
82.15
82.14
82.13
82.12
82.11
82.11
82.12
82.12
82.11
82.12
82.12
82.12
82.11
82.12
82.12
82.12
82.12
82.12
82.12
82.12
82.11
82.10
82.10
82.09
82.09
82.08
82.10
82.09
82.09
82.08
82.07
82.07
82.06
82.07
82.08
82.07
82.08
82.08
82.08
82.08
82.09
82.09
82.08
82.10
82.10
82.09
82.10
82.09
82.09
82.10
82.10
82.10
82.10
82.11
82.12
82.11
82.11
82.11
82.12
82.13
82.13
82.13
82.14
82.13
82.12
82.12
82.11
82.11
82.11
82.11
82.12
82.12
82.12
82.12
82.12
82.11
82.12
82.13
82.14
82.13
82.11
82.11
82.11
82.10
82.12
82.11
82.11
82.11
82.12
82.12
82.11
82.10
82.11
82.12
82.11
82.10
82.10
82.10
82.10
82.11
82.12
82.12
82.11
82.10
82.09
82.10
82.10
82.09
82.08
82.08
82.09
82.09
82.09
82.10
82.08
82.07
82.09
82.08
82.08
82.08
82.07
82.06
82.06
82.06
82.06
82.05
82.06
82.07
82.08
82.07
82.07
82.08
82.07
82.07
82.07
82.08
82.08
82.07
82.08
82.07
82.07
82.06
82.07
82.06
82.03
82.03
82.04
82.03
82.04
82.04
82.05
82.05
82.05
82.04
82.04
82.04
82.04
82.04
82.04
82.04
82.05
82.05
82.06
82.06
82.05
82.05
82.05
82.05
82.04
82.04
82.05
82.04
82.03
82.03
82.02
82.02
82.01
82.02
81.94
