89.06
86.72
86.46
85.55
85.31
83.33
83.71
83.59
83.85
83.91
83.66
83.46
83.65
83.71
83.12
83.01
83.18
83.42
83.47
83.44
83.33
83.31
83.08
83.01
83.12
83.05
83.16
83.09
83.14
83.02
82.81
82.96
82.91
83.04
82.90
82.68
82.77
82.73
82.77
82.73
82.74
82.66
82.52
82.42
82.33
82.10
82.01
81.90
81.82
81.78
81.80
82.06
82.02
82.00
81.93
82.00
82.04
82.03
82.07
82.03
82.02
81.96
81.92
81.93
81.97
81.96
82.02
81.80
81.84
81.90
82.02
81.99
82.06
82.01
82.12
82.03
82.16
82.07
81.96
82.01
81.89
81.86
81.76
81.64
81.65
81.69
81.73
81.80
81.83
81.84
81.80
81.78
81.70
81.67
81.63
81.62
81.65
81.62
81.68
81.70
81.75
81.69
81.64
81.64
81.67
81.77
81.83
81.84
81.87
81.82
81.78
81.84
81.86
81.80
81.82
81.76
81.84
81.90
81.88
81.84
81.83
81.80
81.83
81.75
81.77
81.77
81.77
81.81
81.84
81.84
81.89
81.91
81.97
81.97
81.91
81.89
81.87
81.88
81.89
81.93
81.90
81.94
81.89
81.86
81.81
81.81
81.78
81.78
81.80
81.78
81.80
81.77
81.82
81.84
81.88
81.86
81.89
81.87
81.90
81.92
81.95
81.93
82.01
82.02
82.07
82.12
82.14
82.13
82.16
82.17
82.22
82.21
82.21
82.19
82.17
82.14
82.12
82.11
82.09
82.11
82.10
82.13
82.08
82.03
82.03
81.98
81.97
81.96
81.94
81.96
81.98
81.97
82.00
82.02
82.00
82.00
82.00
82.01
82.00
81.98
81.98
81.96
81.95
81.95
81.95
81.96
81.99
81.96
81.95
81.99
81.99
81.99
81.95
81.97
81.97
81.94
81.92
81.94
81.91
81.90
81.91
81.94
81.95
81.98
81.97
81.98
81.98
81.97
81.98
81.96
81.96
81.97
81.97
81.94
81.95
81.94
81.95
81.95
81.92
81.90
81.87
81.87
81.89
81.89
81.91
81.89
81.91
81.89
81.87
81.88
81.87
81.86
81.90
81.90
81.89
81.90
81.91
81.89
81.89
81.91
81.90
81.90
81.92
81.93
81.90
81.89
81.89
81.90
81.89
81.89
81.91
81.91
81.90
81.91
81.90
81.92
81.94
81.96
81.94
81.96
81.96
81.96
82.00
82.02
82.01
82.04
82.03
82.03
82.06
82.09
82.08
82.06
82.05
82.07
82.06
82.04
82.03
82.03
82.02
81.99
82.00
82.00
81.97
81.97
81.97
81.98
81.97
81.97
81.97
81.95
81.97
81.96
81.94
81.95
81.97
81.98
81.95
81.99
82.00
82.01
82.00
81.99
82.00
82.01
82.02
82.03
82.02
82.05
82.05
82.03
82.01
81.99
81.99
81.98
81.98
81.97
81.96
81.97
81.96
81.96
81.98
81.99
81.99
81.99
82.00
81.97
81.97
81.96
81.94
81.94
81.94
81.94
81.94
81.92
81.92
81.89
81.88
81.88
81.87
81.87
81.89
81.87
81.88
81.87
81.87
81.88
81.88
81.88
81.85
81.87
81.86
81.85
81.84
81.83
81.84
81.84
81.83
81.83
81.84
81.83
81.82
81.81
81.82
81.82
81.82
81.82
81.84
81.84
81.85
81.84
81.84
81.84
81.86
81.86
81.86
81.84
81.83
81.85
81.85
81.85
81.85
81.86
81.87
81.87
81.86
81.88
81.87
81.89
81.87
81.87
81.88
81.88
81.89
81.90
81.93
81.93
81.93
81.95
81.95
81.99
81.98
81.97
81.97
81.96
81.98
81.99
82.00
82.00
82.01
82.01
82.01
81.99
81.99
82.00
82.01
82.03
82.05
82.06
82.08
82.06
82.08
82.09
82.08
82.06
82.07
82.06
82.05
82.05
82.05
82.06
82.09
82.11
82.10
82.09
82.07
82.08
82.08
82.08
82.08
82.09
82.08
82.07
82.08
82.08
82.06
82.07
82.08
82.08
82.07
82.08
82.08
82.07
82.07
82.09
82.09
82.09
82.10
82.10
82.10
82.10
82.10
82.09
82.08
82.09
82.10
82.10
82.11
82.13
82.13
82.13
82.14
82.12
82.11
82.11
82.11
82.09
82.07
82.07
82.07
82.06
82.07
82.07
82.07
82.08
82.09
82.10
82.10
82.12
82.11
82.12
82.11
82.12
82.12
82.13
82.13
82.12
82.12
82.12
82.12
82.12
82.13
82.14
82.13
82.14
82.13
82.14
82.14
82.13
82.13
82.12
82.13
82.13
82.14
82.14
82.15
82.14
82.13
82.13
82.13
82.13
82.12
82.12
82.14
82.13
82.15
82.13
82.14
82.15
82.16
82.15
82.13
82.13
82.12
82.12
82.11
82.11
82.11
82.11
82.12
82.11
82.11
82.11
82.10
82.09
82.09
82.08
82.09
82.07
82.07
82.08
82.08
82.09
82.10
82.11
82.10
82.10
82.11
82.12
82.12
82.12
82.12
82.12
82.11
82.11
82.10
82.10
82.09
82.09
82.08
82.09
82.06
82.07
82.05
82.05
82.07
82.09
82.08
82.08
82.07
82.08
82.07
82.07
82.07
82.07
82.08
82.08
82.09
82.08
82.07
82.07
82.08
82.08
82.08
82.08
82.08
82.07
82.06
82.07
82.07
82.06
82.07
82.07
82.06
82.05
82.04
82.04
82.03
82.03
82.03
82.02
82.03
82.01
81.99
81.99
81.98
81.98
81.97
81.97
81.97
81.96
81.96
81.96
81.95
81.95
81.95
81.95
81.94
81.93
81.94
81.94
81.95
81.94
81.93
81.93
81.94
81.94
81.93
81.93
81.93
81.93
81.93
81.94
81.95
81.95
81.95
81.94
81.95
81.95
81.94
81.94
81.93
81.93
81.94
81.93
81.94
81.93
81.93
81.93
81.93
81.93
81.92
81.91
81.91
81.91
81.92
81.90
81.90
81.90
81.91
81.91
81.92
81.92
81.92
81.91
81.92
81.93
81.93
81.94
81.93
81.93
81.92
81.93
81.93
81.92
81.92
81.93
81.92
81.92
81.91
81.91
81.90
81.90
81.91
81.90
81.90
81.89
81.90
81.90
81.89
81.90
81.89
81.90
81.90
81.90
81.90
81.90
81.90
81.90
81.91
81.90
81.91
81.92
81.92
81.92
81.92
81.92
81.91
81.91
81.91
81.90
81.90
81.91
81.91
81.91
81.92
81.92
81.91
81.92
81.92
81.91
81.91
81.91
81.91
81.90
81.90
81.91
81.89
81.90
81.90
81.91
81.92
81.91
81.91
81.92
81.92
81.92
81.92
81.91
81.90
81.90
81.90
81.88
81.88
81.88
81.89
81.88
81.88
81.89
81.89
81.90
81.90
81.82
