73.44
81.25
77.08
77.34
75.31
73.70
74.78
75.00
75.52
75.16
75.99
75.26
75.48
76.45
76.46
76.46
76.75
77.08
76.97
77.11
76.86
76.92
77.31
77.60
77.25
77.10
76.68
76.40
76.56
76.61
76.71
76.81
76.89
76.98
76.96
77.08
76.90
76.93
76.88
76.88
76.91
76.82
76.89
76.88
76.94
76.94
77.03
77.12
77.14
77.16
77.11
77.19
77.27
77.26
77.27
77.46
77.28
77.24
77.36
77.32
77.25
77.19
77.08
77.15
77.04
77.06
77.01
77.05
77.06
77.03
77.07
77.15
77.05
76.98
77.06
77.20
77.11
77.10
77.20
77.29
77.31
77.19
77.22
77.23
77.22
77.09
77.10
77.18
77.12
77.17
77.15
77.19
77.18
77.23
77.22
77.28
77.26
77.30
77.35
77.30
77.31
77.37
77.40
77.34
77.38
77.33
77.32
77.36
77.38
77.46
77.46
77.50
77.50
77.52
77.55
77.52
77.47
77.45
77.42
77.36
77.40
77.34
77.36
77.33
77.34
77.29
77.33
77.34
77.31
77.24
77.24
77.28
77.28
77.31
77.28
77.23
77.22
77.19
77.16
77.19
77.22
77.17
77.22
77.22
77.23
77.24
77.26
77.30
77.20
77.25
77.29
77.28
77.27
77.29
77.31
77.30
77.30
77.27
77.29
77.30
77.29
77.35
77.36
77.34
77.35
77.32
77.35
77.35
77.34
77.31
77.28
77.28
77.23
77.22
77.20
77.18
77.22
77.17
77.23
77.20
77.22
77.22
77.24
77.27
77.26
77.27
77.30
77.29
77.29
77.31
77.31
77.30
77.34
77.34
77.34
77.38
77.39
77.41
77.39
77.38
77.40
77.43
77.47
77.50
77.51
77.50
77.53
77.51
77.55
77.57
77.60
77.61
77.63
77.67
77.66
77.66
77.67
77.64
77.65
77.66
77.67
77.68
77.68
77.67
77.68
77.68
77.66
77.62
77.65
77.62
77.60
77.63
77.63
77.63
77.63
77.64
77.61
77.62
77.62
77.64
77.66
77.67
77.66
77.64
77.64
77.61
77.59
77.58
77.62
77.64
77.65
77.68
77.67
77.66
77.64
77.63
77.61
77.63
77.63
77.63
77.65
77.64
77.61
77.60
77.58
77.61
77.63
77.62
77.63
77.63
77.62
77.63
77.64
77.64
77.64
77.66
77.65
77.68
77.67
77.67
77.64
77.62
77.62
77.61
77.60
77.61
77.60
77.63
77.63
77.67
77.69
77.73
77.75
77.76
77.75
77.72
77.73
77.75
77.77
77.77
77.76
77.80
77.81
77.80
77.82
77.82
77.80
77.81
77.83
77.84
77.86
77.83
77.81
77.79
77.80
77.79
77.80
77.82
77.84
77.85
77.86
77.85
77.85
77.86
77.84
77.84
77.84
77.83
77.81
77.81
77.79
77.81
77.82
77.79
77.79
77.79
77.78
77.78
77.77
77.78
77.79
77.78
77.80
77.78
77.78
77.76
77.78
77.78
77.78
77.75
77.76
77.76
77.77
77.77
77.76
77.76
77.74
77.75
77.75
77.75
77.76
77.75
77.75
77.77
77.78
77.79
77.78
77.77
77.75
77.76
77.75
77.74
77.75
77.73
77.76
77.77
77.76
77.78
77.77
77.78
77.78
77.78
77.77
77.79
77.77
77.75
77.75
77.74
77.76
77.76
77.78
77.78
77.79
77.77
77.76
77.77
77.74
77.74
77.73
77.72
77.73
77.74
77.73
77.76
77.74
77.76
77.77
77.77
77.76
77.76
77.75
77.77
77.75
77.75
77.75
77.75
77.76
77.76
77.78
77.77
77.77
77.76
77.76
77.78
77.80
77.78
77.77
77.78
77.79
77.81
77.82
77.80
77.80
77.79
77.80
77.81
77.81
77.81
77.81
77.81
77.81
77.80
77.80
77.79
77.80
77.76
77.75
77.77
77.76
77.77
77.75
77.75
77.77
77.75
77.73
77.75
77.76
77.78
77.77
77.76
77.76
77.75
77.76
77.77
77.77
77.78
77.80
77.81
77.83
77.82
77.83
77.83
77.83
77.83
77.84
77.82
77.82
77.81
77.83
77.84
77.83
77.81
77.82
77.82
77.82
77.84
77.83
77.83
77.84
77.86
77.85
77.86
77.86
77.87
77.86
77.87
77.87
77.87
77.87
77.89
77.90
77.92
77.91
77.91
77.91
77.90
77.89
77.90
77.90
77.90
77.90
77.90
77.89
77.88
77.86
77.86
77.84
77.86
77.85
77.84
77.83
77.82
77.83
77.85
77.86
77.86
77.86
77.86
77.84
77.84
77.85
77.85
77.86
77.85
77.85
77.85
77.85
77.84
77.83
77.82
77.83
77.84
77.84
77.83
77.84
77.84
77.84
77.83
77.83
77.86
77.86
77.86
77.86
77.87
77.85
77.87
77.88
77.87
77.88
77.88
77.88
77.87
77.85
77.85
77.85
77.86
77.85
77.86
77.86
77.88
77.88
77.90
77.90
77.90
77.88
77.88
77.87
77.88
77.88
77.88
77.89
77.88
77.88
77.87
77.86
77.86
77.86
77.87
77.87
77.87
77.85
77.86
77.85
77.87
77.86
77.88
77.88
77.88
77.89
77.89
77.89
77.88
77.89
77.89
77.89
77.90
77.88
77.88
77.88
77.89
77.90
77.89
77.90
77.91
77.91
77.92
77.91
77.92
77.93
77.93
77.93
77.92
77.90
77.89
77.88
77.88
77.87
77.86
77.86
77.85
77.86
77.85
77.86
77.85
77.85
77.84
77.84
77.82
77.83
77.83
77.84
77.84
77.84
77.84
77.85
77.84
77.85
77.86
77.88
77.89
77.90
77.90
77.92
77.93
77.94
77.94
77.94
77.95
77.96
77.95
77.95
77.97
77.96
77.94
77.94
77.95
77.95
77.94
77.95
77.96
77.95
77.95
77.94
77.94
77.95
77.95
77.95
77.95
77.96
77.96
77.96
77.96
77.95
77.95
77.96
77.95
77.94
77.95
77.95
77.95
77.95
77.95
77.96
77.96
77.95
77.97
77.97
77.96
77.95
77.94
77.94
77.92
77.90
77.90
77.90
77.91
77.90
77.90
77.91
77.92
77.93
77.92
77.93
77.93
77.94
77.94
77.94
77.94
77.95
77.95
77.96
77.96
77.97
77.96
77.96
77.95
77.96
77.96
77.96
77.96
77.96
77.97
77.97
77.97
77.97
77.98
77.96
77.98
77.99
77.99
77.98
77.97
77.95
77.95
77.94
77.95
77.94
77.94
77.93
77.94
77.94
77.93
77.93
77.94
77.94
77.94
77.93
77.94
77.93
77.93
77.93
77.91
77.91
77.90
77.90
77.89
77.90
77.91
77.90
77.89
77.89
77.87
77.86
77.85
77.85
77.85
77.85
77.85
77.84
77.84
77.84
77.76
