84.38
82.03
80.21
82.42
80.94
81.77
82.14
83.01
83.16
83.28
82.81
82.42
81.85
81.92
81.77
81.84
82.44
82.38
82.32
82.42
82.59
82.81
82.27
82.03
81.75
81.91
82.06
82.20
82.11
82.03
82.16
82.37
82.39
82.44
82.59
82.51
82.26
82.24
82.33
82.23
82.20
81.96
81.83
81.92
82.08
82.20
82.18
81.97
81.86
81.84
81.65
81.76
81.60
81.57
81.45
81.45
81.52
81.44
81.46
81.43
81.48
81.53
81.42
81.42
81.44
81.51
81.58
81.64
81.70
81.83
81.87
81.86
81.85
81.88
81.92
81.91
82.04
82.05
82.18
82.21
82.23
82.24
82.17
82.12
82.08
82.07
82.04
82.00
81.97
81.94
81.94
81.90
81.87
81.85
81.91
81.87
81.91
81.87
81.90
81.83
81.84
81.92
81.98
82.00
82.01
81.97
82.02
82.02
82.02
82.03
82.08
82.10
82.09
82.09
82.07
82.10
82.08
82.12
82.20
82.19
82.15
82.21
82.20
82.17
82.17
82.16
82.07
82.08
82.03
82.08
82.11
82.10
82.12
82.12
82.12
82.10
82.07
82.11
82.08
82.05
82.08
82.10
82.10
82.11
82.10
82.07
82.08
82.06
82.08
82.09
82.09
82.11
82.08
82.10
82.11
82.01
82.06
82.03
82.02
81.98
82.02
82.06
82.07
82.07
82.07
82.05
82.01
82.01
82.07
82.08
82.07
82.09
82.09
82.14
82.18
82.16
82.15
82.11
82.13
82.13
82.15
82.14
82.17
82.18
82.16
82.14
82.12
82.09
82.07
82.10
82.08
82.09
82.07
82.06
82.07
82.07
82.08
82.07
82.06
82.08
82.05
82.09
82.07
82.08
82.09
82.10
82.12
82.08
82.08
82.08
82.12
82.10
82.08
82.06
82.04
82.06
82.07
82.07
82.05
82.05
82.04
82.07
82.06
82.05
82.04
82.04
82.06
82.06
82.03
81.98
81.95
81.98
81.96
81.96
81.93
81.94
81.95
81.95
81.94
81.95
81.92
81.93
81.93
81.92
81.94
81.93
81.92
81.96
81.94
81.96
81.97
81.98
82.00
81.98
82.00
82.02
82.00
81.99
81.98
82.00
82.00
82.04
82.03
82.02
82.05
82.03
82.03
82.04
82.00
81.99
81.99
81.99
81.99
82.00
82.01
82.03
82.03
82.04
82.05
82.01
82.02
82.01
82.02
82.03
82.05
82.04
82.01
82.01
82.02
82.04
82.05
82.03
82.01
81.96
81.98
82.00
81.96
81.95
81.95
81.94
81.94
81.95
81.94
81.93
81.93
81.90
81.90
81.90
81.88
81.90
81.89
81.86
81.84
81.86
81.89
81.90
81.92
81.93
81.91
81.93
81.96
81.94
81.94
81.94
81.95
81.94
81.96
81.96
81.96
81.94
81.94
81.96
81.94
81.92
81.91
81.94
81.92
81.92
81.93
81.92
81.92
81.91
81.90
81.91
81.92
81.93
81.93
81.95
81.95
81.93
81.93
81.94
81.94
81.92
81.91
81.92
81.92
81.93
81.94
81.96
81.95
81.92
81.93
81.91
81.90
81.88
81.87
81.85
81.86
81.88
81.86
81.87
81.86
81.85
81.85
81.87
81.88
81.88
81.89
81.88
81.88
81.86
81.83
81.83
81.83
81.82
81.84
81.85
81.83
81.83
81.84
81.84
81.83
81.83
81.82
81.83
81.83
81.83
81.85
81.85
81.86
81.85
81.85
81.86
81.87
81.89
81.88
81.84
81.84
81.84
81.85
81.86
81.86
81.87
81.87
81.87
81.85
81.86
81.86
81.87
81.89
81.89
81.86
81.83
81.84
81.81
81.82
81.81
81.80
81.82
81.79
81.80
81.80
81.79
81.80
81.82
81.81
81.82
81.80
81.81
81.81
81.82
81.82
81.83
81.86
81.84
81.83
81.84
81.85
81.85
81.83
81.82
81.82
81.82
81.83
81.82
81.81
81.81
81.79
81.78
81.78
81.78
81.79
81.80
81.80
81.80
81.80
81.80
81.79
81.79
81.78
81.78
81.78
81.80
81.78
81.80
81.80
81.79
81.79
81.79
81.79
81.80
81.80
81.81
81.80
81.82
81.82
81.83
81.83
81.84
81.85
81.84
81.85
81.86
81.87
81.88
81.89
81.90
81.90
81.90
81.90
81.91
81.91
81.92
81.91
81.91
81.91
81.91
81.89
81.87
81.86
81.85
81.87
81.87
81.87
81.86
81.87
81.88
81.88
81.88
81.88
81.88
81.89
81.89
81.89
81.90
81.90
81.89
81.88
81.88
81.87
81.88
81.88
81.90
81.91
81.92
81.93
81.92
81.89
81.88
81.89
81.88
81.90
81.91
81.90
81.90
81.89
81.90
81.89
81.89
81.90
81.90
81.90
81.89
81.90
81.89
81.89
81.90
81.91
81.93
81.94
81.95
81.94
81.93
81.94
81.94
81.91
81.92
81.93
81.93
81.92
81.94
81.93
81.94
81.94
81.94
81.94
81.94
81.94
81.94
81.93
81.93
81.94
81.93
81.92
81.93
81.93
81.94
81.94
81.95
81.94
81.93
81.94
81.93
81.93
81.92
81.93
81.93
81.93
81.92
81.92
81.93
81.92
81.92
81.90
81.89
81.90
81.89
81.89
81.88
81.88
81.88
81.86
81.85
81.85
81.85
81.86
81.86
81.86
81.86
81.86
81.86
81.86
81.86
81.85
81.85
81.86
81.85
81.85
81.85
81.85
81.86
81.86
81.86
81.86
81.86
81.87
81.86
81.86
81.86
81.86
81.87
81.87
81.87
81.88
81.89
81.87
81.87
81.86
81.86
81.86
81.87
81.86
81.88
81.87
81.88
81.85
81.85
81.85
81.85
81.86
81.85
81.85
81.85
81.84
81.84
81.85
81.85
81.85
81.85
81.86
81.86
81.87
81.88
81.89
81.87
81.87
81.87
81.86
81.85
81.84
81.84
81.85
81.84
81.83
81.84
81.84
81.84
81.85
81.84
81.83
81.83
81.83
81.84
81.84
81.84
81.86
81.86
81.86
81.86
81.85
81.85
81.85
81.85
81.85
81.85
81.85
81.86
81.87
81.87
81.88
81.88
81.88
81.88
81.88
81.88
81.88
81.87
81.88
81.87
81.87
81.86
81.87
81.87
81.87
81.88
81.87
81.86
81.86
81.86
81.85
81.85
81.86
81.85
81.85
81.86
81.85
81.86
81.84
81.83
81.84
81.84
81.84
81.83
81.83
81.83
81.83
81.84
81.83
81.83
81.82
81.81
81.81
81.82
81.82
81.82
81.83
81.83
81.84
81.84
81.84
81.84
81.84
81.84
81.83
81.84
81.84
81.85
81.86
81.86
81.87
81.86
81.86
81.86
81.85
81.85
81.85
81.84
81.83
81.83
81.82
81.74
