82.81
87.50
85.94
83.98
83.75
83.07
83.48
82.62
83.51
83.28
83.66
83.20
82.93
83.04
82.81
82.81
82.81
83.07
82.81
82.66
82.51
82.53
82.13
81.90
81.88
81.55
81.71
81.86
82.17
82.40
82.36
82.28
82.48
82.54
82.59
82.73
82.73
82.57
82.53
82.54
82.51
82.59
82.63
82.60
82.74
82.68
82.68
82.65
82.84
82.78
82.72
82.63
82.69
82.67
82.50
82.51
82.57
82.60
82.68
82.71
82.74
82.74
82.79
82.79
82.79
82.69
82.72
82.86
82.77
82.72
82.68
82.70
82.68
82.66
82.58
82.57
82.59
82.53
82.54
82.50
82.58
82.60
82.70
82.79
82.74
82.74
82.63
82.60
82.50
82.41
82.33
82.34
82.41
82.48
82.53
82.42
82.41
82.43
82.45
82.45
82.43
82.40
82.37
82.36
82.37
82.36
82.32
82.19
82.18
82.14
82.15
82.14
82.16
82.20
82.21
82.22
82.18
82.23
82.18
82.21
82.22
82.29
82.30
82.30
82.32
82.32
82.32
82.32
82.29
82.32
82.34
82.32
82.32
82.33
82.35
82.40
82.33
82.29
82.30
82.30
82.31
82.30
82.32
82.32
82.27
82.26
82.22
82.24
82.25
82.26
82.31
82.34
82.29
82.28
82.34
82.31
82.29
82.28
82.31
82.33
82.30
82.33
82.31
82.32
82.30
82.30
82.33
82.33
82.30
82.31
82.31
82.23
82.22
82.26
82.25
82.24
82.17
82.20
82.21
82.20
82.19
82.16
82.12
82.12
82.14
82.15
82.13
82.15
82.13
82.14
82.15
82.14
82.15
82.12
82.10
82.10
82.07
82.05
82.04
82.05
82.08
82.04
82.03
82.03
82.01
82.02
82.04
82.05
82.06
82.05
82.07
82.07
82.12
82.10
82.11
82.10
82.09
82.14
82.13
82.07
82.06
82.02
82.00
82.02
82.04
82.06
82.06
82.05
82.06
82.09
82.09
82.08
82.06
82.04
81.98
81.96
81.94
81.89
81.88
81.88
81.89
81.88
81.89
81.89
81.89
81.85
81.85
81.84
81.83
81.83
81.85
81.83
81.84
81.84
81.86
81.83
81.83
81.84
81.84
81.84
81.84
81.87
81.85
81.85
81.87
81.85
81.85
81.83
81.85
81.85
81.85
81.84
81.83
81.83
81.81
81.84
81.84
81.82
81.84
81.85
81.83
81.87
81.87
81.89
81.90
81.91
81.90
81.91
81.89
81.91
81.92
81.92
81.91
81.91
81.91
81.94
81.92
81.93
81.93
81.91
81.90
81.93
81.95
81.99
81.96
81.98
81.96
81.95
81.97
81.97
81.97
81.94
81.92
81.94
81.94
81.94
81.91
81.92
81.92
81.90
81.89
81.88
81.88
81.90
81.90
81.93
81.92
81.91
81.91
81.91
81.91
81.90
81.89
81.87
81.85
81.85
81.87
81.87
81.86
81.86
81.84
81.82
81.80
81.80
81.80
81.81
81.82
81.83
81.84
81.83
81.86
81.86
81.88
81.91
81.90
81.87
81.88
81.86
81.85
81.83
81.83
81.85
81.85
81.86
81.87
81.89
81.89
81.91
81.91
81.91
81.92
81.92
81.93
81.90
81.90
81.87
81.86
81.87
81.88
81.88
81.88
81.88
81.87
81.88
81.88
81.90
81.89
81.89
81.87
81.88
81.86
81.87
81.88
81.87
81.88
81.89
81.87
81.87
81.87
81.84
81.83
81.85
81.85
81.86
81.87
81.86
81.86
81.87
81.86
81.86
81.87
81.88
81.86
81.87
81.88
81.85
81.84
81.85
81.85
81.85
81.84
81.84
81.83
81.82
81.85
81.83
81.83
81.84
81.83
81.84
81.85
81.87
81.86
81.87
81.86
81.84
81.85
81.85
81.85
81.85
81.85
81.85
81.86
81.86
81.85
81.84
81.84
81.81
81.81
81.82
81.81
81.82
81.83
81.82
81.83
81.84
81.81
81.81
81.80
81.81
81.82
81.82
81.82
81.84
81.82
81.82
81.81
81.81
81.82
81.82
81.84
81.85
81.86
81.85
81.86
81.88
81.88
81.89
81.89
81.88
81.88
81.89
81.89
81.89
81.88
81.87
81.89
81.87
81.87
81.85
81.85
81.84
81.83
81.84
81.85
81.86
81.86
81.86
81.85
81.85
81.86
81.87
81.87
81.87
81.86
81.88
81.88
81.88
81.86
81.85
81.85
81.85
81.85
81.84
81.85
81.85
81.87
81.87
81.88
81.87
81.86
81.86
81.86
81.87
81.87
81.87
81.88
81.87
81.87
81.86
81.86
81.86
81.88
81.87
81.87
81.87
81.88
81.88
81.88
81.88
81.87
81.88
81.88
81.87
81.88
81.88
81.88
81.89
81.86
81.89
81.88
81.87
81.85
81.85
81.84
81.87
81.86
81.87
81.89
81.89
81.89
81.91
81.89
81.90
81.90
81.90
81.92
81.92
81.91
81.92
81.92
81.92
81.93
81.93
81.93
81.93
81.92
81.93
81.94
81.92
81.91
81.91
81.90
81.91
81.90
81.91
81.92
81.91
81.91
81.90
81.90
81.92
81.91
81.91
81.91
81.91
81.90
81.90
81.90
81.90
81.90
81.91
81.92
81.93
81.92
81.93
81.91
81.91
81.91
81.90
81.90
81.89
81.89
81.90
81.89
81.89
81.90
81.90
81.90
81.91
81.91
81.91
81.91
81.91
81.92
81.91
81.90
81.91
81.91
81.91
81.90
81.90
81.89
81.90
81.90
81.90
81.91
81.90
81.91
81.90
81.90
81.90
81.90
81.89
81.90
81.89
81.89
81.89
81.90
81.90
81.91
81.91
81.91
81.91
81.92
81.92
81.93
81.92
81.93
81.92
81.91
81.92
81.92
81.92
81.92
81.92
81.92
81.93
81.93
81.93
81.93
81.93
81.93
81.94
81.93
81.93
81.94
81.94
81.94
81.93
81.93
81.93
81.94
81.94
81.94
81.94
81.94
81.94
81.94
81.94
81.93
81.93
81.92
81.92
81.92
81.91
81.92
81.92
81.93
81.93
81.93
81.93
81.94
81.94
81.95
81.94
81.93
81.93
81.93
81.93
81.93
81.92
81.92
81.93
81.93
81.94
81.95
81.95
81.96
81.96
81.96
81.95
81.96
81.96
81.95
81.94
81.94
81.95
81.95
81.95
81.94
81.95
81.94
81.95
81.95
81.95
81.95
81.95
81.95
81.96
81.96
81.95
81.95
81.95
81.94
81.95
81.94
81.94
81.95
81.94
81.93
81.93
81.93
81.93
81.92
81.92
81.92
81.93
81.92
81.92
81.93
81.94
81.94
81.94
81.94
81.94
81.93
81.93
81.94
81.93
81.93
81.94
81.94
81.93
81.94
81.93
81.92
81.92
81.92
81.93
81.94
81.87
