81.25
78.91
76.04
77.34
78.12
78.12
78.57
78.71
79.86
80.16
80.26
79.95
80.05
80.58
80.42
80.47
80.51
80.64
80.67
81.17
81.10
80.89
81.05
81.12
81.25
80.95
80.61
80.69
80.71
80.94
80.39
80.37
80.68
80.65
80.62
80.64
80.53
80.39
80.41
80.31
80.41
80.58
80.45
80.43
80.35
80.37
80.32
80.44
80.17
80.16
80.06
79.93
79.83
79.72
79.66
79.66
79.66
79.69
79.69
79.58
79.43
79.39
79.34
79.30
79.16
79.14
79.20
79.14
79.14
79.06
79.23
79.34
79.39
79.48
79.52
79.50
79.46
79.45
79.39
79.34
79.28
79.38
79.42
79.46
79.47
79.54
79.49
79.47
79.51
79.55
79.53
79.57
79.62
79.64
79.67
79.72
79.75
79.77
79.70
79.66
79.70
79.66
79.67
79.73
79.78
79.81
79.79
79.76
79.69
79.66
79.70
79.67
79.67
79.71
79.67
79.69
79.77
79.70
79.70
79.64
79.64
79.62
79.59
79.54
79.51
79.43
79.49
79.52
79.55
79.58
79.57
79.57
79.56
79.54
79.54
79.53
79.56
79.59
79.49
79.52
79.52
79.52
79.47
79.52
79.56
79.57
79.56
79.51
79.51
79.49
79.46
79.50
79.53
79.53
79.53
79.54
79.60
79.63
79.64
79.63
79.63
79.64
79.65
79.58
79.58
79.56
79.56
79.55
79.53
79.58
79.59
79.59
79.55
79.55
79.55
79.54
79.56
79.57
79.57
79.57
79.59
79.62
79.66
79.70
79.70
79.70
79.68
79.67
79.65
79.65
79.66
79.62
79.66
79.67
79.65
79.66
79.68
79.67
79.70
79.70
79.73
79.73
79.72
79.75
79.72
79.68
79.70
79.68
79.69
79.72
79.75
79.75
79.75
79.80
79.81
79.83
79.84
79.85
79.82
79.84
79.84
79.88
79.88
79.87
79.88
79.85
79.85
79.83
79.84
79.84
79.86
79.84
79.84
79.85
79.86
79.89
79.90
79.92
79.95
79.97
79.98
79.99
79.98
79.94
79.96
79.92
79.95
79.96
79.99
79.96
80.00
80.03
80.05
80.03
80.01
80.00
80.00
80.03
80.04
80.02
80.03
80.02
80.00
79.98
79.95
79.95
79.96
79.97
79.95
79.97
79.96
79.97
79.98
80.00
79.97
79.96
79.96
79.96
79.95
79.96
79.92
79.93
79.93
79.92
79.93
79.92
79.89
79.92
79.90
79.90
79.92
79.91
79.93
79.94
79.93
79.93
79.91
79.89
79.87
79.87
79.85
79.82
79.80
79.80
79.78
79.76
79.76
79.75
79.76
79.73
79.74
79.72
79.73
79.74
79.74
79.74
79.73
79.73
79.72
79.73
79.74
79.76
79.76
79.77
79.76
79.76
79.80
79.78
79.80
79.82
79.86
79.87
79.84
79.83
79.82
79.83
79.84
79.84
79.86
79.87
79.88
79.89
79.87
79.86
79.89
79.90
79.89
79.89
79.89
79.91
79.89
79.87
79.87
79.88
79.88
79.90
79.90
79.91
79.91
79.92
79.91
79.92
79.91
79.90
79.90
79.91
79.90
79.89
79.91
79.91
79.91
79.92
79.93
79.92
79.92
79.92
79.91
79.91
79.92
79.92
79.90
79.90
79.89
79.90
79.90
79.91
79.91
79.90
79.88
79.88
79.89
79.88
79.87
79.88
79.89
79.89
79.88
79.89
79.88
79.88
79.89
79.91
79.90
79.93
79.90
79.91
79.93
79.94
79.94
79.94
79.96
79.95
79.96
79.96
79.96
79.96
79.96
79.95
79.96
79.97
79.97
79.99
79.99
79.97
79.99
79.96
79.95
79.93
79.94
79.94
79.95
79.93
79.94
79.95
79.95
79.95
79.96
79.96
79.98
79.99
80.00
80.02
80.02
80.02
80.03
80.04
80.05
80.06
80.06
80.06
80.05
80.05
80.06
80.06
80.03
80.02
80.03
80.02
80.03
80.03
80.03
80.03
80.03
80.03
80.03
80.01
80.02
80.03
80.03
80.01
80.00
80.00
79.99
79.99
79.99
80.00
79.98
79.99
79.99
79.99
80.00
80.02
80.01
80.00
80.00
80.00
79.99
79.99
79.98
79.97
79.97
79.96
79.97
79.97
79.96
79.97
79.97
79.98
79.96
79.96
79.96
79.96
79.97
79.98
80.00
79.99
79.99
79.99
80.00
79.99
79.99
80.00
79.98
79.99
79.96
79.96
79.96
79.96
79.96
79.96
79.95
79.94
79.94
79.96
79.96
79.95
79.96
79.99
79.98
79.98
79.98
79.97
79.97
79.97
79.97
79.96
79.97
79.95
79.95
79.96
79.96
79.96
79.97
79.96
79.95
79.95
79.94
79.94
79.92
79.93
79.92
79.93
79.91
79.92
79.92
79.92
79.93
79.94
79.93
79.93
79.94
79.92
79.93
79.93
79.93
79.92
79.92
79.92
79.92
79.91
79.91
79.92
79.93
79.94
79.95
79.96
79.94
79.95
79.95
79.95
79.96
79.97
79.98
79.97
79.98
79.95
79.96
79.96
79.96
79.97
79.97
79.96
79.96
79.96
79.98
79.98
79.98
79.98
79.97
79.97
79.97
79.97
79.96
79.97
79.97
79.97
79.96
79.97
79.97
79.98
79.99
79.99
79.99
80.00
79.98
79.97
79.96
79.97
79.98
80.00
80.00
80.00
80.00
80.02
80.01
80.01
80.01
80.01
80.01
80.02
80.03
80.02
80.02
80.02
80.02
80.02
80.01
80.01
80.01
80.02
80.02
80.03
80.02
80.02
80.02
80.03
80.03
80.02
80.00
79.99
80.00
80.00
79.99
79.99
79.99
79.99
80.00
79.99
79.99
79.97
79.97
79.97
79.97
79.98
79.97
79.97
79.97
79.96
79.95
79.95
79.96
79.95
79.94
79.94
79.93
79.93
79.92
79.91
79.91
79.91
79.91
79.91
79.91
79.92
79.91
79.91
79.91
79.90
79.90
79.90
79.91
79.91
79.92
79.91
79.91
79.91
79.90
79.90
79.91
79.91
79.92
79.92
79.93
79.93
79.93
79.94
79.94
79.93
79.93
79.93
79.93
79.92
79.91
79.91
79.91
79.92
79.92
79.91
79.92
79.91
79.92
79.93
79.93
79.94
79.93
79.92
79.91
79.92
79.93
79.93
79.92
79.92
79.92
79.93
79.93
79.93
79.93
79.92
79.92
79.92
79.91
79.92
79.92
79.92
79.93
79.93
79.94
79.92
79.92
79.92
79.92
79.92
79.93
79.93
79.93
79.93
79.94
79.93
79.93
79.93
79.93
79.93
79.93
79.93
79.93
79.92
79.92
79.91
79.90
79.88
79.88
79.89
79.89
79.88
79.89
79.89
79.89
79.90
79.90
79.89
79.89
79.81
