6.25
4.69
4.17
4.30
5.31
4.69
4.24
4.49
4.34
4.22
4.12
4.04
3.97
4.13
3.85
3.91
3.86
3.82
3.78
3.75
3.87
3.91
4.14
4.23
4.19
4.21
4.28
4.30
4.31
4.27
4.39
4.30
4.21
4.23
4.20
4.34
4.39
4.36
4.33
4.30
4.23
4.39
4.40
4.40
4.44
4.42
4.32
4.26
4.18
4.19
4.20
4.15
4.22
4.20
4.18
4.16
4.14
4.09
4.05
4.04
3.97
4.03
4.02
4.10
4.16
4.14
4.20
4.20
4.26
4.31
4.27
4.32
4.32
4.31
4.29
4.32
4.32
4.39
4.33
4.38
4.42
4.46
4.48
4.46
4.50
4.49
4.47
4.49
4.44
4.51
4.52
4.50
4.50
4.47
4.47
4.49
4.46
4.46
4.47
4.47
4.49
4.47
4.51
4.54
4.54
4.57
4.54
4.54
4.57
4.57
4.56
4.52
4.55
4.56
4.55
4.54
4.53
4.53
4.57
4.56
4.58
4.57
4.55
4.52
4.51
4.50
4.50
4.49
4.48
4.51
4.51
4.50
4.49
4.49
4.48
4.48
4.46
4.45
4.46
4.45
4.47
4.47
4.45
4.45
4.43
4.43
4.43
4.47
4.48
4.46
4.46
4.45
4.44
4.44
4.43
4.41
4.41
4.41
4.40
4.40
4.38
4.38
4.40
4.41
4.40
4.40
4.41
4.43
4.44
4.46
4.46
4.48
4.48
4.48
4.46
4.45
4.45
4.44
4.43
4.44
4.45
4.42
4.42
4.42
4.43
4.41
4.40
4.42
4.41
4.42
4.42
4.40
4.39
4.38
4.40
4.38
4.38
4.40
4.39
4.38
4.38
4.38
4.37
4.38
4.38
4.38
4.37
4.37
4.37
4.38
4.38
4.39
4.37
4.37
4.38
4.38
4.37
4.38
4.37
4.38
4.40
4.38
4.40
4.39
4.39
4.38
4.37
4.38
4.37
4.38
4.37
4.36
4.36
4.34
4.34
4.33
4.34
4.34
4.33
4.32
4.32
4.33
4.33
4.34
4.32
4.31
4.31
4.32
4.32
4.31
4.33
4.32
4.31
4.30
4.31
4.30
4.31
4.30
4.30
4.31
4.30
4.31
4.33
4.33
4.35
4.35
4.35
4.35
4.36
4.38
4.38
4.38
4.39
4.39
4.39
4.40
4.39
4.38
4.37
4.39
4.38
4.38
4.37
4.36
4.35
4.34
4.35
4.35
4.35
4.35
4.37
4.37
4.38
4.40
4.40
4.39
4.38
4.37
4.39
4.40
4.39
4.39
4.39
4.39
4.39
4.38
4.38
4.38
4.38
4.37
4.39
4.39
4.39
4.40
4.42
4.42
4.42
4.44
4.43
4.42
4.41
4.41
4.41
4.40
4.39
4.40
4.39
4.38
4.37
4.37
4.37
4.37
4.37
4.36
4.37
4.36
4.36
4.35
4.35
4.35
4.34
4.35
4.35
4.34
4.34
4.34
4.33
4.33
4.33
4.33
4.32
4.34
4.33
4.34
4.34
4.35
4.35
4.35
4.36
4.35
4.35
4.36
4.36
4.36
4.36
4.35
4.35
4.35
4.36
4.36
4.35
4.35
4.36
4.36
4.36
4.37
4.37
4.36
4.37
4.37
4.36
4.38
4.38
4.38
4.37
4.38
4.38
4.40
4.39
4.39
4.38
4.38
4.37
4.37
4.37
4.37
4.36
4.37
4.37
4.36
4.37
4.37
4.37
4.37
4.37
4.37
4.37
4.37
4.37
4.38
4.38
4.38
4.38
4.39
4.40
4.39
4.40
4.40
4.39
4.39
4.39
4.39
4.40
4.40
4.39
4.38
4.37
4.37
4.36
4.37
4.38
4.37
4.37
4.36
4.36
4.36
4.37
4.37
4.36
4.36
4.36
4.36
4.35
4.34
4.34
4.33
4.33
4.33
4.34
4.35
4.37
4.37
4.37
4.36
4.37
4.37
4.36
4.36
4.36
4.36
4.36
4.36
4.36
4.36
4.36
4.36
4.36
4.35
4.36
4.36
4.36
4.35
4.36
4.37
4.37
4.36
4.37
4.37
4.37
4.36
4.36
4.35
4.35
4.36
4.35
4.35
4.35
4.34
4.34
4.34
4.33
4.33
4.33
4.33
4.33
4.33
4.34
4.35
4.35
4.35
4.35
4.35
4.34
4.34
4.35
4.35
4.35
4.35
4.35
4.35
4.35
4.35
4.35
4.35
4.36
4.36
4.36
4.37
4.37
4.38
4.38
4.39
4.38
4.38
4.38
4.38
4.38
4.38
4.37
4.37
4.37
4.36
4.37
4.37
4.37
4.36
4.37
4.37
4.37
4.38
4.39
4.38
4.40
4.39
4.39
4.39
4.40
4.41
4.41
4.41
4.40
4.40
4.40
4.40
4.40
4.39
4.39
4.39
4.40
4.40
4.40
4.42
4.42
4.43
4.42
4.42
4.42
4.42
4.42
4.43
4.43
4.43
4.43
4.43
4.43
4.42
4.42
4.43
4.42
4.42
4.43
4.42
4.42
4.42
4.42
4.42
4.43
4.42
4.42
4.41
4.40
4.40
4.39
4.40
4.39
4.39
4.39
4.40
4.40
4.40
4.41
4.41
4.41
4.40
4.40
4.40
4.39
4.39
4.39
4.40
4.39
4.38
4.39
4.39
4.39
4.40
4.40
4.39
4.40
4.39
4.39
4.40
4.39
4.39
4.39
4.39
4.39
4.38
4.39
4.39
4.40
4.40
4.40
4.40
4.39
4.39
4.39
4.39
4.38
4.39
4.39
4.40
4.39
4.39
4.39
4.39
4.38
4.38
4.38
4.38
4.37
4.37
4.37
4.37
4.37
4.37
4.37
4.36
4.37
4.36
4.35
4.36
4.36
4.35
4.35
4.35
4.35
4.35
4.35
4.35
4.35
4.35
4.35
4.35
4.35
4.35
4.35
4.35
4.35
4.35
4.35
4.35
4.35
4.35
4.35
4.35
4.35
4.35
4.35
4.35
4.35
4.35
4.35
4.35
4.36
4.36
4.36
4.36
4.36
4.36
4.35
4.35
4.35
4.35
4.35
4.36
4.36
4.36
4.35
4.36
4.36
4.36
4.36
4.35
4.36
4.35
4.36
4.35
4.35
4.36
4.36
4.36
4.35
4.35
4.35
4.35
4.35
4.35
4.35
4.35
4.35
4.35
4.35
4.35
4.35
4.36
4.36
4.36
4.37
4.37
4.36
4.36
4.36
4.37
4.37
4.37
4.37
4.37
4.37
4.37
4.37
4.37
4.37
4.37
4.37
4.37
4.36
4.37
4.37
4.37
4.37
4.37
4.37
4.37
4.37
4.37
4.37
4.37
4.37
4.37
4.37
4.37
4.37
4.37
4.37
4.37
4.37
4.37
4.37
4.36
4.37
4.36
