78.12
81.25
81.25
81.64
80.94
81.51
82.59
81.64
81.42
81.72
81.96
81.64
81.73
82.14
82.50
82.81
82.81
83.33
83.14
82.97
82.81
83.10
83.08
83.27
83.12
82.81
82.47
82.20
82.17
82.40
82.56
82.32
82.39
82.63
82.46
82.34
82.22
82.32
82.37
82.46
82.32
82.37
82.34
82.39
82.40
82.30
82.28
82.19
82.14
82.16
81.95
81.88
81.78
81.77
81.79
81.95
82.07
82.22
82.07
82.08
82.10
82.06
82.02
82.01
82.02
82.05
82.09
82.17
82.04
82.10
82.11
82.12
82.13
82.03
82.02
81.99
82.04
82.01
81.92
81.86
81.91
81.94
81.89
81.90
81.88
81.87
81.86
81.78
81.72
81.77
81.77
81.90
81.84
81.85
81.79
81.84
81.81
81.71
81.71
81.70
81.62
81.65
81.64
81.64
81.67
81.71
81.75
81.76
81.71
81.65
81.69
81.67
81.72
81.69
81.67
81.71
81.70
81.74
81.74
81.76
81.73
81.76
81.69
81.75
81.75
81.76
81.80
81.80
81.71
81.75
81.73
81.81
81.84
81.80
81.78
81.84
81.85
81.84
81.83
81.89
81.87
81.89
81.93
81.90
81.89
81.89
81.92
81.90
81.87
81.88
81.88
81.91
81.90
81.91
81.85
81.76
81.80
81.76
81.82
81.84
81.81
81.79
81.78
81.79
81.82
81.82
81.81
81.83
81.80
81.83
81.83
81.84
81.84
81.85
81.85
81.86
81.94
81.90
81.90
81.92
81.96
81.91
81.90
81.90
81.87
81.85
81.85
81.83
81.83
81.83
81.82
81.85
81.84
81.85
81.83
81.78
81.81
81.78
81.83
81.84
81.79
81.76
81.80
81.81
81.81
81.83
81.79
81.70
81.71
81.73
81.71
81.69
81.66
81.65
81.66
81.64
81.65
81.68
81.71
81.68
81.67
81.69
81.67
81.68
81.67
81.71
81.70
81.70
81.71
81.77
81.78
81.78
81.78
81.78
81.79
81.79
81.80
81.80
81.81
81.85
81.82
81.85
81.87
81.85
81.88
81.87
81.86
81.86
81.83
81.84
81.82
81.82
81.81
81.83
81.81
81.81
81.80
81.84
81.84
81.86
81.84
81.85
81.87
81.88
81.89
81.88
81.86
81.89
81.88
81.88
81.88
81.90
81.93
81.93
81.91
81.88
81.91
81.92
81.88
81.85
81.87
81.89
81.91
81.88
81.89
81.88
81.89
81.90
81.92
81.90
81.93
81.93
81.94
81.94
81.93
81.93
81.93
81.93
81.93
81.94
81.92
81.94
81.96
81.93
81.94
81.93
81.94
81.91
81.90
81.91
81.92
81.88
81.88
81.87
81.87
81.85
81.86
81.85
81.86
81.86
81.86
81.84
81.83
81.82
81.83
81.83
81.84
81.81
81.82
81.81
81.83
81.80
81.81
81.80
81.80
81.80
81.81
81.81
81.83
81.80
81.82
81.83
81.83
81.83
81.83
81.84
81.84
81.87
81.87
81.85
81.86
81.84
81.85
81.83
81.84
81.84
81.86
81.87
81.87
81.86
81.86
81.86
81.86
81.86
81.87
81.84
81.84
81.84
81.85
81.85
81.83
81.84
81.82
81.83
81.84
81.83
81.83
81.85
81.86
81.86
81.85
81.86
81.84
81.84
81.83
81.83
81.84
81.86
81.87
81.89
81.89
81.89
81.92
81.92
81.89
81.89
81.88
81.89
81.89
81.90
81.89
81.89
81.89
81.88
81.87
81.90
81.89
81.89
81.88
81.88
81.88
81.88
81.87
81.87
81.88
81.87
81.86
81.85
81.84
81.83
81.84
81.83
81.85
81.86
81.87
81.89
81.88
81.86
81.87
81.88
81.86
81.84
81.86
81.86
81.86
81.85
81.85
81.84
81.84
81.85
81.86
81.86
81.85
81.85
81.85
81.85
81.86
81.86
81.85
81.86
81.86
81.88
81.87
81.87
81.85
81.88
81.89
81.90
81.90
81.91
81.89
81.89
81.89
81.89
81.91
81.91
81.92
81.93
81.95
81.95
81.95
81.94
81.94
81.94
81.93
81.92
81.93
81.93
81.93
81.94
81.95
81.95
81.96
81.96
81.96
81.93
81.94
81.93
81.92
81.92
81.95
81.95
81.96
81.95
81.95
81.94
81.94
81.93
81.93
81.92
81.93
81.92
81.92
81.92
81.92
81.92
81.92
81.91
81.91
81.89
81.89
81.91
81.91
81.90
81.90
81.90
81.90
81.92
81.92
81.94
81.94
81.94
81.95
81.94
81.94
81.95
81.95
81.95
81.94
81.93
81.93
81.93
81.92
81.92
81.92
81.91
81.91
81.92
81.93
81.94
81.94
81.94
81.94
81.93
81.94
81.95
81.95
81.95
81.94
81.94
81.93
81.92
81.92
81.94
81.93
81.94
81.93
81.94
81.95
81.93
81.94
81.94
81.94
81.93
81.93
81.92
81.92
81.92
81.93
81.93
81.93
81.93
81.93
81.91
81.90
81.90
81.89
81.89
81.89
81.90
81.90
81.91
81.91
81.90
81.90
81.91
81.93
81.94
81.92
81.91
81.91
81.92
81.92
81.91
81.90
81.90
81.90
81.90
81.92
81.92
81.92
81.92
81.92
81.91
81.91
81.91
81.92
81.93
81.92
81.93
81.93
81.94
81.95
81.95
81.95
81.94
81.96
81.96
81.96
81.96
81.97
81.97
81.98
81.99
81.99
81.99
81.98
81.99
81.99
81.98
81.97
81.98
81.98
81.98
81.98
81.98
81.98
81.98
81.99
81.98
81.98
81.98
81.98
81.99
82.00
82.00
82.01
82.00
81.99
81.99
81.98
81.98
81.98
81.98
81.98
81.99
81.98
81.99
81.99
82.00
82.00
81.98
81.97
81.98
81.98
82.00
81.99
81.99
81.99
81.98
81.97
81.97
81.97
81.96
81.95
81.97
81.95
81.96
81.97
81.97
81.97
81.96
81.97
81.96
81.95
81.95
81.94
81.94
81.95
81.94
81.94
81.95
81.94
81.94
81.94
81.95
81.94
81.93
81.93
81.93
81.93
81.93
81.92
81.92
81.91
81.92
81.92
81.92
81.92
81.92
81.91
81.90
81.89
81.90
81.91
81.92
81.92
81.92
81.93
81.92
81.93
81.93
81.93
81.93
81.93
81.93
81.92
81.92
81.93
81.92
81.91
81.92
81.92
81.92
81.93
81.92
81.92
81.92
81.92
81.92
81.91
81.91
81.91
81.93
81.92
81.91
81.92
81.92
81.93
81.92
81.92
81.93
81.93
81.94
81.95
81.95
81.94
81.95
81.96
81.96
81.96
81.96
81.96
81.97
81.96
81.97
81.97
81.97
81.97
81.97
81.97
81.97
81.96
81.96
81.95
81.95
81.95
81.95
81.94
81.95
81.95
81.88
