34.38
38.28
36.46
38.67
38.12
38.02
38.84
38.28
39.06
39.06
39.20
38.54
38.94
38.95
38.85
38.38
38.79
38.45
38.73
38.83
38.84
39.28
38.45
38.35
38.50
38.04
37.79
38.11
38.09
38.44
38.21
38.13
38.26
38.42
38.26
38.45
38.72
38.73
38.82
38.91
38.72
38.65
38.70
38.67
38.47
38.45
38.50
38.51
38.46
38.22
38.14
38.31
38.24
38.34
38.32
38.06
37.99
37.88
38.06
37.97
37.91
37.95
37.82
37.84
37.88
37.88
37.90
37.94
38.04
38.06
38.14
38.06
38.10
38.20
38.19
38.10
38.03
38.02
38.07
38.01
37.98
38.01
37.82
37.70
37.67
37.81
37.84
37.86
37.92
38.02
37.98
37.99
38.05
38.08
37.99
38.04
38.06
38.07
38.05
38.11
38.03
38.04
38.03
38.13
38.04
38.07
38.03
37.98
37.87
37.90
37.85
37.85
37.82
37.71
37.77
37.77
37.77
37.78
37.75
37.76
37.75
37.78
37.74
37.78
37.75
37.71
37.68
37.72
37.69
37.74
37.76
37.75
37.76
37.83
37.88
37.90
37.90
37.90
37.89
37.92
37.99
38.00
38.01
38.00
38.00
38.02
38.01
38.04
38.01
37.98
37.94
38.03
38.02
38.04
38.00
37.97
37.92
37.92
37.88
37.93
37.93
37.89
37.85
37.88
37.92
37.87
37.85
37.83
37.86
37.82
37.81
37.80
37.82
37.86
37.82
37.78
37.76
37.76
37.84
37.91
37.96
37.95
37.95
37.95
38.03
38.02
37.98
37.96
38.00
37.94
38.02
38.10
38.12
38.13
38.07
38.08
38.06
38.12
38.11
38.07
38.08
38.09
38.09
38.11
38.09
38.08
38.07
38.05
38.03
37.97
37.98
37.96
37.95
37.94
37.97
37.96
37.95
37.95
37.93
37.90
37.91
37.93
37.96
37.90
37.88
37.91
37.93
37.93
37.95
37.90
37.89
37.89
37.92
37.86
37.83
37.86
37.86
37.87
37.92
37.92
37.92
37.96
37.94
37.92
37.89
37.85
37.89
37.87
37.85
37.86
37.86
37.85
37.83
37.84
37.86
37.87
37.85
37.85
37.85
37.87
37.84
37.82
37.80
37.79
37.75
37.76
37.75
37.74
37.77
37.74
37.76
37.82
37.83
37.84
37.86
37.81
37.75
37.75
37.74
37.74
37.72
37.71
37.74
37.76
37.79
37.79
37.79
37.83
37.84
37.83
37.82
37.81
37.82
37.79
37.76
37.75
37.78
37.73
37.74
37.73
37.72
37.70
37.69
37.71
37.70
37.68
37.68
37.64
37.60
37.60
37.58
37.58
37.60
37.58
37.58
37.62
37.62
37.60
37.60
37.62
37.62
37.64
37.63
37.63
37.59
37.59
37.62
37.61
37.58
37.60
37.61
37.63
37.60
37.57
37.59
37.60
37.60
37.60
37.62
37.64
37.62
37.61
37.60
37.61
37.61
37.61
37.63
37.63
37.62
37.63
37.62
37.61
37.61
37.61
37.61
37.62
37.62
37.64
37.63
37.62
37.61
37.59
37.60
37.61
37.65
37.65
37.62
37.63
37.64
37.63
37.63
37.61
37.63
37.62
37.64
37.63
37.62
37.62
37.60
37.59
37.58
37.57
37.60
37.60
37.60
37.59
37.56
37.58
37.59
37.59
37.61
37.62
37.60
37.62
37.61
37.59
37.57
37.56
37.55
37.56
37.55
37.55
37.56
37.57
37.58
37.59
37.60
37.60
37.59
37.58
37.58
37.59
37.61
37.61
37.62
37.64
37.61
37.60
37.59
37.60
37.62
37.61
37.62
37.60
37.62
37.62
37.62
37.65
37.63
37.64
37.64
37.62
37.61
37.60
37.61
37.61
37.63
37.61
37.62
37.62
37.62
37.64
37.66
37.68
37.67
37.67
37.67
37.68
37.67
37.68
37.67
37.68
37.68
37.69
37.70
37.71
37.72
37.73
37.71
37.73
37.71
37.72
37.74
37.74
37.73
37.73
37.71
37.71
37.70
37.70
37.70
37.71
37.72
37.72
37.73
37.72
37.72
37.73
37.74
37.72
37.74
37.73
37.72
37.72
37.72
37.74
37.74
37.75
37.74
37.74
37.75
37.76
37.77
37.77
37.78
37.79
37.79
37.79
37.79
37.79
37.80
37.79
37.79
37.81
37.81
37.81
37.81
37.82
37.83
37.83
37.83
37.83
37.83
37.81
37.82
37.82
37.81
37.82
37.82
37.81
37.82
37.82
37.82
37.80
37.80
37.80
37.82
37.82
37.83
37.84
37.84
37.85
37.85
37.84
37.83
37.83
37.84
37.85
37.87
37.87
37.89
37.92
37.91
37.91
37.91
37.89
37.90
37.89
37.87
37.86
37.85
37.86
37.85
37.85
37.85
37.87
37.88
37.86
37.85
37.83
37.85
37.86
37.87
37.87
37.86
37.84
37.83
37.84
37.84
37.82
37.83
37.83
37.81
37.80
37.81
37.80
37.80
37.80
37.79
37.80
37.77
37.78
37.79
37.81
37.81
37.82
37.81
37.79
37.80
37.80
37.78
37.77
37.77
37.77
37.78
37.76
37.76
37.78
37.78
37.79
37.80
37.79
37.80
37.80
37.80
37.80
37.79
37.78
37.79
37.78
37.78
37.78
37.76
37.76
37.76
37.75
37.75
37.74
37.74
37.75
37.75
37.73
37.74
37.75
37.75
37.74
37.73
37.74
37.73
37.72
37.71
37.70
37.70
37.69
37.69
37.68
37.68
37.69
37.68
37.68
37.69
37.71
37.70
37.69
37.69
37.70
37.68
37.69
37.70
37.70
37.69
37.71
37.69
37.70
37.70
37.69
37.66
37.66
37.64
37.64
37.62
37.63
37.62
37.61
37.62
37.62
37.63
37.64
37.63
37.64
37.64
37.64
37.66
37.66
37.66
37.65
37.64
37.64
37.66
37.67
37.67
37.66
37.66
37.66
37.66
37.64
37.63
37.62
37.62
37.63
37.64
37.66
37.67
37.68
37.68
37.70
37.70
37.69
37.70
37.70
37.72
37.72
37.72
37.72
37.72
37.72
37.71
37.71
37.71
37.72
37.73
37.73
37.72
37.73
37.73
37.72
37.72
37.72
37.71
37.70
37.71
37.71
37.70
37.69
37.68
37.69
37.70
37.70
37.69
37.70
37.71
37.70
37.70
37.70
37.71
37.71
37.70
37.69
37.69
37.70
37.69
37.69
37.70
37.70
37.68
37.69
37.68
37.67
37.67
37.67
37.66
37.65
37.64
37.65
37.63
37.63
37.63
37.62
37.63
37.61
37.60
37.59
37.58
37.58
37.58
37.59
37.59
37.58
37.58
37.57
37.59
37.58
37.57
37.57
37.57
37.55
37.55
37.56
37.57
37.59
37.59
37.56
