78.12
75.78
76.56
78.12
78.44
79.95
79.46
80.86
81.60
81.25
81.82
80.86
80.53
81.14
81.35
81.84
81.80
81.86
81.99
81.88
82.22
82.10
82.07
82.23
82.25
82.03
81.71
81.70
82.06
81.93
81.85
82.03
82.01
82.03
82.10
82.03
81.80
81.99
82.21
82.15
82.05
82.22
82.34
82.53
82.71
82.64
82.65
82.58
82.62
82.53
82.57
82.69
82.75
82.75
82.76
82.73
82.65
82.60
82.63
82.58
82.51
82.41
82.29
82.30
82.31
82.15
82.21
82.15
82.16
82.17
82.13
82.14
82.13
82.16
82.06
82.13
82.04
82.09
82.14
82.17
82.18
82.22
82.25
82.25
82.28
82.29
82.35
82.24
82.30
82.29
82.30
82.39
82.34
82.28
82.25
82.24
82.25
82.24
82.21
82.23
82.27
82.26
82.25
82.18
82.23
82.22
82.23
82.25
82.33
82.39
82.45
82.42
82.45
82.40
82.43
82.37
82.44
82.44
82.39
82.40
82.37
82.39
82.39
82.36
82.36
82.38
82.41
82.40
82.40
82.39
82.40
82.41
82.39
82.39
82.40
82.38
82.42
82.43
82.35
82.31
82.34
82.33
82.26
82.19
82.18
82.22
82.26
82.20
82.11
82.06
82.08
82.05
82.03
81.99
82.01
82.01
82.01
81.95
81.91
81.88
81.91
81.95
82.00
82.04
82.03
82.04
82.06
82.04
82.03
81.99
81.95
81.96
81.94
81.90
81.93
81.96
81.96
81.99
81.95
81.94
81.95
81.95
81.97
81.98
81.97
81.98
81.98
81.94
81.94
81.97
81.99
81.98
81.98
82.00
82.04
81.99
82.00
82.01
81.98
81.94
81.93
81.97
81.97
81.98
81.95
81.92
81.96
81.96
81.96
81.96
82.02
82.04
81.99
82.01
81.95
81.93
81.93
81.95
81.98
81.95
81.97
81.97
81.97
81.95
81.94
81.93
81.95
81.86
81.84
81.83
81.76
81.78
81.77
81.77
81.78
81.78
81.80
81.77
81.76
81.75
81.75
81.77
81.76
81.78
81.79
81.80
81.81
81.75
81.78
81.82
81.82
81.82
81.79
81.80
81.80
81.80
81.78
81.77
81.78
81.80
81.79
81.78
81.78
81.80
81.82
81.81
81.79
81.80
81.77
81.78
81.78
81.80
81.78
81.78
81.78
81.78
81.79
81.78
81.79
81.80
81.78
81.79
81.81
81.78
81.79
81.79
81.77
81.78
81.77
81.80
81.79
81.81
81.82
81.81
81.84
81.84
81.84
81.85
81.87
81.89
81.91
81.90
81.89
81.89
81.88
81.86
81.89
81.89
81.87
81.89
81.90
81.92
81.90
81.88
81.90
81.89
81.90
81.88
81.88
81.88
81.87
81.86
81.86
81.90
81.90
81.90
81.90
81.89
81.90
81.88
81.89
81.89
81.86
81.86
81.87
81.86
81.86
81.88
81.87
81.87
81.87
81.87
81.87
81.88
81.91
81.90
81.91
81.91
81.90
81.90
81.87
81.87
81.87
81.87
81.85
81.87
81.89
81.90
81.90
81.90
81.91
81.90
81.87
81.87
81.88
81.86
81.87
81.86
81.86
81.88
81.86
81.86
81.83
81.83
81.86
81.87
81.88
81.90
81.89
81.90
81.89
81.87
81.88
81.87
81.90
81.87
81.84
81.82
81.84
81.84
81.84
81.86
81.85
81.86
81.86
81.88
81.88
81.88
81.88
81.87
81.88
81.90
81.90
81.90
81.89
81.90
81.91
81.92
81.93
81.92
81.91
81.90
81.90
81.91
81.92
81.93
81.91
81.91
81.91
81.91
81.91
81.92
81.89
81.87
81.85
81.84
81.83
81.82
81.80
81.80
81.80
81.80
81.80
81.81
81.82
81.82
81.81
81.80
81.80
81.80
81.81
81.82
81.81
81.82
81.84
81.85
81.85
81.86
81.87
81.89
81.89
81.88
81.89
81.88
81.87
81.87
81.87
81.85
81.84
81.84
81.85
81.86
81.84
81.82
81.82
81.83
81.83
81.82
81.80
81.80
81.80
81.82
81.81
81.80
81.80
81.80
81.80
81.79
81.81
81.81
81.81
81.81
81.79
81.81
81.81
81.82
81.82
81.83
81.83
81.83
81.81
81.79
81.81
81.81
81.79
81.78
81.80
81.81
81.81
81.82
81.81
81.80
81.80
81.81
81.82
81.80
81.81
81.81
81.83
81.81
81.81
81.81
81.80
81.79
81.79
81.80
81.80
81.79
81.79
81.79
81.80
81.81
81.82
81.82
81.81
81.81
81.82
81.82
81.81
81.81
81.81
81.80
81.79
81.78
81.79
81.80
81.79
81.81
81.82
81.82
81.82
81.83
81.82
81.83
81.83
81.83
81.85
81.85
81.86
81.86
81.87
81.86
81.87
81.89
81.89
81.89
81.90
81.87
81.86
81.87
81.88
81.88
81.87
81.87
81.86
81.85
81.86
81.86
81.85
81.85
81.85
81.83
81.84
81.85
81.85
81.85
81.86
81.84
81.84
81.84
81.85
81.85
81.85
81.86
81.86
81.86
81.86
81.86
81.87
81.88
81.89
81.90
81.91
81.92
81.92
81.91
81.91
81.90
81.91
81.91
81.92
81.92
81.92
81.92
81.93
81.94
81.95
81.94
81.95
81.95
81.96
81.97
81.97
81.98
81.98
81.98
81.99
81.98
81.98
81.98
81.98
81.98
81.98
81.98
81.98
81.98
81.99
81.99
82.00
82.00
82.00
81.99
81.99
81.98
81.98
81.98
81.98
81.99
81.98
81.98
81.97
81.98
81.99
81.99
81.99
81.99
81.99
81.99
81.99
81.98
81.98
81.99
81.99
81.99
82.00
82.00
82.01
82.02
82.02
82.01
82.00
82.00
81.99
81.99
81.99
81.98
81.98
81.97
81.96
81.97
81.96
81.97
81.97
81.97
81.97
81.96
81.95
81.95
81.96
81.95
81.94
81.94
81.94
81.94
81.94
81.95
81.95
81.94
81.94
81.95
81.96
81.96
81.96
81.96
81.96
81.97
81.97
81.97
81.97
81.98
81.97
81.98
81.97
81.97
81.96
81.97
81.97
81.96
81.97
81.97
81.96
81.97
81.96
81.96
81.94
81.93
81.93
81.92
81.93
81.93
81.93
81.92
81.93
81.93
81.93
81.93
81.94
81.93
81.93
81.93
81.94
81.94
81.93
81.92
81.92
81.92
81.91
81.91
81.91
81.90
81.91
81.90
81.90
81.91
81.91
81.91
81.90
81.91
81.91
81.91
81.91
81.91
81.91
81.91
81.91
81.91
81.91
81.92
81.93
81.93
81.92
81.92
81.92
81.92
81.92
81.93
81.93
81.93
81.94
81.94
81.95
81.95
81.94
81.95
81.95
81.93
81.92
81.92
81.93
81.93
81.93
81.85
