31.25
27.34
28.12
28.91
28.44
26.04
26.79
26.37
25.69
25.78
23.44
23.18
23.08
22.77
23.02
23.05
23.62
23.87
23.93
24.30
24.70
23.58
23.64
23.70
24.19
24.28
24.42
24.55
24.84
24.84
25.05
24.80
24.81
25.18
25.04
24.35
24.37
24.55
24.72
24.61
24.54
24.48
24.45
24.57
24.65
24.76
24.77
24.74
24.90
25.16
25.34
25.45
25.44
25.75
25.88
25.42
25.49
25.51
25.61
25.68
25.59
25.60
25.69
25.73
25.82
25.85
25.79
25.80
25.86
25.78
25.73
25.39
25.51
25.68
25.67
25.86
25.93
26.02
25.83
25.86
25.81
25.78
25.79
25.74
25.81
25.84
25.79
25.87
25.83
25.89
25.93
26.00
26.04
26.15
26.09
26.03
25.98
25.97
25.95
25.91
25.94
25.95
26.06
26.08
26.03
26.02
25.77
25.80
25.76
25.74
25.84
25.89
25.91
25.86
25.86
25.84
25.80
25.81
25.80
25.85
25.89
25.92
25.91
25.95
25.96
25.99
25.96
25.96
25.97
26.00
25.97
25.98
25.96
25.77
25.80
25.83
25.88
25.86
25.88
25.90
25.95
25.97
26.01
25.98
25.98
26.08
26.17
26.17
26.24
26.27
26.27
26.24
26.07
26.06
26.12
26.13
26.15
26.18
26.18
26.18
26.21
26.23
26.33
26.41
26.37
26.36
26.33
26.30
26.31
26.23
26.21
26.24
26.20
26.19
26.21
26.22
26.21
26.19
26.29
26.33
26.19
26.18
26.25
26.25
26.27
26.33
26.29
26.29
26.32
26.30
26.26
26.25
26.24
26.26
26.24
26.27
26.36
26.39
26.40
26.39
26.36
26.36
26.38
26.40
26.39
26.40
26.43
26.40
26.45
26.40
26.41
26.40
26.41
26.38
26.27
26.31
26.32
26.36
26.24
26.29
26.17
26.05
26.07
26.07
26.06
26.05
26.07
26.08
26.04
26.01
25.90
25.88
25.93
25.92
25.93
25.94
25.83
25.84
25.86
25.83
25.84
25.88
25.86
25.87
25.87
25.88
25.87
25.84
25.87
25.86
25.87
25.87
25.86
25.89
25.92
25.89
25.88
25.78
25.77
25.76
25.75
25.75
25.75
25.76
25.80
25.70
25.75
25.65
25.71
25.67
25.63
25.68
25.68
25.71
25.69
25.69
25.69
25.70
25.72
25.71
25.73
25.70
25.67
25.67
25.65
25.67
25.64
25.66
25.68
25.71
25.62
25.53
25.55
25.54
25.55
25.53
25.53
25.52
25.53
25.45
25.37
25.37
25.39
25.39
25.42
25.44
25.47
25.39
25.39
25.43
25.44
25.36
25.37
25.37
25.38
25.36
25.38
25.39
25.40
25.40
25.40
25.43
25.35
25.33
25.34
25.34
25.34
25.32
25.25
25.25
25.23
25.25
25.29
25.30
25.31
25.29
25.29
25.28
25.26
25.24
25.25
25.25
25.26
25.24
25.26
25.29
25.27
25.30
25.30
25.29
25.29
25.32
25.34
25.33
25.32
25.33
25.35
25.28
25.30
25.34
25.33
25.32
25.35
25.36
25.37
25.37
25.38
25.37
25.36
25.38
25.43
25.36
25.29
25.29
25.28
25.31
25.31
25.31
25.30
25.34
25.33
25.34
25.35
25.37
25.37
25.36
25.30
25.28
25.31
25.30
25.24
25.18
25.18
25.18
25.17
25.11
25.11
25.14
25.14
25.14
25.12
25.14
25.14
25.14
25.15
25.15
25.14
25.15
25.17
25.16
25.15
25.15
25.17
25.15
25.15
25.16
25.17
25.17
25.18
25.17
25.17
25.17
25.19
25.18
25.19
25.23
25.25
25.25
25.25
25.27
25.28
25.26
25.27
25.31
25.33
25.33
25.31
25.31
25.32
25.26
25.27
25.30
25.31
25.33
25.34
25.28
25.29
25.28
25.30
25.29
25.30
25.31
25.32
25.32
25.33
25.33
25.32
25.34
25.36
25.36
25.36
25.36
25.36
25.36
25.38
25.39
25.37
25.38
25.40
25.40
25.41
25.40
25.42
25.43
25.44
25.44
25.45
25.44
25.45
25.44
25.45
25.44
25.45
25.45
25.46
25.44
25.44
25.47
25.48
25.50
25.48
25.48
25.46
25.48
25.51
25.52
25.53
25.56
25.54
25.54
25.51
25.50
25.50
25.49
25.49
25.44
25.47
25.46
25.48
25.49
25.49
25.50
25.45
25.44
25.42
25.45
25.46
25.47
25.46
25.46
25.46
25.41
25.36
25.31
25.31
25.33
25.34
25.34
25.36
25.36
25.36
25.38
25.38
25.38
25.39
25.41
25.40
25.36
25.37
25.39
25.34
25.37
25.33
25.32
25.32
25.31
25.32
25.33
25.32
25.31
25.32
25.32
25.32
25.33
25.28
25.24
25.25
25.25
25.25
25.26
25.26
25.27
25.26
25.27
25.27
25.23
25.22
25.23
25.23
25.25
25.25
25.26
25.27
25.27
25.22
25.22
25.21
25.21
25.22
25.23
25.25
25.24
25.24
25.23
25.24
25.23
25.24
25.24
25.24
25.24
25.25
25.26
25.21
25.20
25.22
25.22
25.23
25.23
25.23
25.24
25.25
25.24
25.20
25.21
25.20
25.20
25.21
25.16
25.17
25.19
25.18
25.18
25.19
25.19
25.19
25.21
25.22
25.17
25.19
25.20
25.21
25.21
25.17
25.16
25.16
25.12
25.11
25.07
25.07
25.07
25.08
25.08
25.09
25.09
25.10
25.08
25.10
25.11
25.10
25.10
25.09
25.11
25.12
25.12
25.13
25.14
25.13
25.15
25.15
25.15
25.16
25.16
25.17
25.16
25.16
25.17
25.18
25.19
25.19
25.19
25.21
25.20
25.19
25.20
25.20
25.16
25.18
25.19
25.15
25.16
25.17
25.16
25.12
25.13
25.14
25.14
25.14
25.14
25.14
25.13
25.14
25.10
25.10
25.06
25.03
25.03
25.05
25.06
25.07
25.06
25.06
25.05
25.06
25.02
25.02
25.02
25.02
25.04
25.05
25.04
25.05
25.04
25.04
25.03
25.00
24.99
25.00
25.00
25.00
25.01
25.02
25.01
25.00
25.00
24.97
24.98
24.98
24.98
24.99
24.99
24.98
24.98
24.99
24.99
24.98
24.99
25.00
24.99
25.00
25.00
25.00
25.00
25.01
25.00
25.01
25.02
25.03
25.04
25.05
25.05
25.02
25.01
25.03
25.04
25.04
25.04
25.05
25.06
25.03
25.00
25.01
25.01
25.02
25.02
25.03
25.03
25.02
25.05
25.05
25.05
25.07
25.07
25.07
25.04
25.04
25.04
25.05
25.05
25.02
25.01
25.01
25.00
24.98
24.98
24.99
25.00
24.99
25.00
25.00
25.01
25.02
25.00
