82.81
81.25
82.81
82.42
83.12
82.81
83.04
82.62
81.94
82.81
82.39
82.42
82.93
83.04
83.23
83.20
82.90
82.64
82.40
82.58
82.66
83.03
83.02
82.94
82.88
83.11
82.99
83.15
82.81
83.02
82.86
82.86
82.81
83.00
82.68
82.51
82.47
82.44
82.25
82.15
81.97
82.11
82.12
82.10
82.01
82.13
82.31
82.23
82.37
82.44
82.41
82.27
82.43
82.41
82.41
82.56
82.57
82.52
82.52
82.42
82.27
82.31
82.44
82.47
82.43
82.34
82.23
82.26
82.31
82.34
82.44
82.49
82.58
82.52
82.67
82.79
82.75
82.75
82.75
82.73
82.83
82.77
82.76
82.74
82.68
82.67
82.54
82.63
82.60
82.67
82.73
82.73
82.75
82.73
82.73
82.73
82.72
82.73
82.67
82.55
82.53
82.46
82.45
82.47
82.47
82.43
82.39
82.41
82.44
82.46
82.47
82.49
82.47
82.47
82.50
82.52
82.57
82.63
82.65
82.66
82.61
82.59
82.56
82.57
82.54
82.48
82.43
82.34
82.33
82.37
82.32
82.30
82.30
82.25
82.27
82.32
82.31
82.28
82.24
82.27
82.31
82.32
82.30
82.32
82.33
82.31
82.38
82.35
82.32
82.29
82.34
82.34
82.30
82.23
82.23
82.23
82.22
82.24
82.22
82.23
82.26
82.23
82.27
82.29
82.20
82.20
82.25
82.25
82.25
82.22
82.20
82.18
82.21
82.24
82.22
82.16
82.16
82.19
82.16
82.17
82.13
82.13
82.13
82.13
82.12
82.08
82.09
82.04
82.00
82.03
82.05
82.06
82.04
82.02
82.04
82.10
82.11
82.14
82.15
82.15
82.17
82.19
82.17
82.18
82.24
82.24
82.24
82.24
82.24
82.24
82.23
82.22
82.21
82.21
82.16
82.12
82.14
82.14
82.17
82.13
82.12
82.13
82.14
82.14
82.15
82.14
82.14
82.11
82.14
82.13
82.16
82.16
82.14
82.17
82.13
82.10
82.06
82.04
82.02
81.99
81.98
81.98
81.97
81.97
82.00
82.01
82.00
81.96
81.95
81.99
81.99
81.98
81.99
81.99
82.00
82.02
82.00
81.98
81.98
81.97
81.98
82.01
82.00
82.01
82.03
82.01
81.99
82.00
81.98
81.98
81.98
81.96
81.98
81.98
81.98
82.00
81.97
81.99
81.96
81.96
81.98
81.96
81.97
81.95
81.98
81.98
81.97
81.97
81.95
81.94
81.96
81.94
81.95
81.96
81.95
81.92
81.91
81.92
81.91
81.91
81.92
81.92
81.90
81.93
81.93
81.94
81.94
81.90
81.94
81.93
81.91
81.90
81.89
81.91
81.90
81.90
81.91
81.93
81.92
81.91
81.91
81.91
81.89
81.89
81.88
81.88
81.89
81.88
81.88
81.89
81.87
81.89
81.89
81.90
81.92
81.92
81.93
81.92
81.92
81.91
81.93
81.94
81.96
81.94
81.96
81.97
81.96
81.95
81.95
81.94
81.94
81.92
81.91
81.90
81.90
81.90
81.91
81.92
81.92
81.93
81.92
81.91
81.88
81.88
81.87
81.87
81.89
81.90
81.89
81.91
81.92
81.92
81.92
81.94
81.95
81.95
81.95
81.97
81.96
81.98
82.00
82.01
82.00
81.98
81.99
82.00
82.00
82.00
82.00
81.99
82.02
82.00
82.01
82.02
82.02
82.02
82.03
82.02
82.03
82.03
82.01
81.99
82.00
81.98
81.98
81.98
81.98
81.95
81.94
81.96
81.94
81.93
81.90
81.90
81.91
81.90
81.89
81.90
81.90
81.91
81.91
81.93
81.93
81.93
81.92
81.92
81.93
81.92
81.91
81.93
81.93
81.96
81.95
81.94
81.94
81.94
81.95
81.95
81.97
81.96
81.96
81.96
81.95
81.96
81.97
81.99
81.98
81.98
81.99
81.99
81.99
81.98
81.98
81.98
81.98
81.97
81.96
81.96
81.95
81.96
81.96
81.95
81.95
81.97
81.99
82.00
82.01
82.02
82.02
82.02
82.01
81.98
81.99
81.97
81.96
81.96
81.97
81.97
81.96
81.96
81.96
81.97
81.97
81.98
81.98
81.98
81.99
81.99
82.00
81.99
81.99
82.00
82.01
82.01
82.01
82.01
82.00
82.01
82.01
82.01
82.01
81.99
82.00
82.00
82.01
82.01
82.02
82.04
82.05
82.06
82.07
82.06
82.05
82.07
82.08
82.06
82.05
82.05
82.06
82.07
82.08
82.09
82.09
82.08
82.08
82.09
82.10
82.10
82.11
82.10
82.10
82.09
82.08
82.08
