84.38
85.16
85.42
85.55
85.31
85.94
84.60
84.77
84.55
83.91
83.52
83.72
83.05
82.92
83.02
82.91
82.72
82.73
82.40
82.27
82.37
82.03
81.86
81.84
81.44
81.37
81.13
81.36
81.36
81.67
82.01
82.18
82.24
82.31
82.19
82.12
82.09
82.07
82.17
82.19
82.36
82.29
82.16
81.96
82.15
82.00
81.91
81.87
81.86
81.84
81.83
81.67
81.57
81.54
81.65
81.70
81.66
81.65
81.57
81.61
81.61
81.58
81.57
81.62
81.63
81.56
81.58
81.57
81.54
81.47
81.40
81.45
81.34
81.36
81.29
81.23
81.25
81.27
81.31
81.21
81.21
81.19
81.19
81.21
81.18
81.21
81.29
81.23
81.23
81.27
81.30
81.33
81.28
81.30
81.27
81.25
81.28
81.28
81.28
81.25
81.27
81.34
81.33
81.33
81.34
81.37
81.43
81.37
81.31
81.26
81.29
81.35
81.36
81.33
81.39
81.43
81.46
81.41
81.37
81.35
81.34
81.40
81.45
81.50
81.46
81.46
81.46
81.51
81.55
81.57
81.64
81.64
81.64
81.61
81.62
81.63
81.65
81.62
81.67
81.70
81.67
81.65
81.60
81.53
81.52
81.57
81.60
81.59
81.58
81.57
81.60
81.64
81.60
81.64
81.64
81.62
81.61
81.59
81.60
81.62
81.61
81.64
81.60
81.59
81.55
81.53
81.55
81.52
81.51
81.47
81.47
81.47
81.52
81.56
81.56
81.61
81.65
81.69
81.69
81.69
81.65
81.64
81.69
81.67
81.66
81.67
81.65
81.58
81.58
81.63
81.63
81.66
81.66
81.64
81.63
81.62
81.65
81.67
81.67
81.67
81.68
81.67
81.68
81.68
81.71
81.70
81.74
81.73
81.74
81.75
81.74
81.77
81.80
81.81
81.78
81.75
81.77
81.74
81.75
81.75
81.72
81.74
81.74
81.77
81.76
81.73
81.70
81.72
81.68
81.70
81.68
81.67
81.66
81.68
81.65
81.66
81.65
81.66
81.66
81.67
81.66
81.68
81.66
81.66
81.69
81.69
81.70
81.71
81.73
81.74
81.73
81.75
81.75
81.75
81.75
81.74
81.72
81.72
81.73
81.71
81.73
81.74
81.73
81.74
81.74
81.73
81.74
81.69
81.71
81.73
81.76
81.78
81.77
81.69
81.73
81.74
81.74
81.73
81.74
81.75
81.78
81.78
81.79
81.81
81.81
81.84
81.85
81.87
81.87
81.88
81.89
81.89
81.88
81.87
81.87
81.89
81.89
81.89
81.90
81.89
81.90
81.91
81.91
81.93
81.93
81.91
81.91
81.92
81.92
81.94
81.96
81.96
81.94
81.94
81.95
81.96
81.94
81.94
81.94
81.93
81.95
81.93
81.93
81.91
81.91
81.91
81.90
81.88
81.90
81.90
81.90
81.90
81.91
81.94
81.94
81.93
81.92
81.93
81.93
81.90
81.91
81.91
81.92
81.94
81.94
81.96
81.96
81.98
82.00
82.00
82.01
82.01
82.03
82.04
82.05
82.04
82.04
82.03
82.04
82.04
82.02
82.01
82.01
82.01
82.03
82.03
82.03
82.04
82.05
82.04
82.02
82.01
82.02
82.02
81.99
81.98
81.99
81.97
81.97
81.98
81.99
81.99
82.00
82.01
81.98
81.99
81.98
81.99
81.97
81.97
81.97
81.97
81.98
81.98
81.97
81.97
81.97
81.94
81.94
81.93
81.94
81.95
81.94
81.95
81.94
81.94
81.94
81.94
81.91
81.92
81.91
81.91
81.90
81.91
81.91
81.90
81.91
81.90
81.90
81.92
81.92
81.93
81.93
81.92
81.91
81.92
81.91
81.89
81.88
81.88
81.87
81.88
81.87
81.88
81.90
81.90
81.89
81.89
81.89
81.89
81.92
81.91
81.90
81.91
81.92
81.92
81.92
81.92
81.92
81.92
81.93
81.92
81.90
81.91
81.92
81.91
81.93
81.91
81.92
81.91
81.92
81.93
81.92
81.92
81.92
81.93
81.94
81.96
81.95
81.95
81.96
81.97
81.98
81.99
82.00
82.00
82.01
82.01
82.02
82.03
82.03
82.04
82.03
82.02
81.99
82.01
82.00
81.98
81.98
81.97
81.99
81.98
81.99
81.98
81.97
81.99
81.99
81.98
81.98
81.98
81.97
81.97
81.96
81.96
81.94
81.94
81.94
81.93
81.93
81.92
81.91
81.91
81.92
81.93
81.92
81.93
81.93
81.92
81.92
81.91
81.92
81.91
81.92
81.92
81.92
81.92
81.92
81.91
81.88
81.89
81.90
81.89
81.90
81.90
81.90
81.91
81.90
81.92
81.91
81.90
81.90
81.90
81.90
81.90
81.90
81.88
81.90
81.90
81.89
81.88
81.89
81.88
81.88
81.88
81.89
81.89
81.90
81.89
81.91
81.91
81.92
81.93
81.94
81.95
81.95
81.94
81.94
81.95
81.95
81.95
81.96
81.98
81.98
81.99
82.00
81.98
81.99
81.99
81.98
81.99
81.99
82.00
82.01
82.00
82.00
81.97
81.97
81.96
81.96
81.97
81.96
81.97
81.96
81.95
81.96
81.97
81.97
81.97
81.96
81.96
81.95
81.95
81.96
81.96
81.96
81.97
81.97
81.97
81.97
81.96
81.96
81.96
81.96
81.96
81.96
81.96
81.96
81.95
81.95
81.95
81.96
81.95
81.96
81.97
81.98
81.97
81.97
81.97
81.98
81.98
81.99
81.99
81.99
81.99
81.99
81.99
81.98
81.99
81.99
81.99
81.99
81.99
81.98
81.99
81.98
81.98
81.97
81.96
81.96
81.96
81.97
81.97
81.97
81.97
81.97
81.97
81.97
81.96
81.96
81.96
81.95
81.95
81.95
81.94
81.95
81.95
81.95
81.94
81.92
81.92
81.92
81.91
81.91
81.91
81.91
81.91
81.91
81.91
81.91
81.89
81.90
81.91
81.90
81.90
81.90
81.89
81.89
81.88
81.88
81.88
81.90
81.90
81.91
81.90
81.90
81.92
81.92
81.92
81.91
81.90
81.90
81.91
81.90
81.90
81.90
81.90
81.91
81.91
81.92
81.92
81.92
81.93
81.93
81.94
81.95
81.95
81.95
81.94
81.95
81.96
81.95
81.94
81.95
81.94
81.95
81.96
81.96
81.96
81.96
81.96
81.96
81.96
81.97
81.98
81.98
81.98
81.98
81.99
81.99
82.00
81.99
81.99
81.99
81.99
82.00
81.99
81.99
82.00
81.98
81.97
81.98
81.99
81.98
81.99
82.00
81.98
81.99
82.00
82.00
82.01
82.01
82.00
81.99
81.99
81.99
81.98
81.99
81.99
81.98
81.99
81.99
81.99
82.00
81.99
81.99
81.98
81.99
81.99
81.99
81.99
81.99
81.91
