78.12
82.81
81.25
81.64
79.69
79.69
79.91
81.05
80.56
80.94
80.68
80.73
80.77
79.80
79.90
80.18
79.96
80.56
81.09
80.62
80.65
80.68
81.11
81.18
81.38
81.43
81.37
81.19
81.25
81.15
81.05
80.86
80.97
80.97
81.07
80.95
81.00
81.17
81.29
81.33
81.48
81.47
81.43
81.64
81.56
81.66
81.72
81.71
81.66
81.69
81.74
81.82
81.81
81.94
82.05
82.09
82.24
82.30
82.31
82.24
82.22
82.26
82.29
82.25
82.21
82.34
82.18
82.22
82.34
82.34
82.31
82.34
82.28
82.18
82.12
82.01
82.00
82.01
82.04
82.03
82.02
82.07
82.17
82.18
82.17
82.14
82.24
82.16
82.15
82.19
82.16
82.25
82.31
82.30
82.24
82.28
82.33
82.32
82.26
82.20
82.22
82.15
82.16
82.21
82.29
82.31
82.29
82.29
82.31
82.37
82.33
82.32
82.33
82.28
82.30
82.30
82.31
82.28
82.33
82.29
82.26
82.26
82.24
82.18
82.16
82.11
82.14
82.13
82.16
82.18
82.10
82.11
82.12
82.11
82.14
82.17
82.15
82.13
82.14
82.13
82.10
82.10
82.01
82.02
82.03
82.00
81.99
81.90
81.89
81.88
81.86
81.89
81.86
81.88
81.88
81.88
81.89
81.88
81.87
81.88
81.90
81.89
81.90
81.93
81.95
81.93
81.91
81.94
81.94
81.91
81.86
81.81
81.81
81.79
81.75
81.81
81.79
81.81
81.82
81.86
81.85
81.83
81.86
81.83
81.82
81.83
81.85
81.83
81.84
81.83
81.80
81.81
81.82
81.81
81.81
81.81
81.81
81.82
81.85
81.86
81.86
81.81
81.79
81.76
81.77
81.80
81.82
81.84
81.83
81.85
81.87
81.91
81.88
81.87
81.92
81.92
81.92
81.91
81.93
81.92
81.92
81.92
81.95
81.92
81.88
81.89
81.87
81.85
81.84
81.79
81.78
81.79
81.79
81.81
81.80
81.82
81.82
81.82
81.84
81.86
81.84
81.84
81.86
81.85
81.86
81.84
81.85
81.87
81.86
81.88
81.91
81.88
81.87
81.86
81.86
81.87
81.90
81.92
81.93
81.92
81.92
81.91
81.90
81.95
81.93
81.94
81.93
81.92
81.92
81.92
81.90
81.93
81.91
81.92
81.93
81.90
81.90
81.92
81.92
81.91
81.89
81.93
81.92
81.94
81.93
81.93
81.93
81.91
81.92
81.93
81.94
81.95
81.94
81.95
81.93
81.94
81.93
81.92
81.89
81.90
81.90
81.90
81.89
81.89
81.89
81.89
81.89
81.90
81.88
81.88
81.86
81.88
81.88
81.91
81.88
81.89
81.90
81.86
81.88
81.87
81.88
81.88
81.87
81.87
81.87
81.87
81.89
81.91
81.87
81.85
81.85
81.84
81.84
81.84
81.85
81.84
81.87
81.84
81.82
81.83
81.85
81.84
81.82
81.80
81.84
81.81
81.83
81.86
81.87
81.89
81.88
81.88
81.88
81.89
81.89
81.90
81.90
81.90
81.89
81.88
81.88
81.89
81.89
81.90
81.91
81.91
81.91
81.89
81.87
81.88
81.89
81.88
81.87
81.85
81.84
81.84
81.81
81.82
81.81
81.82
81.84
81.82
81.83
81.84
81.84
81.86
81.88
81.88
81.88
81.87
81.87
81.90
81.89
81.88
81.89
81.89
81.88
81.90
81.91
81.92
81.91
81.91
81.92
81.91
81.90
81.88
81.89
81.87
81.87
81.87
81.88
81.86
81.87
81.87
81.85
81.87
81.86
81.87
81.88
81.87
81.89
81.89
81.90
81.91
81.90
81.90
81.89
81.90
81.89
81.90
81.90
81.92
81.92
81.91
81.91
81.91
81.92
81.92
81.93
81.94
81.95
81.95
81.96
81.97
81.98
81.98
81.98
81.99
81.99
81.99
82.00
82.00
82.01
82.00
82.01
82.02
82.02
82.03
82.03
82.02
82.02
82.03
82.05
82.03
82.03
82.04
82.05
82.05
82.07
82.06
82.06
82.08
82.08
82.07
82.06
82.03
82.04
82.02
82.02
82.01
82.02
82.02
81.99
82.00
81.99
82.01
82.01
82.01
81.99
81.98
81.99
81.99
81.98
81.99
82.00
82.01
82.01
82.00
81.99
82.00
81.99
81.98
81.97
81.97
81.97
81.99
82.00
81.99
82.00
81.99
81.97
81.98
81.95
81.96
81.97
81.97
81.99
81.99
81.98
81.98
