79.69
78.12
77.08
78.52
79.38
81.77
81.92
82.42
82.64
83.44
83.66
84.11
84.01
84.49
83.96
83.30
83.36
83.07
83.14
83.05
82.74
83.10
83.49
83.20
83.00
82.63
82.81
82.53
82.65
82.50
82.61
82.76
82.67
82.86
82.99
82.73
82.77
82.98
82.89
82.70
82.62
82.37
82.19
82.17
82.19
82.27
82.38
82.36
82.43
82.28
82.29
82.30
82.34
82.32
82.41
82.39
82.26
82.22
82.28
82.14
82.12
82.08
81.99
81.91
81.92
81.82
81.88
81.80
81.86
81.96
81.87
81.79
81.83
81.86
81.83
81.87
81.88
81.95
81.90
81.88
81.87
81.78
81.83
81.83
81.88
81.96
82.04
82.07
82.11
82.20
82.26
82.32
82.27
82.30
82.27
82.29
82.25
82.25
82.23
82.16
82.19
82.22
82.27
82.24
82.19
82.09
82.10
82.09
82.10
82.07
82.16
82.16
82.22
82.17
82.16
82.22
82.16
82.18
82.21
82.15
82.10
82.16
82.14
82.18
82.20
82.19
82.23
82.23
82.21
82.18
82.17
82.20
82.24
82.22
82.20
82.22
82.25
82.26
82.22
82.18
82.15
82.14
82.12
82.16
82.13
82.15
82.12
82.05
82.02
81.97
82.01
82.02
82.02
81.99
82.00
81.98
82.03
82.01
81.95
81.94
81.98
82.01
82.00
82.01
82.04
82.07
82.01
81.98
81.94
81.94
81.99
82.01
82.01
82.05
82.04
82.03
82.04
82.06
82.08
82.08
82.05
82.07
82.06
82.07
82.09
82.08
82.09
82.13
82.13
82.15
82.16
82.15
82.12
82.12
82.10
82.09
82.07
82.06
82.05
82.05
82.03
82.02
82.06
82.08
82.13
82.15
82.17
82.14
82.12
82.11
82.15
82.17
82.17
82.18
82.21
82.21
82.14
82.15
82.11
82.11
82.09
82.09
82.10
82.12
82.13
82.11
82.11
82.11
82.09
82.11
82.12
82.09
82.12
82.11
82.13
82.10
82.07
82.06
82.05
82.02
82.03
82.03
82.01
82.04
82.03
82.04
82.03
81.98
81.97
81.97
81.95
81.94
81.97
81.96
82.00
81.98
81.99
82.01
82.02
82.01
82.00
81.98
81.97
81.94
81.95
81.94
81.92
81.91
81.94
81.91
81.92
81.90
81.89
81.89
81.89
81.91
81.91
81.91
81.92
81.93
81.95
81.94
81.96
81.98
81.96
81.97
81.96
81.97
81.96
81.96
81.94
81.94
81.95
81.95
81.96
81.95
81.93
81.93
81.94
81.93
81.94
81.97
81.98
81.97
82.01
81.99
81.98
81.96
81.94
81.96
81.95
81.96
81.98
81.97
81.98
81.96
81.94
81.96
81.95
81.94
81.94
81.93
81.94
81.93
81.89
81.90
81.93
81.95
81.97
81.96
81.96
81.97
81.98
81.97
81.95
81.96
81.97
81.98
81.95
81.92
81.91
81.90
81.90
81.89
81.88
81.87
81.89
81.89
81.86
81.86
81.84
81.85
81.83
81.82
81.79
81.80
81.79
81.80
81.81
81.82
81.84
81.86
81.84
81.84
81.86
81.88
81.89
81.89
81.89
81.89
81.89
81.90
81.89
81.88
81.87
81.86
81.87
81.87
81.87
81.87
81.86
81.86
81.87
81.87
81.88
81.86
81.84
81.84
81.86
81.86
81.87
81.87
81.89
81.89
81.89
81.88
81.87
81.87
81.86
81.87
81.87
81.88
81.86
81.87
81.87
81.87
81.89
81.89
81.88
81.89
81.90
81.91
81.92
81.91
81.93
81.94
81.94
81.95
81.93
81.93
81.94
81.93
81.93
81.91
81.92
81.92
81.93
81.94
81.95
81.93
81.92
81.94
81.92
81.93
81.93
81.94
81.94
81.93
81.92
81.93
81.96
81.97
81.98
81.96
81.97
81.98
81.98
81.98
81.99
81.96
81.95
81.94
81.95
81.95
81.94
81.93
81.93
81.91
81.92
81.92
81.92
81.90
81.89
81.90
81.89
81.88
81.89
81.90
81.91
81.91
81.93
81.93
81.94
81.95
81.97
81.98
81.97
81.97
81.97
81.98
81.99
81.99
81.98
81.98
81.99
82.00
82.00
82.00
82.01
82.01
82.02
82.02
82.01
82.01
82.01
82.01
82.01
82.01
82.03
82.04
82.05
82.04
82.04
82.03
82.03
82.02
82.01
82.00
82.01
82.00
82.00
82.00
82.01
82.02
82.03
82.03
82.04
82.04
82.04
82.05
82.06
82.06
82.06
82.06
82.07
82.06
82.06
82.06
82.06
82.05
82.05
82.05
82.05
82.05
82.04
82.04
82.04
82.05
82.05
82.06
82.06
82.06
82.07
82.07
82.08
82.09
82.08
82.08
82.08
82.08
82.07
82.07
82.07
82.06
82.05
82.05
82.04
82.03
82.04
82.03
82.04
82.04
82.04
82.03
82.03
82.05
82.05
82.03
82.04
82.04
82.05
82.03
82.02
82.02
82.00
81.99
81.99
81.99
82.00
82.00
82.01
82.00
82.00
82.01
82.01
82.01
82.02
82.02
82.03
82.03
82.02
82.02
82.04
82.03
82.04
82.04
82.05
82.05
82.06
82.05
82.06
82.05
82.04
82.04
82.05
82.06
82.05
82.05
82.06
82.05
82.06
82.07
82.07
82.07
82.06
82.07
82.06
82.05
82.05
82.05
82.05
82.04
82.05
82.04
82.04
82.05
82.05
82.04
82.04
82.04
82.04
82.04
82.05
82.06
82.05
82.06
82.06
82.07
82.08
82.08
82.09
82.10
82.10
82.09
82.08
82.09
82.09
82.10
82.10
82.09
82.09
82.09
82.09
82.08
82.08
82.09
82.09
82.10
82.09
82.08
82.07
82.07
82.07
82.07
82.07
82.07
82.07
82.07
82.08
82.07
82.07
82.06
82.06
82.05
82.04
82.04
82.03
82.03
82.03
82.04
82.03
82.04
82.03
