0.00
0.00
0.00
0.78
0.62
0.52
0.67
0.78
0.69
0.94
0.85
0.78
0.72
0.67
0.73
0.78
0.74
0.69
0.66
0.62
0.60
0.57
0.54
0.52
0.50
0.48
0.46
0.45
0.43
0.47
0.45
0.44
0.43
0.41
0.40
0.39
0.38
0.37
0.36
0.39
0.38
0.37
0.36
0.36
0.35
0.34
0.33
0.33
0.32
0.31
0.31
0.30
0.29
0.29
0.28
0.28
0.27
0.27
0.29
0.29
0.31
0.30
0.30
0.29
0.29
0.28
0.28
0.28
0.32
0.31
0.31
0.30
0.34
0.36
0.35
0.35
0.34
0.34
0.34
0.33
0.33
0.32
0.32
0.32
0.31
0.31
0.31
0.30
0.30
0.31
0.31
0.31
0.30
0.32
0.31
0.33
0.32
0.32
0.33
0.38
0.37
0.37
0.36
0.36
0.36
0.35
0.37
0.36
0.36
0.36
0.35
0.35
0.36
0.36
0.35
0.35
0.36
0.36
0.35
0.36
0.37
0.37
0.38
0.38
0.38
0.38
0.38
0.38
0.38
0.37
0.38
0.38
0.38
0.37
0.37
0.37
0.36
0.36
0.37
0.38
0.40
0.40
0.40
0.41
0.41
0.41
0.40
0.40
0.40
0.40
0.39
0.40
0.40
0.40
0.40
0.40
0.40
0.40
0.39
0.39
0.39
0.39
0.38
0.38
0.39
0.39
0.38
0.38
0.38
0.40
0.39
0.39
0.39
0.40
0.40
0.40
0.41
0.40
0.41
0.41
0.41
0.41
0.41
0.41
0.41
0.40
0.40
0.40
0.40
0.40
0.40
0.40
0.40
0.39
0.39
0.39
0.39
0.39
0.38
0.39
0.39
0.39
0.39
0.39
0.40
0.39
0.39
0.39
0.39
0.39
0.40
0.40
0.40
0.42
0.41
0.41
0.41
0.41
0.41
0.40
0.41
0.41
0.41
0.40
0.40
0.40
0.40
0.40
0.40
0.40
0.40
0.40
0.40
0.39
0.39
0.39
0.39
0.39
0.39
0.38
0.38
0.38
0.38
0.38
0.38
0.38
0.38
0.38
0.38
0.38
0.37
0.37
0.38
0.38
0.37
0.38
0.38
0.38
0.37
0.37
0.37
0.37
0.37
0.37
0.37
0.36
0.36
0.36
0.36
0.36
0.36
0.36
0.36
0.36
0.36
0.36
0.36
0.35
0.35
0.35
0.35
0.35
0.35
0.35
0.35
0.35
0.35
0.35
0.35
0.34
0.34
0.35
0.35
0.35
0.35
0.35
0.35
0.35
0.35
0.35
0.35
0.35
0.35
0.34
0.34
0.34
0.34
0.34
0.34
0.34
0.34
0.34
0.34
0.34
0.34
0.34
0.34
0.33
0.33
0.33
0.33
0.33
0.33
0.33
0.33
0.34
0.33
0.33
0.34
0.34
0.34
0.34
0.34
0.34
0.34
0.34
0.34
0.34
0.35
0.34
0.34
0.34
0.34
0.34
0.34
0.34
0.34
0.34
0.34
0.33
0.33
0.34
0.34
0.34
0.33
0.33
0.33
0.33
0.33
0.33
0.33
0.33
0.33
0.33
0.33
0.33
0.33
0.33
0.33
0.33
0.33
0.33
0.33
0.33
0.33
0.33
0.33
0.33
0.33
0.32
0.33
0.33
0.33
0.33
0.32
0.32
0.32
0.32
0.32
0.32
0.32
0.32
0.32
0.32
0.32
0.32
0.32
0.32
0.32
0.32
0.32
0.32
0.32
0.32
0.32
0.32
0.32
0.32
0.32
0.32
0.32
0.32
0.32
0.32
0.32
0.32
0.31
0.31
0.31
0.31
0.31
0.31
0.31
0.31
0.31
0.32
0.31
0.31
0.31
0.32
0.32
0.32
0.32
0.32
0.32
0.32
0.32
0.32
0.32
0.32
0.32
0.32
0.32
0.32
0.32
0.32
0.32
0.32
0.32
0.32
0.32
0.32
0.32
0.32
0.32
0.32
0.32
0.32
0.32
0.32
0.32
0.31
0.32
0.32
0.32
0.32
0.32
0.32
0.32
0.32
0.32
0.31
0.31
0.31
0.31
0.32
0.31
0.31
0.31
0.31
0.31
0.31
0.31
0.31
0.31
0.31
0.31
0.31
0.31
0.31
0.31
0.31
0.31
0.31
0.31
0.31
0.31
0.31
0.32
0.32
0.32
0.32
0.32
0.32
0.32
0.32
0.32
0.32
0.32
0.32
0.31
0.31
0.32
0.32
0.32
0.31
0.31
0.31
0.31
0.31
0.31
0.31
0.31
0.31
0.31
0.31
0.31
0.31
0.31
0.31
0.31
0.31
0.31
0.31
0.31
0.31
0.31
0.31
0.32
0.32
0.32
0.32
0.32
0.32
0.32
0.32
0.32
0.32
0.32
0.32
0.32
0.32
0.32
0.32
0.32
0.32
0.32
0.32
0.32
0.32
0.31
0.31
0.31
0.32
0.32
0.32
0.32
0.32
0.32
0.32
0.32
0.32
0.32
0.32
0.32
0.32
0.32
0.32
0.32
0.32
0.32
0.32
0.32
0.32
0.32
0.32
0.32
0.32
0.32
0.32
0.31
0.31
0.32
0.32
0.32
0.32
0.32
0.32
0.32
0.32
0.32
0.32
0.32
0.32
0.32
0.32
0.32
0.32
0.32
0.32
0.31
0.31
0.31
0.32
0.32
0.31
0.31
0.31
0.31
0.31
0.31
0.31
0.31
0.31
0.31
0.31
0.31
0.31
0.32
0.32
0.32
0.32
0.32
0.32
0.32
0.32
0.32
0.32
0.32
0.32
0.32
0.32
0.32
0.32
0.32
0.32
0.32
0.32
0.32
0.32
0.32
0.32
0.32
0.32
0.32
0.32
0.32
0.32
0.32
0.32
0.32
0.32
0.32
0.32
0.32
0.32
0.32
0.32
0.32
0.32
0.32
0.32
0.32
0.32
0.32
0.32
0.32
0.32
0.32
0.32
0.32
0.32
0.32
0.32
0.31
0.31
0.32
0.32
0.32
0.31
0.31
0.31
0.31
0.31
0.31
0.31
0.31
0.31
0.31
0.31
0.31
0.31
0.31
0.31
0.31
0.31
0.31
0.31
0.32
0.31
0.31
0.32
0.32
0.32
0.31
0.31
0.31
0.32
0.32
0.32
0.32
0.32
0.32
0.32
0.32
0.32
0.32
0.32
0.32
0.31
0.31
0.31
0.31
0.32
0.31
0.31
0.31
0.31
0.31
0.31
0.31
0.31
0.31
0.31
0.31
0.31
0.31
0.31
0.31
0.31
0.31
0.31
0.31
0.31
0.31
0.31
0.31
0.31
0.31
0.31
0.31
0.31
0.31
0.31
0.31
0.31
0.31
0.31
0.31
0.31
0.31
0.31
0.31
0.30
0.31
0.31
0.31
0.31
0.31
0.31
0.31
0.31
