82.81
82.03
81.25
80.86
80.94
82.29
81.70
80.47
80.73
81.09
80.68
80.86
80.89
80.25
80.52
79.98
80.24
80.47
80.18
80.16
80.13
80.26
80.10
80.14
80.19
80.41
80.21
80.25
80.28
80.31
80.54
80.52
80.68
80.74
80.85
80.77
81.00
80.80
80.89
80.78
80.98
81.14
81.32
81.21
81.49
81.52
81.38
81.38
81.47
81.47
81.46
81.52
81.57
81.60
81.62
81.56
81.50
81.57
81.57
81.61
81.71
81.73
81.80
81.84
81.90
81.89
81.76
81.62
81.61
81.63
81.62
81.55
81.51
81.52
81.62
81.58
81.62
81.57
81.67
81.66
81.66
81.63
81.63
81.64
81.65
81.63
81.66
81.71
81.78
81.82
81.82
81.79
81.82
81.72
81.71
81.69
81.72
81.73
81.80
81.81
81.88
81.91
81.87
81.84
81.80
81.80
81.80
81.77
81.74
81.78
81.80
81.79
81.72
81.69
81.70
81.61
81.56
81.55
81.64
81.68
81.66
81.67
81.71
81.67
81.66
81.65
81.67
81.68
81.67
81.68
81.75
81.81
81.79
81.82
81.81
81.85
81.76
81.79
81.79
81.80
81.80
81.76
81.80
81.79
81.80
81.80
81.81
81.84
81.87
81.83
81.86
81.83
81.81
81.80
81.81
81.83
81.83
81.77
81.78
81.80
81.78
81.77
81.72
81.68
81.70
81.76
81.78
81.78
81.76
81.75
81.72
81.76
81.76
81.74
81.71
81.70
81.69
81.69
81.68
81.68
81.62
81.61
81.63
81.57
81.55
81.52
81.53
81.51
81.54
81.55
81.54
81.54
81.56
81.54
81.54
81.58
81.61
81.64
81.67
81.74
81.77
81.77
81.80
81.81
81.84
81.83
81.83
81.82
81.82
81.85
81.86
81.88
81.87
81.89
81.89
81.90
81.89
81.91
81.88
81.91
81.89
81.90
81.89
81.88
81.88
81.90
81.88
81.86
81.86
81.86
81.83
81.78
81.78
81.78
81.78
81.79
81.74
81.73
81.73
81.73
81.72
81.75
81.76
81.78
81.75
81.74
81.75
81.74
81.76
81.77
81.77
81.83
81.82
81.80
81.76
81.74
81.72
81.73
81.76
81.77
81.80
81.80
81.79
81.81
81.83
81.81
81.82
81.83
81.80
81.81
81.82
81.84
81.85
81.80
81.82
81.78
81.77
81.79
81.80
81.82
81.82
81.82
81.83
81.83
81.81
81.83
81.82
81.80
81.76
81.76
81.75
81.72
81.74
81.77
81.80
81.77
81.79
81.78
81.77
81.78
81.80
81.78
81.79
81.76
81.75
81.67
81.69
81.70
81.73
81.71
81.71
81.72
81.73
81.71
81.74
81.75
81.73
81.73
81.70
81.71
81.72
81.72
81.72
81.72
81.72
81.70
81.68
81.66
81.64
81.64
81.60
81.60
81.60
81.60
81.61
81.62
81.63
81.61
81.62
81.62
81.60
81.62
81.59
81.59
81.59
81.58
81.57
81.55
81.58
81.56
81.56
81.57
81.57
81.56
81.58
81.58
81.57
81.59
81.57
81.56
81.57
81.57
81.59
81.61
81.60
81.61
81.59
81.62
81.63
81.62
81.63
81.63
81.60
81.58
81.60
81.60
81.61
81.60
81.60
81.60
81.61
81.61
81.61
81.62
81.61
81.62
81.62
81.62
81.61
81.61
81.61
81.59
81.60
81.59
81.59
81.60
81.60
81.60
81.59
81.59
81.57
81.58
81.60
81.61
81.61
81.61
81.62
81.62
81.62
81.59
81.58
81.61
81.60
81.60
81.60
81.58
81.57
81.56
81.56
81.57
81.57
81.56
81.59
81.58
81.58
81.59
81.58
81.59
81.58
81.57
81.58
81.58
81.60
81.59
81.60
81.63
81.63
81.61
81.61
81.58
81.58
81.60
81.60
81.61
81.61
81.59
81.60
81.58
81.57
81.56
81.58
81.58
81.57
81.58
81.59
81.59
81.59
81.60
81.60
81.60
81.59
81.58
81.60
81.59
81.59
81.59
81.59
81.60
81.59
81.58
81.59
81.59
81.59
81.59
81.60
81.62
81.60
81.62
81.63
81.63
81.62
81.62
81.63
81.62
81.64
81.66
81.66
81.66
81.66
81.67
81.67
81.67
81.68
81.69
81.68
81.69
81.68
81.68
81.69
81.67
81.68
81.68
81.65
81.67
81.67
81.68
81.67
81.68
81.67
81.68
81.68
81.68
81.68
81.68
81.70
81.69
81.68
81.70
81.70
81.70
81.71
81.71
81.72
81.70
81.69
81.70
81.70
81.68
81.69
81.69
81.68
81.67
81.68
81.67
81.67
81.66
81.67
81.65
81.67
81.67
81.67
81.66
81.66
81.65
81.66
81.66
81.65
81.64
81.64
81.64
81.63
81.64
81.64
81.64
81.65
81.65
81.64
81.62
81.63
81.63
81.61
81.61
81.59
81.58
81.58
81.57
81.57
81.56
81.54
81.54
81.55
81.54
81.55
81.56
81.56
81.55
81.56
81.56
81.57
81.56
81.56
81.55
81.56
81.56
81.56
81.55
81.56
81.56
81.55
81.54
81.55
81.56
81.56
81.56
81.56
81.56
81.55
81.55
81.55
81.55
81.55
81.55
81.55
81.56
81.56
81.56
81.57
81.57
81.57
81.57
81.56
81.57
81.57
81.55
81.56
81.55
81.55
81.53
81.54
81.53
81.53
81.53
81.52
81.51
81.50
81.52
81.53
81.53
81.53
81.53
81.55
81.55
81.56
81.55
81.56
81.56
81.57
81.56
81.57
81.57
81.59
81.59
81.59
81.61
81.60
81.60
81.61
81.61
81.62
81.62
81.61
81.59
81.59
81.60
81.60
81.60
81.60
81.60
81.59
81.59
81.58
81.57
81.57
81.57
81.56
81.57
81.58
81.59
81.60
81.60
81.60
81.61
81.59
81.59
81.60
81.59
81.59
81.59
81.59
81.59
81.60
81.60
81.60
81.61
81.62
81.60
81.60
81.61
81.61
81.61
81.63
81.64
81.65
81.66
81.65
81.65
81.65
81.66
81.66
81.67
81.66
81.67
81.68
81.69
81.70
81.70
81.71
81.71
81.70
81.70
81.70
81.70
81.69
81.69
81.69
81.70
81.70
81.70
81.72
81.73
81.73
81.73
81.72
81.72
81.72
81.73
81.73
81.72
81.72
81.72
81.72
81.71
81.71
81.71
81.70
81.71
81.70
81.69
81.69
81.70
81.70
81.71
81.71
81.71
81.71
81.70
81.70
81.71
81.72
81.72
81.72
81.72
81.72
81.71
81.73
81.73
81.73
81.73
81.72
81.72
81.73
81.73
81.73
81.73
81.72
81.73
81.73
81.73
81.73
81.73
81.73
81.74
81.75
81.75
81.76
81.76
81.75
81.76
81.75
81.76
81.76
81.68
