81.25
79.69
80.73
82.03
82.81
82.81
83.04
83.79
83.85
82.66
81.96
82.55
82.69
82.70
82.29
82.62
82.17
82.03
81.66
82.03
81.99
82.17
82.40
82.42
82.44
82.21
82.23
82.20
82.00
81.93
82.11
82.37
82.24
82.26
82.23
82.20
82.39
82.24
82.49
82.46
82.47
82.48
82.56
82.56
82.71
82.88
82.88
82.85
82.84
82.78
82.60
82.42
82.40
82.38
82.27
82.11
82.21
82.17
82.18
82.21
82.12
82.11
82.19
82.28
82.26
82.34
82.28
82.35
82.40
82.39
82.44
82.44
82.43
82.41
82.48
82.48
82.51
82.43
82.46
82.46
82.43
82.43
82.42
82.35
82.39
82.32
82.27
82.26
82.29
82.36
82.28
82.24
82.29
82.38
82.42
82.42
82.43
82.48
82.53
82.47
82.52
82.48
82.46
82.56
82.62
82.61
82.62
82.64
82.61
82.64
82.64
82.63
82.66
82.66
82.65
82.68
82.71
82.68
82.64
82.68
82.70
82.72
82.72
82.72
82.78
82.70
82.69
82.64
82.68
82.61
82.57
82.54
82.60
82.52
82.51
82.51
82.49
82.50
82.50
82.54
82.58
82.57
82.56
82.53
82.49
82.50
82.53
82.51
82.50
82.47
82.49
82.52
82.54
82.56
82.54
82.55
82.55
82.56
82.57
82.56
82.56
82.59
82.62
82.64
82.70
82.70
82.70
82.71
82.73
82.72
82.75
82.74
82.70
82.70
82.69
82.66
82.64
82.61
82.60
82.57
82.60
82.60
82.61
82.60
82.64
82.59
82.58
82.56
82.56
82.56
82.59
82.58
82.58
82.59
82.58
82.57
82.57
82.58
82.55
82.52
82.49
82.45
82.45
82.43
82.40
82.39
82.39
82.33
82.28
82.29
82.30
82.30
82.29
82.31
82.30
82.27
82.29
82.28
82.28
82.28
82.27
82.26
82.27
82.25
82.26
82.25
82.28
82.28
82.25
82.21
82.22
82.22
82.21
82.23
82.17
82.14
82.14
82.08
82.09
82.08
82.08
82.08
82.07
82.08
82.07
82.09
82.09
82.09
82.08
82.06
82.07
82.07
82.10
82.09
82.06
82.07
82.05
82.09
82.09
82.07
82.07
82.05
82.04
82.03
82.02
81.98
81.98
81.97
81.94
81.92
81.90
81.89
81.87
81.89
81.91
81.91
81.93
81.93
81.92
81.91
81.90
81.90
81.93
81.93
81.94
81.95
81.96
81.92
81.93
81.91
81.91
81.91
81.92
81.93
81.92
81.93
81.94
81.96
81.97
81.98
81.96
81.96
81.97
81.97
81.97
81.98
81.97
82.00
82.00
82.02
82.01
82.03
82.02
82.03
82.04
82.01
82.01
82.01
82.00
81.98
82.00
81.99
81.99
81.99
81.97
81.96
81.95
81.99
81.99
81.99
82.01
82.00
81.97
81.97
81.98
81.98
81.99
81.97
81.96
81.95
81.94
81.92
81.90
81.90
81.89
81.90
81.90
81.91
81.92
81.89
81.91
81.92
81.93
81.92
81.91
81.90
81.90
81.93
81.94
81.94
81.96
81.98
81.98
81.98
81.98
81.97
81.97
81.94
81.94
81.95
81.95
81.93
81.93
81.93
81.94
81.94
81.90
81.90
81.91
81.90
81.91
81.89
81.88
81.88
81.89
81.90
81.89
81.89
81.90
81.92
81.92
81.93
81.93
81.91
81.91
81.93
81.92
81.93
81.95
81.95
81.93
81.92
81.92
81.94
81.94
81.94
81.93
81.93
81.93
81.94
81.93
81.94
81.92
81.93
81.92
81.91
81.91
81.91
81.91
81.91
81.92
81.93
81.93
81.92
81.91
81.91
81.91
81.91
81.92
81.92
81.92
81.93
81.92
81.90
81.89
81.88
81.90
81.91
81.93
81.94
81.94
81.94
81.96
81.97
81.96
81.94
81.94
81.94
81.91
81.92
81.91
81.91
81.92
81.93
81.94
81.95
81.95
81.95
81.95
81.95
81.95
81.94
81.93
81.94
81.93
81.93
81.93
81.92
81.93
81.93
81.93
81.94
81.92
81.92
81.93
81.94
81.95
81.93
81.93
81.93
81.94
81.96
81.97
81.97
81.98
81.99
81.99
81.99
82.00
82.00
82.00
82.01
82.01
82.01
81.99
81.99
81.99
81.98
81.98
81.97
81.97
81.95
81.97
81.96
81.96
81.98
81.98
81.98
81.97
81.96
81.94
81.94
81.92
81.91
81.92
81.91
81.90
81.90
81.89
81.91
81.91
81.90
81.90
81.91
81.91
81.90
81.90
81.90
81.88
81.89
81.89
81.89
81.89
81.90
81.90
81.91
81.92
81.91
81.91
81.91
81.91
81.92
81.92
81.93
81.93
81.94
81.95
81.95
81.96
81.95
81.96
81.97
81.96
81.96
81.95
81.96
81.97
81.97
81.98
81.98
81.98
82.00
82.01
82.02
82.03
82.03
82.03
82.03
82.05
82.05
82.06
82.07
82.05
82.06
82.05
82.05
82.05
82.06
82.06
82.06
82.05
82.07
82.07
82.07
82.07
82.06
82.05
82.06
82.06
82.05
82.05
82.05
82.05
82.06
82.06
82.06
82.05
82.05
82.06
82.06
82.06
82.06
82.07
82.07
82.06
82.06
82.06
82.05
82.03
82.02
82.04
82.03
82.03
82.03
82.04
82.05
82.06
82.07
82.07
82.07
82.08
82.08
82.08
82.07
82.06
82.07
82.08
82.08
82.08
82.09
82.08
82.08
82.08
82.09
82.09
82.07
82.07
82.07
82.06
82.07
82.07
82.07
82.07
82.06
82.05
82.06
82.06
82.06
82.07
82.06
82.05
82.06
82.05
82.06
82.06
82.06
82.07
82.06
82.05
82.05
82.05
82.05
82.02
82.03
82.03
82.03
82.03
82.02
82.03
82.03
82.03
82.03
82.03
82.02
82.03
82.02
82.02
82.03
82.02
82.02
82.03
82.03
82.03
82.02
82.01
82.01
81.99
81.99
82.00
82.00
82.00
82.01
82.00
81.99
81.98
81.98
81.97
81.96
81.95
81.96
81.96
81.96
81.96
81.97
81.96
81.96
81.95
81.96
81.96
81.97
81.97
81.96
81.97
81.97
81.95
81.94
81.94
81.95
81.95
81.96
81.95
81.95
81.95
81.94
81.94
81.95
81.94
81.93
81.93
81.93
81.93
81.93
81.93
81.94
81.93
81.93
81.94
81.93
81.93
81.94
81.94
81.95
81.95
81.96
81.96
81.96
81.98
81.97
81.96
81.95
81.95
81.95
81.95
81.95
81.93
81.91
81.92
81.91
81.90
81.91
81.90
81.91
81.92
81.92
81.93
81.92
81.93
81.93
81.94
81.95
81.94
81.93
81.94
81.94
81.94
81.95
81.95
81.95
81.95
81.95
81.95
81.88
