82.81
83.59
84.38
84.77
85.31
86.20
85.71
85.55
85.59
85.00
85.23
84.77
84.25
84.49
84.06
84.28
84.19
84.03
84.29
83.91
83.93
84.16
83.97
83.85
83.81
83.77
83.74
83.59
83.19
83.23
83.27
83.35
83.33
83.00
82.99
83.03
82.94
82.89
82.89
83.05
82.96
83.04
82.89
82.78
82.71
82.68
82.61
82.58
82.53
82.44
82.35
82.27
82.25
82.12
82.02
81.98
82.07
82.11
82.20
82.08
82.04
82.13
82.04
82.20
82.19
82.13
82.14
82.19
82.22
82.34
82.11
82.18
82.15
82.18
82.21
82.26
82.18
82.19
82.20
82.15
82.16
82.09
82.02
81.99
82.00
81.98
82.02
82.03
82.09
82.10
82.14
82.12
82.16
82.10
82.04
82.05
82.14
82.13
82.10
82.11
82.18
82.14
82.04
82.09
82.10
82.15
82.10
82.02
81.98
82.02
82.02
82.05
81.98
81.94
81.96
81.91
81.86
81.82
81.89
81.86
81.86
81.76
81.75
81.75
81.77
81.82
81.85
81.87
81.84
81.83
81.82
81.81
81.84
81.86
81.85
81.78
81.83
81.82
81.86
81.90
81.94
81.88
81.82
81.84
81.88
81.89
81.87
81.86
81.88
81.90
81.91
81.90
81.91
81.92
81.91
81.92
81.92
81.93
81.93
81.94
81.92
81.90
81.83
81.84
81.86
81.83
81.84
81.85
81.87
81.87
81.85
81.84
81.82
81.83
81.76
81.76
81.76
81.77
81.81
81.85
81.85
81.83
81.88
81.93
81.93
81.96
81.98
82.03
82.02
82.03
82.06
82.11
82.09
82.11
82.09
82.04
82.00
82.00
81.98
81.96
81.98
81.94
81.94
81.96
81.97
82.00
82.05
82.03
82.03
82.04
82.04
82.03
82.05
82.05
82.06
82.06
82.06
82.05
82.07
82.09
82.06
82.04
82.03
81.98
81.99
81.92
81.92
81.89
81.90
81.90
81.90
81.90
81.90
81.90
81.92
81.91
81.89
81.89
81.90
81.91
81.93
81.95
81.98
81.99
81.97
81.98
81.98
81.95
81.94
81.91
81.92
81.91
81.91
81.88
81.88
81.90
81.88
81.89
81.89
81.91
81.87
81.88
81.86
81.87
81.86
81.85
81.82
81.83
81.83
81.83
81.85
81.85
81.87
81.87
81.89
81.90
81.89
81.89
81.91
81.94
81.93
81.94
81.93
81.94
81.94
81.95
81.93
81.91
81.88
81.91
81.92
81.93
81.92
81.91
81.91
81.93
81.89
81.88
81.91
81.91
81.95
81.94
81.93
81.94
81.95
81.96
81.98
82.00
82.00
81.97
81.96
81.94
81.94
81.95
81.93
81.90
81.91
81.88
81.90
81.90
81.92
81.90
81.90
81.90
81.91
81.93
81.93
81.93
81.89
81.89
81.89
81.90
81.89
81.89
81.88
81.86
81.86
81.85
81.83
81.82
81.83
81.81
81.82
81.83
81.83
81.80
81.78
81.76
81.78
81.79
81.78
81.80
81.80
81.81
81.77
81.78
81.77
81.78
81.77
81.76
81.76
81.78
81.78
81.77
81.75
81.75
81.76
81.76
81.79
81.79
81.80
81.81
81.81
81.84
81.83
81.83
81.83
81.85
81.84
81.86
81.87
81.89
81.90
81.89
81.90
81.91
81.91
81.89
81.85
81.83
81.86
81.86
81.85
81.87
81.88
81.90
81.90
81.92
81.93
81.93
81.94
81.95
81.96
81.95
81.95
81.93
81.94
81.95
81.93
81.92
81.94
81.95
81.95
81.95
81.95
81.94
81.92
81.90
81.91
81.90
81.90
81.88
81.88
81.87
81.87
81.87
81.88
81.90
81.87
81.86
81.87
81.86
81.87
81.87
81.86
81.86
81.85
81.86
81.85
81.86
81.88
81.87
81.86
81.86
81.84
81.85
81.85
81.84
81.86
81.84
81.84
81.84
81.83
81.84
81.83
81.83
81.83
81.81
81.82
81.82
81.80
81.79
81.79
81.80
81.79
81.78
81.76
81.76
81.77
81.77
81.76
81.77
81.77
81.78
81.77
81.77
81.78
81.79
81.79
81.79
81.80
81.80
81.81
81.82
81.84
81.85
81.85
81.85
81.85
81.85
81.84
81.84
81.83
81.84
81.84
81.84
81.83
81.83
81.84
81.85
81.84
81.84
81.85
81.85
81.85
81.85
81.84
81.83
81.84
81.84
81.86
81.88
81.88
81.87
81.89
81.90
81.92
81.92
81.92
81.93
81.92
81.89
81.90
81.89
81.89
81.89
81.89
81.89
81.88
81.88
81.86
81.87
81.86
81.87
81.87
81.88
81.88
81.89
81.88
81.88
81.87
81.88
81.87
81.86
81.86
81.87
81.87
81.86
81.87
81.88
81.90
81.90
81.92
81.91
81.92
81.92
81.93
81.94
81.95
81.96
81.96
81.97
81.98
81.98
81.98
81.98
81.98
81.97
81.96
81.96
81.96
81.94
81.95
81.95
81.95
81.94
81.94
81.96
81.95
81.95
81.94
81.94
81.93
81.93
81.95
81.96
81.96
81.95
81.96
81.96
81.97
81.97
81.97
81.98
81.99
81.99
82.00
81.99
81.99
82.00
81.99
81.99
81.99
81.99
81.98
81.99
81.99
81.99
81.99
82.00
81.99
81.99
81.99
81.98
81.98
81.97
81.98
81.98
81.98
82.00
82.01
82.00
81.99
81.99
82.00
82.00
82.01
82.02
82.03
82.03
82.03
82.04
82.04
82.03
82.03
82.03
82.03
82.03
82.04
82.04
82.03
82.05
82.05
82.06
82.06
82.07
82.07
82.06
82.08
82.08
82.09
82.10
82.09
82.10
82.10
82.10
82.09
82.09
82.09
82.09
82.08
82.09
82.09
82.08
82.08
82.09
82.09
82.09
82.08
82.08
82.08
82.08
82.10
82.08
82.08
82.08
82.09
82.09
82.09
82.10
82.10
82.10
82.08
82.08
82.07
82.07
82.06
82.06
82.06
82.04
82.03
82.02
82.02
82.02
82.02
82.03
82.03
82.04
82.03
82.03
82.02
82.02
82.02
82.03
82.02
82.01
82.01
82.00
82.00
82.00
82.00
82.00
82.01
82.00
81.99
81.99
81.98
81.98
81.98
81.98
81.98
81.98
81.97
81.96
81.96
81.98
81.97
81.98
81.98
81.98
81.98
81.98
81.98
81.98
81.98
81.97
81.97
81.97
81.99
81.98
81.99
82.00
81.99
81.98
81.97
81.97
81.97
81.97
81.97
81.98
81.98
81.98
81.97
81.98
81.98
81.99
81.98
81.98
81.97
81.96
81.97
81.97
81.97
81.97
81.98
81.98
81.97
81.97
81.98
81.97
81.98
81.99
82.00
82.00
81.99
82.00
82.00
82.00
81.99
82.00
82.00
81.93
