3.12
2.34
1.56
1.56
2.19
2.60
3.12
3.12
3.30
2.97
2.98
2.86
2.76
2.57
2.50
2.54
2.94
2.95
2.96
3.05
2.98
3.05
3.06
2.93
3.00
2.88
2.78
2.73
2.69
2.76
2.72
2.73
2.75
2.85
2.99
3.04
2.96
2.96
2.96
2.93
2.90
2.86
2.87
2.91
2.85
2.85
2.83
2.83
2.77
2.72
2.70
2.70
2.71
2.69
2.67
2.68
2.69
2.72
2.78
2.76
2.74
2.77
2.75
2.73
2.76
2.72
2.78
2.76
2.76
2.77
2.82
2.78
2.78
2.74
2.75
2.73
2.74
2.72
2.71
2.70
2.68
2.67
2.71
2.72
2.68
2.71
2.68
2.65
2.63
2.62
2.63
2.63
2.64
2.63
2.62
2.65
2.66
2.65
2.67
2.69
2.72
2.73
2.72
2.72
2.72
2.71
2.70
2.68
2.68
2.70
2.72
2.69
2.68
2.67
2.69
2.69
2.70
2.67
2.69
2.70
2.71
2.72
2.72
2.75
2.75
2.75
2.73
2.72
2.74
2.74
2.72
2.75
2.75
2.75
2.78
2.81
2.84
2.83
2.83
2.82
2.80
2.78
2.79
2.77
2.77
2.75
2.73
2.74
2.75
2.75
2.77
2.79
2.81
2.79
2.78
2.77
2.76
2.77
2.78
2.78
2.77
2.77
2.76
2.76
2.77
2.77
2.77
2.77
2.76
2.78
2.77
2.77
2.76
2.77
2.76
2.77
2.76
2.76
2.74
2.73
2.72
2.71
2.72
2.71
2.70
2.71
2.70
2.71
2.70
2.71
2.72
2.71
2.70
2.71
2.71
2.70
2.70
2.71
2.70
2.71
2.71
2.72
2.72
2.71
2.73
2.73
2.75
2.74
2.74
2.75
2.75
2.76
2.77
2.77
2.78
2.77
2.79
2.79
2.79
2.78
2.79
2.78
2.77
2.76
2.76
2.74
2.74
2.74
2.74
2.76
2.75
2.75
2.76
2.76
2.75
2.76
2.75
2.74
2.73
2.73
2.74
2.74
2.73
2.73
2.72
2.72
2.71
2.71
2.70
2.70
2.70
2.70
2.71
2.71
2.71
2.72
2.72
2.71
2.71
2.72
2.72
2.73
2.73
2.73
2.74
2.73
2.73
2.74
2.74
2.73
2.73
2.73
2.73
2.74
2.73
2.73
2.74
2.75
2.76
2.76
2.76
2.77
2.77
2.77
2.77
2.78
2.77
2.77
2.76
2.76
2.77
2.77
2.78
2.78
2.78
2.78
2.77
2.76
2.75
2.75
2.75
2.75
2.74
2.74
2.74
2.74
2.73
2.73
2.74
2.74
2.74
2.74
2.73
2.74
2.73
2.73
2.75
2.74
2.74
2.74
2.75
2.75
2.76
2.76
2.76
2.76
2.75
2.75
2.76
2.76
2.77
2.77
2.76
2.76
2.76
2.75
2.75
2.76
2.76
2.76
2.75
2.76
2.77
2.78
2.78
2.77
2.77
2.77
2.77
2.76
2.76
2.75
2.76
2.75
2.75
2.74
2.75
2.75
2.76
2.76
2.76
2.77
2.76
2.77
2.79
2.79
2.79
2.79
2.79
2.79
2.78
2.78
2.79
2.79
2.79
2.78
2.77
2.77
2.78
2.78
2.78
2.77
2.78
2.79
2.79
2.78
2.79
2.79
2.79
2.79
2.79
2.79
2.81
2.80
2.80
2.81
2.81
2.81
2.80
2.80
2.81
2.81
2.81
2.81
2.81
2.81
2.80
2.80
2.80
2.80
2.81
2.81
2.81
2.81
2.80
2.82
2.83
2.83
2.83
2.83
2.84
2.84
2.84
2.83
2.83
2.83
2.82
2.82
2.82
2.83
2.82
2.82
2.83
2.84
2.84
2.84
2.84
2.84
2.84
2.85
2.86
2.85
2.86
2.85
2.85
2.85
2.85
2.85
2.86
2.86
2.86
2.86
2.85
2.85
2.86
2.85
2.85
2.86
2.85
2.85
2.85
2.86
2.86
2.86
2.85
2.85
2.84
2.85
2.85
2.84
2.85
2.85
2.86
2.86
2.87
2.87
2.87
2.88
2.88
2.87
2.87
2.87
2.87
2.87
2.88
2.89
2.88
2.88
2.89
2.89
2.88
2.88
2.88
2.88
2.88
2.88
2.88
2.88
2.88
2.88
2.88
2.88
2.89
2.90
2.89
2.89
2.89
2.89
2.89
2.89
2.89
2.89
2.89
2.89
2.89
2.89
2.88
2.88
2.88
2.89
2.89
2.88
2.88
2.89
2.89
2.90
2.91
2.91
2.90
2.90
2.90
2.91
2.91
2.91
2.91
2.91
2.92
2.92
2.92
2.92
2.93
2.93
2.93
2.92
2.92
2.92
2.92
2.92
2.92
2.92
2.92
2.91
2.91
2.91
2.91
2.90
2.91
2.91
2.91
2.91
2.91
2.91
2.91
2.91
2.90
2.90
2.90
2.90
2.91
2.90
2.90
2.90
2.90
2.90
2.90
2.90
2.90
2.90
2.90
2.89
2.89
2.88
2.88
2.88
2.88
2.89
2.89
2.90
2.89
2.89
2.89
2.89
2.89
2.89
2.89
2.89
2.89
2.89
2.89
2.89
2.89
2.89
2.89
2.89
2.89
2.89
2.89
2.89
2.89
2.89
2.89
2.90
2.90
2.90
2.91
2.90
2.90
2.89
2.90
2.90
2.90
2.89
2.89
2.89
2.89
2.89
2.89
2.89
2.89
2.89
2.88
2.88
2.88
2.88
2.87
2.87
2.87
2.87
2.87
2.87
2.88
2.88
2.88
2.88
2.87
2.87
2.87
2.87
2.87
2.87
2.87
2.87
2.87
2.87
2.87
2.87
2.88
2.88
2.88
2.88
2.89
2.88
2.88
2.89
2.89
2.88
2.88
2.88
2.88
2.87
2.87
2.88
2.88
2.88
2.88
2.88
2.88
2.87
2.87
2.87
2.87
2.86
2.86
2.86
2.86
2.86
2.86
2.86
2.86
2.85
2.85
2.86
2.86
2.86
2.86
2.85
2.85
2.85
2.84
2.84
2.84
2.84
2.84
2.84
2.84
2.84
2.84
2.84
2.84
2.83
2.83
2.83
2.83
2.83
2.83
2.83
2.84
2.84
2.84
2.84
2.85
2.85
2.85
2.85
2.85
2.85
2.85
2.85
2.85
2.86
2.86
2.86
2.86
2.86
2.86
2.86
2.86
2.86
2.86
2.86
2.86
2.86
2.86
2.86
2.86
2.86
2.86
2.85
2.85
2.85
2.86
2.85
2.85
2.86
2.86
2.86
2.86
2.86
2.86
2.86
2.86
2.86
2.86
2.86
2.86
2.87
2.86
2.86
2.86
2.86
2.86
2.85
2.85
2.85
2.85
2.85
2.85
2.85
2.84
2.84
2.84
2.84
