3.12
3.12
3.65
2.73
2.50
2.34
2.01
1.95
1.91
1.88
1.99
1.95
1.92
1.79
1.77
1.66
1.65
1.74
1.81
1.72
1.64
1.56
1.49
1.69
1.62
1.56
1.74
1.79
1.78
1.77
1.81
1.86
1.89
1.88
1.92
1.87
1.86
1.93
1.92
1.99
2.02
2.05
2.00
1.99
2.01
2.00
1.96
1.99
1.98
1.97
1.99
2.07
2.12
2.11
2.10
2.12
2.17
2.18
2.15
2.16
2.18
2.22
2.26
2.32
2.28
2.27
2.24
2.21
2.20
2.19
2.24
2.28
2.29
2.26
2.25
2.24
2.21
2.22
2.22
2.23
2.26
2.23
2.24
2.25
2.24
2.23
2.23
2.22
2.19
2.20
2.21
2.19
2.22
2.19
2.17
2.18
2.29
2.26
2.24
2.23
2.23
2.25
2.25
2.24
2.25
2.27
2.28
2.27
2.32
2.36
2.34
2.36
2.38
2.40
2.39
2.41
2.42
2.41
2.39
2.38
2.36
2.36
2.35
2.37
2.36
2.34
2.37
2.40
2.40
2.42
2.40
2.39
2.38
2.39
2.40
2.38
2.36
2.34
2.33
2.33
2.34
2.32
2.33
2.37
2.37
2.38
2.40
2.40
2.40
2.41
2.39
2.38
2.38
2.36
2.36
2.35
2.34
2.34
2.36
2.36
2.36
2.35
2.38
2.38
2.39
2.38
2.40
2.39
2.38
2.37
2.37
2.36
2.35
2.35
2.35
2.34
2.34
2.33
2.33
2.33
2.31
2.31
2.31
2.31
2.31
2.30
2.30
2.29
2.28
2.29
2.28
2.28
2.27
2.27
2.26
2.27
2.27
2.26
2.25
2.28
2.27
2.27
2.26
2.27
2.26
2.26
2.25
2.24
2.25
2.26
2.25
2.24
2.24
2.23
2.23
2.25
2.28
2.27
2.28
2.27
2.28
2.27
2.28
2.28
2.29
2.30
2.30
2.31
2.30
2.29
2.28
2.29
2.28
2.28
2.28
2.29
2.28
2.28
2.28
2.27
2.26
2.25
2.28
2.27
2.27
2.27
2.28
2.27
2.27
2.27
2.28
2.27
2.27
2.27
2.27
2.28
2.27
2.27
2.26
2.26
2.26
2.27
2.28
2.27
2.27
2.27
2.27
2.27
2.27
2.28
2.29
2.29
2.28
2.29
2.28
2.29
2.29
2.28
2.28
2.28
2.27
2.28
2.27
2.27
2.26
2.26
2.26
2.27
2.26
2.27
2.27
2.26
2.27
2.27
2.27
2.28
2.28
2.29
2.29
2.30
2.29
2.29
2.29
2.32
2.32
2.32
2.32
2.32
2.32
2.31
2.31
2.31
2.33
2.32
2.31
2.31
2.32
2.32
2.32
2.31
2.30
2.31
2.31
2.32
2.33
2.32
2.33
2.32
2.32
2.32
2.31
2.31
2.31
2.31
2.31
2.31
2.31
2.31
2.31
2.32
2.31
2.31
2.31
2.31
2.31
2.31
2.31
2.30
2.30
2.30
2.30
2.30
2.31
2.31
2.32
2.32
2.31
2.31
2.32
2.32
2.32
2.33
2.34
2.34
2.34
2.34
2.35
2.34
2.34
2.34
2.33
2.33
2.32
2.32
2.33
2.33
2.33
2.32
2.32
2.32
2.32
2.32
2.33
2.33
2.33
2.32
2.32
2.32
2.32
2.32
2.32
2.32
2.31
2.31
2.31
2.31
2.31
2.30
2.30
2.29
2.29
2.29
2.29
2.29
2.28
2.29
2.28
2.28
2.28
2.28
2.28
2.28
2.27
2.27
2.27
2.26
2.27
2.27
2.27
2.28
2.29
2.29
2.29
2.29
2.29
2.30
2.30
2.30
2.30
2.30
2.31
2.31
2.31
2.31
2.31
2.31
2.31
2.32
2.31
2.31
2.31
2.32
2.32
2.32
2.32
2.32
2.32
2.32
2.31
2.31
2.31
2.31
2.31
2.31
2.30
2.30
2.30
2.29
2.29
2.29
2.29
2.29
2.29
2.29
2.29
2.29
2.29
2.29
2.29
2.29
2.28
2.28
2.27
2.28
2.28
2.28
2.27
2.28
2.27
2.27
2.27
2.27
2.26
2.26
2.26
2.27
2.27
2.27
2.27
2.28
2.28
2.27
2.27
2.27
2.27
2.27
2.27
2.27
2.26
2.26
2.26
2.26
2.26
2.26
2.26
2.26
2.27
2.27
2.27
2.27
2.27
2.27
2.28
2.27
2.28
2.28
2.27
2.27
2.28
2.28
2.28
2.28
2.28
2.29
2.28
2.28
2.29
2.29
2.29
2.28
2.29
2.28
2.28
2.28
2.28
2.27
2.28
2.27
2.28
2.27
2.28
2.28
2.27
2.28
2.28
2.28
2.28
2.28
2.28
2.28
2.28
2.28
2.28
2.28
2.28
2.28
2.28
2.28
2.27
2.27
2.28
2.28
2.28
2.28
2.28
2.29
2.30
2.29
2.29
2.29
2.30
2.30
2.30
2.31
2.31
2.31
2.31
2.31
2.30
2.30
2.29
2.30
2.30
2.30
2.30
2.30
2.29
2.29
2.29
2.30
2.29
2.30
2.30
2.30
2.30
2.30
2.30
2.30
2.30
2.30
2.29
2.30
2.30
2.30
2.30
2.31
2.31
2.31
2.30
2.31
2.31
2.32
2.32
2.32
2.32
2.31
2.31
2.31
2.31
2.31
2.31
2.31
2.31
2.31
2.30
2.31
2.31
2.31
2.31
2.31
2.31
2.31
2.32
2.31
2.31
2.31
2.31
2.31
2.31
2.31
2.31
2.30
2.30
2.30
2.30
2.30
2.30
2.29
2.29
2.29
2.28
2.28
2.28
2.28
2.28
2.29
2.28
2.28
2.28
2.27
2.28
2.28
2.27
2.28
