0.00
0.00
0.00
0.00
0.31
0.52
0.45
0.39
0.35
0.31
0.28
0.26
0.24
0.33
0.42
0.49
0.55
0.52
0.49
0.47
0.45
0.43
0.41
0.39
0.38
0.36
0.35
0.33
0.43
0.42
0.40
0.39
0.38
0.37
0.36
0.35
0.34
0.33
0.32
0.31
0.30
0.30
0.29
0.32
0.31
0.31
0.33
0.33
0.32
0.31
0.31
0.33
0.32
0.32
0.31
0.31
0.30
0.30
0.32
0.31
0.31
0.30
0.32
0.32
0.31
0.33
0.33
0.32
0.32
0.31
0.31
0.30
0.30
0.32
0.31
0.31
0.30
0.34
0.34
0.33
0.33
0.32
0.32
0.32
0.31
0.31
0.31
0.30
0.30
0.30
0.31
0.31
0.30
0.33
0.33
0.33
0.32
0.32
0.33
0.33
0.32
0.32
0.33
0.33
0.33
0.32
0.32
0.32
0.33
0.33
0.32
0.32
0.32
0.32
0.31
0.31
0.31
0.30
0.30
0.30
0.30
0.29
0.29
0.30
0.30
0.31
0.33
0.33
0.33
0.34
0.33
0.33
0.33
0.33
0.32
0.33
0.33
0.33
0.33
0.32
0.33
0.34
0.34
0.35
0.34
0.34
0.34
0.34
0.35
0.34
0.35
0.35
0.36
0.36
0.35
0.36
0.36
0.36
0.35
0.35
0.35
0.36
0.35
0.35
0.36
0.36
0.36
0.35
0.36
0.36
0.36
0.35
0.35
0.36
0.36
0.36
0.36
0.36
0.36
0.36
0.35
0.35
0.35
0.36
0.35
0.36
0.36
0.36
0.36
0.36
0.36
0.36
0.36
0.35
0.35
0.35
0.35
0.35
0.35
0.36
0.36
0.36
0.36
0.36
0.36
0.36
0.36
0.36
0.36
0.36
0.36
0.35
0.36
0.36
0.36
0.35
0.35
0.35
0.36
0.36
0.35
0.35
0.36
0.36
0.35
0.35
0.35
0.35
0.35
0.35
0.34
0.34
0.34
0.34
0.34
0.34
0.35
0.35
0.35
0.35
0.35
0.35
0.35
0.35
0.34
0.34
0.34
0.34
0.34
0.34
0.34
0.33
0.33
0.33
0.34
0.34
0.33
0.34
0.34
0.34
0.34
0.34
0.34
0.34
0.34
0.33
0.33
0.33
0.34
0.34
0.33
0.34
0.34
0.34
0.34
0.33
0.33
0.34
0.34
0.33
0.33
0.33
0.34
0.34
0.34
0.34
0.34
0.34
0.34
0.33
0.33
0.33
0.33
0.33
0.33
0.33
0.33
0.33
0.33
0.33
0.33
0.33
0.32
0.32
0.32
0.32
0.32
0.32
0.32
0.32
0.32
0.32
0.32
0.32
0.32
0.32
0.32
0.32
0.32
0.32
0.33
0.33
0.32
0.32
0.32
0.32
0.32
0.32
0.32
0.33
0.33
0.33
0.33
0.33
0.33
0.33
0.32
0.33
0.33
0.33
0.33
0.34
0.34
0.34
0.34
0.34
0.34
0.34
0.34
0.34
0.34
0.34
0.34
0.34
0.34
0.34
0.34
0.34
0.34
0.33
0.33
0.33
0.33
0.33
0.33
0.33
0.33
0.33
0.33
0.33
0.32
0.32
0.32
0.32
0.32
0.32
0.32
0.32
0.32
0.32
0.32
0.32
0.32
0.32
0.32
0.32
0.32
0.32
0.32
0.32
0.32
0.32
0.32
0.32
0.32
0.32
0.31
0.31
0.31
0.31
0.31
0.31
0.31
0.31
0.31
0.31
0.31
0.31
0.31
0.32
0.32
0.31
0.31
0.31
0.31
0.31
0.31
0.31
0.31
0.32
0.32
0.31
0.31
0.31
0.31
0.32
0.31
0.31
0.31
0.32
0.32
0.32
0.32
0.32
0.32
0.32
0.32
0.32
0.32
0.32
0.32
0.32
0.32
0.32
0.32
0.32
0.32
0.32
0.32
0.32
0.32
0.32
0.32
0.32
0.33
0.33
0.32
0.32
0.33
0.33
0.33
0.33
0.33
0.33
0.33
0.33
0.33
0.33
0.33
0.33
0.33
0.33
0.33
0.33
0.34
0.33
0.33
0.33
0.33
0.33
0.33
0.33
0.33
0.34
0.34
0.33
0.33
0.33
0.33
0.33
0.33
0.33
0.33
0.33
0.33
0.33
0.33
0.33
0.33
0.33
0.33
0.33
0.33
0.33
0.33
0.33
0.33
0.33
0.33
0.32
0.33
0.33
0.33
0.33
0.33
0.33
0.33
0.33
0.33
0.33
0.33
0.33
0.33
0.33
0.33
0.33
0.33
0.33
0.33
0.33
0.33
0.33
0.33
0.33
0.33
0.33
0.33
0.33
0.32
0.32
0.32
0.32
0.32
0.32
0.32
0.32
0.32
0.32
0.32
0.32
0.32
0.32
0.32
0.32
0.32
0.32
0.32
0.32
0.32
0.32
0.32
0.32
0.32
0.32
0.32
0.32
0.32
0.32
0.32
0.32
0.32
0.32
0.32
0.32
0.32
0.32
0.32
0.32
0.32
0.32
0.32
0.32
0.32
0.32
0.32
0.32
0.32
0.33
0.33
0.33
0.33
0.33
0.33
0.33
0.33
0.33
0.33
0.33
0.33
0.33
0.33
0.33
0.33
0.33
0.33
0.32
0.33
0.33
0.33
0.33
0.33
0.33
0.33
0.33
0.33
0.33
0.33
0.33
0.33
0.33
0.33
0.33
0.33
0.33
0.33
0.33
0.33
0.33
0.33
0.32
0.32
0.33
0.33
0.33
0.33
0.33
0.33
0.33
0.33
0.33
0.33
0.33
0.33
0.33
0.33
0.33
0.33
0.33
0.33
0.33
0.33
0.33
0.33
0.34
0.34
0.34
0.34
0.34
0.34
0.34
0.34
0.34
0.34
0.34
0.34
0.34
0.34
0.34
0.34
0.34
0.34
0.34
0.34
0.34
0.34
0.34
0.34
0.34
0.34
0.34
0.34
0.34
0.34
0.34
0.34
0.33
0.33
0.33
0.33
0.33
0.33
0.33
0.33
0.33
0.34
0.34
0.34
0.34
0.34
0.33
0.33
0.33
0.34
0.34
0.34
0.34
0.34
0.34
0.34
0.34
0.34
0.34
0.34
0.34
0.34
0.34
0.34
0.34
0.34
0.34
0.34
0.34
0.34
0.34
0.34
0.34
0.34
0.34
0.34
0.34
0.34
0.34
0.34
0.34
0.34
0.34
0.33
0.33
0.33
0.33
0.34
0.33
0.33
0.33
0.33
0.33
0.33
0.34
0.34
0.34
0.34
0.34
0.34
0.34
0.35
0.35
0.35
0.35
0.35
0.35
0.35
0.35
0.35
0.35
0.35
0.35
0.35
0.35
0.35
0.35
0.35
0.35
0.35
0.35
0.35
0.35
0.35
0.35
0.35
0.35
0.35
0.35
