84.38
82.03
82.81
82.42
83.12
83.33
83.71
84.38
83.51
83.91
83.81
83.20
83.05
83.15
82.60
82.23
82.17
82.55
82.65
82.50
82.44
82.32
82.68
82.68
83.06
82.69
82.58
82.48
82.60
82.66
82.51
82.47
82.67
82.63
82.63
82.55
82.43
82.28
82.29
82.27
82.32
82.11
82.12
81.92
81.81
81.76
81.85
81.84
81.89
81.81
81.89
81.88
81.96
81.94
81.99
81.81
81.72
81.63
81.59
81.54
81.76
81.80
81.85
81.96
81.97
82.05
82.11
82.17
82.20
82.19
82.17
82.16
82.23
82.24
82.31
82.28
82.28
82.23
82.22
82.15
82.18
82.13
82.06
82.01
82.00
81.90
81.97
81.96
82.00
82.00
81.99
82.00
81.94
82.00
82.06
82.10
82.02
82.06
82.09
81.98
81.99
81.95
81.98
81.96
81.90
81.94
81.89
81.87
81.82
81.78
81.74
81.72
81.69
81.67
81.67
81.67
81.62
81.69
81.70
81.76
81.75
81.81
81.82
81.87
81.92
81.97
82.00
81.98
81.94
81.85
81.81
81.85
81.84
81.83
81.76
81.78
81.75
81.74
81.79
81.80
81.82
81.82
81.84
81.77
81.76
81.77
81.75
81.73
81.75
81.78
81.81
81.77
81.73
81.72
81.74
81.72
81.71
81.74
81.76
81.78
81.74
81.79
81.81
81.79
81.75
81.79
81.78
81.74
81.74
81.74
81.74
81.72
81.68
81.73
81.69
81.69
81.72
81.72
81.73
81.74
81.72
81.71
81.71
81.68
81.72
81.75
81.79
81.83
81.80
81.83
81.79
81.81
81.78
81.78
81.82
81.78
81.77
81.79
81.81
81.81
81.85
81.88
81.94
81.95
81.93
81.90
81.90
81.91
81.89
81.85
81.83
81.83
81.84
81.83
81.80
81.79
81.77
81.80
81.78
81.80
81.82
81.85
81.84
81.82
81.82
81.82
81.80
81.79
81.82
81.83
81.86
81.86
81.83
81.82
81.84
81.84
81.84
81.85
81.87
81.88
81.90
81.90
81.90
81.88
81.89
81.90
81.90
81.91
81.93
81.91
81.91
81.89
81.89
81.90
81.93
81.91
81.89
81.86
81.87
81.83
81.78
81.81
81.81
81.82
81.82
81.84
81.82
81.83
81.83
81.81
81.82
81.82
81.81
81.83
81.79
81.78
81.76
81.72
81.73
81.73
81.73
81.70
81.72
81.73
81.74
81.77
81.79
81.80
81.81
81.82
81.84
81.83
81.82
81.81
81.80
81.80
81.82
81.81
81.80
81.80
81.80
81.80
81.79
81.76
81.78
81.78
81.81
81.80
81.79
81.79
81.80
81.80
81.79
81.80
81.80
81.81
81.80
81.78
81.79
81.74
81.74
81.75
81.77
81.76
81.77
81.78
81.77
81.78
81.80
81.81
81.79
81.75
81.75
81.77
81.76
81.75
81.75
81.73
81.73
81.73
81.74
81.74
81.75
81.75
81.76
81.76
81.77
81.78
81.76
81.77
81.77
81.76
81.78
81.78
81.80
81.79
81.80
81.81
81.82
81.84
81.82
81.84
81.85
81.84
81.85
81.86
81.88
81.90
81.88
81.86
81.84
81.82
81.83
81.82
81.83
81.83
81.83
81.81
81.83
81.84
81.82
81.84
81.83
81.84
81.84
81.83
81.84
81.83
81.84
81.82
81.84
81.84
81.85
81.84
81.84
81.85
81.85
81.87
81.88
81.88
81.88
81.88
81.89
81.89
81.89
81.89
81.88
81.88
81.88
81.87
81.85
81.86
81.86
81.87
81.87
81.85
81.85
81.86
81.85
81.87
81.87
81.87
81.86
81.85
81.83
81.81
81.84
81.87
81.87
81.86
81.87
81.88
81.88
81.86
81.86
81.86
81.83
81.83
81.84
81.85
81.84
81.85
81.86
81.86
81.87
81.88
81.88
81.87
81.86
81.86
81.86
81.85
81.85
81.87
81.88
81.88
81.88
81.90
81.90
81.89
81.89
81.88
81.87
81.88
81.89
81.88
81.89
81.90
81.91
81.90
81.92
81.94
81.94
81.95
81.96
81.97
81.98
81.98
81.98
81.97
81.97
81.98
81.99
81.99
81.99
81.99
82.00
82.00
81.99
81.99
81.98
81.97
81.96
81.95
81.94
81.93
81.93
81.94
81.94
81.95
81.95
81.94
81.94
81.95
81.96
81.95
81.95
81.95
81.96
81.96
81.96
81.97
81.97
81.98
81.97
81.96
81.95
81.94
81.93
81.92
81.93
81.92
81.93
81.93
81.94
81.94
81.94
81.93
81.92
81.94
81.94
81.94
81.95
81.95
81.95
81.95
81.95
81.95
81.94
81.94
81.93
81.93
81.93
81.94
81.94
81.94
81.92
81.92
81.91
81.91
81.91
81.91
81.93
81.94
81.93
81.94
81.94
81.94
81.93
81.94
81.95
81.95
81.95
81.95
81.95
81.96
81.95
81.95
81.96
81.95
81.95
81.94
81.93
81.94
81.94
81.93
81.92
81.93
81.93
81.93
81.93
81.91
81.91
81.91
81.91
81.89
81.89
81.89
81.90
81.90
81.89
81.89
81.89
81.88
81.89
81.90
81.91
81.89
81.88
81.89
81.88
81.88
81.89
81.90
81.89
81.90
81.91
81.91
81.91
81.89
81.88
81.87
81.87
81.85
81.86
81.85
81.87
81.88
81.88
81.88
81.88
81.88
81.88
81.88
81.86
81.87
81.86
81.88
81.87
81.88
81.89
81.88
81.88
81.88
81.88
81.88
81.87
81.88
81.89
81.88
81.88
81.89
81.90
81.90
81.90
81.91
81.91
81.91
81.91
81.92
81.91
81.91
81.91
81.91
81.92
81.93
81.94
81.94
81.94
81.95
81.95
81.96
81.96
81.97
81.98
81.97
81.97
81.97
81.98
81.99
81.99
81.99
81.98
81.98
81.97
81.98
81.97
81.97
81.97
81.96
81.95
81.95
81.94
81.95
81.94
81.94
81.94
81.95
81.96
81.95
81.96
81.94
81.94
81.94
81.95
81.95
81.96
81.95
81.95
81.96
81.96
81.97
81.97
81.96
81.97
81.97
81.96
81.97
81.97
81.98
81.99
81.97
81.97
81.98
81.99
81.99
81.99
81.98
81.98
81.98
81.97
81.98
81.98
81.99
81.98
81.97
81.97
81.97
81.97
81.98
81.96
81.97
81.97
81.97
81.97
81.96
81.95
81.94
81.94
81.94
81.95
81.96
81.95
81.93
81.94
81.93
81.92
81.92
81.92
81.92
81.92
81.93
81.94
81.95
81.94
81.94
81.94
81.93
81.93
81.92
81.92
81.91
81.91
81.92
81.91
81.91
81.89
81.89
81.90
81.89
81.90
81.90
81.91
81.91
81.91
81.92
81.93
81.93
81.94
81.93
81.94
81.87
