87.50
85.16
80.73
81.64
81.88
81.77
81.92
81.84
82.12
81.25
81.25
80.86
81.25
81.47
81.15
81.35
81.43
81.51
81.00
80.47
80.51
80.68
80.30
80.14
80.00
80.05
79.51
79.46
79.58
79.84
79.59
79.83
79.83
79.78
79.91
80.30
79.98
79.98
80.09
79.96
79.84
79.80
80.05
80.15
80.28
80.43
80.52
80.47
80.64
80.66
80.55
80.59
80.51
80.47
80.51
80.55
80.59
80.66
80.69
80.65
80.53
80.57
80.56
80.52
80.53
80.68
80.64
80.51
80.48
80.56
80.44
80.32
80.39
80.45
80.42
80.41
80.38
80.37
80.48
80.59
80.69
80.70
80.69
80.64
80.64
80.60
80.64
80.63
80.58
80.64
80.60
80.59
80.56
80.63
80.58
80.53
80.53
80.56
80.57
80.59
80.51
80.44
80.39
80.42
80.46
80.47
80.48
80.41
80.38
80.37
80.39
80.44
80.52
80.44
80.45
80.40
80.41
80.34
80.32
80.29
80.32
80.30
80.27
80.30
80.29
80.31
80.25
80.25
80.27
80.29
80.31
80.31
80.38
80.41
80.44
80.48
80.43
80.34
80.35
80.38
80.39
80.40
80.45
80.41
80.39
80.35
80.33
80.38
80.31
80.32
80.36
80.32
80.35
80.39
80.43
80.44
80.43
80.38
80.36
80.33
80.39
80.37
80.35
80.36
80.36
80.37
80.40
80.39
80.42
80.40
80.37
80.38
80.38
80.39
80.38
80.40
80.40
80.37
80.39
80.43
80.44
80.43
80.43
80.45
80.46
80.47
80.42
80.41
80.39
80.36
80.37
80.40
80.38
80.35
80.34
80.33
80.31
80.36
80.35
80.34
80.36
80.34
80.35
80.32
80.30
80.30
80.28
80.27
80.26
80.24
80.23
80.20
80.25
80.26
80.23
80.22
80.26
80.22
80.23
80.21
80.22
80.22
80.21
80.17
80.17
80.12
80.08
80.06
80.12
80.17
80.16
80.13
80.11
80.13
80.12
80.08
80.13
80.11
80.15
80.14
80.13
80.11
80.10
80.10
80.10
80.11
80.16
80.14
80.16
80.15
80.16
80.15
80.15
80.13
80.14
80.14
80.13
80.12
80.15
80.16
80.15
80.12
80.09
80.10
80.11
80.10
80.09
80.10
80.11
80.07
80.07
80.09
80.09
80.11
80.12
80.12
80.14
80.19
80.21
80.18
80.19
80.19
80.17
80.19
80.19
80.19
80.18
80.20
80.18
80.19
80.19
80.19
80.20
80.20
80.16
80.17
80.19
80.17
80.15
80.16
80.17
80.17
80.17
80.21
80.23
80.25
80.23
80.24
80.24
80.25
80.23
80.24
80.25
80.26
80.23
80.23
80.23
80.23
80.24
80.24
80.26
80.28
80.29
80.31
80.31
80.32
80.29
80.29
80.29
80.27
80.24
80.23
80.25
80.25
80.28
80.30
80.30
80.30
80.33
80.34
80.33
80.33
80.33
80.31
80.29
80.29
80.31
80.29
80.31
80.29
80.31
80.31
80.29
80.29
80.31
80.31
80.27
80.25
80.26
80.26
80.26
80.25
80.25
80.25
80.24
80.22
80.20
80.20
80.20
80.20
80.21
80.20
80.19
80.18
80.16
80.17
80.17
80.17
80.16
80.16
80.16
80.14
80.15
80.15
80.19
80.20
80.20
80.20
80.19
80.16
80.15
80.17
80.17
80.17
80.15
80.12
80.12
80.12
80.13
80.13
80.13
80.15
80.13
80.14
80.14
80.13
80.13
80.12
80.13
80.12
80.13
80.12
80.11
80.11
80.11
80.10
80.10
80.12
80.13
80.12
80.12
80.12
80.10
80.10
80.10
80.11
80.10
80.10
80.09
80.09
80.08
80.06
80.07
80.08
80.08
80.08
80.09
80.09
80.09
80.10
80.10
80.10
80.11
80.10
80.11
80.12
80.13
80.13
80.15
80.15
80.16
80.15
80.15
80.15
80.15
80.15
80.14
80.14
80.14
80.14
80.13
80.15
80.16
80.14
80.12
80.11
80.12
80.11
80.11
80.12
80.13
80.12
80.11
80.09
80.09
80.06
80.05
80.03
80.03
80.04
80.04
80.05
80.06
80.07
80.06
80.06
80.05
80.05
80.06
80.05
80.03
80.05
80.05
80.03
80.03
80.04
80.04
80.04
80.04
80.04
80.06
80.08
80.06
80.07
80.08
80.07
80.07
80.08
80.10
80.09
80.11
80.09
80.08
80.07
80.07
80.08
80.08
80.09
80.07
80.07
80.08
80.08
80.09
80.09
80.09
80.09
80.08
80.08
80.08
80.09
80.09
80.08
80.09
80.08
80.08
80.10
80.11
80.11
80.12
80.13
80.14
80.15
80.15
80.16
80.17
80.15
80.14
80.15
80.15
80.14
80.15
80.14
80.16
80.14
80.17
80.17
80.16
80.16
80.15
80.14
80.15
80.14
80.14
80.14
80.13
80.13
80.13
80.12
80.10
80.12
80.14
80.14
80.14
80.15
80.15
80.16
80.14
80.14
80.14
80.14
80.13
80.12
80.14
80.14
80.13
80.14
80.15
80.15
80.14
80.14
80.15
80.15
80.14
80.15
80.15
80.15
80.16
80.16
80.16
80.17
80.16
80.18
80.18
80.18
80.19
80.20
80.20
80.20
80.21
80.20
80.21
80.22
80.21
80.22
80.21
80.20
80.21
80.22
80.22
80.22
80.22
80.22
80.22
80.23
80.23
80.24
80.24
80.24
80.25
80.26
80.27
80.27
80.25
80.25
80.25
80.26
80.27
80.27
80.26
80.27
80.27
80.26
80.27
80.27
80.27
80.27
80.26
80.26
80.25
80.25
80.24
80.24
80.23
80.23
80.21
80.20
80.20
80.20
80.19
80.20
80.20
80.20
80.19
80.20
80.21
80.21
80.22
80.23
80.23
80.22
80.23
80.22
80.22
80.22
80.21
80.21
80.22
80.22
80.22
80.24
80.24
80.24
80.23
80.24
80.26
80.26
80.26
80.26
80.26
80.26
80.26
80.27
80.26
80.27
80.27
80.27
80.27
80.27
80.28
80.29
80.29
80.30
80.30
80.29
80.28
80.29
80.29
80.30
80.30
80.31
80.32
80.31
80.31
80.30
80.30
80.29
80.29
80.29
80.29
80.28
80.28
80.27
80.27
80.29
80.28
80.29
80.29
80.30
80.29
80.30
80.29
80.28
80.27
80.26
80.27
80.27
80.27
80.27
80.27
80.27
80.28
80.27
80.28
80.28
80.27
80.28
80.30
80.29
80.29
80.29
80.29
80.29
80.30
80.29
80.29
80.29
80.30
80.30
80.29
80.28
80.30
80.32
80.32
80.31
80.31
80.32
80.32
80.32
80.32
80.32
80.33
80.34
80.35
80.36
80.37
80.37
80.37
80.36
80.36
80.35
80.36
80.28
