90.62
86.72
84.90
83.98
83.44
82.81
82.81
82.42
81.60
81.72
81.96
81.25
80.89
80.02
80.42
80.47
80.24
80.30
80.51
80.39
80.36
80.97
80.77
80.92
80.56
80.89
80.79
80.58
80.71
80.83
81.10
81.10
81.01
81.20
81.25
81.34
81.25
81.41
81.37
81.41
81.33
81.14
81.03
81.07
81.18
81.11
81.02
81.02
80.80
80.72
80.85
80.95
81.10
81.13
81.28
81.17
81.20
81.12
81.04
81.09
81.02
81.02
81.00
81.01
81.06
81.16
81.16
81.14
81.11
81.09
81.05
80.99
81.04
81.12
81.19
81.17
81.15
81.19
81.17
81.15
81.11
81.15
81.17
81.25
81.23
81.32
81.29
81.23
81.36
81.37
81.40
81.44
81.52
81.45
81.51
81.48
81.52
81.47
81.57
81.64
81.65
81.76
81.81
81.81
81.82
81.85
81.89
81.87
81.85
81.90
81.86
81.92
81.93
81.95
81.97
81.95
81.96
81.98
82.00
82.02
82.09
82.15
82.11
82.11
82.10
82.09
82.14
82.09
82.18
82.22
82.24
82.19
82.15
82.21
82.16
82.18
82.21
82.19
82.18
82.18
82.19
82.21
82.17
82.25
82.30
82.23
82.22
82.23
82.24
82.26
82.31
82.29
82.32
82.30
82.32
82.30
82.28
82.31
82.33
82.33
82.32
82.31
82.32
82.33
82.24
82.25
82.22
82.22
82.21
82.23
82.25
82.28
82.29
82.27
82.26
82.24
82.25
82.21
82.18
82.11
82.10
82.13
82.16
82.12
82.11
82.12
82.11
82.09
82.11
82.11
82.12
82.14
82.15
82.14
82.19
82.21
82.22
82.18
82.18
82.16
82.16
82.16
82.11
82.12
82.09
82.11
82.10
82.09
82.09
82.08
82.03
82.01
82.00
81.97
81.98
81.97
81.95
81.94
81.91
81.87
81.84
81.84
81.85
81.84
81.83
81.85
81.84
81.86
81.88
81.90
81.87
81.88
81.87
81.86
81.88
81.89
81.90
81.89
81.91
81.90
81.86
81.82
81.81
81.82
81.82
81.84
81.83
81.83
81.83
81.83
81.80
81.83
81.82
81.83
81.84
81.85
81.86
81.89
81.91
81.92
81.94
81.94
81.92
81.94
81.95
81.97
81.98
82.00
81.98
81.96
81.99
82.01
82.03
82.04
82.01
82.00
82.02
82.01
81.98
81.96
81.97
81.96
81.95
81.93
81.95
81.94
81.96
81.94
81.95
81.94
81.94
81.93
81.96
81.95
81.95
81.95
81.97
81.95
81.96
81.96
81.94
81.92
81.94
81.95
81.95
81.94
81.93
81.96
81.93
81.93
81.94
81.94
81.96
81.98
81.97
81.98
82.01
82.00
82.00
82.03
82.01
82.01
81.99
81.99
82.00
82.01
82.00
81.99
81.98
81.97
81.96
81.98
81.99
81.98
81.99
82.01
82.03
82.05
82.02
82.03
82.04
82.06
82.05
82.04
82.03
82.04
82.04
82.02
82.02
82.02
82.02
81.99
81.96
81.97
81.97
81.96
81.97
81.97
81.98
81.98
81.98
81.98
81.98
81.97
81.98
81.98
81.97
81.97
81.95
81.96
81.95
81.96
81.95
81.96
81.95
81.96
81.96
81.94
81.93
81.92
81.90
81.91
81.91
81.90
81.89
81.88
81.86
81.88
81.88
81.88
81.87
81.88
81.89
81.90
81.91
81.91
81.92
81.92
81.93
81.93
81.94
81.95
81.95
81.95
81.94
81.94
81.94
81.96
81.94
81.92
81.92
81.92
81.92
81.93
81.93
81.92
81.91
81.91
81.90
81.87
81.84
81.85
81.84
81.84
81.86
81.84
81.85
81.85
81.88
81.87
81.88
81.86
81.87
81.85
81.84
81.85
81.86
81.84
81.83
81.83
81.84
81.83
81.84
81.84
81.84
81.84
81.83
81.84
81.84
81.84
81.88
81.87
81.87
81.88
81.89
81.87
81.87
81.87
81.87
81.87
81.86
81.87
81.87
81.88
81.87
81.88
81.86
81.87
81.87
81.87
81.87
81.87
81.87
81.89
81.91
81.92
81.91
81.91
81.92
81.92
81.93
81.94
81.94
81.94
81.95
81.95
81.96
81.96
81.96
81.98
81.97
81.98
81.98
81.98
81.97
81.97
81.97
81.96
81.97
81.95
81.95
81.96
81.96
81.96
81.97
81.98
81.97
81.95
81.96
81.95
81.96
81.96
81.97
81.98
81.98
81.97
81.97
81.97
81.98
81.97
81.96
81.96
81.96
81.96
81.95
81.95
81.94
81.94
81.94
81.95
81.94
81.94
81.93
81.91
81.93
81.93
81.93
81.92
81.93
81.94
81.93
81.92
81.93
81.93
81.94
81.94
81.94
81.95
81.95
81.92
81.93
81.94
81.93
81.93
81.93
81.93
81.92
81.93
81.93
81.93
81.94
81.95
81.96
81.95
81.95
81.95
81.94
81.93
81.93
81.92
81.90
81.91
81.91
81.90
81.89
81.89
81.89
81.88
81.89
81.89
81.90
81.89
81.89
81.89
81.89
81.88
81.89
81.89
81.89
81.87
81.88
81.88
81.90
81.90
81.90
81.90
81.90
81.90
81.92
81.92
81.94
81.92
81.92
81.92
81.93
81.94
81.95
81.94
81.95
81.94
81.94
81.93
81.94
81.95
81.93
81.93
81.95
81.93
81.93
81.95
81.96
81.95
81.95
81.95
81.92
81.93
81.93
81.93
81.94
81.95
81.96
81.94
81.95
81.93
81.94
81.94
81.95
81.96
81.96
81.95
81.95
81.96
81.94
81.94
81.94
81.94
81.95
81.96
81.96
81.96
81.95
81.94
81.94
81.93
81.93
81.94
81.94
81.94
81.94
81.95
81.94
81.93
81.93
81.94
81.94
81.94
81.94
81.94
81.95
81.94
81.95
81.95
81.95
81.95
81.94
81.93
81.93
81.92
81.93
81.93
81.92
81.91
81.90
81.92
81.90
81.91
81.89
81.89
81.89
81.89
81.89
81.89
81.89
81.89
81.89
81.89
81.89
81.90
81.89
81.89
81.88
81.89
81.90
81.90
81.91
81.91
81.90
81.88
81.87
81.87
81.86
81.87
81.88
81.89
81.89
81.89
81.90
81.90
81.90
81.90
81.89
81.89
81.90
81.90
81.89
81.89
81.89
81.89
81.89
81.89
81.89
81.88
81.87
81.87
81.86
81.87
81.88
81.87
81.88
81.89
81.89
81.89
81.89
81.90
81.89
81.91
81.91
81.90
81.89
81.90
81.90
81.91
81.91
81.92
81.92
81.92
81.93
81.93
81.92
81.92
81.93
81.93
81.95
81.95
81.94
81.94
81.94
81.95
81.95
81.95
81.95
81.93
81.94
81.93
81.91
81.90
81.90
81.90
81.91
81.91
81.92
81.84
