79.69
80.47
78.65
78.52
78.75
80.21
80.58
80.86
81.08
81.72
81.11
80.99
81.49
81.47
81.77
81.64
81.62
82.12
82.15
82.11
81.62
81.46
81.52
81.77
81.56
81.43
81.42
81.42
81.47
81.30
81.20
81.30
81.06
81.16
81.25
81.29
81.29
81.21
81.41
81.37
81.59
81.66
81.47
81.43
81.49
81.59
81.55
81.48
81.28
81.25
81.46
81.55
81.52
81.66
81.53
81.56
81.55
81.36
81.17
81.09
81.02
81.10
81.20
81.08
81.03
80.99
80.97
80.93
81.05
81.05
80.92
81.03
81.12
81.14
81.17
81.13
81.21
81.25
81.29
81.37
81.37
81.38
81.40
81.45
81.53
81.56
81.57
81.61
81.64
81.63
81.64
81.49
81.50
81.50
81.56
81.51
81.54
81.54
81.49
81.52
81.54
81.60
81.57
81.63
81.64
81.62
81.63
81.66
81.65
81.63
81.73
81.78
81.75
81.72
81.68
81.72
81.76
81.74
81.78
81.80
81.82
81.85
81.86
81.88
81.92
81.98
81.99
82.02
82.06
82.03
82.10
82.13
82.06
82.07
82.09
82.12
82.14
82.16
82.22
82.27
82.27
82.31
82.24
82.22
82.19
82.12
82.08
82.05
82.03
82.02
82.05
82.05
82.07
82.05
82.06
82.08
82.07
82.06
82.07
82.08
82.09
82.05
82.09
82.14
82.12
82.13
82.15
82.11
82.09
82.08
82.06
82.09
81.99
81.98
81.99
81.99
81.94
81.89
81.89
81.91
81.91
81.90
81.87
81.89
81.87
81.86
81.87
81.87
81.88
81.83
81.81
81.84
81.82
81.84
81.87
81.91
81.92
81.95
81.95
81.87
81.90
81.88
81.89
81.90
81.91
81.93
81.94
81.93
81.92
81.92
81.88
81.89
81.90
81.89
81.89
81.91
81.91
81.91
81.93
81.95
81.96
81.99
81.92
81.91
81.92
81.93
81.96
81.97
81.95
81.94
81.91
81.94
81.91
81.93
81.96
81.95
81.92
81.95
81.95
81.95
81.96
82.01
81.96
81.97
81.96
81.94
81.93
81.93
81.93
81.88
81.87
81.88
81.89
81.90
81.87
81.88
81.86
81.86
81.87
81.91
81.90
81.89
81.90
81.95
81.95
81.94
81.93
81.94
81.94
81.95
81.98
82.02
82.01
82.01
82.01
82.04
82.05
82.05
82.03
82.05
82.05
82.00
82.00
81.97
81.98
81.97
81.94
81.92
81.92
81.94
81.95
81.92
81.91
81.90
81.89
81.90
81.89
81.90
81.92
81.92
81.92
81.94
81.95
81.94
81.94
81.95
81.93
81.94
81.97
81.98
81.94
81.93
81.93
81.95
81.95
81.95
81.96
81.98
81.98
82.00
82.01
82.04
82.03
82.04
82.03
82.05
82.03
82.03
82.01
82.01
82.01
82.01
82.02
82.02
82.00
81.98
81.99
82.01
82.02
82.03
82.02
82.02
82.02
81.99
82.01
82.01
82.02
82.03
82.04
82.06
82.06
82.06
82.05
82.05
82.05
82.05
82.07
82.10
82.06
82.08
82.07
82.09
82.10
82.07
82.08
82.08
82.09
82.09
82.09
82.10
82.12
82.12
82.12
82.13
82.15
82.16
82.15
82.16
82.15
82.17
82.17
82.17
82.17
82.17
82.17
82.14
82.12
82.13
82.14
82.13
82.13
82.12
82.11
82.11
82.13
82.12
82.12
82.10
82.10
82.09
82.09
82.09
82.11
82.10
82.09
82.07
82.07
82.06
82.04
82.05
82.04
82.03
82.01
82.02
82.03
82.01
82.03
82.02
82.03
82.05
82.03
82.03
82.04
82.05
82.02
82.02
82.01
82.02
82.02
82.02
82.03
82.02
82.01
82.02
82.02
82.02
82.02
82.01
82.02
82.02
82.03
82.04
82.04
82.06
82.07
82.07
82.09
82.09
82.09
82.07
82.06
82.05
82.05
82.04
82.06
82.08
82.08
82.09
82.08
82.08
82.07
82.07
82.06
82.06
82.06
82.06
82.04
82.04
82.04
82.06
82.06
82.07
82.06
82.05
82.05
82.04
82.03
82.02
82.02
82.02
82.00
81.98
81.98
81.99
81.99
82.00
82.01
82.01
82.00
82.00
82.00
81.99
82.00
82.01
82.02
82.03
82.05
82.05
82.05
82.05
82.07
82.07
82.08
82.09
82.08
82.09
82.09
82.12
82.13
82.13
82.14
82.13
82.12
82.12
82.12
82.11
82.12
82.12
82.13
82.11
82.11
82.10
82.12
82.14
82.14
82.14
82.14
82.13
82.14
82.13
82.14
82.14
82.12
82.11
82.11
82.11
82.11
82.12
82.13
82.13
82.12
82.11
82.10
82.10
82.08
82.07
82.05
82.05
82.06
82.06
82.07
82.07
82.06
82.07
82.06
82.06
82.06
82.07
82.08
82.09
82.09
82.11
82.10
82.09
82.09
82.07
82.07
82.07
82.07
82.06
82.07
82.04
82.04
82.05
82.05
82.04
82.02
82.03
82.03
82.03
82.02
82.01
82.02
82.02
82.03
82.02
82.02
82.03
82.03
82.03
82.03
82.02
82.04
82.03
82.03
82.03
82.04
82.04
82.04
82.04
82.04
82.03
82.03
82.03
82.03
82.03
82.04
82.04
82.04
82.04
82.04
82.04
82.05
82.04
82.05
82.05
82.05
82.04
82.04
82.03
82.04
82.05
82.05
82.05
82.04
82.05
82.05
82.05
82.05
82.04
82.05
82.04
82.04
82.05
82.04
82.04
82.04
82.05
82.04
82.04
82.03
82.03
82.02
82.01
82.01
82.01
82.01
82.02
82.02
82.02
82.01
82.00
82.01
82.01
82.00
82.02
82.00
82.00
82.01
82.00
82.00
81.99
81.99
82.00
81.99
82.00
82.01
82.02
82.03
82.02
82.02
82.03
82.03
82.04
82.02
82.02
82.03
82.03
82.03
82.03
82.03
82.03
82.03
82.03
82.03
82.02
82.01
82.01
82.00
81.99
81.99
81.99
81.98
81.98
81.99
82.00
81.99
81.99
81.99
81.99
81.97
81.98
81.98
81.98
81.98
81.98
81.98
81.99
81.99
81.99
81.99
81.98
81.97
81.96
81.97
81.98
81.98
82.00
81.99
81.99
82.00
81.99
81.99
81.99
81.98
81.98
81.98
81.98
81.98
81.99
81.99
81.97
81.96
81.96
81.96
81.97
81.97
81.98
81.98
81.98
81.97
81.97
81.97
81.98
81.96
81.97
81.97
81.97
81.98
81.99
81.98
81.99
82.00
82.00
82.00
82.00
82.00
81.99
81.99
81.98
82.00
82.00
82.00
82.01
82.01
82.00
82.00
82.00
82.00
81.99
81.99
81.99
81.99
82.00
81.99
82.00
82.00
82.00
82.01
82.01
82.02
81.94
