85.94
82.81
82.29
83.20
82.50
82.03
82.14
82.42
82.29
81.72
81.82
82.16
82.09
82.03
82.40
82.81
83.36
82.99
83.06
82.97
82.96
82.88
83.08
83.14
83.06
83.11
83.16
83.26
83.03
83.02
83.01
82.86
82.77
83.04
82.95
82.73
82.77
82.73
82.93
82.93
83.08
83.26
83.28
83.38
83.47
83.42
83.58
83.59
83.51
83.53
83.43
83.23
83.11
83.13
83.12
83.06
82.84
82.76
82.79
82.89
82.84
82.76
82.69
82.69
82.72
82.60
82.60
82.63
82.52
82.41
82.39
82.44
82.45
82.45
82.48
82.50
82.51
82.59
82.54
82.46
82.29
82.39
82.29
82.37
82.41
82.41
82.35
82.35
82.34
82.36
82.37
82.44
82.39
82.40
82.25
82.24
82.26
82.24
82.32
82.36
82.30
82.37
82.40
82.36
82.34
82.34
82.29
82.34
82.38
82.36
82.29
82.27
82.22
82.15
82.20
82.21
82.24
82.26
82.18
82.08
82.10
82.11
82.14
82.17
82.12
82.14
82.07
82.07
82.05
81.98
82.03
82.05
82.08
82.09
82.12
82.11
82.11
82.11
82.13
82.15
82.17
82.19
82.14
82.14
82.13
82.17
82.22
82.22
82.27
82.25
82.25
82.28
82.25
82.30
82.28
82.26
82.27
82.34
82.33
82.34
82.38
82.35
82.38
82.37
82.37
82.43
82.41
82.41
82.37
82.40
82.40
82.44
82.44
82.44
82.43
82.46
82.47
82.44
82.41
82.41
82.41
82.44
82.43
82.45
82.44
82.42
82.41
82.40
82.38
82.41
82.38
82.38
82.38
82.37
82.34
82.33
82.36
82.36
82.40
82.37
82.34
82.35
82.33
82.31
82.30
82.30
82.33
82.31
82.30
82.31
82.33
82.33
82.36
82.35
82.37
82.34
82.32
82.33
82.34
82.38
82.36
82.33
82.35
82.33
82.31
82.28
82.27
82.28
82.29
82.30
82.28
82.29
82.29
82.27
82.27
82.24
82.25
82.25
82.28
82.29
82.24
82.24
82.26
82.27
82.28
82.32
82.36
82.36
82.35
82.33
82.31
82.31
82.33
82.31
82.33
82.32
82.33
82.32
82.35
82.34
82.36
82.36
82.37
82.36
82.36
82.34
82.33
82.35
82.35
82.32
82.33
82.35
82.34
82.32
82.35
82.38
82.37
82.39
82.35
82.33
82.32
82.33
82.35
82.37
82.39
82.40
82.36
82.37
82.40
82.41
82.39
82.33
82.32
82.34
82.35
82.35
82.34
82.36
82.32
82.31
82.33
82.31
82.31
82.28
82.27
82.26
82.26
82.27
82.24
82.25
82.24
82.21
82.20
82.21
82.22
82.23
82.24
82.22
82.20
82.22
82.22
82.21
82.18
82.18
82.19
82.16
82.15
82.15
82.15
82.17
82.17
82.17
82.17
82.15
82.16
82.17
82.16
82.16
82.16
82.16
82.16
82.15
82.13
82.12
82.10
82.09
82.11
82.13
82.12
82.13
82.14
82.12
82.14
82.10
82.11
82.13
82.10
82.12
82.12
82.14
82.15
82.14
82.14
82.13
82.12
82.13
82.12
82.12
82.12
82.14
82.14
82.14
82.15
82.13
82.14
82.13
82.13
82.12
82.09
82.09
82.10
82.10
82.11
82.12
82.13
82.14
82.13
82.12
82.12
82.14
82.13
82.14
82.14
82.15
82.16
82.18
82.19
82.19
82.18
82.18
82.18
82.19
82.20
82.18
82.16
82.16
82.14
82.12
82.12
82.11
82.11
82.11
82.10
82.09
82.08
82.08
82.09
82.10
82.10
82.10
82.09
82.09
82.09
82.08
82.08
82.07
82.07
82.08
82.08
82.08
82.08
82.10
82.09
82.09
82.10
82.11
82.11
82.11
82.11
82.12
82.12
82.12
82.12
82.13
82.11
82.10
82.12
82.13
82.12
82.13
82.12
82.13
82.12
82.11
82.13
82.14
82.12
82.09
82.09
82.07
82.07
82.05
82.05
82.06
82.06
82.06
82.06
82.06
82.08
82.06
82.07
82.07
82.07
82.08
82.08
82.09
82.09
82.07
82.07
82.06
82.06
82.03
82.05
82.05
82.06
82.06
82.06
82.04
82.05
82.04
82.04
82.05
82.07
82.08
82.09
82.08
82.08
82.08
82.09
82.09
82.09
82.09
82.07
82.06
82.06
82.05
82.05
82.04
82.05
82.04
82.05
82.07
82.06
82.06
82.06
82.04
82.04
82.06
82.06
82.06
82.05
82.06
82.07
82.07
82.07
82.07
82.06
82.07
82.07
82.07
82.07
82.07
82.08
82.08
82.08
82.10
82.11
82.12
82.13
82.13
82.15
82.13
82.14
82.13
82.12
82.12
82.12
82.12
82.12
82.11
82.11
82.11
82.12
82.14
82.16
82.17
82.18
82.19
82.19
82.21
82.21
82.20
82.20
82.21
82.22
82.24
82.24
82.23
82.24
82.22
82.20
82.20
82.22
82.22
82.23
82.22
82.22
82.22
82.22
82.21
82.22
82.21
82.21
82.21
82.22
82.22
82.22
82.21
82.21
82.20
82.20
82.20
82.20
82.19
82.19
82.20
82.20
82.20
82.21
82.21
82.20
82.20
82.18
82.18
82.18
82.17
82.16
82.16
82.16
82.16
82.16
82.15
82.14
82.14
82.15
82.14
82.14
82.14
82.14
82.15
82.15
82.16
82.17
82.17
82.16
82.15
82.14
82.15
82.15
82.15
82.15
82.15
82.15
82.15
82.16
82.15
82.16
82.15
82.14
82.14
82.14
82.15
82.15
82.16
82.13
82.13
82.13
82.13
82.13
82.14
82.14
82.13
82.13
82.12
82.11
82.12
82.13
82.13
82.13
82.13
82.13
82.12
82.12
82.12
82.13
82.13
82.13
82.14
82.15
82.14
82.13
82.12
82.13
82.12
82.12
82.11
82.12
82.11
82.11
82.11
82.12
82.12
82.13
82.13
82.14
82.15
82.16
82.17
82.17
82.17
82.17
82.16
82.16
82.16
82.15
82.15
82.14
82.15
82.15
82.15
82.14
82.14
82.13
82.13
82.14
82.13
82.13
82.14
82.14
82.12
82.11
82.12
82.12
82.12
82.12
82.13
82.13
82.13
82.13
82.12
82.12
82.12
82.12
82.10
82.10
82.10
82.10
82.10
82.12
82.11
82.12
82.12
82.12
82.12
82.12
82.12
82.13
82.13
82.13
82.13
82.12
82.13
82.13
82.14
82.15
82.14
82.15
82.15
82.15
82.14
82.13
82.13
82.14
82.13
82.14
82.14
82.14
82.13
82.14
82.14
82.15
82.13
82.14
82.14
82.14
82.15
82.15
82.15
82.15
82.15
82.16
82.15
82.15
82.15
82.15
82.15
82.16
82.15
82.14
82.13
82.14
82.06
