0.00
0.00
0.00
0.00
0.00
0.00
0.22
0.39
0.35
0.47
0.71
0.65
0.72
0.78
0.94
0.88
0.92
0.95
0.90
1.09
1.04
1.07
1.09
1.11
1.06
1.02
0.98
0.95
1.02
1.04
1.06
1.12
1.09
1.10
1.07
1.17
1.14
1.11
1.16
1.13
1.14
1.12
1.16
1.14
1.15
1.15
1.13
1.17
1.15
1.25
1.23
1.20
1.18
1.19
1.19
1.17
1.18
1.19
1.19
1.17
1.15
1.21
1.22
1.22
1.20
1.21
1.19
1.22
1.20
1.21
1.21
1.19
1.18
1.20
1.23
1.23
1.22
1.22
1.21
1.23
1.22
1.22
1.20
1.23
1.25
1.24
1.22
1.21
1.21
1.22
1.24
1.22
1.23
1.23
1.25
1.24
1.24
1.23
1.23
1.22
1.21
1.19
1.21
1.22
1.22
1.24
1.26
1.27
1.26
1.25
1.25
1.26
1.26
1.25
1.25
1.24
1.26
1.24
1.25
1.24
1.25
1.24
1.24
1.23
1.23
1.22
1.23
1.23
1.24
1.25
1.24
1.23
1.22
1.21
1.22
1.22
1.21
1.21
1.21
1.21
1.22
1.21
1.22
1.22
1.21
1.20
1.20
1.19
1.20
1.20
1.21
1.20
1.19
1.19
1.18
1.17
1.17
1.18
1.17
1.17
1.16
1.16
1.16
1.16
1.16
1.17
1.16
1.15
1.15
1.16
1.16
1.15
1.15
1.16
1.15
1.15
1.15
1.15
1.14
1.15
1.15
1.14
1.14
1.15
1.16
1.16
1.15
1.16
1.17
1.16
1.15
1.15
1.14
1.14
1.13
1.13
1.13
1.14
1.13
1.13
1.13
1.13
1.12
1.13
1.13
1.14
1.13
1.13
1.14
1.13
1.13
1.14
1.13
1.13
1.13
1.14
1.14
1.14
1.13
1.15
1.15
1.15
1.14
1.14
1.14
1.13
1.15
1.15
1.15
1.15
1.15
1.16
1.15
1.15
1.15
1.15
1.15
1.15
1.15
1.16
1.17
1.16
1.16
1.18
1.17
1.18
1.20
1.20
1.20
1.20
1.21
1.21
1.21
1.22
1.23
1.22
1.22
1.21
1.21
1.20
1.20
1.20
1.20
1.20
1.19
1.19
1.20
1.20
1.19
1.20
1.21
1.21
1.21
1.20
1.20
1.20
1.20
1.19
1.19
1.18
1.18
1.18
1.18
1.19
1.18
1.19
1.18
1.18
1.18
1.18
1.18
1.18
1.19
1.20
1.20
1.20
1.20
1.20
1.19
1.19
1.18
1.18
1.18
1.18
1.18
1.18
1.19
1.19
1.18
1.18
1.18
1.18
1.18
1.17
1.18
1.18
1.19
1.18
1.18
1.18
1.20
1.20
1.19
1.20
1.20
1.20
1.20
1.21
1.21
1.20
1.20
1.20
1.20
1.19
1.19
1.20
1.20
1.19
1.20
1.20
1.20
1.19
1.19
1.19
1.19
1.19
1.19
1.19
1.19
1.19
1.18
1.19
1.19
1.19
1.18
1.19
1.19
1.20
1.19
1.19
1.19
1.19
1.19
1.18
1.18
1.19
1.18
1.18
1.18
1.18
1.18
1.17
1.18
1.18
1.17
1.18
1.17
1.17
1.17
1.17
1.17
1.17
1.18
1.18
1.19
1.19
1.18
1.18
1.18
1.18
1.18
1.18
1.18
1.19
1.18
1.18
1.18
1.17
1.17
1.17
1.17
1.17
1.17
1.17
1.17
1.17
1.17
1.16
1.17
1.17
1.17
1.18
1.17
1.18
1.18
1.18
1.18
1.18
1.18
1.18
1.18
1.18
1.18
1.18
1.18
1.18
1.18
1.18
1.18
1.17
1.17
1.18
1.18
1.17
1.17
1.17
1.17
1.17
1.17
1.17
1.17
1.17
1.16
1.16
1.16
1.16
1.16
1.16
1.16
1.16
1.16
1.16
1.16
1.16
1.16
1.17
1.17
1.16
1.16
1.16
1.16
1.16
1.16
1.17
1.16
1.17
1.17
1.17
1.17
1.17
1.17
1.17
1.16
1.16
1.16
1.16
1.16
1.16
1.16
1.17
1.16
1.16
1.16
1.16
1.17
1.17
1.17
1.17
1.17
1.17
1.17
1.17
1.17
1.17
1.17
1.17
1.17
1.17
1.16
1.16
1.16
1.16
1.16
1.16
1.17
1.17
1.16
1.17
1.17
1.16
1.16
1.17
1.16
1.16
1.16
1.16
1.16
1.16
1.15
1.15
1.15
1.15
1.15
1.15
1.15
1.14
1.14
1.14
1.14
1.14
1.14
1.15
1.15
1.14
1.14
1.14
1.14
1.14
1.14
