12.50
14.84
15.10
12.89
12.19
13.28
15.18
14.65
14.58
14.69
14.77
14.84
14.66
15.07
15.00
15.04
15.44
15.45
14.88
15.00
15.03
15.13
15.15
14.97
14.87
14.96
14.99
14.90
14.87
15.00
15.02
15.04
15.29
15.30
15.09
15.15
15.12
15.09
14.98
15.12
15.13
15.10
15.19
15.27
15.21
15.18
15.33
15.30
15.18
15.19
15.07
15.17
15.04
15.08
15.17
15.26
15.38
15.36
15.44
15.39
15.29
15.17
15.18
15.16
15.19
15.18
15.23
15.19
15.26
15.20
15.25
15.23
15.28
15.31
15.27
15.21
15.26
15.24
15.27
15.21
15.10
15.05
14.98
14.90
14.82
14.81
14.71
14.67
14.66
14.67
14.66
14.64
14.67
14.66
14.61
14.52
14.51
14.52
14.52
14.53
14.53
14.51
14.52
14.47
14.40
14.42
14.49
14.47
14.51
14.50
14.56
14.56
14.55
14.54
14.48
14.48
14.52
14.54
14.61
14.66
14.68
14.69
14.70
14.71
14.73
14.73
14.75
14.73
14.75
14.80
14.78
14.77
14.76
14.73
14.69
14.73
14.76
14.79
14.85
14.85
14.89
14.83
14.84
14.85
14.81
14.79
14.83
14.82
14.86
14.85
14.91
14.88
14.93
14.90
14.90
14.84
14.90
14.93
14.96
14.99
15.00
15.07
15.09
15.07
15.09
15.06
15.04
15.04
15.05
15.07
15.11
15.13
15.17
15.18
15.18
15.20
15.23
15.21
15.21
15.21
15.21
15.20
15.19
15.29
15.30
15.28
15.27
15.28
15.36
15.37
15.36
15.39
15.38
15.41
15.43
15.44
15.46
15.47
15.49
15.45
15.45
15.44
15.42
15.40
15.42
15.41
15.36
15.36
15.38
15.33
15.32
15.33
15.35
15.32
15.35
15.35
15.34
15.35
15.35
15.36
15.35
15.34
15.37
15.33
15.34
15.33
15.32
15.32
15.33
15.35
15.37
15.37
15.40
15.42
15.45
15.44
15.42
15.40
15.42
15.40
15.42
15.44
15.46
15.48
15.47
15.50
15.51
15.51
15.50
15.49
15.50
15.50
15.47
15.45
15.47
15.45
15.46
15.46
15.44
15.46
15.46
15.45
15.43
15.45
15.47
15.49
15.47
15.45
15.46
15.49
15.46
15.47
15.48
15.51
15.50
15.49
15.50
15.50
15.51
15.49
15.51
15.48
15.47
15.47
15.49
15.48
15.49
15.50
15.50
15.48
15.51
15.50
15.51
15.50
15.49
15.49
15.48
15.50
15.51
15.53
15.51
15.49
15.48
15.50
15.51
15.49
15.50
15.49
15.49
15.51
15.51
15.52
15.51
15.50
15.49
15.48
15.45
15.44
15.45
15.43
15.44
15.43
15.43
15.42
15.42
15.40
15.40
15.40
15.40
15.42
15.39
15.39
15.40
15.41
15.40
15.39
15.39
15.38
15.38
15.39
15.39
15.38
15.39
15.38
15.38
15.37
15.38
15.39
15.38
15.38
15.38
15.39
15.39
15.39
15.39
15.37
15.38
15.36
15.36
15.34
15.35
15.38
15.38
15.38
15.38
15.36
15.34
15.35
15.35
15.34
15.35
15.35
15.36
15.34
15.33
15.34
15.33
15.35
15.36
15.35
15.34
15.34
15.35
15.34
15.35
15.36
15.35
15.34
15.33
15.32
15.33
15.32
15.31
15.33
15.32
15.31
15.32
15.33
15.32
15.32
15.31
15.31
15.31
15.31
15.30
15.30
15.30
15.28
15.28
15.27
15.28
15.28
15.27
15.27
15.27
15.28
15.31
15.32
15.30
15.31
15.31
15.31
15.30
15.31
15.32
15.31
15.30
15.30
15.31
15.29
15.30
15.28
15.28
15.28
15.28
15.29
15.29
15.29
15.31
15.31
15.32
15.31
15.30
15.32
15.32
15.33
15.33
15.32
15.31
15.31
15.30
15.31
15.31
15.31
15.30
15.30
15.30
15.28
15.27
15.28
15.28
15.28
15.27
15.26
15.25
15.25
15.25
15.26
15.27
15.26
15.25
15.25
15.26
15.26
15.27
15.26
15.26
15.26
15.24
15.23
15.24
15.23
15.24
15.25
15.24
15.24
15.25
15.25
15.25
15.25
15.26
15.25
15.26
15.25
15.26
15.28
15.28
15.27
15.27
15.28
15.29
15.29
15.28
15.28
15.28
15.27
15.27
15.28
15.28
15.28
15.28
15.27
15.26
15.25
15.25
15.25
15.27
15.27
15.27
15.29
15.31
15.30
15.29
15.29
15.29
15.30
15.29
15.30
15.32
15.32
15.32
15.33
15.32
15.31
15.30
15.29
15.28
15.27
15.28
15.28
15.28
15.28
15.29
15.29
15.29
15.30
15.31
15.30
15.31
15.31
15.31
15.31
15.31
15.30
15.30
15.30
15.32
15.33
15.36
15.35
15.35
15.34
15.33
15.33
15.33
15.32
15.31
15.31
15.30
15.29
15.29
15.29
15.28
15.30
15.30
15.29
15.29
15.30
15.29
15.28
15.31
15.31
15.31
15.30
15.30
15.30
15.30
15.29
15.29
15.30
15.29
15.29
15.28
15.29
15.30
15.30
15.30
15.30
15.29
15.29
15.30
15.30
15.32
15.33
15.33
15.32
15.32
15.31
15.31
15.30
15.30
15.30
15.30
15.29
15.27
15.27
15.28
15.28
15.28
15.28
15.29
15.28
15.27
15.27
15.28
15.27
15.25
15.25
15.25
15.25
15.25
15.25
15.25
15.26
15.27
15.27
15.27
15.27
15.28
15.28
15.28
15.30
15.29
15.30
15.30
15.31
15.31
15.30
15.30
15.30
15.30
15.30
15.30
15.30
15.30
15.30
15.31
15.31
15.33
15.33
15.33
15.32
15.31
15.30
15.30
15.30
15.32
15.31
15.32
15.32
15.32
15.33
15.33
15.35
15.35
15.35
15.34
15.34
15.34
15.34
15.34
15.33
15.33
15.33
15.35
15.35
15.36
15.35
15.35
15.35
15.35
15.34
15.33
15.33
15.32
15.34
15.33
15.34
15.33
15.35
15.35
15.35
15.35
15.35
15.35
15.34
15.34
15.35
15.34
15.34
15.34
15.34
15.32
15.32
15.32
15.32
15.32
15.32
15.31
15.31
15.31
15.31
15.32
15.32
15.31
15.31
15.31
15.31
15.31
15.32
15.31
15.30
15.29
15.31
15.30
15.31
15.31
15.31
15.32
15.32
15.32
15.33
15.32
15.32
15.32
15.31
15.30
15.31
15.30
15.31
15.30
15.31
15.32
15.32
15.32
15.32
15.31
15.31
15.30
15.30
15.30
15.30
15.29
15.29
15.29
15.30
15.28
15.29
15.28
15.29
15.28
15.28
15.29
15.29
15.29
15.29
15.30
15.31
15.31
15.30
15.30
15.28
