82.81
82.03
83.33
83.20
85.00
84.38
84.38
83.79
83.68
83.44
83.24
83.59
83.89
83.26
82.92
82.81
82.81
82.64
82.48
82.58
82.96
83.17
82.95
83.01
83.06
83.17
82.81
82.81
82.70
82.76
82.41
82.47
82.48
82.40
82.54
82.25
82.31
82.40
82.41
82.38
82.32
82.37
82.34
82.35
82.22
82.03
82.05
81.97
82.05
82.06
82.20
82.15
82.13
82.18
82.13
82.11
82.10
81.98
81.99
81.90
81.94
82.01
81.94
82.01
81.95
81.91
81.93
81.85
81.77
81.79
81.69
81.77
81.76
81.78
81.71
81.66
81.72
81.77
81.72
81.82
81.83
81.69
81.74
81.73
81.80
81.80
81.79
81.87
81.85
81.86
81.87
81.79
81.75
81.75
81.69
81.74
81.75
81.76
81.76
81.69
81.67
81.59
81.58
81.66
81.73
81.71
81.79
81.76
81.74
81.82
81.78
81.79
81.79
81.77
81.73
81.75
81.69
81.66
81.74
81.77
81.83
81.86
81.86
81.83
81.81
81.82
81.87
81.87
81.90
81.89
81.92
81.88
81.88
81.84
81.88
81.88
81.83
81.84
81.86
81.85
81.93
81.92
81.93
81.86
81.83
81.80
81.81
81.80
81.80
81.78
81.84
81.84
81.87
81.83
81.84
81.84
81.82
81.84
81.85
81.87
81.86
81.83
81.80
81.81
81.83
81.80
81.79
81.81
81.81
81.76
81.72
81.75
81.72
81.70
81.70
81.71
81.71
81.72
81.72
81.70
81.68
81.71
81.67
81.66
81.66
81.66
81.65
81.67
81.70
81.70
81.67
81.66
81.65
81.65
81.65
81.62
81.64
81.68
81.63
81.67
81.66
81.68
81.67
81.65
81.65
81.67
81.65
81.68
81.66
81.61
81.58
81.54
81.57
81.57
81.62
81.62
81.65
81.67
81.67
81.68
81.65
81.63
81.64
81.63
81.63
81.60
81.61
81.66
81.65
81.70
81.70
81.69
81.69
81.70
81.70
81.71
81.74
81.74
81.74
81.74
81.77
81.79
81.75
81.73
81.76
81.78
81.76
81.77
81.78
81.77
81.77
81.76
81.76
81.77
81.76
81.79
81.83
81.80
81.79
81.80
81.76
81.76
81.77
81.77
81.76
81.73
81.69
81.68
81.66
81.64
81.64
81.65
81.66
81.64
81.66
81.68
81.68
81.67
81.70
81.69
81.69
81.70
81.66
81.64
81.63
81.59
81.57
81.57
81.55
81.54
81.55
81.55
81.55
81.57
81.56
81.58
81.57
81.59
81.59
81.61
81.60
81.60
81.61
81.58
81.59
81.59
81.60
81.61
81.62
81.64
81.63
81.63
81.65
81.63
81.65
81.66
81.64
81.62
81.62
81.64
81.63
81.62
81.61
81.61
81.63
81.64
81.66
81.67
81.67
81.67
81.69
81.67
81.68
81.68
81.67
81.67
81.65
81.64
81.65
81.66
81.65
81.68
81.68
81.67
81.67
81.66
81.66
81.67
81.68
81.67
81.66
81.67
81.67
81.66
81.65
81.67
81.64
81.65
81.65
81.66
81.66
81.66
81.63
81.64
81.62
81.61
81.61
81.61
81.59
81.58
81.58
81.60
81.60
81.61
81.60
81.59
81.58
81.57
81.57
81.58
81.60
81.63
81.64
81.63
81.62
81.63
81.63
81.62
81.63
81.64
81.65
81.63
81.62
81.63
81.62
81.62
81.61
81.62
81.62
81.61
81.61
81.59
81.60
81.61
81.59
81.58
81.60
81.61
81.62
81.64
81.66
81.65
81.65
81.62
81.63
81.63
81.61
81.61
81.62
81.62
81.61
81.62
81.62
81.61
81.61
81.61
81.60
81.60
81.61
81.62
81.60
81.60
81.61
81.60
81.59
81.59
81.59
81.59
81.58
81.58
81.58
81.59
81.59
81.58
81.59
81.59
81.58
81.58
81.57
81.58
81.59
81.60
81.62
81.60
81.59
81.57
81.57
81.58
81.56
81.57
81.56
81.56
81.55
81.55
81.57
81.57
81.56
81.56
81.55
81.55
81.54
81.53
81.53
81.55
81.55
81.54
81.55
81.55
81.56
81.57
81.57
81.56
81.58
81.60
81.60
81.61
81.61
81.60
81.59
81.59
81.60
81.60
81.61
81.62
81.62
81.62
81.63
81.61
81.61
81.61
81.61
81.62
81.61
81.62
81.62
81.62
81.61
81.60
81.59
81.59
81.60
81.59
81.59
81.58
81.60
81.60
81.60
81.61
81.61
81.61
81.62
81.64
81.65
81.66
81.66
81.66
81.65
81.66
81.65
81.66
81.65
81.65
81.65
81.66
81.65
81.64
81.64
81.67
81.67
81.68
81.68
81.68
81.65
81.64
81.65
81.64
81.64
81.65
81.66
81.65
81.65
81.66
81.65
81.65
81.66
81.66
81.65
81.64
81.64
81.66
81.67
81.68
81.68
81.68
81.69
81.69
81.69
81.68
81.69
81.69
81.68
81.67
81.67
81.67
81.65
81.64
81.65
81.65
81.64
81.65
81.66
81.65
81.65
81.64
81.65
81.66
81.66
81.66
81.64
81.66
81.67
81.67
81.68
81.68
81.68
81.68
81.68
81.68
81.68
81.69
81.69
81.70
81.70
81.71
81.70
81.69
81.68
81.69
81.69
81.68
81.68
81.69
81.68
81.69
81.69
81.69
81.70
81.68
81.69
81.69
81.68
81.67
81.67
81.66
81.64
81.66
81.66
81.67
81.67
81.67
81.67
81.68
81.66
81.68
81.67
81.66
81.67
81.66
81.65
81.65
81.65
81.65
81.65
81.65
81.65
81.64
81.64
81.65
81.64
81.65
81.65
81.65
81.66
81.66
81.65
81.65
81.63
81.64
81.64
81.65
81.65
81.66
81.66
81.66
81.66
81.66
81.66
81.66
81.65
81.63
81.64
81.64
81.63
81.63
81.63
81.64
81.64
81.63
81.64
81.64
81.64
81.64
81.64
81.64
81.64
81.64
81.65
81.65
81.66
81.66
81.66
81.67
81.68
81.68
81.69
81.70
81.70
81.70
81.69
81.70
81.70
81.70
81.70
81.71
81.70
81.69
81.69
81.69
81.69
81.69
81.70
81.69
81.71
81.71
81.70
81.70
81.69
81.69
81.68
81.69
81.71
81.70
81.71
81.71
81.71
81.71
81.71
81.71
81.70
81.71
81.72
81.72
81.73
81.74
81.74
81.74
81.74
81.73
81.72
81.73
81.73
81.73
81.73
81.74
81.75
81.75
81.75
81.76
81.75
81.75
81.75
81.75
81.75
81.75
81.75
81.75
81.75
81.75
81.75
81.75
81.75
81.75
81.75
81.75
81.76
81.76
81.77
81.77
81.77
81.78
81.79
81.78
81.78
81.78
81.77
81.78
81.78
81.78
81.77
81.78
81.77
81.70
