31.25
20.31
25.00
22.66
21.88
21.09
23.88
22.46
21.70
20.78
20.17
19.01
18.15
18.75
18.02
17.58
17.74
17.53
17.68
17.73
17.71
17.61
18.27
18.95
18.62
18.69
18.46
18.02
18.59
18.65
19.25
19.53
20.08
19.90
19.73
19.66
19.34
19.20
19.39
19.26
19.28
19.16
18.93
18.68
18.92
19.29
19.38
19.14
19.67
20.00
20.19
20.07
19.99
19.97
19.86
19.73
19.98
19.85
20.13
20.26
20.13
20.41
20.34
20.73
20.94
20.76
21.01
21.25
21.35
21.38
21.24
21.53
21.53
21.49
21.50
21.44
21.63
21.47
21.34
21.21
21.18
21.44
21.50
21.56
21.43
21.37
21.43
21.56
21.77
21.82
21.74
21.62
21.74
21.64
21.78
21.83
21.78
21.76
21.70
21.78
21.66
21.58
21.57
21.47
21.52
21.42
21.54
21.70
21.59
21.59
21.54
21.40
21.68
21.64
21.83
21.93
21.86
21.80
21.86
21.85
21.84
21.79
21.84
21.81
21.79
21.74
21.67
21.63
21.57
21.75
21.86
21.80
21.75
21.86
21.79
21.73
21.64
21.55
21.64
21.57
21.59
21.51
21.71
21.67
21.64
21.55
21.49
21.43
21.51
21.49
21.43
21.40
21.51
21.45
21.45
21.40
21.33
21.26
21.24
21.22
21.38
21.38
21.31
21.24
21.26
21.18
21.14
21.15
21.12
21.10
21.08
21.06
21.03
21.08
21.04
21.16
21.12
21.09
21.04
21.01
21.00
21.05
21.05
20.98
21.12
21.10
21.03
21.11
21.09
21.02
21.12
21.21
21.28
21.36
21.32
21.28
21.21
21.26
21.24
21.23
21.22
21.21
21.15
21.12
21.07
21.17
21.20
21.13
21.08
21.06
21.05
21.03
20.99
21.08
21.08
21.04
21.01
20.96
21.04
21.05
21.00
20.94
21.04
21.03
21.00
20.96
20.92
20.90
20.91
20.91
20.89
20.87
20.96
20.91
20.87
20.87
20.89
20.86
20.94
21.04
20.99
21.09
21.05
21.06
21.14
21.09
21.07
21.06
21.02
21.08
21.02
21.03
21.00
20.98
20.99
20.94
20.90
20.85
20.83
20.83
20.91
20.91
21.00
21.06
21.05
21.02
21.04
20.99
20.96
20.91
20.92
20.89
20.92
20.89
20.87
20.92
20.95
20.94
20.96
21.02
21.01
21.09
21.09
21.14
21.17
21.14
21.18
21.22
21.25
21.29
21.28
21.25
21.33
21.30
21.30
21.34
21.31
21.37
21.41
21.38
21.44
21.42
21.39
21.39
21.37
21.39
21.45
21.51
21.47
21.52
21.54
21.52
21.50
21.53
21.52
21.47
21.44
21.51
21.55
21.51
21.55
21.53
21.48
21.46
21.50
21.47
21.53
21.51
21.46
21.50
21.48
21.45
21.49
21.53
21.51
21.49
21.48
21.52
21.51
21.50
21.48
21.48
21.52
21.60
21.58
21.55
21.57
21.58
21.57
21.53
21.57
21.55
21.60
21.62
21.59
21.56
21.59
21.55
21.53
21.56
21.59
21.61
21.63
21.65
21.63
21.61
21.59
21.60
21.58
21.57
21.54
21.53
21.57
21.53
21.58
21.56
21.58
21.62
21.59
21.57
21.56
21.58
21.61
21.64
21.63
21.62
21.64
21.68
21.74
21.77
21.74
21.72
21.69
21.73
21.70
21.75
21.76
21.81
21.78
21.76
21.72
21.76
21.79
21.77
21.80
21.84
21.86
21.92
21.90
21.88
21.91
21.87
21.86
21.85
21.84
21.83
21.84
21.82
21.82
21.80
21.83
21.81
21.79
21.77
21.74
21.71
21.71
21.68
21.66
21.69
21.71
21.75
21.73
21.71
21.70
21.73
21.77
21.78
21.83
21.87
21.85
21.82
21.80
21.83
21.82
21.84
21.83
21.84
21.83
21.85
21.88
21.90
21.95
21.93
21.90
21.87
21.86
21.89
21.89
21.86
21.85
21.84
21.87
21.85
21.90
21.89
21.87
21.84
21.82
21.81
21.79
21.83
21.82
21.84
21.88
21.86
21.84
21.82
21.84
21.87
21.86
21.83
21.82
21.79
21.80
21.83
21.81
21.83
21.82
21.85
21.82
21.80
21.79
21.78
21.78
21.77
21.76
21.79
21.83
21.81
21.79
21.81
21.83
21.87
21.85
21.84
21.82
21.81
21.84
21.82
21.83
21.81
21.84
21.82
21.80
21.79
21.78
21.79
21.78
21.81
21.79
21.77
21.80
21.78
21.80
21.82
21.81
21.84
21.84
21.82
21.83
21.80
21.83
21.84
21.85
21.85
21.83
21.82
21.80
21.77
21.81
21.79
21.79
21.82
21.85
21.84
21.84
21.82
21.83
21.86
21.84
21.83
21.82
21.82
21.81
21.84
21.82
21.80
21.78
21.77
21.76
21.79
21.77
21.76
21.74
21.76
21.75
21.72
21.70
21.69
21.67
21.66
21.65
21.64
21.65
21.67
21.68
21.66
21.64
21.67
21.65
21.63
21.63
21.62
21.61
21.60
21.62
21.64
21.63
21.62
21.60
21.62
21.61
21.59
21.58
21.56
21.54
21.57
21.56
21.53
21.52
21.50
21.49
21.50
21.48
21.50
21.52
21.50
21.52
21.50
21.50
21.48
21.50
21.49
21.52
21.52
21.54
21.52
21.50
21.49
21.48
21.46
21.46
21.45
21.45
21.44
21.41
21.43
21.42
21.44
21.47
21.44
21.45
21.46
21.46
21.48
21.46
21.45
21.46
21.45
21.45
21.46
21.45
21.44
21.43
21.47
21.47
21.49
21.47
21.46
21.44
21.46
21.45
21.48
21.46
21.45
21.47
21.46
21.47
21.45
21.44
21.45
21.43
21.42
21.42
21.45
21.46
21.44
21.47
21.49
21.48
21.49
21.47
21.49
21.48
21.47
21.49
21.48
21.49
21.48
21.50
21.52
21.56
21.58
21.56
21.58
21.56
21.55
21.54
21.53
21.52
21.55
21.55
21.54
21.57
21.55
21.57
21.59
21.59
21.61
21.59
21.58
21.60
21.63
21.65
21.64
21.63
21.64
21.65
21.67
21.66
21.65
21.64
21.63
21.65
21.63
21.63
21.65
21.64
21.63
21.63
21.62
21.62
21.62
21.64
21.66
21.69
21.71
21.70
21.70
21.68
21.70
21.70
21.69
21.70
21.71
21.74
21.77
21.75
21.74
21.73
21.72
21.73
21.73
21.74
21.73
21.72
21.72
21.73
21.76
21.78
21.76
21.75
21.74
21.73
21.74
21.76
21.75
21.74
21.73
21.75
21.77
21.80
21.80
21.79
21.78
21.77
21.76
21.79
21.78
21.77
21.79
21.78
21.76
21.78
21.76
21.78
21.76
21.78
21.77
21.78
21.76
