71.88
71.88
75.00
76.56
75.94
75.52
76.34
76.95
77.26
77.34
77.98
78.12
78.00
77.68
78.12
78.61
78.77
78.91
78.78
79.53
79.69
79.90
80.16
80.27
80.25
80.23
80.03
80.02
80.17
80.42
80.29
80.32
80.45
80.47
80.49
80.38
80.32
80.14
80.17
80.31
80.45
80.58
80.63
80.40
80.24
80.10
79.92
79.82
80.01
80.09
80.18
80.29
80.22
80.27
80.23
80.30
80.21
80.20
80.22
80.31
80.23
80.37
80.41
80.37
80.29
80.18
80.25
80.17
80.14
80.13
80.24
80.21
80.22
80.19
80.21
80.28
80.24
80.33
80.38
80.37
80.44
80.47
80.52
80.58
80.57
80.65
80.59
80.56
80.67
80.71
80.67
80.71
80.81
80.80
80.79
80.83
80.78
80.82
80.81
80.80
80.89
80.93
80.98
80.98
81.04
81.01
80.97
81.06
81.11
81.18
81.22
81.29
81.31
81.29
81.37
81.44
81.44
81.37
81.34
81.35
81.34
81.30
81.31
81.36
81.35
81.31
81.34
81.34
81.36
81.39
81.44
81.40
81.39
81.45
81.45
81.45
81.44
81.48
81.52
81.55
81.53
81.51
81.50
81.56
81.53
81.49
81.45
81.44
81.43
81.44
81.41
81.40
81.41
81.41
81.45
81.44
81.41
81.42
81.45
81.44
81.44
81.41
81.39
81.35
81.36
81.38
81.40
81.39
81.41
81.39
81.37
81.38
81.39
81.38
81.38
81.37
81.40
81.43
81.42
81.41
81.41
81.38
81.35
81.36
81.39
81.43
81.45
81.48
81.46
81.49
81.52
81.57
81.55
81.53
81.51
81.55
81.53
81.53
81.56
81.62
81.61
81.60
81.63
81.62
81.62
81.67
81.67
81.69
81.67
81.65
81.70
81.68
81.65
81.67
81.68
81.68
81.70
81.73
81.74
81.73
81.73
81.73
81.75
81.74
81.72
81.72
81.71
81.70
81.71
81.73
81.72
81.71
81.66
81.66
81.68
81.65
81.63
81.63
81.60
81.60
81.59
81.61
81.64
81.61
81.65
81.66
81.65
81.67
81.68
81.67
81.64
81.63
81.61
81.58
81.55
81.58
81.58
81.61
81.60
81.60
81.62
81.63
81.59
81.59
81.60
81.64
81.64
81.61
81.61
81.61
81.64
81.63
81.61
81.61
81.61
81.63
81.62
81.63
81.65
81.64
81.67
81.67
81.68
81.67
81.67
81.66
81.63
81.65
81.67
81.68
81.70
81.72
81.71
81.70
81.72
81.71
81.72
81.74
81.76
81.79
81.78
81.76
81.77
81.77
81.78
81.80
81.79
81.77
81.77
81.79
81.81
81.81
81.81
81.82
81.82
81.84
81.87
81.88
81.86
81.86
81.84
81.87
81.87
81.87
81.86
81.85
81.85
81.84
81.83
81.84
81.83
81.83
81.82
81.82
81.83
81.84
81.82
81.83
81.84
81.83
81.80
81.79
81.78
81.79
81.78
81.80
81.80
81.80
81.79
81.80
81.80
81.80
81.81
81.81
81.81
81.81
81.81
81.80
81.78
81.78
81.77
81.78
81.79
81.79
81.77
81.76
81.76
81.73
81.74
81.75
81.75
81.76
81.77
81.77
81.74
81.72
81.72
81.73
81.71
81.73
81.73
81.73
81.72
81.70
81.70
81.68
81.68
81.68
81.66
81.66
81.68
81.71
81.70
81.71
81.71
81.70
81.69
81.70
81.67
81.63
81.64
81.64
81.65
81.63
81.60
81.59
81.60
81.58
81.58
81.59
81.60
81.60
81.62
81.62
81.63
81.63
81.62
81.62
81.60
81.60
81.60
81.60
81.60
81.61
81.62
81.61
81.60
81.62
81.63
81.62
81.64
81.64
81.63
81.64
81.63
81.63
81.63
81.65
81.64
81.64
81.64
81.64
81.64
81.65
81.64
81.64
81.63
81.64
81.64
81.65
81.65
81.63
81.64
81.65
81.66
81.65
81.65
81.66
81.67
81.69
81.68
81.69
81.71
81.69
81.68
81.68
81.67
81.68
81.69
81.68
81.69
81.69
81.70
81.70
81.72
81.73
81.74
81.72
81.72
81.73
81.73
81.72
81.74
81.76
81.77
81.76
81.77
81.76
81.77
81.78
81.79
81.79
81.79
81.80
81.80
81.81
81.81
81.81
81.80
81.81
81.80
81.79
81.78
81.78
81.78
81.79
81.79
81.79
81.77
81.78
81.79
81.80
81.80
81.80
81.80
81.80
81.81
81.81
81.79
81.80
81.81
81.81
81.79
81.80
81.81
81.82
81.82
81.82
81.81
81.80
81.80
81.81
81.81
81.81
81.81
81.81
81.80
81.81
81.81
81.81
81.81
81.79
81.79
81.79
81.79
81.80
81.79
81.79
81.79
81.80
81.80
81.80
81.80
81.81
81.80
81.80
81.80
81.81
81.81
81.82
81.82
81.84
81.84
81.85
81.83
81.83
81.84
81.82
81.81
81.82
81.82
81.81
81.80
81.81
81.81
81.81
81.81
81.82
81.82
81.83
81.85
81.84
81.85
81.84
81.84
81.83
81.84
81.83
81.84
81.84
81.84
81.84
81.86
81.85
81.84
81.83
81.84
81.84
81.83
81.82
81.83
81.82
81.82
81.83
81.83
81.82
81.84
81.85
81.84
81.85
81.85
81.84
81.86
81.86
81.87
81.88
81.87
81.87
81.86
81.86
81.87
81.86
81.87
81.86
81.87
81.87
81.87
81.87
81.87
81.88
81.88
81.89
81.91
81.90
81.91
81.90
81.90
81.91
81.89
81.89
81.89
81.90
81.90
81.89
81.89
81.89
81.88
81.86
81.85
81.86
81.85
81.86
81.87
81.88
81.88
81.88
81.88
81.88
81.88
81.87
81.86
81.86
81.87
81.88
81.88
81.88
81.88
81.88
81.88
81.88
81.89
81.88
81.88
81.89
81.90
81.89
81.90
81.90
81.91
81.91
81.92
81.92
81.91
81.91
81.92
81.92
81.91
81.91
81.91
81.91
81.90
81.90
81.90
81.91
81.92
81.91
81.90
81.90
81.90
81.90
81.91
81.91
81.91
81.91
81.91
81.90
81.89
81.90
81.89
81.89
81.89
81.88
81.87
81.87
81.88
81.86
81.86
81.86
81.85
81.86
81.86
81.86
81.86
81.86
81.87
81.87
81.85
81.85
81.85
81.86
81.87
81.86
81.86
81.86
81.87
81.88
81.87
81.87
81.86
81.86
81.87
81.86
81.87
81.86
81.87
81.87
81.87
81.86
81.84
81.84
81.84
81.84
81.83
81.84
81.84
81.84
81.84
81.84
81.84
81.84
81.85
81.85
81.86
81.86
81.87
81.87
81.87
81.87
81.87
81.88
81.88
81.89
81.88
81.88
81.89
81.88
81.88
81.88
81.89
81.89
81.87
81.79
