42.19
41.41
43.75
42.58
42.19
43.23
44.20
41.99
41.49
40.78
40.48
39.45
40.75
41.07
40.62
40.62
40.62
40.71
40.46
40.31
40.25
40.27
40.35
39.78
39.44
39.66
40.22
40.68
40.73
40.89
41.03
40.92
40.81
40.95
40.94
41.06
40.88
40.75
40.87
40.98
41.12
40.96
40.66
40.59
40.80
40.69
40.79
40.76
40.75
40.88
40.99
40.84
40.89
40.91
41.19
41.10
41.20
41.41
41.37
41.59
41.75
41.73
41.94
41.82
41.75
41.81
41.70
41.77
41.73
41.76
41.84
41.78
41.67
41.68
41.75
41.76
41.70
41.61
41.53
41.45
41.59
41.58
41.59
41.48
41.45
41.37
41.36
41.39
41.38
41.30
41.36
41.46
41.48
41.41
41.50
41.54
41.51
41.50
41.48
41.45
41.44
41.41
41.38
41.36
41.41
41.33
41.31
41.35
41.37
41.45
41.43
41.38
41.40
41.41
41.47
41.53
41.53
41.54
41.54
41.58
41.62
41.62
41.59
41.60
41.64
41.70
41.63
41.56
41.50
41.47
41.50
41.45
41.44
41.42
41.44
41.49
41.49
41.53
41.56
41.56
41.52
41.56
41.53
41.54
41.54
41.50
41.54
41.49
41.48
41.51
41.59
41.61
41.58
41.58
41.70
41.67
41.72
41.68
41.71
41.68
41.62
41.67
41.70
41.69
41.68
41.71
41.68
41.69
41.70
41.68
41.66
41.64
41.41
41.17
41.25
41.31
41.38
41.32
41.31
41.36
41.37
41.30
41.28
41.30
41.29
41.27
41.24
41.26
41.29
41.27
41.24
41.23
41.23
41.22
41.22
41.25
41.27
41.27
41.27
41.27
41.25
41.27
41.32
41.38
41.37
41.36
41.39
41.42
41.42
41.43
41.45
41.48
41.51
41.52
41.51
41.54
41.53
41.52
41.56
41.56
41.57
41.55
41.54
41.49
41.48
41.47
41.47
41.51
41.53
41.54
41.53
41.55
41.56
41.59
41.58
41.56
41.54
41.55
41.61
41.61
41.58
41.59
41.58
41.60
41.65
41.65
41.67
41.64
41.69
41.68
41.66
41.69
41.69
41.70
41.69
41.71
41.66
41.68
41.69
41.63
41.64
41.61
41.56
41.57
41.58
41.58
41.58
41.57
41.55
41.55
41.51
41.51
41.50
41.51
41.50
41.47
41.47
41.51
41.52
41.53
41.55
41.56
41.58
41.61
41.59
41.63
41.63
41.60
41.58
41.57
41.58
41.58
41.60
41.59
41.55
41.55
41.57
41.57
41.58
41.59
41.59
41.59
41.59
41.59
41.59
41.61
41.58
41.59
41.60
41.64
41.63
41.65
41.65
41.63
41.64
41.62
41.65
41.66
41.67
41.69
41.69
41.66
41.65
41.64
41.61
41.64
41.62
41.63
41.61
41.60
41.58
41.58
41.54
41.52
41.52
41.53
41.53
41.52
41.54
41.57
41.56
41.56
41.54
41.50
41.51
41.51
41.51
41.53
41.54
41.53
41.52
41.50
41.50
41.50
41.49
41.50
41.53
41.57
41.57
41.56
41.58
41.58
41.61
41.62
41.61
41.62
41.62
41.64
41.65
41.65
41.64
41.65
41.67
41.68
41.67
41.71
41.72
41.75
41.76
41.78
41.76
41.73
41.72
41.73
41.72
41.73
41.75
41.74
41.75
41.76
41.78
41.78
41.79
41.80
41.80
41.80
41.80
41.81
41.81
41.81
41.82
41.82
41.81
41.82
41.83
41.82
41.81
41.82
41.86
41.88
41.86
41.85
41.87
41.85
41.84
41.86
41.86
41.85
41.87
41.86
41.86
41.87
41.87
41.85
41.83
41.81
41.82
41.84
41.85
41.85
41.84
41.80
41.81
41.82
41.80
41.82
41.85
41.87
41.87
41.87
41.88
41.87
41.85
41.87
41.90
41.90
41.91
41.93
41.92
41.91
41.90
41.90
41.92
41.91
41.91
41.90
41.89
41.91
41.90
41.93
41.92
41.93
41.93
41.94
41.96
41.97
41.93
41.94
41.96
41.95
41.96
41.95
41.95
41.96
41.96
41.96
41.96
41.95
41.94
41.93
41.94
41.96
41.92
41.93
41.94
41.95
41.98
41.96
41.95
41.99
41.98
41.98
41.98
41.98
41.99
41.97
41.98
41.99
41.99
42.00
42.01
42.01
42.00
42.01
42.00
42.01
42.04
42.04
42.05
42.05
42.05
42.06
42.07
42.07
42.06
42.07
42.07
42.08
42.09
42.10
42.13
42.13
42.13
42.12
42.13
42.13
42.10
42.09
42.08
42.09
42.08
42.08
42.06
42.05
42.04
42.04
42.03
42.06
42.06
42.04
42.05
42.06
42.07
42.06
42.06
42.07
42.06
42.06
42.05
42.05
42.05
42.05
42.05
42.05
42.05
42.04
42.04
42.03
42.04
42.04
42.02
41.95
41.95
41.96
41.95
41.95
41.94
41.95
41.93
41.93
41.93
41.93
41.93
41.93
41.95
41.94
41.93
41.94
41.94
41.94
41.94
41.94
41.94
41.94
41.95
41.95
41.94
41.93
41.94
41.93
41.92
41.93
41.92
41.91
41.91
41.92
41.94
41.92
41.91
41.89
41.89
41.90
41.90
41.92
41.91
41.90
41.91
41.90
41.93
41.93
41.93
41.93
41.94
41.94
41.95
41.96
41.94
41.93
41.91
41.92
41.93
41.93
41.92
41.92
41.93
41.92
41.90
41.90
41.89
41.83
41.81
41.80
41.81
41.83
41.83
41.82
41.82
41.83
41.83
41.81
41.82
41.83
41.83
41.83
41.84
41.85
41.85
41.86
41.86
41.86
41.86
41.87
41.87
41.87
41.86
41.87
41.87
41.86
41.88
41.87
41.88
41.89
41.89
41.88
41.89
41.89
41.86
41.87
41.86
41.86
41.85
41.85
41.85
41.85
41.84
41.84
41.84
41.84
41.84
41.83
41.82
41.81
41.81
41.83
41.82
41.81
41.81
41.80
41.81
41.82
41.81
41.82
41.82
41.80
41.78
41.78
41.79
41.81
41.81
41.81
41.82
41.82
41.82
41.83
41.83
41.81
41.82
41.81
41.81
41.82
41.80
41.80
41.80
41.80
41.81
41.82
41.81
41.81
41.81
41.81
41.82
41.83
41.84
41.84
41.86
41.86
41.87
41.86
41.85
41.86
41.87
41.89
41.90
41.89
41.90
41.90
41.89
41.88
41.87
41.87
41.86
41.86
41.84
41.83
41.82
41.83
41.84
41.83
41.83
41.84
41.84
41.84
41.86
41.85
41.86
41.85
41.84
41.83
41.81
41.81
41.81
41.80
41.80
41.80
41.79
41.79
41.78
41.78
41.79
41.80
41.81
41.82
41.82
41.82
41.83
41.83
41.83
41.83
41.83
41.83
41.81
41.78
