82.81
80.47
80.73
81.64
80.62
79.95
79.69
79.69
79.34
80.31
79.69
80.47
80.53
80.80
80.52
81.35
81.16
81.51
81.83
81.56
81.70
81.53
81.45
81.32
81.25
81.07
81.08
81.31
81.47
81.51
81.75
81.88
81.91
81.80
82.05
81.94
82.18
82.32
82.41
82.50
82.55
82.63
82.41
82.35
82.29
82.17
82.08
82.36
82.24
82.31
82.32
82.45
82.52
82.52
82.47
82.56
82.43
82.44
82.28
82.24
82.22
82.28
82.22
82.20
82.19
82.20
82.23
82.17
82.25
82.25
82.33
82.25
82.19
82.14
82.02
82.05
82.02
82.05
82.06
81.97
82.02
81.88
81.87
81.88
81.91
81.96
82.00
82.03
82.06
82.12
82.13
82.15
82.16
82.11
82.09
82.05
82.07
82.08
82.12
82.08
82.09
82.02
81.93
81.90
81.99
82.00
81.98
81.99
81.97
81.96
81.97
81.96
82.00
81.95
81.92
81.94
81.88
81.87
81.87
81.85
81.95
81.98
81.97
81.93
81.96
82.02
81.96
81.97
82.01
82.04
82.07
82.10
82.10
82.09
82.11
82.15
82.17
82.21
82.18
82.10
82.09
82.08
82.10
82.12
82.16
82.18
82.26
82.30
82.27
82.28
82.23
82.22
82.17
82.16
82.15
82.13
82.14
82.12
82.06
82.08
82.12
82.15
82.16
82.21
82.24
82.23
82.24
82.25
82.25
82.23
82.25
82.18
82.16
82.17
82.18
82.21
82.24
82.24
82.29
82.27
82.29
82.26
82.23
82.23
82.25
82.24
82.23
82.25
82.26
82.25
82.18
82.17
82.15
82.13
82.08
82.09
82.08
82.13
82.15
82.12
82.13
82.10
82.10
82.12
82.09
82.10
82.11
82.11
82.09
82.09
82.11
82.09
82.11
82.07
82.09
82.07
82.06
82.06
82.10
82.11
82.11
82.12
82.14
82.12
82.15
82.17
82.18
82.15
82.18
82.21
82.20
82.20
82.20
82.24
82.24
82.22
82.22
82.22
82.20
