84.38
85.16
81.77
80.86
80.62
81.77
81.92
82.42
82.47
82.19
81.68
81.51
81.97
81.92
82.29
82.62
82.63
82.29
82.57
82.81
82.59
82.74
82.40
82.42
82.50
82.63
82.52
82.42
82.54
82.71
82.46
82.32
82.53
82.49
82.46
82.38
82.26
82.36
82.25
82.34
82.36
82.22
82.38
82.56
82.64
82.74
82.78
82.78
82.84
82.91
82.78
82.75
82.52
82.47
82.36
82.45
82.40
82.41
82.36
82.21
82.22
82.13
82.17
82.10
82.00
81.98
82.07
82.01
82.04
81.99
82.04
81.94
82.00
82.01
81.94
81.91
82.00
82.05
82.08
82.09
82.08
82.03
81.97
82.07
82.13
82.10
82.13
82.19
82.22
82.24
82.28
82.25
82.27
82.26
82.11
82.16
82.12
82.10
82.01
81.94
81.93
81.95
81.95
81.87
81.85
81.87
81.85
81.94
81.92
81.92
81.83
81.81
81.72
81.76
81.79
81.75
81.82
81.83
81.81
81.78
81.83
81.86
81.86
81.83
81.85
81.85
81.84
81.91
81.89
81.94
81.97
81.98
81.93
81.93
81.91
81.96
82.00
82.02
82.01
82.01
82.03
81.98
81.94
81.94
81.98
82.01
82.02
82.00
82.02
82.04
82.04
82.03
82.01
82.00
81.97
82.02
82.03
82.02
82.04
82.06
82.07
82.05
82.06
82.08
82.06
82.05
82.10
82.05
82.02
82.03
82.06
82.07
82.04
82.04
82.06
82.06
82.02
82.04
82.02
82.01
82.03
82.07
82.07
82.11
82.10
82.09
82.12
82.15
82.14
82.14
82.15
82.13
82.10
82.08
82.09
82.11
82.14
82.15
82.15
82.14
82.14
82.16
82.11
82.12
82.14
82.13
82.13
82.11
82.11
82.12
82.12
82.12
82.14
82.10
82.06
82.07
82.11
82.10
82.14
82.15
82.15
82.14
82.13
82.11
82.11
82.11
82.09
82.05
82.05
82.04
82.07
82.09
82.09
82.12
82.11
82.10
82.10
82.10
82.09
82.14
82.14
82.18
82.16
82.15
82.13
82.11
82.10
82.10
82.10
82.09
82.09
82.09
82.07
82.10
82.08
82.09
82.10
82.11
82.08
82.08
82.05
82.04
82.07
82.04
82.05
82.04
82.05
82.00
81.99
82.01
82.02
82.05
82.04
82.05
82.06
82.08
82.08
82.11
82.11
82.08
82.08
82.11
82.12
82.12
82.12
82.11
82.09
82.09
82.08
82.07
82.09
82.06
82.08
82.07
82.05
82.05
82.05
82.05
82.04
82.05
82.02
82.01
82.03
82.03
82.02
82.01
82.02
82.02
82.02
82.04
82.04
82.00
82.00
82.02
82.00
82.01
82.01
82.01
82.02
82.02
82.00
82.01
82.02
82.04
82.01
82.02
82.05
82.05
82.03
82.04
82.03
82.05
82.07
82.08
82.06
82.04
82.05
82.02
82.02
82.01
82.04
82.03
82.03
82.04
82.06
82.05
82.04
82.04
82.05
82.05
82.07
82.09
82.07
82.07
82.08
82.06
82.06
82.06
82.07
82.09
82.08
82.05
82.04
82.03
82.04
82.07
82.05
82.04
82.05
81.99
82.00
82.02
82.05
82.04
82.02
82.00
82.02
81.98
81.98
81.99
81.97
81.99
81.99
81.97
81.96
81.95
81.93
81.93
81.94
81.96
81.94
81.95
81.95
81.93
81.95
81.96
81.97
81.97
81.98
81.98
81.99
81.99
81.98
81.96
81.96
81.95
81.96
81.95
81.95
81.94
81.92
81.92
81.92
81.90
81.91
81.91
81.92
81.92
81.90
81.91
81.89
81.88
81.89
81.89
81.89
81.90
81.90
81.90
81.89
81.88
81.89
81.88
81.89
81.90
81.92
81.94
81.94
81.95
81.95
81.95
81.94
81.91
81.90
81.92
81.92
81.93
81.92
81.93
81.93
81.93
81.94
81.93
81.92
81.92
81.93
81.92
81.92
81.91
81.91
