82.81
81.25
79.17
82.03
82.50
81.77
81.92
82.03
81.60
81.25
80.97
80.73
80.17
80.02
79.90
79.88
79.96
80.21
80.43
80.55
80.73
81.04
80.84
81.05
80.81
80.83
80.96
81.14
81.41
81.30
81.30
80.91
80.78
80.93
81.12
80.90
81.00
81.04
81.17
81.25
81.21
81.25
81.25
81.39
81.49
81.59
81.65
81.51
81.41
81.41
81.28
81.04
81.10
81.02
80.97
80.97
80.95
80.98
81.04
81.04
81.02
81.05
81.05
81.15
81.01
80.97
81.02
81.00
81.07
81.25
81.27
81.29
81.42
81.38
81.40
81.39
81.37
81.37
81.31
81.33
81.33
81.25
81.16
81.19
81.25
81.27
81.20
81.20
81.21
81.16
81.16
81.20
81.13
81.13
81.10
81.14
81.20
81.22
81.25
81.28
81.30
81.34
81.40
81.52
81.49
81.47
81.51
81.52
81.54
81.53
81.60
81.63
81.57
81.55
81.54
81.55
81.50
81.51
81.54
81.56
81.56
81.56
81.59
81.57
81.51
81.50
81.48
81.51
81.54
81.50
81.52
81.55
81.47
81.44
81.46
81.48
81.47
81.44
81.45
81.45
81.45
81.46
81.50
81.54
81.54
81.46
81.42
81.39
81.44
81.43
81.44
81.47
81.50
81.52
81.51
81.52
81.51
81.50
81.51
81.56
81.62
81.53
81.58
81.57
81.57
81.53
81.57
81.56
81.54
81.53
81.51
81.50
81.56
81.55
81.59
81.60
81.59
81.64
81.64
81.56
81.53
81.51
81.52
81.53
81.52
81.55
81.59
81.60
81.59
81.59
81.57
81.56
81.55
81.56
81.59
81.59
81.60
81.58
81.62
81.64
81.63
81.62
81.61
81.66
81.66
81.65
81.69
81.66
81.66
81.71
81.74
81.74
81.72
81.76
81.76
81.79
81.80
81.79
81.78
81.75
81.73
81.69
81.71
81.71
81.72
81.73
81.72
81.77
81.76
81.77
81.74
81.71
81.67
81.68
81.70
81.71
81.70
81.68
81.67
81.66
81.62
81.62
81.60
81.65
81.66
81.66
81.67
81.64
81.63
81.62
81.59
81.60
81.61
81.57
81.59
81.61
81.64
81.63
81.68
81.66
81.67
81.66
81.70
81.70
81.70
81.68
81.72
81.72
81.73
81.75
81.76
81.73
81.73
81.70
81.72
81.74
81.72
81.74
81.76
81.76
81.77
81.78
81.74
81.72
81.69
81.69
81.69
81.66
81.66
81.68
81.68
81.68
81.71
81.69
81.69
81.68
81.68
81.67
81.70
81.73
81.73
81.72
81.72
81.73
81.74
81.75
81.73
81.73
81.73
81.73
81.73
81.74
81.75
81.76
81.75
81.74
81.76
81.76
81.77
81.79
81.78
81.77
81.77
81.76
81.75
81.76
81.78
81.79
81.79
81.77
81.78
81.78
81.80
81.80
81.81
81.82
81.83
81.84
81.84
81.82
81.83
81.80
81.77
81.79
81.80
81.80
81.79
81.81
81.80
81.80
81.78
81.78
81.78
81.78
81.77
81.78
81.79
81.79
81.81
81.81
81.80
81.80
81.82
81.82
81.84
81.83
81.81
81.82
81.83
81.83
81.81
81.80
81.80
81.81
81.80
81.81
81.79
81.81
81.80
81.81
81.79
81.79
81.80
81.78
81.80
81.79
81.80
81.81
81.80
81.80
81.80
81.82
81.83
81.81
81.82
81.81
81.81
81.80
81.79
81.77
81.78
81.79
81.79
81.76
81.73
81.73
81.71
81.73
81.72
81.73
81.73
81.71
81.72
81.71
81.71
81.73
81.75
81.73
81.75
81.73
81.74
81.73
81.73
81.73
81.72
81.72
81.74
81.75
81.77
81.78
81.78
81.79
81.78
81.80
81.78
81.79
81.79
81.80
81.81
81.83
81.81
81.82
81.83
81.83
81.83
81.82
81.81
81.84
81.85
81.85
81.85
81.85
81.86
81.88
81.88
81.88
81.88
81.88
81.88
81.87
81.85
81.86
81.82
81.80
81.79
81.80
81.80
81.79
81.78
81.79
81.80
81.81
81.81
81.82
81.83
81.84
81.84
81.85
81.86
81.85
81.83
81.83
81.82
81.82
81.83
81.84
81.85
81.85
81.84
81.84
81.84
81.83
81.82
81.84
81.84
81.84
81.82
81.82
81.84
81.85
81.85
81.85
81.86
81.87
81.88
81.85
81.86
81.85
81.86
81.86
81.85
81.85
81.85
81.85
81.85
81.86
81.86
81.86
81.86
81.86
81.86
81.85
81.85
81.83
81.83
81.84
81.83
81.84
81.84
81.85
81.84
81.82
81.82
81.82
81.83
81.84
81.84
81.85
81.84
81.86
81.86
81.86
81.86
81.87
81.87
81.86
81.86
81.85
81.86
81.88
81.87
81.86
81.86
81.84
81.84
81.82
81.83
81.84
81.84
81.84
81.85
81.85
81.84
81.85
81.85
81.86
81.87
81.86
81.85
81.85
81.85
81.86
81.86
81.87
81.85
81.85
81.86
81.87
81.86
81.86
81.85
81.87
81.88
81.89
81.89
81.89
81.90
81.90
81.90
81.90
81.88
81.88
81.88
81.87
81.88
81.87
81.88
81.88
81.87
81.87
81.86
81.85
81.85
81.86
81.85
81.85
81.85
81.84
81.85
81.86
81.86
81.87
81.88
81.88
81.90
81.92
81.94
81.94
81.94
81.93
81.94
81.94
81.94
81.95
81.94
81.93
81.94
81.94
81.94
81.94
81.95
81.93
81.92
81.92
81.93
81.94
81.93
81.94
81.94
81.94
81.92
81.93
81.94
81.93
81.93
81.93
81.94
81.94
81.94
81.93
81.91
81.90
81.89
81.90
81.91
81.91
81.93
81.91
81.92
81.92
81.93
81.91
81.92
81.90
81.89
81.89
81.90
81.89
81.89
81.89
81.90
81.91
81.91
81.92
81.91
81.92
81.91
81.91
81.91
81.90
81.89
81.90
81.89
81.90
81.91
81.90
81.91
81.91
81.91
81.92
81.92
81.92
81.93
81.94
81.94
81.94
81.93
81.91
81.92
81.90
81.91
81.90
81.89
81.88
81.89
81.89
81.90
81.89
81.89
81.88
81.89
81.90
81.89
81.89
81.90
81.90
81.90
81.90
81.89
81.89
81.90
81.89
81.89
81.89
81.88
81.88
81.89
81.89
81.89
81.89
81.90
81.89
81.90
81.90
81.90
81.90
81.90
81.90
81.91
81.91
81.91
81.91
81.91
81.91
81.92
81.90
81.90
81.89
81.89
81.88
81.87
81.87
81.85
81.85
81.86
81.86
81.85
81.85
81.86
81.85
81.86
81.84
81.85
81.85
81.85
81.84
81.85
81.85
81.85
81.85
81.85
81.85
81.85
81.86
81.85
81.87
81.88
81.88
81.87
81.87
81.87
81.79
