84.38
84.38
80.21
80.86
80.31
80.99
79.69
79.30
79.34
79.38
78.84
79.56
79.81
79.69
79.79
79.88
80.51
81.08
80.59
80.23
79.99
80.18
80.23
80.40
80.19
80.35
80.44
80.58
80.71
80.94
81.15
80.86
80.82
80.88
80.89
81.03
81.04
81.09
81.05
81.17
81.21
81.32
81.43
81.46
81.28
81.18
81.05
81.18
81.06
81.09
81.04
81.04
80.93
81.08
81.14
81.11
81.14
81.12
80.96
80.96
80.92
80.87
80.93
80.96
80.99
81.06
81.09
81.09
81.07
81.16
81.16
81.27
81.25
81.23
81.19
81.17
81.23
81.25
81.19
81.21
81.13
81.15
81.21
81.23
81.23
81.27
81.34
81.37
81.39
81.32
81.35
81.28
81.38
81.32
81.27
81.17
81.14
81.22
81.12
81.16
81.14
81.13
81.13
81.07
81.12
81.09
81.07
81.13
81.09
81.12
81.17
81.11
81.08
81.15
81.17
81.21
81.26
81.18
81.16
81.12
81.15
81.19
81.22
81.25
81.28
81.24
81.29
81.34
81.31
81.25
81.26
81.25
81.23
81.22
81.22
81.22
81.25
81.26
81.29
81.32
81.37
81.37
81.38
81.39
81.44
81.51
81.46
81.43
81.47
81.43
81.46
81.45
81.46
81.48
81.49
81.49
81.52
81.52
81.56
81.60
81.61
81.63
81.57
81.57
81.54
81.57
81.60
81.63
81.65
81.59
81.53
81.53
81.53
81.58
81.58
81.54
81.56
81.58
81.54
81.55
81.56
81.58
81.59
81.56
81.57
81.57
81.54
81.57
81.56
81.58
81.59
81.61
81.63
81.62
81.65
81.65
81.65
81.67
81.67
81.66
81.69
81.73
81.75
81.74
81.72
81.73
81.73
81.73
81.72
81.70
81.73
81.71
81.73
81.75
81.76
81.73
81.72
81.71
81.72
81.75
81.79
81.80
81.85
81.82
81.78
81.82
81.79
81.78
81.81
81.78
81.80
81.80
81.83
81.80
81.79
81.79
81.76
81.76
81.77
81.76
81.74
81.77
81.77
81.80
81.84
81.82
81.80
81.79
81.79
81.80
81.82
81.79
81.79
81.79
81.81
81.81
81.79
81.77
81.79
81.79
81.79
81.80
81.80
81.80
81.78
81.77
81.78
81.80
81.77
81.76
81.75
81.73
81.74
81.74
81.76
81.78
81.79
81.78
81.79
81.81
81.79
81.78
81.77
81.76
81.73
81.75
81.75
81.76
81.77
81.76
81.75
81.75
81.75
81.78
81.78
81.77
81.78
81.76
81.79
81.79
81.79
81.80
81.81
81.81
81.80
81.81
81.80
81.79
81.77
81.78
81.79
81.80
81.79
81.79
81.77
81.79
81.78
81.78
81.76
81.78
81.77
81.78
81.79
81.79
81.79
81.79
81.80
81.81
81.81
81.80
81.80
81.81
81.82
81.82
81.80
81.79
81.79
81.79
81.76
81.76
81.75
81.74
81.73
81.71
81.73
81.70
81.67
81.69
81.72
81.71
81.69
81.70
81.71
81.70
81.73
81.74
81.75
81.77
81.77
81.76
81.77
81.79
81.77
81.77
81.79
81.80
81.76
81.77
81.77
81.76
81.76
81.75
81.74
81.75
81.72
81.73
81.74
81.76
81.75
81.78
81.77
81.76
81.76
81.73
81.74
81.75
81.74
81.75
81.74
81.74
81.74
81.74
81.74
81.75
81.71
81.71
81.71
81.71
81.70
81.71
81.71
81.72
81.72
81.70
81.69
81.71
81.71
81.71
81.71
81.71
81.71
81.71
81.70
81.70
81.69
81.69
81.70
81.70
81.72
81.71
81.72
81.71
81.69
81.69
81.70
81.73
81.73
81.74
81.75
81.73
81.75
81.74
81.73
81.73
81.74
81.74
81.76
81.75
81.74
81.73
81.73
81.73
81.76
81.77
81.78
81.77
81.76
81.77
81.76
81.77
81.77
81.77
81.77
81.75
81.75
81.73
81.73
81.73
81.74
81.75
81.74
81.76
81.77
81.77
81.75
81.76
81.75
81.75
81.75
81.77
81.76
81.74
81.72
81.71
81.72
81.72
81.73
81.74
81.74
81.75
81.74
81.73
81.74
81.75
81.76
81.77
81.78
81.78
81.77
81.79
81.80
81.82
81.82
81.80
81.80
81.80
81.81
81.81
81.81
81.82
81.82
81.83
81.83
81.82
81.83
81.83
81.83
81.85
81.85
81.86
81.86
81.87
81.87
81.87
81.88
81.88
81.88
81.88
81.88
81.88
81.89
81.91
81.89
81.89
81.90
81.89
81.90
81.92
81.93
81.91
81.91
81.91
81.90
81.89
81.90
81.89
81.90
81.88
81.89
81.89
81.87
81.86
81.86
81.86
81.88
81.89
81.88
81.88
81.88
81.87
81.86
81.86
81.85
81.85
81.85
81.85
81.86
81.85
81.86
81.86
81.86
81.87
81.87
81.87
81.86
81.86
81.85
81.87
81.87
81.87
81.87
81.87
81.87
81.87
81.85
81.85
81.85
81.86
81.87
81.86
81.87
81.86
81.86
81.87
81.87
81.89
81.89
81.90
81.89
81.89
81.90
81.91
81.91
81.91
81.91
81.90
81.90
81.90
81.90
81.92
81.91
81.93
81.92
81.92
81.92
81.92
81.92
81.93
81.92
81.91
81.90
81.91
81.93
81.94
81.93
81.93
81.94
81.95
81.95
81.96
81.97
81.98
81.98
81.99
81.98
81.97
81.97
81.97
81.97
81.97
81.98
81.98
81.98
81.97
81.97
81.95
81.94
81.94
81.95
81.96
81.97
81.97
81.97
81.98
81.97
81.95
81.95
81.95
81.95
81.96
81.96
81.97
81.98
81.96
81.95
81.95
81.95
81.96
81.96
81.96
81.96
81.97
81.97
81.98
81.98
81.98
81.98
81.98
81.97
81.97
81.98
81.99
81.99
81.98
81.98
81.99
81.98
81.98
81.99
81.98
81.98
81.99
81.99
81.99
82.00
82.00
82.00
82.01
82.01
82.00
82.00
82.00
82.00
82.00
82.00
82.00
82.00
82.00
82.01
82.01
82.01
82.02
82.02
82.02
82.02
82.03
82.02
82.02
82.02
82.02
82.02
82.01
82.01
82.02
82.02
82.02
82.01
82.01
82.01
82.01
82.00
82.00
81.99
81.98
81.98
81.98
81.99
81.98
81.98
81.98
81.98
81.97
81.97
81.97
81.95
81.94
81.93
81.93
81.93
81.93
81.92
81.92
81.93
81.93
81.93
81.92
81.92
81.91
81.91
81.91
81.91
81.92
81.91
81.92
81.92
81.93
81.94
81.94
81.94
81.93
81.93
81.92
81.92
81.92
81.91
81.90
81.90
81.90
81.91
81.91
81.91
81.91
81.91
81.90
81.90
81.90
81.91
81.90
81.89
81.89
81.89
81.81
