81.25
82.03
81.25
80.47
80.31
80.73
81.47
81.25
81.60
81.25
81.68
82.16
81.97
81.81
81.98
81.84
82.54
82.73
82.40
82.42
82.59
82.46
82.20
82.10
82.12
82.03
82.00
82.20
82.33
82.60
82.66
82.57
82.53
82.54
82.28
82.20
81.97
81.99
81.81
81.99
82.01
82.14
81.94
81.82
81.67
81.52
81.52
81.48
81.41
81.44
81.46
81.37
81.37
81.45
81.56
81.45
81.39
81.41
81.44
81.41
81.51
81.50
81.50
81.57
81.42
81.34
81.41
81.48
81.52
81.47
81.51
81.53
81.49
81.59
81.60
81.58
81.66
81.79
81.86
81.95
81.98
81.90
81.97
81.94
81.95
81.87
81.95
81.87
81.88
81.84
81.83
81.88
81.82
81.82
81.79
81.80
81.78
81.78
81.85
81.88
81.82
81.88
81.83
81.81
81.86
81.87
81.92
81.87
81.85
81.85
81.87
81.88
81.84
81.83
81.75
81.76
81.74
81.71
81.72
81.68
81.69
81.75
81.75
81.75
81.74
81.72
81.68
81.65
81.67
81.67
81.67
81.68
81.70
81.68
81.66
81.69
81.71
81.74
81.74
81.75
81.75
81.75
81.75
81.76
81.77
81.68
81.72
81.70
81.74
81.69
81.71
81.71
81.72
81.76
81.68
81.66
81.71
81.70
81.69
81.67
81.73
81.70
81.71
81.71
81.70
81.74
81.75
81.75
81.75
81.71
81.71
81.72
81.76
81.76
81.76
81.74
81.71
81.74
81.77
81.77
81.81
81.78
81.81
81.82
81.82
81.79
81.81
81.82
81.83
81.81
81.77
81.77
81.76
81.71
81.68
81.69
81.68
81.68
81.65
81.67
81.72
81.75
81.73
81.71
81.72
81.74
81.72
81.73
81.77
81.73
81.70
81.68
81.70
81.72
81.72
81.68
81.71
81.69
81.72
81.72
81.73
81.76
81.73
81.73
81.67
81.63
81.65
81.64
81.65
81.68
81.66
81.67
81.69
81.67
81.70
81.70
81.71
81.71
81.68
81.69
81.70
81.72
81.71
81.70
81.73
81.71
81.67
81.66
81.67
81.70
81.68
81.72
81.73
81.72
81.75
81.75
81.78
81.82
81.85
81.86
81.89
81.92
81.92
81.93
81.93
81.95
81.97
81.98
81.99
82.00
82.02
81.99
82.01
82.01
81.99
82.02
82.02
82.00
81.99
81.92
81.92
81.95
81.93
81.93
81.94
81.93
81.94
81.94
81.89
81.87
81.86
81.86
81.86
81.83
81.82
81.83
81.83
81.84
81.86
81.85
81.87
81.89
81.88
81.87
81.89
81.90
81.93
81.90
81.91
81.91
81.93
81.91
81.91
81.90
81.90
81.90
81.91
81.93
81.94
81.96
81.95
81.94
81.95
81.94
81.96
81.97
81.98
81.98
81.99
81.96
81.95
81.96
81.95
81.93
81.94
81.95
81.94
81.93
81.92
81.93
81.95
81.95
81.93
81.95
81.95
81.95
81.97
81.97
81.99
82.01
82.02
82.04
82.06
82.08
82.08
82.06
82.06
82.05
82.02
82.02
82.03
82.04
82.04
82.02
82.02
82.02
82.00
82.02
82.02
82.02
82.01
82.01
81.99
82.01
81.99
81.96
81.95
81.94
81.94
81.93
81.95
81.96
81.96
81.96
81.95
81.95
81.95
81.94
81.92
81.91
81.92
81.92
81.91
81.89
81.88
81.88
81.88
81.87
81.86
81.88
81.89
81.89
81.90
81.90
81.90
81.88
81.88
81.87
81.86
81.84
81.84
81.85
81.84
81.83
81.82
81.82
81.81
81.82
81.81
81.83
81.81
81.81
81.82
81.82
81.82
81.80
81.80
81.82
81.80
81.81
81.80
81.79
81.79
81.79
81.78
81.79
81.81
81.82
81.83
81.83
81.81
81.78
81.79
81.78
81.79
81.79
81.79
81.79
81.79
81.79
81.79
81.79
81.79
81.79
81.79
81.78
81.79
81.80
81.79
81.79
81.79
81.80
81.80
81.78
81.75
81.75
81.75
81.76
81.76
81.74
81.74
81.74
81.73
81.75
81.73
81.73
81.72
81.73
81.74
81.75
81.76
81.76
81.76
81.76
81.75
81.73
81.73
81.73
81.73
81.74
81.74
81.75
81.74
81.74
81.75
81.76
81.75
81.76
81.76
81.76
81.76
81.76
81.77
81.75
81.75
81.77
81.77
81.79
81.78
81.77
81.77
81.77
81.77
81.77
81.75
81.76
81.75
81.75
81.75
81.75
81.75
81.75
81.74
81.74
81.73
81.73
81.73
81.74
81.74
81.75
81.76
81.76
81.76
81.75
81.74
81.75
81.76
81.74
81.74
81.75
81.74
81.74
81.73
81.75
81.76
81.76
81.75
81.75
81.75
81.75
81.75
81.75
81.75
81.75
81.74
81.74
81.75
81.74
81.74
81.75
81.73
81.73
81.72
81.74
81.75
81.74
81.73
81.73
81.73
81.74
81.76
81.74
81.74
81.73
81.75
81.75
81.74
81.74
81.75
81.76
81.75
81.75
81.74
81.73
81.74
81.74
81.74
81.74
81.73
81.73
81.73
81.73
81.73
81.74
81.75
81.75
81.76
81.75
81.76
81.76
81.76
81.77
81.77
81.77
81.77
81.75
81.75
81.75
81.75
81.76
81.76
81.77
81.77
81.77
81.75
81.76
81.76
81.77
81.78
81.78
81.77
81.76
81.76
81.77
81.76
81.75
81.74
81.74
81.74
81.74
81.74
81.75
81.75
81.75
81.75
81.73
81.73
81.73
81.75
81.74
81.74
81.75
81.75
81.75
81.74
81.75
81.75
81.77
81.77
81.77
81.78
81.79
81.78
81.79
81.79
81.78
81.79
81.79
81.80
81.80
81.81
81.81
81.81
81.80
81.80
81.80
81.80
81.80
81.80
81.79
81.79
81.79
81.80
81.80
81.79
81.78
81.78
81.78
81.79
81.79
81.78
81.79
81.78
81.78
81.77
81.77
81.77
81.78
81.77
81.78
81.78
81.79
81.79
81.78
81.78
81.80
81.81
81.82
81.82
81.81
81.81
81.82
81.82
81.82
81.83
81.83
81.82
81.83
81.83
81.84
81.84
81.84
81.84
81.84
81.84
81.84
81.83
81.82
81.83
81.83
81.83
81.84
81.84
81.84
81.81
81.81
81.81
81.80
81.81
81.80
81.80
81.81
81.81
81.81
81.80
81.80
81.79
81.79
81.79
81.79
81.79
81.79
81.78
81.78
81.78
81.78
81.78
81.79
81.79
81.78
81.78
81.79
81.79
81.81
81.80
81.80
81.79
81.79
81.80
81.81
81.80
81.79
81.79
81.79
81.80
81.79
81.79
81.80
81.79
81.79
81.78
81.78
81.78
81.79
81.78
81.78
81.77
81.76
81.76
81.75
81.75
81.67
