76.56
79.69
81.77
81.64
80.31
80.99
81.47
83.01
82.81
82.03
81.68
81.64
81.13
81.25
81.04
81.15
81.34
80.90
80.76
80.39
79.99
79.90
79.76
79.62
79.31
79.21
79.51
79.74
79.69
80.00
79.99
80.03
79.97
79.73
79.46
79.43
79.35
79.19
79.33
79.14
79.15
79.35
79.32
79.30
79.24
79.31
79.29
79.23
79.34
79.38
79.41
79.42
79.45
79.48
79.60
79.55
79.58
79.61
79.66
79.66
79.71
79.61
79.61
79.76
79.81
79.81
79.71
79.69
79.66
79.64
79.82
79.77
79.69
79.65
79.62
79.63
79.75
79.85
79.96
79.96
79.92
79.88
79.95
79.97
79.94
79.91
79.89
79.88
79.88
79.95
80.00
79.99
80.04
79.95
80.00
80.00
79.98
79.93
79.91
79.88
79.89
79.95
79.95
80.08
80.10
80.04
80.01
79.95
79.89
79.80
79.80
79.79
79.87
79.88
79.84
79.88
79.95
79.87
79.94
79.99
80.04
80.08
80.06
80.07
80.06
80.02
80.06
80.07
80.12
80.08
80.08
80.03
79.99
80.01
80.07
80.11
80.14
80.16
80.18
80.15
80.11
80.11
80.10
80.08
80.08
80.02
80.04
80.10
80.11
80.11
80.11
80.05
80.01
80.02
79.99
80.01
79.98
80.00
79.97
79.94
79.93
79.86
79.83
79.83
79.80
79.83
79.80
79.77
79.81
79.81
79.78
79.77
79.73
79.75
79.73
79.72
79.73
79.72
79.72
79.71
79.71
79.70
79.70
79.68
79.69
79.75
79.78
79.75
79.75
79.79
79.79
79.84
79.85
79.86
79.87
79.89
79.89
79.88
79.93
79.91
79.93
79.94
79.93
79.96
79.94
79.98
79.98
80.00
79.96
79.99
79.92
79.95
79.97
79.98
80.00
79.96
79.97
79.97
79.96
79.97
79.98
79.98
79.97
79.98
79.96
79.94
79.97
79.98
80.00
79.99
79.99
80.02
80.04
80.04
80.04
80.03
80.02
80.04
80.07
80.08
80.10
80.10
80.11
80.14
80.14
80.17
80.18
80.16
80.15
80.17
80.19
80.21
80.21
80.22
80.23
80.24
80.27
80.26
80.25
80.26
80.26
80.29
80.28
80.28
80.28
80.27
80.30
80.32
80.30
80.28
80.28
80.28
80.28
80.27
80.28
80.30
80.32
80.32
80.35
80.36
80.35
80.34
80.32
80.32
80.31
80.28
80.28
80.28
80.27
80.29
80.27
80.25
80.27
80.27
80.26
80.25
80.25
80.22
80.22
80.21
80.19
80.17
80.14
80.12
80.13
80.12
80.09
80.09
80.11
80.11
80.14
80.15
80.18
80.19
80.19
80.16
80.15
80.13
80.14
80.12
80.13
80.13
80.13
80.12
80.12
80.13
80.14
80.14
80.12
80.12
80.13
80.13
80.15
80.17
80.18
80.17
80.19
80.20
80.20
80.21
80.20
80.20
80.22
80.24
80.25
80.27
80.29
80.30
80.30
80.30
80.31
80.31
80.30
80.30
80.29
80.28
80.28
80.27
80.25
80.25
80.24
80.23
80.24
80.23
80.22
80.21
80.20
80.20
80.19
80.19
80.18
80.20
80.21
80.21
80.21
80.20
80.21
80.19
80.18
80.16
80.16
80.18
80.20
80.19
80.20
80.21
80.21
80.24
80.24
80.22
80.22
80.23
80.23
80.23
80.23
80.22
80.21
80.18
80.17
80.17
80.18
80.19
80.19
80.19
80.20
80.17
80.18
80.16
80.17
80.19
80.19
80.19
80.20
80.20
80.20
80.18
80.15
80.15
80.14
80.12
80.13
80.11
80.11
80.10
80.10
80.11
80.12
80.10
80.08
80.07
80.07
80.05
80.06
80.05
80.06
80.05
80.05
80.03
80.02
80.01
79.99
79.98
79.98
79.99
79.99
79.99
79.99
79.98
79.99
80.00
79.99
79.99
80.00
80.00
80.00
79.99
79.98
79.99
80.01
80.01
80.01
80.00
80.01
80.01
80.00
80.00
79.99
80.00
79.99
80.00
79.99
79.99
79.96
79.95
79.95
79.94
79.96
79.96
79.97
79.98
79.99
80.00
79.99
79.98
79.98
79.99
80.00
80.00
79.99
79.98
79.98
79.99
79.99
79.98
79.99
79.98
79.99
80.00
80.00
79.99
79.99
79.99
80.00
79.99
79.99
79.99
80.00
79.98
79.98
79.98
79.97
79.97
79.98
79.97
79.98
79.99
79.96
79.98
79.97
79.98
79.98
79.98
79.97
79.96
79.96
79.96
79.97
79.97
79.99
80.01
80.01
80.01
80.00
79.99
80.00
80.01
80.01
80.02
80.02
80.03
80.03
80.02
80.02
80.02
80.02
80.03
80.02
80.02
80.03
80.03
80.04
80.04
80.04
80.03
80.05
80.04
80.03
80.02
80.00
79.99
80.00
80.00
80.00
80.01
80.00
79.99
79.99
79.99
79.99
79.99
80.00
79.99
80.00
80.01
80.01
80.00
80.00
79.98
79.98
79.98
79.98
79.97
79.97
79.97
79.94
79.96
79.96
79.95
79.94
79.94
79.94
79.95
79.95
79.96
79.96
79.96
79.95
79.96
79.96
79.96
79.96
79.97
79.98
79.98
79.97
79.97
79.96
79.95
79.94
79.95
79.94
79.95
79.96
79.95
79.96
79.95
79.94
79.94
79.94
79.94
79.93
79.93
79.94
79.94
79.95
79.94
79.96
79.96
79.97
79.98
79.98
79.98
79.98
79.97
79.98
79.99
79.99
80.00
79.99
79.99
80.00
79.99
79.99
80.00
80.00
80.00
79.99
79.99
79.99
79.99
79.98
79.99
79.98
79.99
79.99
79.99
79.99
80.00
80.01
80.00
79.99
79.98
79.97
79.98
79.99
79.98
79.99
79.98
79.98
79.99
79.99
80.00
80.00
80.00
80.01
80.02
80.01
80.01
80.02
80.02
80.01
80.02
80.01
80.02
80.02
80.01
80.01
80.00
80.00
79.99
79.98
79.97
79.96
79.95
79.96
79.95
79.96
79.97
79.97
79.96
79.95
79.95
79.94
79.95
79.95
79.96
79.96
79.97
79.98
79.98
80.00
79.99
80.00
80.00
80.01
80.01
80.02
80.01
80.00
80.00
79.99
79.99
79.99
79.99
80.00
79.99
80.00
79.99
80.00
79.99
79.99
79.99
79.99
79.99
79.98
79.98
79.97
79.98
79.97
79.97
79.97
79.98
79.96
79.95
79.95
79.95
79.95
79.95
79.95
79.95
79.94
79.94
79.94
79.93
79.93
79.94
79.94
79.92
79.93
79.93
79.92
79.91
79.91
79.90
79.90
79.90
79.90
79.89
79.89
79.89
79.89
79.89
79.88
79.88
79.88
79.89
79.87
79.87
79.87
79.87
79.86
79.78
