3.12
3.12
2.08
1.56
1.25
1.30
1.12
0.98
9.20
8.59
7.81
7.29
11.54
10.94
14.48
13.67
12.96
16.41
15.62
14.92
14.29
13.64
13.04
12.57
12.06
11.66
11.40
11.05
10.67
10.36
10.03
11.57
11.22
10.89
12.37
12.07
11.74
11.55
11.30
12.50
12.23
13.69
13.41
13.10
12.85
12.60
12.33
12.14
11.93
13.19
12.96
12.77
13.68
13.45
13.27
13.03
12.83
12.63
12.42
12.24
12.09
12.93
12.75
12.55
12.36
13.23
13.04
12.89
12.75
12.59
12.41
13.02
13.59
13.45
13.27
13.10
12.93
12.78
12.62
12.48
12.35
13.03
13.63
13.47
14.04
14.68
14.55
15.15
15.61
16.15
15.99
15.81
16.40
16.24
16.12
15.97
15.80
15.67
16.29
16.84
16.69
17.16
16.99
16.86
16.70
16.54
17.09
16.94
16.80
16.65
17.05
16.89
17.34
17.19
17.04
16.93
16.79
16.64
16.50
16.37
16.23
16.11
15.98
15.86
15.76
16.10
15.98
15.87
15.75
15.66
15.55
15.46
15.34
15.25
15.15
15.05
14.95
14.88
15.30
15.19
15.09
15.49
15.40
15.77
15.67
16.00
15.91
15.82
15.72
15.65
15.57
15.47
15.38
15.71
15.60
15.51
15.43
15.77
16.03
15.93
15.84
15.74
15.65
15.56
15.47
15.38
15.66
15.57
15.90
15.82
15.73
15.99
15.90
16.14
16.41
16.33
16.23
16.51
16.43
16.34
16.27
16.19
16.11
16.41
16.32
16.24
16.16
16.45
16.36
16.27
16.19
16.11
16.04
15.96
15.89
15.81
15.74
15.69
15.94
15.87
15.79
15.72
15.66
15.59
15.52
15.45
15.70
15.93
15.86
15.78
15.71
15.96
15.90
15.84
16.08
16.31
16.24
16.40
16.34
16.26
16.20
16.38
16.62
16.55
16.49
16.43
16.38
16.31
16.24
16.47
16.70
16.64
16.57
16.51
16.45
16.39
16.32
16.26
16.20
16.13
16.07
16.28
16.22
16.16
16.10
16.06
16.00
15.93
16.13
16.31
16.24
16.18
16.11
16.06
16.00
15.95
16.15
16.09
16.27
16.43
16.37
16.31
16.50
16.46
16.40
16.34
16.30
16.24
16.19
16.39
16.56
16.75
16.69
16.65
16.59
16.54
16.49
16.66
16.61
16.56
16.50
16.69
16.84
16.79
16.73
16.67
16.62
16.57
16.51
16.45
16.65
16.84
17.03
16.97
16.92
16.86
16.80
16.75
16.92
16.86
16.81
16.75
16.70
16.65
16.59
16.54
16.51
16.46
16.60
16.54
16.69
16.64
16.80
16.75
16.88
17.05
17.01
16.95
16.90
17.05
17.00
16.94
16.90
16.85
16.80
16.75
16.89
17.06
17.01
17.15
17.12
17.07
17.03
16.98
16.93
16.89
16.84
16.79
16.75
16.70
16.83
16.79
16.74
16.69
16.65
16.60
16.57
16.72
16.68
16.64
16.60
16.55
16.51
16.64
16.59
16.56
16.68
16.86
17.01
16.97
16.92
17.05
17.00
17.13
17.08
17.04
17.00
16.95
16.91
16.87
16.83
16.96
16.92
16.88
17.00
17.13
17.08
17.04
17.00
17.14
17.09
17.20
17.16
17.27
17.23
17.36
17.32
17.28
17.37
17.33
17.28
17.25
17.39
17.34
17.31
17.26
17.22
17.18
17.14
17.24
17.20
17.16
17.12
17.08
17.04
17.00
16.96
16.92
17.02
17.15
17.11
17.07
17.16
17.12
17.23
17.35
17.46
17.43
17.39
17.35
17.31
17.27
17.23
17.19
17.32
17.28
17.24
17.21
17.17
17.29
17.39
17.36
17.32
17.28
17.24
17.20
17.17
17.13
17.09
17.06
17.18
17.14
17.11
17.07
17.21
17.32
17.29
17.38
17.34
17.31
17.27
17.24
17.20
17.17
17.13
17.09
17.06
17.16
17.12
17.23
17.19
17.16
17.13
17.09
17.06
17.03
16.99
17.10
17.07
17.04
17.01
16.97
16.94
16.90
16.87
16.84
16.81
16.78
16.90
16.86
16.94
16.90
16.87
16.84
16.80
16.89
16.85
16.94
16.91
16.88
16.85
16.93
16.90
16.99
16.96
16.93
16.90
16.86
16.94
16.91
17.00
16.97
16.94
16.91
16.88
16.84
16.81
16.78
16.75
16.84
16.81
16.78
16.86
16.96
16.93
17.03
17.00
17.12
17.09
17.05
17.03
17.12
17.22
17.19
17.16
17.13
17.21
17.30
17.27
17.24
17.21
17.19
17.16
17.13
17.10
17.07
17.04
17.14
17.11
17.20
17.17
17.14
17.10
17.07
17.17
17.14
17.11
17.08
17.05
17.11
17.08
17.18
17.27
17.24
17.22
17.18
17.16
17.14
17.23
17.20
17.18
17.26
17.23
17.21
17.18
17.25
17.34
17.42
17.39
17.36
17.34
17.31
17.29
17.26
17.24
17.21
17.18
17.15
17.21
17.19
17.16
17.24
17.31
17.28
17.25
17.22
17.32
17.29
17.26
17.24
17.21
17.18
17.16
17.23
17.21
17.18
17.15
17.13
17.10
17.08
17.05
17.03
17.00
17.06
17.15
17.13
17.10
17.08
17.05
17.12
17.10
17.07
17.05
17.02
17.00
17.09
17.06
17.03
17.01
17.09
17.06
17.03
17.09
17.07
17.14
17.12
17.10
17.16
17.14
17.11
17.09
17.16
17.14
17.11
17.09
17.07
17.15
17.13
17.10
17.08
17.06
17.03
17.01
17.10
17.08
17.05
17.03
17.09
17.06
17.04
17.01
16.99
17.06
17.04
17.02
17.00
16.97
16.95
17.02
16.99
16.97
16.95
16.93
17.01
16.99
16.96
16.94
17.02
17.00
16.98
16.95
17.03
17.00
16.99
16.97
16.94
16.92
16.90
16.88
16.86
16.83
16.81
16.78
16.76
16.74
16.72
16.70
16.68
16.66
16.63
16.61
16.59
16.57
16.54
16.60
16.59
16.67
16.65
16.63
16.61
16.58
16.56
16.54
16.52
16.49
16.47
16.45
16.43
16.41
16.39
16.37
16.43
16.41
16.39
16.37
16.42
16.40
16.37
16.44
16.41
16.39
16.37
16.35
16.33
16.31
16.29
16.27
16.25
16.23
16.29
16.27
16.25
16.23
16.29
16.27
16.25
16.31
16.29
16.26
16.24
16.23
16.21
16.19
16.17
16.23
16.30
16.28
16.25
16.24
16.30
16.28
16.26
16.24
16.22
16.20
16.19
16.16
16.14
16.12
16.11
16.09
16.16
16.14
16.12
16.10
16.09
16.07
16.05
16.11
16.09
16.06
16.04
16.03
16.01
15.99
15.97
15.95
15.93
15.92
15.90
15.88
15.87
