81.25
81.25
83.85
83.98
83.44
82.03
81.92
82.23
81.94
81.72
82.39
82.29
82.09
82.25
82.40
82.42
82.26
81.94
81.91
81.95
81.99
81.96
82.07
81.84
81.75
81.67
81.71
81.47
81.36
81.41
81.30
81.05
81.11
81.02
81.12
81.25
81.25
81.21
81.13
81.25
81.40
80.99
81.18
81.00
81.11
81.25
81.28
81.38
81.57
81.50
81.59
81.55
81.49
81.51
81.48
81.47
81.47
81.55
81.59
81.64
81.74
81.80
81.62
81.64
81.54
81.51
81.41
81.43
81.36
81.41
81.49
81.51
81.53
81.63
81.71
81.70
81.66
81.55
81.57
81.62
81.66
81.65
81.57
81.53
81.56
81.60
81.70
81.73
81.72
81.75
81.75
81.73
81.70
81.75
81.68
81.75
81.75
81.78
81.68
81.77
81.76
81.85
81.89
81.96
81.98
81.99
82.07
81.99
82.00
82.05
81.97
81.93
81.91
81.91
81.96
82.02
82.00
82.02
82.05
82.01
81.93
81.89
81.90
81.93
81.95
81.92
81.96
81.99
81.99
82.02
82.04
82.01
81.95
81.93
81.92
81.89
81.84
81.84
81.81
81.79
81.82
81.82
81.85
81.87
81.91
81.92
81.93
81.97
81.92
81.94
81.91
81.91
81.90
81.90
81.93
81.95
81.94
81.92
81.92
81.89
81.90
81.90
81.88
81.90
81.94
81.94
82.01
82.04
82.01
81.99
81.98
81.97
81.96
81.92
81.94
81.96
82.02
82.06
82.07
82.01
82.03
82.05
82.03
81.97
81.99
81.98
81.94
81.88
81.89
81.85
81.87
81.87
81.82
81.80
81.75
81.76
81.71
81.73
81.77
81.73
81.74
81.73
81.73
81.73
81.77
81.77
81.76
81.74
81.71
81.70
81.74
81.74
81.76
81.78
81.79
81.80
81.82
81.84
81.84
81.82
81.80
81.85
81.85
81.87
81.87
81.87
81.89
81.89
81.85
81.85
81.88
81.90
81.90
81.92
81.91
81.91
81.90
81.90
81.90
81.89
81.89
81.88
81.85
81.86
81.85
81.85
81.85
81.87
81.88
81.86
81.83
81.83
81.81
81.82
81.81
81.82
81.83
81.80
81.82
81.81
81.81
81.79
81.80
81.80
81.79
81.75
81.74
81.72
81.71
81.72
81.73
81.72
81.70
81.70
81.73
81.76
81.75
81.75
81.75
81.75
81.77
81.78
81.77
81.77
81.77
81.77
81.76
81.76
81.75
81.74
81.76
81.77
81.80
81.83
81.82
81.82
81.87
81.86
81.87
81.84
81.85
81.85
81.85
81.87
81.84
81.86
81.87
81.88
81.89
81.89
81.90
81.95
81.94
81.92
81.89
81.90
81.89
81.90
81.89
81.89
81.90
81.92
81.92
81.93
81.94
81.94
81.95
81.91
81.91
81.92
81.90
81.88
81.86
81.85
81.85
81.84
81.83
81.82
81.83
81.81
81.77
81.78
81.79
81.80
81.79
81.79
81.79
81.79
81.78
81.78
81.77
81.76
81.77
81.78
81.78
81.79
81.78
81.78
81.76
81.76
81.77
81.79
81.79
81.80
81.82
81.82
81.81
81.81
81.82
81.81
81.81
81.82
81.83
81.83
81.83
81.80
81.81
81.81
81.78
81.75
81.76
81.77
81.78
81.78
81.79
81.77
81.76
81.77
81.77
81.75
81.75
81.73
81.75
81.76
81.76
81.76
81.74
81.74
81.74
81.74
81.73
81.74
81.72
81.73
81.74
81.73
81.71
81.72
81.72
81.71
81.71
81.71
81.71
81.71
81.72
81.73
81.74
81.75
81.75
81.76
81.75
81.75
81.74
81.72
81.70
81.68
81.67
81.64
81.63
81.62
81.63
81.65
81.64
81.65
81.67
81.67
81.68
81.69
81.67
81.67
81.67
81.67
81.65
81.65
81.66
81.66
81.65
81.65
81.64
81.63
81.63
81.62
81.60
81.60
81.60
81.60
81.61
81.60
81.60
81.59
81.60
81.61
81.62
81.63
81.63
81.64
81.65
81.64
81.64
81.66
81.65
81.66
81.66
81.66
81.66
81.67
81.67
81.68
81.68
81.68
81.68
81.68
81.68
81.68
81.67
81.67
81.68
81.67
81.68
81.67
81.67
81.67
81.66
81.65
81.66
81.65
81.65
81.64
81.62
81.61
81.61
81.60
81.61
81.61
81.62
81.62
81.62
81.62
81.62
81.62
81.61
81.59
81.60
81.60
81.60
81.61
81.61
81.61
81.61
81.63
81.63
81.62
81.63
81.61
81.62
81.65
81.66
81.66
81.66
81.66
81.67
81.67
81.69
81.67
81.69
81.69
81.68
81.68
81.69
81.68
81.68
81.69
81.67
81.67
81.66
81.67
81.66
81.67
81.66
81.67
81.68
81.68
81.68
81.67
81.66
81.65
81.65
81.66
81.67
81.65
81.67
81.68
81.67
81.67
81.67
81.68
81.68
81.67
81.67
81.67
81.68
81.68
81.68
81.68
81.69
81.68
81.68
81.68
81.69
81.69
81.69
81.70
81.70
81.71
81.71
81.72
81.71
81.69
81.69
81.68
81.68
81.68
81.69
81.69
81.70
81.69
81.70
81.69
81.69
81.69
81.70
81.70
81.70
81.70
81.70
81.70
81.70
81.70
81.71
81.72
81.73
81.74
81.75
81.76
81.76
81.77
81.77
81.77
81.76
81.77
81.77
81.77
81.77
81.79
81.81
81.80
81.81
81.80
81.80
81.81
81.81
81.81
81.82
81.81
81.82
81.82
81.82
81.81
81.82
81.82
81.82
81.83
81.84
81.82
81.82
81.82
81.81
81.81
81.82
81.83
81.82
81.82
81.83
81.83
81.83
81.83
81.82
81.82
81.83
81.83
81.83
81.82
81.82
81.83
81.83
81.83
81.83
81.83
81.84
81.85
81.84
81.84
81.84
81.84
81.85
