81.25
82.81
83.33
84.77
83.44
83.07
83.04
83.01
82.81
82.34
81.82
82.42
81.97
82.25
82.19
82.32
82.08
81.77
81.41
81.41
81.18
81.25
81.45
81.51
81.62
81.67
81.77
81.86
82.00
82.08
82.06
81.84
81.82
81.89
81.83
81.73
81.59
81.41
81.61
81.72
81.86
81.99
82.05
81.89
81.88
82.03
81.95
82.03
82.11
82.09
82.02
82.00
82.05
82.09
82.07
82.17
82.04
82.00
82.02
82.06
82.07
82.16
82.19
82.35
82.36
82.50
82.58
82.61
82.54
82.48
82.53
82.53
82.49
82.45
82.35
82.34
82.18
82.13
82.12
82.15
82.06
82.07
82.10
82.16
82.13
82.10
82.04
82.03
82.00
82.08
82.06
82.12
82.04
81.96
81.88
82.00
81.99
81.97
81.93
81.92
81.88
81.91
81.83
81.88
81.83
81.84
81.86
81.77
81.77
81.76
81.73
81.72
81.66
81.62
81.59
81.63
81.64
81.59
81.64
81.71
81.62
81.58
81.63
81.67
81.65
81.66
81.66
81.67
81.70
81.68
81.64
81.66
81.70
81.73
81.74
81.77
81.75
81.73
81.72
81.74
81.69
81.67
81.62
81.69
81.68
81.62
81.63
81.65
81.74
81.68
81.66
81.66
81.67
81.66
81.66
81.64
81.65
81.65
81.60
81.64
81.67
81.58
81.55
81.47
81.45
81.49
81.48
81.50
81.51
81.48
81.48
81.49
81.49
81.51
81.47
81.50
81.47
81.48
81.48
81.48
81.47
81.46
81.49
81.50
81.51
81.54
81.58
81.59
81.61
81.63
81.65
81.64
81.64
81.65
81.69
81.71
81.74
81.76
81.74
81.78
81.76
81.77
81.73
81.72
81.71
81.73
81.74
81.75
81.71
81.73
81.72
81.70
81.68
81.70
81.65
81.63
81.61
81.62
81.60
81.58
81.56
81.52
81.54
81.55
81.56
81.55
81.57
81.58
81.58
81.57
81.59
81.59
81.58
81.58
81.60
81.61
81.65
81.64
81.67
81.65
81.65
81.65
81.67
81.68
81.65
81.67
81.67
81.71
81.71
81.72
81.73
81.68
81.67
81.67
81.70
81.71
81.72
81.73
81.73
81.75
81.77
81.76
81.77
81.74
81.77
81.77
81.76
81.77
81.77
81.74
81.75
81.76
81.79
81.78
81.81
81.82
81.83
81.81
81.79
81.79
81.81
81.80
81.80
81.79
81.77
81.74
81.71
81.69
81.68
81.72
81.71
81.68
81.68
81.66
81.67
81.66
81.68
81.70
81.72
81.74
81.73
81.74
81.73
81.76
81.78
81.77
81.79
81.78
81.78
81.78
81.77
81.79
81.81
81.83
81.81
81.81
81.81
81.81
81.81
81.79
81.79
81.79
81.81
81.79
81.77
81.78
81.79
81.78
81.81
81.81
81.82
81.83
81.82
81.83
81.82
81.80
81.78
81.77
81.77
81.75
81.71
81.69
81.68
81.66
81.65
81.64
81.65
81.65
81.65
81.65
81.65
81.66
81.67
81.68
81.72
81.72
81.73
81.73
81.72
81.70
81.70
81.71
81.73
81.74
81.74
81.74
81.73
81.71
81.72
81.73
81.73
81.71
81.73
81.72
81.71
81.69
81.70
81.68
81.69
81.67
81.66
81.68
81.68
81.65
81.67
81.67
81.67
81.66
81.68
81.68
81.68
81.68
81.71
81.72
81.69
81.68
81.67
81.66
81.65
81.65
81.65
81.67
81.67
81.68
81.65
81.65
81.65
81.66
81.67
81.66
81.66
81.64
81.65
81.66
81.66
81.65
81.66
81.65
81.66
81.67
81.67
81.67
81.68
81.69
81.70
81.70
81.71
81.71
81.70
81.69
81.69
81.69
81.68
81.69
81.70
81.70
81.69
81.70
81.69
81.70
81.69
81.69
81.71
81.70
81.69
81.71
81.70
81.72
81.72
81.72
81.72
81.74
81.73
81.72
81.72
81.72
81.72
81.72
81.73
81.72
81.72
81.72
81.71
81.72
81.71
81.71
81.71
81.71
81.69
81.69
81.70
81.70
81.70
81.70
81.70
81.71
81.70
81.71
81.72
81.73
81.72
81.73
81.73
81.72
81.71
81.72
81.72
81.71
81.71
81.72
81.72
81.74
81.76
81.77
81.77
81.76
81.77
81.76
81.76
81.75
81.76
81.78
81.78
81.79
81.80
81.80
81.79
81.80
81.79
81.79
81.79
81.79
81.80
81.79
81.78
81.76
81.77
81.77
81.77
81.76
81.77
81.76
81.76
81.77
81.75
81.75
81.75
81.74
81.73
81.72
81.71
81.72
81.73
81.72
81.70
81.71
81.71
81.71
81.72
81.72
81.71
81.72
81.72
81.74
81.73
81.71
81.72
81.73
81.73
81.72
81.73
81.72
81.73
81.74
81.71
81.72
81.73
81.73
81.72
81.71
81.72
81.74
81.74
81.73
81.73
81.72
81.71
81.70
81.71
81.71
81.73
81.74
81.75
81.76
81.76
81.75
81.75
81.74
81.75
81.76
81.76
81.76
81.76
81.76
81.74
81.75
81.75
81.74
81.74
81.75
81.75
81.76
81.75
81.75
81.74
81.74
81.74
81.74
81.75
81.76
81.77
81.76
81.77
81.76
81.77
81.78
81.79
81.79
81.79
81.77
81.77
81.78
81.76
81.77
81.78
81.79
81.78
81.78
81.79
81.78
81.78
81.78
81.78
81.79
81.78
81.78
81.79
81.78
81.78
81.78
81.79
81.80
81.80
81.78
81.78
81.77
81.77
81.77
81.78
81.77
81.77
81.77
81.76
81.76
81.76
81.75
81.75
81.74
81.74
81.75
81.75
81.75
81.75
81.75
81.76
81.77
81.78
81.77
81.78
81.77
81.77
81.79
81.79
81.79
81.79
81.79
81.78
81.78
81.78
81.78
81.78
81.79
81.80
81.79
81.78
81.79
81.79
81.79
81.80
81.79
81.79
81.79
81.78
81.78
81.78
81.78
81.77
81.77
81.76
81.75
81.75
81.74
81.75
81.75
81.76
81.76
81.77
81.77
81.76
81.77
81.78
81.77
81.77
81.76
81.76
81.76
81.76
81.76
81.75
81.75
81.75
81.75
81.74
81.74
81.75
81.75
81.76
81.75
81.75
81.73
81.74
81.74
81.74
81.74
81.76
81.76
81.75
81.75
81.75
81.76
81.74
81.76
81.76
81.76
81.75
81.75
81.75
81.76
81.76
81.77
81.77
81.76
81.77
81.77
81.76
81.75
81.75
81.75
81.75
81.74
81.74
81.74
81.75
81.76
81.74
81.74
81.74
81.74
81.75
81.75
81.74
81.75
81.75
81.75
81.76
81.75
81.75
81.76
81.76
81.76
81.76
81.76
81.75
81.75
81.74
81.74
81.73
81.73
81.74
81.74
81.73
81.65
