75.00
78.91
78.65
79.69
80.31
80.99
81.92
81.45
81.08
81.25
82.10
82.42
82.33
82.14
81.98
81.93
82.08
82.20
81.74
82.03
81.47
81.32
81.66
81.71
81.81
81.79
82.06
81.75
81.84
81.77
81.70
81.64
81.68
81.57
81.61
81.38
81.38
81.41
81.41
81.45
81.52
81.62
81.47
81.53
81.53
81.49
81.48
81.58
81.63
81.75
81.92
81.91
81.96
82.06
81.96
82.03
81.99
81.95
82.04
82.14
82.12
82.13
82.19
82.25
82.33
82.36
82.46
82.44
82.50
82.37
82.33
82.40
82.45
82.43
82.50
82.50
82.49
82.49
82.50
82.50
82.47
82.47
82.44
82.38
82.37
82.45
82.42
82.39
82.41
82.34
82.26
82.34
82.29
82.28
82.30
82.31
82.26
82.35
82.39
82.42
82.38
82.32
82.36
82.39
82.41
82.43
82.33
82.28
82.25
82.30
82.22
82.17
82.20
82.28
82.32
82.26
82.35
82.31
82.29
82.32
82.36
82.34
82.28
82.28
82.29
82.30
82.26
82.26
82.26
82.21
82.19
82.11
82.08
82.05
82.04
82.02
82.04
82.03
82.03
82.00
82.04
82.01
82.00
81.98
82.00
82.02
81.98
81.98
81.96
81.97
81.97
82.02
82.03
82.01
82.02
82.04
81.98
81.98
82.00
82.05
82.05
82.06
82.06
82.03
82.01
82.02
82.05
82.04
82.01
82.06
82.05
82.05
82.00
82.00
82.04
82.05
82.06
82.08
82.05
82.06
82.07
82.08
82.09
82.07
82.06
82.00
82.02
82.00
82.01
81.98
81.95
81.94
81.87
81.87
81.88
81.94
81.96
81.98
81.98
82.00
82.00
82.02
82.00
82.02
82.01
81.99
81.99
81.94
81.97
81.99
81.99
81.96
81.94
81.99
81.97
81.97
82.02
82.00
81.98
81.97
81.95
81.93
81.93
81.93
81.94
81.96
81.96
81.96
81.99
82.01
82.01
82.04
82.05
82.03
82.05
82.02
81.99
82.00
81.95
81.89
81.89
81.88
81.87
81.86
81.86
81.87
81.85
81.87
81.83
81.84
81.84
81.81
81.80
81.83
81.86
81.85
81.86
81.88
81.91
81.91
81.93
81.94
81.94
81.96
81.93
81.93
81.93
81.93
81.94
81.94
81.95
81.93
81.90
81.91
81.90
81.92
81.96
81.95
81.98
81.99
82.00
81.98
82.02
82.02
82.01
82.04
82.02
82.00
81.99
81.99
82.00
82.00
81.98
81.98
82.00
81.98
81.97
81.94
81.96
81.96
81.98
81.95
81.96
81.98
81.99
82.01
82.00
82.01
82.01
82.01
82.01
82.02
82.01
82.00
81.98
81.97
81.96
81.94
81.95
81.96
81.95
81.96
81.95
81.95
81.96
81.95
81.95
81.96
81.95
81.91
81.91
81.90
81.88
81.89
81.88
81.88
81.88
81.88
81.90
81.89
81.90
81.91
81.90
81.90
81.89
81.90
81.88
81.89
81.87
81.89
81.86
81.83
81.86
81.87
81.86
81.88
81.88
81.90
81.85
81.86
81.85
81.84
81.83
81.82
81.81
81.81
81.82
81.82
81.81
81.82
81.83
81.81
81.80
81.79
81.80
81.79
81.80
81.79
81.81
81.81
81.80
81.83
81.83
81.84
81.85
81.86
81.88
81.87
81.86
81.88
81.88
81.89
81.90
81.92
81.94
81.92
81.93
81.94
81.94
81.94
81.94
81.96
81.97
81.97
81.98
82.00
81.99
81.99
81.96
81.98
82.00
82.00
82.00
81.99
82.00
81.99
81.99
82.00
82.00
82.00
81.99
81.99
81.99
81.98
81.98
81.95
81.95
81.97
81.97
81.97
81.98
81.98
81.96
81.97
81.96
81.97
81.95
81.95
81.92
81.94
81.93
81.93
81.93
81.93
81.94
81.95
81.95
81.97
81.98
81.97
81.95
81.94
81.93
81.91
81.91
81.91
81.92
81.91
81.92
81.93
81.92
81.94
81.94
81.93
81.93
81.92
81.93
81.93
81.94
81.94
81.95
81.96
81.96
81.95
81.96
81.97
81.97
81.97
81.98
81.97
81.98
82.00
82.00
82.02
82.04
82.04
82.04
82.04
82.04
82.02
82.03
82.03
82.03
82.03
82.01
82.02
82.04
82.03
82.03
82.03
82.03
82.03
82.04
82.06
82.06
82.05
82.06
82.06
82.05
82.04
82.04
82.03
82.04
82.05
82.06
82.07
82.07
82.07
82.05
82.06
82.06
82.05
82.06
82.04
82.04
82.05
82.03
82.02
82.02
82.01
82.03
82.03
82.02
82.04
82.02
82.03
82.02
82.02
82.02
82.00
81.99
81.98
81.99
81.99
82.00
81.99
81.98
81.98
81.98
81.98
81.98
81.98
81.99
81.98
81.96
81.95
81.95
81.96
81.94
81.96
81.96
81.96
81.97
81.96
81.96
81.94
81.94
81.94
81.94
81.94
81.94
81.96
81.95
81.93
81.94
81.95
81.95
81.94
81.92
81.93
