82.81
84.38
85.94
83.59
80.00
79.43
79.02
79.10
80.21
81.09
81.39
81.64
81.61
81.03
81.25
81.74
81.80
81.86
81.91
82.11
82.51
82.53
82.34
82.16
82.12
82.09
82.12
81.92
82.00
81.93
81.91
81.49
81.06
81.30
81.34
81.16
81.12
81.13
81.05
81.05
81.10
81.14
81.18
80.97
80.97
80.98
81.05
80.92
80.87
80.88
81.00
80.92
81.01
81.02
80.94
81.17
80.92
80.98
81.01
81.02
81.07
80.97
81.03
81.08
81.06
81.20
81.11
81.20
81.09
81.23
81.27
81.34
81.40
81.40
81.27
81.27
81.19
81.19
81.25
81.25
81.31
81.38
81.31
81.34
81.32
81.32
81.32
81.27
81.25
81.16
81.22
81.17
81.08
81.13
81.04
81.02
81.04
81.09
81.14
81.14
81.17
81.19
81.17
81.13
81.06
81.06
81.07
81.15
81.19
81.14
81.12
81.17
81.10
81.15
81.10
81.03
81.08
81.06
81.08
81.03
80.98
81.01
80.97
81.00
81.05
81.08
81.07
81.03
80.96
80.95
80.87
80.88
80.90
80.96
80.96
80.95
81.01
81.06
81.09
81.07
81.09
81.13
81.13
81.14
81.12
81.14
81.19
81.19
81.19
81.16
81.16
81.19
81.16
81.23
81.19
81.19
81.19
81.16
81.19
81.24
81.23
81.22
81.22
81.18
81.16
81.17
81.21
81.21
81.19
81.10
81.11
81.07
81.11
81.12
81.10
81.09
81.10
81.14
81.11
81.11
81.06
81.11
81.12
81.16
81.14
81.12
81.12
81.12
81.13
81.14
81.13
81.13
81.16
81.15
81.15
81.17
81.19
81.19
81.21
81.28
81.32
81.35
81.33
81.36
81.37
81.33
81.34
81.37
81.37
81.38
81.36
81.36
81.37
81.38
81.42
81.45
81.42
81.44
81.48
81.46
81.45
81.48
81.47
81.47
81.46
81.44
81.46
81.46
81.47
81.48
81.46
81.43
81.42
81.47
81.47
81.46
81.49
81.47
81.43
81.43
81.45
81.43
81.46
81.42
81.44
81.46
81.47
81.47
81.45
81.42
81.41
81.36
81.33
81.31
81.31
81.34
81.34
81.31
81.33
81.34
81.33
81.32
81.32
81.32
81.31
81.34
81.32
81.30
81.27
81.27
81.27
81.30
81.28
81.28
81.30
81.28
81.27
81.26
81.28
81.29
81.29
81.30
81.32
81.33
81.32
81.30
81.31
81.30
81.31
81.30
81.30
81.32
81.37
81.36
81.37
81.39
81.37
81.38
81.37
81.36
81.36
81.35
81.34
81.35
81.38
81.38
81.41
81.45
81.45
81.46
81.46
81.46
81.46
81.47
81.49
81.51
81.52
81.50
81.50
81.50
81.49
81.47
81.48
81.44
81.45
81.45
81.44
81.45
81.46
81.47
81.47
81.47
81.48
81.48
81.46
81.45
81.46
81.46
81.48
81.49
81.49
81.48
81.50
81.47
81.46
81.44
81.45
81.46
81.46
81.47
81.50
81.51
81.52
81.51
81.52
81.50
81.51
81.51
81.53
81.53
81.54
81.54
81.54
81.55
81.57
81.55
81.55
81.55
81.53
81.53
81.54
81.55
81.53
81.55
81.56
81.57
81.57
81.57
81.57
81.54
81.51
81.52
81.52
81.51
81.51
81.50
81.49
81.49
81.48
81.49
81.50
81.49
81.51
81.51
81.50
81.50
81.51
81.53
81.55
81.56
81.57
81.56
81.56
81.56
81.56
81.55
81.54
81.54
81.53
81.55
81.55
81.56
81.56
81.59
81.60
81.60
81.59
81.59
81.60
81.60
81.61
81.59
81.58
81.57
81.55
81.57
81.56
81.56
81.57
81.57
81.58
81.57
81.55
81.55
81.55
81.55
81.57
81.56
81.57
81.57
81.58
81.57
81.56
81.55
81.55
81.56
81.54
81.55
81.56
81.56
81.56
81.56
81.55
81.55
81.54
81.56
81.57
81.56
81.55
81.55
81.56
81.55
81.55
81.55
81.55
81.55
81.51
81.53
81.51
81.51
81.51
81.49
81.49
81.49
81.49
81.48
81.50
81.49
81.49
81.49
81.49
81.50
81.50
81.49
81.47
81.47
81.47
81.48
81.47
81.49
81.50
81.51
81.51
81.52
81.52
81.53
81.52
81.53
81.52
81.52
81.52
81.51
81.52
81.54
81.53
81.53
81.53
81.55
81.54
81.53
81.54
81.53
81.52
81.51
81.52
81.51
81.52
81.51
81.50
81.49
81.47
81.45
81.46
81.46
81.47
81.47
81.46
81.45
81.45
81.46
81.44
81.42
81.42
81.44
81.43
81.43
81.43
81.43
81.44
81.44
81.45
81.45
81.45
81.46
81.46
81.45
81.44
81.43
81.43
81.42
81.43
81.43
81.44
81.43
81.43
81.44
81.44
81.45
81.46
81.45
81.45
81.46
81.46
81.46
81.46
81.46
81.46
81.46
81.47
81.46
81.47
81.46
81.46
81.47
81.46
81.46
81.47
81.48
81.48
81.50
81.49
81.49
81.49
81.49
81.49
81.50
81.50
81.50
81.49
81.51
81.53
81.52
81.53
81.54
81.54
81.55
81.55
81.54
81.54
81.53
81.53
81.53
81.52
81.51
81.52
81.53
81.54
81.54
81.55
81.55
81.54
81.55
81.55
81.55
81.54
81.54
81.54
81.54
81.55
81.53
81.54
81.53
81.52
81.54
81.53
81.53
81.55
81.54
81.54
81.53
81.52
81.53
81.52
81.54
81.54
81.53
81.53
81.52
81.51
81.51
81.52
81.53
81.52
81.52
81.53
81.53
81.51
81.51
81.51
81.50
81.50
81.51
81.50
81.51
81.51
81.50
81.50
81.50
81.50
81.50
81.50
81.50
81.50
81.50
81.49
81.50
81.51
81.51
81.51
81.50
81.50
81.50
81.51
81.52
81.51
81.50
81.50
81.51
81.51
81.51
81.52
81.52
81.52
81.51
81.51
81.51
81.51
81.50
81.50
81.50
81.50
81.51
81.50
81.52
81.52
81.52
81.51
81.50
81.51
81.52
81.52
81.51
81.52
81.53
81.54
81.54
81.54
81.55
81.55
81.56
81.55
81.56
81.57
81.57
81.58
81.58
81.57
81.57
81.57
81.57
81.57
81.58
81.59
81.59
81.60
81.61
81.61
81.60
81.59
81.60
81.60
81.58
81.59
81.59
81.59
81.57
81.58
81.57
81.57
81.58
81.58
81.57
81.58
81.57
81.56
81.58
81.58
81.58
81.59
81.59
81.58
81.58
81.57
81.56
81.56
81.56
81.57
81.57
81.57
81.57
81.58
81.57
81.56
81.56
81.56
81.54
81.54
81.55
81.56
81.57
81.57
81.58
81.57
81.57
81.57
81.56
81.55
81.55
81.54
81.55
81.55
81.47
