89.06
83.59
82.29
80.08
80.62
80.47
80.80
79.88
80.03
80.62
81.25
81.12
80.77
80.92
81.25
81.05
81.25
80.90
80.02
80.16
80.65
80.75
80.98
81.18
81.56
81.61
81.48
81.58
81.68
81.77
82.01
81.93
81.63
81.80
81.65
81.51
81.42
81.50
81.45
81.45
81.52
81.40
81.65
81.61
81.60
81.59
81.55
81.32
81.22
81.34
81.37
81.46
81.40
81.34
81.39
81.47
81.52
81.65
81.65
81.72
81.71
81.58
81.60
81.57
81.61
81.70
81.62
81.71
81.54
81.52
81.56
81.58
81.46
81.46
81.42
81.58
81.57
81.65
81.51
81.62
81.67
81.63
81.70
81.68
81.67
81.69
81.65
81.68
81.74
81.74
81.66
81.66
81.65
81.75
81.71
81.66
81.59
81.62
81.68
81.62
81.62
81.69
81.77
81.82
81.77
81.72
81.78
81.80
81.84
81.89
81.91
81.92
81.90
81.84
81.93
81.95
82.01
81.95
81.99
81.98
82.00
82.03
81.99
81.93
81.89
81.89
81.88
81.82
81.86
81.81
81.79
81.77
81.76
81.80
81.77
81.77
81.71
81.71
81.78
81.81
81.78
81.71
81.68
81.68
81.66
81.66
81.68
81.65
81.60
81.54
81.54
81.57
81.54
81.53
81.52
81.55
81.56
81.63
81.62
81.66
81.64
81.66
81.64
81.65
81.67
81.64
81.64
81.65
81.64
81.69
81.70
81.71
81.73
81.73
81.79
81.77
81.74
81.69
81.67
81.64
81.67
81.71
81.75
81.78
81.78
81.81
81.85
81.89
81.93
81.91
81.91
81.97
81.94
81.93
81.96
81.97
82.04
82.02
81.97
82.01
82.00
82.02
82.04
82.05
82.06
82.04
82.00
82.00
82.03
82.03
82.06
82.08
82.12
82.11
82.11
82.12
82.16
82.15
82.12
82.15
82.15
82.14
82.11
82.09
82.10
82.09
82.10
82.11
82.14
82.11
82.11
82.13
82.12
82.15
82.14
82.14
82.09
82.09
82.08
82.12
82.13
82.14
82.14
82.15
82.16
82.15
82.15
82.16
82.17
82.13
82.14
82.16
82.15
82.13
82.13
82.14
82.15
82.14
82.12
82.13
82.12
82.11
82.10
82.09
82.06
82.07
82.10
82.12
82.13
82.15
82.18
82.19
82.21
82.21
82.21
82.25
82.25
82.27
82.27
82.27
82.28
82.28
82.30
82.28
82.28
82.30
82.32
82.33
82.33
82.31
82.30
82.31
82.30
82.29
82.29
82.28
82.29
82.27
82.29
82.30
82.30
82.28
82.28
82.28
82.24
82.25
82.26
82.23
82.23
82.24
82.25
82.24
82.26
82.27
82.28
82.27
82.27
82.27
82.27
82.28
82.29
82.29
82.29
82.28
82.29
82.26
82.27
82.27
82.30
82.28
82.29
82.29
82.28
82.27
82.28
82.27
82.24
82.26
82.26
82.27
82.28
82.29
82.29
82.30
82.30
82.31
82.30
82.31
82.32
82.33
82.31
82.31
82.32
82.31
82.33
82.31
82.28
82.28
82.29
82.28
82.30
82.30
82.30
82.30
82.29
82.28
82.27
82.26
82.26
82.26
82.26
82.24
82.25
82.25
82.25
82.25
82.25
82.25
82.26
82.24
82.23
82.25
82.25
82.24
82.24
82.23
82.22
82.23
82.23
82.22
82.22
82.21
82.22
82.21
82.21
82.23
82.21
82.22
82.21
82.22
82.23
82.21
82.20
82.21
82.21
82.20
82.20
