78.12
85.16
81.77
80.47
79.38
79.17
79.24
79.49
79.69
79.53
79.69
80.34
80.53
80.25
80.42
80.57
80.33
80.30
80.35
80.39
80.43
80.61
81.18
81.45
81.31
81.31
81.48
81.64
81.68
81.72
81.60
81.45
81.58
81.57
81.74
81.86
82.01
82.11
81.89
81.68
81.75
81.55
81.50
81.61
81.63
81.49
81.52
81.41
81.47
81.59
81.31
81.31
81.37
81.37
81.45
81.45
81.47
81.47
81.54
81.56
81.58
81.60
81.52
81.69
81.63
81.63
81.65
81.69
81.79
81.79
81.87
81.88
81.76
81.82
81.81
81.89
81.86
81.79
81.78
81.76
81.85
81.76
81.70
81.68
81.71
81.69
81.72
81.62
81.53
81.55
81.56
81.57
81.50
81.53
81.56
81.56
81.52
81.49
81.47
81.53
81.53
81.62
81.58
81.58
81.62
81.65
81.66
81.63
81.65
81.63
81.63
81.71
81.75
81.80
81.77
81.75
81.80
81.78
81.83
81.84
81.81
81.76
81.77
81.77
81.79
81.78
81.77
81.76
81.71
81.73
81.68
81.65
81.66
81.68
81.66
81.68
81.74
81.71
81.78
81.81
81.82
81.71
81.77
81.77
81.76
81.77
81.79
81.77
81.68
81.70
81.71
81.71
81.68
81.73
81.69
81.72
81.73
81.76
81.79
81.84
81.80
81.84
81.85
81.80
81.81
81.77
81.73
81.77
81.78
81.75
81.75
81.78
81.78
81.80
81.84
81.85
81.85
81.86
81.86
81.86
81.90
81.87
81.85
81.90
81.89
81.91
81.90
81.91
81.94
81.95
81.97
81.93
81.91
81.90
81.89
81.89
81.93
81.92
81.93
81.91
81.92
81.93
81.97
81.96
81.99
81.96
81.97
81.98
82.02
81.99
82.04
82.03
82.08
82.05
82.08
82.07
82.06
82.07
82.09
82.07
82.08
82.09
82.10
82.07
82.09
82.11
82.13
82.13
82.10
82.08
82.10
82.09
82.04
82.01
82.02
82.06
82.06
82.08
82.07
82.03
82.03
82.01
82.02
82.07
82.07
82.06
82.03
82.03
82.03
82.02
82.02
81.99
81.97
81.93
81.93
81.93
81.93
81.93
81.91
81.92
81.92
81.91
81.90
81.92
81.94
81.95
81.98
81.97
81.99
81.97
81.98
81.97
81.98
82.00
82.02
81.99
82.00
82.00
82.01
82.00
82.01
82.01
82.01
82.02
82.04
82.03
81.97
81.99
81.96
81.95
81.95
81.94
81.95
81.97
81.96
81.96
81.97
82.01
82.00
81.97
81.97
81.95
81.97
81.96
81.95
81.96
81.96
81.97
81.97
81.96
81.97
81.97
81.96
81.97
81.97
81.96
81.94
81.92
81.90
81.87
81.87
81.87
81.88
81.89
81.87
81.87
81.87
81.85
81.84
81.86
81.84
81.85
81.84
81.86
81.87
81.87
81.85
81.86
81.88
81.88
81.85
81.86
81.85
81.86
81.87
81.87
81.85
81.86
81.86
81.84
81.87
81.87
81.88
81.88
81.88
81.87
81.85
81.84
81.81
81.79
81.80
81.82
81.83
81.83
81.82
81.83
81.81
81.83
81.83
81.80
81.82
81.84
81.84
81.81
81.82
81.83
81.83
81.83
81.84
81.85
81.87
81.88
81.90
81.89
81.88
81.88
81.89
81.90
81.89
81.88
81.88
81.87
81.86
81.83
81.83
81.85
81.85
81.85
81.84
81.84
81.85
81.86
81.85
81.86
81.86
81.84
81.85
81.86
81.87
81.88
81.88
81.89
81.88
81.89
81.90
81.91
81.91
81.91
81.92
81.91
81.92
81.92
81.90
81.89
81.88
81.87
81.89
81.89
81.88
81.86
81.86
81.86
81.85
81.86
81.87
81.87
81.87
81.87
81.87
81.88
81.86
81.87
81.86
81.84
81.85
81.84
81.84
81.83
81.85
81.85
81.86
81.85
81.85
81.87
81.87
81.86
81.85
81.85
81.85
81.84
81.83
81.85
81.84
81.83
81.83
81.84
81.83
81.82
81.81
81.79
81.78
81.78
81.77
81.79
81.79
81.78
81.79
81.79
81.78
81.77
81.77
81.78
81.78
81.78
81.78
81.76
81.77
81.78
81.80
81.80
81.78
81.78
81.78
81.78
81.78
81.77
81.77
81.77
81.78
81.78
81.79
81.80
81.82
81.81
81.80
81.82
81.83
81.82
81.81
81.83
81.82
81.81
81.80
81.80
81.79
81.79
81.79
81.79
81.80
81.81
81.80
81.81
81.81
81.81
81.82
81.81
81.80
81.80
81.81
81.79
81.79
81.81
81.81
81.81
81.81
81.81
81.81
81.81
81.80
81.82
81.82
81.82
81.83
81.82
81.82
81.81
81.83
81.84
81.84
81.84
81.85
81.84
81.84
81.85
81.85
81.85
81.86
81.87
81.87
81.86
81.87
81.87
81.88
81.88
81.86
81.85
81.86
81.86
81.86
81.87
81.88
81.88
81.87
81.88
81.88
81.87
81.89
81.89
81.88
81.88
81.89
81.87
81.87
81.85
81.86
81.86
81.87
81.88
81.88
81.86
81.86
81.86
81.87
81.87
81.88
81.86
81.86
81.86
81.86
81.86
81.85
81.84
81.85
81.85
81.85
81.84
81.85
81.86
81.87
81.88
81.87
81.87
81.87
81.87
81.86
81.87
81.87
81.87
81.88
81.89
81.88
81.87
81.86
81.87
81.86
81.85
81.85
81.84
81.83
81.84
81.83
81.84
81.85
81.85
81.85
81.84
81.85
81.85
81.85
81.83
81.82
81.81
81.81
81.80
81.81
81.82
81.81
81.81
81.80
81.81
81.82
81.83
81.83
81.83
81.83
81.84
81.85
81.85
81.86
81.87
81.87
81.87
81.87
81.86
81.88
81.88
81.88
81.88
81.87
81.88
81.89
81.89
81.89
81.90
81.89
81.89
81.90
81.90
81.90
81.90
81.89
81.88
81.89
81.87
81.86
81.85
81.85
81.85
81.86
81.85
81.84
81.84
81.84
81.83
81.84
81.84
81.84
81.85
81.86
81.86
81.87
81.87
81.86
81.86
81.86
81.87
81.87
81.87
81.87
81.86
81.86
81.86
81.85
81.86
81.85
81.86
81.86
81.86
81.85
81.84
81.85
81.84
81.84
81.84
81.84
81.85
81.84
81.84
81.84
81.85
81.85
81.85
81.85
81.84
81.84
81.83
81.82
81.82
81.80
81.81
81.82
81.82
81.82
81.83
81.83
81.83
81.83
81.82
81.83
81.84
81.83
81.83
81.83
81.84
81.84
81.84
81.83
81.83
81.84
81.84
81.84
81.84
81.85
81.85
81.85
81.86
81.86
81.87
81.87
81.86
81.86
81.86
81.86
81.87
81.87
81.87
81.88
81.87
81.87
81.88
81.88
81.81
