4.69
2.34
2.60
7.81
6.88
5.99
6.47
5.86
6.94
6.25
5.97
7.16
6.73
6.36
5.94
6.54
6.34
6.25
6.00
6.56
6.85
6.68
6.39
6.64
6.44
6.49
6.31
6.92
6.68
6.67
6.50
6.30
6.68
6.62
6.52
6.73
7.09
7.15
7.09
6.91
7.20
7.25
7.45
7.39
7.33
7.47
7.45
7.29
7.27
7.19
7.41
7.75
7.96
7.84
7.76
7.73
7.68
7.79
7.73
7.63
7.51
7.66
7.59
7.67
7.81
7.72
7.81
7.79
7.72
7.75
7.79
7.81
7.75
7.69
7.81
7.73
7.71
7.67
7.77
7.79
7.70
7.62
7.55
7.53
7.54
7.45
7.49
7.40
7.44
7.41
7.35
7.30
7.27
7.21
7.30
7.24
7.20
7.13
7.09
7.03
6.99
6.95
6.90
6.87
6.98
6.91
6.86
6.84
6.81
6.75
6.78
6.74
6.72
6.67
6.64
6.59
6.60
6.57
6.53
6.63
6.69
6.65
6.71
6.67
6.70
6.66
6.61
6.67
6.67
6.73
6.77
6.77
6.74
6.84
6.83
6.80
6.77
6.73
6.81
6.84
6.83
6.82
6.87
6.87
6.85
6.83
6.83
6.89
6.97
7.07
7.08
7.05
7.03
6.98
6.94
6.99
7.01
6.96
7.03
7.00
6.98
6.95
6.92
6.89
6.88
6.92
6.88
6.94
7.00
6.96
6.92
6.89
6.87
6.87
6.86
6.83
6.81
6.77
6.76
6.73
6.74
6.71
6.68
6.66
6.63
6.66
6.63
6.60
6.59
6.60
6.62
6.59
6.57
6.54
6.53
6.53
6.53
6.59
6.63
6.63
6.60
6.60
6.58
6.57
6.55
6.53
6.51
6.58
6.56
6.55
6.58
6.60
6.62
6.59
6.57
6.55
6.57
6.54
6.53
6.53
6.50
6.55
6.52
6.55
6.53
6.55
6.61
6.60
6.57
6.56
6.53
6.62
6.69
6.67
6.67
6.67
6.67
6.65
6.66
6.64
6.63
6.61
6.60
6.60
6.58
6.56
6.62
6.60
6.58
6.56
6.56
6.54
6.52
6.52
6.51
6.48
6.48
6.47
6.45
6.43
6.44
6.43
6.45
6.43
6.42
6.45
6.44
6.48
6.45
6.44
6.45
6.45
6.42
6.41
6.40
6.45
6.44
6.47
6.49
6.48
6.47
6.49
6.52
6.50
6.51
6.50
6.51
6.53
6.51
6.49
6.49
6.48
6.46
6.45
6.44
6.42
6.40
6.39
6.41
6.45
6.43
6.41
6.41
6.40
6.39
6.37
6.36
6.40
6.39
6.38
6.39
6.39
6.39
6.38
6.38
6.38
6.37
6.36
6.34
6.34
6.33
6.36
6.35
6.36
6.39
6.38
6.40
6.45
6.44
6.43
6.43
6.41
6.40
6.42
6.41
6.40
6.39
6.37
6.40
6.39
6.37
6.36
6.35
6.37
6.36
6.38
6.37
6.35
6.34
6.33
6.32
6.30
6.29
6.27
6.26
6.28
6.26
6.31
6.34
6.32
6.35
6.37
6.35
6.35
6.34
6.32
6.36
6.35
6.33
6.33
6.36
6.36
6.35
6.33
6.31
6.32
6.32
6.31
6.33
6.35
6.35
6.36
6.35
6.36
6.34
6.34
6.32
6.31
6.33
6.33
6.35
6.40
6.39
6.38
6.37
6.38
6.40
6.39
6.38
6.38
6.37
6.37
6.36
6.39
6.38
6.37
6.38
6.40
6.40
6.39
6.38
6.37
6.36
6.36
6.35
6.37
6.36
6.37
6.37
6.38
6.38
6.36
6.35
6.35
6.33
6.32
6.32
6.30
6.34
6.32
6.32
6.31
6.30
6.30
6.32
6.32
6.35
6.34
6.33
6.32
6.34
6.33
6.33
6.32
6.32
6.30
6.29
6.28
6.28
6.28
6.28
6.27
6.30
6.29
6.32
6.32
6.30
6.30
6.29
6.30
6.31
6.30
6.29
6.31
6.30
6.31
6.30
6.30
6.30
6.30
6.29
6.28
6.28
6.30
6.29
6.27
6.27
6.29
6.30
6.32
6.35
6.34
6.34
6.33
6.32
6.31
6.30
6.29
6.30
6.31
6.31
6.30
6.28
6.31
6.32
6.32
6.31
6.33
6.32
6.32
6.31
6.30
6.31
6.30
6.32
6.31
6.30
6.31
6.31
6.30
6.31
6.30
6.30
6.31
6.31
6.33
6.33
6.34
6.33
6.35
6.35
6.33
6.34
6.33
6.32
6.33
6.32
6.32
6.34
6.33
6.36
6.35
6.35
6.34
6.33
6.33
6.33
6.32
6.31
6.30
6.30
6.29
6.29
6.31
6.30
6.32
6.32
6.33
6.32
6.34
6.37
6.36
6.35
6.35
6.39
6.39
6.39
6.38
6.37
6.36
6.36
6.35
6.37
6.36
6.37
6.36
6.35
6.38
6.37
6.39
6.41
6.40
6.41
6.41
6.41
6.45
6.44
6.43
6.42
6.44
6.45
6.44
6.45
6.47
6.46
6.48
6.48
6.47
6.45
6.45
6.45
6.44
6.44
6.47
6.49
6.48
6.47
6.46
6.45
6.46
6.45
6.47
6.45
6.45
6.45
6.44
6.44
6.45
6.44
6.44
6.44
6.46
6.48
6.47
6.47
6.47
6.47
6.46
6.46
6.46
6.46
6.45
6.44
6.44
6.43
6.43
6.42
6.42
6.43
6.42
6.43
6.42
6.42
6.43
6.42
6.44
6.46
6.45
6.44
6.44
6.43
6.43
6.42
6.41
6.40
6.42
6.43
6.43
6.43
6.42
6.42
6.41
6.41
6.42
6.44
6.43
6.42
6.42
6.41
6.43
6.42
6.41
6.41
6.41
6.42
6.42
6.41
6.41
6.40
6.40
6.39
6.39
6.38
6.38
6.38
6.37
6.37
6.36
6.35
6.35
6.34
6.34
6.33
6.36
6.37
6.38
6.39
6.39
6.38
6.38
6.39
6.39
6.38
6.39
6.39
6.39
6.39
6.39
6.38
6.37
6.37
6.36
6.36
6.36
6.35
6.35
6.36
6.37
6.37
6.37
6.36
6.36
6.36
6.36
6.35
6.36
6.36
6.37
6.36
6.39
6.40
6.41
6.40
6.39
6.41
6.40
6.40
6.39
6.39
6.39
6.39
6.41
6.40
6.39
6.40
6.40
6.39
6.41
6.40
6.40
6.39
6.38
6.40
6.39
6.39
6.38
6.38
6.39
6.38
6.39
6.38
6.37
6.36
6.37
6.37
6.36
6.36
6.35
6.35
6.35
6.34
6.34
6.35
6.34
6.35
6.35
6.34
6.34
6.35
6.34
6.34
6.34
6.33
6.33
6.33
6.33
6.32
6.31
6.32
6.32
6.31
6.30
