4.69
7.03
7.81
7.03
6.56
5.99
5.58
5.47
6.08
5.78
5.68
5.73
6.13
6.03
5.73
6.05
5.88
5.99
5.84
5.70
5.58
5.68
5.71
5.79
5.75
5.65
5.73
5.69
5.60
5.47
5.65
5.66
5.59
5.61
5.80
5.69
5.57
5.47
5.45
5.59
5.56
5.69
5.81
5.79
5.83
5.77
5.68
5.76
5.74
5.75
5.70
5.68
5.72
5.73
5.74
5.69
5.70
5.68
5.69
5.65
5.61
5.62
5.63
5.62
5.70
5.75
5.81
5.81
5.77
5.78
5.77
5.77
5.82
5.79
5.75
5.84
5.76
5.79
5.85
5.88
5.88
5.85
5.80
5.78
5.77
5.76
5.75
5.77
5.72
5.68
5.65
5.66
5.65
5.63
5.72
5.71
5.73
5.71
5.70
5.64
5.65
5.62
5.64
5.63
5.61
5.57
5.59
5.56
5.58
5.57
5.53
5.55
5.52
5.51
5.48
5.48
5.46
5.47
5.48
5.47
5.50
5.48
5.49
5.48
5.46
5.47
5.44
5.44
5.44
5.44
5.43
5.41
5.38
5.35
5.38
5.38
5.39
5.40
5.42
5.42
5.42
5.41
5.42
5.45
5.44
5.48
5.47
5.50
5.51
5.50
5.53
5.53
5.52
5.54
5.56
5.58
5.60
5.61
5.57
5.58
5.57
5.58
5.58
5.56
5.58
5.56
5.60
5.62
5.61
5.62
5.61
5.61
5.59
5.59
5.59
5.58
5.60
5.59
5.58
5.56
5.56
5.54
5.55
5.56
5.59
5.59
5.58
5.59
5.58
5.59
5.58
5.57
5.55
5.57
5.57
5.60
5.60
5.60
5.60
5.60
5.61
5.62
5.61
5.60
5.61
5.64
5.64
5.64
5.64
5.62
5.62
5.62
5.63
5.65
5.64
5.63
5.63
5.63
5.64
5.65
5.64
5.66
5.66
5.66
5.65
5.68
5.70
5.69
5.70
5.69
5.70
5.70
5.71
5.71
5.71
5.69
5.70
5.69
5.68
5.66
5.67
5.66
5.66
5.67
5.68
5.68
5.69
5.70
5.70
5.70
5.70
5.70
5.73
5.73
5.74
5.74
5.75
5.77
5.79
5.78
5.76
5.76
5.77
5.77
5.76
5.77
5.76
5.78
5.78
5.76
5.74
5.74
5.73
5.73
5.74
5.75
5.75
5.76
5.76
5.78
5.77
5.79
5.79
5.80
5.78
5.77
5.78
5.78
5.77
5.77
5.79
5.79
5.81
5.80
5.79
5.78
5.77
5.77
5.77
5.79
5.79
5.79
5.80
5.79
5.78
5.79
5.78
5.77
5.77
5.78
5.78
5.77
5.76
5.76
5.75
5.77
5.77
5.78
5.78
5.78
5.79
5.82
5.84
5.85
5.84
5.84
5.85
5.85
5.87
5.85
5.85
5.86
5.85
5.85
5.86
5.88
5.88
5.88
5.87
5.85
5.85
5.83
5.84
5.85
5.83
5.83
5.81
5.82
5.82
5.81
5.80
5.82
5.85
5.85
5.84
5.84
5.84
5.84
5.84
5.84
5.84
5.84
5.84
5.85
5.84
5.83
5.82
5.85
5.85
5.85
5.85
5.86
5.86
5.88
5.88
5.88
5.88
5.88
5.89
5.90
5.90
5.89
5.90
5.90
5.90
5.89
5.89
5.89
5.88
5.88
5.88
5.87
5.88
5.88
5.87
5.86
5.86
5.86
5.85
5.84
5.84
5.84
5.85
5.85
5.84
5.85
5.85
5.85
5.86
5.84
5.84
5.83
5.83
5.83
5.83
5.83
5.83
5.83
5.83
5.84
5.84
5.83
5.84
5.84
5.84
5.84
5.83
5.84
5.84
5.83
5.83
5.85
5.85
5.84
5.84
5.83
5.83
5.83
5.83
5.82
5.83
5.83
5.82
5.82
5.82
5.82
5.82
5.83
5.83
5.83
5.84
5.84
5.83
5.84
5.84
5.84
5.83
5.83
5.84
5.83
5.82
5.82
5.82
5.82
5.82
5.81
5.81
5.81
5.81
5.81
5.80
5.80
5.80
5.81
5.81
5.81
5.81
5.80
5.79
5.78
5.80
5.79
5.79
5.80
5.80
5.81
5.80
5.80
5.78
5.78
5.78
5.77
5.76
5.75
5.75
5.76
5.76
5.76
5.76
5.76
5.76
5.76
5.76
5.75
5.76
5.75
5.75
5.76
5.75
5.75
5.75
5.75
5.75
5.75
5.75
5.75
5.75
5.75
5.75
5.75
5.75
5.76
5.75
5.76
5.76
5.75
5.74
5.75
5.75
5.75
5.76
5.77
5.77
5.78
5.78
5.77
5.77
5.77
5.76
5.77
5.78
5.78
5.78
5.77
5.77
5.77
5.76
5.75
5.76
5.76
5.75
5.75
5.76
5.76
5.75
5.75
5.75
5.75
5.74
5.75
5.76
5.75
5.75
5.75
5.74
5.74
5.75
5.75
5.75
5.74
5.74
5.74
5.75
5.76
5.75
5.75
5.75
5.75
5.75
5.76
5.76
5.76
5.76
5.77
5.76
5.75
5.76
5.75
5.74
5.74
5.74
5.74
5.75
5.74
5.74
5.75
5.76
5.76
5.77
5.78
5.77
5.77
5.77
5.78
5.77
5.77
5.77
5.77
5.77
5.77
5.77
5.79
5.78
5.78
5.79
5.78
5.79
5.79
5.79
5.78
5.78
5.80
5.80
5.80
5.80
5.81
5.81
5.81
5.82
5.82
5.82
5.81
5.81
5.82
5.81
5.83
5.82
5.81
5.81
5.81
5.81
5.80
5.80
5.80
5.81
5.81
5.80
5.80
5.80
5.79
5.80
5.80
5.80
5.81
5.81
5.81
5.81
5.81
5.81
5.80
5.81
5.81
5.81
5.81
5.81
5.81
5.81
5.81
5.81
5.81
5.81
5.80
5.80
5.80
5.80
5.80
5.81
5.80
5.80
5.80
5.80
5.80
5.80
5.81
5.81
5.81
5.81
5.81
5.82
5.82
5.82
5.82
5.83
5.83
5.83
5.82
5.82
5.82
5.81
5.81
5.82
5.82
5.81
5.82
5.83
5.83
5.82
5.82
5.82
5.83
5.82
5.83
5.84
5.84
5.84
5.84
5.84
5.84
5.84
5.84
5.83
5.83
5.82
5.82
5.82
5.82
5.82
5.82
5.83
5.84
5.84
5.84
5.83
5.83
5.83
5.83
5.83
5.83
5.83
5.83
5.83
5.82
5.83
5.83
5.83
5.83
5.83
5.83
5.83
5.84
5.84
5.84
5.84
5.84
5.84
5.84
5.84
5.84
5.83
5.84
5.84
5.84
5.84
5.83
5.84
5.83
5.83
5.83
5.83
5.83
5.84
5.84
5.85
5.85
5.85
5.85
5.85
5.85
5.85
5.85
5.86
5.85
