81.25
82.81
79.69
80.08
80.00
79.69
82.14
81.64
81.42
81.25
81.11
80.86
80.53
80.47
80.52
81.15
81.43
81.34
81.09
80.94
80.95
81.11
81.11
81.12
81.25
81.31
81.37
81.53
81.30
80.89
81.00
80.86
80.92
81.02
80.85
80.90
81.04
81.33
81.37
81.37
81.44
81.55
81.58
81.75
81.81
81.86
81.91
81.97
81.92
81.91
81.86
81.82
81.81
81.77
81.88
81.81
81.77
81.71
81.73
81.80
81.94
81.88
81.72
81.64
81.63
81.61
81.72
81.64
81.57
81.63
81.76
81.68
81.72
81.76
81.73
81.78
81.76
81.71
81.70
81.70
81.75
81.73
81.74
81.75
81.75
81.74
81.72
81.55
81.53
81.58
81.64
81.62
81.49
81.43
81.48
81.45
81.41
81.49
81.38
81.39
81.40
81.45
81.45
81.45
81.49
81.49
81.48
81.50
81.44
81.43
81.45
81.46
81.47
81.50
81.55
81.61
81.62
81.62
81.53
81.58
81.57
81.53
81.58
81.50
81.49
81.51
81.48
81.46
81.43
81.42
81.45
81.45
81.43
81.48
81.45
81.47
81.46
81.50
81.52
81.44
81.44
81.48
81.50
81.49
81.48
81.46
81.43
81.40
81.42
81.42
81.41
81.33
81.40
81.45
81.48
81.49
81.50
81.50
81.53
81.53
81.52
81.48
81.42
81.48
81.48
81.51
81.51
81.53
81.53
81.52
81.51
81.54
81.54
81.57
81.56
81.59
81.60
81.62
81.65
81.61
81.63
81.64
81.69
81.70
81.70
81.70
81.68
81.67
81.68
81.65
81.64
81.64
81.60
81.58
81.54
81.54
81.53
81.50
81.54
81.54
81.55
81.57
81.55
81.60
81.61
81.62
81.64
81.65
81.68
81.67
81.70
81.68
81.68
81.70
81.69
81.72
81.73
81.73
81.74
81.79
81.77
81.79
81.78
81.77
81.74
81.70
81.70
81.72
81.73
81.74
81.73
81.72
81.72
81.76
81.73
81.75
81.74
81.72
81.73
81.74
81.74
81.76
81.78
81.78
81.79
81.81
81.79
81.77
81.75
81.76
81.75
81.76
81.77
81.77
81.78
81.76
81.77
81.77
81.78
81.77
81.75
81.73
81.72
81.73
81.75
81.78
81.78
81.79
81.78
81.78
81.77
81.81
81.83
81.85
81.84
81.88
81.90
81.90
81.86
81.86
81.87
81.87
81.86
81.87
81.86
81.87
81.87
81.85
81.86
81.86
81.89
81.87
81.88
81.85
81.83
81.85
81.85
81.85
81.84
81.88
81.88
81.90
81.89
81.88
81.90
81.87
81.88
81.89
81.91
81.91
81.90
81.91
81.90
81.91
81.88
81.88
81.88
81.86
81.85
81.85
81.85
81.88
81.87
81.91
81.91
81.92
81.94
81.93
81.93
81.94
81.95
81.97
81.99
81.98
81.99
81.99
82.02
82.02
82.01
82.01
82.02
82.01
82.01
82.00
81.99
82.01
82.00
82.02
82.01
82.02
82.04
82.05
82.05
82.04
82.04
82.04
82.06
82.07
82.05
82.05
82.03
82.04
82.05
82.06
82.07
82.10
82.09
82.09
82.08
82.09
82.07
82.03
82.02
82.01
82.00
81.98
81.98
81.97
81.98
81.97
81.96
81.97
81.96
81.97
81.97
81.96
81.96
81.97
81.96
81.96
81.95
81.96
81.97
81.99
82.00
82.00
81.98
81.97
81.95
81.96
81.96
81.95
81.95
81.95
81.94
81.94
81.91
81.90
81.89
81.91
81.92
81.93
81.94
81.94
81.91
81.91
81.88
81.88
81.90
81.90
81.89
81.86
81.86
81.87
81.87
81.88
81.89
81.91
81.91
81.91
81.92
81.95
81.94
81.94
81.94
81.94
81.94
81.95
81.93
81.93
81.95
81.96
81.96
81.96
81.96
81.97
81.96
81.96
81.97
81.96
81.97
81.94
81.94
81.92
81.94
81.94
81.94
81.92
81.94
81.94
81.92
81.91
81.90
81.91
81.90
81.90
81.90
81.89
81.89
81.88
81.87
81.86
81.85
81.84
81.85
81.83
81.86
81.87
81.85
81.83
81.82
81.81
81.80
81.81
