70.31
78.91
77.60
78.12
79.06
78.91
80.13
80.27
80.03
78.59
78.27
78.26
77.88
77.90
77.40
77.15
77.85
77.86
77.38
77.89
78.05
78.20
78.06
78.45
78.31
78.19
77.89
78.01
77.96
78.23
78.18
77.93
77.84
77.44
77.46
77.47
77.49
77.47
77.36
77.23
77.32
77.34
77.54
77.45
77.50
77.41
77.56
77.51
77.39
77.44
77.51
77.49
77.48
77.52
77.59
77.65
77.80
77.86
77.89
77.86
77.77
77.85
77.83
77.86
77.79
77.94
78.03
78.08
78.24
78.28
78.32
78.30
78.27
78.36
78.35
78.35
78.27
78.17
78.11
78.22
78.26
78.33
78.35
78.24
78.40
78.40
78.34
78.27
78.27
78.23
78.19
78.28
78.19
78.14
78.16
78.19
78.25
78.17
78.22
78.28
78.36
78.39
78.43
78.37
78.36
78.33
78.34
78.39
78.34
78.37
78.41
78.35
78.26
78.28
78.30
78.35
78.38
78.42
78.35
78.32
78.36
78.30
78.26
78.24
78.18
78.06
78.16
78.15
78.12
78.10
78.09
78.10
78.12
78.08
78.17
78.21
78.22
78.24
78.28
78.33
78.32
78.28
78.27
78.30
78.31
78.30
78.34
78.35
78.40
78.36
78.45
78.42
78.42
78.45
78.45
78.45
78.44
78.47
78.44
78.43
78.35
78.40
78.34
78.32
78.29
78.31
78.30
78.29
78.36
78.31
78.27
78.26
78.23
78.18
78.19
78.14
78.12
78.13
78.11
78.07
78.05
78.10
78.07
78.07
78.04
77.97
77.99
78.02
78.03
78.00
78.01
77.98
77.99
77.93
77.92
77.95
77.95
77.99
77.99
77.98
77.96
77.89
77.91
77.88
77.89
77.89
77.88
77.90
77.93
77.94
77.95
77.94
77.92
77.90
77.90
77.92
77.93
77.95
77.99
77.96
77.96
77.97
77.96
77.93
77.96
77.95
77.95
77.97
77.96
77.90
77.94
77.91
77.91
77.88
77.87
77.86
77.89
77.87
77.86
77.86
77.85
77.87
77.85
77.82
77.83
77.81
77.82
77.81
77.81
77.81
77.78
77.77
77.75
77.76
77.75
77.73
77.72
77.75
77.76
77.80
77.83
77.83
77.85
77.85
77.82
77.80
77.79
77.77
77.77
77.75
77.76
77.73
77.71
77.71
77.71
77.72
77.72
77.74
77.74
77.75
77.75
77.78
77.78
77.78
77.76
77.80
77.81
77.85
77.84
77.86
77.85
77.85
77.84
77.86
77.83
77.82
77.82
77.83
77.83
77.82
77.79
77.79
77.79
77.81
77.84
77.86
77.86
77.87
77.86
77.86
77.87
77.90
77.91
77.90
77.89
77.88
77.89
77.89
77.90
77.92
77.93
77.90
77.90
77.89
77.90
77.90
77.93
77.91
77.92
77.94
77.94
77.94
77.92
77.91
77.90
77.91
77.90
77.92
77.94
77.93
77.94
77.95
77.97
77.97
77.98
77.98
77.98
77.99
77.98
77.99
77.99
77.99
78.00
77.99
77.98
77.97
77.97
77.97
77.98
77.97
77.96
77.97
77.96
77.92
77.92
77.92
77.90
77.92
77.94
77.95
77.94
77.96
77.95
77.97
77.97
77.98
77.98
77.98
77.99
77.98
78.00
78.00
77.98
77.98
77.98
77.99
78.00
77.98
78.00
78.02
78.01
77.98
78.00
77.99
77.98
77.97
77.98
77.99
77.98
77.98
77.98
77.96
77.95
77.97
77.95
77.97
77.98
78.00
77.98
77.97
77.98
77.97
77.99
77.98
77.97
77.98
77.99
78.00
78.00
77.98
78.00
78.00
78.00
78.00
77.98
77.97
77.96
77.95
77.94
77.93
77.93
77.92
77.94
77.94
77.93
77.94
77.95
77.94
77.93
77.94
77.93
77.96
77.97
77.96
77.98
77.97
77.96
77.94
77.96
77.96
77.96
77.95
77.94
77.94
77.93
77.92
77.92
77.91
77.92
77.91
77.92
77.91
77.88
77.87
77.86
77.88
77.88
77.90
77.90
77.88
77.89
77.88
77.88
77.89
77.88
77.87
77.86
77.85
77.86
77.87
77.89
77.88
77.89
77.89
77.88
77.89
77.89
77.89
77.89
77.87
77.89
77.89
77.89
77.91
77.89
77.90
77.90
77.88
77.89
77.89
77.88
77.88
77.87
77.86
77.86
77.84
77.82
77.81
77.79
77.79
77.78
77.79
77.80
77.80
77.80
77.80
77.78
77.79
77.79
77.78
77.80
77.80
77.81
77.82
77.81
77.83
77.81
77.82
77.81
77.82
77.82
77.82
77.82
77.81
77.82
77.83
77.83
77.85
77.84
77.84
77.82
77.83
77.83
77.83
77.84
77.83
77.82
77.82
77.82
77.82
77.82
77.82
77.82
77.83
77.82
77.81
77.80
77.81
77.81
77.82
77.82
77.82
77.81
77.79
77.81
77.81
77.81
77.79
77.80
77.80
77.79
77.79
77.80
77.79
77.79
77.78
77.79
77.80
77.80
77.79
77.79
77.78
77.78
77.79
77.79
77.79
77.80
77.80
77.81
77.79
77.79
77.80
77.80
77.81
77.80
77.78
77.78
77.78
77.78
77.79
77.80
77.79
77.80
77.79
77.78
77.78
77.78
77.77
77.77
77.76
77.75
77.76
77.74
77.74
77.75
77.76
77.76
77.77
77.77
77.78
77.80
77.81
77.81
77.80
77.78
77.78
77.77
77.77
77.76
77.77
77.76
77.75
77.76
77.76
77.77
77.76
77.78
77.78
77.78
77.78
77.78
77.79
77.79
77.78
77.77
77.78
77.77
77.78
77.78
77.78
77.78
77.80
77.79
77.79
77.79
77.78
77.78
77.78
77.78
77.78
77.77
77.77
77.78
77.77
77.77
77.78
77.77
77.77
77.77
77.77
77.75
77.76
77.77
77.77
77.78
77.79
77.78
77.77
77.77
77.77
77.78
77.78
77.78
77.78
77.78
77.77
77.76
77.75
77.76
77.74
77.73
77.72
77.72
77.74
77.74
77.73
77.74
77.75
77.75
77.75
77.75
77.76
77.76
77.77
77.76
77.76
77.76
77.75
77.76
77.77
77.77
77.78
77.77
77.78
77.78
77.78
77.78
77.78
77.79
77.79
77.79
77.80
77.80
77.81
77.81
77.80
77.81
77.81
77.82
77.81
77.80
77.80
77.79
77.80
77.79
77.80
77.80
77.79
77.80
77.79
77.78
77.78
77.77
77.78
77.79
77.78
77.78
77.78
77.79
77.79
77.80
77.81
77.81
77.81
77.81
77.82
77.82
77.82
77.82
77.82
77.83
77.82
77.81
77.81
77.81
77.81
77.82
77.82
77.83
77.83
77.84
77.83
77.83
77.83
77.82
77.80
77.81
77.82
77.82
77.82
77.82
77.75
