87.50
85.16
86.46
84.77
84.06
82.29
82.14
81.25
80.90
80.94
81.53
81.12
80.77
80.92
81.25
81.15
81.34
81.16
81.41
81.88
81.92
81.82
81.79
82.16
82.31
82.33
82.70
82.59
82.60
82.66
82.61
82.62
82.62
82.49
82.37
82.29
82.09
82.20
82.33
82.34
82.47
82.51
82.52
82.56
82.64
82.57
82.55
82.52
82.56
82.47
82.32
82.39
82.37
82.41
82.22
82.03
82.04
82.00
82.04
81.93
81.76
81.83
81.87
81.84
81.73
81.79
81.76
81.66
81.61
81.52
81.56
81.60
81.55
81.59
81.60
81.66
81.70
81.73
81.67
81.66
81.69
81.63
81.68
81.66
81.64
81.60
81.57
81.53
81.53
81.60
81.52
81.57
81.59
81.60
81.55
81.54
81.59
81.57
81.63
81.64
81.64
81.62
81.57
81.60
81.59
81.62
81.60
81.57
81.55
81.56
81.57
81.57
81.62
81.62
81.59
81.57
81.53
81.55
81.57
81.52
81.52
81.53
81.54
81.54
81.47
81.51
81.51
81.41
81.41
81.41
81.44
81.47
81.52
81.55
81.55
81.59
81.58
81.59
81.60
81.63
81.60
81.58
81.59
81.60
81.56
81.54
81.59
81.60
81.60
81.62
81.62
81.61
81.56
81.63
81.59
81.54
81.56
81.56
81.58
81.61
81.63
81.66
81.66
81.68
81.65
81.66
81.69
81.70
81.68
81.67
81.69
81.70
81.72
81.68
81.65
81.62
81.64
81.63
81.56
81.57
81.55
81.52
81.54
81.51
81.54
81.51
81.50
81.52
81.46
81.47
81.45
81.45
81.45
81.48
81.51
81.52
81.58
81.60
81.60
81.62
81.64
81.62
81.65
81.70
81.71
81.76
81.78
81.81
81.81
81.82
81.84
81.86
81.87
81.87
81.86
81.87
81.88
81.89
81.86
81.86
81.88
81.88
81.89
81.88
81.90
81.88
81.89
81.91
81.89
81.86
81.85
81.87
81.86
81.87
81.86
81.85
81.87
81.87
81.84
81.84
81.85
81.85
81.84
81.84
81.83
81.78
81.79
81.78
81.74
81.76
81.77
81.76
81.76
81.77
81.75
81.78
81.79
81.79
81.78
81.77
81.81
81.80
81.75
81.74
81.77
81.77
81.78
81.80
81.79
81.79
81.79
81.78
81.79
81.79
81.79
81.79
81.79
81.81
81.81
81.82
81.84
81.86
81.87
81.87
81.88
81.84
81.85
81.85
81.82
81.84
81.84
81.84
81.84
81.85
81.85
81.88
81.87
81.84
81.84
81.86
81.86
81.90
81.90
81.90
81.90
81.88
81.87
81.85
81.85
81.84
81.84
81.84
81.84
81.85
81.87
81.86
81.86
81.89
81.89
81.88
81.89
81.90
81.89
81.89
81.88
81.89
81.88
81.86
81.88
81.87
81.84
81.87
81.88
81.89
81.90
81.92
81.94
81.92
81.92
81.91
81.93
81.89
81.91
81.89
81.88
81.88
81.87
81.91
81.92
81.92
81.90
81.87
81.89
81.89
81.91
81.91
81.92
81.90
81.91
81.91
81.91
81.90
81.89
81.88
81.89
81.91
81.91
81.89
81.88
81.89
81.90
81.88
81.88
81.89
81.90
81.90
81.90
81.89
81.90
81.92
81.92
81.92
81.91
81.91
81.91
81.90
81.91
81.93
81.92
81.92
81.94
81.94
81.95
81.97
81.94
81.92
81.94
81.94
81.94
81.94
81.94
81.94
81.95
81.93
81.94
81.93
81.93
81.94
81.92
81.89
81.89
81.89
81.90
81.89
81.90
81.90
81.92
81.89
81.89
81.90
81.91
81.91
81.90
81.91
81.92
81.92
81.93
81.93
81.93
81.92
81.91
81.90
81.90
81.89
81.89
81.86
81.86
81.85
81.84
81.85
81.84
81.83
81.85
81.86
81.87
81.87
81.88
81.87
81.89
81.90
81.90
81.92
81.91
81.91
81.92
81.94
81.91
81.92
81.91
81.93
81.93
81.94
81.96
81.96
81.95
81.94
81.92
81.92
81.92
81.93
81.91
81.90
81.91
81.90
81.91
81.90
81.91
81.93
81.93
81.92
81.94
81.94
81.94
81.94
81.94
81.93
81.92
81.93
81.92
81.92
81.95
81.95
81.94
81.95
81.96
81.96
81.96
81.96
81.95
81.96
81.96
81.96
81.96
81.97
81.97
81.95
81.97
81.98
81.98
81.97
81.96
81.96
81.97
81.97
81.98
81.97
81.96
81.97
81.97
81.96
81.97
81.96
81.96
81.95
81.96
81.95
81.95
81.96
81.96
81.96
81.96
81.97
81.97
81.97
81.96
81.96
81.97
81.99
81.99
82.00
82.00
82.00
81.98
81.99
81.99
81.98
81.98
81.98
81.98
81.98
81.98
81.97
81.96
81.96
81.97
81.98
81.98
81.98
81.97
81.97
81.95
81.96
81.97
81.97
81.96
81.96
81.97
81.97
81.97
81.96
81.96
81.97
81.97
81.97
81.96
81.96
81.96
81.96
81.96
81.96
81.96
81.97
81.98
81.98
81.98
81.99
81.99
82.00
82.01
82.00
82.01
82.01
82.01
82.00
82.01
82.01
82.02
82.01
82.01
81.99
82.00
82.00
82.01
82.01
82.01
82.01
82.01
82.02
82.02
82.02
82.02
82.03
82.02
82.02
82.02
82.02
82.04
82.02
82.01
82.00
82.00
81.99
82.00
81.98
81.99
81.99
82.00
82.01
82.00
82.00
82.00
82.01
82.00
81.99
82.00
81.99
82.00
82.01
82.00
82.01
82.01
82.00
82.01
82.02
82.02
82.03
82.03
82.03
82.02
82.01
82.01
82.00
81.99
81.98
81.97
81.96
81.98
81.97
81.98
81.99
81.99
81.98
81.99
81.99
81.99
81.99
81.99
81.98
81.99
81.99
81.97
81.99
81.98
81.99
81.98
81.97
81.98
81.97
81.96
81.96
81.97
81.98
81.98
81.98
81.96
81.97
81.97
81.97
81.95
81.96
81.95
81.94
81.95
81.95
81.96
81.97
81.97
81.96
81.96
81.97
81.97
81.97
81.96
81.96
81.97
81.96
81.95
81.94
81.95
81.95
81.96
81.95
81.94
81.95
81.94
81.95
81.95
81.94
81.95
81.94
81.93
81.93
81.94
81.94
81.94
81.94
81.95
81.95
81.94
81.96
81.95
81.95
81.95
81.96
81.97
81.97
81.98
81.99
81.98
81.98
81.98
81.98
81.98
81.98
81.98
81.97
81.97
81.97
81.97
81.97
81.97
81.96
81.96
81.96
81.97
81.95
81.95
81.95
81.95
81.95
81.95
81.93
81.95
81.96
81.97
81.97
81.98
81.98
81.98
81.98
81.97
81.98
81.98
81.97
81.98
81.97
81.97
81.96
81.96
81.96
81.96
81.88
