78.12
78.12
79.69
80.47
79.69
80.99
81.47
82.03
81.60
81.72
81.96
81.90
82.57
82.48
82.60
82.71
82.08
82.03
81.66
81.95
81.47
81.39
81.25
81.25
81.25
81.55
81.31
81.19
81.03
81.04
80.90
81.10
81.06
80.97
80.85
80.90
81.08
80.88
80.85
80.90
81.17
81.29
81.29
81.18
81.18
81.11
80.95
80.96
80.96
80.84
80.79
80.80
80.84
80.87
80.94
80.78
80.76
80.68
80.61
80.76
80.74
80.82
80.90
80.93
80.89
80.92
80.83
80.86
80.84
80.83
80.72
80.77
80.74
80.72
80.67
80.72
80.82
80.83
80.81
80.82
80.90
80.91
80.97
80.90
80.96
80.92
80.87
80.75
80.78
80.75
80.75
80.83
80.75
80.75
80.74
80.75
80.77
80.82
80.82
80.84
80.82
80.85
80.90
80.92
80.88
80.90
80.93
80.86
80.89
80.95
80.91
80.92
80.93
80.91
80.88
80.93
80.90
80.91
80.88
80.90
80.89
80.88
80.95
80.93
80.95
80.92
80.95
80.90
80.96
80.94
80.95
80.92
80.90
80.95
80.98
80.96
80.92
80.90
80.90
80.92
80.97
80.97
81.01
81.05
81.12
81.12
81.15
81.18
81.18
81.11
81.17
81.19
81.23
81.22
81.22
81.25
81.27
81.22
81.24
81.26
81.28
81.27
81.29
81.24
81.27
81.24
81.28
81.33
81.34
81.38
81.37
81.40
81.40
81.40
81.40
81.44
81.44
81.42
81.42
81.43
81.40
81.41
81.43
81.45
81.43
81.49
81.54
81.56
81.55
81.54
81.58
81.62
81.59
81.59
81.59
81.56
81.61
81.60
81.63
81.66
81.65
81.63
81.63
81.62
81.63
81.63
81.65
81.66
81.65
81.67
81.65
81.65
81.66
81.67
81.67
81.68
81.71
81.67
81.70
81.70
81.71
81.71
81.71
81.68
81.67
81.67
81.68
81.65
81.67
81.68
81.72
81.75
81.78
81.77
81.77
81.78
81.76
81.76
81.76
81.78
81.78
81.79
81.80
81.82
81.81
81.80
81.82
81.82
81.79
81.77
81.74
81.76
81.73
81.73
81.69
81.71
81.72
81.70
81.68
81.69
81.70
81.72
81.72
81.74
81.75
81.75
81.75
81.77
81.79
81.78
81.79
81.79
81.79
81.79
81.81
81.82
81.83
81.83
81.83
81.82
81.81
81.80
81.83
81.84
81.86
81.85
81.87
81.86
81.89
81.90
81.87
81.88
81.87
81.89
81.89
81.89
81.88
81.87
81.85
81.85
81.85
81.83
81.84
81.85
81.82
81.79
81.80
81.82
81.84
81.83
81.84
81.85
81.85
81.82
81.81
81.79
81.79
81.79
81.80
81.78
81.78
81.76
81.74
81.72
81.75
81.74
81.74
81.75
81.76
81.71
81.73
81.71
81.71
81.69
81.73
81.73
81.71
81.72
81.69
81.68
81.65
81.65
81.64
81.62
81.65
81.66
81.69
81.70
81.72
81.69
81.65
81.65
81.66
81.66
81.68
81.69
81.70
81.68
81.66
81.64
81.62
81.62
81.62
81.62
81.64
81.64
81.63
81.64
81.62
81.63
81.66
81.67
81.69
81.68
81.69
81.71
81.72
81.71
81.70
81.69
81.71
81.70
81.69
81.71
81.70
81.68
81.69
81.72
81.72
81.71
81.73
81.72
81.72
81.73
81.73
81.72
81.73
81.73
81.71
81.71
81.71
81.71
81.68
81.66
81.67
81.66
81.64
81.66
81.66
81.68
81.68
81.68
81.68
81.69
81.69
81.70
81.72
81.72
81.72
81.74
81.74
81.72
81.74
81.73
81.74
81.73
81.74
81.72
81.70
81.72
81.71
81.70
81.69
81.69
81.70
81.68
81.68
81.68
81.67
81.67
81.69
81.68
81.69
81.70
81.69
81.67
81.67
81.66
81.65
81.66
81.67
81.68
81.65
81.63
81.63
81.64
81.65
81.66
81.68
81.67
81.65
81.64
81.64
81.65
81.67
81.67
81.68
81.69
81.69
81.69
81.70
81.70
81.70
81.70
81.70
81.72
81.72
81.72
81.72
81.71
81.72
81.72
81.73
81.73
81.72
81.73
81.72
81.72
81.71
81.70
81.70
81.70
81.70
81.71
81.73
81.72
81.72
81.73
81.73
81.73
81.74
81.74
81.75
81.77
81.76
81.77
81.77
81.79
81.81
81.82
81.83
81.83
81.84
81.82
81.83
81.84
81.83
81.82
81.83
81.81
81.82
81.82
81.81
81.79
81.80
81.81
81.80
81.80
81.81
81.81
81.80
81.81
81.82
81.83
81.80
81.79
81.79
81.80
81.79
81.79
81.79
81.79
81.78
81.78
81.76
81.77
81.77
81.77
81.76
81.75
81.77
81.77
81.77
81.77
81.77
81.76
81.75
81.73
81.73
81.71
81.72
81.71
81.71
81.70
81.70
81.70
81.67
81.67
81.66
81.67
81.67
81.68
81.69
81.70
81.72
81.72
81.73
81.72
81.74
81.75
81.75
81.76
81.78
81.77
81.78
81.79
81.80
81.80
81.80
81.81
81.81
81.82
81.82
81.82
81.81
81.82
81.82
81.82
81.82
81.82
81.82
81.82
81.82
81.83
81.81
81.82
81.82
81.82
81.81
81.80
81.79
81.79
81.79
81.78
81.79
81.78
81.76
81.77
81.77
81.78
81.78
81.79
81.79
81.80
81.79
81.79
81.80
81.79
81.79
81.80
81.80
81.81
81.81
81.81
81.81
81.82
81.84
81.84
81.85
81.85
81.84
81.85
81.83
81.83
81.84
81.85
81.86
81.86
81.85
81.86
81.85
81.85
81.85
81.85
81.84
81.84
81.83
81.83
81.84
81.85
81.86
81.87
81.86
81.85
81.84
81.84
81.84
81.84
81.84
81.84
81.85
81.86
81.86
81.85
81.86
81.86
81.86
81.87
81.86
81.87
81.85
81.86
81.87
81.86
81.86
81.87
81.87
81.87
81.88
81.88
81.88
81.89
81.89
81.89
81.89
81.89
81.90
81.90
81.91
81.90
81.91
81.92
81.92
81.93
81.92
81.93
81.93
81.94
81.94
81.93
81.92
81.93
81.91
81.90
81.91
81.92
81.92
81.92
81.93
81.93
81.94
81.94
81.94
81.93
81.93
81.92
81.92
81.93
81.94
81.93
81.93
81.94
81.93
81.93
81.93
81.94
81.93
81.94
81.94
81.94
81.94
81.94
81.94
81.94
81.95
81.95
81.94
81.95
81.94
81.94
81.95
81.95
81.95
81.95
81.95
81.95
81.95
81.96
81.96
81.96
81.97
81.97
81.98
81.99
81.97
81.96
81.96
81.96
81.96
81.95
81.95
81.95
81.95
81.95
81.96
81.95
81.96
81.96
81.97
81.96
81.96
81.88
