82.81
86.72
83.33
82.03
81.56
82.03
81.47
82.42
81.77
82.19
82.39
81.77
81.97
81.47
81.25
81.35
81.34
81.68
81.99
81.95
81.99
81.46
81.79
81.58
81.94
82.21
82.23
82.48
82.27
82.14
82.06
81.88
81.91
82.03
81.83
81.94
82.18
81.95
81.89
82.03
82.05
81.88
81.83
81.64
81.60
81.62
81.62
81.64
81.63
81.56
81.74
81.97
81.99
82.00
81.96
81.89
81.94
81.90
81.97
81.98
81.97
81.93
81.97
81.79
81.90
81.89
81.90
81.92
81.82
81.88
81.95
81.99
82.02
82.07
82.04
81.93
81.92
81.85
81.92
81.95
81.93
81.84
81.81
81.73
81.75
81.76
81.72
81.68
81.69
81.56
81.56
81.61
81.62
81.62
81.55
81.45
81.56
81.46
81.50
81.50
81.57
81.63
81.71
81.72
81.68
81.72
81.70
81.68
81.52
81.52
81.52
81.39
81.44
81.46
81.45
81.41
81.42
81.37
81.38
81.37
81.34
81.34
81.33
81.33
81.36
81.31
81.42
81.45
81.53
81.44
81.46
81.51
81.53
81.54
81.59
81.55
81.63
81.61
81.65
81.64
81.68
81.66
81.72
81.76
81.73
81.75
81.75
81.70
81.70
81.72
81.73
81.68
81.69
81.68
81.67
81.60
81.62
81.62
81.63
81.66
81.68
81.69
81.65
81.65
81.62
81.61
81.62
81.61
81.65
81.64
81.63
81.64
81.64
81.58
81.56
81.55
81.55
81.55
81.52
81.55
81.51
81.48
81.46
81.46
81.46
81.51
81.54
81.51
81.54
81.56
81.53
81.53
81.53
81.52
81.52
81.54
81.50
81.50
81.53
81.55
81.53
81.54
81.53
81.51
81.47
81.49
81.48
81.51
81.50
81.45
81.45
81.43
81.43
81.42
81.43
81.47
81.49
81.49
81.48
81.48
81.48
81.50
81.47
81.51
81.54
81.51
81.49
81.48
81.49
81.54
81.54
81.54
81.53
81.57
81.56
81.59
81.63
81.61
81.57
81.60
81.63
81.66
81.64
81.67
81.68
81.71
81.72
81.69
81.68
81.67
81.67
81.67
81.65
81.67
81.69
81.68
81.66
81.66
81.67
81.68
81.67
81.65
81.68
81.69
81.70
81.72
81.71
81.71
81.73
81.72
81.71
81.72
81.70
81.72
81.72
81.72
81.74
81.73
81.71
81.72
81.73
81.75
81.76
81.77
81.77
81.76
81.77
81.78
81.77
81.75
81.74
81.74
81.75
81.73
81.72
81.75
81.76
81.74
81.74
81.70
81.70
81.69
81.69
81.69
81.70
81.69
81.71
81.73
81.73
81.75
81.73
81.74
81.72
81.73
81.74
81.73
81.72
81.73
81.74
81.75
81.74
81.74
81.74
81.73
81.74
81.75
81.77
81.77
81.78
81.76
81.77
81.78
81.78
81.76
81.75
81.75
81.75
81.73
81.74
81.76
81.77
81.79
81.81
81.80
81.82
81.83
81.84
81.83
81.84
81.84
81.82
81.83
81.83
81.85
81.85
81.87
81.88
81.86
81.86
81.85
81.85
81.85
81.84
81.84
81.83
81.83
81.83
81.83
81.85
81.88
81.88
81.86
81.86
81.89
81.89
81.89
81.88
81.87
81.87
81.88
81.88
81.88
81.89
81.88
81.88
81.86
81.83
81.82
81.82
81.84
81.85
81.86
81.88
81.88
81.89
81.89
81.89
81.87
81.86
81.85
81.86
81.86
81.88
81.90
81.88
81.90
81.86
81.85
81.82
81.83
81.83
81.84
81.84
81.82
81.83
81.81
81.80
81.81
81.82
81.81
81.82
81.84
81.82
81.81
81.79
81.79
81.80
81.79
81.79
81.78
81.80
81.80
81.80
81.81
81.81
81.84
81.86
81.85
81.84
81.85
81.85
81.84
81.85
81.86
81.84
81.84
81.83
81.83
81.84
81.84
81.83
81.83
81.84
81.84
81.83
81.83
81.83
81.82
81.82
81.83
81.83
81.82
81.81
81.83
81.82
81.82
81.84
81.83
81.84
81.83
81.83
81.83
81.81
81.81
81.81
81.82
81.81
81.82
81.82
81.83
81.83
81.84
81.83
81.83
81.82
81.81
81.81
81.81
81.83
81.83
81.83
81.81
81.81
81.80
81.81
81.83
81.81
81.82
81.83
81.83
81.81
81.83
81.82
81.82
81.81
81.82
81.83
81.83
81.82
81.80
81.79
81.78
81.79
81.78
81.78
81.77
81.76
81.76
81.76
81.75
81.74
81.72
81.70
81.69
81.71
81.70
81.70
81.70
81.70
81.70
81.70
81.70
81.71
81.72
81.71
81.73
81.74
81.75
81.75
81.74
81.75
81.75
81.73
81.72
81.73
81.74
81.72
81.73
81.73
81.74
81.76
81.74
81.74
81.74
81.72
81.72
81.73
81.72
81.72
81.70
81.70
81.72
81.72
81.73
81.73
81.72
81.73
81.73
81.73
81.74
81.73
81.71
81.71
81.72
81.71
81.69
81.69
81.70
81.71
81.70
81.71
81.70
81.69
81.69
81.69
81.69
81.69
81.69
81.69
81.69
81.70
81.70
81.70
81.70
81.70
81.71
81.71
81.72
81.71
81.70
81.69
81.70
81.71
81.71
81.72
81.73
81.73
81.73
81.73
81.73
81.74
81.73
81.71
81.71
81.73
81.72
81.72
81.73
81.73
81.73
81.73
81.73
81.71
81.71
81.71
81.72
81.73
81.73
81.72
81.73
81.73
81.72
81.72
81.72
81.72
81.71
81.71
81.71
81.71
81.71
81.71
81.71
81.70
81.70
81.70
81.69
81.70
81.71
81.70
81.70
81.71
81.71
81.70
81.72
81.71
81.70
81.69
81.69
81.70
81.70
81.72
81.72
81.72
81.73
81.73
81.74
81.73
81.75
81.73
81.73
81.73
81.73
81.72
81.72
81.71
81.70
81.70
81.70
81.69
81.69
81.69
81.69
81.70
81.70
81.69
81.68
81.69
81.70
81.70
81.70
81.70
81.69
81.69
81.69
81.69
81.69
81.70
81.70
81.68
81.68
81.69
81.68
81.67
81.67
81.68
81.67
81.66
81.67
81.66
81.65
81.65
81.65
81.65
81.65
81.65
81.65
81.65
81.65
81.66
81.67
81.68
81.68
81.68
81.66
81.67
81.67
81.66
81.66
81.66
81.67
81.66
81.65
81.66
81.65
81.65
81.63
81.64
81.64
81.64
81.63
81.63
81.64
81.63
81.63
81.64
81.64
81.64
81.64
81.65
81.66
81.66
81.66
81.66
81.65
81.64
81.66
81.66
81.66
81.66
81.65
81.65
81.66
81.66
81.66
81.66
81.65
81.65
81.65
81.65
81.66
81.66
81.66
81.66
81.66
81.67
81.67
81.67
81.66
81.65
81.66
81.65
81.58
