90.62
85.16
85.94
82.81
82.19
82.03
82.37
81.84
82.64
82.66
83.38
82.94
82.93
83.26
82.92
82.81
82.54
82.47
81.99
81.80
82.22
82.60
82.88
83.07
82.81
82.87
82.99
82.81
82.92
82.86
82.51
82.28
82.01
81.99
81.79
81.68
81.42
81.58
81.61
81.56
81.44
81.51
81.36
81.39
81.32
81.18
81.15
81.05
81.19
81.00
81.13
81.04
81.07
81.28
81.14
81.22
81.30
81.36
81.30
81.28
81.12
81.05
81.13
81.18
81.25
81.23
81.44
81.43
81.54
81.65
81.71
81.62
81.61
81.59
81.58
81.54
81.59
81.65
81.65
81.74
81.73
81.67
81.68
81.64
81.64
81.63
81.61
81.61
81.57
81.53
81.51
81.45
81.47
81.48
81.50
81.49
81.56
81.49
81.41
81.39
81.40
81.46
81.42
81.37
81.38
81.44
81.45
81.45
81.45
81.41
81.36
81.39
81.40
81.43
81.44
81.41
81.44
81.45
81.45
81.45
81.44
81.45
81.52
81.54
81.55
81.54
81.56
81.58
81.61
81.59
81.57
81.65
81.61
81.61
81.63
81.69
81.67
81.67
81.62
81.57
81.62
81.62
81.64
81.63
81.68
81.69
81.74
81.75
81.69
81.59
81.65
81.65
81.62
81.63
81.66
81.71
81.73
81.73
81.76
81.75
81.72
81.71
81.74
81.72
81.72
81.75
81.70
81.73
81.76
81.71
81.71
81.75
81.77
81.75
81.72
81.75
81.71
81.68
81.67
81.67
81.72
81.74
81.69
81.73
81.75
81.70
81.68
81.72
81.73
81.72
81.72
81.68
81.70
81.69
81.71
81.69
81.67
81.67
81.72
81.75
81.77
81.81
81.83
81.82
81.80
81.80
81.82
81.81
81.80
81.81
81.84
81.87
81.86
81.87
81.85
81.86
81.88
81.86
81.83
81.85
81.89
81.88
81.89
81.88
81.85
81.87
81.86
81.87
81.89
81.88
81.89
81.88
81.87
81.86
81.86
81.89
81.92
81.91
81.92
81.89
81.90
81.88
81.88
81.92
81.93
81.91
81.93
81.87
81.88
81.86
81.85
81.85
81.83
81.80
81.80
81.79
81.80
81.80
81.80
81.81
81.76
81.76
81.75
81.76
81.76
81.75
81.76
81.77
81.76
81.78
81.75
81.75
81.76
81.77
81.77
81.76
81.77
81.75
81.77
81.75
81.74
81.73
81.75
81.76
81.75
81.70
81.72
81.74
81.71
81.73
81.74
81.75
81.75
81.73
81.74
81.75
81.77
81.78
81.79
81.78
81.76
81.77
81.75
81.76
81.76
81.77
81.77
81.79
81.81
81.79
81.80
81.80
81.77
81.81
81.80
81.82
81.83
81.81
81.79
81.79
81.78
81.79
81.82
81.81
81.80
81.81
81.82
81.81
81.81
81.83
81.84
81.84
81.84
81.84
81.84
81.86
81.86
81.86
81.87
81.86
81.85
81.85
81.86
81.86
81.88
81.88
81.86
81.86
81.89
81.89
81.88
81.89
81.90
81.89
81.88
81.87
81.88
81.86
81.87
81.86
81.87
81.85
81.84
81.85
81.84
81.85
81.83
81.83
81.83
81.84
81.85
81.86
81.87
81.88
81.87
81.87
81.86
81.84
81.85
81.86
81.87
81.87
81.89
81.87
81.87
81.90
81.90
81.89
81.89
81.91
81.93
81.92
81.93
81.92
81.91
81.89
81.89
81.89
81.90
81.89
81.87
81.84
81.83
81.83
81.82
81.83
81.83
81.83
81.85
81.84
81.84
81.84
81.84
81.83
81.81
81.81
81.81
81.81
81.83
81.83
81.83
81.82
81.82
81.81
81.81
81.81
81.83
81.82
81.81
81.81
81.81
81.80
81.81
81.80
81.79
81.81
81.80
81.80
81.80
81.81
81.80
81.80
81.78
81.78
81.80
81.80
81.78
81.79
81.79
81.79
81.79
81.78
81.78
81.79
81.80
81.81
81.80
81.80
81.79
81.78
81.76
81.76
81.78
81.78
81.76
81.77
81.78
81.78
81.77
81.76
81.75
81.77
81.76
81.75
81.75
81.76
81.77
81.75
81.76
81.77
81.76
81.76
81.76
81.76
81.76
81.75
81.76
81.77
81.77
81.75
81.75
81.74
81.74
81.75
81.75
81.76
81.77
81.78
81.79
81.79
81.79
81.80
81.80
81.80
81.81
81.81
81.81
81.80
81.82
81.84
81.83
81.82
81.80
81.80
81.80
81.81
81.82
81.82
81.82
81.83
81.83
81.83
81.84
81.84
81.83
81.85
81.84
81.82
81.82
81.83
81.81
81.82
81.82
81.82
81.82
81.82
81.83
81.83
81.83
81.84
81.82
81.83
81.84
81.86
81.86
81.87
81.86
81.87
81.86
81.86
81.86
81.86
81.86
81.85
81.86
81.87
81.87
81.87
81.87
81.87
81.85
81.85
81.83
81.83
81.83
81.83
81.83
81.84
81.83
81.84
81.84
81.84
81.84
81.85
81.85
81.85
81.85
81.86
81.87
81.87
81.86
81.86
81.87
81.86
81.85
81.85
81.86
81.86
81.86
81.85
81.85
81.84
81.85
81.85
81.85
81.86
81.85
81.86
81.85
81.87
81.86
81.87
81.87
81.87
81.86
81.87
81.88
81.88
81.88
81.88
81.88
81.89
81.88
81.88
81.89
81.89
81.90
81.90
81.89
81.90
81.90
81.90
81.91
81.90
81.89
81.89
81.88
81.88
81.88
81.90
81.90
81.92
81.92
81.93
81.92
81.92
81.92
81.92
81.92
81.93
81.94
81.94
81.94
81.95
81.96
81.96
81.96
81.96
81.97
81.97
81.97
81.97
81.98
81.97
81.98
81.97
81.98
81.99
81.99
81.98
81.98
81.97
81.97
81.96
81.95
81.95
81.95
81.95
81.96
81.96
81.96
81.95
81.96
81.96
81.97
81.96
81.96
81.97
81.97
81.96
81.96
81.95
81.96
81.96
81.97
81.97
81.97
81.98
81.98
81.98
81.98
81.98
81.98
81.97
81.97
81.97
81.97
81.96
81.97
81.97
81.97
81.98
81.96
81.96
81.95
81.95
81.94
81.95
81.95
81.95
81.95
81.95
81.94
81.94
81.94
81.94
81.95
81.96
81.95
81.94
81.94
81.94
81.94
81.93
81.94
81.93
81.92
81.93
81.93
81.93
81.93
81.94
81.93
81.92
81.93
81.92
81.92
81.93
81.93
81.93
81.92
81.92
81.92
81.92
81.93
81.93
81.94
81.94
81.93
81.92
81.93
81.94
81.94
81.95
81.95
81.96
81.95
81.95
81.96
81.96
81.96
81.96
81.95
81.96
81.95
81.95
81.95
81.96
81.96
81.97
81.96
81.97
81.97
81.97
81.98
81.98
81.98
81.98
81.98
81.98
81.96
81.89
