78.12
80.47
79.17
79.30
80.31
80.47
80.36
80.47
80.73
81.09
81.68
81.64
82.09
81.70
81.46
81.64
81.80
81.51
81.66
81.56
81.70
81.89
81.79
81.71
81.81
81.79
81.94
81.64
81.57
81.41
81.60
81.74
81.68
81.80
81.70
81.73
81.71
81.78
81.61
81.68
81.78
81.73
81.65
81.57
81.42
81.35
81.42
81.58
81.57
81.62
81.40
81.52
81.54
81.57
81.70
81.53
81.55
81.60
81.65
81.72
81.79
81.83
81.87
81.98
81.88
81.87
81.83
81.73
81.68
81.74
81.73
81.71
81.85
81.84
81.85
81.97
81.94
81.91
81.90
81.91
81.89
81.90
81.91
81.98
81.93
81.99
81.86
81.92
81.93
81.86
81.90
81.93
81.87
81.80
81.73
81.71
81.73
81.81
81.88
81.94
81.96
81.97
82.01
82.00
81.95
81.93
81.97
81.99
81.97
82.05
81.91
81.96
81.94
81.99
81.96
82.00
81.90
81.91
81.92
81.93
81.90
81.90
81.86
81.89
81.89
81.88
81.89
81.86
81.92
81.94
81.97
81.92
81.83
81.86
81.85
81.80
81.81
81.82
81.83
81.83
81.82
81.83
81.80
81.73
81.71
81.73
81.74
81.70
81.72
81.72
81.68
81.69
81.69
81.71
81.76
81.70
81.71
81.65
81.61
81.64
81.65
81.68
81.65
81.68
81.70
81.74
81.76
81.76
81.75
81.79
81.76
81.78
81.79
81.81
81.85
81.81
81.77
81.77
81.76
81.74
81.73
81.72
81.75
81.75
81.74
81.69
81.66
81.63
81.66
81.64
81.60
81.60
81.65
81.61
81.63
81.61
81.65
81.68
81.67
81.67
81.68
81.64
81.63
81.68
81.66
81.67
81.71
81.75
81.75
81.75
81.79
81.74
81.76
81.72
81.72
81.73
81.70
81.70
81.69
81.72
81.76
81.78
81.76
81.77
81.79
81.73
81.74
81.74
81.75
81.73
81.77
81.80
81.80
81.80
81.80
81.81
81.85
81.84
81.86
81.84
81.85
81.86
81.87
81.86
81.84
81.88
81.88
81.89
81.95
82.00
81.99
81.98
81.97
81.93
81.96
81.94
81.94
81.93
81.96
81.95
81.94
81.96
81.99
82.01
82.02
82.05
82.03
82.04
82.03
82.04
82.05
82.05
82.05
82.08
82.07
82.09
82.07
82.06
82.07
82.06
82.03
82.03
82.03
82.00
82.02
82.03
82.06
82.04
82.04
82.02
82.02
82.03
82.01
81.99
82.01
81.99
82.00
82.00
82.00
82.01
82.02
81.99
81.98
81.96
81.94
81.94
81.95
81.94
81.92
81.93
81.91
81.91
81.91
81.91
81.90
81.90
81.90
81.92
81.92
81.93
81.93
81.93
81.95
81.95
81.95
81.95
81.95
81.94
81.95
81.95
81.95
81.95
81.95
81.94
81.94
81.93
81.95
81.93
81.91
81.93
81.94
81.95
81.92
81.91
81.92
81.93
81.95
81.97
81.97
81.96
81.96
81.95
81.94
81.92
81.92
81.90
81.89
81.89
81.89
81.91
81.90
81.90
81.90
81.90
81.86
81.85
81.85
81.85
81.83
81.82
81.82
81.83
81.84
81.83
81.86
81.84
81.85
81.85
81.85
81.86
81.87
81.88
81.87
81.91
81.88
81.89
81.89
81.89
81.88
81.88
81.89
81.91
81.90
81.90
81.93
81.95
81.97
81.98
82.01
81.99
81.97
81.98
81.96
81.97
81.97
81.98
81.98
81.97
81.98
81.98
81.96
81.97
81.95
81.95
81.94
81.92
81.93
81.93
81.94
81.95
81.96
81.96
81.95
81.96
81.96
81.99
82.00
81.99
82.00
82.01
82.00
81.99
81.97
81.98
81.97
81.96
81.95
81.95
81.94
81.94
81.93
81.94
81.95
81.95
81.96
81.96
81.98
81.99
81.99
82.00
81.98
81.99
81.98
81.98
81.98
81.99
81.99
81.99
81.99
81.99
81.99
81.99
82.00
82.01
82.02
82.00
82.00
82.01
82.02
82.03
82.03
82.02
82.02
82.00
81.99
81.99
81.99
82.00
81.98
81.98
81.98
81.97
81.97
81.96
81.96
81.96
81.96
81.97
81.97
81.96
81.94
81.94
81.92
81.92
81.91
81.90
81.90
81.91
81.90
81.90
81.90
81.90
81.91
81.91
81.93
81.91
81.92
81.92
81.90
81.90
81.92
81.92
81.92
81.93
81.94
81.94
81.93
81.94
81.94
81.94
81.92
81.91
81.92
81.93
81.94
81.95
81.94
81.94
81.95
81.95
81.95
81.94
81.94
81.95
81.93
81.91
81.93
81.91
81.92
81.91
81.91
81.91
81.92
81.91
81.91
81.90
81.90
81.90
81.90
81.90
81.90
81.90
81.93
81.93
81.93
81.94
81.95
81.95
81.95
81.96
81.96
81.96
81.95
81.96
81.95
81.95
81.95
81.96
81.96
81.95
81.97
81.95
81.96
81.97
81.96
81.96
81.97
81.98
81.98
81.98
81.99
81.99
81.99
82.00
81.99
81.99
81.98
81.99
81.99
81.99
81.99
82.00
82.01
82.01
82.02
82.00
82.00
82.01
82.01
82.02
82.01
82.03
82.04
82.03
82.04
82.04
82.04
82.04
82.04
82.04
82.02
82.02
82.02
82.02
82.02
82.02
82.02
82.02
82.02
82.03
82.02
82.03
82.02
82.02
82.02
82.02
82.02
82.02
82.03
82.03
82.03
82.03
82.03
82.03
82.03
82.02
82.02
82.02
82.02
82.01
82.01
82.02
82.03
82.02
82.03
82.02
82.03
82.04
82.03
82.03
82.03
82.01
82.02
82.01
82.00
82.01
82.02
82.03
82.04
82.05
82.04
82.05
82.05
82.05
82.04
82.03
82.04
82.05
82.06
82.06
82.06
82.06
82.06
82.06
82.07
82.08
82.08
82.09
82.09
82.09
82.09
82.09
82.08
82.09
82.08
82.08
82.07
82.07
82.08
82.08
82.06
82.06
82.05
82.05
82.04
82.04
82.02
82.03
82.03
82.01
82.00
82.01
82.01
82.01
82.02
82.02
82.01
82.01
82.01
82.01
82.02
82.03
82.01
82.01
82.01
82.01
82.01
82.01
82.00
81.99
81.98
81.98
81.99
81.98
81.97
81.96
81.96
81.97
81.98
81.99
81.99
82.00
81.99
81.98
81.97
81.97
81.97
81.96
81.96
81.96
81.95
81.95
81.94
81.95
81.95
81.97
81.98
81.98
81.97
81.98
81.99
81.99
81.99
81.98
81.97
81.98
81.98
81.99
81.99
81.99
81.99
82.00
82.00
82.00
81.99
82.00
82.00
81.99
81.99
81.99
81.99
81.98
81.98
81.98
81.97
81.97
81.97
81.97
81.98
81.99
81.98
81.90
