0.00
0.78
1.56
1.95
2.19
2.08
2.01
1.76
1.74
1.72
1.70
1.69
1.68
1.67
1.56
1.66
1.56
1.48
1.73
1.64
1.64
1.56
1.49
1.50
1.50
1.44
1.39
1.40
1.40
1.41
1.46
1.42
1.37
1.42
1.47
1.43
1.48
1.48
1.48
1.48
1.45
1.53
1.53
1.49
1.49
1.53
1.56
1.60
1.63
1.59
1.59
1.56
1.59
1.56
1.59
1.56
1.54
1.51
1.48
1.48
1.51
1.49
1.51
1.54
1.56
1.56
1.56
1.54
1.54
1.54
1.52
1.50
1.50
1.50
1.48
1.48
1.46
1.44
1.42
1.45
1.47
1.52
1.51
1.53
1.51
1.51
1.49
1.51
1.51
1.53
1.51
1.53
1.53
1.53
1.55
1.55
1.55
1.53
1.55
1.55
1.53
1.53
1.52
1.50
1.53
1.53
1.52
1.52
1.51
1.51
1.52
1.53
1.56
1.55
1.55
1.55
1.55
1.54
1.54
1.52
1.55
1.54
1.55
1.58
1.56
1.55
1.55
1.54
1.54
1.55
1.54
1.55
1.57
1.56
1.55
1.54
1.54
1.53
1.52
1.52
1.52
1.52
1.52
1.52
1.51
1.50
1.49
1.48
1.49
1.48
1.47
1.47
1.49
1.49
1.48
1.48
1.49
1.48
1.47
1.47
1.47
1.47
1.48
1.48
1.47
1.47
1.46
1.45
1.45
1.45
1.45
1.45
1.45
1.45
1.46
1.46
1.46
1.45
1.46
1.45
1.46
1.45
1.44
1.45
1.45
1.45
1.45
1.44
1.46
1.46
1.45
1.45
1.45
1.44
1.44
1.43
1.43
1.43
1.42
1.41
1.41
1.42
1.42
1.42
1.42
1.41
1.41
1.40
1.41
1.42
1.41
1.43
1.42
1.42
1.44
1.45
1.44
1.44
1.44
1.43
1.44
1.44
1.44
1.44
1.44
1.46
1.46
1.45
1.45
1.45
1.45
1.45
1.46
1.45
1.45
1.46
1.45
1.44
1.44
1.45
1.45
1.46
1.47
1.47
1.48
1.48
1.47
1.47
1.47
1.47
1.47
1.46
1.48
1.48
1.48
1.48
1.47
1.47
1.47
1.46
1.47
1.47
1.46
1.47
1.47
1.47
1.47
1.46
1.46
1.46
1.46
1.46
1.45
1.45
1.44
1.45
1.45
1.44
1.44
1.44
1.45
1.44
1.44
1.43
1.43
1.42
1.43
1.43
1.42
1.42
1.42
1.42
1.42
1.42
1.43
1.44
1.44
1.45
1.45
1.45
1.45
1.44
1.44
1.43
1.43
1.43
1.43
1.43
1.43
1.42
1.43
1.43
1.42
1.43
1.42
1.42
1.42
1.43
1.43
1.43
1.43
1.43
1.43
1.43
1.43
1.43
1.43
1.43
1.44
1.44
1.44
1.45
1.45
1.45
1.45
1.45
1.45
1.45
1.45
1.44
1.45
1.45
1.45
1.46
1.46
1.45
1.45
1.45
1.45
1.45
1.44
1.44
1.44
1.43
1.43
1.44
1.43
1.43
1.43
1.42
1.42
1.42
1.42
1.42
1.42
1.41
1.41
1.41
1.41
1.41
1.41
1.41
1.41
1.41
1.41
1.41
1.41
1.42
1.42
1.41
1.41
1.42
1.42
1.42
1.42
1.41
1.41
1.41
1.41
1.40
1.40
1.40
1.40
1.40
1.41
1.42
1.42
1.42
1.42
1.42
1.43
1.43
1.43
1.43
1.43
1.43
1.44
1.44
1.44
1.45
1.45
1.44
1.44
1.45
1.45
1.44
1.45
1.45
1.45
1.45
1.44
1.44
1.44
1.44
1.44
1.44
1.44
1.43
1.44
1.44
1.44
1.44
1.44
1.44
1.44
1.45
1.46
1.45
1.46
1.46
1.46
1.46
1.46
1.47
1.47
1.47
1.47
1.47
1.47
1.47
1.47
1.47
1.47
1.47
1.47
1.46
1.46
1.46
1.46
1.46
1.45
1.45
1.45
1.44
1.44
1.45
1.45
1.45
1.45
1.45
1.45
1.46
1.45
1.46
1.45
1.45
1.46
1.46
1.46
1.46
1.47
1.47
1.46
1.47
1.47
1.46
1.46
1.46
1.46
1.46
1.46
1.46
1.46
1.46
1.47
1.46
1.46
1.46
1.46
1.46
1.46
1.45
1.45
1.45
1.45
1.45
1.45
1.45
1.45
1.46
1.46
1.45
1.46
1.46
1.45
1.46
1.45
1.46
1.45
1.46
1.45
1.45
1.45
1.45
1.45
1.45
1.46
1.45
1.45
1.45
1.45
1.46
1.46
1.46
1.46
1.46
1.46
1.46
1.47
1.48
1.48
1.48
1.47
1.47
1.47
1.47
1.48
1.48
1.49
1.49
1.49
1.49
1.48
1.49
1.49
1.50
1.50
1.50
1.50
1.50
1.50
1.50
1.50
1.49
1.49
1.49
1.50
1.50
1.49
1.50
1.50
1.49
1.49
1.49
1.49
1.49
1.49
1.49
1.49
1.49
1.49
1.49
1.48
1.49
1.49
1.49
1.49
1.49
1.49
1.50
1.50
1.50
1.50
1.50
1.50
1.50
1.50
1.49
1.50
1.50
1.49
1.49
1.49
1.50
1.51
1.51
1.51
1.50
1.50
1.50
1.50
1.51
1.51
1.50
1.50
1.50
1.50
1.50
1.51
1.51
1.51
1.51
1.51
1.51
1.51
1.51
1.51
1.51
1.51
1.51
1.51
1.51
1.51
1.51
1.51
1.51
1.50
1.50
1.50
1.50
1.51
1.51
1.50
1.50
1.50
1.50
1.50
1.50
1.50
1.50
1.50
1.50
1.50
1.50
1.50
1.49
1.49
1.50
1.50
1.50
1.50
1.50
1.50
1.50
1.50
1.50
1.50
1.49
1.50
1.50
1.50
1.50
1.50
1.50
1.50
1.50
1.50
1.50
1.50
1.51
1.51
1.51
1.50
1.50
1.51
1.51
1.51
1.51
1.51
1.51
1.51
1.51
1.51
1.50
1.51
1.51
1.51
1.51
1.51
1.52
1.52
1.52
1.52
1.52
1.52
1.51
1.51
1.51
1.51
1.52
1.52
1.51
1.51
1.51
1.51
1.51
1.51
1.51
1.51
1.50
1.51
1.51
1.51
1.50
1.51
1.50
1.50
1.50
1.50
1.51
1.51
1.51
1.51
1.51
1.51
1.51
1.51
1.51
1.51
1.51
1.51
1.51
1.51
1.51
1.51
1.50
1.50
1.50
1.50
1.50
1.50
1.50
1.50
1.50
1.50
1.50
1.50
1.50
1.50
1.50
1.50
1.50
1.50
1.50
1.50
1.50
1.49
1.50
1.50
1.50
1.50
1.50
1.50
1.50
1.50
1.51
1.50
1.50
1.50
1.50
1.51
1.51
