84.38
78.12
79.69
78.91
78.44
79.43
80.58
80.47
80.03
80.31
80.54
80.86
80.77
80.58
80.52
80.86
81.25
81.16
81.25
80.94
80.80
80.54
80.71
80.53
80.44
80.05
79.98
80.08
80.17
80.52
80.80
80.76
80.54
80.56
80.49
80.56
80.79
80.59
80.65
80.78
80.72
80.80
80.89
81.18
80.97
80.84
80.75
80.92
80.90
81.06
81.16
81.16
81.16
81.05
81.11
81.11
81.25
81.33
81.38
81.43
81.40
81.25
81.20
81.15
81.13
81.04
81.06
81.14
81.16
81.16
81.21
81.14
81.25
81.33
81.46
81.33
81.27
81.33
81.37
81.35
81.33
81.21
81.38
81.40
81.45
81.52
81.48
81.61
81.74
81.65
81.68
81.67
81.70
81.67
81.73
81.74
81.73
81.70
81.72
81.77
81.68
81.74
81.80
81.78
81.80
81.81
81.80
81.73
81.65
81.72
81.76
81.71
81.66
81.62
81.60
81.63
81.65
81.71
81.71
81.76
81.65
81.63
81.62
81.65
81.61
81.61
81.68
81.62
81.64
81.63
81.61
81.53
81.51
81.51
81.53
81.58
81.63
81.61
81.56
81.54
81.56
81.58
81.55
81.53
81.59
81.58
81.55
81.55
81.52
81.49
81.51
81.50
81.52
81.52
81.45
81.48
81.45
81.46
81.49
81.52
81.48
81.47
81.51
81.50
81.49
81.55
81.54
81.55
81.57
81.56
81.59
81.60
81.61
81.59
81.59
81.60
81.59
81.65
81.64
81.67
81.64
81.62
81.65
81.61
81.59
81.59
81.60
81.61
81.63
81.67
81.68
81.71
81.70
81.67
81.72
81.72
81.76
81.79
81.79
81.83
81.81
81.79
81.77
81.78
81.75
81.74
81.74
81.76
81.78
81.74
81.73
81.76
81.77
81.80
81.81
81.83
81.80
81.80
81.81
81.81
81.82
81.83
81.85
81.83
81.85
81.86
81.88
81.91
81.94
81.96
81.99
82.01
82.01
81.96
81.95
81.90
81.89
81.87
81.90
81.90
81.89
81.88
81.88
81.88
81.86
81.84
81.84
81.82
81.85
81.82
81.87
81.87
81.89
81.90
81.88
81.86
81.86
81.88
81.86
81.87
81.82
81.85
81.84
81.85
81.83
81.86
81.86
81.86
81.84
81.86
81.85
81.85
81.84
81.84
81.80
81.83
81.82
81.82
81.80
81.81
81.81
81.79
81.81
81.81
81.80
81.79
81.76
81.75
81.75
81.76
81.73
81.74
81.74
81.72
81.72
81.71
81.71
81.72
81.75
81.76
81.74
81.72
81.69
81.70
81.71
81.71
81.68
81.68
81.69
81.73
81.74
81.74
81.74
81.73
81.74
81.74
81.71
81.72
81.72
81.74
81.73
81.74
81.75
81.76
81.77
81.79
81.79
81.77
81.77
81.77
81.77
81.77
81.78
81.78
81.79
81.79
81.82
81.80
81.79
81.78
81.77
81.80
81.76
81.80
81.82
81.81
81.83
81.82
81.85
81.85
81.87
81.89
81.90
81.90
81.91
81.91
81.91
81.90
81.89
81.91
81.91
81.91
81.93
81.92
81.93
81.92
81.90
81.90
81.90
81.90
81.90
81.89
81.89
81.89
81.90
81.91
81.90
81.90
81.90
81.89
81.87
81.87
81.87
81.87
81.88
81.90
81.89
81.90
81.90
81.88
81.88
81.88
81.87
81.91
81.89
81.88
81.88
81.89
81.88
81.87
81.88
81.87
81.85
81.86
81.86
81.86
81.88
81.87
81.88
81.88
81.88
81.88
81.87
81.86
81.86
81.88
81.90
81.90
81.91
81.92
81.92
81.91
81.89
81.90
81.90
81.89
81.89
81.90
81.91
81.91
81.92
81.90
81.90
81.88
81.88
81.88
81.88
81.88
81.88
81.88
81.88
81.88
81.87
81.88
81.87
81.88
81.89
81.91
81.92
81.92
81.92
81.92
81.90
81.90
81.89
81.91
81.91
81.91
81.92
81.94
81.94
81.94
81.93
81.93
81.95
81.92
81.92
81.93
81.94
81.93
81.92
81.92
81.92
81.93
81.93
81.92
81.91
81.91
81.92
81.91
81.93
81.94
81.93
81.94
81.93
81.93
81.93
81.93
81.92
81.92
81.93
81.91
81.89
81.89
81.89
81.90
81.89
81.90
81.92
81.92
81.94
81.94
81.94
81.94
81.92
81.91
81.92
81.90
81.89
81.88
81.89
81.89
81.89
81.89
81.89
81.89
81.90
81.91
81.90
81.90
81.89
81.89
81.89
81.90
81.90
81.90
81.91
81.91
81.90
81.90
81.87
81.88
81.88
81.90
81.90
81.92
81.91
81.92
81.92
81.92
81.93
81.94
81.95
81.94
81.94
81.94
81.94
81.93
81.92
81.93
81.91
81.91
81.91
81.90
81.89
81.90
81.90
81.89
81.90
81.92
81.92
81.92
81.91
81.91
81.90
81.90
81.90
81.90
81.91
81.91
81.92
81.92
81.92
81.93
81.94
81.94
81.93
81.94
81.95
81.94
81.95
81.94
81.95
81.95
81.95
81.94
81.94
81.92
81.92
81.91
81.91
81.93
81.92
81.93
81.94
81.93
81.94
81.93
81.93
81.94
81.94
81.92
81.92
81.93
81.92
81.91
81.92
81.90
81.89
81.90
81.90
81.90
81.91
81.90
81.90
81.90
81.91
81.92
81.92
81.92
81.92
81.93
81.93
81.93
81.93
81.93
81.93
81.95
81.95
81.94
81.95
81.94
81.94
81.94
81.94
81.95
81.95
81.96
81.96
81.95
81.95
81.96
81.97
81.96
81.97
81.97
81.97
81.97
81.97
81.97
81.97
81.97
81.98
81.96
81.96
81.96
81.95
81.95
81.95
81.96
81.96
81.96
81.95
81.95
81.95
81.94
81.95
81.95
81.94
81.92
81.91
81.91
81.91
81.91
81.90
81.90
81.89
81.90
81.91
81.91
81.91
81.91
81.90
81.90
81.90
81.91
81.91
81.92
81.92
81.92
81.90
81.89
81.89
81.88
81.89
81.90
81.89
81.89
81.89
81.89
81.91
81.92
81.92
81.92
81.93
81.93
81.93
81.94
81.93
81.93
81.92
81.93
81.94
81.94
81.93
81.93
81.93
81.93
81.93
81.93
81.93
81.94
81.94
81.93
81.93
81.93
81.93
81.94
81.95
81.95
81.94
81.93
81.93
81.93
81.93
81.93
81.93
81.92
81.93
81.94
81.94
81.94
81.94
81.95
81.95
81.95
81.94
81.94
81.93
81.94
81.94
81.93
81.93
81.94
81.95
81.95
81.95
81.94
81.93
81.93
81.92
81.91
81.92
81.91
81.90
81.90
81.91
81.90
81.91
81.92
81.93
81.93
81.94
81.94
81.95
81.94
81.94
81.94
81.94
81.95
81.94
81.87
