81.25
82.81
83.85
83.98
83.75
84.38
83.48
83.59
84.72
84.22
83.66
83.07
83.29
83.15
83.02
82.81
82.90
82.81
82.81
83.44
83.26
83.24
83.29
83.40
83.38
83.47
83.45
83.48
83.62
83.54
83.52
83.30
83.29
83.32
83.17
82.73
82.73
82.94
83.13
82.89
82.89
82.66
82.59
82.67
82.47
82.27
82.11
82.10
81.79
81.78
81.74
81.70
81.66
81.68
81.73
81.75
81.88
81.84
81.89
81.85
81.79
81.63
81.55
81.52
81.63
81.70
81.72
81.66
81.66
81.67
81.71
81.68
81.83
81.82
81.77
81.78
81.88
81.91
81.92
81.91
81.94
81.92
81.89
81.96
81.97
81.85
81.79
81.80
81.76
81.81
81.83
81.90
81.94
81.96
81.99
81.90
81.99
81.97
82.01
82.08
82.04
81.94
81.96
81.94
81.95
81.96
82.01
81.96
82.04
82.03
82.07
82.10
82.13
82.15
82.19
82.14
82.20
82.16
82.14
82.15
82.12
82.12
82.10
82.11
82.15
82.17
82.20
82.13
82.15
82.16
82.16
82.07
82.06
82.05
82.05
82.07
82.06
82.08
82.08
82.02
81.99
82.00
81.99
81.97
81.94
81.91
81.95
81.99
81.99
82.03
82.06
82.07
82.07
82.10
82.15
82.14
82.18
82.18
82.16
82.18
82.21
82.26
82.26
82.25
82.27
82.26
82.30
82.28
82.25
82.19
82.20
82.20
82.20
82.17
82.14
82.14
82.15
82.12
82.11
82.13
82.14
82.16
82.17
82.24
82.20
82.12
82.17
82.16
82.21
82.20
82.22
82.24
82.25
82.24
82.26
82.27
82.30
82.30
82.29
82.27
82.28
82.29
82.27
82.25
82.29
82.30
82.29
82.35
82.35
82.34
82.35
82.38
82.37
82.35
82.39
82.39
82.40
82.40
82.41
82.38
82.40
82.38
82.36
82.35
82.36
82.35
82.37
82.40
82.40
82.40
82.40
82.38
82.39
82.40
82.38
82.39
82.37
82.40
82.40
82.40
82.37
82.32
82.32
82.33
82.31
82.29
82.26
82.28
82.31
82.31
82.31
82.30
82.30
82.32
82.31
82.32
82.31
82.30
82.30
82.31
82.33
82.31
82.31
82.30
82.31
82.32
82.34
82.33
82.34
82.34
82.36
82.36
82.39
82.38
82.41
82.41
82.43
82.44
82.45
82.46
82.46
82.50
82.50
82.47
82.46
82.45
82.45
82.45
82.43
82.43
82.42
82.41
82.39
82.37
82.35
82.35
82.37
82.36
82.34
82.34
82.36
82.35
82.36
82.38
82.37
82.36
82.35
82.35
82.32
82.30
82.31
82.31
82.31
82.32
82.32
82.34
82.34
82.34
82.35
82.35
82.36
82.34
82.35
82.34
82.32
82.30
82.28
82.27
82.25
82.23
82.24
82.24
82.25
82.26
82.24
82.24
82.25
82.23
82.26
82.27
82.26
82.26
82.27
82.29
82.29
82.28
82.28
82.26
82.25
82.24
82.23
82.22
82.23
82.20
82.20
82.22
82.23
82.24
82.24
82.24
82.24
82.25
82.26
82.24
82.24
82.24
82.24
82.23
82.22
82.22
82.23
82.23
82.23
82.24
82.24
82.23
82.23
82.22
82.21
82.20
82.21
82.23
82.23
82.21
82.22
82.21
82.19
82.20
82.19
82.18
82.18
82.18
82.16
82.15
82.14
82.14
82.14
82.11
82.10
82.09
82.09
82.09
82.09
82.09
82.07
82.05
82.06
82.05
82.03
82.05
82.04
82.05
82.06
82.05
82.03
82.03
82.03
82.05
82.06
82.05
82.05
82.04
82.04
82.03
82.04
82.05
82.04
82.04
82.04
82.03
82.04
82.04
82.04
82.02
82.03
82.03
82.03
82.05
82.05
82.07
82.07
82.08
82.09
82.09
82.08
82.07
82.06
82.05
82.07
82.08
82.10
82.07
82.08
82.08
82.08
82.08
82.07
82.05
82.03
82.01
82.01
82.01
82.02
82.04
82.01
82.03
82.03
82.02
82.02
82.01
82.01
82.02
82.05
82.06
82.06
82.04
82.05
82.05
82.04
82.04
82.03
82.02
82.00
81.98
81.98
81.98
81.98
81.98
81.97
81.95
81.95
81.95
81.96
81.96
81.97
81.97
81.97
81.97
81.96
81.95
81.95
81.95
81.94
81.93
81.92
81.90
81.90
81.91
81.90
81.91
81.90
81.90
81.90
81.89
81.91
81.91
81.91
81.91
81.91
81.91
81.90
81.89
81.90
81.90
81.90
81.90
81.91
81.90
81.90
81.91
81.91
81.90
81.91
81.91
81.92
81.92
81.93
81.92
81.93
81.92
81.92
81.91
81.92
81.92
81.92
81.91
81.91
81.91
81.92
81.90
81.91
81.90
81.92
81.92
81.91
81.92
81.93
81.93
81.93
81.93
81.93
81.92
81.91
81.92
81.92
81.92
81.93
81.93
81.93
81.95
81.95
81.95
81.95
81.95
81.95
81.96
81.96
81.96
81.96
81.95
81.96
81.95
81.95
81.95
81.96
81.95
81.94
81.93
81.93
81.95
81.95
81.94
81.94
81.93
81.92
81.93
81.92
81.92
81.93
81.95
81.94
81.94
81.94
81.95
81.96
81.95
81.94
81.96
81.95
81.96
81.95
81.95
81.94
81.95
81.96
81.96
81.96
81.96
81.96
81.97
81.97
81.97
81.96
81.97
81.96
81.97
81.96
81.97
81.97
81.96
81.96
81.96
81.95
81.95
81.95
81.95
81.96
81.96
81.95
81.97
81.96
81.95
81.96
81.96
81.96
81.95
81.95
81.95
81.94
81.94
81.94
81.94
81.93
81.92
81.91
81.91
81.92
81.92
81.94
81.94
81.93
81.93
81.91
81.92
81.91
81.91
81.92
81.92
81.93
81.92
81.91
81.91
81.90
81.90
81.90
81.89
81.90
81.91
81.91
81.90
81.89
81.90
81.90
81.92
81.92
81.91
81.91
81.91
81.91
81.91
81.92
81.94
81.94
81.94
81.95
81.94
81.93
81.93
81.94
81.93
81.93
81.94
81.94
81.94
81.94
81.94
81.96
81.95
81.94
81.95
81.96
81.96
81.95
81.94
81.94
81.94
81.93
81.93
81.93
81.94
81.95
81.95
81.94
81.95
81.95
81.96
81.95
81.96
81.95
81.95
81.94
81.95
81.96
81.96
81.96
81.96
81.96
81.95
81.95
81.94
81.94
81.94
81.94
81.94
81.95
81.96
81.97
81.97
81.97
81.96
81.96
81.95
81.95
81.94
81.93
81.93
81.93
81.93
81.92
81.92
81.92
81.93
81.94
81.94
81.94
81.95
81.94
81.94
81.94
81.95
81.95
81.96
81.96
81.95
81.95
81.94
81.95
81.95
81.95
81.95
81.95
81.87
