75.00
80.47
81.25
80.86
80.31
80.73
81.25
81.64
80.73
81.09
81.39
81.77
81.97
81.25
81.15
81.05
81.62
81.25
81.25
80.55
79.99
80.04
80.30
80.40
80.50
80.71
80.73
80.69
81.03
81.25
81.50
81.54
81.63
81.53
81.56
81.60
81.55
81.50
81.65
81.60
81.55
81.51
81.58
81.61
81.74
81.69
81.85
81.64
81.73
81.84
81.74
81.76
81.66
81.57
81.65
81.58
81.72
81.57
81.59
81.61
81.71
81.60
81.60
81.49
81.61
81.49
81.46
81.41
81.34
81.29
81.27
81.25
81.25
81.19
81.19
81.23
81.19
81.13
81.13
81.15
81.19
81.17
81.17
81.31
81.27
81.29
81.30
81.37
81.36
81.27
81.20
81.17
81.13
81.15
81.12
81.18
81.19
81.20
81.22
81.28
81.25
81.36
81.33
81.33
81.35
81.38
81.44
81.48
81.44
81.51
81.48
81.46
81.43
81.37
81.40
81.38
81.40
81.40
81.45
81.46
81.44
81.45
81.45
81.43
81.41
81.40
81.34
81.30
81.24
81.21
81.20
81.20
81.21
81.27
81.22
81.24
81.24
81.20
81.19
81.23
81.27
81.31
81.30
81.37
81.35
81.41
81.43
81.42
81.46
81.47
81.47
81.55
81.56
81.57
81.56
81.61
81.59
81.59
81.61
81.61
81.62
81.62
81.64
81.67
81.67
81.65
81.67
81.71
81.72
81.76
81.73
81.74
81.74
81.72
81.72
81.68
81.69
81.72
81.68
81.69
81.69
81.70
81.65
81.67
81.71
81.70
81.69
81.72
81.71
81.72
81.69
81.70
81.69
81.68
81.71
81.74
81.76
81.79
81.80
81.82
81.83
81.88
81.87
81.87
81.90
81.91
81.94
81.94
81.92
81.90
81.92
81.92
81.95
81.89
81.90
81.90
81.92
81.94
81.94
81.95
81.96
81.97
81.96
81.95
81.96
81.93
81.94
81.94
81.97
81.98
82.00
82.02
82.02
82.01
82.01
82.04
82.01
82.01
82.04
82.02
82.05
82.08
82.10
82.11
82.11
82.06
82.07
82.08
82.09
82.11
82.09
82.07
82.03
82.03
82.04
82.02
82.02
82.01
82.01
82.03
82.02
82.04
82.04
82.02
82.04
82.04
82.01
82.02
82.04
82.04
82.05
82.06
82.04
82.03
82.02
82.05
82.06
82.09
82.10
82.12
82.12
82.13
82.09
82.10
82.11
82.10
82.10
82.09
82.08
82.07
82.08
82.08
82.08
82.08
82.08
82.07
82.06
82.06
82.05
82.06
82.06
82.07
82.06
82.05
82.05
82.05
82.06
82.07
82.05
82.04
82.04
82.04
82.03
82.02
82.03
82.03
82.03
82.04
82.02
82.05
82.06
82.07
82.08
82.09
82.09
82.09
82.11
82.10
82.10
82.05
82.03
82.05
82.05
82.05
82.03
82.05
82.05
82.07
82.07
82.06
82.04
82.04
82.04
82.05
82.04
82.04
82.06
82.06
82.07
82.08
82.10
82.12
82.10
82.09
82.10
82.10
82.10
82.11
82.12
82.13
82.15
82.16
82.13
82.13
82.11
82.11
82.09
82.10
82.11
82.12
82.09
82.09
82.11
82.09
82.10
82.07
82.05
82.04
82.04
82.03
82.02
82.02
82.02
82.04
82.04
82.03
82.04
82.05
82.05
82.04
82.04
82.05
82.05
82.05
82.05
82.05
82.06
82.07
82.06
82.05
82.08
82.06
82.05
82.06
82.07
82.07
82.07
82.07
82.09
82.08
82.08
82.07
82.08
82.08
82.11
82.12
82.12
82.11
82.10
82.10
82.11
82.12
82.11
82.12
82.12
82.13
82.13
82.14
82.14
82.16
82.16
82.17
82.16
82.17
82.17
82.17
82.18
82.20
82.20
82.19
82.18
82.16
82.17
82.19
82.20
82.20
82.18
82.17
82.17
82.18
82.19
82.19
82.20
82.21
82.20
82.20
82.22
82.22
82.23
82.22
82.22
82.21
82.22
82.22
82.22
82.21
82.21
82.22
82.22
82.22
82.21
82.21
82.21
82.21
82.20
82.19
82.19
82.18
82.17
82.16
82.16
82.17
82.17
82.18
82.18
82.19
82.20
82.19
82.19
82.21
82.22
82.21
82.19
82.20
82.20
82.20
82.21
82.20
82.20
82.21
82.21
82.21
82.21
82.21
82.22
82.21
82.21
82.21
82.19
82.19
82.20
82.22
82.21
82.20
82.18
82.18
82.17
82.16
82.17
82.16
82.17
82.17
82.17
82.19
82.19
82.21
82.18
82.20
82.20
82.22
82.22
82.23
82.22
82.23
82.23
82.23
82.23
82.22
82.23
82.23
82.23
82.24
82.23
82.24
82.22
82.22
82.23
82.24
82.23
82.23
82.23
82.21
82.20
82.18
82.18
82.19
82.18
82.18
82.18
82.19
82.19
82.18
82.18
82.18
82.18
82.18
82.18
82.19
82.18
82.17
82.15
82.15
82.14
82.14
82.14
82.14
82.13
82.11
82.11
82.09
82.08
82.06
82.08
82.08
82.07
82.07
82.06
82.06
82.06
82.07
82.08
82.09
82.09
82.08
82.08
82.08
82.07
82.08
82.06
82.05
82.05
82.05
82.04
82.03
82.02
82.01
81.99
82.01
82.01
82.00
82.01
82.01
82.01
82.00
82.00
82.00
82.01
82.01
82.00
81.99
81.98
81.98
81.97
81.98
81.99
81.99
81.99
81.98
81.97
81.98
81.99
81.99
82.00
81.99
81.98
81.97
81.96
81.97
81.96
81.96
81.96
81.95
81.96
81.96
81.97
81.96
81.96
81.94
81.94
81.93
81.93
81.95
81.95
81.95
81.95
81.95
81.95
81.94
81.94
81.93
81.93
81.93
81.92
81.92
81.91
81.90
81.91
81.91
81.90
81.90
81.89
81.89
81.89
81.88
81.88
81.88
81.89
81.90
81.90
81.90
81.90
81.90
81.89
81.88
81.89
81.90
81.91
81.90
81.90
81.90
81.90
81.89
81.89
81.89
81.89
81.89
81.90
81.89
81.90
81.92
81.91
81.92
81.92
81.92
81.93
81.93
81.94
81.92
81.93
81.93
81.92
81.93
81.92
81.90
81.91
81.92
81.92
81.93
81.92
81.91
81.90
81.90
81.89
81.89
81.91
81.91
81.91
81.92
81.92
81.92
81.92
81.93
81.94
81.95
81.94
81.94
81.96
81.97
81.97
81.98
81.96
81.97
81.96
81.95
81.96
81.96
81.97
81.97
81.97
81.97
81.97
81.97
81.97
81.96
81.97
81.97
81.96
81.96
81.97
81.97
81.96
81.96
81.97
81.97
81.96
81.95
81.95
81.94
81.95
81.95
81.94
81.94
81.95
81.94
81.94
81.93
81.94
81.94
81.94
81.94
81.94
81.86
