84.38
82.03
78.65
80.08
80.62
79.69
80.13
80.47
79.51
78.91
78.98
79.17
78.00
78.57
78.65
79.00
79.04
79.25
79.36
79.38
79.32
79.55
79.48
79.17
79.12
79.27
79.46
79.19
79.42
79.11
79.28
79.20
79.17
79.14
79.02
79.04
79.05
79.03
78.89
79.18
79.38
79.32
79.25
79.26
79.20
79.35
79.16
78.94
78.92
78.88
78.86
78.85
78.86
78.79
78.78
78.82
78.76
78.77
78.87
78.88
78.84
78.81
78.92
78.96
78.94
79.00
78.89
78.77
78.71
78.66
78.79
78.65
78.64
78.63
78.52
78.39
78.33
78.27
78.20
78.20
78.28
78.14
78.18
78.14
78.14
78.12
78.12
78.09
78.09
78.16
78.19
78.11
78.16
78.09
78.12
78.22
78.27
78.32
78.33
78.41
78.36
78.37
78.38
78.43
78.35
78.32
78.29
78.31
78.37
78.34
78.34
78.39
78.37
78.37
78.40
78.34
78.35
78.38
78.37
78.41
78.37
78.38
78.38
78.40
78.38
78.39
78.41
78.36
78.37
78.40
78.33
78.34
78.34
78.39
78.44
78.41
78.36
78.40
78.43
78.47
78.41
78.36
78.32
78.35
78.29
78.23
78.23
78.28
78.29
78.31
78.27
78.33
78.36
78.38
78.39
78.36
78.44
78.44
78.48
78.40
78.44
78.44
78.45
78.46
78.37
78.35
78.41
78.40
78.40
78.38
78.42
78.36
78.38
78.39
78.35
78.33
78.33
78.35
78.34
78.32
78.36
78.32
78.31
78.31
78.30
78.24
78.19
78.15
78.17
78.18
78.20
78.18
78.21
78.21
78.20
78.16
78.21
78.23
78.26
78.27
78.28
78.33
78.36
78.35
78.35
78.37
78.39
78.40
78.38
78.36
78.40
78.41
78.41
78.47
78.51
78.50
78.53
78.52
78.56
78.57
78.58
78.61
78.64
78.65
78.66
78.64
78.61
78.65
78.63
78.64
78.65
78.66
78.64
78.67
78.68
78.67
78.65
78.62
78.57
78.60
78.60
78.60
78.58
78.59
78.56
78.58
78.61
78.60
78.61
78.62
78.65
78.65
78.67
78.67
78.66
78.66
78.65
78.65
78.64
78.65
78.64
78.67
78.66
78.69
78.68
78.72
78.72
78.73
78.75
78.74
78.76
78.75
78.76
78.76
78.77
78.76
78.75
78.77
78.74
78.74
78.73
78.75
78.74
78.74
78.74
78.72
78.73
78.72
78.69
78.68
78.67
78.66
78.66
78.67
78.66
78.66
78.66
78.66
78.64
78.65
78.66
78.68
78.69
78.68
78.71
78.73
78.72
78.72
78.72
78.73
78.76
78.78
78.78
78.78
78.76
78.77
78.75
78.76
78.76
78.75
78.76
78.76
78.77
78.76
78.75
78.76
78.76
78.77
78.76
78.75
78.78
78.79
78.81
78.80
78.80
78.80
78.82
78.83
78.82
78.82
78.83
78.84
78.81
78.79
78.80
78.77
78.76
78.76
78.77
78.77
78.78
78.79
78.76
78.78
78.77
78.78
78.77
78.79
78.77
78.78
78.79
78.80
78.78
78.79
78.78
78.80
78.79
78.80
78.80
78.82
78.83
78.81
78.80
78.81
78.80
78.79
78.80
78.81
78.83
78.84
78.86
78.86
78.87
78.86
78.86
78.84
78.85
78.86
78.85
78.86
78.86
78.85
78.85
78.85
78.86
78.87
78.89
78.90
78.90
78.91
78.93
78.95
78.96
78.94
78.95
78.95
78.95
78.96
78.94
78.93
78.93
78.88
78.91
78.93
78.95
78.95
78.94
78.91
78.93
78.92
78.91
78.92
78.92
78.93
78.93
78.92
78.92
78.93
78.93
78.94
78.93
78.94
78.95
78.97
78.95
78.96
78.97
78.98
78.98
78.99
78.98
78.99
79.00
78.98
78.99
79.01
79.03
79.03
79.02
79.00
79.00
79.01
79.01
79.01
79.00
79.02
79.02
79.02
79.02
79.03
79.04
79.04
79.03
79.03
79.02
79.04
79.06
79.07
79.08
79.09
79.10
79.10
79.10
79.09
79.10
79.09
79.07
79.07
79.06
79.07
79.06
79.07
79.06
79.07
79.07
79.08
79.09
79.10
79.08
79.09
79.08
79.08
79.08
79.07
79.07
79.08
79.06
79.06
79.06
79.06
79.05
79.04
79.06
79.07
79.08
79.09
79.09
79.10
79.09
79.09
79.10
79.10
79.10
79.10
79.09
79.08
79.08
79.07
79.07
79.08
79.08
79.07
79.06
79.06
79.04
79.06
79.07
79.07
79.09
79.08
79.09
79.09
79.09
79.10
79.11
79.10
79.08
79.09
79.08
79.08
79.06
79.06
79.08
79.07
79.07
79.07
79.08
79.09
79.09
79.10
79.10
79.12
79.12
79.12
79.11
79.12
79.14
79.14
79.15
79.15
79.15
79.15
79.16
79.16
79.18
79.18
79.19
79.20
79.20
79.21
79.21
79.20
79.21
79.21
79.22
79.21
79.21
79.22
79.20
79.20
79.20
79.19
79.21
79.21
79.19
79.19
79.20
79.19
79.19
79.20
79.21
79.22
79.20
79.19
79.20
79.22
79.22
79.22
79.22
79.20
79.20
79.20
79.20
79.20
79.20
79.21
79.21
79.19
79.18
79.20
79.21
79.19
79.19
79.20
79.21
79.21
79.20
79.21
79.22
79.22
79.21
79.21
79.21
79.22
79.23
79.24
79.22
79.20
79.19
79.19
79.18
79.18
79.18
79.18
79.18
79.17
79.17
79.16
79.15
79.13
79.13
79.13
79.13
79.13
79.14
79.15
79.14
79.14
79.14
79.14
79.15
79.15
79.14
79.15
79.15
79.14
79.14
79.12
79.12
79.11
79.10
79.11
79.12
79.13
79.13
79.13
79.13
79.14
79.14
79.14
79.13
79.13
79.14
79.15
79.15
79.16
79.16
79.16
79.16
79.17
79.18
79.17
79.16
79.17
79.16
79.16
79.17
79.17
79.16
79.16
79.16
79.16
79.17
79.17
79.17
79.19
79.19
79.19
79.19
79.19
79.17
79.16
79.17
79.17
79.18
79.17
79.18
79.18
79.18
79.17
79.18
79.19
79.18
79.18
79.17
79.17
79.15
79.15
79.15
79.15
79.15
79.15
79.15
79.16
79.18
79.17
79.17
79.17
79.16
79.16
79.15
79.16
79.16
79.16
79.16
79.16
79.16
79.16
79.17
79.17
79.16
79.16
79.15
79.15
79.15
79.15
79.16
79.15
79.15
79.16
79.16
79.15
79.14
79.14
79.15
79.15
79.15
79.15
79.16
79.14
79.14
79.14
79.14
79.15
79.15
79.15
79.16
79.16
79.14
79.14
79.15
79.13
79.14
79.15
79.15
79.15
79.14
79.15
79.15
79.13
79.12
79.04
