81.25
80.47
79.69
79.30
79.69
81.25
79.91
81.05
81.25
81.09
80.97
80.86
81.13
81.36
81.15
80.76
80.51
80.64
80.51
80.31
80.65
80.54
80.64
80.79
80.94
81.01
80.84
80.92
80.82
80.83
80.65
80.71
80.78
80.74
80.58
80.73
80.87
80.88
80.93
81.09
81.40
81.55
81.43
81.39
81.46
81.32
81.28
81.22
80.96
81.00
80.94
80.86
80.90
80.84
80.88
80.80
80.87
80.95
80.91
80.78
80.87
81.00
81.10
80.93
80.89
80.94
80.97
81.04
81.11
81.09
81.12
81.14
81.16
81.25
81.35
81.46
81.49
81.49
81.51
81.46
81.58
81.65
81.66
81.70
81.71
81.80
81.84
81.82
81.83
81.75
81.75
81.76
81.82
81.91
81.96
82.00
81.99
82.00
81.91
81.91
81.95
81.97
81.98
81.88
81.80
81.74
81.75
81.76
81.75
81.72
81.70
81.65
81.72
81.77
81.81
81.87
81.89
81.82
81.81
81.76
81.77
81.76
81.71
81.65
81.64
81.65
81.66
81.63
81.59
81.55
81.60
81.57
81.57
81.59
81.59
81.57
81.58
81.59
81.62
81.61
81.68
81.65
81.68
81.64
81.64
81.61
81.57
81.62
81.61
81.58
81.57
81.48
81.45
81.46
81.44
81.42
81.41
81.37
81.33
81.34
81.39
81.38
81.38
81.37
81.40
81.44
81.46
81.44
81.44
81.42
81.46
81.44
81.46
81.47
81.46
81.38
81.38
81.41
81.37
81.35
81.38
81.36
81.32
81.29
81.27
81.28
81.29
81.30
81.31
81.28
81.29
81.28
81.30
81.29
81.27
81.31
81.30
81.33
81.32
81.31
81.36
81.37
81.37
81.38
81.39
81.40
81.39
81.39
81.40
81.37
81.37
81.35
81.34
81.32
81.35
81.34
81.37
81.39
81.42
81.45
81.49
81.50
81.51
81.49
81.51
81.51
81.49
81.50
81.48
81.53
81.56
81.53
81.52
81.51
81.53
81.56
81.57
81.56
81.54
81.52
81.50
81.50
81.51
81.51
81.53
81.55
81.53
81.56
81.56
81.57
81.60
81.59
81.59
81.60
81.61
81.60
81.61
81.61
81.60
81.61
81.63
81.57
81.59
81.56
81.56
81.56
81.58
81.59
81.60
81.60
81.58
81.59
81.59
81.58
81.59
81.58
81.59
81.59
81.59
81.62
81.61
81.59
81.63
81.60
81.60
81.60
81.59
81.60
81.60
81.59
81.59
81.61
81.62
81.62
81.62
81.58
81.59
81.60
81.62
81.61
81.59
81.56
81.54
81.54
81.52
81.51
81.54
81.55
81.57
81.55
81.58
81.58
81.59
81.57
81.57
81.58
81.60
81.62
81.59
81.62
81.61
81.62
81.61
81.62
81.61
81.60
81.57
81.57
81.54
81.54
81.54
81.54
81.53
81.54
81.55
81.57
81.58
81.58
81.59
81.59
81.59
81.59
81.59
81.59
81.61
81.60
81.61
81.62
81.62
81.62
81.63
81.64
81.66
81.65
81.67
81.67
81.69
81.67
81.69
81.69
81.68
81.68
81.70
81.72
81.71
81.72
81.75
81.73
81.74
81.74
81.74
81.75
81.74
81.71
81.70
81.70
81.70
81.70
81.70
81.67
81.67
81.64
81.64
81.63
81.64
81.64
81.63
81.62
81.60
81.61
81.61
81.63
81.64
81.63
81.59
81.59
81.60
81.60
81.61
81.61
81.61
81.63
81.63
81.63
81.62
81.62
81.61
81.62
81.62
81.62
81.62
81.61
81.61
81.61
81.62
81.63
81.65
81.66
81.66
81.66
81.68
81.68
81.69
81.71
81.73
81.72
81.72
81.73
81.72
81.72
81.73
81.73
81.75
81.74
81.73
81.74
81.70
81.72
81.73
81.72
81.73
81.70
81.70
81.71
81.71
81.72
81.73
81.72
81.71
81.70
81.69
81.70
81.68
81.67
81.67
81.67
81.66
81.65
81.65
81.66
81.65
81.64
81.64
81.63
81.64
81.62
81.62
81.62
81.61
81.60
81.60
81.60
81.58
81.58
81.57
81.57
81.58
81.58
81.56
81.56
81.56
81.55
81.55
81.54
81.56
81.56
81.56
81.58
81.56
81.57
81.56
81.58
81.59
81.59
81.58
81.56
81.56
81.56
81.56
81.56
81.55
81.55
81.56
81.56
81.55
81.56
81.57
81.58
81.58
81.57
81.56
81.57
81.57
81.57
81.59
81.59
81.59
81.59
81.60
81.61
81.61
81.62
81.61
81.60
81.60
81.61
81.61
81.61
81.63
81.65
81.64
81.64
81.64
81.65
81.65
81.63
81.63
81.63
81.62
81.63
81.64
81.63
81.66
81.66
81.67
81.66
81.67
81.65
81.64
81.64
81.65
81.63
81.63
81.64
81.63
81.63
81.63
81.63
81.62
81.62
81.63
81.63
81.64
81.66
81.65
81.65
81.66
81.65
81.65
81.64
81.65
81.65
81.65
81.66
81.65
81.67
81.67
81.69
81.69
81.69
81.68
81.70
81.70
81.70
81.70
81.70
81.71
81.72
81.72
81.71
81.71
81.70
81.71
81.72
81.71
81.71
81.71
81.72
81.72
81.72
81.70
81.70
81.72
81.72
81.73
81.74
81.73
81.74
81.74
81.74
81.74
81.74
81.74
81.75
81.76
81.75
81.76
81.77
81.76
81.77
81.76
81.76
81.75
81.74
81.73
81.73
81.73
81.75
81.74
81.73
81.73
81.73
81.73
81.74
81.74
81.74
81.76
81.76
81.75
81.75
81.75
81.75
81.74
81.74
81.73
81.72
81.72
81.71
81.71
81.71
81.71
81.70
81.70
81.69
81.68
81.68
81.68
81.69
81.69
81.70
81.69
81.69
81.70
81.69
81.70
81.70
81.69
81.71
81.71
81.70
81.71
81.71
81.72
81.70
81.70
81.70
81.70
81.70
81.71
81.71
81.71
81.72
81.72
81.72
81.71
81.71
81.70
81.70
81.71
81.71
81.71
81.70
81.70
81.69
81.70
81.70
81.72
81.71
81.71
81.72
81.72
81.71
81.72
81.72
81.72
81.72
81.73
81.73
81.72
81.71
81.70
81.70
81.71
81.72
81.70
81.69
81.69
81.69
81.69
81.69
81.70
81.70
81.71
81.71
81.71
81.72
81.73
81.74
81.73
81.74
81.73
81.73
81.72
81.73
81.73
81.72
81.73
81.72
81.73
81.71
81.71
81.72
81.71
81.71
81.70
81.71
81.69
81.70
81.70
81.71
81.70
81.69
81.70
81.69
81.69
81.70
81.70
81.70
81.70
81.70
81.70
81.68
81.67
81.68
81.67
81.66
81.67
81.68
81.67
81.68
81.68
81.67
81.68
81.68
81.67
81.68
81.68
81.68
81.68
81.67
81.66
81.59
