0.00
0.00
0.52
0.39
0.31
0.26
0.22
0.20
0.17
0.16
0.14
0.13
0.24
0.22
0.21
0.20
0.18
0.17
0.16
0.16
0.15
0.14
0.14
0.13
0.12
0.12
0.12
0.11
0.11
0.10
0.10
0.10
0.09
0.09
0.09
0.09
0.08
0.08
0.08
0.08
0.08
0.07
0.07
0.07
0.07
0.07
0.07
0.07
0.06
0.06
0.06
0.06
0.06
0.06
0.09
0.08
0.08
0.08
0.08
0.08
0.08
0.08
0.07
0.07
0.07
0.07
0.09
0.09
0.09
0.09
0.09
0.09
0.09
0.08
0.08
0.08
0.08
0.08
0.08
0.08
0.08
0.08
0.08
0.07
0.07
0.07
0.07
0.07
0.07
0.07
0.07
0.08
0.08
0.10
0.10
0.10
0.10
0.10
0.09
0.09
0.09
0.09
0.09
0.09
0.09
0.09
0.09
0.10
0.10
0.11
0.11
0.11
0.11
0.11
0.11
0.11
0.11
0.11
0.11
0.10
0.10
0.10
0.11
0.11
0.11
0.11
0.11
0.11
0.11
0.11
0.11
0.11
0.11
0.10
0.10
0.10
0.10
0.10
0.10
0.10
0.10
0.10
0.10
0.10
0.10
0.10
0.10
0.10
0.09
0.09
0.09
0.10
0.10
0.10
0.11
0.11
0.11
0.11
0.11
0.11
0.11
0.11
0.11
0.10
0.10
0.10
0.10
0.11
0.12
0.12
0.12
0.12
0.12
0.12
0.12
0.12
0.11
0.11
0.12
0.12
0.12
0.12
0.12
0.12
0.12
0.12
0.12
0.12
0.12
0.12
0.11
0.11
0.11
0.11
0.11
0.11
0.11
0.11
0.11
0.12
0.12
0.12
0.12
0.11
0.11
0.11
0.12
0.12
0.13
0.13
0.13
0.13
0.12
0.12
0.12
0.12
0.12
0.13
0.13
0.13
0.13
0.13
0.13
0.13
0.12
0.12
0.12
0.12
0.12
0.12
0.12
0.12
0.12
0.12
0.12
0.12
0.12
0.12
0.12
0.12
0.12
0.12
0.12
0.12
0.12
0.12
0.12
0.12
0.12
0.12
0.12
0.12
0.12
0.12
0.12
0.12
0.12
0.12
0.12
0.13
0.13
0.13
0.12
0.12
0.12
0.12
0.12
0.12
0.13
0.13
0.13
0.13
0.13
0.13
0.12
0.12
0.12
0.12
0.12
0.12
0.12
0.12
0.12
0.12
0.12
0.12
0.12
0.12
0.12
0.12
0.13
0.13
0.13
0.13
0.13
0.13
0.13
0.13
0.13
0.13
0.13
0.13
0.13
0.13
0.13
0.13
0.13
0.13
0.13
0.13
0.13
0.13
0.12
0.12
0.12
0.12
0.12
0.12
0.13
0.13
0.13
0.13
0.13
0.13
0.13
0.13
0.13
0.13
0.13
0.13
0.13
0.13
0.13
0.13
0.13
0.13
0.13
0.12
0.12
0.12
0.12
0.12
0.12
0.12
0.12
0.12
0.13
0.13
0.13
0.12
0.12
0.12
0.12
0.12
0.12
0.12
0.12
0.12
0.12
0.13
0.13
0.13
0.12
0.12
0.12
0.13
0.13
0.13
0.13
0.13
0.13
0.13
0.13
0.13
0.12
0.12
0.12
0.12
0.12
0.12
0.12
0.12
0.12
0.12
0.12
0.13
0.13
0.12
0.12
0.12
0.12
0.12
0.12
0.12
0.12
0.12
0.12
0.12
0.12
0.13
0.12
0.12
0.12
0.12
0.12
0.12
0.12
0.12
0.12
0.12
0.12
0.12
0.12
0.12
0.12
0.12
0.12
0.12
0.12
0.12
0.12
0.12
0.12
0.12
0.12
0.12
0.12
0.12
0.12
0.13
0.13
0.13
0.13
0.13
0.13
0.13
0.13
0.12
0.12
0.13
0.13
0.13
0.13
0.13
0.13
0.13
0.13
0.13
0.13
0.13
0.12
0.12
0.12
0.12
0.12
0.12
0.12
0.12
0.12
0.12
0.12
0.12
0.12
0.12
0.12
0.12
0.12
0.12
0.12
0.12
0.12
0.12
0.12
0.12
0.12
0.12
0.12
0.12
0.12
0.12
0.12
0.12
0.12
0.12
0.12
0.12
0.12
0.12
0.12
0.11
0.11
0.11
0.11
0.11
0.11
0.11
0.11
0.11
0.12
0.12
0.12
0.12
0.11
0.11
0.11
0.11
0.11
0.11
0.11
0.11
0.11
0.11
0.11
0.11
0.11
0.11
0.11
0.11
0.11
0.11
0.11
0.11
0.11
0.11
0.11
0.11
0.11
0.11
0.11
0.11
0.11
0.11
0.11
0.11
0.11
0.11
0.11
0.11
0.11
0.11
0.11
0.11
0.11
0.11
0.11
0.11
0.11
0.11
0.11
0.11
0.11
0.11
0.11
0.11
0.11
0.11
0.11
0.11
0.11
0.11
0.11
0.11
0.11
0.11
0.11
0.11
0.11
0.11
0.11
0.11
0.11
0.11
0.11
0.11
0.11
0.11
0.11
0.11
0.11
0.11
0.11
0.11
0.11
0.11
0.11
0.11
0.11
0.11
0.11
0.11
0.11
0.11
0.11
0.11
0.11
0.10
0.10
0.10
0.10
0.10
0.10
0.10
0.10
0.10
0.10
0.11
0.11
0.11
0.11
0.11
0.10
0.10
0.10
0.10
0.10
0.11
0.11
0.11
0.11
0.11
0.11
0.11
0.11
0.11
0.11
0.11
0.11
0.11
0.11
0.11
0.11
0.11
0.11
0.11
0.11
0.11
0.11
0.11
0.11
0.11
0.11
0.11
0.11
0.11
0.11
0.11
0.11
0.11
0.11
0.11
0.11
0.11
0.11
0.11
0.10
0.10
0.10
0.10
0.10
0.10
0.10
0.10
0.10
0.10
0.10
0.10
0.10
0.10
0.10
0.10
0.10
0.10
0.10
0.10
0.10
0.10
0.10
0.10
0.10
0.10
0.10
0.10
0.10
0.10
0.10
0.10
0.10
0.10
0.10
0.10
0.11
0.11
0.11
0.11
0.11
0.11
0.11
0.11
0.11
0.10
0.10
0.10
0.10
0.10
0.10
0.10
0.10
0.11
0.11
0.11
0.11
0.11
0.11
0.11
0.10
0.10
0.10
0.10
0.10
0.10
0.10
0.10
0.10
0.10
0.10
0.11
0.11
0.11
0.11
0.11
0.11
0.11
0.11
0.11
0.11
0.11
0.11
0.11
0.11
0.11
0.11
0.11
0.11
0.11
0.11
0.11
0.11
0.11
0.11
0.11
0.11
0.11
0.11
0.11
0.11
0.11
0.11
0.11
0.10
0.10
0.10
0.10
0.10
0.10
0.10
0.10
0.10
0.10
0.10
0.10
0.10
0.10
0.10
0.10
0.10
0.10
0.10
0.10
0.10
0.10
0.10
0.10
