71.88
75.00
78.12
78.91
78.75
77.60
77.90
78.12
78.82
77.50
78.27
77.99
78.61
78.57
79.17
79.30
79.69
79.08
78.78
78.67
78.65
78.69
78.74
78.71
78.12
78.55
78.70
78.91
79.15
79.32
79.18
79.35
79.50
79.50
79.51
79.47
79.60
79.61
79.41
79.10
79.08
78.87
78.89
79.08
79.13
79.21
79.26
79.49
79.62
79.72
79.81
79.84
79.86
79.92
80.06
80.02
80.18
80.12
80.11
79.97
79.97
79.94
80.01
80.03
80.00
80.18
80.22
80.06
80.14
80.07
80.19
80.19
80.03
80.03
80.00
80.08
79.91
79.99
80.06
80.20
80.21
80.24
80.29
80.25
80.26
80.27
80.21
80.27
80.20
80.16
80.15
80.06
80.02
80.09
80.07
80.03
79.99
80.02
80.07
80.08
80.15
80.07
80.08
80.02
80.00
80.00
79.92
79.90
79.96
80.00
79.98
79.95
79.98
79.98
80.00
79.98
80.02
80.07
80.06
80.03
80.01
79.94
79.92
79.90
79.93
79.86
79.86
79.86
79.87
79.87
79.89
79.89
79.89
79.87
79.86
79.84
79.82
79.81
79.83
79.82
79.80
79.74
79.79
79.73
79.75
79.72
79.69
79.68
79.66
79.65
79.64
79.63
79.65
79.65
79.67
79.72
79.73
79.71
79.75
79.71
79.71
79.69
79.68
79.69
79.72
79.75
79.75
79.75
79.77
79.80
79.83
79.83
79.83
79.88
79.82
79.85
79.83
79.86
79.84
79.87
79.86
79.87
79.78
79.81
79.80
79.80
79.79
79.80
79.78
79.77
79.76
79.74
79.71
79.70
79.66
79.68
79.69
79.70
79.73
79.77
79.74
79.79
79.82
79.83
79.83
79.79
79.77
79.76
79.75
79.77
79.80
79.78
79.75
79.74
79.72
79.72
79.73
79.71
79.75
79.78
79.78
79.76
79.75
79.74
79.76
79.78
79.79
79.79
79.82
79.83
79.82
79.82
79.81
79.77
79.79
79.80
79.79
79.83
79.80
79.78
79.82
79.84
79.87
79.90
79.88
79.86
79.86
79.85
79.90
79.88
79.89
79.87
79.89
79.91
79.91
79.91
79.92
79.95
79.96
80.00
79.99
79.93
79.94
79.97
79.98
79.96
79.99
79.94
79.94
79.97
79.98
80.01
79.97
79.98
79.99
79.99
79.98
79.96
79.95
79.92
79.97
79.98
79.99
79.95
79.93
79.93
79.92
79.90
79.88
79.89
79.90
79.90
79.89
79.88
79.86
79.87
79.89
79.86
79.89
79.88
79.87
79.88
79.88
79.87
79.85
79.86
79.86
79.85
79.85
79.86
79.85
79.87
79.87
79.87
79.91
79.92
79.92
79.93
79.93
79.92
79.91
79.91
79.90
79.89
79.90
79.90
79.90
79.91
79.89
79.88
79.90
79.88
79.90
79.90
79.91
79.92
79.91
79.92
79.91
79.90
79.91
79.91
79.90
79.90
79.90
79.88
79.87
79.86
79.88
79.88
79.87
79.87
79.90
79.91
79.90
79.94
79.92
79.94
79.94
79.93
79.93
79.94
79.95
79.94
79.94
79.94
79.94
79.93
79.91
79.90
79.91
79.92
79.92
79.95
79.95
79.96
79.97
79.95
79.94
79.93
79.93
79.92
79.93
79.92
79.94
79.95
79.96
79.95
79.95
79.95
79.96
79.94
79.92
79.93
79.92
79.92
79.90
79.88
79.89
79.91
79.92
79.93
79.95
79.95
79.97
79.97
79.97
79.97
79.98
79.96
79.94
79.95
79.94
79.95
79.96
79.96
79.94
79.96
79.96
79.96
79.94
79.96
79.97
79.96
79.95
79.98
79.99
80.00
80.00
79.99
79.99
80.00
79.98
79.97
79.95
79.95
79.95
79.95
79.94
79.92
79.93
79.92
79.91
79.90
79.90
79.89
79.91
79.91
79.90
79.90
79.91
79.90
79.90
79.90
79.90
79.90
79.89
79.90
79.89
79.89
79.90
79.91
79.91
79.93
79.93
79.93
79.94
79.92
79.92
79.92
79.92
79.92
79.92
79.92
79.91
79.90
79.90
79.89
79.90
79.92
79.89
79.88
79.88
79.88
79.89
79.89
79.89
79.90
79.89
79.89
79.89
79.89
79.88
79.88
79.89
79.89
79.87
79.87
79.88
79.89
79.89
79.89
79.87
79.90
79.90
79.88
79.89
79.89
79.90
79.91
79.90
79.90
79.92
79.90
79.89
79.89
79.87
79.86
79.87
79.86
79.87
79.87
79.86
79.87
79.87
79.89
79.88
79.87
79.87
79.85
79.86
79.86
79.85
79.85
79.85
79.84
79.84
79.84
79.84
79.86
79.85
79.85
79.86
79.86
79.86
79.86
79.88
79.88
79.88
79.89
79.89
79.90
79.90
79.91
79.92
79.92
79.91
79.91
79.92
79.92
79.93
79.93
79.93
79.93
79.93
79.92
79.92
79.92
79.92
79.91
79.90
79.90
79.90
79.89
79.88
79.87
79.86
79.85
79.83
79.84
79.83
79.83
79.83
79.83
79.82
79.83
79.83
79.82
79.81
79.81
79.82
79.81
79.80
79.80
79.78
79.79
79.80
79.79
79.80
79.80
79.80
79.82
79.82
79.83
79.82
79.82
79.82
79.82
79.83
79.81
79.82
79.82
79.82
79.81
79.82
79.82
79.81
79.82
79.84
79.84
79.85
79.84
79.83
79.84
79.82
79.83
79.83
79.84
79.83
79.83
79.84
79.85
79.85
79.86
79.86
79.86
79.87
79.88
79.88
79.88
79.88
79.89
79.90
79.90
79.89
79.88
79.88
79.87
79.88
79.89
79.87
79.86
79.86
79.85
79.85
79.86
79.86
79.86
79.85
79.86
79.87
79.88
79.87
79.86
79.86
79.87
79.87
79.88
79.87
79.86
79.85
79.85
79.85
79.85
79.86
79.86
79.86
79.86
79.85
79.86
79.85
79.86
79.87
79.86
79.87
79.86
79.86
79.87
79.88
79.88
79.88
79.88
79.89
79.89
79.87
79.88
79.88
79.88
79.87
79.87
79.88
79.87
79.87
79.87
79.88
79.87
79.88
79.88
79.89
79.88
79.88
79.88
79.88
79.89
79.88
79.86
79.86
79.86
79.86
79.86
79.87
79.84
79.84
79.85
79.85
79.86
79.87
79.87
79.88
79.89
79.90
79.90
79.89
79.89
79.90
79.90
79.90
79.90
79.89
79.89
79.89
79.87
79.87
79.88
79.88
79.89
79.90
79.90
79.90
79.89
79.89
79.89
79.89
79.90
79.90
79.90
79.90
79.91
79.92
79.92
79.93
79.94
79.93
79.93
79.95
79.95
79.95
79.93
79.94
79.94
79.93
79.93
79.93
79.93
79.93
79.93
79.94
79.94
79.93
79.93
79.93
79.86
