82.81
83.59
82.81
83.20
83.75
83.59
83.93
83.79
82.81
82.97
82.24
81.90
82.09
82.03
82.08
82.32
82.54
82.73
82.40
82.50
82.51
82.46
82.54
82.36
82.50
82.45
82.64
82.76
82.81
82.97
83.11
82.86
82.72
82.58
82.46
82.60
82.64
82.69
82.57
82.46
82.28
82.22
82.19
82.14
82.12
82.20
82.35
82.42
82.40
82.34
82.29
82.45
82.46
82.55
82.44
82.53
82.59
82.68
82.65
82.73
82.81
82.86
82.96
82.93
83.00
83.00
82.91
82.88
82.84
82.75
82.72
82.60
82.64
82.56
82.50
82.50
82.55
82.59
82.61
82.58
82.62
82.70
82.61
82.55
82.35
82.32
82.22
82.32
82.30
82.34
82.30
82.29
82.33
82.40
82.38
82.32
82.36
82.37
82.31
82.33
82.33
82.25
82.22
82.21
82.14
82.16
82.21
82.29
82.35
82.32
82.31
82.37
82.36
82.33
82.30
82.29
82.32
82.34
82.30
82.28
82.24
82.21
82.20
82.18
82.22
82.24
82.19
82.17
82.16
82.18
82.22
82.23
82.21
82.23
82.26
82.28
82.30
82.27
82.21
82.21
82.26
82.27
82.24
82.24
82.21
82.26
82.26
82.28
82.33
82.33
82.36
82.35
82.38
82.39
82.43
82.39
82.42
82.44
82.44
82.43
82.39
82.38
82.36
82.36
82.36
82.35
82.36
82.33
82.28
82.31
82.31
82.27
82.23
82.17
82.18
82.20
82.21
82.18
82.20
82.16
82.12
82.14
82.16
82.18
82.20
82.21
82.24
82.29
82.29
82.29
82.30
82.28
82.27
82.25
82.24
82.28
82.27
82.20
82.22
82.23
82.22
82.21
82.19
82.19
82.16
82.15
82.10
82.12
82.15
82.17
82.14
82.13
82.13
82.15
82.11
82.13
82.14
82.13
82.13
82.14
82.11
82.14
82.11
82.11
82.12
82.12
82.11
82.11
82.11
82.09
82.08
82.07
82.09
82.12
82.13
82.10
82.12
82.12
82.14
82.10
82.11
82.10
82.09
82.07
82.05
82.06
82.05
82.03
82.02
82.03
82.03
81.99
81.97
81.98
82.00
82.00
82.03
82.06
82.02
82.02
82.00
82.00
81.99
81.96
81.96
81.93
81.95
81.96
81.95
81.97
81.97
81.96
81.94
81.93
81.94
81.96
81.96
81.96
81.96
81.95
81.95
81.96
81.93
81.92
81.92
81.94
81.95
81.99
81.98
81.98
82.01
82.00
82.02
82.03
82.04
82.05
82.03
82.01
82.00
81.99
81.96
81.98
81.98
81.98
81.97
81.99
81.99
82.00
81.99
82.00
81.99
81.98
81.98
81.96
81.98
81.97
81.98
81.96
81.95
81.96
81.98
81.99
82.02
82.02
82.02
82.03
82.03
82.06
82.06
82.07
82.05
82.04
82.04
82.04
82.05
82.04
82.05
82.06
82.06
82.05
82.04
82.04
82.03
82.04
82.06
82.05
82.06
82.06
82.06
82.04
82.03
82.04
82.05
82.06
82.07
82.09
82.09
82.08
82.09
82.08
82.06
82.08
82.09
82.09
82.07
82.08
82.09
82.10
82.11
82.12
82.11
82.11
82.13
82.12
82.11
82.10
82.10
82.10
82.10
82.11
82.12
82.10
82.10
82.08
82.09
82.07
82.07
82.08
82.08
82.06
82.06
82.04
82.05
82.04
82.06
82.06
82.07
82.07
82.08
82.07
82.06
82.07
82.09
82.08
82.08
82.08
82.07
82.07
82.08
82.08
82.07
82.06
82.06
82.08
82.08
82.09
82.09
82.07
82.09
82.07
82.08
82.08
82.10
82.10
82.11
82.10
82.11
82.09
82.11
82.12
82.13
82.13
82.12
82.12
82.12
82.12
82.13
82.13
82.13
82.13
82.15
82.14
82.14
82.15
82.15
82.14
82.13
82.13
82.13
82.14
82.12
82.13
82.13
82.13
82.13
82.11
82.11
82.11
82.12
82.13
82.11
82.10
82.10
82.11
82.13
82.10
82.11
82.12
82.14
82.13
82.13
82.12
82.13
82.13
82.13
82.14
82.12
82.12
82.10
82.09
82.08
82.09
82.08
82.09
82.11
82.11
82.10
82.10
82.12
82.10
82.11
82.11
82.10
82.08
82.09
82.09
82.11
82.09
82.10
82.11
82.11
82.11
82.10
82.11
82.13
82.13
82.13
82.13
82.14
82.14
82.15
82.16
82.15
82.15
82.14
82.13
82.14
82.14
82.14
82.14
82.14
82.15
82.16
82.17
82.18
82.19
82.19
82.21
82.20
82.19
82.19
82.19
82.19
82.20
82.21
82.20
82.19
82.17
82.16
82.16
82.18
82.19
82.18
82.17
82.19
82.19
82.18
82.18
82.18
82.18
82.16
82.16
82.17
82.18
82.16
82.16
82.15
82.14
82.14
82.12
82.12
82.12
82.11
82.11
82.11
82.10
82.10
82.11
82.10
82.09
82.09
82.09
82.08
82.07
82.06
82.04
82.05
82.05
82.04
82.03
82.03
82.04
82.04
82.05
82.04
82.03
82.03
82.03
82.03
82.04
82.03
82.02
82.02
82.01
82.02
82.02
82.00
82.01
82.01
82.02
82.02
82.03
82.03
82.03
82.04
82.04
82.04
82.03
82.04
82.03
82.03
82.03
82.04
82.04
82.03
82.04
82.05
82.06
82.05
82.06
82.05
82.05
82.06
82.06
82.07
82.07
82.08
82.07
82.08
82.09
82.10
82.10
82.09
82.09
82.08
82.08
82.08
82.07
82.05
82.06
82.05
82.05
82.06
82.07
82.08
82.08
82.08
82.07
82.06
82.06
82.05
82.05
82.06
82.06
82.05
82.05
82.06
82.06
82.07
82.07
82.07
82.07
82.08
82.08
82.08
82.08
82.08
82.09
82.09
82.08
82.07
82.06
82.06
82.07
82.06
82.06
82.05
82.05
82.03
82.03
82.01
82.00
82.01
81.99
82.00
81.99
82.00
81.99
81.99
81.98
81.97
81.96
81.97
81.97
81.97
81.96
81.96
81.95
81.95
81.95
81.95
81.95
81.93
81.93
81.94
81.94
81.94
81.93
81.93
81.91
81.91
81.91
81.92
81.91
81.90
81.90
81.91
81.90
81.89
81.89
81.90
81.90
81.92
81.93
81.92
81.93
81.94
81.94
81.93
81.94
81.94
81.96
81.96
81.95
81.95
81.94
81.93
81.94
81.92
81.93
81.94
81.93
81.93
81.94
81.94
81.94
81.94
81.94
81.94
81.93
81.93
81.94
81.94
81.94
81.94
81.95
81.95
81.94
81.93
81.93
81.93
81.93
81.93
81.92
81.92
81.92
81.93
81.93
81.92
81.92
81.92
81.92
81.93
81.92
81.92
81.91
81.91
81.91
81.90
81.91
81.91
81.83
