84.38
77.34
78.65
78.12
78.12
79.95
78.79
79.88
80.90
80.31
80.11
80.34
79.81
79.69
80.10
80.57
80.42
80.21
80.35
80.62
80.73
80.54
80.64
80.66
80.62
80.35
80.03
80.19
80.17
80.42
80.54
80.42
80.35
80.70
80.58
80.47
80.45
80.35
80.05
79.80
79.76
80.02
80.23
79.97
79.93
79.86
79.95
80.05
79.94
79.97
79.87
79.90
79.86
79.72
79.63
79.74
79.82
79.82
79.71
79.77
79.92
79.99
80.06
80.08
80.05
80.09
80.06
80.03
79.89
79.96
79.78
79.80
79.64
79.67
79.63
79.69
79.81
79.81
79.89
79.80
79.78
79.80
79.84
79.89
80.02
80.03
79.97
80.02
80.04
80.12
80.05
80.04
80.02
80.00
79.95
80.00
79.96
79.97
79.91
79.81
79.83
79.84
79.85
79.82
79.76
79.73
79.73
79.75
79.70
79.64
79.56
79.49
79.58
79.59
79.51
79.55
79.57
79.59
79.61
79.61
79.60
79.65
79.66
79.74
79.70
79.76
79.70
79.69
79.71
79.66
79.66
79.66
79.62
79.58
79.59
79.61
79.62
79.61
79.62
79.61
79.53
79.54
79.59
79.54
79.43
79.48
79.46
79.41
79.48
79.50
79.50
79.42
79.38
79.42
79.44
79.41
79.43
79.43
79.41
79.46
79.45
79.49
79.49
79.49
79.48
79.44
79.45
79.44
79.47
79.47
79.45
79.44
79.43
79.42
79.42
79.42
79.42
79.42
79.41
79.44
79.43
79.47
79.47
79.46
79.48
79.51
79.50
79.52
79.53
79.53
79.49
79.50
79.50
79.51
79.50
79.46
79.46
79.47
79.52
79.56
79.52
79.53
79.51
79.56
79.56
79.56
79.52
79.50
79.51
79.46
79.43
79.45
79.45
79.44
79.47
79.44
79.46
79.49
79.49
79.54
79.55
79.58
79.60
79.58
79.60
79.62
79.58
79.58
79.59
79.59
79.61
79.60
79.58
79.57
79.49
79.42
79.40
79.37
79.37
79.34
79.33
79.29
79.27
79.28
79.29
79.30
79.34
79.32
79.33
79.33
79.35
79.36
79.33
79.33
79.32
79.30
79.32
79.31
79.31
79.28
79.34
79.29
79.31
79.31
79.34
79.36
79.34
79.35
79.34
79.35
79.36
79.35
79.35
79.37
79.37
79.36
79.33
79.32
79.31
79.31
79.34
79.32
79.34
79.35
79.36
79.36
79.40
79.41
79.42
79.41
79.41
79.41
79.42
79.44
79.43
79.42
79.41
79.45
79.43
79.44
79.43
79.42
79.45
79.45
79.46
79.48
79.48
79.49
79.48
79.48
79.47
79.46
79.46
79.44
79.45
79.46
79.43
79.44
79.42
79.43
79.42
79.42
79.43
79.42
79.41
79.41
79.41
79.41
79.37
79.33
79.32
79.33
79.32
79.32
79.31
79.32
79.34
79.35
79.33
79.33
79.33
79.35
79.35
79.34
79.36
79.37
79.36
79.37
79.37
79.38
79.38
79.37
79.37
79.37
79.38
79.34
79.32
79.34
79.37
79.38
79.37
79.37
79.38
79.37
79.38
79.37
79.39
79.36
79.36
79.35
79.36
79.37
79.36
79.37
79.36
79.36
79.31
79.34
79.32
79.30
79.29
79.29
79.30
79.28
79.28
79.32
79.33
79.34
79.35
79.34
79.35
79.36
79.35
79.36
79.35
79.32
79.31
79.29
79.28
79.27
79.27
79.28
79.26
79.26
79.27
79.28
79.27
79.28
79.30
79.30
79.32
79.30
79.32
79.31
79.32
79.31
79.29
79.29
79.30
79.29
79.30
79.31
79.30
79.29
79.29
79.28
79.27
79.26
79.28
79.27
79.28
79.30
79.31
79.30
79.31
79.32
79.34
79.35
79.36
79.38
79.39
79.37
79.38
79.40
79.41
79.41
79.40
79.39
79.38
79.38
79.37
79.37
79.35
79.36
79.37
79.37
79.36
79.35
79.35
79.33
79.33
79.33
79.33
79.31
79.30
79.30
79.31
79.31
79.29
79.29
79.29
79.30
79.30
79.31
79.29
79.29
79.30
79.31
79.29
79.28
79.28
79.30
79.30
79.31
79.32
79.32
79.33
79.33
79.34
79.34
79.35
79.34
79.33
79.33
79.32
79.31
79.32
79.32
79.32
79.29
79.29
79.28
79.27
79.27
79.28
79.30
79.30
79.30
79.30
79.31
79.31
79.31
79.30
79.32
79.33
79.32
79.33
79.33
79.33
79.33
79.35
79.33
79.33
79.34
79.34
79.33
79.34
79.34
79.33
79.32
79.33
79.32
79.34
79.36
79.37
79.37
79.37
79.39
79.40
79.39
79.38
79.39
79.38
79.38
79.39
79.39
79.38
79.39
79.38
79.38
79.37
79.38
79.38
79.39
79.39
79.39
79.39
79.38
79.40
79.40
79.38
79.38
79.39
79.39
79.38
79.38
79.38
79.38
79.36
79.36
79.36
79.34
79.32
79.31
79.31
79.31
79.32
79.32
79.33
79.33
79.33
79.34
79.34
79.35
79.34
79.32
79.32
79.30
79.32
79.32
79.31
79.30
79.30
79.30
79.29
79.29
79.28
79.27
79.26
79.27
79.27
79.27
79.25
79.25
79.25
79.25
79.24
79.23
79.23
79.24
79.23
79.25
79.23
79.24
79.25
79.26
79.26
79.25
79.25
79.24
79.26
79.26
79.28
79.28
79.27
79.25
79.26
79.26
79.26
79.26
79.26
79.26
79.26
79.26
79.27
79.28
79.26
79.27
79.27
79.27
79.27
79.28
79.29
79.28
79.27
79.28
79.28
79.28
79.28
79.30
79.29
79.30
79.31
79.30
79.29
79.28
79.30
79.31
79.30
79.30
79.30
79.30
79.32
79.30
79.31
79.32
79.32
79.32
79.33
79.34
79.34
79.36
79.36
79.36
79.36
79.36
79.35
79.35
79.33
79.32
79.33
79.33
79.34
79.34
79.33
79.33
79.33
79.34
79.34
79.35
79.35
79.35
79.35
79.36
79.36
79.36
79.36
79.37
79.37
79.37
79.37
79.38
79.36
79.35
79.36
79.36
79.35
79.35
79.35
79.35
79.36
79.36
79.35
79.35
79.34
79.33
79.33
79.33
79.34
79.34
79.36
79.36
79.35
79.35
79.36
79.36
79.36
79.35
79.35
79.35
79.36
79.37
79.37
79.35
79.35
79.35
79.33
79.33
79.32
79.33
79.33
79.33
79.33
79.33
79.34
79.34
79.35
79.35
79.36
79.36
79.37
79.37
79.36
79.37
79.36
79.37
79.37
79.37
79.38
79.38
79.38
79.37
79.36
79.36
79.35
79.35
79.35
79.35
79.35
79.35
79.36
79.36
79.35
79.36
79.35
79.35
79.37
79.37
79.37
79.37
79.36
79.28
