84.38
82.03
82.29
82.42
83.12
82.81
81.70
82.42
82.29
81.72
82.24
81.38
80.53
80.58
81.04
81.35
81.62
81.86
81.58
81.41
81.18
81.32
81.52
81.51
81.81
81.85
81.83
82.09
81.95
81.93
81.96
81.88
81.82
81.89
82.10
81.94
82.14
82.03
82.17
82.23
82.32
82.48
82.41
82.56
82.50
82.37
82.51
82.39
82.46
82.38
82.23
82.33
82.52
82.44
82.41
82.59
82.59
82.54
82.57
82.50
82.48
82.46
82.47
82.62
82.60
82.60
82.60
82.63
82.61
82.54
82.55
82.53
82.49
82.47
82.50
82.55
82.57
82.59
82.58
82.62
82.64
82.66
82.59
82.63
82.57
82.52
82.54
82.48
82.48
82.45
82.40
82.39
82.22
82.10
82.20
82.21
82.26
82.29
82.31
82.23
82.26
82.22
82.16
82.17
82.10
82.12
82.16
82.22
82.22
82.27
82.36
82.23
82.23
82.25
82.32
82.34
82.26
82.20
82.27
82.24
82.30
82.29
82.29
82.31
82.31
82.29
82.37
82.36
82.39
82.37
82.41
82.43
82.46
82.43
82.48
82.58
82.50
82.53
82.52
82.49
82.51
82.52
82.57
82.61
82.62
82.60
82.55
82.53
82.50
82.49
82.43
82.39
82.41
82.46
82.43
82.35
82.25
82.21
82.15
82.16
82.18
82.15
82.18
82.16
82.18
82.19
82.19
82.20
82.16
82.14
82.13
82.10
82.09
82.12
82.11
82.08
82.08
82.11
82.11
82.11
82.09
82.02
82.05
82.05
82.03
82.00
81.95
81.95
81.98
81.96
81.96
81.97
81.95
81.96
81.96
81.96
81.94
81.96
81.97
81.98
81.98
81.97
81.97
81.99
82.00
82.01
82.02
82.03
82.05
82.07
82.06
82.07
82.07
82.04
82.05
82.09
82.10
82.10
82.08
82.07
82.03
82.06
82.06
82.08
82.10
82.07
82.06
82.07
82.05
82.07
82.05
82.04
82.03
82.00
81.97
81.97
81.96
81.95
81.95
81.95
81.96
81.98
81.96
81.95
81.96
81.99
81.96
81.97
81.99
82.01
81.97
82.01
82.01
82.01
82.00
82.02
82.02
82.03
82.03
82.03
82.04
82.01
81.99
82.01
82.00
82.01
81.99
81.98
82.00
81.97
81.94
81.93
81.94
81.96
81.99
81.99
81.97
81.95
81.97
82.01
82.00
81.98
81.95
81.97
81.99
82.00
81.99
82.01
82.04
82.04
82.05
82.07
82.09
82.07
82.06
82.09
82.10
82.10
82.10
82.12
82.14
82.15
82.14
82.13
82.16
82.16
82.13
82.13
82.13
82.11
82.10
82.12
82.14
82.13
82.14
82.13
82.14
82.15
82.12
82.14
82.14
82.13
82.14
82.14
82.12
82.14
82.13
82.11
82.11
82.11
82.10
82.10
82.11
82.09
82.09
82.08
82.08
82.07
82.08
82.10
82.08
82.06
82.03
82.03
82.04
82.05
82.02
82.02
82.01
82.00
82.02
82.02
82.02
82.02
82.05
82.04
82.05
82.04
82.04
82.05
82.07
82.08
82.09
82.08
82.08
82.08
82.08
82.08
82.07
82.06
82.07
82.04
82.07
82.06
82.04
82.05
82.03
82.04
82.05
82.04
82.03
82.02
82.01
82.01
82.00
82.00
82.00
81.99
81.98
81.98
81.99
81.98
81.99
81.96
81.93
81.93
81.94
81.94
81.94
81.96
81.97
81.98
81.98
81.97
81.94
81.95
81.95
81.94
81.95
81.94
81.92
81.94
81.94
81.95
81.95
81.95
81.95
81.95
81.93
81.93
81.93
81.95
81.94
81.93
81.92
81.90
81.89
81.89
81.89
81.89
81.89
81.90
81.90
81.90
81.90
81.90
81.92
81.95
81.97
81.96
81.94
81.93
81.93
81.93
81.93
81.94
81.95
81.94
81.95
81.96
81.98
82.00
82.01
82.01
82.02
82.00
82.00
82.00
82.01
82.01
82.01
82.01
82.01
82.00
82.00
81.99
82.02
82.01
82.01
82.02
82.03
82.03
82.03
82.03
82.06
82.05
82.05
82.04
82.04
82.04
82.05
82.05
82.04
82.02
82.02
82.03
82.03
82.04
82.03
82.02
82.03
82.02
82.02
82.00
82.00
82.01
82.00
82.00
82.01
82.00
82.00
81.99
81.97
81.97
81.96
81.95
81.96
81.96
81.96
81.96
81.97
81.97
81.97
81.98
81.96
81.96
81.95
81.93
81.92
81.92
81.93
81.94
81.95
81.94
81.96
81.96
81.96
81.95
81.96
81.96
81.97
81.96
81.97
81.97
81.94
81.94
81.95
81.95
81.96
81.96
81.96
81.96
81.97
81.97
81.96
81.95
81.93
81.93
81.93
81.94
81.95
81.94
81.93
81.94
81.95
81.96
81.96
81.96
81.95
81.96
81.96
81.94
81.94
81.95
81.96
81.98
81.98
81.98
81.97
81.96
81.94
81.95
81.95
81.95
81.96
81.95
81.95
81.95
81.94
81.94
81.94
81.93
81.94
81.95
81.94
81.95
81.95
81.96
81.95
81.95
81.95
81.95
81.95
81.94
81.94
81.95
81.94
81.95
81.95
81.94
81.95
81.96
81.96
81.93
81.92
81.92
81.92
81.92
81.92
81.93
81.94
81.95
81.94
81.94
81.95
81.95
81.95
81.94
81.94
81.94
81.94
81.93
81.93
81.93
81.93
81.92
81.92
81.92
81.93
81.94
81.94
81.93
81.93
81.93
81.94
81.94
81.93
81.94
81.93
81.93
81.93
81.93
81.94
81.94
81.94
81.94
81.93
81.93
81.93
81.93
81.94
81.93
81.94
81.95
81.95
81.95
81.95
81.95
81.95
81.96
81.96
81.95
81.94
81.94
81.96
81.96
81.96
81.96
81.94
81.94
81.92
81.91
81.91
81.90
81.90
81.91
81.91
81.90
81.89
81.90
81.90
81.90
81.90
81.90
81.88
81.87
81.86
81.86
81.86
81.85
81.86
81.86
81.85
81.85
81.86
81.87
81.87
81.86
81.85
81.84
81.85
81.85
81.85
81.85
81.84
81.85
81.84
81.84
81.85
81.86
81.87
81.87
81.87
81.87
81.87
81.87
81.88
81.88
81.88
81.88
81.88
81.88
81.87
81.87
81.87
81.88
81.89
81.90
81.89
81.90
81.89
81.88
81.89
81.88
81.88
81.88
81.88
81.89
81.87
81.86
81.86
81.87
81.87
81.85
81.85
81.85
81.85
81.85
81.85
81.84
81.85
81.84
81.84
81.84
81.84
81.84
81.84
81.86
81.87
81.86
81.86
81.86
81.85
81.85
81.85
81.86
81.88
81.87
81.87
81.87
81.86
81.87
81.85
81.85
81.85
81.85
81.85
81.85
81.86
81.86
81.85
81.77
