85.94
86.72
84.90
87.11
86.25
85.68
85.94
84.96
84.38
84.69
84.80
84.77
84.86
84.93
84.69
84.08
83.92
83.51
83.14
82.97
83.18
83.52
83.49
83.14
82.88
82.81
82.81
82.76
82.87
82.92
82.76
82.67
82.39
82.40
82.19
82.34
82.22
82.40
82.45
82.30
82.43
82.40
82.05
82.10
82.19
82.17
82.01
81.84
81.76
81.75
81.59
81.70
81.69
81.77
81.85
81.72
81.74
81.65
81.65
81.51
81.58
81.60
81.72
81.69
81.75
81.63
81.74
81.64
81.75
81.81
81.91
81.84
81.85
81.88
81.90
81.99
81.92
81.97
81.84
81.91
81.94
82.01
81.93
81.94
82.00
81.89
81.93
81.89
81.88
81.94
81.99
82.03
82.12
82.08
82.02
81.98
82.02
81.90
81.96
81.98
81.93
81.94
81.99
81.93
81.93
81.96
81.97
81.96
81.97
82.00
82.02
82.00
82.07
82.06
82.05
81.99
81.98
81.93
81.96
81.94
81.99
81.98
82.01
81.97
81.90
81.92
81.93
81.93
81.96
81.90
81.88
81.88
81.87
81.89
81.83
81.86
81.85
81.77
81.78
81.75
81.79
81.81
81.82
81.81
81.81
81.75
81.76
81.80
81.83
81.89
81.92
81.93
81.96
81.95
81.97
82.01
81.96
81.95
81.92
81.92
81.94
81.93
81.93
81.93
81.95
81.96
81.92
81.95
81.87
81.89
81.94
81.89
81.87
81.83
81.84
81.85
81.84
81.89
81.92
81.93
81.91
81.87
81.88
81.90
81.92
81.93
81.90
81.88
81.89
81.90
81.92
81.91
81.95
81.96
81.95
81.94
81.96
81.96
81.99
81.95
81.97
81.97
82.00
82.03
82.02
82.05
82.07
82.05
82.01
82.02
81.99
82.00
81.97
81.96
81.96
81.92
81.92
81.88
81.89
81.90
81.92
81.93
81.91
81.91
81.92
81.94
81.95
81.92
81.91
81.89
81.87
81.90
81.92
81.92
81.95
81.95
81.94
81.93
81.95
81.95
81.96
81.97
81.98
81.99
82.01
82.01
82.00
82.01
81.99
82.00
81.98
82.01
82.02
82.04
82.03
82.03
82.01
82.03
82.06
82.07
82.08
82.07
82.06
82.04
82.03
82.01
82.00
81.98
81.98
81.98
81.98
81.99
81.99
82.00
81.99
82.00
81.98
81.96
81.96
81.95
81.95
81.97
81.96
81.99
82.02
82.01
82.01
82.01
81.99
82.00
81.98
82.01
82.01
82.03
82.02
81.98
81.97
81.98
81.97
81.96
81.95
81.94
81.95
81.96
81.96
81.97
81.99
81.99
81.98
82.00
82.00
82.03
82.06
82.07
82.02
82.02
82.02
82.04
82.05
82.06
82.08
82.07
82.07
82.08
82.05
82.06
82.09
82.09
82.10
82.05
82.06
82.06
82.02
82.02
82.03
81.99
81.99
81.98
81.97
81.98
81.99
82.00
82.01
82.02
82.02
82.01
81.99
81.98
81.98
81.97
81.99
81.99
81.99
81.99
82.00
82.00
81.98
82.00
82.01
82.01
82.00
82.01
82.02
82.02
82.02
82.03
82.01
82.01
82.01
82.02
82.02
82.04
82.04
82.02
82.01
81.99
81.98
81.98
81.97
81.98
81.99
81.97
81.95
81.95
81.95
81.95
81.96
81.97
81.96
81.96
81.99
82.00
81.99
81.98
81.98
82.00
82.01
81.99
81.99
82.01
82.02
82.01
82.00
82.02
82.01
82.01
82.02
82.02
82.04
82.04
82.04
82.04
82.05
82.05
82.06
82.07
82.07
82.07
82.08
82.08
82.09
82.09
82.10
82.09
82.09
82.10
82.10
82.09
82.11
82.11
82.12
82.10
82.11
82.11
82.11
82.11
82.12
82.12
82.11
82.10
82.08
82.07
82.08
82.09
82.08
82.09
82.10
82.08
82.09
82.09
82.05
82.06
82.07
82.06
82.05
82.03
82.05
82.04
82.05
82.03
82.04
82.04
82.04
82.04
82.03
82.03
82.04
82.04
82.06
82.06
82.07
82.06
82.07
82.07
82.09
82.07
82.07
82.07
82.07
82.08
82.07
82.07
82.06
82.07
82.07
82.08
82.07
82.09
82.10
82.09
82.08
82.07
82.08
82.08
82.07
82.07
82.06
82.08
82.08
82.07
82.07
82.07
82.07
82.08
82.08
82.08
82.07
82.06
82.07
82.06
82.07
82.08
82.09
82.09
82.10
82.10
82.10
82.10
82.08
82.06
82.06
82.07
82.07
82.05
82.04
82.03
82.02
82.01
82.01
82.02
82.02
82.01
82.02
82.01
82.02
82.03
82.04
82.04
82.03
82.03
82.03
82.03
82.03
82.03
82.03
82.03
82.02
82.03
82.03
82.02
82.02
82.03
82.02
82.03
82.04
82.03
82.04
82.03
82.04
82.03
82.02
82.02
82.03
82.02
82.03
82.01
82.01
82.01
82.03
82.03
82.01
82.00
82.01
82.01
82.03
82.02
82.02
82.01
82.02
82.02
82.03
82.03
82.04
82.04
82.04
82.05
82.05
82.05
82.06
82.06
82.07
82.07
82.07
82.08
82.08
82.08
82.06
82.08
82.06
82.06
82.05
82.04
82.05
82.06
82.04
82.04
82.05
82.04
82.05
82.05
82.06
82.06
82.05
82.06
82.07
82.06
82.06
82.05
82.05
82.07
82.06
82.05
82.05
82.04
82.02
82.02
82.00
82.02
82.02
82.03
82.02
82.01
82.01
82.02
82.02
82.01
82.00
82.00
82.01
81.99
81.99
82.00
81.98
81.98
81.97
81.98
81.98
81.99
81.98
81.99
82.00
82.00
82.02
82.01
82.00
82.00
82.00
82.01
82.02
82.02
82.01
82.01
82.02
82.01
82.02
82.02
82.03
82.03
82.03
82.02
82.03
82.03
82.03
82.03
82.03
82.03
82.03
82.02
82.01
82.00
82.01
82.01
82.01
82.02
82.02
82.02
82.02
82.02
82.02
82.02
82.02
82.02
82.02
82.02
82.01
82.01
82.02
82.02
82.03
82.03
82.02
82.02
82.02
82.02
82.02
82.03
82.04
82.03
82.04
82.04
82.03
82.02
82.01
82.02
82.01
82.02
82.02
82.02
82.02
82.01
82.00
81.99
81.99
81.99
82.00
82.00
82.00
82.00
82.00
82.01
82.01
82.01
82.02
82.01
82.00
82.00
81.99
81.98
81.98
81.98
81.98
81.98
81.97
81.96
81.97
81.98
81.97
81.97
81.96
81.96
81.96
81.95
81.95
81.95
81.96
81.96
81.96
81.95
81.95
81.96
81.96
81.96
81.98
81.98
81.98
81.99
81.99
81.99
81.99
81.98
81.98
81.97
81.97
81.97
81.96
81.95
81.95
81.96
81.96
81.97
81.97
81.89
