76.56
82.03
78.12
75.78
76.56
76.56
76.56
77.54
78.47
78.28
78.27
78.12
77.64
77.12
77.08
77.05
76.65
76.39
76.07
76.25
76.41
76.35
76.49
76.30
76.25
76.20
76.16
76.28
76.35
76.20
76.11
76.17
76.14
76.01
75.85
75.91
75.89
75.78
75.92
76.02
76.03
76.00
76.05
76.17
76.22
76.22
76.36
76.30
76.12
76.16
76.41
76.41
76.27
76.36
76.19
76.23
76.26
76.27
76.32
76.38
76.54
76.51
76.51
76.64
76.63
76.75
76.61
76.61
76.74
76.58
76.61
76.58
76.58
76.63
76.67
76.67
76.70
76.82
76.84
76.84
76.81
76.79
76.81
76.84
76.95
77.00
76.90
76.95
76.95
77.03
77.01
76.94
77.00
76.99
76.96
76.97
76.87
76.85
76.86
76.87
76.84
76.90
76.91
76.91
76.96
76.98
76.93
76.95
76.99
76.92
76.91
76.83
76.88
76.88
76.92
76.89
76.91
76.89
76.96
76.94
76.94
76.99
77.01
77.04
77.05
77.12
77.12
77.19
77.20
77.24
77.27
77.23
77.23
77.31
77.27
77.19
77.16
77.15
77.17
77.14
77.15
77.12
77.12
77.15
77.19
77.19
77.15
77.24
77.23
77.28
77.28
77.26
77.29
77.26
77.26
77.22
77.23
77.22
77.22
77.23
77.25
77.24
77.19
77.22
77.24
77.30
77.27
77.33
77.32
77.34
77.31
77.33
77.37
77.33
77.34
77.33
77.29
77.26
77.30
77.29
77.28
77.33
77.35
77.36
77.40
77.38
77.37
77.39
77.41
77.42
77.39
77.43
77.42
77.38
77.33
77.35
77.43
77.42
77.43
77.41
77.36
77.41
77.43
77.48
77.50
77.48
77.50
77.51
77.50
77.50
77.51
77.51
77.47
77.45
77.46
77.47
77.49
77.54
77.54
77.56
77.57
77.58
77.56
77.55
77.58
77.59
77.63
77.60
77.57
77.57
77.58
77.61
77.60
77.57
77.60
77.63
77.64
77.63
77.63
77.60
77.61
77.60
77.62
77.62
77.65
77.60
77.57
77.54
77.55
77.55
77.58
77.57
77.58
77.58
77.61
77.60
77.61
77.59
77.59
77.54
77.54
77.55
77.52
77.53
77.52
77.54
77.55
77.58
77.61
77.60
77.62
77.63
77.60
77.61
77.59
77.58
77.61
77.60
77.62
77.62
77.60
77.58
77.60
77.61
77.62
77.62
77.60
77.59
77.60
77.60
77.61
77.62
77.58
77.56
77.54
77.54
77.51
77.48
77.46
77.47
77.47
77.48
77.49
77.49
77.53
77.52
77.52
77.52
77.53
77.55
77.55
77.58
77.58
77.57
77.56
77.53
77.54
77.56
77.54
77.53
77.54
77.54
77.51
77.51
77.52
77.50
77.51
77.51
77.51
77.48
77.43
77.46
77.46
77.45
77.46
77.47
77.46
77.46
77.45
77.42
77.42
77.40
77.41
77.39
77.36
77.36
77.38
77.41
77.37
77.37
77.38
77.37
77.37
77.35
77.35
77.35
77.35
77.31
77.32
77.34
77.33
77.34
77.34
77.36
77.35
77.37
77.34
77.33
77.29
77.28
77.26
77.28
77.29
77.27
77.28
77.26
77.28
77.27
77.28
77.28
77.26
77.27
77.28
77.28
77.27
77.26
77.25
77.24
77.25
77.24
77.25
77.22
77.23
77.23
77.21
77.23
77.24
77.23
77.24
77.25
77.24
77.26
77.27
77.27
77.27
77.29
77.30
77.27
77.27
77.27
77.28
77.29
77.24
77.23
77.23
77.24
77.26
77.25
77.25
77.25
77.26
77.26
77.26
77.26
77.26
77.27
77.25
77.27
77.29
77.29
77.30
77.28
77.28
77.26
77.27
77.28
77.27
77.31
77.30
77.30
77.31
77.29
77.30
77.29
77.29
77.28
77.30
77.31
77.33
77.34
77.35
