87.50
81.25
80.21
81.25
81.56
83.07
83.48
83.59
83.33
83.12
82.81
83.46
83.65
83.15
82.81
82.91
82.81
83.16
83.22
83.12
82.96
82.88
82.95
82.75
82.56
82.33
82.23
82.14
82.11
81.98
82.06
82.08
82.10
81.99
81.65
81.64
81.63
81.58
81.73
81.72
81.71
81.70
81.69
81.75
81.74
81.73
81.88
81.80
81.92
81.91
81.86
82.06
82.10
82.06
82.13
82.17
82.13
82.25
82.26
82.27
82.17
82.26
82.14
82.06
82.07
82.01
82.00
82.08
81.97
82.03
82.04
82.07
82.06
82.09
82.19
81.97
81.98
81.81
81.82
81.68
81.56
81.61
81.59
81.66
81.73
81.72
81.68
81.62
81.60
81.67
81.63
81.71
81.67
81.77
81.79
81.84
81.85
81.84
81.83
81.83
81.78
81.77
81.75
81.69
81.67
81.60
81.64
81.67
81.61
81.56
81.52
81.53
81.50
81.47
81.41
81.47
81.44
81.44
81.43
81.42
81.39
81.48
81.53
81.55
81.56
81.61
81.61
81.63
81.60
81.59
81.55
81.50
81.56
81.49
81.50
81.48
81.48
81.45
81.43
81.43
81.44
81.43
81.40
81.29
81.23
81.25
81.18
81.21
81.19
81.22
81.23
81.20
81.13
81.07
81.10
81.14
81.12
81.17
81.15
81.16
81.18
81.23
81.27
81.27
81.29
81.31
81.33
81.31
81.26
81.22
81.21
81.22
81.20
81.20
81.17
81.18
81.16
81.15
81.11
81.13
81.09
81.10
81.06
81.06
81.06
81.06
81.06
81.03
80.99
81.00
80.98
80.98
81.00
81.04
81.00
80.98
81.00
81.00
81.03
81.08
81.03
81.03
81.07
81.08
81.11
81.08
81.11
81.11
81.15
81.15
81.15
81.15
81.16
81.17
81.19
81.14
81.16
81.14
81.14
81.16
81.15
81.14
81.17
81.17
81.15
81.17
81.19
81.20
81.22
81.20
81.17
81.19
81.20
81.18
81.19
81.20
81.24
81.22
81.22
81.24
81.19
81.18
81.18
81.21
81.19
81.22
81.21
81.17
81.17
81.20
81.20
81.19
81.22
81.18
81.19
81.19
81.16
81.17
81.14
81.14
81.12
81.10
81.10
81.10
81.11
81.15
81.14
81.17
81.17
81.16
81.16
81.13
81.10
81.11
81.14
81.11
81.11
81.12
81.14
81.11
81.08
81.08
81.09
81.08
81.07
81.07
81.05
81.05
81.02
81.03
81.03
81.00
81.01
81.01
81.01
81.03
81.04
81.00
81.00
80.98
81.01
81.02
81.02
81.02
81.05
81.07
81.07
81.06
81.06
81.08
81.06
81.06
81.04
81.02
81.03
81.02
81.04
81.02
81.03
81.04
81.04
81.06
81.08
81.07
81.09
81.12
81.14
81.14
81.12
81.07
81.07
81.07
81.06
81.06
81.06
81.06
81.05
81.04
81.05
81.04
81.07
81.07
81.06
81.05
81.04
81.03
81.04
81.04
81.05
81.06
81.06
81.04
81.04
81.06
81.07
81.05
81.02
81.03
81.06
81.06
81.06
81.05
81.06
81.08
81.09
81.06
81.04
81.05
81.06
81.06
81.07
81.07
81.04
81.07
81.06
81.05
81.06
81.05
81.02
81.00
80.97
80.98
81.00
81.00
81.00
81.00
80.99
80.98
81.00
80.97
80.94
80.95
80.94
80.94
80.93
80.92
80.94
80.95
80.94
80.92
80.90
80.89
80.90
80.89
80.90
80.89
80.90
80.91
80.90
80.90
80.91
80.92
80.92
80.93
80.94
80.93
80.94
80.95
80.97
80.96
80.97
80.95
80.94
80.94
80.94
80.95
80.96
80.97
80.97
80.98
80.98
80.97
80.96
80.97
80.98
80.97
80.96
80.95
80.95
80.97
80.95
80.95
80.93
80.93
80.94
80.94
80.94
80.96
80.95
80.96
80.97
80.99
81.01
81.01
80.98
80.98
80.98
80.98
80.98
80.99
81.01
81.02
81.00
81.00
81.01
81.01
81.02
81.00
80.99
80.99
80.99
80.99
80.99
80.98
80.97
80.97
80.97
80.98
80.99
80.98
80.98
80.98
80.97
80.97
80.95
80.95
80.96
80.96
80.96
80.96
80.96
80.92
80.91
80.91
80.90
80.90
80.89
80.89
80.90
80.90
80.92
80.93
80.93
80.94
80.93
80.93
80.94
80.95
80.95
80.94
80.93
80.93
80.92
80.93
80.94
80.93
80.94
80.95
80.95
80.94
80.95
80.96
80.95
80.94
80.95
80.95
80.96
80.98
80.98
81.00
80.99
80.99
80.99
80.99
80.99
80.99
80.99
81.00
81.00
81.01
81.01
81.01
81.00
81.01
81.01
81.02
81.03
81.01
81.02
81.03
81.05
81.07
81.06
81.05
81.06
81.06
81.07
81.08
81.08
81.07
81.07
81.07
81.06
81.07
81.06
81.07
81.06
81.06
81.06
81.05
81.04
81.05
81.05
81.03
81.04
81.05
81.03
81.03
81.04
81.03
81.03
81.05
81.05
81.04
81.03
81.03
81.05
81.06
81.04
81.04
81.04
81.05
81.03
81.04
81.05
81.05
81.06
81.07
81.07
81.07
81.06
81.06
81.06
81.06
81.07
81.06
81.07
81.08
81.07
81.07
81.07
81.08
81.07
81.08
81.08
81.07
81.09
81.08
81.08
81.08
81.08
81.06
81.07
81.06
81.05
81.05
81.06
81.04
81.05
81.05
81.04
81.04
81.05
81.05
81.04
81.05
81.05
81.05
81.05
81.06
81.05
81.05
81.05
81.05
81.06
81.05
81.04
81.05
81.05
81.06
81.05
81.06
81.06
81.06
81.07
81.07
81.07
81.07
81.07
81.09
81.09
81.09
81.08
81.08
81.07
81.06
81.06
81.05
81.05
81.06
81.06
81.05
81.06
81.07
81.07
81.07
81.07
81.07
81.07
81.07
81.07
81.06
81.07
81.06
81.07
81.07
81.07
81.06
81.06
81.07
81.08
81.07
81.07
81.06
81.06
81.06
81.06
81.06
81.05
81.06
81.05
81.06
81.05
81.03
81.04
81.04
81.04
81.02
81.03
81.02
81.03
81.03
81.04
81.04
81.03
81.03
81.03
81.03
81.02
81.03
81.02
81.01
81.01
81.02
81.04
81.04
81.02
81.01
81.01
81.01
81.01
81.02
81.01
81.01
81.02
81.01
81.02
81.03
81.02
81.02
81.02
81.02
81.02
81.02
81.02
81.01
81.01
81.00
81.01
81.02
81.03
81.04
81.04
81.05
81.06
81.07
81.07
81.07
81.07
81.06
81.06
81.06
81.05
81.06
81.07
81.05
81.05
81.06
81.06
81.06
81.05
81.03
81.03
81.02
81.01
81.02
81.02
81.02
81.03
81.02
81.02
80.94
