85.94
82.03
83.33
83.98
85.31
85.42
85.49
85.16
85.07
84.38
84.38
84.24
84.86
84.71
84.79
84.77
84.74
84.64
84.29
84.30
83.63
83.59
83.36
83.53
83.44
82.93
82.81
82.70
82.60
82.14
81.80
81.93
81.91
81.89
81.96
81.86
81.84
81.83
81.77
81.80
81.82
81.81
81.69
81.78
81.94
81.83
81.78
81.84
81.82
81.81
81.86
81.82
81.96
82.06
82.02
82.00
82.10
82.14
82.04
82.08
81.92
81.88
81.75
81.62
81.63
81.51
81.44
81.50
81.61
81.58
81.62
81.60
81.68
81.74
81.69
81.66
81.64
81.71
81.76
81.84
81.91
81.90
81.89
81.96
81.95
81.99
81.90
81.84
81.90
81.94
81.82
81.83
81.84
81.88
81.96
81.93
81.93
82.03
81.90
81.89
81.93
81.94
81.92
81.93
81.92
81.93
81.97
82.00
82.04
82.06
82.07
82.03
82.01
81.99
82.02
82.02
81.97
81.97
81.92
81.89
81.86
81.86
81.80
81.78
81.74
81.70
81.77
81.74
81.70
81.75
81.70
81.66
81.71
81.73
81.76
81.77
81.66
81.61
81.59
81.54
81.55
81.53
81.56
81.51
81.52
81.55
81.51
81.45
81.37
81.41
81.43
81.39
81.39
81.41
81.42
81.39
81.40
81.42
81.41
81.42
81.40
81.41
81.40
81.43
81.48
81.53
81.55
81.52
81.51
81.52
81.55
81.55
81.56
81.56
81.54
81.51
81.53
81.57
81.57
81.55
81.55
81.56
81.53
81.52
81.52
81.51
81.49
81.52
81.51
81.51
81.54
81.52
81.52
81.53
81.51
81.51
81.49
81.47
81.48
81.45
81.47
81.51
81.48
81.48
81.53
81.57
81.57
81.59
81.54
81.56
81.54
81.56
81.55
81.55
81.57
81.55
81.55
81.53
81.54
81.52
81.52
81.54
81.57
81.58
81.60
81.61
81.60
81.61
81.62
81.62
81.65
81.64
81.63
81.60
81.63
81.64
81.63
81.64
81.66
81.67
81.67
81.67
81.65
81.65
81.65
81.66
81.66
81.65
81.61
81.59
81.61
81.60
81.60
81.62
81.61
81.63
81.66
81.63
81.62
81.62
81.63
81.60
81.63
81.66
81.63
81.65
81.61
81.63
81.63
81.61
81.63
81.65
81.63
81.64
81.64
81.68
81.70
81.68
81.66
81.68
81.67
81.65
81.66
81.65
81.64
81.64
81.65
81.67
81.63
81.64
81.66
81.66
81.69
81.69
81.68
81.70
81.68
81.69
81.70
81.71
81.73
81.74
81.74
81.72
81.73
81.71
81.72
81.72
81.73
81.73
81.77
81.76
81.78
81.79
81.79
81.80
81.81
81.82
81.80
81.80
81.79
81.80
81.82
81.81
81.83
81.83
81.82
81.83
81.84
81.81
81.82
81.82
81.82
81.82
81.81
81.83
81.83
81.83
81.81
81.82
81.82
81.82
81.81
81.78
81.78
81.79
81.78
81.79
81.79
81.80
81.81
81.84
81.84
81.84
81.83
81.80
81.80
81.80
81.80
81.80
81.80
81.80
81.82
81.81
81.81
81.81
81.81
81.83
81.84
81.84
81.84
81.83
81.84
81.84
81.85
81.82
81.79
81.79
81.81
81.82
81.81
81.81
81.80
81.83
81.83
81.83
81.84
81.83
81.81
81.77
81.77
81.76
81.75
81.75
81.74
81.75
81.73
81.72
81.74
81.73
81.75
81.77
81.78
81.78
81.76
81.77
81.77
81.78
81.79
81.79
81.80
81.78
81.79
81.77
81.78
81.79
81.79
81.78
81.79
81.80
81.80
81.81
81.82
81.82
81.82
81.81
81.83
81.83
81.83
81.82
81.81
81.81
81.80
81.81
81.82
81.84
81.84
81.85
81.87
81.88
81.87
81.88
81.87
81.86
81.84
81.84
81.84
81.84
81.85
81.84
81.83
81.83
81.84
81.85
81.85
81.85
81.84
81.84
81.85
81.86
81.86
81.86
81.86
81.87
81.88
81.88
81.90
81.91
81.90
81.89
81.90
81.87
81.86
81.87
81.88
81.89
81.89
81.88
81.89
81.89
81.89
81.89
81.89
81.90
81.88
81.88
81.88
81.89
81.90
81.90
81.92
81.92
81.91
81.89
81.89
81.91
81.92
81.93
81.93
81.92
81.92
81.91
81.91
81.91
81.91
81.89
81.87
81.87
81.87
81.86
81.86
81.85
81.85
81.86
81.86
81.85
81.84
81.84
81.86
81.88
81.88
81.86
81.86
81.85
81.86
81.86
81.86
81.87
81.87
81.88
81.86
81.86
81.88
81.88
81.89
81.89
81.88
81.89
81.88
81.86
81.86
81.84
81.85
81.86
81.85
81.87
81.88
81.89
81.90
81.91
81.91
81.90
81.91
81.91
81.91
81.91
81.90
81.91
81.92
81.92
81.92
81.93
81.92
81.94
81.95
81.96
81.95
81.95
81.95
81.96
81.96
81.97
81.97
81.97
81.96
81.96
81.97
81.97
81.96
81.97
81.96
81.96
81.96
81.96
81.96
81.94
81.94
81.96
81.95
81.95
81.96
81.96
81.95
81.95
81.95
81.95
81.95
81.95
81.96
81.95
81.95
81.95
81.93
81.93
81.92
81.92
81.91
81.90
81.90
81.90
81.89
81.88
81.89
81.89
81.89
81.90
81.89
81.89
81.89
81.89
81.88
81.88
81.89
81.90
81.89
81.90
81.91
81.91
81.91
81.91
81.91
81.92
81.91
81.91
81.91
81.90
81.89
81.89
81.87
81.86
81.85
81.85
81.84
81.85
81.84
81.85
81.85
81.86
81.86
81.85
81.85
81.85
81.86
81.87
81.87
81.87
81.87
81.87
81.88
81.88
81.88
81.88
81.89
81.89
81.89
81.90
81.91
81.89
81.90
81.91
81.90
81.91
81.91
81.92
81.91
81.92
81.92
81.92
81.92
81.92
81.93
81.94
81.94
81.95
81.95
81.95
81.95
81.96
81.96
81.96
81.97
81.98
81.99
81.99
81.98
81.97
81.98
81.98
81.98
81.98
81.98
81.98
81.99
82.00
82.00
82.00
82.00
82.01
82.01
82.02
82.00
82.01
82.00
82.01
82.01
82.00
82.00
82.01
82.00
82.00
82.00
82.00
82.01
82.00
81.99
81.99
81.99
81.99
82.00
81.99
81.99
81.99
81.98
81.97
81.97
81.97
81.96
81.96
81.97
81.96
81.97
81.96
81.96
81.96
81.97
81.98
81.98
81.98
81.98
81.97
81.97
81.98
81.97
81.98
81.98
81.98
81.98
81.98
81.97
81.97
81.97
81.96
81.97
81.98
81.98
81.96
81.96
81.96
81.97
81.96
81.96
81.95
81.95
81.95
81.95
81.96
81.95
81.96
81.97
81.96
81.96
81.88
