81.25
80.47
79.69
80.86
80.94
81.51
82.59
83.59
82.99
83.12
82.67
82.55
82.45
82.92
82.40
82.23
81.89
81.86
82.07
82.27
82.37
82.10
81.73
81.38
81.56
81.85
81.94
81.70
81.79
81.51
81.45
81.45
81.39
81.16
81.03
81.12
81.04
80.96
81.13
81.09
81.29
81.14
81.18
81.00
80.97
81.08
80.78
80.83
80.87
80.81
80.76
80.83
80.98
81.05
81.11
81.17
81.06
81.09
81.20
81.09
80.97
80.92
81.00
80.93
80.84
80.82
80.92
80.77
80.89
80.85
80.85
80.86
80.86
80.98
80.98
80.94
80.95
80.85
80.87
80.92
80.92
81.00
80.97
81.03
81.10
81.12
81.16
81.09
81.07
81.09
81.10
80.88
80.81
80.78
80.82
80.84
80.93
81.04
80.95
80.95
81.03
81.04
81.13
81.13
81.22
81.24
81.34
81.37
81.34
81.35
81.25
81.18
81.15
81.10
81.03
81.03
81.12
81.10
81.13
81.15
81.13
81.19
81.17
81.25
81.21
81.23
81.15
81.14
81.12
81.12
81.13
81.11
81.11
81.12
81.15
81.22
81.23
81.27
81.26
81.31
81.38
81.36
81.32
81.34
81.30
81.34
81.35
81.35
81.34
81.32
81.35
81.35
81.34
81.31
81.38
81.38
81.40
81.39
81.35
81.36
81.36
81.27
81.31
81.32
81.37
81.36
81.38
81.37
81.38
81.33
81.30
81.30
81.25
81.23
81.21
81.26
81.29
81.29
81.18
81.22
81.20
81.22
81.21
81.23
81.26
81.27
81.22
81.22
81.26
81.27
81.27
81.23
81.27
81.25
81.29
81.32
81.28
81.27
81.25
81.23
81.24
81.29
81.30
81.28
81.32
81.33
81.33
81.33
81.34
81.36
81.35
81.34
81.35
81.37
81.35
81.37
81.38
81.38
81.39
81.38
81.36
81.34
81.35
81.33
81.35
81.36
81.35
81.30
81.30
81.32
81.35
81.39
81.39
81.41
81.42
81.42
81.47
81.50
81.52
81.52
81.49
81.52
81.51
81.53
81.52
81.50
81.48
81.47
81.48
81.47
81.47
81.47
81.48
81.49
81.47
81.52
81.56
81.53
81.55
81.54
81.54
81.49
81.48
81.47
81.44
81.44
81.45
81.43
81.45
81.45
81.45
81.44
81.44
81.44
81.45
81.44
81.44
81.42
81.43
81.43
81.46
81.49
81.50
81.51
81.51
81.52
81.56
81.54
81.54
81.56
81.54
81.54
81.55
81.54
81.53
81.52
81.53
81.52
81.52
81.51
81.53
81.52
81.54
81.51
81.52
81.51
81.49
81.48
81.51
81.48
81.51
81.53
81.54
81.56
81.55
81.55
81.56
81.55
81.55
81.56
81.55
81.57
81.55
81.57
81.59
81.55
81.56
81.54
81.54
81.56
81.55
81.56
81.57
81.58
81.59
81.58
81.57
81.59
81.60
81.61
81.62
81.61
81.62
81.62
81.62
81.63
81.63
81.63
81.64
81.62
81.62
81.63
81.61
81.60
81.60
81.62
81.63
81.61
81.61
81.61
81.61
81.61
81.61
81.64
81.62
81.61
81.62
81.62
81.62
81.64
81.64
81.65
81.66
81.67
81.67
81.67
81.65
81.65
81.65
81.65
81.65
81.65
81.65
81.64
81.65
81.62
81.62
81.63
81.62
81.63
81.62
81.64
81.66
81.66
81.67
81.67
81.68
81.68
81.68
81.67
81.66
81.68
81.68
81.64
81.66
81.62
81.61
81.63
81.62
81.62
81.63
81.64
81.65
81.66
81.66
81.65
81.65
81.65
81.62
81.63
81.61
81.59
81.61
81.59
81.60
81.59
81.59
81.62
81.62
81.62
81.62
81.60
81.60
81.58
81.59
81.59
81.58
81.59
81.59
81.58
81.58
81.60
81.60
81.60
81.57
81.56
81.54
81.54
81.55
81.53
81.54
81.54
81.54
81.56
81.54
81.54
81.54
81.52
81.51
81.53
81.53
81.54
81.53
81.53
81.53
81.54
81.55
81.56
81.56
81.57
81.57
81.55
81.56
81.54
81.54
81.54
81.55
81.56
81.54
81.54
81.54
81.54
81.55
81.56
81.56
81.55
81.55
81.54
81.55
81.56
81.57
81.56
81.57
81.57
81.58
81.59
81.60
81.60
81.60
81.61
81.61
81.61
81.60
81.60
81.61
81.60
81.60
81.60
81.61
81.61
81.60
81.60
81.62
81.63
81.63
81.63
81.63
81.65
81.64
81.64
81.65
81.65
81.64
81.64
81.66
81.65
81.64
81.65
81.63
81.64
81.64
