75.00
78.12
76.04
74.22
75.31
75.26
75.00
74.80
75.00
75.00
75.14
74.22
74.88
74.78
75.00
74.61
74.26
74.57
74.18
74.30
74.03
73.86
74.39
74.22
74.44
74.40
74.54
74.83
75.00
74.58
74.90
75.00
75.28
75.37
75.58
75.61
75.59
75.78
75.76
75.98
75.95
76.15
76.20
76.14
76.18
76.22
75.96
75.81
75.64
75.41
75.46
75.36
75.24
75.20
75.09
75.11
75.25
75.22
75.19
75.21
75.36
75.45
75.57
75.56
75.50
75.36
75.26
75.21
75.25
75.31
75.33
75.35
75.41
75.42
75.38
75.51
75.53
75.42
75.40
75.41
75.42
75.42
75.45
75.39
75.44
75.36
75.45
75.37
75.26
75.23
75.31
75.31
75.40
75.38
75.41
75.42
75.42
75.41
75.46
75.48
75.48
75.46
75.42
75.42
75.40
75.37
75.37
75.38
75.33
75.31
75.32
75.38
75.44
75.45
75.48
75.51
75.37
75.33
75.34
75.33
75.26
75.27
75.20
75.20
75.25
75.24
75.28
75.28
75.22
75.20
75.24
75.26
75.31
75.26
75.24
75.22
75.21
75.16
75.17
75.23
75.24
75.26
75.21
75.26
75.22
75.22
75.29
75.31
75.36
75.33
75.33
75.35
75.39
75.44
75.47
75.50
75.44
75.40
75.42
75.49
75.49
75.50
75.49
75.50
75.54
75.52
75.51
75.49
75.46
75.50
75.54
75.51
75.52
75.48
75.44
75.40
75.41
75.41
75.40
75.38
75.37
75.36
75.34
75.28
75.29
75.29
75.30
75.33
75.31
75.31
75.34
75.34
75.35
75.34
75.33
75.33
75.37
75.37
75.39
75.41
75.40
75.39
75.34
75.28
75.29
75.26
75.26
75.27
75.25
75.22
75.25
75.24
75.26
75.23
75.21
75.17
75.14
75.10
75.09
75.06
75.01
75.05
75.07
75.08
75.09
75.10
75.10
75.10
75.10
75.10
75.13
75.18
75.17
75.15
75.15
75.13
75.11
75.10
75.11
75.14
75.16
75.15
75.12
75.15
75.18
75.22
75.25
75.23
75.21
75.18
75.15
75.14
75.15
75.11
75.12
75.10
75.13
75.14
75.13
75.15
75.17
75.17
75.18
75.18
75.18
75.22
75.19
75.17
75.16
75.19
75.20
75.19
75.22
75.22
75.20
75.21
75.19
75.16
75.18
75.19
75.19
75.21
75.20
75.17
75.16
75.16
75.16
75.17
75.18
75.19
75.21
75.22
75.21
75.22
75.26
75.25
75.27
75.29
75.28
75.29
75.30
75.27
75.27
75.27
75.27
75.27
75.27
75.28
75.29
75.29
75.29
75.28
75.29
75.26
75.23
75.25
75.26
75.27
75.27
75.29
75.30
75.29
75.30
75.32
75.35
75.35
75.37
75.36
75.36
75.36
75.35
75.34
75.34
75.33
75.32
75.34
75.34
75.34
75.34
75.36
75.36
75.36
75.37
75.37
75.38
75.37
75.38
75.40
75.39
75.41
75.40
75.41
75.41
75.40
75.43
75.42
75.42
75.42
75.40
75.39
75.38
75.38
75.37
75.35
75.35
75.37
75.39
75.40
75.41
75.42
75.44
75.45
75.47
75.49
75.49
75.52
75.53
75.53
75.52
75.53
75.52
75.49
75.48
75.47
75.46
75.47
75.48
75.46
75.45
75.42
75.44
75.45
75.45
75.45
75.44
75.43
75.42
75.43
75.43
75.44
75.42
75.43
75.43
75.43
75.43
75.43
75.40
75.42
75.42
75.43
75.42
75.45
75.47
75.43
75.43
75.43
75.42
75.41
75.43
75.43
75.45
75.46
75.46
75.47
75.49
75.49
75.50
75.50
75.54
75.55
75.53
75.54
75.53
75.53
75.54
75.56
75.54
75.52
75.54
75.53
75.53
75.53
75.51
75.52
75.51
75.51
75.51
75.53
75.52
75.51
75.52
75.51
75.52
75.50
75.50
75.47
75.49
75.49
75.48
75.49
75.49
75.48
75.49
75.48
75.47
75.47
75.47
75.47
75.47
75.46
75.45
75.45
75.44
75.41
75.42
75.43
75.45
75.43
75.44
75.44
75.43
75.43
75.43
75.43
75.44
75.44
75.45
75.47
75.46
75.46
75.46
75.46
75.44
75.46
75.48
75.46
75.46
75.45
75.44
75.46
75.45
75.44
75.45
75.43
75.43
75.44
75.43
75.44
75.44
75.45
75.45
75.45
75.44
75.46
75.45
75.45
75.45
75.46
75.46
75.46
75.45
75.47
75.46
75.47
75.48
75.48
75.48
75.49
75.47
75.47
75.47
75.48
75.45
75.46
75.46
75.46
75.47
75.50
75.49
75.49
75.49
75.48
75.48
75.46
75.46
75.45
75.43
75.44
75.42
75.43
75.45
75.45
75.44
75.44
75.46
75.44
75.45
75.46
75.46
75.45
75.45
75.45
75.46
75.46
75.48
75.48
75.50
75.51
75.52
75.52
75.50
75.48
75.49
75.49
75.48
75.48
75.46
75.46
75.46
75.47
75.47
75.45
75.46
75.47
75.47
75.46
75.46
75.45
75.45
75.47
75.47
75.47
75.47
75.46
75.45
75.43
75.42
75.43
75.43
75.45
75.45
75.45
75.47
75.47
75.45
75.45
75.45
75.46
75.44
75.46
75.46
75.46
75.45
75.44
75.44
75.45
75.45
75.45
75.45
75.44
75.44
75.45
75.45
75.45
75.44
75.44
75.44
75.44
75.45
75.45
75.46
75.46
75.47
75.49
75.47
75.47
75.49
75.48
75.51
75.49
75.49
75.49
75.49
75.49
75.50
75.50
75.51
75.51
75.51
75.52
75.53
75.53
75.55
75.56
75.57
75.56
75.56
75.56
75.56
75.57
75.56
75.55
75.55
75.54
75.55
75.56
75.57
75.57
75.58
75.57
75.56
75.56
75.55
75.55
75.56
75.56
75.56
75.56
75.56
75.55
75.56
75.57
75.57
75.57
75.57
75.57
75.57
75.56
75.55
75.56
75.57
75.57
75.57
75.59
75.58
75.57
75.58
75.57
75.56
75.55
75.54
75.54
75.53
75.54
75.53
75.54
75.52
75.51
75.50
75.49
75.49
75.49
75.50
75.50
75.50
75.50
75.49
75.49
75.49
75.48
75.48
75.48
75.47
75.47
75.47
75.46
75.46
75.45
75.45
75.45
75.44
75.44
75.46
75.46
75.47
75.48
75.47
75.47
75.46
75.46
75.46
75.45
75.43
75.44
75.43
75.43
75.42
75.43
75.44
75.45
75.43
75.43
75.43
75.44
75.43
75.43
75.43
75.43
75.43
75.43
75.43
75.42
75.43
75.41
75.41
75.42
75.42
75.42
75.41
75.42
75.41
75.41
75.41
75.40
75.41
75.41
75.41
75.42
75.41
75.41
75.41
75.33
