79.69
75.78
78.12
79.69
78.44
79.17
79.69
79.30
80.03
80.78
81.11
80.99
80.77
80.80
81.35
81.54
82.08
81.86
82.15
82.11
82.44
82.74
83.02
83.14
83.12
83.05
82.87
83.09
82.81
82.66
82.91
83.15
83.19
82.90
82.72
82.81
82.73
82.65
82.81
82.85
82.93
83.11
82.96
82.95
82.92
82.91
82.95
82.91
82.88
82.81
82.75
82.63
82.55
82.58
82.53
82.62
82.65
82.76
82.71
82.63
82.56
82.69
82.51
82.52
82.62
82.69
82.60
82.51
82.59
82.57
82.53
82.42
82.47
82.50
82.50
82.48
82.41
82.31
82.38
82.38
82.37
82.24
82.21
82.25
82.39
82.29
82.20
82.08
82.13
82.19
82.23
82.24
82.29
82.35
82.27
82.19
82.15
82.13
82.13
82.17
82.19
82.18
82.24
82.26
82.34
82.34
82.30
82.29
82.24
82.26
82.29
82.32
82.31
82.32
82.30
82.34
82.36
82.26
82.25
82.29
82.30
82.27
82.28
82.27
82.29
82.25
82.23
82.24
82.22
82.26
82.31
82.24
82.23
82.21
82.23
82.31
82.28
82.30
82.31
82.32
82.28
82.25
82.23
82.28
82.31
82.28
82.29
82.32
82.35
82.37
82.41
82.43
82.43
82.43
82.42
82.33
82.31
82.28
82.23
82.23
82.19
82.19
82.20
82.18
82.21
82.25
82.27
82.29
82.32
82.31
82.34
82.37
82.32
82.35
82.36
82.36
82.32
82.34
82.31
82.33
82.32
82.33
82.31
82.29
82.26
82.23
82.20
82.19
82.22
82.19
82.18
82.18
82.14
82.13
82.14
82.12
82.15
82.15
82.16
82.18
82.18
82.19
82.19
82.18
82.20
82.22
82.22
82.21
82.18
82.16
82.16
82.19
82.23
82.20
82.19
82.18
82.15
82.17
82.18
82.22
82.25
82.24
82.22
82.23
82.25
82.25
82.26
82.29
82.33
82.32
82.33
82.33
82.31
82.31
82.32
82.34
82.32
82.35
82.35
82.32
82.29
82.31
82.29
82.33
82.34
82.34
82.29
82.30
82.27
82.26
82.29
82.31
82.34
82.33
82.29
82.29
82.29
82.29
82.27
82.27
82.27
82.28
82.28
82.29
82.30
82.33
82.31
82.32
82.32
82.33
82.35
82.36
82.37
82.33
82.35
82.35
82.37
82.38
82.36
82.38
82.38
82.39
82.38
82.39
82.41
82.42
82.45
82.44
82.44
82.42
82.39
82.38
82.39
82.38
82.36
82.36
82.38
82.37
82.35
82.33
82.35
82.33
82.33
82.32
82.32
82.33
82.33
82.32
82.32
82.31
82.32
82.31
82.30
82.30
82.30
82.31
82.28
82.27
82.26
82.25
82.24
82.25
82.27
82.28
82.29
82.26
82.27
82.25
82.24
82.23
82.22
82.24
82.23
82.22
82.21
82.21
82.22
82.23
82.26
82.26
82.24
82.21
82.21
82.20
82.19
82.22
82.24
82.23
82.23
82.25
82.26
82.26
82.25
82.27
82.27
82.25
82.24
82.26
82.26
82.25
82.26
82.25
82.24
82.25
82.28
82.29
82.29
82.31
82.30
82.29
82.28
82.27
82.27
82.25
82.24
82.24
82.24
82.23
82.22
82.20
82.21
82.20
82.20
82.21
82.20
82.21
82.22
82.24
82.26
82.25
82.23
82.24
82.24
82.25
82.22
82.21
82.21
82.21
82.21
82.20
82.20
82.20
82.20
82.19
82.20
82.19
82.18
82.18
82.17
82.17
82.17
82.16
82.16
82.16
82.15
82.17
82.16
82.17
82.18
82.17
82.16
82.18
82.17
82.16
82.17
82.14
82.15
82.17
82.18
82.18
82.17
82.15
82.16
82.16
82.17
82.17
82.18
82.20
82.20
82.20
82.19
82.19
82.17
82.17
82.18
82.19
82.19
82.19
82.19
82.19
82.20
82.20
82.21
82.20
82.22
82.22
82.21
82.21
82.23
82.25
82.26
82.26
82.26
82.25
82.23
82.24
82.24
82.24
82.23
82.22
82.23
82.23
82.22
82.21
82.21
82.19
82.18
82.19
82.20
82.18
82.18
82.19
82.17
82.17
82.17
82.18
82.18
82.18
82.19
82.19
82.21
82.22
82.22
82.20
82.18
82.20
82.17
82.18
82.17
82.17
82.17
82.17
82.16
82.16
82.14
82.16
82.16
82.14
82.12
82.10
82.09
82.09
82.09
82.09
82.09
82.10
82.10
82.09
82.08
82.09
82.09
82.09
82.09
82.10
82.10
82.12
82.12
82.11
82.10
82.10
82.10
82.09
82.08
82.06
82.09
82.10
82.10
82.10
82.11
82.11
82.12
82.11
82.11
82.10
82.10
82.09
82.08
82.09
82.10
82.10
82.11
82.09
82.08
82.09
82.10
82.10
82.11
82.12
82.12
82.11
82.12
82.12
82.12
82.12
82.13
82.13
82.12
82.14
82.14
82.14
82.14
82.13
82.14
82.14
82.15
82.15
82.15
82.16
82.16
82.17
82.18
82.17
82.17
82.15
82.17
82.17
82.18
82.17
82.17
82.18
82.18
82.18
82.17
82.18
82.17
82.17
82.16
82.17
82.17
82.17
82.18
82.19
82.19
82.19
82.20
82.19
82.19
82.19
82.19
82.20
82.20
82.19
82.19
82.19
82.19
82.20
82.18
82.18
82.18
82.18
82.17
82.15
82.16
82.15
82.16
82.16
82.15
82.14
82.14
82.13
82.14
82.13
82.13
82.13
82.13
82.13
82.14
82.13
82.14
82.13
82.14
82.14
82.14
82.14
82.14
82.13
82.13
82.13
82.12
82.12
82.12
82.11
82.12
82.12
82.12
82.11
82.12
82.13
82.12
82.12
82.12
82.12
82.12
82.12
82.12
82.11
82.11
82.10
82.10
82.09
82.09
82.09
82.09
82.09
82.09
82.11
82.09
82.09
82.09
82.08
82.08
82.08
82.08
82.09
82.10
82.10
82.11
82.10
82.10
82.10
82.11
82.12
82.12
82.13
82.10
82.09
82.08
82.08
82.07
82.07
82.07
82.06
82.05
82.05
82.06
82.07
82.06
82.08
82.07
82.08
82.08
82.08
82.08
82.07
82.07
82.07
82.06
82.06
82.05
82.05
82.04
82.03
82.03
82.03
82.03
82.04
82.04
82.04
82.03
82.02
82.02
82.03
82.03
82.04
82.05
82.05
82.05
82.06
82.05
82.05
82.05
82.06
82.05
82.06
82.05
82.03
82.04
82.03
82.02
82.01
82.01
82.02
82.01
82.02
82.02
82.03
82.02
82.03
82.03
82.03
82.03
82.03
82.03
82.02
82.03
82.03
82.02
82.02
82.02
82.02
82.02
82.02
82.02
82.02
82.01
82.02
82.02
82.03
82.03
82.03
82.03
81.95
