84.38
82.03
80.21
80.08
80.31
79.43
80.36
81.25
81.42
81.72
81.53
81.38
81.61
81.03
81.35
80.86
81.25
81.77
82.48
82.58
82.37
82.39
82.34
82.68
82.75
82.75
82.93
83.09
83.03
83.07
83.06
82.86
82.86
82.86
82.72
82.73
82.69
82.65
82.41
82.27
82.16
82.18
82.30
82.21
82.19
82.17
82.15
82.29
82.30
82.22
82.23
82.21
82.34
82.38
82.30
82.28
82.26
82.17
82.07
82.03
82.12
82.08
82.07
82.08
82.19
82.24
82.23
82.31
82.43
82.43
82.44
82.31
82.26
82.24
82.19
82.22
82.10
82.15
82.14
82.19
82.31
82.36
82.38
82.31
82.28
82.27
82.24
82.26
82.37
82.36
82.37
82.46
82.44
82.40
82.35
82.32
82.33
82.35
82.32
82.44
82.43
82.35
82.34
82.32
82.31
82.28
82.29
82.28
82.25
82.16
82.09
82.09
82.12
82.11
82.05
82.04
82.08
82.08
82.10
82.07
82.00
82.02
82.02
82.02
82.02
82.07
82.11
82.08
82.11
82.09
82.13
82.13
82.17
82.21
82.25
82.32
82.29
82.25
82.17
82.21
82.20
82.17
82.12
82.13
82.17
82.19
82.23
82.20
82.23
82.21
82.17
82.15
82.10
82.10
82.14
82.14
82.14
82.12
82.13
82.11
82.11
82.16
82.18
82.12
82.09
82.03
82.04
82.05
82.05
82.05
82.05
82.02
82.03
82.03
81.96
81.92
81.94
81.97
81.98
81.96
81.94
81.95
81.93
81.93
81.97
81.93
81.94
81.95
81.89
81.87
81.86
81.88
81.90
81.87
81.93
81.92
81.92
81.94
81.95
81.96
82.00
81.96
81.97
81.92
81.94
81.99
82.00
82.02
82.02
82.04
82.08
82.11
82.15
82.16
82.19
82.15
82.12
82.12
82.11
82.14
82.12
82.12
82.11
82.12
82.08
82.06
82.04
82.07
82.05
82.06
82.07
82.07
82.04
82.04
82.06
82.07
82.09
82.07
82.08
82.09
82.12
82.10
82.12
82.11
82.11
82.10
82.11
82.09
82.10
82.07
82.08
82.07
82.11
82.12
82.09
82.09
82.11
82.10
82.06
82.08
82.09
82.14
82.18
82.20
82.22
82.21
82.23
82.26
82.25
82.25
82.23
82.24
82.28
82.28
82.27
82.27
82.28
82.30
82.31
82.33
82.32
82.37
82.36
82.36
82.38
82.38
82.36
82.34
82.34
82.34
82.29
82.29
82.27
82.25
82.26
82.27
82.28
82.28
82.26
82.24
82.26
82.27
82.26
82.23
82.23
82.22
82.23
82.24
82.23
82.22
82.21
82.20
82.19
82.20
82.21
82.19
82.22
82.19
82.17
82.18
82.16
82.14
82.15
82.16
82.16
82.17
82.14
82.10
82.09
82.08
82.08
82.09
82.09
82.08
82.07
82.06
82.06
82.05
82.04
82.04
82.02
82.03
82.05
82.04
82.05
82.04
82.06
82.04
82.04
82.05
82.05
82.02
82.02
82.03
82.01
82.01
82.02
82.01
81.99
81.95
81.95
81.96
81.97
81.97
81.98
81.96
81.95
81.96
81.97
81.98
81.97
81.96
81.96
81.95
81.96
81.97
81.97
81.98
82.00
81.98
81.98
81.98
81.98
81.97
81.98
81.97
81.98
81.97
81.98
81.98
82.00
81.99
81.98
81.98
81.98
81.97
81.99
81.99
82.01
82.03
82.04
82.03
82.04
82.04
82.04
82.04
82.03
82.03
82.03
82.03
82.05
82.06
82.06
82.08
82.09
82.10
82.12
82.13
82.12
82.12
82.12
82.12
82.12
82.12
82.11
82.12
82.14
82.12
82.11
82.13
82.15
82.16
82.18
82.19
82.18
82.19
82.20
82.21
82.21
82.22
82.21
82.22
82.23
82.22
82.21
82.19
82.20
82.22
82.21
82.20
82.21
82.21
82.21
82.20
82.19
82.21
82.21
82.18
82.17
82.17
82.18
82.18
82.18
82.17
82.15
82.15
82.14
82.12
82.12
82.11
82.12
82.11
82.12
82.12
82.13
82.13
82.14
82.13
82.15
82.13
82.15
82.16
82.16
82.15
82.14
82.13
82.12
82.10
82.10
82.13
82.14
82.15
82.14
82.17
82.17
82.16
82.16
82.16
82.15
82.15
82.15
82.13
82.13
82.11
82.12
82.12
82.12
82.11
82.12
82.13
82.13
82.13
82.11
82.12
82.11
82.10
82.11
82.11
82.10
82.10
82.11
82.11
82.11
82.12
82.12
82.10
82.10
82.10
82.10
82.11
82.10
82.11
82.11
82.12
82.11
82.12
82.13
82.14
82.14
82.13
82.12
82.11
82.08
82.08
82.07
82.06
82.04
82.03
82.03
82.02
82.02
82.03
82.03
82.03
82.02
82.01
82.01
82.01
82.01
82.02
82.02
82.02
82.01
82.03
82.03
82.05
82.06
82.07
82.07
82.07
82.07
82.07
82.08
82.07
82.07
82.07
82.08
82.07
82.07
82.06
82.06
82.07
82.07
82.08
82.09
82.08
82.06
82.07
82.06
82.08
82.08
82.09
82.09
82.08
82.08
82.09
82.08
82.09
82.09
82.08
82.08
82.09
82.10
82.10
82.10
82.11
82.11
82.12
82.11
82.10
82.10
82.10
82.09
82.11
82.09
82.09
82.09
82.09
82.09
82.07
82.07
82.06
82.07
82.07
82.07
82.07
82.06
82.06
82.06
82.05
82.04
82.04
82.03
82.03
82.03
82.03
82.03
82.04
82.03
82.03
82.03
82.04
82.04
82.03
82.05
82.05
82.05
82.04
82.04
82.05
82.05
82.04
82.05
82.06
82.04
82.03
82.03
82.04
82.04
82.05
82.03
82.02
82.03
82.03
82.03
82.03
82.04
82.02
82.01
82.01
82.02
82.02
82.01
82.01
82.01
82.01
82.01
82.01
82.01
82.01
82.00
82.00
82.00
81.99
81.99
81.99
82.00
81.99
82.00
82.01
82.00
82.00
81.99
81.99
81.99
81.99
82.00
81.99
81.99
81.99
81.99
81.99
81.99
81.99
82.01
82.01
82.01
82.00
82.00
82.00
82.01
82.01
82.03
82.03
82.03
82.03
82.02
82.03
82.02
82.02
82.01
82.02
82.02
82.01
82.01
82.01
82.00
82.00
82.00
81.99
81.99
81.99
81.99
81.99
81.98
81.97
81.98
81.98
81.99
82.00
81.99
81.98
81.99
81.99
81.99
82.00
82.00
81.99
81.99
82.00
82.00
81.99
81.99
81.98
81.98
81.99
81.99
81.99
81.99
82.00
82.01
82.00
82.00
81.99
82.00
82.00
82.00
81.99
81.99
81.99
81.99
81.99
81.99
81.98
81.98
81.97
81.97
81.99
81.97
81.98
81.98
81.90
