68.75
75.78
74.48
78.52
78.44
79.17
79.69
79.10
80.03
80.16
79.83
79.69
79.69
80.69
80.52
80.66
80.51
80.30
80.02
80.08
79.69
80.04
80.43
80.34
80.19
80.11
80.38
80.64
80.39
80.05
79.94
79.83
79.64
79.46
79.29
79.43
79.35
79.19
79.13
78.87
78.85
78.87
79.07
79.23
79.31
79.08
79.06
79.10
79.11
79.19
79.26
79.45
79.54
79.43
79.32
79.32
79.36
79.12
79.03
79.06
79.02
79.16
79.24
79.08
78.99
78.98
78.96
78.98
79.01
79.00
79.03
79.08
78.96
79.01
79.02
79.15
79.18
79.23
79.19
79.16
79.13
79.23
79.20
79.20
79.30
79.32
79.38
79.39
79.37
79.32
79.24
79.35
79.42
79.44
79.52
79.65
79.70
79.66
79.66
79.64
79.63
79.61
79.61
79.72
79.69
79.67
79.69
79.69
79.64
79.60
79.67
79.69
79.69
79.69
79.66
79.62
79.62
79.61
79.53
79.54
79.61
79.60
79.60
79.62
79.62
79.65
79.66
79.65
79.72
79.71
79.69
79.62
79.69
79.68
79.70
79.74
79.71
79.71
79.65
79.64
79.60
79.60
79.61
79.68
79.68
79.58
79.63
79.63
79.58
79.57
79.55
79.53
79.59
79.60
79.57
79.60
79.63
79.60
79.60
79.59
79.58
79.59
79.63
79.65
79.65
79.64
79.64
79.62
79.60
79.61
79.64
79.64
79.62
79.61
79.56
79.55
79.52
79.51
79.50
79.52
79.52
79.52
79.48
79.48
79.49
79.44
79.47
79.49
79.51
79.55
79.54
79.56
79.62
79.62
79.62
79.64
79.62
79.62
79.64
79.62
79.66
79.69
79.70
79.69
79.73
79.70
79.69
79.70
79.69
79.69
79.64
79.65
79.64
79.64
79.64
79.66
79.68
79.67
79.71
79.72
79.72
79.72
79.74
79.72
79.71
79.70
79.73
79.78
79.80
79.81
79.82
79.76
79.77
79.71
79.73
79.75
79.77
79.80
79.79
79.79
79.82
79.80
79.79
79.79
79.79
79.74
79.78
79.79
79.79
79.80
79.81
79.80
79.80
79.82
79.79
79.79
79.78
79.81
79.82
79.84
79.80
79.77
79.76
79.76
79.76
79.75
79.76
79.76
79.72
79.73
79.73
79.72
79.73
79.74
79.76
79.76
79.77
79.74
79.77
79.75
79.74
79.74
79.74
79.75
79.78
79.81
79.82
79.80
79.78
79.80
79.77
79.74
79.76
79.76
79.75
79.78
79.77
79.79
79.80
79.81
79.81
79.82
79.82
79.80
79.81
79.77
79.78
79.77
79.78
79.79
79.79
79.77
79.78
79.79
79.80
79.82
79.85
79.82
79.82
79.82
79.78
79.79
79.78
79.79
79.79
79.79
79.77
79.75
79.74
79.76
79.75
79.71
79.72
79.72
79.73
79.73
79.76
79.75
79.76
79.74
79.75
79.75
79.75
79.74
79.78
79.79
79.80
79.83
79.85
79.84
79.85
79.84
79.84
79.82
79.83
79.84
79.85
79.82
79.85
79.88
79.88
79.89
79.90
79.90
79.90
79.89
79.86
79.85
79.83
79.81
79.82
79.82
79.82
79.80
79.81
79.80
79.77
79.77
79.75
79.74
79.73
79.71
79.71
79.71
79.71
79.70
79.71
79.71
79.70
79.71
79.71
79.71
79.70
79.71
79.73
79.75
79.76
79.75
79.74
79.75
79.75
79.75
79.75
79.77
79.76
79.77
79.78
79.79
79.80
79.79
79.79
79.79
79.79
79.78
79.78
79.79
79.78
79.78
79.80
79.79
79.79
79.79
79.79
79.80
79.80
79.81
79.80
79.81
79.78
79.77
79.77
79.77
79.77
79.77
79.77
79.78
79.79
79.80
79.80
79.80
79.80
79.81
79.81
79.81
79.81
79.80
79.79
79.78
79.78
79.78
79.79
79.78
79.78
79.79
79.80
79.80
79.80
79.81
79.80
79.81
79.81
79.82
79.81
79.82
79.81
79.81
79.81
79.81
79.82
79.82
79.82
79.82
79.81
79.82
79.82
79.82
79.82
79.83
79.82
79.81
79.83
79.82
79.81
79.83
79.82
79.82
79.83
79.82
79.82
79.82
79.80
79.79
79.78
79.76
79.76
79.76
79.75
79.76
79.76
79.74
79.74
79.75
79.75
79.74
79.73
79.73
79.73
79.72
79.71
79.72
79.73
79.74
79.73
79.73
79.72
79.74
79.73
79.74
79.73
79.72
79.72
79.71
79.71
79.69
79.69
79.70
79.69
79.67
79.66
79.67
79.67
79.67
79.68
79.67
79.68
79.68
79.69
79.68
79.68
79.69
79.68
79.69
79.69
79.68
79.67
79.67
79.66
79.67
79.67
79.67
79.66
79.68
79.68
79.69
79.70
79.70
79.70
79.71
79.70
79.69
79.68
79.66
79.67
79.65
79.66
79.67
79.68
79.67
79.69
79.69
79.70
79.71
79.70
79.69
79.67
79.67
79.67
79.66
79.67
79.66
79.65
79.64
79.66
79.66
79.66
79.66
79.66
79.67
79.66
79.66
79.67
79.68
79.70
79.68
79.68
79.67
79.66
79.66
79.66
79.65
79.66
79.65
79.65
79.66
79.66
79.64
79.64
79.65
79.64
79.64
79.63
79.63
79.65
79.64
79.64
79.65
79.66
79.63
79.64
79.65
79.66
79.65
79.66
79.64
79.64
79.63
79.66
79.65
79.65
79.65
79.65
79.65
79.66
79.66
79.66
79.68
79.67
79.68
79.69
79.68
79.67
79.67
79.66
79.65
79.65
79.67
79.66
79.67
79.67
79.69
79.68
79.68
79.69
79.69
79.69
79.68
79.69
79.70
79.70
79.70
79.71
79.71
79.69
79.68
79.67
79.68
79.68
79.67
79.69
79.69
79.70
79.70
79.69
79.70
79.71
79.68
79.68
79.68
79.68
79.68
79.69
79.70
79.69
79.69
79.68
79.69
79.68
79.69
79.69
79.68
79.67
79.67
79.68
79.68
79.68
79.69
79.69
79.69
79.69
79.68
79.68
79.68
79.66
79.66
79.65
79.66
79.65
79.65
79.66
79.67
79.66
79.67
79.67
79.66
79.67
79.68
79.68
79.69
79.69
79.69
79.69
79.68
79.68
79.69
79.69
79.69
79.70
79.71
79.72
79.72
79.71
79.72
79.72
79.70
79.69
79.69
79.67
79.67
79.67
79.66
79.66
79.66
79.66
79.67
79.68
79.68
79.68
79.68
79.69
79.68
79.68
79.68
79.67
79.66
79.67
79.66
79.66
79.65
79.66
79.66
79.66
79.66
79.65
79.65
79.65
79.65
79.66
79.67
79.67
79.66
79.66
79.65
79.65
79.65
79.66
79.67
79.67
79.67
79.67
79.68
79.68
79.60
