7.81
7.81
10.42
9.38
8.75
8.59
8.93
8.40
9.03
9.06
9.23
9.38
9.01
9.26
9.27
9.57
9.74
9.64
9.46
9.30
9.00
8.95
8.76
8.72
8.69
8.59
8.68
8.48
8.57
8.70
8.62
8.59
8.48
8.50
8.53
8.38
8.32
8.43
8.45
8.52
8.69
8.67
8.65
8.74
8.75
8.80
8.74
8.79
8.71
8.69
8.73
8.68
8.67
8.68
8.64
8.68
8.72
8.65
8.63
8.62
8.61
8.59
8.58
8.59
8.56
8.50
8.42
8.32
8.38
8.39
8.41
8.42
8.37
8.34
8.37
8.35
8.34
8.33
8.31
8.30
8.37
8.35
8.32
8.28
8.33
8.32
8.33
8.31
8.34
8.33
8.31
8.31
8.32
8.36
8.39
8.38
8.36
8.35
8.33
8.33
8.34
8.33
8.36
8.40
8.36
8.33
8.32
8.29
8.37
8.42
8.42
8.38
8.39
8.39
8.42
8.43
8.47
8.43
8.43
8.41
8.39
8.41
8.40
8.39
8.36
8.35
8.34
8.37
8.33
8.29
8.31
8.30
8.27
8.27
8.29
8.30
8.33
8.32
8.35
8.37
8.36
8.37
8.41
8.42
8.42
8.42
8.42
8.41
8.39
8.39
8.38
8.35
8.33
8.35
8.37
8.36
8.37
8.39
8.39
8.43
8.44
8.47
8.45
8.48
8.44
8.41
8.42
8.40
8.39
8.40
8.42
8.42
8.41
8.40
8.38
8.38
8.34
8.37
8.35
8.35
8.37
8.40
8.39
8.41
8.43
8.43
8.45
8.44
8.47
8.45
8.44
8.46
8.48
8.45
8.49
8.48
8.49
8.47
8.47
8.44
8.43
8.42
8.42
8.49
8.50
8.57
8.57
8.57
8.58
8.58
8.62
8.62
8.62
8.64
8.67
8.69
8.68
8.67
8.64
8.64
8.63
8.66
8.66
8.67
8.67
8.66
8.67
8.67
8.66
8.63
8.66
8.66
8.66
8.66
8.66
8.68
8.68
8.70
8.75
8.76
8.78
8.76
8.77
8.78
8.78
8.79
8.79
8.80
8.80
8.79
8.80
8.79
8.81
8.80
8.81
8.80
8.80
8.77
8.77
8.77
8.78
8.77
8.76
8.76
8.77
8.76
8.77
8.77
8.77
8.76
8.75
8.74
8.75
8.76
8.76
8.75
8.79
8.76
8.78
8.77
8.76
8.76
8.75
8.76
8.77
8.76
8.76
8.78
8.81
8.81
8.80
8.79
8.77
8.79
8.79
8.79
8.79
8.79
8.80
8.80
8.79
8.78
8.78
8.78
8.78
8.77
8.76
8.77
8.79
8.78
8.78
8.79
8.79
8.80
8.81
8.85
8.85
8.85
8.85
8.83
8.85
8.84
8.84
8.83
8.83
8.85
8.84
8.85
8.85
8.84
8.85
8.84
8.86
8.87
8.86
8.86
8.86
8.84
8.84
8.83
8.84
8.85
8.84
8.83
8.83
8.82
8.81
8.83
8.82
8.83
8.85
8.83
8.83
8.84
8.84
8.85
8.83
8.83
8.83
8.83
8.83
8.82
8.84
8.85
8.84
8.85
8.86
8.87
8.87
8.87
8.88
8.88
8.90
8.90
8.91
8.91
8.92
8.92
8.93
8.95
8.94
8.93
8.93
8.94
8.93
8.93
8.93
8.93
8.93
8.94
8.94
8.93
8.92
8.91
8.90
8.89
8.89
8.88
8.88
8.88
8.86
8.86
8.85
8.84
8.84
8.83
8.83
8.83
8.83
8.83
8.83
8.83
8.84
8.83
8.83
8.83
8.82
8.82
8.82
8.82
8.83
8.83
8.82
8.81
8.81
8.81
8.80
8.80
8.80
8.80
8.81
8.81
8.81
8.81
8.82
8.82
8.82
8.81
8.80
8.80
8.82
8.81
8.80
8.80
8.81
8.80
8.81
8.79
8.79
8.77
8.77
8.77
8.76
8.77
8.76
8.77
8.77
8.77
8.79
8.78
8.79
8.79
8.78
8.80
8.81
8.81
8.81
8.82
8.83
8.84
8.84
8.83
8.82
8.82
8.83
8.83
8.82
8.82
8.82
8.82
8.82
8.81
8.80
8.80
8.80
8.81
8.80
8.78
8.78
8.78
8.78
8.79
8.79
8.79
8.78
8.78
8.77
8.76
8.76
8.76
8.76
8.76
8.77
8.77
8.76
8.75
8.75
8.75
8.75
8.74
8.75
8.75
8.76
8.75
8.75
8.75
8.75
8.75
8.75
8.75
8.74
8.75
8.74
8.73
8.73
8.73
8.73
8.73
8.73
8.75
8.74
8.74
8.75
8.74
8.73
8.72
8.72
8.72
8.72
8.72
8.72
8.71
8.71
8.71
8.71
8.71
8.71
8.71
8.73
8.74
8.73
8.73
8.72
8.72
8.72
8.72
8.72
8.73
8.72
8.72
8.73
8.74
8.74
8.74
8.73
8.74
8.74
8.75
8.75
8.75
8.75
8.76
8.76
8.77
8.76
8.77
8.77
8.77
8.78
8.77
8.77
8.76
8.76
8.77
8.78
8.79
8.78
8.78
8.78
8.78
8.77
8.77
8.77
8.77
8.78
8.77
8.78
8.78
8.77
8.77
8.76
8.76
8.75
8.75
8.74
8.76
8.76
8.77
8.76
8.76
8.76
8.77
8.76
8.76
8.75
8.75
8.75
8.76
8.76
8.77
8.77
8.76
8.76
8.75
8.77
8.77
8.76
8.76
8.76
8.75
8.75
8.75
8.74
8.74
8.75
8.75
8.74
8.74
8.73
8.73
8.74
8.73
8.73
8.72
8.73
8.72
8.72
8.72
8.72
8.73
8.73
8.73
8.73
8.73
8.73
8.73
8.74
8.74
8.74
8.74
8.74
8.74
8.75
8.74
8.74
8.75
8.74
8.74
8.74
8.74
8.73
8.74
8.74
8.73
8.73
8.74
8.74
8.75
8.74
8.74
8.73
8.73
8.73
8.72
8.72
8.72
8.72
8.73
8.73
8.73
8.73
8.74
8.73
8.73
8.72
8.72
8.72
8.71
8.71
8.70
8.71
8.71
8.71
8.71
8.70
8.71
8.71
8.72
8.71
8.71
8.71
8.71
8.71
8.71
8.71
8.71
8.71
8.72
8.71
8.72
8.71
8.71
8.71
8.71
8.71
8.71
8.71
8.72
8.73
8.74
8.73
8.75
8.75
8.75
8.75
8.75
8.75
8.75
8.76
8.75
8.74
8.74
8.74
8.74
8.75
8.75
8.75
8.74
8.75
8.75
8.75
8.75
8.74
8.75
8.75
8.74
8.75
8.75
8.74
8.74
8.74
8.75
8.75
8.75
8.75
8.75
8.75
8.75
8.75
8.75
8.74
8.74
8.74
8.75
8.75
8.75
8.75
8.74
8.75
8.74
8.74
8.73
