85.94
85.16
83.33
82.81
82.81
83.07
84.15
82.81
82.29
80.62
79.97
79.95
80.17
80.13
80.31
80.57
80.97
81.08
80.84
80.86
80.73
80.54
80.57
80.34
80.56
80.71
81.02
81.03
80.87
80.78
80.90
80.76
80.87
80.70
80.45
80.51
80.32
80.35
80.41
80.55
80.64
80.65
80.74
80.72
80.69
80.64
80.65
80.86
80.93
81.03
81.00
80.89
80.93
81.05
80.94
80.94
81.00
80.98
80.83
80.73
80.64
80.52
80.46
80.27
80.22
80.21
80.25
80.33
80.32
80.25
80.19
80.25
80.18
80.30
80.29
80.32
80.34
80.31
80.30
80.25
80.30
80.24
80.29
80.34
80.35
80.34
80.42
80.38
80.23
80.24
80.22
80.23
80.24
80.24
80.23
80.32
80.38
80.36
80.29
80.08
79.98
80.07
80.05
80.09
80.16
80.17
80.14
80.14
80.16
80.11
80.10
80.15
80.13
80.10
80.14
80.11
80.14
80.18
80.23
80.26
80.28
80.25
80.30
80.29
80.28
80.30
80.29
80.24
80.24
80.28
80.28
80.33
80.35
80.35
80.37
80.39
80.36
80.40
80.36
80.29
80.26
80.31
80.26
80.22
80.18
80.15
80.14
80.12
80.16
80.17
80.17
80.17
80.21
80.19
80.19
80.20
80.21
80.22
80.22
80.22
80.20
80.18
80.16
80.12
80.13
80.14
80.13
80.10
80.09
80.06
80.05
80.06
80.10
80.11
80.05
80.10
80.13
80.10
80.09
80.08
80.08
80.08
80.09
80.06
80.07
80.10
80.07
80.04
80.08
80.04
80.02
80.02
79.99
79.95
79.93
79.92
79.89
79.88
79.85
79.86
79.92
79.96
79.95
79.95
79.98
79.95
79.94
79.94
79.94
79.94
79.95
79.98
79.97
79.98
79.99
79.98
79.98
80.00
80.00
80.03
80.05
80.05
80.09
80.09
80.13
80.14
80.11
80.15
80.13
80.12
80.15
80.15
80.14
80.17
80.19
80.18
80.15
80.17
80.18
80.15
80.13
80.11
80.12
80.10
80.12
80.11
80.12
80.15
80.15
80.17
80.19
80.21
80.19
80.19
80.17
80.16
80.13
80.14
80.14
80.12
80.11
80.06
80.05
80.04
80.03
80.02
80.04
80.05
80.05
80.06
80.09
80.09
80.10
80.09
80.06
80.08
80.06
80.05
80.05
80.07
80.09
80.09
80.09
80.11
80.09
80.08
80.05
80.06
80.01
79.99
79.99
80.00
80.03
80.04
80.06
80.08
80.08
80.08
80.06
80.08
80.09
80.10
80.13
80.13
80.15
80.18
80.18
80.16
80.15
80.15
80.16
80.18
80.18
80.19
80.19
80.20
80.22
80.21
80.22
80.26
80.26
80.27
80.28
80.30
80.31
80.30
80.31
80.29
80.29
80.32
80.32
80.30
80.33
80.31
80.31
80.32
80.31
80.29
80.30
80.30
80.28
80.26
80.28
80.26
80.25
80.24
80.25
80.26
80.22
80.23
80.24
80.25
80.25
80.26
80.26
80.24
80.24
80.22
80.23
80.21
80.24
80.24
80.22
80.22
80.20
80.20
80.20
80.20
80.21
80.21
80.21
80.19
80.18
80.18
80.16
80.19
80.19
80.19
80.18
80.20
80.21
80.22
80.21
80.22
80.23
80.25
80.25
80.26
80.25
80.25
80.24
80.26
80.25
80.25
80.23
80.24
80.25
80.25
80.25
80.25
80.24
80.23
80.24
80.21
80.22
80.21
80.21
80.20
80.19
80.18
80.16
80.18
80.18
80.18
80.17
80.19
80.20
80.19
80.19
80.18
80.18
80.19
80.19
80.18
80.21
80.22
80.21
80.21
80.22
80.21
80.22
80.22
80.20
80.21
80.20
80.19
80.19
80.19
80.19
80.21
80.22
80.23
80.22
80.20
80.19
80.21
80.22
80.22
80.22
80.22
80.20
80.20
80.19
80.20
80.18
80.20
80.19
80.21
80.21
80.20
80.21
80.22
80.20
80.20
80.20
80.22
80.22
80.23
80.23
80.20
80.20
80.18
80.19
80.18
80.18
80.17
80.17
80.17
80.18
80.17
80.18
80.18
80.18
80.17
80.17
80.16
80.17
80.17
80.16
80.17
80.17
80.18
80.18
80.20
80.19
80.19
80.18
80.19
80.18
80.19
80.20
80.20
80.20
80.18
80.19
80.19
80.21
80.21
80.21
80.21
80.23
80.24
80.23
80.23
80.23
80.25
80.25
80.26
80.25
80.25
80.23
80.23
80.23
80.21
80.21
80.21
80.23
80.23
80.23
80.23
80.22
80.22
80.22
80.23
80.24
80.24
80.24
80.23
80.24
80.23
80.23
80.24
80.24
80.25
80.25
80.25
80.24
80.25
80.25
80.26
80.25
80.24
80.25
80.25
80.26
80.27
80.26
80.26
80.26
80.26
80.25
80.26
80.26
80.28
80.28
80.29
80.30
80.31
80.29
80.29
80.29
80.28
80.28
80.27
80.28
80.28
80.29
80.28
80.28
80.27
80.28
80.27
80.27
80.27
80.27
80.28
80.30
80.31
80.30
80.31
80.32
80.31
80.32
80.32
80.33
80.32
80.33
80.34
80.34
80.34
80.35
80.35
80.36
80.36
80.37
80.34
80.35
80.36
80.38
80.39
80.39
80.40
80.42
80.42
80.42
80.43
80.42
80.43
80.44
80.45
80.46
80.47
80.46
80.47
80.48
80.48
80.48
80.48
80.48
80.50
80.49
80.49
80.49
80.50
80.51
80.51
80.50
80.50
80.50
80.50
80.49
80.49
80.49
80.48
80.48
80.49
80.50
80.51
80.52
80.52
80.53
80.52
80.52
80.52
80.52
80.52
80.51
80.50
80.49
80.49
80.48
80.49
80.47
80.47
80.47
80.46
80.46
80.47
80.47
80.48
80.48
80.49
80.48
80.48
80.49
80.49
80.50
80.50
80.50
80.51
80.51
80.50
80.51
80.50
80.49
80.50
80.50
80.50
80.50
80.50
80.50
80.50
80.50
80.50
80.50
80.49
80.48
80.48
80.49
80.48
80.49
80.48
80.48
80.49
80.49
80.49
80.49
80.48
80.48
80.48
80.49
80.49
80.49
80.50
80.50
80.51
80.51
80.51
80.52
80.53
80.53
80.53
80.53
80.53
80.52
80.52
80.51
80.52
80.52
80.52
80.51
80.52
80.51
80.50
80.51
80.51
80.51
80.50
80.50
80.50
80.50
80.49
80.50
80.49
80.48
80.48
80.49
80.49
80.49
80.49
80.49
80.47
80.47
80.47
80.47
80.48
80.48
80.47
80.47
80.47
80.46
80.46
80.47
80.47
80.47
80.47
80.46
80.46
80.47
80.47
80.48
80.48
80.48
80.48
80.47
80.46
80.46
80.47
80.45
80.45
80.46
80.38
