82.81
83.59
82.29
82.81
81.88
81.77
81.47
80.47
80.21
79.84
78.69
78.52
78.25
77.90
78.44
78.81
79.04
78.47
78.37
78.36
77.90
78.12
78.26
78.26
78.44
78.37
78.07
78.07
78.18
78.18
78.07
78.03
78.03
78.08
77.99
77.69
77.53
77.47
77.64
77.66
77.78
77.79
77.83
77.84
77.88
77.72
77.63
77.57
77.33
77.31
77.39
77.55
77.74
77.84
77.90
77.93
77.96
77.86
77.94
77.86
77.92
78.00
78.00
77.98
77.98
77.98
78.03
78.08
78.08
78.12
78.06
78.17
78.23
78.15
78.21
78.25
78.08
78.06
78.07
78.11
78.11
78.11
78.03
78.09
78.00
77.94
77.93
77.89
77.86
77.92
78.00
78.09
78.14
78.14
78.14
78.09
78.11
78.16
78.16
78.20
78.28
78.32
78.38
78.35
78.38
78.42
78.42
78.50
78.44
78.39
78.36
78.38
78.28
78.34
78.29
78.27
78.18
78.20
78.26
78.19
78.18
78.16
78.21
78.21
78.17
78.19
78.17
78.21
78.19
78.20
78.16
78.20
78.28
78.30
78.26
78.26
78.28
78.31
78.38
78.38
78.37
78.39
78.40
78.36
78.27
78.30
78.28
78.30
78.31
78.32
78.32
78.35
78.37
78.35
78.37
78.37
78.41
78.41
78.49
78.53
78.46
78.46
78.50
78.55
78.56
78.52
78.53
78.47
78.51
78.55
78.54
78.53
78.53
78.55
78.54
78.56
78.54
78.50
78.53
78.55
78.58
78.61
78.62
78.66
78.63
78.65
78.62
78.64
78.66
78.61
78.59
78.61
78.67
78.68
78.69
78.71
78.70
78.66
78.70
78.66
78.66
78.66
78.59
78.55
78.61
78.62
78.62
78.61
78.67
78.65
78.66
78.66
78.70
78.73
78.74
78.73
78.71
78.72
78.72
78.74
78.77
78.82
78.82
78.85
78.88
78.87
78.88
78.89
78.90
78.86
78.88
78.88
78.84
78.86
78.86
78.84
78.86
78.85
78.86
78.83
78.85
78.85
78.86
78.87
78.88
78.89
78.90
78.89
78.90
78.87
78.91
78.91
78.90
78.89
78.93
78.92
78.95
78.94
78.96
78.98
79.00
78.99
78.98
78.98
79.00
79.01
78.99
78.99
79.01
79.00
79.03
79.06
79.07
79.05
79.06
79.09
79.11
79.11
79.11
79.11
79.11
79.14
79.12
79.11
79.13
79.12
79.11
79.11
79.11
79.08
79.10
79.11
79.11
79.09
79.09
79.07
79.05
79.06
79.08
79.08
79.10
79.10
79.10
79.11
79.09
79.08
79.07
79.07
79.09
79.09
79.09
79.08
79.08
79.10
79.10
79.09
79.10
79.12
79.12
79.13
79.11
79.13
79.10
79.09
79.07
79.05
79.07
79.08
79.09
79.11
79.08
79.08
79.07
79.09
79.10
79.11
79.10
79.11
79.11
79.13
79.14
79.13
79.14
79.13
79.15
79.14
79.14
79.14
79.15
79.17
79.18
79.17
79.17
79.17
79.17
79.17
79.20
79.21
79.21
79.21
79.21
79.21
79.21
79.21
79.22
79.21
79.18
79.12
79.11
79.09
79.11
79.10
79.08
79.12
79.08
79.08
79.09
79.11
79.09
79.11
79.11
79.11
79.13
79.13
79.13
79.11
79.13
79.10
79.12
79.12
79.13
79.11
79.11
79.14
79.15
79.12
79.12
79.12
79.14
79.16
79.14
79.15
79.13
79.15
79.16
79.16
79.16
79.13
79.14
79.13
79.14
79.13
79.12
79.12
79.13
79.13
79.14
79.12
79.14
79.13
79.15
79.12
79.12
79.12
79.13
79.15
79.16
79.15
79.16
79.14
79.14
79.16
79.14
79.15
79.15
79.16
79.18
79.19
79.21
79.22
79.20
79.21
79.22
79.22
79.22
79.23
79.24
79.24
79.25
79.25
79.24
79.26
79.27
79.26
79.26
79.27
79.27
79.28
79.28
79.30
79.32
79.31
79.30
79.30
79.30
79.29
79.28
79.27
79.28
79.30
79.31
79.31
79.32
79.32
79.32
79.31
79.31
79.32
79.32
79.30
79.32
79.32
79.33
79.31
79.32
79.31
79.32
79.32
79.31
79.32
79.32
79.33
79.32
79.31
79.31
79.32
79.33
79.32
79.32
79.32
79.32
79.33
79.32
79.33
79.35
79.35
79.35
79.37
79.38
79.38
79.38
79.39
79.39
79.39
79.37
79.36
79.37
79.37
79.37
79.38
79.39
79.39
79.38
79.39
79.40
79.40
79.41
79.39
79.40
79.40
79.39
79.39
79.39
79.38
79.40
79.38
79.37
79.38
79.37
79.38
79.40
79.40
79.38
79.38
79.39
79.39
79.40
79.39
79.39
79.39
79.38
79.39
79.39
79.39
79.40
79.41
79.38
79.38
79.37
79.38
79.38
79.38
79.39
79.40
79.42
79.39
79.41
79.40
79.39
79.39
79.38
79.37
79.37
79.34
79.34
79.34
79.34
79.32
79.33
79.30
79.30
79.30
79.30
79.29
79.30
79.29
79.26
79.27
79.28
79.25
79.24
79.25
79.25
79.25
79.26
79.26
79.25
79.25
79.25
79.26
79.25
79.25
79.25
79.25
79.25
79.24
79.25
79.26
79.27
79.28
79.30
79.31
79.32
79.31
79.32
79.32
79.32
79.33
79.32
79.33
79.35
79.35
79.35
79.33
79.33
79.34
79.33
79.34
79.34
79.32
79.33
79.32
79.31
79.31
79.31
79.32
79.33
79.33
79.33
79.33
79.33
79.34
79.32
79.32
79.31
79.32
79.32
79.33
79.33
79.32
79.32
79.33
79.34
79.34
79.33
79.33
79.31
79.29
79.27
79.29
79.29
79.28
79.29
79.29
79.29
79.29
79.30
79.30
79.31
79.30
79.29
79.31
79.30
79.31
79.31
79.31
79.30
79.31
79.32
79.32
79.32
79.32
79.31
79.32
79.32
79.32
79.32
79.32
79.32
79.33
79.32
79.32
79.32
79.32
79.33
79.32
79.32
79.31
79.30
79.31
79.31
79.32
79.33
79.34
79.34
79.34
79.35
79.34
79.34
79.36
79.35
79.36
79.37
79.37
79.37
79.38
79.38
79.39
79.39
79.41
79.40
79.39
79.39
79.39
79.39
79.39
79.40
79.39
79.39
79.40
79.40
79.40
79.42
79.43
79.43
79.44
79.44
79.44
79.44
79.43
79.43
79.43
79.43
79.42
79.43
79.44
79.43
79.43
79.43
79.41
79.42
79.42
79.42
79.41
79.40
79.40
79.40
79.39
79.38
79.38
79.38
79.38
79.37
79.35
79.37
79.37
79.37
79.36
79.36
79.34
79.35
79.36
79.36
79.36
79.36
79.35
79.35
79.35
79.37
79.36
79.37
79.29
