84.38
85.94
85.94
83.98
83.12
84.11
82.81
83.20
83.51
82.81
82.67
82.29
82.57
82.25
82.19
81.74
81.53
81.77
81.91
82.27
82.37
82.74
82.74
82.55
82.56
82.57
82.70
82.81
82.81
82.60
82.76
82.71
82.72
82.72
82.86
82.86
82.64
82.48
82.45
82.38
82.32
82.40
82.30
82.32
82.47
82.40
82.35
82.32
82.33
82.28
82.17
82.15
82.08
82.00
82.10
82.00
81.94
82.00
82.12
82.06
82.07
82.16
82.14
82.20
82.16
82.08
82.04
82.12
82.09
82.14
82.15
82.18
82.26
82.26
82.17
82.24
82.14
82.19
82.24
82.29
82.27
82.30
82.29
82.35
82.35
82.34
82.38
82.37
82.39
82.36
82.35
82.35
82.33
82.26
82.27
82.32
82.26
82.30
82.29
82.38
82.33
82.34
82.36
82.38
82.32
82.31
82.32
82.36
82.33
82.29
82.28
82.21
82.22
82.22
82.16
82.19
82.29
82.23
82.23
82.20
82.21
82.27
82.29
82.33
82.21
82.22
82.27
82.29
82.30
82.30
82.31
82.32
82.33
82.25
82.27
82.28
82.25
82.29
82.28
82.27
82.28
82.30
82.34
82.35
82.37
82.38
82.42
82.41
82.33
82.27
82.27
82.26
82.25
82.23
82.24
82.23
82.18
82.20
82.22
82.23
82.23
82.21
82.15
82.16
82.05
82.05
82.08
82.07
82.07
82.08
82.12
82.16
82.12
82.12
82.16
82.13
82.15
82.12
82.11
82.09
82.11
82.11
82.16
82.16
82.16
82.18
82.21
82.21
82.18
82.23
82.20
82.19
82.20
82.15
82.16
82.17
82.19
82.19
82.15
82.15
82.16
82.15
82.17
82.17
82.18
82.19
82.23
82.22
82.20
82.17
82.20
82.17
82.17
82.20
82.19
82.18
82.19
82.19
82.13
82.16
82.18
82.16
82.15
82.14
82.14
82.16
82.14
82.12
82.12
82.12
82.11
82.11
82.10
82.10
82.10
82.10
82.11
82.12
82.09
82.12
82.09
82.10
82.12
82.13
82.12
82.15
82.17
82.13
82.13
82.14
82.13
82.14
82.14
82.16
82.18
82.18
82.19
82.19
82.19
82.17
82.15
82.17
82.15
82.16
82.13
82.14
82.13
82.12
82.09
82.08
82.09
82.12
82.09
82.11
82.10
82.10
82.08
82.09
82.08
82.10
82.11
82.11
82.14
82.15
82.15
82.16
82.16
82.17
82.17
82.18
82.19
82.21
82.21
82.19
82.19
82.21
82.22
82.25
82.27
82.26
82.26
82.27
82.27
82.27
82.27
82.29
82.27
82.28
82.27
82.27
82.27
82.26
82.25
82.26
82.25
82.25
82.27
82.26
82.25
82.26
82.26
82.25
82.26
82.27
82.27
82.30
82.30
82.27
82.26
82.28
82.30
82.30
82.31
82.34
82.33
82.32
82.32
82.33
82.34
82.34
82.33
82.32
82.33
82.33
82.33
82.34
82.36
82.35
82.36
82.38
82.39
82.40
82.41
82.42
82.41
82.44
82.41
82.41
82.41
82.41
82.42
82.41
82.42
82.41
82.39
82.39
82.40
82.40
82.40
82.40
82.42
82.43
82.42
82.42
82.43
82.44
82.44
82.43
82.42
82.41
82.41
82.41
82.41
82.38
82.37
82.36
82.36
82.33
82.34
82.32
82.30
82.31
82.30
82.31
82.30
82.30
82.29
82.30
82.30
82.27
82.27
82.25
82.25
82.24
82.24
82.25
82.24
82.23
82.21
82.18
82.16
82.16
82.13
82.13
82.14
82.12
82.10
82.11
82.12
82.12
82.11
82.12
82.12
82.10
82.10
82.09
82.10
82.11
82.12
82.10
82.09
82.09
82.07
82.07
82.05
82.07
82.08
82.07
82.06
82.05
82.04
82.03
82.03
82.04
82.05
82.06
82.05
82.06
82.06
82.06
82.06
82.05
82.06
82.04
82.05
82.04
82.04
82.03
82.03
82.05
82.05
82.04
82.04
82.03
82.04
82.04
82.05
82.05
82.04
82.05
82.03
82.03
82.03
82.02
82.02
82.01
82.03
82.04
82.05
82.04
82.05
82.05
82.06
82.06
82.07
82.07
82.07
82.08
82.08
82.07
82.09
82.10
82.12
82.10
82.10
82.11
82.12
82.13
82.13
82.13
82.12
82.12
82.11
82.12
82.12
82.11
82.09
82.10
82.10
82.09
82.08
82.07
82.08
82.08
82.09
82.08
82.06
82.07
82.08
82.07
82.06
82.06
82.05
82.05
82.05
82.03
82.03
82.05
82.04
82.05
82.04
82.05
82.04
82.05
82.06
82.05
82.06
82.07
82.06
82.06
82.05
82.05
82.05
82.04
82.04
82.04
82.05
82.05
82.05
82.05
82.03
82.02
82.02
82.02
82.04
82.03
82.02
82.02
82.00
82.00
82.00
82.00
81.99
82.01
82.02
82.03
82.02
82.00
82.00
81.99
81.98
81.97
81.97
81.98
81.99
81.99
82.00
82.00
81.99
82.00
81.99
82.00
82.00
82.00
82.00
81.99
82.00
82.00
81.98
82.00
82.00
82.01
82.01
82.01
82.01
82.01
82.01
82.01
82.01
82.03
82.02
82.01
82.02
82.01
82.00
82.01
82.01
82.02
82.03
82.01
82.00
82.00
82.00
81.98
81.98
81.98
81.98
81.97
81.97
81.96
81.96
81.96
81.95
81.96
81.95
81.95
81.95
81.95
81.97
81.96
81.95
81.95
81.94
81.94
81.95
81.95
81.95
81.97
81.97
81.96
81.95
81.94
81.94
81.94
81.95
81.96
81.97
81.97
81.97
81.99
81.98
81.99
81.98
81.98
81.99
82.00
81.99
81.99
81.99
82.00
82.01
82.00
81.99
81.99
81.99
81.98
81.98
81.98
81.99
81.98
81.99
81.99
82.00
81.99
81.98
81.96
81.96
81.94
81.94
81.95
81.96
81.97
81.95
81.95
81.95
81.95
81.94
81.94
81.93
81.92
81.92
81.93
81.93
81.93
81.93
81.94
81.95
81.96
81.96
81.96
81.97
81.97
81.96
81.95
81.96
81.96
81.96
81.98
81.98
81.98
81.98
81.99
81.99
82.00
81.98
81.98
81.98
81.99
82.00
81.99
81.99
82.00
81.99
81.99
81.99
82.00
81.99
81.98
81.98
81.98
81.98
81.97
81.97
81.97
81.97
81.98
81.98
81.98
81.99
81.99
81.99
82.00
81.99
81.99
81.99
81.99
81.99
81.99
81.98
81.99
81.98
81.97
81.97
81.98
81.97
81.97
81.97
81.97
81.97
81.97
81.97
81.97
81.97
81.98
81.98
81.98
81.98
81.97
81.97
81.97
81.98
81.97
81.96
81.97
81.98
81.97
81.97
81.98
81.96
81.97
81.97
81.89
