81.25
85.94
84.38
83.59
81.25
82.03
82.14
80.27
80.90
81.25
80.97
80.99
81.13
81.92
81.98
82.23
82.44
82.99
82.48
82.89
82.37
82.39
82.61
82.29
82.25
82.33
82.35
82.37
82.44
82.40
82.51
82.67
82.53
82.67
82.46
82.38
82.52
82.32
82.37
82.42
82.36
82.29
82.19
82.17
82.15
82.13
82.18
82.13
82.11
82.25
82.26
82.30
82.22
82.18
82.13
82.20
82.18
82.19
82.28
82.45
82.30
82.38
82.42
82.47
82.50
82.53
82.49
82.51
82.54
82.59
82.64
82.64
82.64
82.52
82.46
82.48
82.47
82.49
82.44
82.44
82.45
82.51
82.61
82.61
82.68
82.74
82.76
82.76
82.76
82.71
82.66
82.76
82.75
82.71
82.65
82.63
82.65
82.67
82.69
82.66
82.66
82.71
82.77
82.74
82.65
82.74
82.71
82.61
82.60
82.60
82.53
82.51
82.54
82.55
82.58
82.57
82.55
82.53
82.50
82.42
82.43
82.47
82.41
82.41
82.44
82.43
82.44
82.51
82.51
82.58
82.57
82.58
82.53
82.53
82.51
82.54
82.56
82.56
82.60
82.62
82.61
82.64
82.64
82.65
82.63
82.64
82.63
82.63
82.66
82.64
82.65
82.63
82.62
82.56
82.58
82.62
82.61
82.59
82.59
82.59
82.55
82.56
82.58
82.54
82.51
82.49
82.48
82.51
82.45
82.44
82.44
82.41
82.42
82.43
82.41
82.37
82.33
82.36
82.36
82.36
82.35
82.33
82.32
82.37
82.38
82.38
82.36
82.35
82.32
82.34
82.29
82.24
82.21
82.23
82.22
82.19
82.21
82.20
82.19
82.22
82.25
82.27
82.27
82.29
82.31
82.28
82.28
82.26
82.23
82.26
82.26
82.24
82.28
82.29
82.29
82.29
82.30
82.24
82.24
82.27
82.25
82.28
82.29
82.28
82.25
82.25
82.27
82.26
82.27
82.30
82.26
82.29
82.29
82.28
82.29
82.30
82.27
82.27
82.26
82.25
82.25
82.24
82.27
82.27
82.30
82.29
82.31
82.31
82.31
82.29
82.31
82.30
82.28
82.29
82.33
82.33
82.34
82.38
82.37
82.36
82.36
82.37
82.40
82.37
82.38
82.40
82.40
82.39
82.32
82.33
82.32
82.33
82.35
82.37
82.37
82.37
82.37
82.33
82.33
82.35
82.36
82.35
82.37
82.33
82.35
82.35
82.33
82.34
82.36
82.38
82.36
82.36
82.36
82.37
82.37
82.39
82.39
82.40
82.42
82.39
82.40
82.39
82.39
82.39
82.39
82.40
82.35
82.37
82.37
82.38
82.40
82.41
82.41
82.44
82.46
82.44
82.42
82.44
82.44
82.44
82.46
82.48
82.48
82.49
82.51
82.50
82.50
82.46
82.44
82.46
82.47
82.48
82.46
82.46
82.48
82.47
82.49
82.49
82.49
82.47
82.44
82.41
82.42
82.41
82.42
82.39
82.39
82.40
82.39
82.39
82.40
82.42
82.41
82.43
82.43
82.43
82.44
82.44
82.44
82.46
82.48
82.47
82.49
82.50
82.50
82.51
82.50
82.51
82.50
82.47
82.46
82.45
82.45
82.44
82.44
82.43
82.44
82.44
82.44
82.43
82.44
82.45
82.45
82.44
82.45
82.44
82.43
82.44
82.41
82.42
82.42
82.40
82.40
82.39
82.39
82.37
82.37
82.36
82.36
82.36
82.36
82.35
82.34
82.34
82.33
82.32
82.32
82.32
82.33
82.34
82.34
82.32
82.30
82.30
82.30
82.28
82.30
82.30
82.29
82.28
82.27
82.26
82.26
82.28
82.28
82.28
82.27
82.27
82.27
82.26
82.26
82.26
82.23
82.23
82.22
82.21
82.20
82.20
82.18
82.19
82.20
82.19
82.20
82.18
82.19
82.19
82.19
82.19
82.19
82.20
82.22
82.21
82.21
82.20
82.20
82.20
82.19
82.18
82.19
82.19
82.18
82.17
82.17
82.17
82.18
82.18
82.17
82.17
82.18
82.18
82.18
82.17
82.17
82.17
82.17
82.17
82.16
82.16
82.14
82.15
82.14
82.13
82.14
82.13
82.13
82.13
82.15
82.13
82.13
82.11
82.11
82.12
82.12
82.13
82.11
82.12
82.11
82.10
82.09
82.09
82.08
82.07
82.07
82.08
82.08
82.07
82.06
82.06
82.06
82.05
82.04
82.06
82.05
82.05
82.05
82.06
82.07
82.06
82.07
82.08
82.07
82.07
82.07
82.07
82.06
82.07
82.05
82.04
82.02
82.03
82.03
82.02
82.03
82.03
82.02
82.02
82.03
82.04
82.04
82.05
82.06
82.06
82.04
82.03
82.03
82.03
82.01
82.01
82.01
82.01
82.00
82.01
82.01
82.01
82.01
82.01
82.00
82.01
82.03
82.01
82.02
82.02
82.02
82.01
82.02
82.01
82.00
81.98
81.97
81.96
81.96
81.95
81.95
81.95
81.95
81.94
81.94
81.93
81.94
81.93
81.93
81.93
81.93
81.92
81.92
81.92
81.93
81.94
81.95
81.95
81.95
81.96
81.97
81.96
81.97
81.97
81.97
81.99
81.98
81.98
81.98
81.98
81.98
81.99
82.00
82.00
81.99
81.98
81.97
81.98
81.99
81.99
82.00
82.00
82.00
82.01
82.00
82.00
82.00
82.01
82.01
82.00
82.00
82.00
82.00
82.01
82.01
82.00
82.00
81.99
81.99
81.99
81.97
81.97
81.96
81.96
81.94
81.93
81.91
81.90
81.91
81.91
81.90
81.90
81.90
81.90
81.90
81.90
81.90
81.89
81.90
81.89
81.90
81.89
81.90
81.90
81.89
81.91
81.91
81.90
81.90
81.90
81.90
81.91
81.90
81.91
81.92
81.91
81.91
81.90
81.90
81.89
81.89
81.88
81.89
81.90
81.89
81.89
81.88
81.89
81.90
81.91
81.92
81.92
81.93
81.92
81.92
81.92
81.91
81.90
81.90
81.90
81.91
81.91
81.90
81.89
81.90
81.90
81.90
81.90
81.90
81.90
81.90
81.89
81.90
81.91
81.92
81.92
81.92
81.93
81.93
81.93
81.93
81.93
81.93
81.92
81.93
81.92
81.92
81.93
81.94
81.95
81.95
81.96
81.96
81.96
81.97
81.97
81.96
81.95
81.95
81.95
81.96
81.96
81.96
81.95
81.95
81.95
81.95
81.94
81.95
81.95
81.94
81.94
81.94
81.94
81.93
81.93
81.94
81.92
81.93
81.92
81.92
81.91
81.91
81.90
81.91
81.90
81.91
81.92
81.93
81.95
81.95
81.97
81.97
81.97
81.97
81.97
81.97
81.96
81.97
81.97
81.98
81.97
81.97
81.96
81.96
81.96
81.96
81.95
81.95
81.87
