76.56
82.81
84.38
82.42
84.38
83.07
83.48
84.18
84.90
82.81
82.95
82.03
81.49
81.58
81.56
81.64
81.80
82.03
82.65
82.89
82.51
82.74
82.74
82.68
82.31
82.21
82.12
82.14
82.17
82.08
81.96
81.59
81.68
81.76
81.74
81.77
82.01
82.20
82.29
82.34
82.36
82.40
82.52
82.35
82.26
82.07
82.15
82.13
82.21
82.16
82.29
82.27
82.19
82.18
82.16
81.95
81.91
81.98
82.10
82.11
82.20
82.16
82.17
82.08
82.04
82.05
81.97
81.99
82.00
82.01
82.06
82.12
82.21
82.12
82.19
82.24
82.26
82.19
82.12
82.05
82.02
81.94
81.97
81.98
82.00
82.01
81.97
81.94
81.99
82.00
82.02
82.08
82.07
82.06
82.02
82.00
82.02
81.98
82.04
82.11
82.09
82.08
82.04
82.09
82.14
82.12
82.05
82.10
82.12
82.07
82.11
82.00
82.00
81.92
81.96
81.98
81.98
81.99
81.89
81.91
81.83
81.86
81.89
81.92
81.94
81.93
81.88
81.86
81.87
81.79
81.77
81.74
81.70
81.68
81.67
81.62
81.55
81.54
81.56
81.53
81.54
81.50
81.58
81.60
81.53
81.53
81.49
81.45
81.39
81.36
81.38
81.46
81.44
81.44
81.47
81.45
81.43
81.43
81.40
81.37
81.35
81.36
81.33
81.34
81.34
81.30
81.32
81.34
81.34
81.32
81.34
81.36
81.38
81.38
81.37
81.38
81.41
81.40
81.48
81.48
81.51
81.50
81.50
81.50
81.50
81.51
81.51
81.54
81.55
81.52
81.52
81.51
81.54
81.47
81.46
81.51
81.50
81.49
81.52
81.52
81.54
81.55
81.53
81.53
81.59
81.61
81.61
81.60
81.62
81.61
81.61
81.60
81.64
81.63
81.65
81.63
81.66
81.66
81.65
81.69
81.71
81.71
81.71
81.68
81.70
81.69
81.70
81.68
81.69
81.67
81.66
81.60
81.57
81.56
81.54
81.51
81.52
81.56
81.56
81.56
81.57
81.56
81.58
81.63
81.65
81.65
81.68
81.67
81.65
81.64
81.66
81.67
81.66
81.66
81.67
81.67
81.62
81.62
81.61
81.63
81.62
81.60
81.58
81.59
81.61
81.58
81.60
81.61
81.61
81.64
81.65
81.63
81.64
81.66
81.66
81.64
81.65
81.64
81.64
81.65
81.66
81.66
81.65
81.64
81.65
81.67
81.66
81.68
81.68
81.64
81.64
81.65
81.68
81.65
81.65
81.65
81.66
81.65
81.66
81.67
81.68
81.65
81.67
81.66
81.66
81.65
81.65
81.65
81.64
81.64
81.65
81.65
81.66
81.67
81.66
81.65
81.64
81.63
81.63
81.62
81.61
81.61
81.59
81.59
81.60
81.62
81.62
81.62
81.64
81.65
81.64
81.65
81.64
81.64
81.66
81.65
81.62
81.64
81.65
81.65
81.64
81.66
81.66
81.65
81.66
81.66
81.66
81.67
81.68
81.68
81.68
81.66
81.67
81.66
81.68
81.69
81.70
81.70
81.71
81.72
81.73
81.69
81.70
81.70
81.70
81.73
81.74
81.76
81.76
81.77
81.78
81.78
81.79
81.79
81.80
81.79
81.80
81.81
81.81
81.83
81.84
81.82
81.82
81.81
81.81
81.80
81.82
81.81
81.81
81.79
81.81
81.82
81.81
81.81
81.83
81.82
81.82
81.83
81.85
81.85
81.86
81.88
81.89
81.88
81.88
81.89
81.90
81.92
81.92
81.94
81.95
81.96
81.95
81.94
81.94
81.94
81.96
81.95
81.95
81.96
81.95
81.95
81.97
81.96
81.96
81.99
81.99
82.02
82.01
82.03
82.04
82.05
82.06
82.05
82.05
82.05
82.04
82.04
82.03
82.02
82.02
82.00
82.00
81.99
81.99
81.99
82.00
82.01
82.01
82.03
82.02
82.00
81.99
81.97
81.97
81.97
81.97
81.96
81.96
81.97
81.97
81.97
81.97
81.96
81.96
81.96
81.97
81.98
81.98
81.96
81.97
81.95
81.95
81.95
81.95
81.94
81.93
81.93
81.93
81.93
81.92
81.90
81.90
81.89
81.89
81.91
81.90
81.90
81.90
81.88
81.89
81.91
81.89
81.90
81.90
81.90
81.93
81.92
81.93
81.92
81.90
81.93
81.93
81.93
81.93
81.95
81.92
81.92
81.93
81.92
81.93
81.93
81.94
81.93
81.92
81.94
81.95
81.95
81.93
81.93
81.93
81.92
81.93
81.92
81.92
81.92
81.92
81.92
81.92
81.91
81.93
81.93
81.93
81.92
81.91
81.93
81.93
81.92
81.93
81.93
81.93
81.94
81.95
81.96
81.97
81.99
81.97
81.97
81.98
81.98
81.99
81.98
81.97
81.97
81.97
81.97
81.98
81.98
81.99
81.98
81.98
81.99
81.98
81.99
82.00
81.99
81.99
81.99
81.99
82.00
81.99
82.00
82.00
82.00
82.01
82.02
82.02
82.01
82.00
81.98
81.99
81.97
81.98
81.97
81.97
81.97
81.98
81.97
81.97
81.97
81.96
81.94
81.95
81.95
81.95
81.97
81.97
81.98
81.98
81.97
81.96
81.96
81.96
81.96
81.95
81.94
81.94
81.94
81.94
81.95
81.95
81.94
81.96
81.95
81.94
81.94
81.94
81.94
81.94
81.94
81.94
81.94
81.95
81.96
81.96
81.96
81.96
81.96
81.95
81.96
81.96
81.96
81.95
81.94
81.94
81.93
81.93
81.91
81.92
81.91
81.92
81.92
81.92
81.91
81.92
81.93
81.93
81.93
81.92
81.92
81.93
81.94
81.93
81.93
81.92
81.92
81.91
81.91
81.90
81.91
81.91
81.91
81.91
81.91
81.90
81.90
81.90
81.89
81.90
81.91
81.92
81.91
81.91
81.91
81.90
81.91
81.92
81.92
81.92
81.92
81.93
81.93
81.94
81.94
81.93
81.95
81.96
81.95
81.95
81.95
81.95
81.94
81.93
81.93
81.92
81.92
81.93
81.93
81.91
81.91
81.90
81.90
81.90
81.90
81.90
81.91
81.92
81.92
81.93
81.94
81.92
81.92
81.92
81.92
81.92
81.93
81.92
81.93
81.93
81.94
81.95
81.95
81.95
81.95
81.94
81.95
81.94
81.94
81.94
81.95
81.95
81.94
81.95
81.95
81.96
81.97
81.96
81.96
81.95
81.97
81.97
81.97
81.97
81.97
81.97
81.97
81.97
81.98
81.97
81.96
81.96
81.96
81.96
81.96
81.97
81.97
81.97
81.96
81.95
81.94
81.94
81.95
81.93
81.93
81.94
81.94
81.93
81.94
81.94
81.95
81.96
81.96
81.97
81.98
81.97
81.98
81.99
81.99
81.99
82.00
81.99
81.91
