84.38
84.38
81.77
81.64
80.94
80.47
81.25
80.86
80.03
80.62
81.11
81.38
81.73
82.25
81.88
81.84
81.53
81.60
81.74
81.64
81.77
81.75
81.73
81.64
81.88
82.21
82.23
82.65
82.38
82.19
82.06
82.47
82.34
82.26
82.14
81.90
81.67
81.91
81.73
81.91
81.71
81.66
81.72
81.68
81.60
81.52
81.55
81.51
81.44
81.50
81.62
81.73
81.81
81.66
81.65
81.75
81.58
81.55
81.62
81.51
81.45
81.58
81.52
81.57
81.61
81.63
81.69
81.73
81.70
81.67
81.73
81.71
81.76
81.74
81.65
81.50
81.57
81.63
81.69
81.64
81.64
81.54
81.55
81.60
81.62
81.70
81.77
81.78
81.88
81.75
81.83
81.81
81.80
81.80
81.76
81.82
81.81
81.87
81.91
81.91
81.93
81.95
81.87
81.91
81.82
81.81
81.75
81.80
81.82
81.80
81.76
81.77
81.73
81.72
81.75
81.84
81.92
81.91
81.85
81.88
81.91
81.92
81.92
81.92
81.91
81.92
81.94
82.01
81.99
81.95
81.98
82.02
81.98
82.00
82.04
82.04
82.04
82.05
82.01
82.04
82.08
82.03
81.95
81.93
81.96
81.93
81.98
82.01
82.01
81.96
81.96
81.96
82.01
82.01
82.01
82.07
82.08
82.08
82.09
82.11
82.15
82.17
82.22
82.23
82.27
82.29
82.32
82.30
82.28
82.28
82.28
82.29
82.32
82.26
82.28
82.25
82.27
82.23
82.26
82.23
82.23
82.19
82.16
82.15
82.16
82.15
82.12
82.08
82.10
82.12
82.13
82.14
82.15
82.16
82.19
82.16
82.18
82.16
82.12
82.11
82.11
82.10
82.07
82.08
82.08
82.03
82.00
81.99
81.99
82.01
82.06
82.04
82.02
82.04
82.09
82.11
82.11
82.11
82.09
82.10
82.12
82.13
82.09
82.11
82.13
82.11
82.11
82.15
82.14
82.13
82.10
82.11
82.07
82.11
82.11
82.10
82.08
82.08
82.09
82.08
82.05
82.04
82.04
82.06
82.07
82.07
82.07
82.08
82.12
82.12
82.13
82.15
82.13
82.17
82.16
82.18
82.17
82.18
82.22
82.24
82.24
82.26
82.28
82.27
82.28
82.30
82.32
82.32
82.31
82.29
82.29
82.27
82.25
82.21
82.21
82.19
82.20
82.19
82.19
82.19
82.17
82.15
82.12
82.12
82.14
82.13
82.14
82.15
82.16
82.17
82.17
82.20
82.20
82.21
82.19
82.20
82.23
82.23
82.24
82.27
82.27
82.27
82.24
82.26
82.23
82.21
82.20
82.20
82.17
82.21
82.21
82.20
82.19
82.21
82.21
82.21
82.24
82.23
82.23
82.24
82.20
82.23
82.25
82.24
82.24
82.23
82.22
82.22
82.22
82.20
82.20
82.21
82.19
82.20
82.17
82.18
82.18
82.18
82.16
82.16
82.18
82.20
82.18
82.20
82.18
82.18
82.18
82.18
82.16
82.17
82.19
82.19
82.18
82.19
82.19
82.22
82.24
82.25
82.25
82.24
82.25
82.25
82.26
82.27
82.28
82.26
82.28
82.28
82.28
82.29
82.31
82.33
82.32
82.32
82.34
82.33
82.34
82.33
82.35
82.34
82.35
82.35
82.35
82.35
82.36
82.33
82.34
82.31
82.31
82.31
82.31
82.31
82.31
82.32
82.30
82.30
82.32
82.31
82.31
82.31
82.31
82.32
82.33
82.35
82.32
82.31
82.31
82.29
82.29
82.29
82.32
82.33
82.34
82.34
82.34
82.32
82.33
82.32
82.31
82.31
82.32
82.29
82.28
82.28
82.28
82.29
82.30
82.29
82.28
82.28
82.28
82.26
82.25
82.25
82.23
82.23
82.24
82.23
82.22
82.22
82.22
82.21
82.22
82.23
82.23
82.23
82.22
82.23
82.22
82.22
82.22
82.23
82.23
82.24
82.25
82.24
82.25
82.25
82.24
82.25
82.26
82.27
82.27
82.29
82.26
82.24
82.24
82.23
82.22
82.21
82.21
82.19
82.19
82.20
82.19
82.19
82.19
82.18
82.19
82.19
82.19
82.20
82.20
82.20
82.20
82.20
82.21
82.22
82.23
82.23
82.23
82.23
82.22
82.20
82.18
82.17
82.16
82.18
82.18
82.15
82.16
82.14
82.14
82.13
82.12
82.11
82.11
82.11
82.11
82.09
82.09
82.10
82.09
82.09
82.08
82.06
82.07
82.08
82.07
82.05
82.04
82.04
82.05
82.06
82.07
82.07
82.06
82.08
82.07
82.05
82.04
82.05
82.06
82.06
82.07
82.05
82.04
82.06
82.06
82.07
82.08
82.09
82.06
82.06
82.07
82.05
82.04
82.05
82.06
82.06
82.05
82.05
82.04
82.04
82.02
82.02
82.01
82.02
82.00
82.01
82.00
82.01
82.01
82.02
82.02
82.02
82.02
82.02
82.01
82.01
82.02
82.01
82.01
82.01
82.01
82.00
82.01
82.01
81.99
82.00
81.98
81.98
81.97
81.98
81.99
81.99
81.99
81.99
81.97
81.97
81.96
81.95
81.95
81.95
81.95
81.95
81.95
81.95
81.95
81.95
81.94
81.96
81.96
81.96
81.96
81.95
81.96
81.93
81.94
81.94
81.94
81.94
81.95
81.95
81.95
81.94
81.95
81.96
81.96
81.96
81.96
81.95
81.94
81.94
81.94
81.93
81.93
81.92
81.92
81.92
81.93
81.94
81.93
81.93
81.93
81.93
81.92
81.93
81.92
81.92
81.93
81.93
81.94
81.95
81.95
81.96
81.96
81.96
81.97
81.97
81.97
81.97
81.97
81.97
81.97
81.98
81.98
81.98
81.99
81.99
81.98
81.98
81.99
81.99
81.99
81.99
81.99
82.00
81.98
81.98
81.97
81.97
81.97
81.97
81.97
81.95
81.95
81.96
81.96
81.96
81.96
81.95
81.96
81.96
81.96
81.96
81.96
81.96
81.94
81.95
81.96
81.97
81.97
81.97
81.97
81.98
81.96
81.97
81.96
81.96
81.96
81.97
81.97
81.96
81.96
81.96
81.95
81.95
81.96
81.96
81.97
81.95
81.95
81.95
81.95
81.96
81.96
81.96
81.96
81.97
81.96
81.95
81.94
81.95
81.95
81.95
81.96
81.96
81.96
81.96
81.96
81.95
81.96
81.96
81.95
81.95
81.95
81.94
81.95
81.93
81.94
81.94
81.94
81.95
81.95
81.96
81.96
81.95
81.96
81.95
81.94
81.96
81.96
81.96
81.96
81.97
81.97
81.97
81.97
81.99
81.99
81.97
81.98
81.98
81.98
81.99
81.99
81.99
81.99
82.00
82.00
81.99
81.99
81.99
81.99
81.99
81.99
81.99
81.99
81.99
81.99
81.92
