9.38
10.16
6.77
7.42
6.25
5.47
6.25
6.05
5.56
5.00
5.11
4.69
4.69
4.80
4.79
4.69
4.69
4.77
4.85
4.69
4.76
4.55
4.35
4.23
4.19
4.09
3.99
4.07
3.99
4.06
4.03
3.91
3.98
3.86
3.88
3.86
3.80
3.87
3.93
3.98
3.93
3.98
3.96
3.98
4.03
4.08
4.12
4.13
4.11
4.16
4.14
4.15
4.19
4.20
4.18
4.19
4.22
4.18
4.16
4.17
4.20
4.16
4.12
4.10
4.11
4.07
4.13
4.14
4.12
4.08
4.12
4.12
4.15
4.18
4.21
4.15
4.12
4.11
4.13
4.14
4.13
4.15
4.14
4.13
4.14
4.20
4.17
4.15
4.16
4.18
4.19
4.21
4.18
4.19
4.18
4.15
4.12
4.11
4.10
4.12
4.10
4.09
4.08
4.10
4.08
4.07
4.04
4.04
4.09
4.09
4.12
4.10
4.11
4.10
4.09
4.14
4.11
4.12
4.10
4.11
4.13
4.14
4.13
4.11
4.14
4.13
4.16
4.15
4.13
4.13
4.15
4.13
4.14
4.14
4.17
4.16
4.15
4.13
4.13
4.11
4.12
4.12
4.12
4.13
4.13
4.12
4.11
4.10
4.10
4.11
4.12
4.11
4.10
4.13
4.13
4.11
4.14
4.16
4.18
4.18
4.16
4.17
4.19
4.17
4.19
4.17
4.14
4.17
4.15
4.16
4.15
4.14
4.16
4.17
4.15
4.15
4.17
4.15
4.14
4.11
4.09
4.11
4.12
4.10
4.10
4.07
4.09
4.10
4.08
4.08
4.06
4.07
4.05
4.07
4.07
4.10
4.08
4.09
4.08
4.09
4.11
4.09
4.11
4.11
4.12
4.12
4.11
4.10
4.08
4.08
4.10
4.08
4.07
4.07
4.06
4.07
4.06
4.04
4.04
4.06
4.07
4.08
4.07
4.07
4.08
4.08
4.10
4.12
4.12
4.11
4.11
4.13
4.13
4.12
4.11
4.10
4.09
4.11
4.13
4.13
4.14
4.14
4.15
4.14
4.15
4.17
4.18
4.17
4.18
4.19
4.20
4.20
4.21
4.20
4.19
4.19
4.20
4.18
4.19
4.17
4.18
4.20
4.22
4.21
4.20
4.19
4.21
4.21
4.21
4.21
4.22
4.23
4.22
4.21
4.22
4.23
4.24
4.24
4.25
4.26
4.25
4.26
4.25
4.26
4.25
4.24
4.25
4.24
4.24
4.23
4.23
4.23
4.22
4.21
4.21
4.20
4.20
4.19
4.20
4.20
4.22
4.22
4.22
4.21
4.22
4.22
4.21
4.21
4.20
4.19
4.20
4.20
4.21
4.20
4.21
4.20
4.20
4.20
4.19
4.19
4.20
4.20
4.20
4.20
4.20
4.20
4.20
4.21
4.21
4.20
4.20
4.20
4.20
4.20
4.20
4.19
4.20
4.21
4.21
4.21
4.21
4.22
4.22
4.21
4.21
4.21
4.21
4.21
4.21
4.22
4.22
4.22
4.22
4.22
4.22
4.23
4.23
4.23
4.23
4.23
4.22
4.23
4.22
4.22
4.22
4.21
4.21
4.20
4.22
4.21
4.21
4.20
4.20
4.20
4.20
4.20
4.20
4.20
4.21
4.20
4.20
4.20
4.20
4.20
4.21
4.21
4.22
4.20
4.20
4.20
4.20
4.20
4.21
4.22
4.21
4.23
4.22
4.22
4.23
4.21
4.20
4.21
4.21
4.22
4.22
4.23
4.22
4.22
4.21
4.22
4.22
4.22
4.22
4.22
4.22
4.22
4.22
4.23
4.23
4.23
4.22
4.23
4.22
4.22
4.22
4.22
4.21
4.21
4.20
4.21
4.21
4.21
4.21
4.22
4.21
4.21
4.21
4.21
4.21
4.22
4.22
4.21
4.21
4.21
4.22
4.22
4.22
4.21
4.21
4.22
4.22
4.22
4.24
4.25
4.25
4.25
4.26
4.25
4.26
4.26
4.25
4.25
4.26
4.26
4.25
4.25
4.25
4.26
4.27
4.27
4.26
4.26
4.26
4.27
4.27
4.28
4.28
4.28
4.28
4.28
4.28
4.28
4.28
4.28
4.28
4.29
4.29
4.29
4.29
4.29
4.30
4.30
4.30
4.30
4.30
4.30
4.29
4.30
4.30
4.31
4.31
4.31
4.30
4.30
4.30
4.29
4.29
4.29
4.29
4.29
4.29
4.28
4.29
4.29
4.28
4.28
4.27
4.27
4.27
4.26
4.26
4.26
4.26
4.26
4.26
4.27
4.28
4.27
4.28
4.27
4.28
4.28
4.28
4.29
4.30
4.30
4.31
4.31
4.31
4.30
4.30
4.29
4.29
4.29
