7.81
10.16
7.81
6.64
6.56
6.25
6.03
5.66
5.56
5.31
5.40
5.86
6.13
6.14
6.25
5.96
5.88
5.90
5.92
5.78
5.80
5.97
5.71
5.47
5.38
5.47
5.32
5.30
5.17
5.31
5.29
5.47
5.40
5.56
5.45
5.38
5.53
5.47
5.53
5.47
5.45
5.43
5.49
5.47
5.42
5.40
5.42
5.34
5.29
5.28
5.24
5.17
5.19
5.18
5.23
5.19
5.24
5.31
5.35
5.29
5.35
5.32
5.31
5.32
5.31
5.28
5.20
5.24
5.21
5.25
5.22
5.16
5.16
5.15
5.10
5.12
5.19
5.17
5.18
5.25
5.21
5.26
5.29
5.34
5.42
5.45
5.46
5.52
5.51
5.45
5.49
5.43
5.41
5.40
5.43
5.42
5.43
5.44
5.43
5.42
5.43
5.42
5.39
5.42
5.43
5.48
5.48
5.48
5.48
5.45
5.43
5.41
5.38
5.40
5.43
5.41
5.41
5.40
5.36
5.35
5.38
5.37
5.42
5.43
5.42
5.42
5.43
5.40
5.37
5.40
5.40
5.39
5.42
5.47
5.46
5.48
5.47
5.48
5.49
5.46
5.44
5.41
5.42
5.39
5.41
5.39
5.37
5.36
5.36
5.38
5.36
5.35
5.33
5.32
5.30
5.29
5.30
5.30
5.33
5.33
5.33
5.36
5.37
5.38
5.42
5.42
5.43
5.42
5.42
5.44
5.44
5.44
5.44
5.45
5.43
5.42
5.41
5.40
5.40
5.39
5.40
5.46
5.45
5.43
5.42
5.40
5.41
5.43
5.42
5.42
5.40
5.43
5.42
5.44
5.42
5.45
5.45
5.45
5.46
5.46
5.45
5.44
5.43
5.43
5.43
5.42
5.41
5.41
5.41
5.39
5.39
5.40
5.38
5.38
5.37
5.40
5.41
5.40
5.40
5.41
5.42
5.42
5.42
5.42
5.40
5.39
5.38
5.37
5.40
5.39
5.40
5.39
5.42
5.42
5.44
5.44
5.43
5.44
5.45
5.44
5.43
5.42
5.42
5.40
5.41
5.41
5.40
5.38
5.40
5.41
5.41
5.43
5.43
5.45
5.44
5.44
5.44
5.42
5.42
5.41
5.44
5.42
5.42
5.42
5.42
5.42
5.42
5.42
5.43
5.42
5.43
5.42
5.44
5.43
5.44
5.43
5.45
5.45
5.47
5.48
5.49
5.49
5.49
5.49
5.49
5.47
5.48
5.50
5.49
5.52
5.51
5.52
5.53
5.52
5.51
5.50
5.49
5.48
5.48
5.48
5.49
5.49
5.49
5.53
5.52
5.54
5.53
5.53
5.52
5.52
5.52
5.52
5.53
5.53
5.53
5.52
5.53
5.54
5.55
5.55
5.54
5.55
5.54
5.55
5.55
5.54
5.56
5.55
5.55
5.54
5.53
5.53
5.53
5.52
5.53
5.52
5.52
5.51
5.52
5.52
5.53
5.53
5.53
5.54
5.54
5.53
5.54
5.54
5.55
5.56
5.59
5.58
5.59
5.60
5.59
5.57
5.58
5.57
5.57
5.57
5.57
5.58
5.60
5.60
5.60
5.60
5.60
5.61
5.60
5.60
5.61
5.59
5.60
5.60
5.60
5.59
5.59
5.59
5.58
5.58
5.59
5.58
5.58
5.59
5.58
5.57
5.58
5.57
5.56
5.57
5.56
5.56
5.56
5.57
5.57
5.56
5.57
5.59
5.60
5.60
5.60
5.59
5.59
5.58
5.57
5.58
5.57
5.58
5.58
5.59
5.60
5.62
5.62
5.61
5.60
5.60
5.59
5.58
5.58
5.59
5.58
5.58
5.58
5.58
5.58
5.58
5.57
5.57
5.57
5.57
5.57
5.57
5.58
5.57
5.58
5.57
5.56
5.55
5.55
5.54
5.54
5.54
5.53
5.54
5.55
5.54
5.53
5.55
5.54
5.53
5.54
5.54
5.56
5.55
5.57
5.57
5.57
5.56
5.56
5.57
5.57
5.56
5.55
5.55
5.55
5.54
5.53
5.53
5.52
5.52
5.52
5.53
5.53
5.52
5.53
5.53
5.52
5.52
5.52
5.51
5.51
5.51
5.51
5.51
5.52
5.51
5.51
5.51
5.51
5.51
5.51
5.52
5.51
5.51
5.51
5.51
5.50
5.50
5.50
5.50
5.51
5.52
5.51
5.51
5.51
5.52
5.51
5.52
5.51
5.51
5.51
5.52
5.51
5.51
5.51
5.51
5.51
5.51
5.50
5.51
5.51
5.52
5.52
5.53
5.53
5.53
5.52
5.52
5.52
5.52
5.52
5.52
5.52
5.52
5.52
5.51
5.51
5.50
5.50
5.49
5.48
5.49
5.50
5.49
5.49
5.49
5.48
5.49
5.49
5.49
5.50
5.50
5.50
5.50
5.50
5.50
5.49
5.49
5.50
5.50
5.49
5.49
5.48
5.49
5.49
5.48
5.48
5.48
5.47
5.47
5.48
5.47
5.47
5.47
5.47
5.48
5.49
5.48
5.49
5.48
5.48
5.49
5.48
5.48
5.48
5.48
5.48
5.47
5.48
5.48
5.49
5.50
5.49
5.49
5.48
5.48
5.48
5.47
5.46
5.46
5.46
5.46
5.47
5.47
5.46
5.46
5.45
5.46
5.47
5.47
5.48
5.47
5.47
5.47
5.47
5.47
5.48
5.47
5.47
5.46
5.46
5.46
5.46
5.47
5.47
5.47
5.46
5.47
5.46
5.47
5.47
5.47
5.48
5.48
5.48
