89.06
84.38
83.33
83.59
82.81
82.03
81.25
80.47
80.38
79.84
80.40
80.21
79.45
80.13
80.00
80.18
80.15
79.43
79.77
80.00
79.76
79.55
79.48
79.75
79.81
79.99
80.09
80.25
80.39
80.68
80.70
81.01
81.01
81.30
81.25
81.16
81.12
81.04
81.01
80.86
80.72
80.65
80.81
80.79
80.97
81.01
80.95
81.15
81.22
81.06
81.00
81.10
81.13
81.19
80.99
81.03
81.14
81.14
81.12
81.17
81.17
81.20
81.18
81.15
81.18
81.27
81.39
81.46
81.45
81.38
81.25
81.27
81.25
81.21
81.17
81.31
81.35
81.29
81.31
81.31
81.33
81.27
81.31
81.31
81.34
81.32
81.41
81.39
81.46
81.51
81.51
81.40
81.42
81.33
81.41
81.45
81.44
81.44
81.44
81.45
81.44
81.48
81.58
81.63
81.68
81.69
81.63
81.64
81.62
81.65
81.70
81.71
81.68
81.67
81.67
81.71
81.64
81.66
81.71
81.74
81.71
81.69
81.71
81.69
81.64
81.70
81.77
81.77
81.81
81.81
81.83
81.87
81.91
81.88
81.89
81.88
81.88
81.92
81.91
81.91
81.90
81.94
81.98
82.03
82.04
82.12
82.13
82.13
82.15
82.18
82.17
82.19
82.19
82.19
82.20
82.22
82.19
82.18
82.16
82.21
82.17
82.20
82.15
82.12
82.17
82.13
82.13
82.14
82.17
82.10
82.09
82.09
82.12
82.11
82.15
82.15
82.13
82.13
82.19
82.20
82.18
82.17
82.19
82.23
82.23
82.16
82.18
82.22
82.16
82.20
82.20
82.15
82.17
82.14
82.13
82.13
82.15
82.11
82.08
82.09
82.09
82.12
82.17
82.16
82.17
82.18
82.19
82.17
82.17
82.17
82.17
82.17
82.20
82.21
82.18
82.19
82.22
82.20
82.16
82.16
82.18
82.15
82.17
82.14
82.12
82.07
82.06
82.06
82.08
82.07
82.05
82.03
82.05
82.04
82.01
82.04
82.05
82.05
82.07
82.06
82.03
82.02
82.00
81.97
81.97
81.97
81.97
81.98
81.99
82.01
82.01
81.99
82.00
82.02
82.01
82.04
82.03
82.04
82.05
82.03
82.05
82.03
82.06
82.08
82.06
82.05
82.06
82.07
82.07
82.10
82.10
82.09
82.09
82.13
82.12
82.13
82.14
82.13
82.13
82.15
82.14
82.14
82.12
82.12
82.15
82.16
82.16
82.17
82.14
82.12
82.08
82.11
82.12
82.11
82.13
82.10
82.08
82.08
82.08
82.11
82.11
82.12
82.14
82.15
82.16
82.17
82.19
82.20
82.20
82.19
82.18
82.19
82.23
82.24
82.23
82.19
82.17
82.17
82.18
82.19
82.20
82.21
82.22
82.23
82.22
82.21
82.19
82.18
82.20
82.19
82.17
82.18
82.17
82.17
82.16
82.18
82.17
82.19
82.21
82.23
82.24
82.24
82.22
82.23
82.22
82.23
82.21
82.21
82.22
82.21
82.22
82.20
82.21
82.22
82.21
82.20
82.18
82.20
82.18
82.17
82.16
82.17
82.17
82.16
82.16
82.17
82.16
82.15
82.16
82.16
82.18
82.19
82.18
82.19
82.19
82.17
82.18
82.21
82.19
82.19
82.19
82.17
82.16
82.15
82.16
82.16
82.15
82.15
82.15
82.12
82.12
82.11
82.12
82.10
82.10
82.11
82.13
82.13
82.14
82.14
82.12
82.12
82.11
82.10
82.09
82.11
82.08
82.07
82.08
82.08
82.07
82.07
82.06
82.06
82.05
82.05
82.04
82.05
82.05
82.04
82.05
82.04
82.04
82.01
82.02
82.02
82.04
82.05
82.04
82.04
82.03
82.02
82.02
82.03
82.04
82.04
82.05
82.04
82.03
82.03
82.03
82.02
82.02
82.03
82.03
82.02
82.03
82.04
82.02
82.03
82.04
82.06
82.05
82.06
82.06
82.08
82.07
82.08
82.09
82.07
82.05
82.04
82.05
82.05
82.05
82.05
82.06
82.06
82.04
82.06
82.07
82.07
82.06
82.07
82.06
82.06
82.05
82.06
82.07
82.07
82.08
82.09
82.07
82.07
82.07
82.08
82.08
82.08
82.07
82.07
82.08
82.09
82.08
82.06
82.06
82.06
82.07
82.08
82.06
82.07
82.08
82.08
82.09
82.10
82.10
82.08
82.09
82.09
82.09
82.09
82.10
82.10
82.10
82.08
82.10
82.10
82.10
82.09
82.09
82.11
82.10
82.11
82.11
82.09
82.09
82.07
82.07
82.07
82.07
82.08
82.05
82.05
82.06
82.07
82.07
82.07
82.07
82.09
82.11
82.09
82.10
82.10
82.10
82.08
82.08
82.08
82.07
82.06
82.08
82.07
82.08
82.07
82.06
82.05
82.04
82.04
82.04
82.03
82.03
82.02
82.03
82.03
82.02
82.03
82.02
82.02
82.02
82.02
82.03
82.04
82.04
82.04
82.04
82.05
82.05
82.05
82.04
82.06
82.06
82.06
82.06
82.07
82.07
82.07
82.05
82.06
82.07
82.07
82.07
82.08
82.06
82.06
82.04
82.04
82.04
82.03
82.03
82.02
82.00
82.01
82.02
82.02
82.01
82.01
82.00
82.01
82.00
82.02
82.02
82.01
82.02
82.02
82.03
82.02
82.00
82.01
82.00
82.00
81.98
81.96
81.95
81.95
81.95
81.94
81.94
81.94
81.93
81.93
81.94
81.94
81.93
81.93
81.94
81.93
81.94
81.94
81.93
81.95
81.95
81.94
81.94
81.93
81.92
81.91
81.92
81.91
81.91
81.91
81.91
81.91
81.90
81.91
81.93
81.92
81.93
81.92
81.92
81.92
81.92
81.91
81.90
81.91
81.91
81.91
81.89
81.90
81.91
81.92
81.92
81.93
81.92
81.93
81.93
81.93
81.92
81.92
81.93
81.94
81.94
81.94
81.95
81.95
81.94
81.94
81.94
81.94
81.94
81.94
81.95
81.94
81.94
81.94
81.95
81.95
81.96
81.96
81.94
81.95
81.96
81.98
81.97
81.97
81.97
81.98
81.98
81.98
81.98
81.97
81.95
81.96
81.96
81.96
81.96
81.96
81.96
81.96
81.96
81.96
81.97
81.98
81.97
81.98
81.98
81.98
81.98
81.97
81.97
81.96
81.97
81.96
81.97
81.98
81.97
81.98
81.97
81.97
81.98
81.98
81.98
81.99
81.97
81.96
81.97
81.96
81.97
81.97
81.97
81.97
81.97
81.97
81.96
81.97
81.98
81.98
81.97
81.97
81.97
81.97
81.97
81.98
81.97
81.96
81.97
81.97
81.96
81.96
81.97
81.96
81.95
81.95
81.95
81.95
81.96
81.97
81.96
81.97
81.96
81.97
81.97
81.96
81.96
81.88
