78.12
75.78
79.17
77.73
79.06
79.43
78.57
78.91
79.51
80.00
80.54
81.25
80.89
81.36
80.42
80.37
80.51
80.56
80.43
80.70
80.58
80.61
80.71
80.73
81.00
80.83
80.73
80.97
80.98
80.83
80.85
80.81
81.01
81.11
81.25
81.29
81.38
81.21
81.25
81.21
81.14
81.03
81.21
81.25
81.35
81.49
81.42
81.48
81.31
81.47
81.59
81.64
81.81
81.71
81.68
81.64
81.61
81.65
81.73
81.67
81.63
81.58
81.50
81.59
81.59
81.46
81.37
81.36
81.30
81.38
81.43
81.36
81.38
81.44
81.44
81.58
81.57
81.53
81.59
81.66
81.62
81.61
81.61
81.66
81.67
81.70
81.70
81.71
81.83
81.82
81.71
81.76
81.74
81.75
81.73
81.72
81.70
81.68
81.66
81.70
81.67
81.71
81.74
81.69
81.70
81.75
81.82
81.79
81.82
81.79
81.76
81.75
81.72
81.77
81.74
81.82
81.77
81.78
81.81
81.81
81.79
81.78
81.85
81.84
81.89
81.86
81.90
81.85
81.88
81.83
81.81
81.85
81.88
81.89
81.91
81.94
81.95
81.97
81.99
82.00
82.03
82.06
82.09
82.01
82.00
81.96
81.95
82.01
82.01
82.01
82.02
82.03
82.04
82.00
82.02
81.96
81.98
81.92
81.96
81.91
81.93
81.98
82.03
82.06
82.07
82.04
82.05
82.08
82.10
82.07
82.10
82.09
82.09
82.08
82.06
82.06
82.00
82.02
82.02
82.00
81.97
81.93
81.90
81.91
81.89
81.87
81.86
81.88
81.86
81.90
81.91
81.92
81.90
81.86
81.88
81.86
81.84
81.82
81.85
81.88
81.83
81.85
81.85
81.81
81.83
81.81
81.80
81.82
81.83
81.82
81.84
81.86
81.87
81.89
81.93
81.91
81.91
81.92
81.92
81.93
81.93
81.93
81.97
82.00
81.97
81.98
81.98
81.97
81.99
81.98
81.99
81.98
81.96
81.94
81.90
81.92
81.93
81.94
81.96
81.96
81.96
81.99
81.97
81.97
81.95
81.96
81.96
81.92
81.91
81.93
81.95
81.98
82.00
81.98
81.96
81.93
81.97
81.93
81.96
81.96
81.94
81.95
81.96
81.96
81.95
81.97
82.00
82.00
82.02
82.03
82.03
82.03
82.04
82.01
82.01
82.01
81.99
82.02
82.00
82.00
82.00
82.02
82.03
82.03
82.05
82.06
82.05
82.03
82.02
82.00
81.99
81.98
81.98
81.96
81.97
81.97
81.95
81.93
81.94
81.93
81.94
81.90
81.90
81.89
81.89
81.89
81.91
81.91
81.90
81.89
81.87
81.89
81.88
81.89
81.89
81.87
81.87
81.86
81.87
81.83
81.84
81.88
81.90
81.88
81.87
81.88
81.90
81.86
81.88
81.89
81.90
81.89
81.90
81.90
81.88
81.88
81.89
81.87
81.87
81.87
81.88
81.89
81.88
81.88
81.88
81.89
81.88
81.87
81.85
81.85
81.83
81.84
81.83
81.84
81.84
81.83
81.83
81.82
81.81
81.80
81.81
81.82
81.81
81.79
81.80
81.80
81.80
81.81
81.82
81.82
81.81
81.84
81.82
81.79
81.81
81.80
81.81
81.81
81.81
81.81
81.80
81.81
81.82
81.84
81.83
81.84
81.84
81.83
81.83
81.83
81.83
81.82
81.81
81.83
81.81
81.80
81.80
81.82
81.82
81.82
81.82
81.82
81.82
81.81
81.82
81.83
81.82
81.80
81.80
81.80
81.81
81.83
81.83
81.84
81.82
81.83
81.83
81.82
81.84
81.84
81.85
81.86
81.87
81.88
81.87
81.86
81.85
81.84
81.84
81.86
81.86
81.87
81.86
81.86
81.86
81.85
81.85
81.86
81.85
81.87
81.86
81.86
81.86
81.85
81.85
81.86
81.86
81.85
81.84
81.85
81.84
81.84
81.83
81.82
81.82
81.80
81.81
81.81
81.83
81.81
81.81
81.82
81.82
81.82
81.82
81.83
81.84
81.84
81.85
81.85
81.86
81.85
81.85
81.86
81.86
81.85
81.86
81.87
81.86
81.88
81.88
81.87
81.87
81.89
81.90
81.91
81.89
81.88
81.89
81.89
81.88
81.88
81.89
81.89
81.88
81.88
81.88
81.88
81.88
81.88
81.88
81.88
81.88
81.87
81.86
81.86
81.86
81.87
81.87
81.87
81.87
81.88
81.89
81.89
81.91
81.91
81.91
81.91
81.89
81.90
81.90
81.90
81.90
81.91
81.92
81.92
81.93
81.92
81.93
81.93
81.95
81.94
81.93
81.94
81.94
81.94
81.95
81.96
81.95
81.96
81.96
81.95
81.95
81.96
81.96
81.95
81.94
81.95
81.94
81.92
81.92
81.94
81.92
81.94
81.94
81.94
81.95
81.94
81.94
81.94
81.94
81.95
81.96
81.95
81.95
81.95
81.94
81.95
81.97
81.97
81.97
81.97
81.98
81.99
81.99
82.00
81.98
81.97
81.96
81.94
81.93
81.94
81.93
81.94
81.94
81.94
81.93
81.92
81.93
81.93
81.92
81.92
81.92
81.92
81.92
81.92
81.92
81.93
81.93
81.92
81.92
81.92
81.93
81.93
81.94
81.94
81.93
81.93
81.91
81.92
81.90
81.89
81.90
81.92
81.91
81.90
81.92
81.93
81.92
81.91
81.90
81.90
81.90
81.91
81.91
81.91
81.90
81.90
81.91
81.92
81.92
81.92
81.92
81.91
81.91
81.92
81.92
81.93
81.93
81.93
81.92
81.91
81.90
81.90
81.90
81.90
81.89
81.89
81.90
81.90
81.90
81.89
81.88
81.88
81.88
81.87
81.88
81.88
81.89
81.89
81.89
81.89
81.88
81.89
81.88
81.88
81.88
81.89
81.89
81.89
81.89
81.90
81.90
81.89
81.89
81.90
81.91
81.90
81.91
81.91
81.91
81.91
81.92
81.92
81.91
81.91
81.92
81.90
81.89
81.89
81.90
81.89
81.89
81.89
81.90
81.90
81.90
81.91
81.89
81.91
81.91
81.92
81.94
81.94
81.93
81.92
81.92
81.91
81.90
81.90
81.89
81.90
81.90
81.90
81.90
81.89
81.90
81.89
81.89
81.88
81.88
81.89
81.89
81.90
81.90
81.90
81.91
81.91
81.92
81.91
81.91
81.91
81.89
81.89
81.89
81.89
81.89
81.90
81.89
81.89
81.89
81.89
81.88
81.88
81.89
81.90
81.91
81.90
81.89
81.89
81.88
81.88
81.89
81.89
81.90
81.90
81.89
81.90
81.90
81.90
81.90
81.90
81.91
81.90
81.90
81.90
81.90
81.91
81.90
81.90
81.90
81.91
81.90
81.91
81.92
81.92
81.92
81.93
81.91
81.92
81.92
81.83
