75.00
74.22
73.44
75.78
77.19
79.69
81.03
81.05
80.90
81.88
81.39
81.51
81.49
81.70
81.46
81.45
82.17
81.68
81.50
81.33
81.99
81.61
81.66
81.77
81.88
81.85
82.00
81.64
81.57
81.67
81.35
81.35
81.58
81.85
81.96
81.90
82.01
81.95
82.09
82.07
81.97
81.77
81.80
81.96
81.81
82.00
82.05
82.13
82.11
82.06
81.99
81.94
81.90
81.74
81.79
81.64
81.63
81.73
81.73
81.90
81.81
81.91
81.92
81.86
81.90
81.82
81.79
81.69
81.77
81.83
81.80
81.68
81.61
81.59
81.58
81.66
81.55
81.47
81.43
81.39
81.33
81.40
81.42
81.42
81.38
81.36
81.27
81.32
81.34
81.39
81.35
81.40
81.45
81.40
81.40
81.43
81.48
81.43
81.36
81.34
81.31
81.28
81.23
81.28
81.25
81.28
81.28
81.29
81.31
81.28
81.28
81.31
81.35
81.24
81.28
81.26
81.26
81.22
81.20
81.15
81.04
81.03
81.00
81.01
80.96
80.89
80.89
80.92
80.92
80.93
80.88
80.85
80.83
80.85
80.81
80.72
80.71
80.70
80.70
80.68
80.72
80.74
80.71
80.62
80.62
80.64
80.64
80.65
80.65
80.65
80.64
80.65
80.67
80.67
80.67
80.64
80.61
80.58
80.54
80.59
80.54
80.49
80.48
80.50
80.53
80.52
80.53
80.57
80.53
80.56
80.51
80.49
80.46
80.49
80.42
80.42
80.39
80.42
80.40
80.38
80.37
80.37
80.32
80.33
80.36
80.37
80.40
80.39
80.39
80.36
80.33
80.31
80.25
80.28
80.26
80.25
80.23
80.25
80.19
80.20
80.19
80.19
80.21
80.20
80.23
80.22
80.22
80.24
80.26
80.27
80.29
80.29
80.28
80.27
80.28
80.32
80.34
80.33
80.29
80.23
80.22
80.21
80.18
80.18
80.21
80.19
80.20
80.21
80.19
80.18
80.15
80.13
80.12
80.13
80.13
80.12
80.12
80.14
80.14
80.14
80.13
80.15
80.14
80.17
80.15
80.18
80.22
80.19
80.20
80.21
80.20
80.22
80.22
80.20
80.20
80.18
80.19
80.17
80.14
80.14
80.16
80.19
80.21
80.19
80.19
80.20
80.24
80.25
80.25
80.25
80.26
80.27
80.23
80.24
80.26
80.22
80.22
80.22
80.21
80.21
80.22
80.24
80.27
80.25
80.30
80.30
80.33
80.33
80.34
80.30
80.29
80.29
80.30
80.30
80.30
80.29
80.30
80.32
80.32
80.31
80.33
80.34
80.33
80.34
80.36
80.36
80.34
80.33
80.34
80.36
80.37
80.37
80.39
80.37
80.37
80.38
80.38
80.35
80.35
80.35
80.37
80.37
80.37
80.39
80.37
80.36
80.37
80.39
80.39
80.37
80.40
80.38
80.37
80.38
80.38
80.37
80.38
80.41
80.38
80.37
80.37
80.37
80.36
80.35
80.35
80.37
80.38
80.40
80.40
80.41
80.43
80.44
80.44
80.43
80.42
80.42
80.43
80.42
80.43
80.44
80.44
80.45
80.45
80.45
80.46
80.44
80.45
80.43
80.42
80.43
80.45
80.44
80.44
80.42
80.43
80.43
80.43
80.42
80.44
80.45
80.47
80.47
80.47
80.49
80.45
80.46
80.45
80.44
80.45
80.45
80.43
80.44
80.42
80.43
80.43
80.41
80.42
80.43
80.44
80.43
80.43
80.44
80.44
80.46
80.46
80.47
80.47
80.46
80.46
80.48
80.49
80.48
80.47
80.48
80.47
80.47
80.46
80.46
80.45
80.46
80.48
80.48
80.46
80.46
80.46
80.47
80.47
80.46
80.47
80.47
80.47
80.46
80.47
80.49
80.48
80.49
80.50
80.49
80.48
80.49
80.49
80.49
80.50
80.50
80.50
80.50
80.51
80.49
80.49
80.49
80.47
80.48
80.46
80.46
80.48
80.48
80.46
80.44
80.44
80.43
80.44
80.45
80.44
80.44
80.45
80.45
80.44
80.46
80.44
80.43
80.41
80.42
80.42
80.43
80.44
80.45
80.45
80.46
80.47
80.48
80.48
80.48
80.45
80.44
80.44
80.45
80.45
80.47
80.47
80.48
80.50
80.50
80.50
80.51
80.51
80.49
80.50
80.48
80.49
80.48
80.48
80.49
80.49
80.49
80.49
80.49
80.48
80.47
80.48
80.48
80.48
80.47
80.49
80.50
80.51
80.50
80.50
80.50
80.49
80.49
80.49
80.48
80.48
80.49
80.49
80.49
80.47
80.46
80.46
80.45
80.46
80.45
80.45
80.46
80.46
80.46
80.45
80.44
80.46
80.45
80.44
80.43
80.43
80.44
80.44
80.43
80.44
80.44
80.44
80.44
80.43
80.45
80.46
80.47
80.46
80.48
80.49
80.50
80.51
80.51
80.51
80.49
80.50
80.50
80.50
80.51
80.53
80.54
80.54
80.54
80.54
80.53
80.54
80.53
80.54
80.53
80.53
80.53
80.54
80.54
80.55
80.55
80.55
80.56
80.55
80.54
80.52
80.51
80.51
80.52
80.51
80.51
80.51
80.50
80.50
80.50
80.50
80.49
80.50
80.51
80.52
80.52
80.52
80.53
80.53
80.53
80.53
80.53
80.52
80.53
80.52
80.51
80.51
80.50
80.50
80.51
80.50
80.50
80.49
80.50
80.50
80.50
80.50
80.50
80.50
80.50
80.48
80.48
80.48
80.48
80.49
80.48
80.48
80.48
80.48
80.49
80.50
80.50
80.51
80.51
80.49
80.47
80.47
80.47
80.46
80.46
80.47
80.47
80.46
80.47
80.47
80.47
80.48
80.48
80.47
80.48
80.47
80.48
80.48
80.47
80.47
80.47
80.48
80.48
80.48
80.48
80.48
80.48
80.49
80.50
80.49
80.48
80.47
80.46
80.46
80.45
80.46
80.46
80.45
80.45
80.44
80.43
80.42
80.43
80.44
80.43
80.43
80.43
80.43
80.44
80.44
80.43
80.44
80.43
80.42
80.43
80.44
80.43
80.42
80.43
80.43
80.42
80.43
80.43
80.43
80.44
80.43
80.44
80.44
80.45
80.46
80.46
80.46
80.47
80.47
80.46
80.45
80.45
80.44
80.42
80.44
80.42
80.42
80.43
80.42
80.41
80.42
80.43
80.43
80.44
80.45
80.44
80.45
80.45
80.46
80.45
80.44
80.45
80.46
80.45
80.45
80.45
80.44
80.45
80.43
80.44
80.43
80.45
80.46
80.46
80.47
80.47
80.48
80.48
80.48
80.48
80.49
80.49
80.49
80.50
80.49
80.49
80.49
80.49
80.49
80.49
80.49
80.48
80.48
80.47
80.47
80.47
80.47
80.47
80.47
80.46
80.47
80.47
80.49
80.48
80.47
80.40
