6.25
22.66
15.10
19.14
15.31
13.02
11.61
10.74
13.19
11.88
11.08
10.68
12.62
12.17
11.56
10.94
10.39
11.28
12.99
13.67
13.02
12.57
12.16
11.72
11.31
10.88
10.47
10.21
9.86
9.64
10.48
10.21
9.99
9.79
10.49
10.37
11.06
11.76
11.58
11.33
11.74
11.53
11.34
11.58
11.32
11.72
12.23
12.01
12.63
12.41
12.96
12.77
13.24
13.77
13.64
13.45
13.29
13.12
13.00
12.84
13.14
12.98
13.29
13.16
13.39
13.66
13.46
13.30
13.22
13.46
13.34
13.19
13.04
13.30
13.19
13.06
12.91
13.08
12.97
13.32
13.16
13.09
12.95
13.19
13.40
13.26
13.15
13.25
13.13
13.02
12.93
13.11
13.00
12.87
12.76
12.96
13.18
13.07
13.01
12.89
12.78
12.93
13.06
12.97
12.89
13.19
13.32
13.19
13.36
13.25
13.43
13.53
13.61
13.49
13.40
13.52
13.70
13.61
13.80
13.74
13.83
14.01
14.15
14.34
14.29
14.42
14.53
14.45
14.53
14.44
14.56
14.46
14.56
14.45
14.57
14.49
14.61
14.72
14.66
14.59
14.66
14.59
14.71
14.61
14.54
14.65
14.57
14.73
14.66
14.77
14.69
14.78
14.70
14.61
14.52
14.45
14.58
14.52
14.64
14.78
14.72
14.64
14.61
14.70
14.74
14.66
14.72
14.76
14.68
14.60
14.71
14.84
14.78
14.72
14.81
14.74
14.66
14.61
14.54
14.66
14.61
14.71
14.63
14.77
14.85
14.78
14.71
14.77
14.71
14.81
14.75
14.67
14.77
14.80
14.76
14.84
14.76
14.69
14.64
14.57
14.51
14.46
14.39
14.50
14.45
14.57
14.65
14.59
14.55
14.49
14.60
14.53
14.48
14.41
14.36
14.44
14.39
14.33
14.28
14.23
14.17
14.11
14.06
14.01
14.05
14.00
13.95
13.91
13.96
14.01
13.97
13.91
14.01
13.96
13.91
13.96
13.91
13.87
13.94
13.90
13.86
13.80
13.75
13.70
13.66
13.61
13.57
13.52
13.48
13.43
13.51
13.47
13.41
13.37
13.33
13.28
13.25
13.32
13.39
13.46
13.42
13.39
13.36
13.45
13.41
13.38
13.34
13.42
13.38
13.33
13.42
13.47
13.42
13.40
13.36
13.32
13.30
13.26
13.22
13.19
13.24
13.31
13.39
13.35
13.31
13.36
13.33
13.36
13.31
13.27
13.24
13.30
13.27
13.34
13.31
13.29
13.34
13.31
13.27
13.25
13.31
13.27
13.23
13.19
13.17
13.12
13.09
13.05
13.10
13.15
13.11
13.18
13.14
13.18
13.14
13.11
13.08
13.04
13.00
13.08
13.14
13.12
13.08
13.05
13.01
12.98
13.04
13.00
12.97
13.02
13.07
13.10
13.07
13.04
13.02
13.06
13.10
13.07
13.04
13.01
13.04
13.01
12.99
12.96
12.93
12.91
12.89
12.95
12.92
12.92
12.89
12.86
12.92
12.89
12.97
13.02
12.99
13.04
13.10
13.14
13.11
13.08
13.06
13.12
13.18
13.15
13.15
13.13
13.19
13.24
13.29
13.34
13.32
13.39
13.36
13.33
13.38
13.39
13.37
13.39
13.36
13.40
13.45
13.42
13.45
13.42
13.46
13.43
13.47
13.44
13.43
13.40
13.37
13.34
13.32
13.29
13.26
13.23
13.20
13.18
13.20
13.17
13.22
13.19
13.23
13.22
13.19
13.18
13.23
13.20
13.17
13.20
13.17
13.15
13.21
13.26
13.29
13.27
13.24
13.21
13.18
13.16
13.14
13.20
13.24
13.21
13.25
13.27
13.24
13.22
13.19
13.23
13.21
13.19
13.18
13.15
13.12
13.10
13.08
13.05
13.09
13.07
13.10
13.08
13.12
13.10
13.14
13.18
13.16
13.21
13.18
13.23
13.21
13.19
13.17
13.15
13.20
13.18
13.15
13.18
13.16
13.14
13.17
13.21
13.19
13.21
13.28
13.31
13.34
13.37
13.40
13.43
13.47
13.45
13.49
13.55
13.53
13.50
13.48
13.53
13.56
13.62
13.59
13.57
13.61
13.64
13.69
13.75
13.73
13.71
13.73
13.71
13.74
13.71
13.75
13.73
13.77
13.81
13.83
13.81
13.85
13.82
13.80
13.78
13.75
13.79
13.77
13.80
13.85
13.89
13.86
13.84
13.88
13.90
13.88
13.86
13.84
13.85
13.90
13.88
13.86
13.84
13.86
13.84
13.88
13.86
13.84
13.81
13.79
13.77
13.75
13.73
13.71
13.70
13.68
13.68
13.71
13.73
13.71
13.69
13.72
13.74
13.73
13.71
13.69
13.66
13.64
13.63
13.61
13.66
13.63
13.61
13.65
13.68
13.70
13.72
13.73
13.70
13.68
13.66
13.64
13.63
13.61
13.64
13.63
13.69
13.72
13.70
13.68
13.71
13.73
13.75
13.80
13.77
13.79
13.82
13.80
13.79
13.78
13.82
13.86
13.84
13.82
13.81
13.79
13.81
13.79
13.77
13.75
13.76
13.80
13.78
13.76
13.74
13.72
13.71
13.69
13.74
13.72
13.70
13.72
13.74
13.73
13.75
13.73
13.71
13.73
13.71
13.69
13.68
13.66
13.64
13.62
13.61
13.65
13.63
13.61
13.59
13.57
13.55
13.58
13.57
13.59
13.58
13.56
13.54
13.52
13.54
13.54
13.53
13.52
13.55
13.54
13.52
13.50
13.49
13.47
13.49
13.53
13.51
13.49
13.52
13.55
13.58
13.57
13.58
13.57
13.60
13.58
13.61
13.59
13.57
13.60
13.59
13.58
13.56
13.53
13.52
13.51
13.49
13.47
13.47
13.45
13.44
13.42
13.40
13.41
13.43
13.46
13.44
13.42
13.46
13.48
13.46
13.47
13.46
13.44
13.42
13.41
13.39
13.38
13.36
13.34
13.33
13.31
13.30
13.28
13.26
13.25
13.28
13.27
13.26
13.24
13.23
13.21
13.20
13.19
13.22
13.20
13.19
13.22
13.20
13.19
13.17
13.21
13.24
13.29
13.30
13.28
13.31
13.33
13.35
13.33
13.36
13.34
13.35
13.37
13.39
13.37
13.36
13.34
13.32
13.31
13.34
13.37
13.35
13.38
13.36
13.35
13.33
13.36
13.39
13.38
13.36
13.39
13.38
13.41
13.39
13.38
13.36
13.35
13.38
13.36
13.35
13.34
13.37
13.39
13.37
13.39
13.37
13.36
13.35
13.33
13.32
13.35
13.33
13.32
13.31
13.29
13.28
13.26
13.28
13.27
13.26
13.24
13.23
13.26
13.28
13.27
13.26
13.25
13.27
13.29
13.28
13.26
13.29
13.32
13.31
13.29
13.28
13.26
13.25
