84.38
82.03
82.81
82.03
81.56
82.29
82.37
83.20
82.47
82.81
82.53
82.29
82.57
82.92
83.12
83.01
82.54
82.29
81.66
81.80
82.07
81.82
81.86
81.90
82.00
81.97
82.18
82.14
82.17
82.24
82.06
81.98
81.77
81.80
81.74
81.94
81.97
82.15
82.13
82.11
82.01
81.99
81.90
82.00
81.88
81.96
82.08
81.97
81.92
82.03
81.92
81.91
81.96
81.94
81.96
82.09
82.13
82.19
82.23
82.24
82.33
82.13
82.22
82.32
82.12
82.01
82.02
81.89
81.82
81.76
81.71
81.68
81.66
81.52
81.46
81.54
81.55
81.53
81.41
81.46
81.54
81.54
81.53
81.55
81.43
81.40
81.47
81.36
81.41
81.39
81.39
81.44
81.52
81.50
81.55
81.66
81.72
81.71
81.63
81.59
81.54
81.63
81.61
81.66
81.64
81.62
81.57
81.61
81.58
81.55
81.55
81.53
81.53
81.55
81.55
81.63
81.68
81.70
81.72
81.73
81.75
81.80
81.81
81.82
81.89
81.89
81.91
81.96
81.95
81.95
81.98
81.91
81.92
81.90
81.92
81.92
81.95
81.97
81.94
81.93
81.96
81.91
81.86
81.88
81.90
81.93
81.96
81.99
82.03
82.03
82.05
82.09
82.06
82.01
82.06
82.00
82.04
82.06
82.08
82.07
82.03
82.07
82.09
82.15
82.13
82.12
82.10
82.08
82.10
82.11
82.11
82.08
82.08
82.08
82.05
82.08
82.04
82.02
82.04
82.01
82.03
82.00
82.01
81.97
81.96
81.98
81.98
81.99
81.96
81.97
81.97
81.93
81.95
81.93
81.95
81.93
81.96
82.01
82.00
81.95
81.97
81.98
81.97
81.93
81.93
81.97
81.98
82.01
81.94
81.95
81.95
81.96
81.97
81.98
82.00
82.00
81.98
81.97
81.99
82.02
82.03
81.98
82.01
82.03
82.06
82.07
82.12
82.09
82.10
82.07
82.04
82.06
82.06
82.02
81.99
82.01
82.02
82.04
82.05
82.04
82.02
82.05
82.05
82.02
82.05
82.01
82.01
82.02
82.02
82.03
82.00
82.01
82.03
82.04
82.03
82.01
82.00
82.01
82.04
82.06
82.05
82.04
82.06
82.01
82.00
82.02
82.05
82.06
82.09
82.12
82.11
82.08
82.08
82.07
82.03
82.03
82.03
82.05
82.08
82.09
82.09
82.10
82.11
82.07
82.08
82.07
82.07
82.06
82.03
82.04
82.04
82.00
82.01
82.03
82.01
82.00
82.00
81.98
81.98
81.96
81.95
81.93
81.92
81.91
81.93
81.95
81.97
82.00
82.00
81.99
82.01
82.01
82.00
81.98
81.95
81.93
81.94
81.93
81.93
81.93
81.90
81.88
81.88
81.86
81.86
81.85
81.85
81.86
81.85
81.84
81.82
81.82
81.82
81.83
81.83
81.82
81.82
81.80
81.80
81.79
81.80
81.78
81.77
81.80
81.81
81.81
81.81
81.79
81.80
81.81
81.80
81.80
81.82
81.85
81.84
81.84
81.85
81.84
81.87
81.89
81.90
81.90
81.90
81.92
81.92
81.92
81.94
81.95
81.95
81.98
81.96
81.94
81.93
81.91
81.90
81.89
81.88
81.89
81.88
81.90
81.91
81.90
81.90
81.91
81.92
81.94
81.94
81.92
81.93
81.92
81.92
81.90
81.91
81.90
81.91
81.91
81.92
81.93
81.93
81.95
81.94
81.96
81.98
82.00
82.00
82.01
81.99
81.99
81.99
81.98
81.97
81.95
81.95
81.98
81.98
81.99
81.97
81.96
81.95
81.98
82.00
82.00
81.98
81.98
81.96
81.98
81.97
81.95
81.94
81.93
81.95
81.94
81.95
81.96
81.96
81.97
81.97
81.97
81.97
81.95
81.95
81.95
81.93
81.95
81.95
81.96
81.97
81.97
81.97
81.96
81.96
81.95
81.94
81.93
81.94
81.95
81.95
81.94
81.93
81.94
81.94
81.94
81.94
81.94
81.96
81.95
81.97
81.96
82.00
81.99
81.98
81.99
81.98
81.97
81.97
81.98
81.97
81.97
81.98
81.97
81.97
81.98
81.98
81.99
81.98
81.98
81.98
82.00
81.99
81.99
81.99
81.97
81.96
81.97
81.97
81.98
81.98
81.98
82.00
81.99
81.99
81.99
81.99
81.99
81.98
81.98
81.98
81.99
81.98
81.98
81.97
81.98
81.98
81.97
81.98
81.99
81.99
81.97
81.96
81.95
81.95
81.95
81.95
81.94
81.95
81.95
81.95
81.94
81.96
81.93
81.94
81.94
81.94
81.93
81.93
81.92
81.92
81.92
81.92
81.93
81.94
81.94
81.93
81.94
81.95
81.95
81.95
81.95
81.97
81.99
81.99
81.99
81.99
82.00
82.00
82.00
81.99
81.99
82.00
82.01
82.01
82.03
82.02
82.01
82.01
82.00
82.00
82.01
82.02
82.01
82.00
82.00
81.99
81.99
81.99
81.99
81.99
81.99
82.00
81.99
82.00
81.99
82.00
82.01
82.01
82.01
82.03
82.01
82.01
82.00
81.99
81.98
81.99
81.99
81.99
81.98
81.98
81.98
81.99
82.00
82.00
82.00
82.00
82.00
82.00
82.00
81.99
82.01
82.00
82.00
81.99
81.99
81.99
82.00
82.00
82.00
82.00
82.01
82.00
81.99
81.98
81.98
81.98
81.97
81.97
81.96
81.95
81.95
81.95
81.95
81.97
81.97
81.99
81.97
81.97
81.97
81.98
81.96
81.96
81.96
81.97
81.97
81.98
81.97
81.97
81.97
81.97
81.97
81.98
81.99
82.00
81.99
81.96
81.95
81.94
81.94
81.94
81.95
81.96
81.95
81.97
81.96
81.97
81.96
81.98
81.98
81.97
81.98
81.98
81.99
82.00
81.99
82.00
82.01
82.00
82.02
82.02
82.03
82.03
82.04
82.04
82.03
82.03
82.03
82.03
82.02
82.01
82.02
82.02
82.01
82.01
82.01
82.01
82.01
82.00
82.01
82.01
82.01
82.01
82.00
82.00
82.00
82.01
82.02
82.02
82.02
82.02
82.03
82.03
82.04
82.03
82.03
82.03
82.03
82.02
82.02
82.02
82.03
82.01
82.02
82.02
82.02
82.02
82.02
82.02
82.03
82.03
82.02
82.01
82.01
82.01
82.01
82.01
82.01
82.02
82.02
82.01
82.01
82.01
82.01
82.01
82.02
82.03
82.02
82.02
82.02
82.02
82.01
82.01
82.01
82.01
82.00
81.99
81.99
82.00
81.99
81.99
82.00
81.99
82.00
81.98
81.97
81.97
81.97
81.98
81.99
81.97
81.96
81.97
81.98
81.98
81.97
81.97
81.96
81.96
81.96
81.96
81.96
81.97
81.98
81.98
81.90
