7.81
13.28
13.54
13.67
13.44
13.28
12.05
11.91
11.46
11.25
10.94
11.33
11.06
10.94
10.94
10.74
10.57
10.94
10.94
11.02
11.01
11.15
11.62
11.65
11.62
11.48
11.28
11.38
11.42
11.56
11.79
11.87
11.88
12.04
12.01
12.11
12.16
12.17
12.14
12.11
12.08
12.24
12.25
12.18
12.15
12.06
12.17
12.04
11.93
11.94
11.86
11.72
11.65
11.72
11.62
11.55
11.65
11.58
11.60
11.59
11.45
11.42
11.46
11.57
11.63
11.55
11.64
11.72
11.78
11.74
11.69
11.70
11.67
11.66
11.60
11.57
11.57
11.62
11.55
11.56
11.55
11.51
11.48
11.51
11.60
11.70
11.69
11.79
11.75
11.79
11.80
11.72
11.79
11.88
11.79
11.77
11.81
11.77
11.73
11.72
11.71
11.80
11.80
11.82
11.80
11.82
11.84
11.81
11.84
11.86
11.81
11.82
11.85
11.80
11.79
11.76
11.73
11.67
11.67
11.68
11.69
11.65
11.62
11.66
11.64
11.62
11.61
11.60
11.58
11.56
11.55
11.55
11.55
11.53
11.53
11.51
11.51
11.54
11.53
11.61
11.67
11.66
11.63
11.58
11.56
11.60
11.62
11.63
11.65
11.64
11.66
11.65
11.66
11.71
11.74
11.74
11.70
11.69
11.67
11.71
11.71
11.70
11.67
11.66
11.61
11.60
11.63
11.64
11.64
11.64
11.63
11.63
11.64
11.62
11.62
11.62
11.64
11.70
11.70
11.69
11.71
11.73
11.74
11.72
11.76
11.78
11.76
11.74
11.75
11.73
11.77
11.74
11.76
11.76
11.78
11.79
11.79
11.80
11.77
11.82
11.78
11.76
11.72
11.73
11.73
11.71
11.74
11.70
11.74
11.73
11.73
11.75
11.74
11.71
11.72
11.73
11.77
11.75
11.74
11.75
11.76
11.75
11.78
11.76
11.76
11.73
11.72
11.72
11.71
11.73
11.74
11.73
11.75
11.75
11.76
11.76
11.76
11.76
11.79
11.78
11.79
11.81
11.81
11.81
11.79
11.79
11.80
11.79
11.83
11.86
11.83
11.84
11.86
11.85
11.86
11.85
11.89
11.90
11.91
11.92
11.93
11.93
11.91
11.93
11.91
11.91
11.89
11.87
11.87
11.87
11.85
11.84
11.85
11.85
11.84
11.84
11.85
11.83
11.82
11.83
11.87
11.88
11.88
11.87
11.87
11.87
11.86
11.86
11.88
11.87
11.84
11.86
11.87
11.86
11.86
11.85
11.88
11.87
11.88
11.88
11.87
11.85
11.85
11.85
11.86
11.86
11.85
11.85
11.85
11.84
11.85
11.86
11.84
11.86
11.87
11.87
11.86
11.86
11.85
11.86
11.85
11.85
11.84
11.85
11.84
11.85
11.85
11.84
11.84
11.85
11.85
11.86
11.84
11.82
11.80
11.78
11.77
11.77
11.79
11.78
11.77
11.77
11.78
11.78
11.78
11.78
11.78
11.78
11.78
11.81
11.80
11.79
11.80
11.80
11.80
11.79
11.78
11.79
11.79
11.79
11.79
11.78
11.77
11.74
11.74
11.73
11.73
11.73
11.73
11.73
11.75
11.74
11.76
11.76
11.76
11.76
11.75
11.76
11.75
11.77
11.76
11.75
11.74
11.72
11.72
11.73
11.72
11.72
11.72
11.72
11.72
11.69
11.68
11.68
11.69
11.68
11.68
11.68
11.68
11.67
11.67
11.68
11.69
11.68
11.67
11.67
11.66
11.64
11.64
11.64
11.65
11.65
11.67
11.68
11.69
11.71
11.72
11.71
11.71
11.69
11.70
11.70
11.71
11.69
11.68
11.69
11.70
11.71
11.72
11.74
11.75
11.75
11.75
11.75
11.76
11.75
11.75
11.75
11.74
11.73
11.72
11.73
11.74
11.75
11.74
11.73
11.72
11.73
11.74
11.73
11.73
11.74
11.75
11.77
11.77
11.76
11.75
11.75
11.75
11.76
11.75
11.76
11.76
11.76
11.74
11.74
11.74
11.75
11.73
11.75
11.74
11.76
11.75
11.75
11.74
11.74
11.74
11.74
11.74
11.74
11.74
11.73
11.75
11.73
11.74
11.75
11.73
11.74
11.74
11.74
11.74
11.73
11.73
11.73
11.72
11.72
11.73
11.74
11.74
11.73
11.73
11.75
11.75
11.76
11.75
11.74
11.75
11.76
11.75
11.76
11.76
11.76
11.76
11.76
11.76
11.76
11.77
11.76
11.78
11.78
11.77
11.78
11.79
11.79
11.79
11.79
11.79
11.78
11.79
11.80
11.80
11.80
11.80
11.80
11.80
11.80
11.79
11.78
11.78
11.78
11.77
11.78
11.77
11.76
11.76
11.76
11.75
11.75
11.76
11.75
11.76
11.76
11.77
11.76
11.77
11.77
11.77
11.78
11.78
11.79
11.77
11.77
11.78
11.77
11.77
11.76
11.76
11.76
11.75
11.75
11.74
11.74
11.74
11.74
11.73
11.72
11.73
11.73
11.73
11.72
11.72
11.72
11.73
11.73
11.73
11.74
11.73
11.73
11.72
11.72
11.74
11.74
11.73
11.72
11.72
11.73
11.74
11.75
11.75
11.75
11.75
11.76
11.76
11.76
11.75
11.75
11.75
11.75
11.76
11.78
11.77
11.78
11.78
11.78
11.78
11.78
11.78
11.78
11.78
11.77
11.78
11.78
11.79
11.78
11.77
11.77
11.77
11.77
11.76
11.77
11.77
11.78
11.77
11.79
11.79
11.79
11.79
11.80
11.80
11.79
11.81
11.81
11.81
11.81
11.82
11.82
11.83
11.83
11.83
11.83
11.84
11.84
11.84
11.84
11.82
11.83
11.83
11.84
11.86
11.86
11.85
11.86
11.87
11.87
11.88
11.87
11.87
11.88
11.88
11.88
11.88
11.88
11.88
11.87
11.87
11.86
11.86
11.86
11.86
11.86
11.85
11.84
11.84
11.84
11.83
11.84
11.84
11.83
11.82
11.82
11.82
11.83
11.82
11.82
11.81
11.81
11.81
11.80
11.80
11.80
11.81
11.80
11.80
11.79
11.79
11.79
11.79
11.80
11.80
11.80
11.80
11.80
11.80
11.79
11.79
11.80
11.81
11.80
11.79
11.79
11.80
11.79
11.79
11.79
11.80
11.79
11.79
11.79
11.78
11.78
11.78
11.77
11.78
11.78
11.78
11.79
11.79
11.78
11.79
11.79
11.79
11.79
11.79
11.80
11.79
11.79
11.79
11.78
11.78
11.78
11.78
11.78
11.78
11.78
11.78
11.77
11.78
11.77
11.77
11.77
11.76
11.76
11.77
11.77
11.77
11.77
11.76
11.76
11.75
11.74
11.75
11.74
11.74
11.73
11.74
11.73
11.74
11.74
11.74
11.73
11.74
11.73
