54.69
48.44
48.96
48.44
49.38
47.14
47.77
48.63
48.96
48.12
48.15
47.66
47.48
47.32
47.08
47.75
47.79
48.09
47.86
48.12
48.44
48.65
48.71
48.96
48.94
48.62
48.38
48.10
47.68
47.86
47.93
47.75
47.87
48.07
47.90
47.96
48.02
48.03
47.84
47.66
47.83
47.66
47.78
47.80
47.74
47.79
47.91
48.05
48.15
48.34
48.41
48.65
48.58
48.47
48.38
48.21
48.14
48.20
48.09
47.94
47.90
48.08
47.92
47.88
47.91
47.94
48.02
48.02
48.10
48.06
47.93
47.94
47.88
47.78
47.75
47.84
47.79
47.68
47.69
47.71
47.76
47.79
47.76
47.92
47.98
48.04
48.08
48.08
48.09
48.04
48.03
48.00
48.07
48.07
48.21
48.14
48.21
48.28
48.33
48.38
48.42
48.47
48.44
48.33
48.39
48.44
48.44
48.44
48.49
48.39
48.44
48.45
48.51
48.49
48.48
48.41
48.40
48.46
48.45
48.50
48.45
48.39
48.32
48.25
48.25
48.28
48.30
48.32
48.30
48.28
48.29
48.35
48.39
48.37
48.28
48.28
48.31
48.35
48.30
48.24
48.25
48.24
48.25
48.20
48.11
48.12
48.14
48.16
48.18
48.14
48.18
48.14
48.17
48.13
48.12
48.06
48.10
48.11
48.11
48.12
48.08
48.08
48.09
48.12
48.07
48.07
48.06
48.06
48.04
48.03
48.08
48.10
48.13
48.06
48.04
48.05
48.06
48.08
48.16
48.15
48.14
48.14
48.13
48.14
48.15
48.13
48.10
48.09
48.07
48.08
48.06
48.09
48.12
48.09
48.14
48.19
48.18
48.16
48.16
48.14
48.13
48.12
48.09
48.04
48.03
48.01
47.98
47.96
47.97
47.96
47.99
48.02
48.01
48.06
48.05
48.08
48.08
48.04
48.01
48.00
48.00
48.01
48.03
48.03
48.05
48.09
48.05
48.03
47.97
47.98
47.97
47.99
47.99
48.00
48.01
48.02
48.00
47.95
47.98
47.98
47.96
47.98
47.96
47.92
47.93
47.92
47.93
47.91
47.96
47.94
47.92
47.90
47.86
47.86
47.83
47.83
47.82
47.84
47.84
47.85
47.86
47.91
47.89
47.87
47.89
47.87
47.87
47.85
47.86
47.86
47.86
47.86
47.86
47.81
47.82
47.83
47.81
47.80
47.79
47.80
47.79
47.76
47.76
47.74
47.76
47.78
47.76
47.74
47.72
47.73
47.76
47.74
47.71
47.67
47.67
47.70
47.70
47.69
47.70
47.67
47.67
47.67
47.66
47.68
47.68
47.66
47.66
47.67
47.67
47.67
47.65
47.64
47.66
47.64
47.64
47.65
47.65
47.65
47.62
47.65
47.66
47.69
47.71
47.73
47.72
47.72
47.74
47.78
47.80
47.80
47.83
47.84
47.87
47.86
47.87
47.85
47.86
47.90
47.88
47.88
47.88
47.91
47.91
47.90
47.91
47.90
47.89
47.87
47.87
47.88
47.89
47.90
47.89
47.89
47.87
47.88
47.89
47.89
47.91
47.90
47.91
47.91
47.89
47.88
47.89
47.89
47.95
47.95
47.93
47.92
47.93
47.94
47.95
47.95
47.98
47.98
47.99
48.00
47.99
47.99
47.98
47.98
47.98
47.95
47.94
47.97
47.97
47.95
47.98
47.96
47.96
48.01
47.99
47.97
47.99
47.99
47.98
48.01
47.99
48.03
48.04
48.03
48.03
48.05
48.04
48.02
48.04
48.04
48.07
48.06
48.03
48.02
47.99
47.98
47.98
47.99
48.01
48.02
48.00
48.00
48.01
48.01
48.01
48.00
48.00
47.99
47.97
47.93
47.93
47.96
47.94
47.95
47.94
47.96
47.93
47.93
47.93
47.92
47.91
47.88
47.88
47.88
47.87
47.87
47.88
47.89
47.89
47.88
47.89
47.89
47.89
47.92
47.94
47.96
47.96
47.96
47.93
47.93
47.95
47.97
47.96
47.96
47.93
47.96
47.94
47.94
47.94
47.96
47.95
47.97
47.94
47.95
47.96
47.95
47.92
47.92
47.92
47.92
47.94
47.94
47.92
47.92
47.93
47.96
47.97
47.99
47.99
47.98
47.96
47.97
47.98
47.97
47.95
47.94
47.95
47.93
47.94
47.91
47.92
47.92
47.92
47.91
47.94
47.93
47.93
47.92
47.93
47.93
47.93
47.95
47.95
47.93
47.95
47.95
47.95
47.96
47.96
47.94
47.93
47.96
47.96
47.94
47.93
47.93
47.95
47.94
47.96
47.95
47.96
47.95
47.96
47.95
47.95
47.94
47.95
47.95
47.94
47.95
47.94
47.93
47.92
47.93
47.91
47.91
47.93
47.92
47.91
47.90
47.91
47.89
47.90
47.90
47.88
47.88
47.88
47.88
47.89
47.89
47.89
47.89
47.89
47.89
47.89
47.91
47.92
47.92
47.92
47.92
47.92
47.93
47.92
47.91
47.89
47.89
47.88
47.89
47.89
47.89
47.89
47.88
47.88
47.91
47.91
47.92
47.92
47.90
47.90
47.91
47.93
47.92
47.93
47.93
47.93
47.92
47.92
47.91
47.91
47.91
47.91
47.91
47.90
47.90
47.90
47.90
47.91
47.91
47.90
47.91
47.90
47.89
47.87
47.85
47.85
47.85
47.85
47.84
47.84
47.82
47.83
47.83
47.83
47.82
47.81
47.82
47.81
47.80
47.80
47.80
47.79
47.79
47.80
47.81
47.82
47.81
47.82
47.83
47.83
47.82
47.82
47.82
47.81
47.81
47.81
47.82
47.83
47.83
47.82
47.84
47.83
47.86
47.86
47.85
47.86
47.86
47.87
47.86
47.87
47.87
47.86
47.86
47.88
47.89
47.91
47.91
47.91
47.89
47.89
47.89
47.89
47.87
47.86
47.87
47.88
47.87
47.86
47.86
47.87
47.87
47.85
47.86
47.86
47.87
47.87
47.86
47.84
47.84
47.84
47.85
47.83
47.83
47.84
47.85
47.84
47.83
47.83
47.83
47.84
47.83
47.84
47.84
47.85
47.85
47.84
47.84
47.84
47.84
47.83
47.84
47.84
47.83
47.83
47.83
47.81
47.81
47.83
47.82
47.83
47.82
47.80
47.80
47.79
47.79
47.78
47.78
47.77
47.77
47.77
47.78
47.78
47.78
47.77
47.78
47.77
47.78
47.79
47.79
47.77
47.77
47.76
47.77
47.76
47.77
47.78
47.78
47.78
47.78
47.78
47.78
47.78
47.79
47.79
47.80
47.79
47.78
47.78
47.78
47.80
47.80
47.81
47.80
47.78
47.78
47.79
47.79
47.80
47.79
47.80
47.80
47.80
47.79
47.79
47.78
47.77
47.78
47.77
47.77
47.77
47.77
47.77
47.76
47.76
47.71
