82.81
81.25
79.69
79.69
79.06
78.91
78.35
79.30
80.03
79.84
80.11
80.21
80.05
80.02
80.00
79.69
79.60
79.60
80.02
80.00
79.91
79.97
79.76
80.01
80.19
80.05
80.32
80.47
80.28
80.47
80.44
80.37
80.16
80.01
79.82
80.08
80.11
80.06
80.17
80.20
80.18
80.21
80.31
80.33
80.38
80.43
80.29
80.37
80.26
80.22
80.15
80.11
79.98
80.09
80.11
80.11
80.18
80.17
80.22
80.23
80.15
80.24
80.31
80.40
80.58
80.49
80.57
80.70
80.71
80.76
80.79
80.84
80.82
80.83
80.90
80.88
80.99
81.05
81.09
81.11
81.11
81.12
81.12
81.19
81.32
81.30
81.38
81.32
81.34
81.25
81.16
81.20
81.17
81.20
81.25
81.20
81.15
81.14
81.25
81.28
81.27
81.22
81.23
81.25
81.24
81.28
81.26
81.18
81.19
81.16
81.07
81.08
81.11
81.13
81.14
81.17
81.13
81.16
81.21
81.13
81.06
81.12
81.07
81.14
81.14
81.19
81.19
81.12
81.18
81.14
81.17
81.19
81.25
81.26
81.28
81.31
81.30
81.28
81.25
81.21
81.26
81.29
81.24
81.25
81.24
81.22
81.25
81.24
81.25
81.25
81.25
81.20
81.19
81.21
81.20
81.19
81.16
81.15
81.14
81.13
81.09
81.08
81.09
81.08
81.09
81.14
81.13
81.10
81.08
81.04
81.09
81.10
81.08
81.10
81.10
81.04
81.08
81.13
81.15
81.16
81.17
81.22
81.24
81.26
81.28
81.30
81.27
81.26
81.31
81.27
81.28
81.30
81.31
81.29
81.29
81.33
81.32
81.32
81.35
81.36
81.38
81.41
81.43
81.43
81.39
81.36
81.40
81.41
81.46
81.50
81.44
81.46
81.46
81.45
81.47
81.50
81.52
81.54
81.59
81.56
81.58
81.59
81.60
81.61
81.61
81.62
81.61
81.59
81.58
81.59
81.60
81.61
81.60
81.62
81.60
81.59
81.60
81.60
81.59
81.60
81.61
81.60
81.58
81.60
81.56
81.55
81.52
81.50
81.53
81.55
81.59
81.60
81.61
81.59
81.61
81.59
81.61
81.63
81.66
81.63
81.62
81.60
81.62
81.61
81.59
81.57
81.57
81.59
81.61
81.60
81.59
81.60
81.61
81.61
81.62
81.66
81.68
81.69
81.69
81.69
81.71
81.71
81.71
81.68
81.69
81.69
81.69
81.69
81.66
81.68
81.66
81.65
81.67
81.68
81.68
81.67
81.67
81.67
81.70
81.72
81.73
81.72
81.72
81.72
81.71
81.69
81.69
81.72
81.71
81.74
81.74
81.74
81.73
81.74
81.77
81.75
81.78
81.77
81.76
81.77
81.76
81.74
81.76
81.77
81.75
81.75
81.76
81.75
81.73
81.73
81.73
81.73
81.73
81.73
81.73
81.72
81.74
81.74
81.72
81.74
81.72
81.73
81.72
81.71
81.70
81.69
81.69
81.71
81.70
81.70
81.70
81.71
81.68
81.66
81.67
81.65
81.63
81.65
81.64
81.64
81.64
81.64
81.62
81.61
81.61
81.63
81.64
81.61
81.61
81.61
81.60
81.62
81.63
81.61
81.60
81.61
81.62
81.63
81.65
81.68
81.68
81.68
81.68
81.67
81.67
81.68
81.68
81.68
81.70
81.70
81.70
81.71
81.73
81.73
81.73
81.73
81.75
81.75
81.75
81.76
81.74
81.74
81.76
81.76
81.78
81.78
81.80
81.81
81.78
81.77
81.77
81.75
81.75
81.75
81.75
81.74
81.76
81.76
81.75
81.75
81.74
81.74
81.75
81.75
81.76
81.75
81.75
81.76
81.75
81.76
81.75
81.75
81.73
81.72
81.74
81.74
81.74
81.75
81.74
81.76
81.76
81.75
81.76
81.78
81.76
81.77
81.76
81.77
81.75
81.74
81.73
81.71
81.72
81.71
81.71
81.72
81.72
81.71
81.71
81.71
81.69
81.69
81.70
81.70
81.71
81.72
81.73
81.74
81.74
81.75
81.75
81.76
81.77
81.77
81.76
81.76
81.76
81.75
81.76
81.77
81.79
81.77
81.78
81.78
81.80
81.81
81.81
81.78
81.78
81.79
81.80
81.80
81.80
81.79
81.78
81.79
81.79
81.78
81.79
81.80
81.81
81.79
81.79
81.77
81.77
81.77
81.76
81.76
81.75
81.73
81.75
81.75
81.75
81.77
81.77
81.76
81.76
81.75
81.76
81.76
81.76
81.76
81.76
81.76
81.75
81.76
81.76
81.75
81.76
81.77
81.78
81.78
81.77
81.77
81.77
81.77
81.78
81.79
81.77
81.76
81.75
81.75
81.76
81.75
81.76
81.75
81.74
81.74
81.74
81.74
81.74
81.74
81.75
81.74
81.73
81.74
81.74
81.73
81.74
81.76
81.76
81.76
81.77
81.77
81.76
81.76
81.75
81.77
81.78
81.78
81.79
81.79
81.80
81.79
81.79
81.79
81.80
81.79
81.81
81.82
81.83
81.84
81.83
81.84
81.82
81.82
81.82
81.83
81.85
81.85
81.85
81.86
81.88
81.88
81.87
81.88
81.88
81.87
81.86
81.86
81.87
81.87
81.85
81.83
81.83
81.82
81.83
81.82
81.81
81.81
81.80
81.80
81.80
81.81
81.82
81.82
81.82
81.81
81.82
81.82
81.82
81.80
81.79
81.80
81.79
81.80
81.81
81.82
81.83
81.84
81.84
81.84
81.85
81.86
81.88
81.87
81.86
81.87
81.87
81.88
81.89
81.88
81.88
81.88
81.88
81.87
81.87
81.87
81.88
81.87
81.87
81.88
81.89
81.90
81.90
81.91
81.91
81.91
81.92
81.93
81.92
81.92
81.93
81.92
81.93
81.95
81.94
81.93
81.93
81.93
81.93
81.92
81.92
81.93
81.93
81.93
81.94
81.94
81.95
81.94
81.95
81.94
81.94
81.93
81.93
81.93
81.92
81.91
81.91
81.91
81.89
81.88
81.89
81.89
81.89
81.87
81.87
81.86
81.86
81.85
81.87
81.88
81.88
81.89
81.87
81.87
81.88
81.89
81.90
81.91
81.90
81.91
81.91
81.90
81.90
81.90
81.91
81.90
81.90
81.89
81.90
81.90
81.90
81.91
81.92
81.92
81.92
81.93
81.93
81.92
81.92
81.92
81.92
81.92
81.92
81.93
81.93
81.93
81.93
81.92
81.93
81.93
81.94
81.95
81.94
81.94
81.94
81.95
81.95
81.95
81.95
81.95
81.95
81.93
81.94
81.94
81.94
81.94
81.94
81.93
81.92
81.91
81.91
81.92
81.92
81.91
81.92
81.92
81.92
81.91
81.91
81.92
81.92
81.92
81.93
81.92
81.92
81.91
81.92
81.92
81.93
81.85
