84.38
86.72
83.33
83.20
84.38
84.38
85.49
84.77
84.38
83.91
83.38
83.46
83.29
83.26
83.54
82.91
82.72
82.64
82.65
82.27
82.22
82.10
82.07
81.84
81.81
81.85
81.89
82.09
82.00
81.93
82.16
82.03
81.63
81.62
81.43
81.47
81.59
81.62
81.57
81.68
81.59
81.77
81.72
81.71
81.60
81.76
81.58
81.74
81.82
81.69
81.56
81.70
81.75
81.86
81.79
81.72
81.69
81.73
81.73
81.59
81.56
81.60
81.57
81.62
81.63
81.58
81.62
81.66
81.70
81.58
81.58
81.66
81.70
81.74
81.75
81.70
81.62
81.65
81.72
81.68
81.69
81.69
81.68
81.66
81.67
81.63
81.57
81.55
81.60
81.53
81.58
81.61
81.60
81.65
81.63
81.64
81.62
81.60
81.68
81.72
81.81
81.79
81.80
81.78
81.73
81.74
81.66
81.60
81.64
81.69
81.67
81.63
81.60
81.57
81.64
81.67
81.66
81.58
81.54
81.50
81.52
81.48
81.50
81.51
81.51
81.52
81.48
81.51
81.53
81.50
81.51
81.46
81.45
81.39
81.42
81.47
81.48
81.48
81.47
81.48
81.50
81.50
81.56
81.58
81.58
81.57
81.63
81.63
81.60
81.58
81.61
81.67
81.71
81.67
81.69
81.69
81.72
81.74
81.75
81.75
81.77
81.73
81.73
81.77
81.75
81.78
81.81
81.82
81.79
81.76
81.73
81.74
81.76
81.75
81.73
81.76
81.77
81.76
81.77
81.75
81.72
81.74
81.76
81.79
81.77
81.83
81.84
81.82
81.83
81.79
81.70
81.68
81.67
81.68
81.65
81.66
81.67
81.67
81.67
81.66
81.71
81.71
81.71
81.76
81.75
81.77
81.77
81.78
81.77
81.76
81.75
81.77
81.75
81.78
81.78
81.80
81.81
81.79
81.76
81.80
81.81
81.81
81.80
81.78
81.81
81.82
81.83
81.87
81.88
81.89
81.90
81.87
81.90
81.89
81.87
81.88
81.88
81.91
81.89
81.90
81.90
81.90
81.89
81.89
81.89
81.90
81.91
81.92
81.92
81.92
81.87
81.89
81.92
81.91
81.93
81.92
81.90
81.89
81.88
81.88
81.86
81.90
81.88
81.88
81.86
81.88
81.89
81.90
81.92
81.92
81.91
81.95
81.95
81.97
81.98
81.98
82.00
81.99
81.99
82.01
82.00
82.01
82.01
82.03
82.01
82.00
82.01
82.03
82.04
82.05
82.03
82.00
82.02
82.03
82.03
82.03
82.04
82.00
82.01
82.03
82.02
82.03
82.06
82.05
82.02
82.04
82.06
82.06
82.07
82.06
82.04
82.03
82.03
82.05
82.04
82.05
82.05
82.07
82.07
82.07
82.08
82.07
82.07
82.07
82.08
82.06
82.06
82.06
82.06
82.07
82.07
82.08
82.04
82.05
82.02
82.02
82.00
81.99
81.98
81.97
81.98
81.98
81.96
81.98
81.97
81.97
81.98
81.96
81.96
81.98
81.99
81.96
81.94
81.93
81.94
81.93
81.92
81.92
81.93
81.91
81.93
81.94
81.93
81.95
81.94
81.95
81.95
81.94
81.92
81.93
81.95
81.96
81.97
81.97
81.97
81.96
81.98
81.98
81.97
81.98
82.02
82.01
82.01
82.00
81.99
81.97
81.98
81.99
81.98
81.99
81.97
81.99
81.97
81.96
81.97
81.97
81.97
81.94
81.93
81.91
81.93
81.93
81.94
81.93
81.96
81.97
81.96
81.96
81.95
81.94
81.95
81.94
81.93
81.93
81.94
81.95
81.94
81.94
81.93
81.93
81.94
81.95
81.97
81.97
81.97
81.98
82.00
81.99
81.99
81.98
81.96
81.95
81.95
81.96
81.96
81.95
81.94
81.93
81.92
81.91
81.89
81.88
81.88
81.89
81.88
81.88
81.88
81.87
81.86
81.86
81.87
81.85
81.86
81.88
81.85
81.86
81.86
81.87
81.86
81.85
81.85
81.86
81.85
81.82
81.84
81.86
81.87
81.87
81.89
81.89
81.89
81.90
81.89
81.88
81.87
81.87
81.87
81.86
81.85
81.84
81.85
81.84
81.86
81.85
81.84
81.84
81.84
81.84
81.83
81.83
81.83
81.82
81.81
81.82
81.82
81.82
81.83
81.81
81.81
81.83
81.84
81.84
81.85
81.85
81.85
81.86
81.88
81.88
81.87
81.87
81.86
81.85
81.86
81.89
81.88
81.89
81.88
81.89
81.89
81.89
81.89
81.87
81.87
81.87
81.89
81.89
81.90
81.91
81.92
81.90
81.91
81.90
81.90
81.91
81.90
81.90
81.88
81.88
81.88
81.87
81.87
81.88
81.88
81.89
81.88
81.86
81.86
81.87
81.87
81.88
81.90
81.89
81.91
81.90
81.91
81.92
81.92
81.92
81.92
81.92
81.92
81.91
81.91
81.91
81.92
81.94
81.95
81.94
81.94
81.95
81.95
81.96
81.96
81.96
81.96
81.97
81.98
81.99
81.99
82.00
82.00
81.99
82.00
82.00
82.00
82.00
81.99
81.98
81.98
81.99
81.99
82.00
81.99
81.99
81.99
82.01
82.01
82.02
82.01
82.02
82.01
81.99
82.01
82.01
82.02
82.02
82.02
82.03
82.03
82.03
82.04
82.05
82.06
82.06
82.06
82.05
82.06
82.07
82.06
82.05
82.05
82.04
82.04
82.04
82.05
82.05
82.05
82.04
82.04
82.04
82.03
82.03
82.03
82.03
82.03
82.02
82.03
82.04
82.04
82.05
82.06
82.04
82.04
82.05
82.05
82.05
82.03
82.02
82.03
82.02
82.00
82.01
82.00
82.00
82.00
81.99
81.99
81.99
81.99
81.99
81.99
81.99
81.97
81.98
81.99
81.99
81.98
81.96
81.96
81.97
81.97
81.98
81.98
81.98
81.99
81.99
81.99
82.00
82.00
82.01
82.00
82.00
82.01
82.01
82.01
82.01
82.01
82.02
82.01
82.02
82.03
82.02
82.02
82.04
82.04
82.04
82.04
82.04
82.03
82.04
82.03
82.04
82.04
82.04
82.05
82.03
82.03
82.02
82.01
82.01
82.01
82.02
82.01
82.01
82.01
82.00
82.00
82.00
82.01
82.01
82.01
82.01
82.00
82.00
82.00
82.00
81.99
81.98
81.98
81.97
81.96
81.96
81.97
81.97
81.97
81.97
81.98
81.99
81.98
81.98
81.98
81.98
81.97
81.97
81.97
81.96
81.96
81.96
81.97
81.96
81.97
81.97
81.97
81.97
81.97
81.98
81.97
81.95
81.96
81.96
81.97
81.97
81.97
81.98
81.97
81.97
81.97
81.97
81.97
81.97
81.98
81.99
81.99
81.98
81.99
81.98
81.98
82.00
81.99
81.99
81.98
81.90
