89.06
83.59
83.33
82.42
83.12
83.85
83.71
83.98
82.99
83.12
82.81
83.20
82.81
82.48
82.40
81.74
81.89
82.38
82.32
81.88
82.07
81.82
81.86
82.16
82.31
82.33
82.12
82.03
82.06
82.24
82.26
82.18
82.43
82.44
82.41
82.20
82.47
82.69
82.69
82.81
82.85
82.81
82.96
82.99
83.02
83.05
82.88
83.01
83.23
83.09
83.00
82.99
82.90
82.75
82.64
82.62
82.54
82.52
82.68
82.68
82.53
82.33
82.37
82.28
82.33
82.32
82.35
82.40
82.50
82.52
82.48
82.44
82.43
82.52
82.52
82.50
82.57
82.57
82.67
82.66
82.68
82.68
82.74
82.76
82.78
82.70
82.78
82.72
82.72
82.67
82.74
82.71
82.64
82.66
82.62
82.67
82.68
82.67
82.62
82.56
82.60
82.51
82.54
82.56
82.51
82.49
82.52
82.55
82.60
82.64
82.56
82.56
82.52
82.50
82.43
82.46
82.49
82.49
82.52
82.45
82.48
82.48
82.44
82.42
82.47
82.49
82.47
82.45
82.45
82.48
82.42
82.37
82.44
82.40
82.38
82.35
82.36
82.26
82.24
82.22
82.24
82.21
82.17
82.22
82.24
82.18
82.17
82.14
82.11
82.12
82.09
82.07
82.08
82.09
82.09
82.11
82.09
82.08
82.10
82.11
82.08
82.05
82.07
82.01
82.02
82.02
82.01
81.98
81.97
81.99
81.96
81.99
82.02
82.03
82.02
82.05
82.04
81.99
81.98
81.98
82.00
82.01
82.03
82.01
82.01
82.00
82.03
82.01
82.04
82.06
82.04
82.02
82.05
82.06
82.05
82.07
82.09
82.13
82.13
82.16
82.18
82.16
82.16
82.18
82.18
82.21
82.15
82.12
82.13
82.08
82.03
82.02
82.01
82.02
82.00
81.96
81.97
82.00
81.97
82.01
82.01
82.02
82.06
82.09
82.10
82.09
82.06
82.07
82.09
82.07
82.08
82.09
82.12
82.10
82.12
82.11
82.15
82.19
82.12
82.12
82.11
82.08
82.08
82.06
82.05
82.06
82.09
82.05
82.03
82.04
82.07
82.06
82.07
82.05
82.05
82.03
82.05
82.06
82.05
82.06
82.05
82.05
82.05
82.06
82.04
82.03
82.01
82.01
81.99
82.00
81.98
81.96
81.97
81.97
81.99
82.00
82.03
82.06
82.07
82.04
82.06
82.05
82.08
82.09
82.10
82.11
82.10
82.10
82.09
82.10
82.10
82.10
82.13
82.13
82.12
82.11
82.12
82.12
82.11
82.10
82.10
82.08
82.05
82.06
82.04
82.04
82.04
82.02
82.02
82.03
82.04
82.01
82.01
82.03
82.05
82.08
82.08
82.07
82.07
82.08
82.06
82.04
82.04
82.04
82.03
82.06
82.08
82.07
82.09
82.09
82.09
82.09
82.09
82.11
82.13
82.12
82.10
82.10
82.09
82.07
82.07
82.06
82.06
82.06
82.06
82.05
82.03
82.04
82.04
82.05
82.07
82.07
82.08
82.08
82.07
82.09
82.09
82.11
82.13
82.12
82.10
82.11
82.11
82.10
82.11
82.12
82.13
82.14
82.14
82.12
82.11
82.12
82.14
82.14
82.14
82.15
82.16
82.15
82.17
82.18
82.16
82.17
82.16
82.18
82.19
82.18
82.17
82.18
82.18
82.18
82.17
82.16
82.16
82.15
82.16
82.15
82.16
82.18
82.15
82.16
82.16
82.16
82.14
82.16
82.16
82.16
82.13
82.11
82.13
82.12
82.11
82.12
82.11
82.11
82.11
82.11
82.12
82.13
82.14
82.12
82.14
82.13
82.14
82.13
82.13
82.13
82.14
82.15
82.16
82.16
82.16
82.15
82.14
82.14
82.15
82.14
82.14
82.13
82.13
82.15
82.15
82.12
82.13
82.13
82.13
82.12
82.10
82.09
82.09
82.09
82.09
82.10
82.09
82.08
82.08
82.09
82.09
82.11
82.12
82.12
82.13
82.14
82.15
82.17
82.17
82.17
82.16
82.16
82.16
82.15
82.16
82.17
82.17
82.15
82.16
82.16
82.18
82.18
82.17
82.15
82.15
82.15
82.14
82.14
82.14
82.15
82.14
82.15
82.14
82.16
82.16
82.15
82.17
82.16
82.16
82.15
82.16
82.18
82.16
82.15
82.14
82.14
82.14
82.15
82.16
82.15
82.14
82.13
82.14
82.13
82.13
82.13
82.13
82.13
82.12
82.13
82.13
82.11
82.11
82.10
82.11
82.11
82.10
82.09
82.09
82.08
82.08
82.09
82.10
82.11
82.11
82.12
82.11
82.11
82.11
82.11
82.10
82.10
82.11
82.12
82.13
82.12
82.12
82.13
82.12
82.12
82.12
82.12
82.12
82.12
82.11
82.11
82.12
82.12
82.12
82.12
82.11
82.11
82.11
82.10
82.11
82.11
82.10
82.10
82.10
82.08
82.08
82.09
82.08
82.08
82.05
82.06
82.05
82.04
82.05
82.05
82.06
82.06
82.06
82.04
82.05
82.05
82.03
82.02
82.02
82.03
82.03
82.04
82.05
82.05
82.06
82.06
82.04
82.04
82.03
82.03
82.03
82.03
82.03
82.03
82.04
82.02
82.03
82.02
82.02
82.02
82.02
82.01
82.01
82.01
82.00
81.99
82.00
82.00
82.01
81.99
81.98
81.99
81.98
81.98
81.98
81.98
81.98
81.98
81.99
82.00
82.01
81.99
81.99
82.00
81.99
81.99
81.98
81.98
81.98
81.97
81.97
81.96
81.96
81.96
81.96
81.95
81.95
81.94
81.95
81.96
81.95
81.95
81.94
81.95
81.96
81.95
81.95
81.95
81.96
81.96
81.95
81.96
81.95
81.96
81.96
81.96
81.95
81.96
81.95
81.94
81.94
81.94
81.94
81.94
81.95
81.96
81.97
81.97
81.97
81.96
81.95
81.96
81.97
81.97
81.96
81.96
81.96
81.97
81.96
81.97
81.97
81.97
81.97
81.96
81.96
81.95
81.95
81.94
81.95
81.95
81.95
81.96
81.95
81.95
81.95
81.95
81.95
81.94
81.94
81.93
81.93
81.92
81.92
81.93
81.93
81.94
81.94
81.94
81.94
81.94
81.94
81.94
81.94
81.95
81.95
81.93
81.95
81.93
81.93
81.93
81.93
81.93
81.94
81.95
81.96
81.98
81.97
81.96
81.96
81.97
81.96
81.96
81.96
81.96
81.95
81.95
81.94
81.94
81.93
81.93
81.93
81.94
81.93
81.94
81.94
81.94
81.94
81.95
81.95
81.95
81.95
81.95
81.95
81.94
81.93
81.93
81.93
81.94
81.93
81.93
81.92
81.92
81.92
81.92
81.91
81.92
81.92
81.91
81.91
81.92
81.93
81.93
81.94
81.94
81.94
81.86
