79.69
71.88
70.83
69.53
70.00
69.79
69.64
70.70
71.35
70.94
70.31
70.57
70.31
70.20
70.31
69.82
69.94
69.88
69.98
70.23
70.16
70.38
70.52
70.25
70.38
70.67
70.54
70.76
70.80
70.99
71.12
71.04
71.02
71.09
71.29
71.05
70.90
70.97
71.03
70.94
71.23
71.39
71.44
71.31
71.46
71.40
71.11
71.29
71.24
71.34
71.51
71.51
71.46
71.44
71.45
71.34
71.41
71.50
71.56
71.56
71.57
71.52
71.58
71.51
71.59
71.50
71.46
71.62
71.60
71.63
71.54
71.48
71.47
71.47
71.52
71.46
71.41
71.39
71.44
71.39
71.39
71.42
71.48
71.41
71.43
71.48
71.39
71.31
71.45
71.42
71.29
71.28
71.32
71.26
71.27
71.21
71.25
71.29
71.23
71.33
71.35
71.35
71.44
71.44
71.53
71.57
71.50
71.50
71.53
71.52
71.49
71.47
71.40
71.41
71.40
71.42
71.38
71.39
71.38
71.39
71.42
71.45
71.49
71.51
71.49
71.58
71.59
71.62
71.52
71.42
71.47
71.47
71.49
71.56
71.55
71.60
71.60
71.61
71.66
71.71
71.69
71.72
71.77
71.78
71.82
71.89
71.80
71.82
71.80
71.90
71.88
71.88
71.86
71.89
71.86
71.86
71.88
71.91
71.96
72.00
72.01
72.02
72.01
71.96
71.95
71.95
71.91
71.92
72.00
71.98
71.97
71.99
72.01
72.06
72.12
72.16
72.18
72.16
72.17
72.15
72.14
72.12
72.09
72.12
72.13
72.10
72.19
72.20
72.16
72.15
72.11
72.11
72.07
72.07
72.09
72.11
72.11
72.14
72.18
72.16
72.19
72.21
72.20
72.20
72.20
72.19
72.17
72.16
72.22
72.17
72.16
72.13
72.12
72.15
72.17
72.14
72.16
72.15
72.17
72.18
72.16
72.18
72.20
72.19
72.15
72.13
72.13
72.09
72.09
72.09
72.08
72.08
72.02
71.98
71.96
71.91
71.92
71.90
71.91
71.88
71.86
71.88
71.82
71.80
71.82
71.82
71.84
71.84
71.85
71.85
71.86
71.84
71.84
71.81
71.83
71.83
71.80
71.75
71.78
71.81
71.80
71.80
71.85
71.86
71.88
71.87
71.87
71.86
71.91
71.90
71.87
71.85
71.87
71.89
71.90
71.89
71.89
71.88
71.81
71.83
71.84
71.84
71.83
71.85
71.83
71.82
71.86
71.85
71.87
71.87
71.90
71.93
71.95
71.97
71.98
72.01
72.02
72.03
72.01
71.99
71.98
71.98
71.96
71.99
71.98
71.98
71.96
71.94
71.93
71.93
71.92
71.92
71.91
71.91
71.90
71.88
71.90
71.92
71.94
71.93
71.93
71.89
71.91
71.94
71.95
71.93
71.89
71.87
71.86
71.88
71.86
71.88
71.87
71.86
71.83
71.84
71.82
71.80
71.80
71.79
71.78
71.80
71.82
71.83
71.83
71.81
71.82
71.84
71.86
71.86
71.88
71.92
71.91
71.91
71.90
71.88
71.88
71.88
71.89
71.89
71.89
71.88
71.89
71.90
71.90
71.89
71.92
71.95
71.94
71.95
71.93
71.97
71.95
71.96
71.95
71.95
71.95
71.94
71.94
71.94
71.91
71.91
71.91
71.91
71.93
71.94
71.90
71.89
71.91
71.94
71.94
71.93
71.91
71.91
71.90
71.88
71.91
71.91
71.93
71.95
71.94
71.93
71.91
71.91
71.89
71.90
71.90
71.88
71.89
71.90
71.91
71.92
71.92
71.91
71.92
71.91
71.93
71.93
71.91
71.93
71.92
71.93
71.95
71.95
71.95
71.95
71.95
71.95
71.95
71.95
71.95
71.97
71.97
71.95
71.96
71.94
71.95
71.94
71.91
71.90
71.91
71.91
71.91
71.92
71.92
71.93
71.94
71.96
71.98
71.99
71.98
71.98
71.99
71.99
71.98
71.98
71.96
71.95
71.94
71.94
71.93
71.92
71.94
71.94
71.93
71.95
71.94
71.92
71.90
71.93
71.93
71.92
71.93
71.93
71.94
71.94
71.94
71.94
71.93
71.93
71.93
71.93
71.90
71.92
71.92
71.92
71.92
71.92
71.91
71.92
71.92
71.92
71.92
71.93
71.91
71.91
71.91
71.91
71.90
71.91
71.92
71.93
71.93
71.92
71.93
71.95
71.94
71.95
71.95
71.93
71.94
71.93
71.92
71.92
71.92
71.92
71.91
71.90
71.88
71.89
71.90
71.90
71.88
71.89
71.88
71.90
71.91
71.93
71.93
71.92
71.91
71.93
71.92
71.93
71.94
71.93
71.93
71.93
71.92
71.91
71.93
71.91
71.91
71.92
71.93
71.92
71.93
71.92
71.92
71.95
71.96
71.97
71.98
71.96
71.95
71.93
71.94
71.94
71.93
71.94
71.94
71.95
71.93
71.95
71.95
71.94
71.96
71.95
71.95
71.95
71.95
71.95
71.95
71.95
71.97
71.97
71.97
71.96
71.96
71.97
71.96
71.97
71.94
71.93
71.92
71.91
71.91
71.91
71.90
71.90
71.89
71.90
71.90
71.92
71.92
71.92
71.94
71.93
71.93
71.93
71.93
71.93
71.93
71.95
71.95
71.94
71.94
71.94
71.95
71.95
71.94
71.94
71.93
71.93
71.94
71.94
71.95
71.93
71.93
71.93
71.93
71.93
71.92
71.93
71.94
71.94
71.95
71.94
71.94
71.93
71.95
71.93
71.92
71.93
71.92
71.92
71.91
71.91
71.91
71.91
71.92
71.92
71.92
71.92
71.91
71.92
71.92
71.91
71.90
71.91
71.91
71.90
71.91
71.91
71.90
71.91
71.92
71.91
71.91
71.91
71.93
71.91
71.92
71.92
71.92
71.91
71.92
71.93
71.92
71.92
71.91
71.90
71.90
71.90
71.90
71.90
71.89
71.89
71.89
71.89
71.88
71.88
71.87
71.88
71.86
71.88
71.86
71.87
71.87
71.85
71.85
71.85
71.85
71.85
71.86
71.87
71.85
71.85
71.85
71.85
71.85
71.85
71.84
71.84
71.84
71.84
71.84
71.83
71.83
71.83
71.82
71.81
71.80
71.81
71.80
71.79
71.80
71.79
71.79
71.79
71.78
71.79
71.79
71.78
71.79
71.79
71.80
71.78
71.77
71.76
71.75
71.76
71.76
71.76
71.76
71.76
71.74
71.75
71.76
71.77
71.78
71.78
71.77
71.79
71.78
71.78
71.79
71.80
71.78
71.78
71.79
71.77
71.78
71.79
71.79
71.80
71.80
71.82
71.81
71.81
71.81
71.81
71.81
71.82
71.80
71.81
71.80
71.78
71.77
71.77
71.78
71.78
71.77
71.76
71.76
71.76
71.75
71.75
71.75
71.75
71.75
71.68
