78.12
82.81
82.29
79.30
77.81
79.17
80.13
79.49
80.03
80.62
80.82
80.60
80.77
80.80
81.56
81.74
81.43
81.60
81.74
81.56
81.47
81.32
81.59
81.18
81.38
81.37
81.42
81.53
81.47
81.51
81.65
81.69
81.30
81.53
81.70
81.60
81.59
81.74
81.61
81.52
81.40
81.44
81.47
81.29
81.35
81.45
81.55
81.74
81.35
81.25
81.34
81.49
81.54
81.66
81.65
81.72
81.69
81.63
81.65
81.64
81.66
81.65
81.75
81.71
81.75
81.75
81.86
81.85
81.73
81.76
81.80
81.79
81.72
81.71
81.71
81.72
81.76
81.77
81.90
81.95
81.91
81.82
81.85
81.94
81.93
81.87
81.81
81.76
81.81
81.81
81.85
81.74
81.75
81.75
81.79
81.77
81.80
81.81
81.87
81.86
81.92
81.95
81.83
81.85
81.92
81.94
81.92
81.92
81.95
81.92
81.83
81.86
81.86
81.77
81.71
81.73
81.74
81.74
81.75
81.77
81.74
81.81
81.82
81.88
81.91
81.88
81.87
81.86
81.84
81.85
81.88
81.85
81.81
81.80
81.78
81.72
81.71
81.71
81.73
81.74
81.78
81.77
81.75
81.78
81.75
81.74
81.78
81.79
81.73
81.74
81.77
81.75
81.75
81.75
81.76
81.82
81.86
81.84
81.85
81.83
81.85
81.85
81.86
81.84
81.85
81.85
81.84
81.85
81.86
81.82
81.83
81.84
81.84
81.85
81.85
81.84
81.84
81.84
81.81
81.80
81.80
81.80
81.80
81.78
81.77
81.76
81.78
81.76
81.77
81.76
81.81
81.81
81.80
81.77
81.76
81.80
81.81
81.86
81.88
81.87
81.90
81.87
81.87
81.86
81.88
81.83
81.88
81.86
81.88
81.89
81.90
81.88
81.90
81.91
81.90
81.89
81.89
81.92
81.91
81.88
81.88
81.91
81.93
81.96
81.97
81.94
81.97
81.91
81.93
81.94
81.93
81.98
81.99
81.99
82.01
82.00
81.99
81.97
81.97
81.98
82.02
82.00
81.98
81.99
82.00
82.01
81.96
81.95
81.96
81.96
81.94
81.94
81.92
81.91
81.94
81.94
81.93
81.92
81.96
81.93
81.91
81.91
81.93
81.93
81.94
81.96
81.98
82.00
82.01
82.04
82.03
82.00
81.99
82.01
82.00
82.00
82.02
82.01
82.02
82.03
82.04
82.03
82.00
82.00
82.01
81.99
82.00
81.98
81.97
81.98
81.99
81.99
81.98
81.97
81.98
81.99
81.97
81.99
82.00
82.01
82.03
82.03
82.03
82.06
82.05
82.08
82.10
82.08
82.06
82.06
82.03
82.04
82.05
82.03
82.04
82.05
82.07
82.08
82.06
82.06
82.05
82.05
82.08
82.09
82.11
82.12
82.11
82.13
82.10
82.13
82.15
82.13
82.09
82.07
82.09
82.10
82.08
82.09
82.07
82.08
82.08
82.09
82.11
82.11
82.12
82.13
82.15
82.16
82.15
82.15
82.11
82.12
82.12
82.11
82.10
82.09
82.10
82.08
82.08
82.07
82.06
82.05
82.07
82.08
82.08
82.06
82.05
82.05
82.06
82.05
82.07
82.06
82.03
82.00
81.99
82.00
82.00
82.01
82.02
82.01
82.00
82.00
82.01
82.02
82.04
82.04
82.03
82.04
82.05
82.04
82.06
82.07
82.06
82.07
82.08
82.06
82.08
82.06
82.03
82.01
82.00
82.00
82.01
82.02
82.01
81.99
81.98
81.99
81.96
81.97
81.95
81.95
81.96
81.94
81.95
81.95
81.97
81.96
81.97
81.98
82.00
82.00
82.00
82.01
82.01
82.02
82.03
82.03
82.03
82.01
82.00
81.98
81.99
81.99
81.99
81.99
81.98
81.99
81.98
82.00
81.99
82.00
81.98
81.98
82.00
82.00
82.01
82.00
81.99
81.99
81.99
81.99
81.98
81.98
81.98
81.98
81.99
81.97
81.98
81.99
82.00
81.99
82.00
81.99
81.98
81.99
81.99
82.00
82.02
82.01
82.00
82.00
82.00
82.02
82.03
82.03
82.04
82.02
82.01
82.02
82.02
82.02
82.02
82.03
82.02
82.03
82.04
82.04
82.04
82.03
82.04
82.03
82.03
82.04
82.03
82.05
82.05
82.06
82.06
82.06
82.06
82.07
82.08
82.09
82.09
82.10
82.09
82.09
82.09
82.09
82.10
82.11
82.12
82.12
82.12
82.13
82.13
82.14
82.14
82.12
82.13
82.12
82.13
82.13
82.14
82.14
82.14
82.14
82.14
82.15
82.15
82.15
82.16
82.15
82.16
82.16
82.17
82.17
82.16
82.17
82.16
82.15
82.16
82.15
82.15
82.16
82.14
82.15
82.15
82.16
82.16
82.16
82.17
82.17
82.16
82.16
82.16
82.16
82.14
82.14
82.14
82.13
82.14
82.15
82.16
82.16
82.16
82.17
82.17
82.16
82.16
82.15
82.15
82.16
82.15
82.16
82.15
82.15
82.15
82.14
82.14
82.14
82.16
82.16
82.15
82.14
82.15
82.14
82.14
82.15
82.15
82.17
82.16
82.15
82.13
82.12
82.12
82.11
82.12
82.11
82.11
82.10
82.10
82.10
82.10
82.10
82.10
82.12
82.11
82.10
82.11
82.12
82.12
82.11
82.11
82.11
82.11
82.11
82.13
82.13
82.12
82.11
82.11
82.10
82.10
82.11
82.10
82.10
82.10
82.10
82.10
82.09
82.09
82.09
82.10
82.11
82.10
82.10
82.10
82.09
82.09
82.08
82.09
82.10
82.10
82.08
82.09
82.08
82.08
82.07
82.06
82.06
82.07
82.07
82.07
82.06
82.06
82.07
82.07
82.06
82.05
82.05
82.05
82.05
82.05
82.04
82.04
82.04
82.03
82.03
82.04
82.04
82.04
82.04
82.04
82.05
82.04
82.04
82.03
82.02
82.01
82.02
82.02
82.02
82.03
82.02
82.03
82.02
82.03
82.01
82.02
82.02
82.02
82.03
82.03
82.02
82.02
82.02
82.03
82.02
82.02
82.02
82.02
82.02
82.03
82.03
82.03
82.04
82.03
82.04
82.04
82.04
82.04
82.05
82.05
82.04
82.03
82.04
82.05
82.06
82.05
82.06
82.06
82.07
82.05
82.04
82.04
82.04
82.04
82.03
82.03
82.03
82.03
82.03
82.04
82.03
82.02
82.02
82.02
82.01
82.01
82.01
82.01
82.00
81.99
81.98
81.98
81.98
81.97
81.98
81.98
81.99
81.98
81.99
81.99
81.99
82.00
82.01
82.00
82.01
82.00
81.98
81.98
81.97
81.98
81.99
81.99
81.98
81.97
81.97
81.97
81.97
81.96
81.97
81.97
81.97
81.97
81.97
81.97
81.97
81.97
81.89
