75.00
82.03
82.81
83.59
82.81
81.77
81.03
81.05
80.73
81.25
81.39
81.90
81.73
80.92
80.73
80.96
81.16
81.08
81.41
81.72
81.40
81.25
81.45
81.51
81.38
81.43
81.31
81.53
81.57
81.61
81.50
81.40
81.39
81.07
80.94
81.12
81.08
81.09
80.93
80.94
81.02
81.29
81.25
81.36
81.32
81.32
81.38
81.41
81.38
81.41
81.43
81.46
81.40
81.45
81.42
81.47
81.39
81.44
81.49
81.51
81.53
81.48
81.62
81.52
81.59
81.53
81.55
81.59
81.57
81.58
81.58
81.49
81.57
81.63
81.62
81.76
81.70
81.73
81.78
81.76
81.69
81.73
81.80
81.77
81.69
81.74
81.73
81.78
81.74
81.68
81.63
81.57
81.54
81.60
81.58
81.61
81.52
81.52
81.53
81.56
81.53
81.46
81.51
81.54
81.53
81.60
81.63
81.63
81.59
81.65
81.69
81.74
81.80
81.91
81.97
81.98
82.01
82.00
81.99
81.98
82.02
82.03
82.02
82.03
82.01
81.97
81.99
81.95
81.98
81.97
82.01
82.05
82.03
82.04
82.08
82.10
82.04
82.03
82.01
81.99
81.96
81.98
81.99
82.03
82.07
82.05
82.04
82.02
82.03
82.01
81.91
81.91
81.90
81.88
81.86
81.85
81.83
81.84
81.87
81.84
81.81
81.82
81.83
81.82
81.85
81.90
81.92
81.93
81.92
81.88
81.92
81.94
81.91
81.91
81.95
81.96
81.97
81.96
81.97
81.93
81.98
81.96
81.95
81.95
81.93
81.92
81.94
81.96
81.97
81.97
81.91
81.94
81.95
82.02
82.01
82.02
82.03
82.02
82.00
82.02
82.01
81.98
81.97
81.99
81.97
81.96
81.97
81.94
81.98
81.98
81.95
81.97
81.95
81.97
81.98
82.01
82.02
82.02
82.02
82.00
81.98
81.99
81.96
81.95
81.98
81.98
81.99
81.99
81.99
81.98
82.02
82.04
82.09
82.08
82.08
82.05
82.05
82.05
82.05
82.03
82.03
82.06
82.05
82.08
82.07
82.06
82.07
82.07
82.08
82.06
82.05
82.06
82.07
82.04
82.00
81.98
82.00
82.01
81.99
81.96
82.00
82.01
82.00
81.98
81.97
82.00
82.02
82.01
82.02
82.01
82.03
81.99
82.01
82.00
81.99
82.00
81.99
82.01
82.01
82.01
82.00
82.00
82.02
82.03
82.02
81.99
82.02
81.98
81.98
81.97
81.95
81.95
81.96
81.97
81.94
81.95
81.94
81.93
81.94
81.95
81.95
81.95
81.95
81.95
81.96
81.96
81.98
82.00
82.01
81.98
81.99
81.98
81.99
81.98
81.96
81.95
81.94
81.96
81.97
81.98
81.97
81.98
81.96
81.95
81.94
81.97
81.97
81.99
81.99
81.98
81.98
81.98
81.99
81.99
82.00
81.96
81.96
81.95
81.96
81.95
81.94
81.95
81.95
81.96
81.97
81.97
81.97
82.00
82.01
82.00
82.01
82.01
82.01
82.04
82.04
82.02
82.01
81.98
82.00
81.97
81.97
81.96
81.97
81.98
81.97
81.98
81.94
81.94
81.95
81.96
81.96
81.96
81.97
81.97
81.96
81.95
81.95
81.95
81.96
81.94
81.94
81.95
81.95
81.94
81.93
81.93
81.93
81.94
81.93
81.91
81.91
81.91
81.91
81.90
81.89
81.88
81.87
81.85
81.84
81.84
81.83
81.84
81.85
81.85
81.87
81.88
81.88
81.89
81.88
81.88
81.88
81.87
81.87
81.88
81.88
81.90
81.89
81.88
81.89
81.88
81.88
81.88
81.87
81.88
81.87
81.87
81.88
81.90
81.90
81.89
81.89
81.88
81.89
81.90
81.90
81.90
81.91
81.92
81.94
81.92
81.92
81.91
81.92
81.93
81.93
81.92
81.93
81.93
81.93
81.93
81.92
81.92
81.92
81.93
81.93
81.94
81.93
81.94
81.94
81.93
81.94
81.95
81.95
81.94
81.95
81.97
81.94
81.93
81.93
81.92
81.93
81.93
81.92
81.92
81.93
81.94
81.93
81.94
81.94
81.96
81.94
81.93
81.93
81.94
81.94
81.95
81.95
81.93
81.95
81.93
81.93
81.95
81.93
81.93
81.92
81.92
81.92
81.91
81.92
81.91
81.90
81.89
81.90
81.90
81.88
81.88
81.89
81.88
81.89
81.88
81.87
81.88
81.88
81.88
81.89
81.88
81.88
81.88
81.88
81.88
81.89
81.88
81.89
81.88
81.87
81.87
81.87
81.87
81.86
81.87
81.88
81.88
81.88
81.88
81.89
81.89
81.89
81.89
81.89
81.91
81.91
81.91
81.91
81.91
81.92
81.93
81.93
81.93
81.92
81.92
81.94
81.95
81.95
81.95
81.95
81.94
81.92
81.91
81.91
81.91
81.91
81.92
81.92
81.94
81.93
81.92
81.93
81.92
81.92
81.92
81.93
81.92
81.93
81.94
81.94
81.93
81.94
81.94
81.93
81.93
81.93
81.93
81.94
81.93
81.94
81.94
81.92
81.94
81.94
81.93
81.92
81.93
81.93
81.94
81.96
81.93
81.92
81.91
81.92
81.91
81.91
81.91
81.92
81.93
81.93
81.94
81.93
81.92
81.92
81.92
81.92
81.92
81.92
81.93
81.93
81.93
81.93
81.94
81.95
81.95
81.95
81.96
81.96
81.95
81.94
81.94
81.93
81.93
81.95
81.95
81.96
81.97
81.96
81.96
81.97
81.97
81.98
81.98
81.98
81.98
81.97
81.98
81.98
81.98
81.97
81.98
81.96
81.97
81.97
81.98
81.98
81.97
81.95
81.95
81.95
81.93
81.93
81.93
81.93
81.95
81.94
81.94
81.95
81.95
81.96
81.96
81.96
81.96
81.94
81.93
81.93
81.93
81.92
81.92
81.93
81.92
81.92
81.93
81.94
81.93
81.92
81.94
81.94
81.94
81.94
81.94
81.94
81.94
81.94
81.95
81.94
81.94
81.94
81.94
81.94
81.94
81.94
81.93
81.92
81.92
81.92
81.92
81.93
81.93
81.92
81.92
81.93
81.94
81.95
81.95
81.96
81.96
81.97
81.97
81.97
81.96
81.95
81.95
81.95
81.95
81.95
81.96
81.95
81.93
81.92
81.93
81.93
81.92
81.93
81.91
81.91
81.92
81.92
81.91
81.92
81.92
81.93
81.93
81.92
81.93
81.93
81.92
81.92
81.92
81.93
81.94
81.94
81.94
81.94
81.94
81.94
81.94
81.93
81.94
81.94
81.94
81.94
81.94
81.93
81.93
81.93
81.93
81.93
81.92
81.94
81.93
81.93
81.93
81.94
81.93
81.93
81.93
81.93
81.93
81.93
81.93
81.94
81.94
81.94
81.94
81.94
81.86
