65.62
61.72
58.85
59.38
60.00
60.16
60.49
59.18
59.20
58.59
58.24
57.55
57.81
58.48
59.38
59.47
59.28
59.11
59.29
58.98
58.93
59.16
59.85
60.03
60.00
59.98
60.07
59.88
59.75
60.21
60.08
59.81
59.52
59.42
59.06
59.20
59.21
59.29
59.17
59.26
59.22
59.52
59.19
59.34
59.31
59.44
59.54
59.70
59.73
59.78
59.71
59.80
59.82
59.64
59.49
59.57
59.48
59.16
59.14
59.17
59.17
59.27
59.33
59.16
59.01
59.09
59.17
59.19
59.15
59.22
59.07
59.09
59.03
59.06
58.98
58.92
58.87
58.89
58.90
59.08
59.07
59.17
59.15
59.02
59.12
59.18
59.34
59.36
59.32
59.22
59.32
59.31
59.41
59.49
59.46
59.52
59.57
59.52
59.44
59.30
59.31
59.22
59.24
59.30
59.32
59.24
59.23
59.27
59.32
59.42
59.52
59.54
59.51
59.46
59.43
59.46
59.38
59.45
59.43
59.52
59.49
59.40
59.44
59.45
59.46
59.42
59.45
59.45
59.47
59.46
59.47
59.55
59.56
59.53
59.56
59.55
59.52
59.64
59.64
59.65
59.67
59.68
59.65
59.59
59.62
59.66
59.59
59.53
59.55
59.54
59.41
59.39
59.36
59.35
59.31
59.33
59.35
59.34
59.35
59.33
59.35
59.32
59.37
59.42
59.39
59.28
59.24
59.30
59.27
59.32
59.32
59.30
59.32
59.31
59.30
59.33
59.38
59.36
59.30
59.27
59.30
59.31
59.31
59.26
59.24
59.22
59.24
59.18
59.22
59.25
59.29
59.27
59.21
59.16
59.18
59.24
59.24
59.24
59.23
59.20
59.20
59.18
59.21
59.20
59.16
59.17
59.16
59.18
59.20
59.20
59.12
59.15
59.16
59.13
59.17
59.17
59.16
59.12
59.14
59.17
59.18
59.22
59.23
59.24
59.28
59.27
59.24
59.24
59.24
59.27
59.28
59.22
59.21
59.17
59.21
59.24
59.22
59.20
59.19
59.18
59.21
59.20
59.21
59.16
59.20
59.24
59.24
59.22
59.19
59.16
59.15
59.15
59.16
59.18
59.18
59.17
59.18
59.18
59.16
59.16
59.13
59.12
59.14
59.13
59.07
59.10
59.14
59.09
59.08
59.10
59.09
59.08
59.05
59.06
59.09
59.09
59.12
59.10
59.11
59.09
59.08
59.03
59.05
59.05
59.04
59.03
59.03
59.04
59.05
59.04
59.06
59.06
59.06
59.09
59.10
59.09
59.10
59.07
59.07
59.07
59.07
59.10
59.11
59.10
59.10
59.11
59.10
59.08
59.09
59.09
59.06
59.06
59.06
59.06
59.08
59.08
59.09
59.12
59.11
59.08
59.08
59.09
59.08
59.09
59.15
59.12
59.11
59.09
59.09
59.10
59.09
59.06
59.03
59.01
58.99
58.98
59.02
59.02
59.00
59.03
59.01
59.00
59.02
58.99
58.97
58.99
59.00
58.99
59.01
59.03
59.03
59.03
59.05
59.04
59.02
59.00
58.97
59.02
59.01
59.03
59.04
59.06
59.06
59.04
59.05
59.05
59.04
59.04
59.06
59.07
59.05
59.04
59.08
59.10
59.07
59.09
59.08
59.08
59.09
59.10
59.07
59.08
59.09
59.11
59.10
59.12
59.10
59.12
59.11
59.12
59.13
59.13
59.15
59.16
59.17
59.17
59.18
59.18
59.14
59.15
59.15
59.13
59.13
59.14
59.14
59.14
59.13
59.13
59.14
59.16
59.18
59.19
59.19
59.18
59.18
59.19
59.16
59.16
59.16
59.16
59.15
59.16
59.15
59.14
59.16
59.16
59.15
59.14
59.17
59.19
59.19
59.17
59.19
59.18
59.20
59.22
59.22
59.23
59.21
59.19
59.22
59.19
59.20
59.21
59.21
59.20
59.21
59.20
59.22
59.22
59.20
59.21
59.22
59.24
59.24
59.24
59.24
59.24
59.21
59.23
59.23
59.22
59.22
59.22
59.19
59.20
59.21
59.21
59.23
59.21
59.20
59.23
59.22
59.20
59.21
59.21
59.21
59.22
59.21
59.20
59.21
59.20
59.21
59.20
59.19
59.18
59.16
59.15
59.16
59.16
59.16
59.17
59.16
59.16
59.17
59.15
59.15
59.14
59.15
59.14
59.15
59.12
59.12
59.12
59.11
59.12
59.13
59.14
59.12
59.14
59.12
59.12
59.12
59.12
59.13
59.13
59.13
59.13
59.13
59.13
59.12
59.11
59.11
59.09
59.10
59.11
59.09
59.11
59.12
59.12
59.12
59.12
59.13
59.13
59.14
59.15
59.15
59.16
59.17
59.14
59.16
59.15
59.15
59.16
59.14
59.15
59.15
59.14
59.13
59.14
59.14
59.14
59.14
59.13
59.14
59.14
59.14
59.15
59.17
59.16
59.17
59.19
59.20
59.19
59.17
59.17
59.18
59.19
59.21
59.19
59.20
59.20
59.21
59.19
59.20
59.20
59.20
59.21
59.22
59.22
59.24
59.25
59.25
59.25
59.26
59.27
59.27
59.28
59.28
59.28
59.28
59.28
59.27
59.29
59.29
59.28
59.28
59.27
59.27
59.29
59.26
59.27
59.27
59.28
59.30
59.29
59.31
59.31
59.31
59.33
59.32
59.30
59.31
59.31
59.30
59.30
59.30
59.28
59.28
59.27
59.27
59.28
59.27
59.27
59.27
59.27
59.28
59.28
59.28
59.27
59.27
59.27
59.27
59.25
59.27
59.27
59.26
59.27
59.26
59.25
59.23
59.22
59.21
59.21
59.22
59.23
59.21
59.21
59.21
59.20
59.19
59.19
59.20
59.20
59.21
59.22
59.21
59.22
59.22
59.22
59.21
59.21
59.22
59.21
59.21
59.20
59.21
59.21
59.20
59.20
59.19
59.18
59.18
59.18
59.16
59.16
59.15
59.14
59.13
59.12
59.11
59.11
59.11
59.09
59.09
59.08
59.09
59.08
59.08
59.09
59.09
59.10
59.10
59.11
59.12
59.11
59.10
59.10
59.09
59.09
59.09
59.10
59.10
59.10
59.09
59.09
59.07
59.07
59.07
59.09
59.09
59.08
59.08
59.09
59.10
59.09
59.09
59.09
59.09
59.11
59.11
59.11
59.12
59.12
59.12
59.13
59.13
59.15
59.15
59.15
59.17
59.15
59.15
59.15
59.15
59.14
59.14
59.12
59.13
59.14
59.14
59.14
59.15
59.16
59.15
59.15
59.15
59.16
59.16
59.18
59.18
59.17
59.17
59.16
59.16
59.16
59.17
59.17
59.16
59.17
59.18
59.18
59.19
59.21
59.20
59.21
59.22
59.22
59.23
59.22
59.22
59.21
59.22
59.22
59.22
59.21
59.21
59.21
59.20
59.21
59.20
59.14
