45.31
43.75
41.67
41.02
42.81
43.75
44.42
45.12
45.14
44.69
44.60
45.18
45.67
45.20
45.21
45.41
45.31
45.23
45.15
45.78
45.46
45.31
45.24
45.18
45.38
45.43
44.79
44.75
44.88
45.00
44.61
44.87
45.08
45.17
45.09
45.10
44.89
44.98
44.91
44.88
44.93
45.01
45.09
44.92
44.83
45.01
44.68
44.66
44.58
44.62
44.76
44.92
45.08
45.08
45.03
45.01
45.07
45.07
44.97
45.00
45.03
45.01
45.11
45.07
45.19
45.19
45.31
45.24
45.24
45.31
45.47
45.59
45.40
45.50
45.56
45.60
45.62
45.65
45.57
45.62
45.52
45.45
45.27
45.31
45.09
45.11
44.94
44.92
45.07
44.91
44.90
44.85
44.77
44.80
44.87
44.91
44.96
45.03
45.09
45.02
45.03
45.07
45.05
45.18
45.28
45.28
45.28
45.40
45.37
45.38
45.33
45.31
45.28
45.33
45.34
45.37
45.43
45.39
45.37
45.35
45.38
45.45
45.43
45.39
45.39
45.36
45.31
45.39
45.42
45.41
45.35
45.30
45.28
45.27
45.30
45.29
45.37
45.40
45.41
45.46
45.48
45.46
45.45
45.51
45.47
45.46
45.46
45.44
45.44
45.46
45.46
45.52
45.60
45.59
45.54
45.53
45.57
45.62
45.61
45.61
45.61
45.67
45.73
45.72
45.74
45.77
45.76
45.78
45.74
45.76
45.73
45.79
45.78
45.78
45.79
45.77
45.75
45.73
45.73
45.74
45.72
45.69
45.72
45.66
45.68
45.67
45.67
45.65
45.65
45.69
45.69
45.70
45.71
45.69
45.64
45.62
45.69
45.70
45.68
45.72
45.68
45.70
45.68
45.68
45.69
45.71
45.70
45.68
45.68
45.66
45.65
45.68
45.64
45.67
45.70
45.69
45.69
45.70
45.68
45.71
45.73
45.72
45.71
45.75
45.74
45.74
45.76
45.81
45.80
45.83
45.87
45.88
45.92
45.91
45.88
45.88
45.88
45.90
45.92
45.87
45.89
45.87
45.88
45.86
45.86
45.82
45.80
45.82
45.81
45.80
45.78
45.77
45.76
45.71
45.72
45.74
45.70
45.65
45.66
45.68
45.72
45.69
45.70
45.71
45.72
45.71
45.69
45.70
45.67
45.69
45.72
45.70
45.67
45.69
45.64
45.62
45.58
45.60
45.61
45.66
45.65
45.67
45.69
45.68
45.70
45.71
45.73
45.77
45.78
45.78
45.75
45.74
45.71
45.73
45.71
45.69
45.67
45.71
45.73
45.74
45.73
45.73
45.75
45.76
45.76
45.75
45.79
45.83
45.84
45.87
45.86
45.89
45.91
45.94
45.91
45.92
45.93
45.91
45.90
45.89
45.91
45.89
45.88
45.87
45.87
45.87
45.87
45.86
45.85
45.84
45.83
45.82
45.86
45.86
45.83
45.85
45.84
45.87
45.87
45.88
45.91
45.88
45.87
45.88
45.89
45.89
45.89
45.86
45.85
45.88
45.86
45.86
45.83
45.81
45.82
45.80
45.80
45.82
45.83
45.81
45.78
45.77
45.76
45.80
45.78
45.78
45.77
45.78
45.76
45.74
45.73
45.77
45.76
45.76
45.74
45.76
45.76
45.75
45.75
45.76
45.79
45.78
45.77
45.76
45.77
45.76
45.77
45.76
45.77
45.77
45.78
45.78
45.78
45.80
45.80
45.82
45.81
45.82
45.81
45.80
45.78
45.77
45.79
45.78
45.81
45.84
45.86
45.86
45.88
45.90
45.88
45.88
45.87
45.85
45.86
45.83
45.82
45.84
45.84
45.85
45.86
45.87
45.84
45.84
45.83
45.81
45.80
45.80
45.79
45.80
45.81
45.80
45.81
45.80
45.81
45.80
45.82
45.80
45.83
45.86
45.85
45.85
45.87
45.88
45.87
45.89
45.90
45.88
45.88
45.88
45.89
45.88
45.89
45.87
45.86
45.86
45.86
45.87
45.91
45.90
45.92
45.92
45.94
45.96
45.97
45.98
45.99
45.99
46.00
46.00
46.01
46.01
46.00
45.99
46.00
46.00
45.99
46.01
46.01
46.01
46.02
46.00
46.00
45.99
46.01
46.01
46.03
46.04
46.05
46.05
46.07
46.08
46.08
46.08
46.08
46.08
46.09
46.09
46.09
46.09
46.09
46.09
46.10
46.08
46.06
46.05
46.05
46.04
46.04
46.04
46.06
46.06
46.06
46.06
46.07
46.08
46.09
46.08
46.08
46.06
46.07
46.07
46.07
46.08
46.09
46.07
46.06
46.06
46.05
46.05
46.07
46.06
46.05
46.04
46.03
46.05
46.06
46.05
46.06
46.05
46.06
46.05
46.06
46.07
46.07
46.07
46.06
46.07
46.09
46.08
46.08
46.08
46.08
46.07
46.06
46.05
46.05
46.05
46.05
46.06
46.06
46.04
46.06
46.06
46.06
46.07
46.06
46.08
46.06
46.06
46.05
46.05
46.07
46.08
46.09
46.12
46.11
46.09
46.09
46.09
46.11
46.10
46.08
46.07
46.07
46.07
46.07
46.08
46.08
46.10
46.09
46.10
46.10
46.10
46.09
46.08
46.07
46.06
46.04
46.04
46.03
46.04
46.04
46.04
46.04
46.03
46.04
46.03
46.04
46.06
46.06
46.07
46.08
46.08
46.08
46.09
46.09
46.10
46.08
46.09
46.10
46.10
46.08
46.08
46.08
46.08
46.08
46.06
46.07
46.04
46.04
46.04
46.05
46.06
46.06
46.05
46.06
46.05
46.04
46.05
46.04
46.03
46.02
46.04
46.03
46.02
46.03
46.03
46.01
46.01
46.02
46.02
46.01
46.04
46.04
46.03
46.03
46.03
46.04
46.03
46.03
46.03
46.03
46.03
46.05
46.04
46.03
46.05
46.06
46.06
46.06
46.05
46.05
46.04
46.04
46.05
46.05
46.04
46.04
46.03
46.03
46.03
46.03
46.04
46.04
46.04
46.04
46.04
46.03
46.05
46.04
46.04
46.04
46.04
46.03
46.04
46.04
46.03
46.02
46.02
46.01
46.02
46.03
46.03
46.04
46.04
46.03
46.04
46.03
46.03
46.02
46.01
46.02
46.02
46.02
46.01
46.01
46.00
46.01
46.00
46.01
46.01
46.00
45.99
46.00
46.00
46.00
46.00
46.00
45.98
45.98
45.97
45.96
45.96
45.97
45.98
45.97
45.97
45.97
45.97
45.99
45.97
45.98
45.96
45.97
45.95
45.94
45.96
45.96
45.95
45.94
45.95
45.96
45.97
45.97
45.97
45.97
45.96
45.96
45.96
45.97
45.97
45.98
45.97
45.96
45.97
45.96
45.96
45.97
45.97
45.97
45.96
45.96
45.95
45.95
45.95
45.93
45.94
45.94
45.93
45.93
45.89
