57.81
62.50
63.02
62.11
62.50
62.24
60.94
60.74
60.42
59.38
59.09
58.46
58.53
58.93
58.85
58.50
58.36
58.25
58.22
57.97
57.44
57.46
57.34
57.36
57.31
57.45
57.00
56.92
57.11
57.24
57.56
57.47
57.34
57.40
57.54
57.77
57.81
57.44
57.45
57.38
57.39
57.22
57.16
57.24
57.29
57.37
57.51
57.52
57.43
57.53
57.84
57.69
57.67
57.47
57.53
57.39
57.57
57.73
57.87
57.84
57.79
57.84
57.81
57.84
58.00
58.07
58.09
58.09
58.15
57.97
58.01
57.96
57.88
57.81
57.71
57.63
57.71
57.71
57.59
57.64
57.70
57.70
57.55
57.44
57.41
57.43
57.47
57.46
57.46
57.27
57.26
57.25
57.21
57.08
56.99
56.90
56.94
56.92
57.04
57.11
57.05
57.06
57.02
57.00
57.13
57.24
57.21
57.25
57.17
57.13
57.15
57.24
57.18
57.15
57.16
57.15
57.13
57.03
56.97
56.90
56.93
56.89
56.91
56.91
56.89
56.91
56.89
56.93
56.93
56.98
56.93
56.89
56.86
56.84
56.85
56.85
56.87
56.84
56.87
56.86
56.91
56.89
56.91
56.83
56.89
56.90
56.94
56.94
56.93
56.96
56.91
56.93
56.88
56.83
56.79
56.77
56.83
56.84
56.83
56.81
56.83
56.81
56.84
56.84
56.86
56.81
56.76
56.77
56.80
56.84
56.79
56.79
56.76
56.72
56.76
56.77
56.81
56.79
56.77
56.75
56.77
56.82
56.77
56.74
56.74
56.74
56.73
56.72
56.67
56.67
56.70
56.71
56.68
56.71
56.73
56.70
56.72
56.72
56.74
56.77
56.76
56.74
56.71
56.76
56.75
56.79
56.76
56.75
56.77
56.75
56.75
56.74
56.73
56.75
56.77
56.76
56.72
56.71
56.74
56.72
56.72
56.71
56.66
56.65
56.66
56.66
56.66
56.67
56.71
56.69
56.64
56.64
56.61
56.52
56.51
56.49
56.51
56.48
56.50
56.50
56.52
56.50
56.48
56.47
56.45
56.47
56.48
56.45
56.42
56.43
56.42
56.42
56.37
56.36
56.38
56.41
56.42
56.40
56.36
56.38
56.36
56.34
56.34
56.27
56.27
56.23
56.23
56.20
56.20
56.19
56.18
56.16
56.20
56.22
56.23
56.24
56.21
56.19
56.18
56.21
56.25
56.25
56.23
56.26
56.29
56.28
56.29
56.30
56.29
56.28
56.29
56.28
56.29
56.30
56.29
56.29
56.29
56.30
56.31
56.30
56.30
56.28
56.27
56.24
56.26
56.25
56.25
56.26
56.23
56.26
56.29
56.31
56.29
56.29
56.30
56.29
56.28
56.32
56.33
56.32
56.33
56.32
56.31
56.32
56.31
56.33
56.34
56.36
56.36
56.35
56.34
56.31
56.31
56.32
56.32
56.30
56.30
56.31
56.31
56.29
56.30
56.32
56.33
56.33
56.34
56.36
56.33
56.32
56.37
56.36
56.35
56.36
56.38
56.38
56.41
56.41
56.42
56.38
56.40
56.41
56.41
56.41
56.43
56.43
56.43
56.45
56.45
56.45
56.44
56.43
56.40
56.40
56.34
56.33
56.36
56.37
56.38
56.39
56.41
56.43
56.41
56.40
56.41
56.40
56.42
56.42
56.42
56.41
56.38
56.38
56.39
56.37
56.37
56.37
56.35
56.36
56.34
56.34
56.34
56.33
56.32
56.32
56.32
56.29
56.27
56.27
56.28
56.28
56.26
56.28
56.30
56.30
56.29
56.30
56.31
56.33
56.33
56.34
56.35
56.35
56.37
56.34
56.33
56.33
56.31
56.33
56.35
56.35
56.34
56.34
56.36
56.35
56.36
56.34
56.35
56.35
56.35
56.35
56.31
56.34
56.34
56.32
56.32
56.32
56.34
56.34
56.34
56.32
56.32
56.31
56.32
56.34
56.33
56.35
56.34
56.34
56.33
56.31
56.32
56.32
56.31
56.32
56.31
56.31
56.30
56.30
56.30
56.28
56.28
56.28
56.29
56.29
56.30
56.31
56.31
56.31
56.32
56.33
56.33
56.31
56.33
56.34
56.34
56.35
56.36
56.36
56.36
56.36
56.38
56.38
56.37
56.37
56.37
56.36
56.36
56.37
56.37
56.38
56.38
56.39
56.41
56.41
56.41
56.42
56.40
56.39
56.39
56.38
56.36
56.37
56.36
56.35
56.34
56.34
56.36
56.34
56.35
56.33
56.32
56.31
56.31
56.32
56.29
56.28
56.28
56.26
56.27
56.27
56.27
56.29
56.29
56.27
56.24
56.23
56.22
56.24
56.23
56.24
56.22
56.23
56.24
56.25
56.25
56.25
56.25
56.26
56.26
56.25
56.24
56.26
56.28
56.28
56.29
56.31
56.30
56.29
56.28
56.28
56.27
56.26
56.26
56.23
56.23
56.22
56.22
56.21
56.21
56.22
56.24
56.21
56.22
56.23
56.22
56.22
56.23
56.24
56.21
56.21
56.22
56.22
56.22
56.21
56.21
56.22
56.21
56.19
56.20
56.20
56.20
56.18
56.20
56.20
56.19
56.18
56.18
56.19
56.19
56.18
56.19
56.21
56.22
56.21
56.22
56.22
56.20
56.18
56.15
56.14
56.14
56.13
56.12
56.12
56.13
56.13
56.13
56.13
56.14
56.15
56.16
56.14
56.14
56.12
56.14
56.15
56.14
56.14
56.12
56.14
56.15
56.15
56.14
56.16
56.18
56.19
56.21
56.21
56.21
56.21
56.20
56.21
56.21
56.18
56.17
56.18
56.19
56.18
56.18
56.19
56.19
56.19
56.19
56.19
56.19
56.17
56.17
56.19
56.20
56.20
56.20
56.20
56.21
56.20
56.20
56.20
56.21
56.21
56.19
56.20
56.20
56.19
56.19
56.19
56.17
56.15
56.16
56.16
56.16
56.16
56.16
56.18
56.19
56.18
56.18
56.18
56.18
56.16
56.15
56.15
56.15
56.14
56.15
56.13
56.15
56.15
56.15
56.14
56.15
56.15
56.15
56.16
56.15
56.15
56.14
56.13
56.15
56.16
56.17
56.17
56.18
56.17
56.17
56.17
56.17
56.17
56.16
56.16
56.15
56.15
56.14
56.14
56.14
56.13
56.13
56.12
56.14
56.14
56.14
56.14
56.14
56.13
56.12
56.12
56.13
56.14
56.14
56.14
56.14
56.14
56.14
56.14
56.13
56.11
56.10
56.11
56.11
56.11
56.10
56.10
56.10
56.11
56.11
56.13
56.13
56.12
56.13
56.14
56.14
56.15
56.15
56.15
56.15
56.15
56.14
56.13
56.13
56.12
56.11
56.12
56.12
56.12
56.11
56.11
56.12
56.12
56.11
56.11
56.12
56.12
56.12
56.12
56.13
56.08
