78.12
77.34
79.69
80.08
81.56
81.51
81.70
80.27
79.69
79.53
79.97
79.82
80.41
80.25
79.58
80.08
79.96
79.86
79.93
79.53
79.39
79.40
79.28
79.30
79.25
79.57
79.51
79.74
79.80
79.84
79.74
79.54
79.78
79.83
79.64
79.47
79.48
79.61
79.53
79.53
79.27
79.35
79.22
79.30
79.31
79.52
79.42
79.49
79.30
79.28
79.20
79.06
79.01
79.17
79.01
78.99
78.87
78.88
78.95
78.93
78.74
78.78
78.70
78.81
78.92
78.88
78.92
78.91
79.03
79.04
79.12
79.14
79.22
79.10
79.06
79.09
79.14
79.21
79.25
79.12
79.09
79.06
79.14
79.15
79.25
79.12
79.09
79.15
79.27
79.25
79.19
79.04
79.08
79.09
79.06
79.07
79.03
79.02
79.04
79.12
79.24
79.34
79.32
79.27
79.18
79.27
79.28
79.27
79.30
79.29
79.34
79.41
79.38
79.36
79.33
79.32
79.33
79.33
79.39
79.41
79.44
79.46
79.46
79.47
79.50
79.43
79.44
79.52
79.57
79.51
79.56
79.60
79.61
79.58
79.58
79.57
79.52
79.46
79.47
79.43
79.41
79.38
79.40
79.34
79.33
79.35
79.39
79.32
79.31
79.33
79.37
79.37
79.37
79.32
79.33
79.30
79.28
79.24
79.26
79.26
79.27
79.27
79.20
79.19
79.20
79.20
79.19
79.20
79.23
79.26
79.29
79.27
79.31
79.27
79.28
79.24
79.30
79.33
79.35
79.38
79.37
79.33
79.29
79.29
79.27
79.28
79.26
79.25
79.22
79.24
79.18
79.18
79.16
79.16
79.13
79.15
79.20
79.21
79.15
79.17
79.16
79.17
79.20
79.21
79.16
79.13
79.14
79.16
79.18
79.20
79.20
79.19
79.19
79.21
79.22
79.22
79.23
79.22
79.17
79.19
79.14
79.12
79.11
79.12
79.12
79.13
79.12
79.04
79.04
79.07
79.07
79.08
79.10
79.13
79.14
79.10
79.13
79.14
79.16
79.16
79.20
79.25
79.25
79.25
79.24
79.24
79.27
79.24
79.21
79.19
79.21
79.17
79.18
79.16
79.16
79.16
79.16
79.18
79.20
79.18
79.19
79.22
79.21
79.21
79.24
79.21
79.21
79.24
79.27
79.27
79.24
79.24
79.21
79.19
79.22
79.22
79.22
79.24
79.25
79.25
79.24
79.24
79.24
79.23
79.25
79.25
79.27
79.26
79.26
79.26
79.24
79.23
79.26
79.27
79.28
79.28
79.30
79.30
79.27
79.27
79.28
79.27
79.27
79.27
79.23
79.25
79.27
79.29
79.28
79.28
79.27
79.25
79.24
79.25
79.23
79.24
79.19
79.20
79.21
79.19
79.19
79.20
79.20
79.20
79.23
79.21
79.20
79.21
79.21
79.22
79.22
79.20
79.20
79.18
79.19
79.21
79.24
79.25
79.24
79.25
79.24
79.26
79.26
79.26
79.28
79.30
79.30
79.31
79.33
79.34
79.31
79.32
79.32
79.32
79.31
79.31
79.32
79.34
79.33
79.31
79.30
79.28
79.30
79.32
79.31
79.31
79.30
79.31
79.30
79.31
79.30
79.31
79.32
79.34
79.33
79.34
79.34
79.33
79.32
79.31
79.34
79.33
79.33
79.33
79.31
79.32
79.33
79.35
79.35
79.34
79.33
79.32
79.33
79.33
79.36
79.36
79.34
79.34
79.35
79.36
79.32
79.32
79.33
79.33
79.31
79.31
79.31
79.32
79.32
79.30
79.30
79.29
79.28
79.28
79.27
79.27
79.29
79.29
79.30
79.29
79.29
79.30
79.31
79.30
79.32
79.31
79.31
79.32
79.36
79.34
79.32
79.30
79.28
79.27
79.27
79.27
79.27
79.28
79.26
79.26
79.27
79.24
79.24
79.24
79.26
79.26
79.26
79.26
79.28
79.28
79.28
79.26
79.26
79.25
79.25
79.24
79.23
79.23
79.22
79.23
79.24
79.23
79.24
79.26
79.25
79.24
79.24
79.22
79.22
79.22
79.23
79.20
79.22
79.21
79.20
79.20
79.21
79.22
79.23
79.21
79.19
79.20
79.20
79.18
79.20
79.19
79.18
79.20
79.20
79.19
79.18
79.15
79.15
79.14
79.15
79.14
79.13
79.12
79.12
79.12
79.13
79.14
79.15
79.16
79.15
79.15
79.17
79.17
79.16
79.15
79.15
79.15
79.16
79.14
79.15
79.14
79.15
79.17
79.18
79.17
79.18
79.18
79.18
79.19
79.16
79.16
79.15
79.15
79.15
79.14
79.15
79.15
79.14
79.11
79.10
79.08
79.08
79.07
79.07
79.06
79.03
79.04
79.05
79.06
79.05
79.05
79.03
79.02
79.03
79.04
79.02
79.02
79.02
79.01
79.01
79.00
78.99
78.99
78.99
78.98
78.98
78.98
78.97
78.99
78.99
79.00
79.01
79.02
79.02
79.04
79.02
79.02
79.02
79.01
78.99
79.01
79.01
79.01
79.01
79.00
79.00
78.98
78.99
79.00
78.98
78.98
78.98
78.98
78.98
78.98
78.99
78.99
78.97
78.97
78.98
78.97
78.96
78.96
78.97
78.96
78.96
78.96
78.96
78.97
78.96
78.96
78.96
78.98
78.98
78.97
78.97
78.95
78.94
78.93
78.92
78.92
78.93
78.92
78.94
78.94
78.93
78.93
78.94
78.95
78.94
78.93
78.91
78.92
78.90
78.88
78.88
78.87
78.86
78.86
78.85
78.86
78.86
78.87
78.89
78.89
78.89
78.88
78.88
78.87
78.88
78.88
78.87
78.89
78.89
78.88
78.87
78.88
78.89
78.88
78.87
78.87
78.86
78.86
78.86
78.85
78.85
78.83
78.83
78.84
78.84
78.84
78.83
78.84
78.84
78.84
78.82
78.82
78.82
78.83
78.83
78.82
78.82
78.83
78.81
78.83
78.83
78.83
78.84
78.84
78.84
78.85
78.86
78.86
78.86
78.85
78.86
78.87
78.87
78.86
78.86
78.86
78.85
78.85
78.86
78.85
78.85
78.86
78.85
78.85
78.85
78.85
78.85
78.84
78.83
78.82
78.82
78.82
78.83
78.83
78.83
78.84
78.85
78.84
78.83
78.83
78.83
78.83
78.83
78.84
78.85
78.85
78.84
78.84
78.83
78.84
78.83
78.82
78.83
78.83
78.82
78.81
78.79
78.79
78.79
78.80
78.79
78.79
78.79
78.78
78.79
78.79
78.79
78.80
78.80
78.80
78.80
78.80
78.80
78.80
78.79
78.79
78.80
78.80
78.79
78.79
78.78
78.78
78.77
78.76
78.76
78.76
78.76
78.76
78.76
78.77
78.76
78.77
78.77
78.78
78.79
78.79
78.78
78.78
78.77
78.77
78.76
78.69
