85.94
85.16
81.77
80.86
80.00
79.17
80.58
80.08
80.21
79.53
79.26
79.04
78.97
77.79
78.12
77.83
78.12
78.12
78.21
78.36
78.42
78.48
78.53
78.39
79.00
78.73
78.94
78.91
78.83
78.70
78.73
78.86
78.93
78.86
78.88
78.95
79.01
79.15
79.25
79.06
79.19
79.24
79.43
79.30
79.31
79.55
79.62
79.56
79.62
79.56
79.66
79.57
79.51
79.60
79.66
79.77
79.91
79.90
80.06
80.05
80.07
80.09
80.08
80.05
79.93
79.88
79.76
79.83
79.82
79.87
79.84
79.88
79.90
79.90
79.94
79.91
79.85
79.69
79.65
79.73
79.75
79.76
79.76
79.87
79.93
79.85
79.83
79.83
79.85
79.86
79.91
79.86
79.94
79.94
79.85
79.87
79.88
79.89
79.85
79.86
79.80
79.84
79.84
79.85
79.85
79.86
79.79
79.76
79.73
79.77
79.79
79.81
79.84
79.85
79.82
79.74
79.71
79.79
79.81
79.86
79.87
79.91
79.90
79.88
79.86
79.85
79.82
79.86
79.82
79.88
79.91
79.90
79.95
79.94
79.97
79.93
79.92
79.90
79.87
79.89
79.93
79.90
79.90
79.96
79.95
79.98
79.99
79.95
79.95
79.95
79.93
79.95
79.96
79.97
79.89
79.87
79.89
79.91
79.94
79.96
79.90
79.88
79.85
79.81
79.77
79.74
79.74
79.77
79.81
79.83
79.82
79.79
79.80
79.81
79.83
79.82
79.85
79.80
79.77
79.75
79.77
79.78
79.81
79.79
79.82
79.86
79.87
79.86
79.86
79.90
79.88
79.92
79.90
79.93
79.97
79.97
79.99
80.02
80.00
79.96
79.97
80.00
80.01
80.02
80.02
80.01
79.99
80.03
80.00
79.99
80.01
79.97
80.00
80.04
80.04
80.01
80.03
80.04
80.04
80.05
80.06
80.06
80.06
80.07
80.10
80.10
80.11
80.08
80.06
80.05
80.09
80.11
80.08
80.09
80.09
80.09
80.09
80.10
80.09
80.07
80.05
80.05
80.03
80.04
80.02
79.99
80.00
80.00
80.02
79.99
79.97
79.99
79.98
79.97
79.99
79.99
79.98
79.99
79.96
79.97
79.96
80.00
80.01
80.04
80.05
80.06
80.10
80.09
80.06
80.05
80.04
80.03
80.05
80.06
80.07
80.09
80.11
80.11
80.12
80.12
80.08
80.06
80.08
80.08
80.07
80.05
80.02
80.05
80.04
80.05
80.07
80.09
80.10
80.12
80.13
80.15
80.16
80.12
80.13
80.11
80.11
80.14
80.13
80.16
80.14
80.16
80.17
80.17
80.17
80.17
80.18
80.20
80.21
80.17
80.15
80.12
80.11
80.11
80.14
80.15
80.17
80.18
80.20
80.18
80.19
80.20
80.17
80.17
80.21
80.21
80.20
80.20
80.20
80.19
80.20
80.20
80.20
80.20
80.22
80.22
80.22
80.21
80.20
80.19
80.16
80.17
80.19
80.21
80.21
80.23
80.24
80.25
80.24
80.23
80.22
80.21
80.20
80.21
80.21
80.23
80.24
80.24
80.26
80.25
80.25
80.24
80.23
80.23
80.22
80.23
80.23
80.23
80.24
80.25
80.25
80.25
80.27
80.25
80.24
80.23
80.24
80.23
80.23
80.24
80.22
80.21
80.23
80.22
80.23
80.26
80.26
80.26
80.26
80.25
80.27
80.24
80.23
80.21
80.19
80.18
80.19
80.19
80.17
80.17
80.15
80.18
80.19
80.18
80.18
80.17
80.18
80.19
80.17
80.18
80.15
80.15
80.17
80.18
80.21
80.18
80.17
80.16
80.17
80.17
80.17
80.16
80.19
80.19
80.21
80.21
80.23
80.24
80.24
80.26
80.26
80.27
80.27
80.26
80.27
80.26
80.27
80.26
80.25
80.25
80.25
80.26
80.26
80.25
80.25
80.26
80.27
80.27
80.27
80.28
80.29
80.26
80.24
80.25
80.25
80.24
80.25
80.25
80.23
80.21
80.22
80.21
80.21
80.22
80.20
80.22
80.21
80.19
80.21
80.21
80.22
80.20
80.20
80.20
80.19
80.18
80.18
80.16
80.16
80.15
80.14
80.14
80.13
80.12
80.12
80.11
80.12
80.13
80.14
80.13
80.13
80.14
80.15
80.14
80.13
80.14
80.14
80.15
80.14
80.15
80.15
80.16
80.16
80.15
80.15
80.15
80.16
80.15
80.15
80.15
80.15
80.15
80.16
80.16
80.15
80.14
80.13
80.12
80.12
80.12
80.10
80.09
80.10
80.10
80.11
80.11
80.11
80.12
80.11
80.12
80.11
80.12
80.12
80.12
80.11
80.12
80.11
80.11
80.08
80.08
80.09
80.08
80.09
80.10
80.11
80.11
80.10
80.11
80.11
80.11
80.10
80.11
80.12
80.13
80.14
80.15
80.12
80.11
80.12
80.12
80.12
80.13
80.13
80.12
80.13
80.14
80.14
80.12
80.12
80.13
80.13
80.13
80.13
80.12
80.13
80.12
80.12
80.11
80.12
80.12
80.11
80.12
80.12
80.12
80.10
80.09
80.09
80.08
80.09
80.08
80.07
80.05
80.05
80.05
80.04
80.04
80.04
80.06
80.06
80.07
80.06
80.05
80.05
80.04
80.05
80.05
80.06
80.04
80.04
80.04
80.05
80.03
80.04
80.04
80.04
80.03
80.04
80.03
80.04
80.05
80.05
80.04
80.03
80.03
80.03
80.05
80.04
80.03
80.03
80.03
80.04
80.04
80.04
80.03
80.04
80.05
80.06
80.06
80.06
80.06
80.06
80.08
80.07
80.08
80.08
80.09
80.09
80.09
80.10
80.10
80.10
80.10
80.10
80.11
80.10
80.11
80.11
80.11
80.11
80.11
80.11
80.10
80.10
80.10
80.09
80.09
80.09
80.10
80.09
80.09
80.08
80.08
80.08
80.09
80.10
80.10
80.10
80.10
80.11
80.10
80.11
80.10
80.10
80.11
80.11
80.11
80.11
80.11
80.11
80.11
80.12
80.12
80.12
80.12
80.13
80.14
80.14
80.14
80.13
80.12
80.13
80.14
80.14
80.14
80.15
80.16
80.17
80.16
80.17
80.17
80.17
80.17
80.17
80.17
80.17
80.16
80.17
80.16
80.17
80.16
80.16
80.16
80.15
80.15
80.14
80.15
80.14
80.14
80.15
80.16
80.16
80.16
80.17
80.17
80.16
80.16
80.16
80.15
80.16
80.17
80.18
80.18
80.19
80.19
80.20
80.20
80.20
80.20
80.21
80.20
80.20
80.20
80.20
80.19
80.20
80.19
80.19
80.18
80.18
80.18
80.19
80.19
80.19
80.20
80.20
80.20
80.20
80.19
80.19
80.20
80.19
80.20
80.19
80.20
80.19
80.20
80.19
80.11
