81.25
79.69
80.21
80.86
80.31
82.29
82.59
81.84
82.81
82.66
82.95
83.20
82.93
83.15
83.75
83.69
83.55
83.25
82.98
83.12
83.56
83.59
83.36
83.01
83.25
83.17
83.04
83.20
83.30
82.86
82.81
82.67
82.48
82.44
82.63
82.51
82.31
82.07
82.33
82.38
82.24
82.48
82.59
82.56
82.43
82.27
82.38
82.39
82.24
82.31
82.20
82.33
82.37
82.41
82.47
82.48
82.37
82.49
82.57
82.60
82.71
82.61
82.59
82.50
82.55
82.55
82.58
82.51
82.52
82.54
82.44
82.42
82.45
82.47
82.48
82.42
82.45
82.39
82.40
82.36
82.33
82.30
82.30
82.33
82.19
82.29
82.33
82.28
82.23
82.27
82.19
82.20
82.24
82.28
82.22
82.29
82.28
82.24
82.29
82.28
82.29
82.28
82.30
82.27
82.28
82.24
82.21
82.23
82.30
82.34
82.28
82.27
82.26
82.25
82.27
82.26
82.26
82.27
82.26
82.33
82.32
82.39
82.37
82.40
82.34
82.38
82.36
82.34
82.34
82.37
82.37
82.33
82.35
82.33
82.31
82.33
82.29
82.25
82.28
82.32
82.36
82.42
82.39
82.40
82.35
82.35
82.33
82.28
82.31
82.27
82.32
82.33
82.30
82.30
82.25
82.30
82.28
82.32
82.26
82.27
82.22
82.18
82.16
82.19
82.18
82.23
82.26
82.20
82.22
82.25
82.26
82.24
82.22
82.13
82.06
82.03
82.05
82.08
82.11
82.13
82.16
82.15
82.16
82.18
82.15
82.14
82.18
82.13
82.15
82.16
82.14
82.15
82.12
82.12
82.10
82.13
82.09
82.08
82.05
82.05
82.07
82.05
82.04
82.04
82.00
81.99
82.02
82.03
82.03
82.02
82.03
82.05
82.04
82.05
82.05
82.04
82.05
82.04
82.02
82.01
82.01
82.00
81.99
81.98
81.98
81.98
81.99
82.00
82.00
82.02
82.02
82.02
82.01
82.00
82.00
82.04
82.05
82.04
82.05
82.08
82.06
82.06
82.07
82.06
82.07
82.10
82.08
82.08
82.07
82.09
82.08
82.08
82.11
82.12
82.11
82.10
82.10
82.07
82.06
82.09
82.08
82.08
82.09
82.11
82.12
82.11
82.09
82.07
82.08
82.08
82.09
82.08
82.10
82.11
82.10
82.09
82.11
82.10
82.12
82.14
82.13
82.14
82.16
82.16
82.18
82.17
82.16
82.16
82.14
82.13
82.15
82.15
82.11
82.10
82.11
82.10
82.11
82.12
82.12
82.14
82.10
82.11
82.10
82.10
82.09
82.06
82.06
82.06
82.08
82.06
82.08
82.09
82.10
82.09
82.06
82.06
82.07
82.09
82.09
82.09
82.09
82.08
82.10
82.10
82.11
82.10
82.06
82.03
82.04
82.03
82.02
82.00
82.02
82.03
82.02
82.02
82.02
82.02
82.00
81.98
81.97
81.98
81.98
81.99
81.98
81.99
82.00
82.00
82.01
82.02
82.03
82.04
81.99
82.00
82.01
82.00
82.01
81.99
82.00
82.00
82.00
82.01
82.02
82.04
82.04
82.05
82.02
82.00
82.00
81.99
82.00
82.02
82.04
82.05
82.07
82.07
82.06
82.06
82.05
82.03
82.00
82.02
82.02
82.04
82.04
82.03
82.02
82.02
82.03
82.04
82.05
82.05
82.06
82.03
82.02
82.02
82.02
82.01
82.01
82.01
82.01
82.02
82.03
82.03
82.00
82.00
82.00
82.01
81.99
82.00
82.00
81.98
81.98
81.97
81.97
81.96
81.96
81.98
81.99
82.00
82.00
82.00
81.99
81.97
81.99
81.95
81.96
81.95
81.96
81.98
81.98
82.01
82.01
82.03
82.04
82.04
82.04
82.05
82.04
82.03
82.03
82.04
82.01
82.01
81.99
82.01
82.01
82.00
82.00
82.00
82.00
82.00
82.01
82.01
82.02
82.03
82.04
82.04
82.01
82.01
82.02
82.02
82.00
82.00
82.00
81.99
81.98
81.99
82.00
81.99
81.99
81.98
82.00
82.01
82.00
82.01
82.02
82.02
82.03
82.03
82.02
82.03
82.04
82.02
82.03
82.02
82.00
81.99
81.98
82.00
81.98
81.99
81.99
82.00
82.00
82.01
82.00
82.01
82.00
82.00
82.00
82.01
82.01
82.02
82.01
82.00
82.01
82.00
81.99
81.99
81.98
81.99
81.98
81.99
81.99
82.00
82.01
82.00
82.01
82.02
82.04
82.04
82.04
82.05
82.04
82.03
82.04
82.04
82.04
82.02
82.02
82.03
82.02
82.01
82.01
82.01
82.01
82.02
82.03
82.01
82.03
82.03
82.04
82.03
82.03
82.05
82.04
82.05
82.04
82.05
82.04
82.03
82.04
82.05
82.05
82.06
82.06
82.06
82.07
82.07
82.07
82.06
82.05
82.06
82.06
82.06
82.06
82.07
82.06
82.07
82.07
82.07
82.09
82.09
82.09
82.09
82.09
82.09
82.09
82.09
82.09
82.11
82.12
82.12
82.13
82.13
82.13
82.13
82.13
82.13
82.11
82.10
82.10
82.09
82.09
82.09
82.07
82.07
82.07
82.08
82.07
82.06
82.08
82.07
82.07
82.08
82.07
82.06
82.07
82.06
82.05
82.05
82.05
82.02
82.02
82.03
82.03
82.03
82.03
82.03
82.03
82.03
82.04
82.04
82.04
82.04
82.05
82.06
82.05
82.06
82.06
82.06
82.05
82.05
82.06
82.06
82.06
82.06
82.06
82.07
82.08
82.08
82.08
82.08
82.09
82.10
82.09
82.10
82.08
82.08
82.08
82.08
82.07
82.08
82.06
82.07
82.08
82.08
82.08
82.07
82.07
82.08
82.07
82.07
82.06
82.05
82.05
82.05
82.04
82.04
82.04
82.04
82.04
82.03
82.04
82.04
82.03
82.04
82.04
82.03
82.04
82.04
82.04
82.04
82.04
82.05
82.05
82.06
82.05
82.03
82.03
82.03
82.03
82.03
82.03
82.03
82.02
82.03
82.03
82.04
82.02
82.02
82.02
82.02
82.01
82.01
81.99
81.98
81.98
81.99
81.98
81.97
81.98
81.97
81.98
81.99
81.99
81.99
82.00
82.01
82.01
82.01
82.00
82.00
82.00
82.00
81.99
81.99
82.00
82.01
82.01
82.00
82.00
82.01
81.99
81.99
81.99
81.99
82.00
82.00
82.00
82.00
82.00
82.00
81.99
82.00
81.99
81.99
81.99
81.99
82.00
81.99
82.00
82.00
82.00
82.00
82.00
82.00
82.01
82.00
81.99
81.99
81.99
81.99
81.99
81.98
81.98
81.99
81.98
81.97
81.96
81.96
81.96
81.97
81.97
81.98
81.97
81.97
81.97
81.97
81.99
81.91
