79.69
83.59
78.65
80.47
80.00
79.17
79.91
79.88
80.73
80.78
80.40
79.82
79.45
80.13
80.00
80.27
80.70
80.21
80.43
80.39
80.65
80.68
80.50
80.53
80.44
80.71
80.61
80.58
80.44
80.36
80.65
80.47
80.49
80.42
80.31
80.56
80.49
80.59
80.45
80.35
80.49
80.32
80.41
80.54
80.66
80.71
80.75
80.53
80.52
80.50
80.55
80.50
80.60
80.67
80.68
80.75
80.87
80.87
80.93
80.96
80.92
80.87
80.90
80.93
81.06
81.11
81.16
81.14
81.16
81.12
81.18
81.12
81.12
81.10
81.08
81.06
81.13
81.15
81.17
81.27
81.27
81.40
81.44
81.36
81.38
81.41
81.48
81.46
81.41
81.39
81.30
81.37
81.33
81.27
81.23
81.18
81.19
81.20
81.16
81.17
81.16
81.14
81.11
81.07
81.07
81.07
81.09
81.05
81.09
81.05
81.07
81.08
81.18
81.14
81.20
81.16
81.09
81.08
81.09
81.04
81.10
81.06
81.07
81.14
81.15
81.19
81.16
81.15
81.19
81.17
81.20
81.19
81.16
81.17
81.15
81.19
81.25
81.30
81.26
81.27
81.25
81.24
81.23
81.24
81.24
81.26
81.24
81.18
81.20
81.28
81.21
81.21
81.22
81.24
81.24
81.22
81.26
81.21
81.20
81.23
81.19
81.19
81.19
81.19
81.17
81.19
81.23
81.22
81.21
81.18
81.18
81.17
81.20
81.24
81.24
81.25
81.29
81.32
81.35
81.34
81.34
81.36
81.38
81.40
81.42
81.42
81.40
81.43
81.42
81.41
81.43
81.45
81.45
81.44
81.45
81.48
81.48
81.49
81.46
81.48
81.47
81.44
81.45
81.46
81.44
81.42
81.41
81.45
81.44
81.47
81.48
81.46
81.46
81.46
81.46
81.49
81.45
81.47
81.48
81.51
81.50
81.50
81.47
81.48
81.51
81.53
81.49
81.50
81.48
81.49
81.48
81.50
81.49
81.50
81.52
81.52
81.49
81.51
81.51
81.51
81.50
81.48
81.48
81.48
81.47
81.49
81.48
81.48
81.48
81.51
81.52
81.54
81.53
81.52
81.56
81.55
81.55
81.54
81.53
81.52
81.52
81.54
81.56
81.59
81.59
81.60
81.60
81.59
81.58
81.57
81.57
81.56
81.56
81.60
81.60
81.60
81.63
81.65
81.68
81.68
81.67
81.65
81.65
81.63
81.63
81.64
81.63
81.64
81.63
81.66
81.65
81.67
81.64
81.64
81.64
81.65
81.63
81.60
81.57
81.61
81.62
81.64
81.67
81.69
81.68
81.68
81.67
81.68
81.69
81.70
81.70
81.72
81.69
81.69
81.71
81.69
81.69
81.70
81.71
81.69
81.66
81.67
81.69
81.72
81.72
81.72
81.73
81.74
81.72
81.74
81.76
81.75
81.76
81.75
81.74
81.75
81.72
81.73
81.71
81.70
81.71
81.73
81.72
81.72
81.73
81.74
81.76
81.78
81.79
81.78
81.78
81.77
81.76
81.78
81.78
81.76
81.78
81.77
81.76
81.76
81.77
81.79
81.80
81.80
81.78
81.79
81.82
81.79
81.78
81.78
81.77
81.78
81.78
81.80
81.79
81.78
81.79
81.79
81.80
81.81
81.78
81.78
81.78
81.79
81.79
81.79
81.82
81.79
81.80
81.79
81.77
81.78
81.79
81.80
81.79
81.79
81.79
81.80
81.79
81.80
81.81
81.81
81.82
81.82
81.81
81.82
81.81
81.81
81.82
81.82
81.82
81.80
81.81
81.80
81.79
81.78
81.77
81.78
81.79
81.77
81.76
81.79
81.79
81.80
81.80
81.80
81.79
81.78
81.75
81.75
81.74
81.72
81.73
81.73
81.73
81.71
81.70
81.69
81.68
81.67
81.69
81.70
81.68
81.70
81.69
81.69
81.68
81.69
81.69
81.69
81.69
81.69
81.70
81.70
81.71
81.69
81.69
81.70
81.70
81.70
81.70
81.70
81.72
81.70
81.70
81.70
81.69
81.67
81.67
81.68
81.68
81.68
81.68
81.67
81.67
81.64
81.63
81.62
81.63
81.61
81.61
81.61
81.62
81.62
81.61
81.62
81.61
81.61
81.60
81.59
81.59
81.60
81.60
81.61
81.60
81.59
81.60
81.59
81.61
81.61
81.61
81.62
81.63
81.63
81.63
81.63
81.63
81.64
81.65
81.66
81.66
81.66
81.65
81.66
81.65
81.66
81.66
81.67
81.68
81.68
81.69
81.69
81.70
81.69
81.70
81.70
81.69
81.69
81.70
81.71
81.72
81.71
81.71
81.72
81.72
81.74
81.74
81.76
81.75
81.75
81.77
81.77
81.76
81.75
81.75
81.74
81.74
81.75
81.75
81.74
81.73
81.74
81.74
81.74
81.74
81.74
81.74
81.74
81.75
81.75
81.75
81.75
81.74
81.73
81.72
81.73
81.73
81.75
81.75
81.75
81.76
81.76
81.76
81.76
81.76
81.76
81.76
81.76
81.76
81.75
81.74
81.76
81.74
81.74
81.75
81.75
81.74
81.74
81.76
81.76
81.76
81.74
81.75
81.74
81.74
81.75
81.75
81.75
81.75
81.75
81.75
81.75
81.74
81.75
81.75
81.74
81.74
81.75
81.75
81.75
81.74
81.74
81.73
81.74
81.75
81.76
81.75
81.76
81.75
81.74
81.74
81.75
81.74
81.75
81.76
81.76
81.76
81.76
81.76
81.75
81.75
81.75
81.75
81.76
81.76
81.76
81.77
81.76
81.76
81.77
81.76
81.76
81.76
81.75
81.76
81.75
81.76
81.76
81.75
81.76
81.76
81.75
81.76
81.76
81.76
81.76
81.75
81.75
81.76
81.76
81.76
81.75
81.74
81.76
81.76
81.76
81.76
81.76
81.76
81.75
81.75
81.75
81.75
81.76
81.76
81.75
81.75
81.75
81.75
81.75
81.76
81.76
81.75
81.76
81.75
81.75
81.76
81.76
81.76
81.77
81.77
81.76
81.77
81.76
81.77
81.77
81.77
81.77
81.77
81.77
81.79
81.80
81.80
81.80
81.79
81.80
81.80
81.81
81.81
81.81
81.82
81.82
81.82
81.81
81.81
81.83
81.83
81.83
81.82
81.82
81.82
81.84
81.84
81.83
81.83
81.83
81.82
81.83
81.84
81.84
81.85
81.86
81.87
81.87
81.87
81.87
81.87
81.86
81.86
81.86
81.86
81.84
81.83
81.82
81.82
81.82
81.82
81.83
81.83
81.83
81.82
81.81
81.82
81.81
81.81
81.82
81.81
81.80
81.81
81.80
81.80
81.80
81.80
81.80
81.81
81.80
81.79
81.80
81.79
81.79
81.78
81.77
81.77
81.77
81.78
81.78
81.77
81.77
81.76
81.76
81.77
81.69
