70.31
76.56
79.69
80.47
80.00
79.69
79.24
79.30
78.65
79.06
78.98
78.91
78.85
78.24
78.33
78.61
78.95
79.34
79.61
79.61
80.06
80.33
80.30
80.47
80.44
80.59
80.56
80.41
80.39
80.42
80.70
80.96
81.20
81.16
81.07
81.03
81.17
81.04
81.21
81.17
81.10
81.14
81.14
81.21
81.18
81.28
81.15
81.25
81.12
81.16
81.04
81.16
81.07
81.08
81.05
80.92
81.09
81.03
81.20
81.28
81.20
81.33
81.23
81.27
81.23
81.32
81.27
81.39
81.36
81.29
81.36
81.38
81.34
81.31
81.31
81.33
81.29
81.33
81.21
81.33
81.37
81.36
81.38
81.36
81.40
81.47
81.45
81.37
81.37
81.42
81.42
81.44
81.45
81.43
81.35
81.43
81.44
81.46
81.42
81.41
81.39
81.34
81.37
81.30
81.26
81.18
81.21
81.24
81.21
81.26
81.22
81.26
81.24
81.28
81.32
81.32
81.32
81.22
81.22
81.17
81.21
81.21
81.21
81.19
81.17
81.15
81.16
81.04
81.01
81.03
81.05
80.99
80.98
80.91
80.98
80.93
80.93
80.94
80.98
81.00
81.01
80.96
80.94
80.91
80.92
80.93
80.97
81.00
80.99
81.00
81.01
80.99
80.95
80.92
80.89
80.92
80.92
80.90
80.88
80.89
80.87
80.86
80.89
80.90
80.92
80.93
80.89
80.85
80.85
80.78
80.77
80.77
80.73
80.77
80.75
80.75
80.76
80.72
80.70
80.68
80.63
80.62
80.60
80.63
80.61
80.63
80.62
80.66
80.70
80.70
80.68
80.70
80.70
80.68
80.68
80.70
80.74
80.76
80.76
80.74
80.78
80.82
80.83
80.82
80.82
80.81
80.84
80.84
80.85
80.87
80.84
80.78
80.74
80.75
80.71
80.69
80.72
80.75
80.75
80.75
80.79
80.79
80.79
80.76
80.74
80.75
80.75
80.76
80.80
80.77
80.79
80.78
80.73
80.74
80.72
80.67
80.64
80.63
80.64
80.69
80.69
80.69
80.70
80.70
80.70
80.70
80.71
80.68
80.66
80.68
80.68
80.67
80.67
80.66
80.66
80.63
80.66
80.63
80.61
80.64
80.63
80.61
80.60
80.60
80.59
80.60
80.60
80.59
80.60
80.64
80.65
80.68
80.67
80.68
80.67
80.67
80.68
80.68
80.68
80.67
80.66
80.66
80.68
80.68
80.71
80.69
80.69
80.71
80.72
80.68
80.72
80.68
80.69
80.68
80.68
80.69
80.66
80.65
80.63
80.63
80.62
80.61
80.61
80.61
80.61
80.61
80.61
80.59
80.59
80.56
80.56
80.56
80.56
80.55
80.55
80.54
80.53
80.53
80.53
80.54
80.53
80.56
80.55
80.56
80.52
80.50
80.47
80.45
80.46
80.45
80.47
80.48
80.48
80.49
80.50
80.48
80.47
80.48
80.47
80.46
80.45
80.43
80.43
80.46
80.46
80.48
80.48
80.48
80.49
80.48
80.44
80.44
80.43
80.43
80.45
80.46
80.48
80.46
80.48
80.48
80.48
80.46
80.48
80.48
80.47
80.48
80.48
80.49
80.49
80.45
80.44
80.44
80.44
80.43
80.43
80.43
80.44
80.45
80.45
80.44
80.45
80.42
80.41
80.41
80.41
80.43
80.45
80.46
80.48
80.50
80.50
80.51
80.49
80.51
80.52
80.50
80.50
80.49
80.50
80.50
80.49
80.50
80.51
80.50
80.52
80.54
80.55
80.53
80.52
80.51
80.50
80.48
80.48
80.48
80.49
80.50
80.49
80.50
80.50
80.51
80.52
80.52
80.54
80.53
80.54
80.54
80.54
80.54
80.54
80.56
80.56
80.60
80.61
80.62
80.62
80.60
80.61
80.61
80.61
80.61
80.62
80.62
80.63
80.61
80.61
80.63
80.61
80.62
80.63
80.60
80.60
80.57
80.55
80.56
80.55
80.56
80.58
80.59
80.59
80.59
80.57
80.58
80.57
80.56
80.56
80.56
80.56
80.56
80.55
80.54
80.53
80.54
80.56
80.56
80.57
80.55
80.55
80.55
80.56
80.57
80.59
80.57
80.55
80.56
80.55
80.54
80.55
80.56
80.57
80.55
80.55
80.55
80.55
80.55
80.55
80.55
80.55
80.55
80.55
80.56
80.57
80.57
80.58
80.58
80.58
80.58
80.60
80.60
80.62
80.60
80.60
80.60
80.59
80.61
80.62
80.62
80.63
80.64
80.63
80.65
80.65
80.65
80.66
80.66
80.66
80.66
80.66
80.68
80.67
80.68
80.67
80.66
80.67
80.67
80.66
80.65
80.66
80.64
80.63
80.63
80.64
80.65
80.64
80.65
80.65
80.66
80.67
80.66
80.66
80.65
80.67
80.67
80.67
80.66
80.66
80.68
80.67
80.67
80.66
80.66
80.66
80.66
80.66
80.67
80.68
80.68
80.69
80.71
80.70
80.70
80.68
80.68
80.69
80.68
80.68
80.68
80.67
80.69
80.69
80.70
80.71
80.71
80.71
80.71
80.72
80.72
80.73
80.73
80.75
80.75
80.75
80.74
80.73
80.71
80.71
80.71
80.70
80.69
80.70
80.70
80.69
80.70
80.69
80.69
80.71
80.71
80.71
80.72
80.72
80.72
80.73
80.72
80.70
80.70
80.70
80.70
80.71
80.71
80.71
80.71
80.71
80.72
80.71
80.72
80.73
80.74
80.74
80.74
80.75
80.74
80.73
80.74
80.75
80.75
80.77
80.77
80.76
80.76
80.75
80.75
80.76
80.76
80.76
80.76
80.75
80.75
80.74
80.75
80.75
80.74
80.74
80.74
80.74
80.74
80.74
80.75
80.77
80.76
80.76
80.75
80.75
80.73
80.72
80.73
80.74
80.75
80.74
80.74
80.74
80.74
80.74
80.76
80.75
80.76
80.75
80.74
80.74
80.74
80.75
80.77
80.77
80.78
80.77
80.76
80.77
80.76
80.76
80.77
80.78
80.78
80.77
80.76
80.77
80.77
80.77
80.76
80.76
80.75
80.76
80.76
80.78
80.78
80.79
80.79
80.79
80.79
80.80
80.81
80.80
80.81
80.81
80.80
80.80
80.80
80.80
80.80
80.80
80.80
80.80
80.79
80.79
80.78
80.77
80.77
80.78
80.76
80.77
80.77
80.77
80.77
80.77
80.77
80.77
80.76
80.76
80.77
80.78
80.78
80.78
80.78
80.79
80.77
80.78
80.78
80.79
80.79
80.80
80.80
80.79
80.79
80.79
80.79
80.79
80.79
80.80
80.80
80.80
80.80
80.80
80.80
80.81
80.82
80.83
80.83
80.83
80.83
80.83
80.84
80.83
80.85
80.85
80.85
80.85
80.84
80.84
80.84
80.85
80.86
80.86
80.87
80.85
80.77
