71.88
75.00
78.12
79.30
79.06
78.12
77.90
77.93
78.30
77.81
77.13
77.34
77.04
77.79
78.44
78.42
78.49
78.04
77.63
77.66
77.75
77.84
77.65
77.73
78.19
78.00
78.18
77.96
77.91
77.92
77.97
78.03
78.17
78.35
78.35
78.34
78.21
78.25
78.33
78.28
78.39
78.50
78.78
78.69
78.61
78.70
78.82
78.87
78.73
78.72
78.77
78.64
78.63
78.56
78.61
78.57
78.59
78.45
78.52
78.65
78.61
78.68
78.70
78.74
78.68
78.57
78.57
78.45
78.44
78.37
78.32
78.34
78.38
78.36
78.46
78.33
78.37
78.39
78.36
78.46
78.57
78.56
78.67
78.50
78.49
78.40
78.29
78.36
78.27
78.23
78.21
78.24
78.23
78.21
78.22
78.27
78.25
78.22
78.25
78.34
78.33
78.32
78.22
78.25
78.21
78.20
78.26
78.26
78.20
78.15
78.17
78.14
78.19
78.21
78.25
78.23
78.19
78.23
78.22
78.26
78.24
78.25
78.28
78.25
78.18
78.08
78.09
78.11
78.09
78.04
78.04
78.10
78.12
78.11
78.11
78.08
78.14
78.09
78.07
78.07
78.07
78.14
78.17
78.17
78.19
78.20
78.20
78.17
78.14
78.18
78.16
78.13
78.13
78.08
78.10
78.14
78.13
78.14
78.19
78.16
78.17
78.20
78.20
78.21
78.27
78.29
78.28
78.26
78.20
78.16
78.19
78.22
78.28
78.23
78.26
78.23
78.25
78.20
78.18
78.20
78.13
78.17
78.15
78.13
78.13
78.10
78.06
77.96
77.93
77.94
77.98
78.01
78.04
78.02
78.00
78.00
77.97
77.98
78.02
77.96
77.93
77.95
77.95
77.95
77.96
77.97
77.97
77.97
78.01
77.96
78.00
77.98
77.98
77.99
77.98
77.97
77.95
77.94
77.96
77.91
77.88
77.91
77.94
77.94
77.97
77.95
77.99
78.02
78.03
78.04
78.05
78.03
78.03
78.08
78.10
78.12
78.13
78.11
78.06
78.03
78.00
78.03
78.02
78.01
78.00
78.03
78.06
78.05
78.07
78.09
78.08
78.09
78.10
78.09
78.09
78.11
78.13
78.14
78.13
78.10
78.12
78.16
78.17
78.17
78.17
78.18
78.19
78.19
78.18
78.17
78.21
78.21
78.23
78.24
78.26
78.25
78.26
78.26
78.26
78.25
78.26
78.27
78.29
78.27
78.27
78.26
78.27
78.27
78.26
78.29
78.27
78.26
78.25
78.22
78.20
78.23
78.19
78.21
78.22
78.21
78.24
78.24
78.23
78.23
78.22
78.24
78.24
78.25
78.25
78.23
78.23
78.18
78.19
78.19
78.22
78.22
78.24
78.25
78.27
78.28
78.31
78.32
78.32
78.31
78.31
78.32
78.30
78.31
78.32
78.33
78.31
78.32
78.32
78.32
78.33
78.35
78.36
78.36
78.37
78.39
78.39
78.38
78.39
78.38
78.39
78.40
78.41
78.40
78.41
78.42
78.42
78.42
78.43
78.43
78.43
78.42
78.45
78.43
78.43
78.42
78.42
78.42
78.43
78.40
78.42
78.42
78.42
78.44
78.45
78.44
78.44
78.46
78.46
78.47
78.46
78.47
78.45
78.46
78.47
78.47
78.46
78.49
78.47
78.47
78.47
78.47
78.44
78.46
78.46
78.45
78.42
78.40
78.39
78.37
78.38
78.38
78.39
78.39
78.39
78.38
78.39
78.39
78.41
78.43
78.43
78.43
78.44
78.43
78.45
78.45
78.44
78.44
78.45
78.47
78.46
78.46
78.45
78.45
78.43
78.42
78.42
78.40
78.38
78.38
78.39
78.39
78.38
78.38
78.39
78.36
78.36
78.37
78.38
78.38
78.38
78.39
78.41
78.39
78.40
78.41
78.41
78.40
78.42
78.41
78.41
78.40
78.40
78.40
78.41
78.41
78.40
78.40
78.41
78.43
78.43
78.43
78.43
78.43
78.44
78.44
78.45
78.47
78.48
78.49
78.50
78.50
78.51
78.50
78.49
78.50
78.51
78.51
78.52
78.52
78.50
78.49
78.50
78.51
78.52
78.53
78.51
78.52
78.54
78.53
78.54
78.53
78.54
78.54
78.54
78.55
78.54
78.54
78.55
78.56
78.56
78.57
78.57
78.57
78.57
78.58
78.57
78.57
78.56
78.55
78.55
78.56
78.54
78.53
78.54
78.54
78.52
78.50
78.50
78.51
78.50
78.52
78.53
78.53
78.52
78.52
78.51
78.51
78.52
78.53
78.54
78.55
78.55
78.54
78.53
78.54
78.53
78.53
78.54
78.53
78.53
78.54
78.52
78.53
78.54
78.55
78.55
78.55
78.55
78.55
78.55
78.56
78.57
78.57
78.57
78.57
78.56
78.54
78.55
78.54
78.56
78.56
78.55
78.56
78.56
78.55
78.56
78.56
78.57
78.57
78.58
78.58
78.57
78.56
78.56
78.58
78.58
78.58
78.59
78.58
78.57
78.56
78.56
78.55
78.54
78.53
78.54
78.54
78.55
78.54
78.53
78.53
78.52
78.53
78.52
78.54
78.53
78.52
78.52
78.54
78.53
78.53
78.52
78.54
78.53
78.54
78.55
78.56
78.55
78.55
78.54
78.55
78.54
78.53
78.54
78.53
78.55
78.55
78.55
78.54
78.55
78.55
78.54
78.54
78.54
78.54
78.54
78.55
78.55
78.55
78.56
78.57
78.58
78.58
78.59
78.58
78.57
78.58
78.59
78.56
78.57
78.56
78.55
78.54
78.55
78.55
78.56
78.56
78.56
78.57
78.57
78.56
78.55
78.56
78.55
78.56
78.58
78.59
78.59
78.59
78.59
78.61
78.62
78.62
78.61
78.62
78.62
78.62
78.63
78.63
78.63
78.63
78.62
78.62
78.63
78.63
78.63
78.63
78.64
78.63
78.64
78.64
78.64
78.64
78.65
78.64
78.64
78.64
78.63
78.64
78.64
78.64
78.64
78.64
78.64
78.65
78.65
78.65
78.66
78.66
78.66
78.66
78.66
78.66
78.66
78.65
78.65
78.66
78.66
78.65
78.66
78.65
78.65
78.65
78.65
78.64
78.64
78.64
78.65
78.65
78.65
78.66
78.67
78.68
78.66
78.67
78.68
78.69
78.70
78.72
78.72
78.74
78.75
78.75
78.74
78.74
78.74
78.75
78.75
78.76
78.75
78.75
78.75
78.75
78.75
78.76
78.76
78.77
78.77
78.79
78.79
78.78
78.78
78.77
78.77
78.78
78.77
78.78
78.78
78.78
78.78
78.78
78.78
78.79
78.79
78.78
78.77
78.78
78.76
78.78
78.79
78.78
78.79
78.77
78.77
78.77
78.77
78.78
78.78
78.78
78.78
78.78
78.78
78.77
78.78
78.79
78.80
78.73
