37.50
45.31
46.88
49.22
50.63
50.00
50.00
50.39
50.00
50.00
49.15
48.96
49.28
49.22
48.96
48.63
48.35
48.52
48.36
48.20
48.44
48.37
48.71
48.89
48.75
48.86
49.02
49.00
48.87
48.75
48.89
49.02
48.58
48.76
48.62
48.74
48.65
48.36
48.28
47.97
47.98
47.99
48.22
48.22
48.19
48.06
47.87
47.82
47.83
47.84
47.82
47.78
47.61
47.69
47.64
47.66
47.45
47.41
47.46
47.73
47.85
47.68
47.59
47.56
47.64
47.59
47.69
47.47
47.35
47.34
47.14
47.14
47.20
47.23
47.08
47.10
47.18
47.20
47.15
47.17
47.24
47.14
47.27
47.38
47.32
47.51
47.61
47.71
47.72
47.66
47.66
47.66
47.60
47.57
47.68
47.67
47.73
47.70
47.68
47.62
47.63
47.70
47.68
47.75
47.77
47.72
47.66
47.57
47.52
47.56
47.52
47.57
47.48
47.56
47.60
47.49
47.49
47.46
47.47
47.53
47.48
47.40
47.42
47.35
47.41
47.37
47.31
47.33
47.42
47.39
47.44
47.49
47.45
47.41
47.43
47.43
47.35
47.43
47.50
47.57
47.50
47.43
47.43
47.42
47.46
47.46
47.52
47.45
47.36
47.36
47.43
47.40
47.40
47.41
47.40
47.43
47.44
47.43
47.41
47.33
47.25
47.23
47.27
47.27
47.31
47.26
47.28
47.32
47.31
47.28
47.28
47.27
47.31
47.26
47.26
47.25
47.22
47.21
47.20
47.21
47.24
47.18
47.20
47.19
47.22
47.24
47.17
47.15
47.16
47.20
47.13
47.16
47.17
47.19
47.16
47.19
47.18
47.18
47.19
47.13
47.14
47.15
47.15
47.18
47.18
47.25
47.23
47.20
47.21
47.19
47.17
47.13
47.08
47.08
47.09
47.12
47.14
47.14
47.14
47.15
47.13
47.13
47.10
47.11
47.08
47.10
47.12
47.09
47.05
47.05
47.02
47.02
47.04
47.04
47.01
47.01
47.01
46.98
46.97
46.97
46.93
46.93
46.92
46.88
46.88
46.85
46.87
46.87
46.84
46.81
46.79
46.79
46.78
46.75
46.77
46.77
46.74
46.72
46.72
46.72
46.71
46.74
46.80
46.77
46.79
46.73
46.72
46.72
46.71
46.70
46.74
46.70
46.70
46.73
46.74
46.76
46.80
46.80
46.80
46.78
46.76
46.78
46.76
46.78
46.78
46.78
46.77
46.77
46.76
46.75
46.74
46.75
46.77
46.81
46.81
46.80
46.80
46.81
46.82
46.84
46.82
46.81
46.85
46.85
46.83
46.86
46.90
46.91
46.90
46.89
46.90
46.92
46.88
46.91
46.91
46.89
46.89
46.90
46.90
46.91
46.90
46.93
46.95
46.94
46.92
46.93
46.95
47.00
47.01
47.04
47.03
47.06
47.04
47.05
47.03
47.04
47.04
47.03
46.99
47.01
47.00
47.02
47.01
47.02
47.02
47.03
47.02
47.06
47.06
47.06
47.08
47.07
47.05
47.06
47.07
47.07
47.05
47.05
47.05
47.04
47.06
47.06
47.04
47.05
47.02
47.03
47.02
47.01
47.03
47.03
47.04
47.05
47.06
47.06
47.05
47.04
47.03
47.04
47.04
47.04
47.02
47.03
47.03
47.02
47.01
47.02
47.03
47.06
47.09
47.10
47.11
47.10
47.08
47.08
47.10
47.12
47.09
47.09
47.09
47.08
47.06
47.05
47.07
47.06
47.05
47.04
47.04
47.03
47.01
47.02
47.02
46.98
46.98
47.00
46.99
46.97
46.97
46.99
47.00
47.03
47.03
47.05
47.05
47.04
47.02
47.03
47.03
47.04
47.05
47.03
47.04
47.06
47.06
47.06
47.07
47.04
47.03
47.03
47.04
47.05
47.06
47.06
47.05
47.08
47.10
47.12
47.12
47.12
47.12
47.11
47.10
47.08
47.08
47.08
47.08
47.06
47.07
47.07
47.06
47.07
47.04
47.06
47.03
47.07
47.05
47.07
47.05
47.04
47.03
47.02
47.02
47.01
46.98
46.97
46.97
46.95
46.95
46.93
46.93
46.91
46.91
46.91
46.91
46.92
46.92
46.91
46.91
46.91
46.92
46.92
46.91
46.91
46.91
46.93
46.90
46.89
46.88
46.88
46.89
46.87
46.87
46.88
46.87
46.88
46.88
46.88
46.87
46.88
46.88
46.87
46.85
46.87
46.88
46.87
46.89
46.88
46.88
46.89
46.89
46.90
46.89
46.90
46.90
46.90
46.93
46.93
46.93
46.92
46.91
46.92
46.92
46.92
46.92
46.90
46.93
46.94
46.93
46.92
46.91
46.91
46.93
46.95
46.94
46.92
46.93
46.92
46.92
46.91
46.93
46.92
46.92
46.91
46.91
46.91
46.93
46.93
46.94
46.94
46.94
46.95
46.94
46.95
46.96
46.94
46.94
46.95
46.94
46.94
46.94
46.94
46.94
46.92
46.92
46.94
46.96
46.95
46.94
46.93
46.94
46.93
46.95
46.94
46.95
46.97
46.97
46.95
46.94
46.94
46.94
46.96
46.95
46.96
46.96
46.94
46.93
46.91
46.91
46.91
46.91
46.90
46.89
46.90
46.91
46.91
46.88
46.90
46.91
46.91
46.93
46.96
46.95
46.95
46.96
46.96
46.97
46.97
46.98
46.99
46.99
47.00
46.98
46.97
46.96
46.97
46.97
46.98
46.98
46.99
46.99
46.98
46.98
46.99
47.00
46.98
46.99
46.99
47.00
47.00
46.99
46.99
47.00
46.99
46.99
46.97
46.97
46.96
46.96
46.97
46.95
46.94
46.95
46.94
46.95
46.94
46.93
46.94
46.95
46.94
46.92
46.93
46.94
46.93
46.95
46.96
46.97
46.98
46.98
46.98
46.98
46.98
46.98
46.98
46.97
46.97
46.98
46.98
46.98
46.98
46.97
46.98
46.97
46.97
46.98
46.99
46.99
47.00
46.99
46.99
47.00
47.00
47.01
47.01
47.00
47.01
47.00
47.00
46.99
46.98
46.97
46.96
46.96
46.95
46.95
46.95
46.95
46.95
46.95
46.95
46.95
46.96
46.95
46.95
46.96
46.95
46.96
46.96
46.97
46.96
46.96
46.96
46.95
46.95
46.97
46.97
46.96
46.96
46.96
46.95
46.95
46.96
46.97
46.97
46.97
46.96
46.95
46.96
46.96
46.96
46.96
46.98
46.98
46.98
46.98
46.98
47.00
46.99
47.01
47.01
47.02
47.02
47.02
47.02
47.02
47.01
46.99
46.99
46.99
46.97
46.98
46.99
46.99
46.97
46.97
46.97
46.98
47.00
46.99
47.00
47.00
47.00
47.00
47.00
47.00
47.00
47.01
47.02
47.02
47.03
47.03
47.02
47.01
46.97
