79.69
79.69
80.73
79.30
80.31
80.21
79.69
80.66
79.34
80.16
80.97
80.86
80.77
80.58
80.94
80.86
80.42
80.90
80.92
81.02
80.95
81.11
80.71
80.40
80.50
80.35
80.56
80.41
80.33
80.36
80.54
80.66
80.63
80.65
80.62
80.73
80.79
80.84
80.81
80.66
80.64
80.88
80.89
80.61
80.62
80.67
80.85
80.92
80.74
80.81
80.70
80.71
80.81
80.90
80.80
80.94
80.95
81.03
81.09
81.22
81.35
81.28
81.25
81.27
81.23
81.23
81.20
81.18
81.30
81.43
81.38
81.47
81.42
81.40
81.40
81.50
81.25
81.27
81.37
81.35
81.39
81.31
81.27
81.21
81.16
81.14
81.14
81.09
81.06
80.99
80.98
80.94
80.98
80.98
80.97
80.89
80.90
80.93
80.89
80.92
80.91
80.85
80.81
80.83
80.82
80.72
80.74
80.80
80.82
80.87
80.87
80.87
80.93
80.91
80.88
80.91
80.90
80.89
80.83
80.83
80.85
80.79
80.77
80.80
80.76
80.72
80.71
80.68
80.61
80.62
80.67
80.69
80.76
80.76
80.75
80.72
80.73
80.72
80.71
80.77
80.73
80.77
80.71
80.75
80.81
80.84
80.84
80.86
80.90
80.86
80.84
80.86
80.88
80.92
80.92
80.92
80.86
80.81
80.81
80.82
80.83
80.87
80.89
80.85
80.86
80.83
80.82
80.84
80.84
80.85
80.88
80.84
80.84
80.84
80.86
80.88
80.91
80.91
80.94
80.93
80.97
81.00
81.02
81.04
81.06
81.06
81.04
81.08
81.08
81.04
81.09
81.10
81.10
81.12
81.15
81.15
81.17
81.14
81.11
81.09
81.09
81.05
81.03
80.96
81.00
81.00
80.99
80.99
81.00
81.00
81.02
81.03
81.04
81.02
81.02
81.01
81.00
81.03
81.04
81.06
81.07
81.08
81.10
81.11
81.10
81.10
81.13
81.15
81.13
81.15
81.15
81.15
81.18
81.19
81.16
81.18
81.15
81.15
81.15
81.14
81.11
81.10
81.10
81.12
81.14
81.16
81.17
81.19
81.20
81.16
81.17
81.17
81.20
81.20
81.18
81.18
81.15
81.15
81.15
81.16
81.16
81.16
81.16
81.18
81.18
81.17
81.16
81.13
81.13
81.11
81.11
81.11
81.06
81.03
81.05
81.05
81.08
81.09
81.07
81.05
81.04
81.05
81.05
81.06
81.04
81.03
81.03
81.01
81.02
81.03
81.05
81.05
81.05
81.06
81.05
81.06
81.06
81.07
81.09
81.12
81.09
81.10
81.10
81.12
81.15
81.16
81.16
81.17
81.16
81.15
81.15
81.15
81.15
81.16
81.19
81.19
81.17
81.16
81.16
81.17
81.18
81.17
81.17
81.15
81.15
81.16
81.16
81.15
81.16
81.13
81.13
81.11
81.10
81.11
81.11
81.11
81.10
81.10
81.09
81.10
81.10
81.11
81.10
81.11
81.14
81.14
81.13
81.15
81.16
81.17
81.15
81.14
81.14
81.14
81.12
81.13
81.14
81.11
81.11
81.09
81.11
81.10
81.10
81.11
81.12
81.12
81.11
81.10
81.11
81.10
81.07
81.09
81.09
81.07
81.07
81.08
81.08
81.09
81.08
81.09
81.09
81.09
81.10
81.11
81.12
81.11
81.12
81.13
81.13
81.13
81.15
81.16
81.16
81.15
81.15
81.15
81.13
81.11
81.11
81.13
81.11
81.12
81.12
81.13
81.12
81.11
81.11
81.12
81.12
81.12
81.14
81.13
81.16
81.15
81.13
81.11
81.14
81.15
81.16
81.16
81.15
81.16
81.15
81.13
81.12
81.11
81.10
81.08
81.08
81.09
81.09
81.08
81.07
81.07
81.07
81.06
81.05
81.05
81.05
81.07
81.07
81.05
81.03
81.01
81.00
80.99
81.00
80.97
80.98
80.99
81.00
80.99
81.00
81.02
81.01
81.01
81.01
81.00
81.00
81.00
80.99
81.00
80.99
80.99
80.98
81.00
81.00
80.99
81.01
81.02
81.02
81.03
81.02
81.03
81.04
81.04
81.04
81.03
81.00
81.00
80.99
80.99
81.01
80.99
80.98
81.00
81.00
81.02
81.02
81.00
81.02
81.02
81.01
80.99
81.00
80.99
81.01
80.99
80.99
80.99
80.99
80.99
80.99
80.99
80.99
80.99
80.99
81.00
81.00
81.01
81.02
81.00
81.00
81.00
80.99
80.99
80.99
81.00
81.02
81.01
81.00
80.98
81.00
81.01
81.01
81.03
81.02
81.02
81.03
81.04
81.04
81.04
81.01
81.01
81.01
81.03
81.01
81.01
81.01
81.01
81.00
81.00
81.00
81.01
81.02
81.02
81.02
81.03
81.03
81.03
81.03
81.02
81.02
81.01
81.02
81.03
81.03
81.02
81.03
81.03
81.01
81.01
81.01
81.01
80.99
80.98
80.97
80.98
80.98
80.97
80.98
80.98
80.98
80.98
80.98
80.96
80.97
80.97
80.96
80.96
80.95
80.96
80.97
80.96
80.95
80.94
80.95
80.96
80.95
80.95
80.94
80.94
80.94
80.94
80.95
80.95
80.94
80.93
80.93
80.93
80.93
80.93
80.93
80.93
80.93
80.94
80.94
80.94
80.94
80.93
80.93
80.91
80.92
80.93
80.93
80.93
80.94
80.95
80.96
80.97
80.98
80.99
81.00
81.01
81.00
81.00
81.00
81.01
81.00
81.00
81.00
81.00
81.01
81.02
81.01
81.02
80.99
81.00
81.00
81.01
81.01
81.02
81.03
81.03
81.05
81.05
81.05
81.05
81.06
81.06
81.06
81.07
81.07
81.07
81.07
81.07
81.06
81.07
81.08
81.09
81.08
81.08
81.08
81.08
81.08
81.07
81.06
81.07
81.07
81.06
81.05
81.05
81.04
81.04
81.04
81.04
81.04
81.04
81.05
81.06
81.04
81.04
81.04
81.04
81.02
81.02
81.01
81.02
81.02
81.01
81.02
81.02
81.03
81.01
81.01
81.00
81.00
81.01
81.01
81.01
80.99
81.00
81.00
80.99
80.99
80.99
80.99
80.99
80.99
81.00
81.01
81.02
81.02
81.02
81.01
81.00
80.98
80.97
80.97
80.97
80.96
80.96
80.97
80.97
80.98
80.98
80.98
80.97
80.98
80.98
80.99
80.98
80.97
80.96
80.96
80.95
80.96
80.96
80.95
80.94
80.93
80.93
80.92
80.92
80.94
80.93
80.93
80.94
80.93
80.92
80.92
80.91
80.91
80.91
80.91
80.91
80.89
80.89
80.90
80.90
80.91
80.91
80.90
80.88
80.88
80.88
80.88
80.88
80.89
80.89
80.89
80.89
80.89
80.90
80.90
80.89
80.88
80.89
80.89
80.91
80.90
80.82
