78.12
79.69
77.08
76.95
76.88
78.65
77.46
76.56
76.56
76.25
76.56
76.69
76.20
75.56
75.62
75.98
75.28
75.00
74.34
74.14
74.55
74.72
74.86
74.54
74.81
74.94
74.94
75.00
75.16
75.36
75.15
75.20
74.81
74.63
74.96
75.04
74.70
74.67
74.68
74.77
74.73
74.52
74.60
74.47
74.51
74.42
74.43
74.38
74.23
74.31
74.14
74.25
74.35
74.22
74.23
74.33
74.31
74.35
74.44
74.53
74.46
74.47
74.50
74.37
74.33
74.34
74.44
74.47
74.48
74.46
74.47
74.46
74.40
74.28
74.31
74.34
74.45
74.40
74.43
74.41
74.42
74.39
74.42
74.44
74.50
74.62
74.50
74.61
74.56
74.58
74.55
74.54
74.55
74.57
74.67
74.71
74.79
74.89
74.84
74.91
74.95
74.85
74.76
74.82
74.87
74.84
74.85
74.88
74.89
74.90
74.90
74.90
74.93
75.03
75.07
75.01
75.07
75.11
75.14
75.10
75.00
74.92
74.91
74.92
74.97
74.95
74.86
74.90
74.93
74.90
74.89
74.88
74.95
74.92
74.95
74.95
75.01
75.03
75.06
75.07
75.11
75.17
75.08
75.13
75.16
75.12
75.12
75.14
75.15
75.18
75.25
75.23
75.17
75.20
75.14
75.16
75.15
75.12
75.21
75.22
75.20
75.24
75.32
75.28
75.31
75.25
75.27
75.33
75.27
75.28
75.30
75.30
75.31
75.28
75.32
75.32
75.35
75.33
75.38
75.45
75.44
75.44
75.44
75.45
75.45
75.41
75.43
75.47
75.47
75.50
75.43
75.40
75.40
75.40
75.38
75.40
75.44
75.40
75.39
75.46
75.51
75.53
75.58
75.54
75.54
75.58
75.57
75.59
75.62
75.62
75.63
75.66
75.70
75.69
75.71
75.71
75.73
75.75
75.80
75.77
75.80
75.82
75.90
75.86
75.85
75.86
75.84
75.84
75.84
75.82
75.83
75.81
75.79
75.80
75.82
75.82
75.84
75.79
75.76
75.79
75.78
75.81
75.82
75.83
75.83
75.81
75.84
75.82
75.85
75.83
75.80
75.82
75.85
75.85
75.83
75.85
75.83
75.83
75.83
75.85
75.86
75.89
75.89
75.88
75.83
75.84
75.86
75.83
75.82
75.82
75.82
75.82
75.78
75.76
75.74
75.73
75.71
75.74
75.73
75.76
75.78
75.78
75.77
75.78
75.75
75.74
75.72
75.73
75.70
75.73
75.75
75.74
75.76
75.75
75.77
75.77
75.82
75.80
75.78
75.80
75.81
75.81
75.82
75.81
75.80
75.81
75.80
75.81
75.83
75.87
75.86
75.87
75.87
75.88
75.86
75.89
75.91
75.91
75.89
75.89
75.91
75.90
75.90
75.92
75.91
75.89
75.88
75.88
75.88
75.86
75.84
75.86
75.87
75.86
75.85
75.85
75.86
75.88
75.91
75.93
75.93
75.95
75.96
75.96
75.95
75.96
75.95
75.94
75.94
75.93
75.94
75.93
75.93
75.96
75.96
75.96
75.97
75.97
75.98
76.00
76.01
76.01
76.01
76.00
75.99
75.99
75.99
75.96
75.98
75.98
75.97
75.96
75.98
75.98
75.99
75.99
75.99
75.98
75.96
75.96
75.94
75.95
75.95
75.95
75.96
75.94
75.90
75.90
75.90
75.88
75.90
75.90
75.91
75.92
75.91
75.91
75.91
75.90
75.89
75.91
75.92
75.90
75.90
75.91
75.95
75.95
75.95
75.95
75.94
75.93
75.94
75.96
75.96
75.97
75.99
75.98
75.97
75.95
75.98
75.99
75.97
75.97
75.98
75.98
75.99
75.98
75.99
75.97
75.98
75.98
75.99
75.99
76.00
76.01
75.99
75.98
75.99
76.00
76.01
76.00
76.01
75.99
75.99
75.99
75.98
75.98
75.98
75.97
75.96
75.98
76.00
76.00
76.00
75.99
75.99
75.98
75.97
75.96
75.95
75.94
75.93
75.94
75.94
75.93
75.94
75.92
75.91
75.90
75.89
75.92
75.92
75.93
75.95
75.95
75.96
75.97
75.96
75.95
75.94
75.96
75.96
75.97
75.98
75.96
75.97
75.97
75.98
75.99
76.00
76.02
76.03
76.01
76.01
76.00
75.99
76.00
76.00
75.99
75.97
75.97
75.96
75.99
76.00
75.98
75.99
75.99
75.98
76.00
75.98
75.97
75.98
75.98
75.97
75.98
75.98
75.98
75.98
75.97
75.97
75.96
75.96
75.95
75.96
75.98
76.00
76.00
75.99
76.01
76.01
76.01
75.99
75.97
75.99
75.98
75.98
75.98
75.97
75.97
75.97
75.97
75.99
76.00
75.99
75.99
75.98
75.98
75.98
76.00
75.99
75.99
75.98
75.97
75.97
75.96
75.96
75.96
75.96
75.95
75.97
75.96
75.96
75.96
75.97
75.98
75.99
75.99
75.99
75.98
75.99
76.00
76.00
76.01
76.01
76.00
75.99
75.99
76.00
75.99
75.98
75.97
75.97
75.97
75.97
75.98
75.99
75.98
75.97
75.97
75.97
75.95
75.95
75.96
75.96
75.95
75.95
75.95
75.96
75.95
75.95
75.96
75.98
75.97
75.97
75.99
76.00
76.00
76.00
75.99
75.99
75.99
75.99
76.00
76.01
76.01
76.01
76.02
76.03
76.03
76.02
76.01
76.02
76.03
76.03
76.04
76.05
76.06
76.06
76.06
76.08
76.07
76.07
76.07
76.06
76.06
76.07
76.09
76.09
76.09
76.10
76.10
76.11
76.11
76.12
76.13
76.13
76.12
76.12
76.13
76.12
76.13
76.13
76.12
76.12
76.11
76.12
76.11
76.12
76.12
76.12
76.12
76.12
76.12
76.12
76.13
76.12
76.12
76.13
76.13
76.11
76.11
76.10
76.11
76.11
76.12
76.12
76.13
76.13
76.12
76.11
76.11
76.12
76.11
76.11
76.10
76.10
76.09
76.09
76.09
76.10
76.09
76.09
76.09
76.09
76.09
76.10
76.11
76.11
76.10
76.11
76.11
76.10
76.09
76.06
76.06
76.06
76.05
76.07
76.07
76.09
76.09
76.09
76.11
76.11
76.12
76.10
76.09
76.10
76.10
76.11
76.11
76.10
76.11
76.12
76.12
76.12
76.12
76.13
76.14
76.14
76.15
76.14
76.14
76.14
76.14
76.15
76.14
76.13
76.13
76.13
76.14
76.13
76.12
76.12
76.12
76.12
76.13
76.12
76.12
76.10
76.10
76.11
76.11
76.10
76.10
76.10
76.11
76.11
76.11
76.10
76.10
76.10
76.10
76.09
76.09
76.10
76.11
76.10
76.10
76.11
76.10
76.11
76.11
76.10
76.10
76.10
76.11
76.12
76.12
76.12
76.12
76.12
76.05
