70.31
73.44
74.48
75.78
75.94
76.56
76.34
76.76
77.08
77.97
78.27
78.26
78.37
78.57
78.02
77.64
77.57
77.86
77.80
77.81
77.98
77.84
77.65
77.41
77.19
77.16
77.03
77.29
77.05
77.24
77.02
76.86
76.47
76.01
76.03
75.95
75.72
75.53
75.52
75.31
75.46
75.30
75.36
75.46
75.49
75.44
75.40
75.36
75.32
75.25
75.31
75.42
75.27
75.09
75.31
75.28
75.00
75.08
74.92
74.92
75.03
74.95
75.10
75.07
75.10
75.19
75.23
75.23
75.25
75.27
75.33
75.33
75.39
75.38
75.44
75.35
75.39
75.26
75.36
75.49
75.44
75.50
75.53
75.60
75.62
75.65
75.72
75.66
75.53
75.59
75.69
75.66
75.64
75.63
75.69
75.60
75.61
75.75
75.69
75.86
75.90
75.86
75.91
75.84
75.88
75.88
75.89
75.90
75.83
75.87
75.76
75.80
75.79
75.89
75.94
76.00
76.03
76.05
76.13
76.17
76.08
76.08
76.09
76.05
76.00
76.05
76.03
76.05
76.08
76.08
76.06
76.12
76.10
76.03
76.03
76.08
76.09
76.14
76.14
76.14
76.12
76.13
76.10
76.09
76.02
76.04
75.98
75.98
76.01
76.01
76.01
76.00
75.99
76.01
76.07
76.03
76.04
76.05
76.03
76.06
76.08
76.06
76.04
76.05
76.00
75.99
75.97
76.02
76.05
76.05
76.09
76.04
76.11
76.08
76.11
76.09
76.12
76.07
76.05
76.00
75.98
75.95
75.90
75.93
75.90
75.92
75.94
75.96
75.97
75.96
75.90
75.94
75.90
75.88
75.91
75.85
75.83
75.86
75.86
75.88
75.87
75.88
75.89
75.89
75.88
75.88
75.94
75.96
75.96
75.94
75.96
75.97
75.98
76.01
76.01
76.01
76.02
76.00
75.99
75.99
76.02
76.02
75.97
75.97
75.98
75.97
76.00
75.99
75.99
75.98
75.99
76.02
76.03
76.03
76.03
76.07
76.10
76.12
76.13
76.16
76.16
76.16
76.18
76.17
76.19
76.20
76.19
76.19
76.22
76.26
76.28
76.29
76.29
76.29
76.26
76.23
76.24
76.26
76.26
76.23
76.19
76.20
76.23
76.25
76.25
76.22
76.22
76.25
76.25
76.28
76.27
76.26
76.25
76.26
76.27
76.30
76.32
76.30
76.31
76.29
76.31
76.28
76.29
76.28
76.30
76.26
76.24
76.22
76.22
76.19
76.17
76.18
76.16
76.17
76.14
76.16
76.16
76.16
76.18
76.18
76.18
76.18
76.17
76.19
76.20
76.21
76.20
76.19
76.20
76.18
76.19
76.17
76.18
76.19
76.18
76.17
76.12
76.10
76.12
76.11
76.10
76.10
76.08
76.09
76.07
76.06
76.09
76.08
76.11
76.11
76.11
76.10
76.12
76.12
76.12
76.13
76.11
76.10
76.13
76.13
76.14
76.17
76.17
76.19
76.19
76.19
76.21
76.21
76.19
76.20
76.17
76.20
76.20
76.20
76.22
76.23
76.24
76.23
76.22
76.24
76.26
76.26
76.29
76.28
76.27
76.28
76.29
76.28
76.28
76.27
76.26
76.28
76.28
76.30
76.27
76.28
76.28
76.29
76.29
76.27
76.28
76.28
76.31
76.32
76.31
76.32
76.30
76.32
76.33
76.33
76.33
76.33
76.32
76.33
76.31
76.34
76.33
76.33
76.32
76.33
76.35
76.36
76.37
76.40
76.40
76.38
76.39
76.38
76.37
76.36
76.36
76.34
76.32
76.32
76.31
76.29
76.30
76.31
76.31
76.31
76.32
76.34
76.35
76.36
76.34
76.33
76.31
76.31
76.28
76.29
76.27
76.31
76.30
76.31
76.31
76.29
76.28
76.29
76.29
76.27
76.28
76.28
76.28
76.28
76.29
76.29
76.28
76.27
76.29
76.29
76.28
76.30
76.29
76.30
76.30
76.31
76.32
76.30
76.29
76.29
76.30
76.28
76.30
76.31
76.31
76.31
76.33
76.32
76.30
76.30
76.30
76.32
76.32
76.32
76.32
76.34
76.34
76.34
76.34
76.35
76.35
76.33
76.34
76.36
76.36
76.34
76.33
76.32
76.32
76.31
76.30
76.33
76.33
76.34
76.34
76.32
76.32
76.32
76.32
76.32
76.32
76.32
76.31
76.33
76.32
76.32
76.31
76.27
76.27
76.26
76.24
76.25
76.25
76.24
76.25
76.24
76.23
76.22
76.23
76.23
76.23
76.24
76.24
76.25
76.25
76.26
76.25
76.26
76.26
76.26
76.26
76.27
76.27
76.29
76.29
76.29
76.31
76.32
76.31
76.30
76.32
76.33
76.32
76.32
76.32
76.32
76.31
76.32
76.33
76.33
76.33
76.33
76.33
76.34
76.33
76.33
76.31
76.30
76.30
76.30
76.30
76.30
76.30
76.30
76.30
76.28
76.28
76.27
76.27
76.28
76.27
76.27
76.27
76.25
76.23
76.22
76.23
76.23
76.22
76.23
76.22
76.23
76.24
76.25
76.22
76.23
76.23
76.22
76.24
76.26
76.25
76.25
76.23
76.24
76.25
76.27
76.29
76.29
76.28
76.28
76.29
76.30
76.31
76.30
76.30
76.30
76.31
76.31
76.31
76.32
76.31
76.29
76.29
76.27
76.27
76.27
76.27
76.27
76.28
76.27
76.28
76.28
76.28
76.28
76.27
76.27
76.26
76.25
76.25
76.25
76.24
76.23
76.23
76.23
76.24
76.23
76.23
76.22
76.22
76.20
76.20
76.19
76.20
76.20
76.18
76.17
76.17
76.17
76.17
76.16
76.14
76.14
76.13
76.13
76.14
76.14
76.14
76.15
76.16
76.15
76.14
76.15
76.14
76.14
76.15
76.14
76.15
76.15
76.15
76.15
76.15
76.15
76.15
76.16
76.16
76.17
76.17
76.17
76.16
76.16
76.17
76.16
76.16
76.16
76.17
76.17
76.16
76.15
76.15
76.15
76.16
76.16
76.17
76.17
76.16
76.17
76.18
76.17
76.17
76.17
76.17
76.17
76.17
76.17
76.16
76.16
76.18
76.19
76.20
76.19
76.18
76.20
76.20
76.20
76.21
76.20
76.21
76.21
76.21
76.21
76.21
76.21
76.20
76.20
76.20
76.21
76.23
76.23
76.22
76.21
76.20
76.20
76.20
76.20
76.21
76.21
76.21
76.22
76.22
76.21
76.21
76.20
76.19
76.17
76.17
76.15
76.15
76.16
76.16
76.15
76.15
76.14
76.15
76.15
76.14
76.15
76.16
76.16
76.18
76.17
76.17
76.17
76.15
76.16
76.16
76.15
76.16
76.16
76.14
76.14
76.13
76.14
76.13
76.14
76.12
76.13
76.13
76.13
76.13
76.13
76.13
76.06
