78.12
81.25
78.65
78.12
77.50
77.60
77.68
77.15
76.56
75.47
74.86
74.74
75.00
75.67
76.15
76.07
75.83
75.87
76.15
76.02
76.04
76.49
76.15
76.04
76.06
75.84
76.10
76.23
76.19
75.99
75.96
75.98
75.99
75.92
75.89
75.95
75.89
75.78
75.80
75.78
75.69
75.63
75.69
75.50
75.59
75.82
75.66
75.65
75.70
75.59
75.58
75.63
75.59
75.64
75.77
75.84
75.82
75.84
75.79
75.89
76.10
76.13
76.19
76.15
76.15
76.16
76.17
76.03
76.15
76.25
76.28
76.17
76.18
76.16
76.19
76.19
76.14
75.94
76.05
76.11
76.20
76.26
76.28
76.36
76.38
76.40
76.33
76.31
76.26
76.28
76.30
76.38
76.36
76.41
76.50
76.50
76.51
76.47
76.47
76.47
76.50
76.52
76.58
76.64
76.53
76.61
76.55
76.52
76.51
76.56
76.56
76.59
76.65
76.70
76.68
76.71
76.71
76.80
76.81
76.77
76.73
76.75
76.78
76.78
76.89
76.90
76.91
76.92
76.94
76.92
76.96
76.95
76.91
76.91
76.97
77.01
77.00
77.03
77.05
77.13
77.08
77.00
77.04
77.07
77.07
77.13
77.19
77.13
77.09
77.12
77.09
77.10
77.03
77.05
77.01
77.03
76.97
77.01
77.01
77.01
77.04
77.01
76.99
76.94
76.93
76.99
76.97
76.97
76.93
76.91
76.92
76.93
76.85
76.84
76.85
76.85
76.87
76.88
76.89
76.85
76.83
76.80
76.77
76.74
76.72
76.71
76.70
76.76
76.77
76.78
76.78
76.80
76.79
76.84
76.80
76.75
76.76
76.76
76.74
76.77
76.75
76.67
76.67
76.71
76.65
76.64
76.62
76.60
76.67
76.66
76.66
76.65
76.64
76.64
76.63
76.63
76.66
76.64
76.64
76.64
76.65
76.61
76.62
76.62
76.60
76.62
76.62
76.58
76.58
76.58
76.51
76.48
76.49
76.53
76.52
76.50
76.51
76.50
76.50
76.50
76.52
76.47
76.48
76.46
76.47
76.47
76.43
76.42
76.42
76.41
76.42
76.43
76.41
76.41
76.45
76.45
76.46
76.42
76.39
76.41
76.42
76.42
76.41
76.44
76.46
76.45
76.48
76.48
76.46
76.49
76.49
76.50
76.49
76.48
76.48
76.45
76.47
76.44
76.44
76.43
76.42
76.40
76.41
76.43
76.42
76.45
76.43
76.42
76.41
76.38
76.36
76.38
76.39
76.39
76.36
76.35
76.36
76.35
76.34
76.37
76.37
76.35
76.34
76.37
76.37
76.37
76.36
76.38
76.38
76.38
76.38
76.39
76.41
76.41
76.44
76.44
76.42
76.42
76.44
76.42
76.40
76.39
76.37
76.39
76.38
76.39
76.38
76.38
76.35
76.38
76.37
76.37
76.38
76.37
76.38
76.37
76.38
76.38
76.37
76.39
76.40
76.42
76.41
76.39
76.37
76.36
76.35
76.36
76.36
76.32
76.34
76.34
76.35
76.37
76.36
76.37
76.38
76.39
76.38
76.39
76.40
76.41
76.42
76.42
76.42
76.41
76.42
76.43
76.42
76.41
76.39
76.40
76.38
76.38
76.38
76.38
76.37
76.35
76.32
76.32
76.35
76.32
76.32
76.32
76.31
76.30
76.31
76.30
76.29
76.27
76.28
76.27
76.27
76.25
76.25
76.26
76.24
76.23
76.23
76.23
76.24
76.24
76.24
76.24
76.21
76.20
76.19
76.21
76.21
76.19
76.19
76.17
76.17
76.20
76.18
76.16
76.17
76.16
76.17
76.16
76.17
76.17
76.16
76.16
76.18
76.17
76.19
76.18
76.17
76.14
76.15
76.15
76.14
76.15
76.15
76.16
76.16
76.17
76.15
76.16
76.18
76.17
76.18
76.18
76.18
76.15
76.15
76.13
76.13
76.12
76.12
76.13
76.12
76.10
76.09
76.08
76.08
76.09
76.09
76.10
76.10
76.10
76.10
76.10
76.10
76.10
76.09
76.09
76.09
76.09
76.09
76.09
76.11
76.13
76.12
76.11
76.10
76.10
76.11
76.11
76.11
76.12
76.11
76.10
76.11
76.10
76.07
76.07
76.06
76.06
76.07
76.07
76.06
76.07
76.06
76.07
76.08
76.08
76.07
76.07
76.08
76.06
76.06
76.06
76.04
76.05
76.04
76.04
76.02
76.02
76.02
76.02
76.03
76.04
76.05
76.04
76.03
76.04
76.03
76.04
76.05
76.06
76.04
76.04
76.04
76.04
76.05
76.06
76.05
76.05
76.05
76.03
76.04
76.04
76.03
76.05
76.04
76.03
76.03
76.03
76.05
76.03
76.05
76.06
76.06
76.06
76.07
76.07
76.06
76.05
76.04
76.05
76.05
76.05
76.05
76.05
76.06
76.04
76.05
76.08
76.08
76.08
76.10
76.11
76.11
76.11
76.10
76.10
76.11
76.11
76.13
76.13
76.13
76.12
76.14
76.13
76.12
76.13
76.13
76.12
76.13
76.13
76.14
76.16
76.16
76.16
76.17
76.18
76.17
76.17
76.16
76.16
76.16
76.15
76.16
76.16
76.18
76.17
76.18
76.18
76.20
76.19
76.18
76.17
76.15
76.15
76.14
76.15
76.15
76.14
76.14
76.14
76.14
76.12
76.13
76.13
76.14
76.13
76.12
76.13
76.14
76.12
76.14
76.14
76.14
76.14
76.14
76.14
76.14
76.15
76.14
76.14
76.16
76.16
76.15
76.14
76.17
76.16
76.16
76.15
76.16
76.16
76.15
76.15
76.14
76.15
76.15
76.15
76.15
76.12
76.13
76.14
76.12
76.13
76.12
76.13
76.13
76.14
76.13
76.13
76.13
76.13
76.14
76.13
76.13
76.13
76.15
76.16
76.15
76.14
76.13
76.13
76.11
76.12
76.11
76.11
76.10
76.10
76.10
76.09
76.10
76.10
76.10
76.09
76.09
76.09
76.09
76.09
76.08
76.07
76.07
76.07
76.08
76.08
76.08
76.08
76.10
76.10
76.11
76.11
76.11
76.12
76.13
76.14
76.14
76.14
76.15
76.15
76.13
76.12
76.13
76.14
76.14
76.14
76.15
76.15
76.16
76.16
76.16
76.17
76.16
76.15
76.15
76.16
76.16
76.16
76.17
76.15
76.16
76.18
76.16
76.17
76.17
76.16
76.16
76.17
76.17
76.16
76.16
76.17
76.16
76.17
76.16
76.15
76.15
76.15
76.15
76.15
76.14
76.14
76.16
76.16
76.16
76.16
76.16
76.16
76.17
76.15
76.16
76.15
76.16
76.15
76.15
76.16
76.15
76.14
76.13
76.14
76.13
76.13
76.13
76.12
76.12
76.12
76.12
76.12
76.13
76.13
76.13
76.13
76.13
76.06
