68.75
71.09
69.79
69.14
70.31
69.53
70.09
70.70
71.01
72.03
72.02
72.01
71.75
71.09
70.83
70.61
71.69
71.18
70.89
71.02
71.43
71.52
71.81
72.46
72.81
72.54
72.63
72.66
72.68
72.66
72.63
72.66
72.44
72.29
72.23
71.88
71.96
71.79
72.00
71.84
71.84
71.95
71.91
72.23
72.05
71.94
71.91
72.07
72.10
72.12
72.21
72.39
72.26
72.22
72.19
72.27
72.29
72.25
72.19
72.08
72.13
72.20
72.22
72.14
72.24
72.04
72.04
71.97
71.94
72.08
72.14
72.16
72.07
72.02
72.06
72.04
72.00
72.04
71.99
72.03
71.95
71.89
71.95
71.86
71.89
71.86
71.87
71.86
71.77
71.89
71.96
71.94
71.99
71.96
71.96
71.86
71.89
71.94
72.00
72.02
71.95
71.94
71.87
71.95
71.86
71.89
71.89
71.87
71.85
71.87
71.92
71.90
71.86
71.85
71.82
71.85
71.82
71.87
71.87
71.90
71.93
71.91
71.94
71.93
71.97
71.96
71.96
72.02
72.02
72.04
72.11
72.14
72.16
72.10
72.12
72.08
72.09
72.10
72.16
72.12
72.05
72.05
72.08
72.06
72.07
72.14
72.20
72.21
72.17
72.09
72.02
72.02
72.03
72.05
72.05
72.10
72.06
72.09
72.13
72.10
72.12
72.13
72.14
72.10
72.09
72.07
72.03
72.05
72.01
71.99
71.90
71.91
71.89
71.86
71.90
71.88
71.89
71.88
71.85
71.79
71.79
71.77
71.80
71.87
71.84
71.86
71.84
71.84
71.83
71.84
71.86
71.88
71.87
71.84
71.85
71.88
71.91
71.90
71.82
71.84
71.86
71.83
71.87
71.90
71.91
71.86
71.88
71.88
71.87
71.87
71.84
71.86
71.88
71.87
71.89
71.89
71.93
71.94
71.94
71.90
71.90
71.90
71.92
71.94
71.95
71.94
71.92
71.93
71.90
71.90
71.90
71.87
71.87
71.87
71.86
71.86
71.87
71.91
71.90
71.91
71.93
71.93
71.95
71.95
71.94
71.94
71.92
71.91
71.93
71.94
71.94
71.99
72.02
72.02
72.02
72.00
72.01
72.03
72.02
72.00
72.02
72.04
72.04
72.04
72.08
72.12
72.08
72.06
72.08
72.09
72.12
72.10
72.07
72.07
72.09
72.07
72.08
72.08
72.07
72.07
72.08
72.06
72.03
72.01
72.02
71.98
72.02
72.05
72.05
72.03
72.01
72.01
72.05
72.03
72.02
72.03
72.05
72.08
72.07
72.06
72.07
72.10
72.09
72.07
72.05
72.04
72.03
72.02
72.05
72.06
72.05
72.06
72.04
72.04
72.03
72.01
72.02
72.05
72.07
72.07
72.06
72.07
72.10
72.08
72.09
72.09
72.10
72.09
72.11
72.12
72.10
72.12
72.12
72.13
72.15
72.17
72.19
72.17
72.17
72.18
72.17
72.19
72.19
72.18
72.18
72.19
72.16
72.18
72.19
72.18
72.18
72.17
72.16
72.17
72.16
72.15
72.12
72.13
72.13
72.12
72.11
72.11
72.10
72.08
72.08
72.09
72.09
72.10
72.10
72.10
72.09
72.09
72.12
72.10
72.10
72.09
72.09
72.08
72.08
72.07
72.09
72.10
72.10
72.11
72.07
72.09
72.10
72.08
72.07
72.06
72.07
72.10
72.10
72.08
72.08
72.07
72.04
72.04
72.00
72.00
72.00
71.96
71.97
71.94
71.93
71.93
71.92
71.92
71.91
71.90
71.90
71.94
71.92
71.94
71.95
71.95
71.95
71.95
71.97
71.98
71.99
71.97
71.96
71.97
71.95
71.98
71.97
71.96
71.98
71.99
71.99
71.99
71.99
71.98
71.99
71.98
71.98
71.96
71.97
71.97
71.98
71.98
71.99
71.99
71.98
72.00
71.99
71.99
71.97
71.96
71.97
71.97
71.99
71.99
71.97
71.97
71.99
71.99
71.99
71.99
71.98
71.98
72.00
72.00
72.02
72.03
72.03
72.01
72.01
72.01
72.00
72.00
72.01
72.02
72.01
72.01
72.01
72.02
72.03
72.05
72.03
72.04
72.02
72.02
72.04
72.03
72.02
72.00
71.99
72.00
72.00
71.99
71.99
71.98
71.97
71.98
72.00
71.99
72.01
71.99
72.00
71.99
71.99
72.00
72.00
72.00
72.03
72.04
72.03
72.05
72.06
72.07
72.05
72.05
72.05
72.07
72.08
72.08
72.09
72.09
72.08
72.10
72.11
72.12
72.13
72.12
72.14
72.13
72.13
72.12
72.14
72.15
72.15
72.14
72.14
72.15
72.16
72.14
72.16
72.18
72.20
72.20
72.21
72.22
72.22
72.24
72.23
72.23
72.22
72.21
72.22
72.23
72.23
72.20
72.21
72.20
72.21
72.20
72.19
72.19
72.18
72.15
72.16
72.14
72.15
72.16
72.15
72.16
72.15
72.15
72.14
72.12
72.12
72.12
72.14
72.12
72.14
72.12
72.12
72.12
72.12
72.11
72.11
72.10
72.11
72.11
72.11
72.12
72.12
72.10
72.10
72.09
72.10
72.10
72.10
72.11
72.11
72.08
72.07
72.07
72.04
72.05
72.06
72.06
72.05
72.05
72.06
72.06
72.05
72.04
72.04
72.05
72.04
72.04
72.04
72.05
72.05
72.05
72.08
72.08
72.06
72.06
72.07
72.07
72.08
72.08
72.07
72.06
72.07
72.08
72.06
72.05
72.06
72.06
72.06
72.07
72.07
72.08
72.07
72.07
72.08
72.08
72.06
72.07
72.07
72.07
72.07
72.07
72.07
72.06
72.07
72.06
72.05
72.06
72.05
72.05
72.04
72.05
72.05
72.04
72.04
72.04
72.04
72.05
72.05
72.03
72.02
72.03
72.03
72.05
72.05
72.04
72.05
72.04
72.03
72.02
72.03
72.02
72.01
72.01
72.01
71.99
71.99
71.98
71.99
71.97
71.98
71.98
71.98
71.98
71.98
71.98
71.99
71.99
71.99
71.99
72.00
71.99
71.98
71.97
71.97
71.98
71.98
71.98
71.99
72.00
72.01
72.01
72.00
72.00
72.00
72.00
72.00
72.00
72.00
72.00
71.99
71.99
71.99
71.98
71.97
71.97
71.97
71.97
71.97
71.97
71.96
71.96
71.96
71.96
71.96
71.96
71.95
71.94
71.95
71.95
71.96
71.94
71.94
71.94
71.93
71.93
71.94
71.94
71.94
71.94
71.95
71.95
71.94
71.96
71.96
71.96
71.95
71.95
71.96
71.96
71.96
71.97
71.95
71.95
71.95
71.94
71.93
71.94
71.95
71.95
71.95
71.96
71.97
71.99
71.97
71.96
71.95
71.94
71.95
71.95
71.94
71.94
71.94
71.94
71.93
71.86
