76.56
72.66
75.52
72.27
72.19
73.18
72.54
72.27
73.26
73.28
73.58
73.44
73.08
73.10
73.23
73.63
73.81
73.52
73.77
73.98
74.03
73.93
74.12
74.35
74.31
74.34
74.19
74.16
74.19
74.11
74.09
74.41
74.15
73.99
74.02
73.96
73.94
74.01
73.84
73.71
73.67
73.51
73.36
73.44
73.61
73.68
73.87
73.93
73.88
73.91
73.93
73.95
73.79
73.87
73.95
74.02
73.79
73.79
74.05
73.98
73.95
73.92
73.98
74.10
74.13
74.22
74.21
74.17
74.05
74.13
74.23
74.22
74.10
74.30
74.44
74.49
74.49
74.62
74.72
74.67
74.69
74.64
74.70
74.81
74.87
74.91
74.86
74.86
74.88
74.81
74.93
74.90
74.95
75.02
74.97
75.05
75.00
75.06
75.08
75.23
75.20
75.21
75.15
75.17
75.18
75.16
75.23
75.26
75.32
75.38
75.38
75.46
75.48
75.48
75.43
75.50
75.49
75.50
75.51
75.42
75.40
75.38
75.39
75.39
75.40
75.40
75.43
75.35
75.35
75.31
75.29
75.26
75.25
75.20
75.16
75.11
75.10
75.15
75.17
75.18
75.21
75.26
75.30
75.29
75.32
75.39
75.38
75.39
75.36
75.39
75.41
75.44
75.44
75.47
75.40
75.42
75.40
75.40
75.45
75.45
75.41
75.47
75.41
75.39
75.40
75.36
75.36
75.36
75.30
75.30
75.35
75.35
75.36
75.36
75.42
75.43
75.43
75.47
75.49
75.50
75.53
75.53
75.56
75.59
75.56
75.58
75.58
75.61
75.58
75.60
75.59
75.64
75.61
75.64
75.65
75.65
75.66
75.60
75.64
75.63
75.63
75.63
75.64
75.60
75.58
75.58
75.58
75.58
75.55
75.51
75.54
75.52
75.56
75.55
75.52
75.52
75.53
75.47
75.47
75.48
75.47
75.44
75.48
75.50
75.51
75.51
75.51
75.52
75.55
75.56
75.56
75.57
75.60
75.56
75.59
75.60
75.59
75.62
75.65
75.63
75.61
75.61
75.62
75.63
75.61
75.62
75.65
75.63
75.67
75.68
75.67
75.64
75.69
75.68
75.68
75.63
75.63
75.62
75.62
75.62
75.65
75.61
75.61
75.60
75.63
75.68
75.69
75.69
75.68
75.66
75.67
75.68
75.68
75.68
75.66
75.66
75.69
75.68
75.74
75.73
75.72
75.73
75.75
75.74
75.78
75.79
75.77
75.78
75.80
75.80
75.79
75.82
75.81
75.83
75.80
75.80
75.80
75.79
75.80
75.79
75.79
75.78
75.80
75.81
75.77
75.76
75.76
75.78
75.78
75.76
75.77
75.77
75.75
75.76
75.74
75.70
75.70
75.70
75.67
75.67
75.67
75.67
75.66
75.67
75.70
75.69
75.68
75.67
75.66
75.66
75.67
75.67
75.65
75.64
75.64
75.65
75.65
75.66
75.66
75.64
75.64
75.65
75.67
75.66
75.71
75.72
75.71
75.71
75.73
75.72
75.71
75.70
75.65
75.66
75.66
75.65
75.65
75.67
75.66
75.66
75.65
75.67
75.68
75.68
75.70
75.72
75.74
75.76
75.74
75.76
75.72
75.73
75.72
75.75
75.77
75.76
75.77
75.78
75.77
75.77
75.80
75.80
75.79
75.76
75.74
75.75
75.77
75.78
75.79
75.78
75.80
75.82
75.82
75.81
75.81
75.81
75.81
75.81
75.81
75.83
75.80
75.82
75.84
75.85
75.86
75.86
75.86
75.86
75.86
75.88
75.86
75.87
75.87
75.85
75.85
75.86
75.85
75.84
75.85
75.85
75.86
75.86
75.86
75.87
75.88
75.88
75.88
75.88
75.87
75.88
75.87
75.88
75.88
75.86
75.85
75.86
75.85
75.83
75.83
75.81
75.83
75.82
75.84
75.84
75.85
75.85
75.85
75.84
75.85
75.84
75.85
75.86
75.86
75.86
75.87
75.88
75.89
75.90
75.90
75.91
75.90
75.91
75.92
75.93
75.93
75.95
75.96
75.97
75.98
75.99
75.98
75.95
75.95
75.94
75.93
75.94
75.93
75.94
75.95
75.95
75.95
75.93
75.93
75.90
75.89
75.89
75.89
75.88
75.88
75.85
75.83
75.83
75.83
75.84
75.84
75.84
75.83
75.81
75.80
75.80
75.78
75.78
75.77
75.77
75.78
75.77
75.79
75.80
75.79
75.79
75.78
75.79
75.79
75.78
75.80
75.79
75.80
75.78
75.79
75.80
75.81
75.81
75.82
75.84
75.85
75.86
75.86
75.86
75.87
75.87
75.88
75.89
75.89
75.90
75.91
75.92
75.91
75.92
75.93
75.92
75.93
75.92
75.93
75.93
75.92
75.92
75.92
75.92
75.93
75.92
75.94
75.93
75.94
75.96
75.97
75.97
75.98
75.99
75.98
75.99
75.97
75.97
75.97
75.97
75.97
75.98
75.99
75.99
75.99
76.01
76.01
76.00
76.00
76.00
76.00
76.00
76.02
76.02
76.03
76.02
76.02
76.01
76.01
75.99
76.00
75.98
75.98
75.98
75.96
75.95
75.95
75.96
75.97
75.98
75.98
75.97
75.97
75.95
75.95
75.94
75.94
75.94
75.95
75.93
75.92
75.91
75.91
75.91
75.91
75.91
75.91
75.90
75.90
75.91
75.93
75.93
75.93
75.94
75.93
75.93
75.93
75.92
75.92
75.90
75.89
75.90
75.90
75.90
75.89
75.89
75.90
75.90
75.91
75.91
75.92
75.92
75.92
75.93
75.93
75.94
75.93
75.94
75.95
75.94
75.95
75.94
75.96
75.97
75.96
75.95
75.95
75.94
75.95
75.95
75.95
75.95
75.94
75.93
75.93
75.94
75.94
75.94
75.93
75.94
75.92
75.93
75.92
75.92
75.93
75.92
75.93
75.93
75.93
75.92
75.93
75.93
75.92
75.92
75.92
75.92
75.91
75.90
75.91
75.92
75.93
75.92
75.93
75.94
75.93
75.94
75.95
75.95
75.95
75.95
75.96
75.96
75.97
75.96
75.97
75.96
75.97
75.97
75.98
75.99
75.98
75.97
75.97
75.97
75.96
75.95
75.95
75.95
75.96
75.95
75.95
75.95
75.95
75.96
75.96
75.96
75.95
75.95
75.95
75.96
75.97
75.96
75.95
75.95
75.95
75.94
75.94
75.94
75.94
75.95
75.93
75.94
75.94
75.95
75.95
75.96
75.97
75.97
75.97
75.96
75.96
75.97
75.98
75.99
75.99
76.00
76.00
75.99
75.99
75.99
75.99
75.98
76.00
76.00
76.02
76.02
76.01
76.01
76.01
76.02
76.01
76.02
76.02
76.01
76.02
76.02
76.02
76.02
76.01
76.00
76.00
76.01
76.00
75.99
75.99
75.99
75.99
75.92
