82.81
75.78
71.35
71.09
71.56
71.61
71.21
71.29
72.57
73.75
73.58
72.79
72.60
72.43
72.60
72.56
72.79
72.14
72.78
72.73
72.54
72.66
72.83
72.92
72.94
73.14
73.26
73.27
73.28
73.28
72.58
72.71
73.01
73.35
73.48
73.44
73.69
73.77
73.68
73.67
73.67
73.66
73.62
73.62
73.65
73.44
73.40
73.34
73.37
73.41
73.47
73.62
73.67
73.81
73.86
73.88
74.01
74.27
74.42
74.45
74.41
74.40
74.26
74.19
74.28
74.31
74.21
74.29
74.28
74.22
74.23
74.20
74.08
74.11
74.10
74.18
74.17
74.12
74.23
74.28
74.19
74.28
74.30
74.40
74.23
74.22
74.23
74.34
74.32
74.32
74.31
74.22
74.33
74.37
74.42
74.43
74.50
74.51
74.53
74.55
74.54
74.54
74.51
74.40
74.39
74.34
74.36
74.32
74.35
74.35
74.39
74.43
74.39
74.44
74.46
74.46
74.41
74.47
74.49
74.56
74.59
74.62
74.66
74.66
74.66
74.68
74.64
74.58
74.60
74.57
74.62
74.64
74.65
74.62
74.57
74.54
74.48
74.51
74.54
74.56
74.61
74.63
74.64
74.60
74.62
74.55
74.56
74.61
74.61
74.66
74.65
74.62
74.57
74.59
74.56
74.60
74.60
74.61
74.62
74.63
74.60
74.66
74.62
74.66
74.65
74.60
74.63
74.67
74.65
74.69
74.73
74.72
74.75
74.76
74.75
74.78
74.75
74.80
74.81
74.80
74.84
74.82
74.83
74.86
74.86
74.92
74.97
74.96
74.97
74.97
74.98
74.97
75.00
74.97
74.98
74.98
74.98
74.95
74.94
74.91
74.90
74.91
74.92
74.98
74.92
74.90
74.92
74.92
74.84
74.79
74.78
74.78
74.73
74.74
74.76
74.77
74.81
74.78
74.78
74.79
74.78
74.81
74.80
74.77
74.81
74.81
74.81
74.84
74.86
74.87
74.87
74.88
74.85
74.85
74.89
74.89
74.90
74.90
74.92
74.90
74.90
74.86
74.84
74.87
74.86
74.83
74.85
74.84
74.86
74.86
74.84
74.82
74.83
74.85
74.87
74.87
74.88
74.93
74.93
74.93
74.92
74.89
74.88
74.88
74.89
74.91
74.95
74.94
74.93
74.92
74.92
74.91
74.92
74.91
74.91
74.90
74.89
74.90
74.89
74.88
74.91
74.94
74.92
74.92
74.93
74.89
74.90
74.91
74.92
74.89
74.88
74.88
74.91
74.93
74.93
74.94
74.95
74.96
74.96
74.95
74.92
74.92
74.92
74.90
74.93
74.96
74.96
74.97
74.96
74.96
74.93
74.94
74.92
74.93
74.93
74.90
74.90
74.93
74.95
74.93
74.94
74.92
74.90
74.88
74.88
74.90
74.92
74.90
74.91
74.91
74.93
74.93
74.92
74.92
74.92
74.93
74.95
74.96
74.95
74.94
74.95
74.95
74.94
74.95
74.94
74.95
74.95
74.97
74.98
75.02
75.03
75.04
75.06
75.07
75.06
75.07
75.05
75.04
75.04
75.07
75.10
75.11
75.09
75.08
75.06
75.06
75.08
75.08
75.07
75.08
75.13
75.14
75.14
75.15
75.17
75.19
75.20
75.23
75.24
75.25
75.28
75.29
75.30
75.30
75.30
75.32
75.34
75.35
75.33
75.34
75.37
75.37
75.34
75.35
75.36
75.37
75.36
75.37
75.39
75.36
75.37
75.37
75.38
75.37
75.37
75.37
75.35
75.36
75.37
75.37
75.38
75.40
75.41
75.43
75.43
75.43
75.43
75.43
75.43
75.43
75.43
75.43
75.43
75.43
75.43
75.42
75.42
75.43
75.43
75.44
75.43
75.44
75.45
75.42
75.42
75.42
75.44
75.44
75.42
75.43
75.41
75.42
75.44
75.42
75.44
75.42
75.41
75.41
75.41
75.41
75.44
75.43
75.43
75.43
75.44
75.42
75.41
75.44
75.44
75.47
75.49
75.49
75.50
75.51
75.52
75.51
75.52
75.54
75.54
75.55
75.55
75.56
75.54
75.53
75.54
75.54
75.53
75.54
75.55
75.55
75.57
75.57
75.56
75.54
75.53
75.54
75.54
75.54
75.55
75.56
75.56
75.56
75.55
75.55
75.56
75.56
75.56
75.56
75.57
75.57
75.58
75.59
75.61
75.60
75.60
75.60
75.58
75.58
75.58
75.56
75.54
75.55
75.56
75.56
75.56
75.55
75.54
75.55
75.54
75.54
75.53
75.54
75.56
75.56
75.56
75.56
75.55
75.57
75.56
75.57
75.55
75.54
75.52
75.52
75.53
75.54
75.54
75.52
75.53
75.53
75.54
75.55
75.56
75.58
75.57
75.57
75.58
75.59
75.59
75.59
75.62
75.63
75.63
75.64
75.64
75.63
75.63
75.64
75.63
75.64
75.66
75.66
75.65
75.65
75.63
75.62
75.63
75.63
75.63
75.62
75.64
75.64
75.62
75.60
75.62
75.63
75.63
75.63
75.64
75.64
75.65
75.64
75.64
75.63
75.63
75.63
75.63
75.61
75.61
75.60
75.60
75.59
75.58
75.59
75.57
75.57
75.55
75.55
75.56
75.56
75.55
75.55
75.55
75.55
75.56
75.55
75.56
75.56
75.56
75.55
75.55
75.55
75.55
75.55
75.55
75.55
75.55
75.56
75.56
75.56
75.55
75.55
75.55
75.55
75.54
75.57
75.57
75.57
75.57
75.56
75.56
75.56
75.56
75.54
75.53
75.54
75.55
75.54
75.54
75.54
75.55
75.54
75.54
75.55
75.54
75.55
75.54
75.54
75.54
75.53
75.54
75.52
75.51
75.50
75.51
75.50
75.50
75.49
75.49
75.50
75.49
75.48
75.48
75.50
75.49
75.48
75.49
75.49
75.49
75.49
75.50
75.49
75.49
75.49
75.48
75.49
75.49
75.48
75.48
75.47
75.47
75.47
75.46
75.46
75.46
75.45
75.45
75.44
75.43
75.43
75.43
75.42
75.42
75.42
75.41
75.43
75.42
75.42
75.43
75.42
75.43
75.43
75.44
75.44
75.45
75.45
75.43
75.45
75.44
75.44
75.44
75.44
75.45
75.46
75.46
75.45
75.46
75.45
75.46
75.46
75.46
75.46
75.47
75.47
75.45
75.44
75.44
75.45
75.45
75.46
75.46
75.46
75.46
75.47
75.47
75.46
75.46
75.47
75.47
75.49
75.49
75.49
75.47
75.48
75.47
75.48
75.48
75.50
75.50
75.51
75.50
75.51
75.50
75.50
75.50
75.49
75.50
75.50
75.51
75.52
75.51
75.51
75.51
75.51
75.51
75.51
75.51
75.51
75.51
75.51
75.51
75.52
75.52
75.53
75.52
75.52
75.52
75.53
75.52
75.50
75.50
75.42
