65.62
68.75
70.83
73.05
75.62
76.82
76.34
75.59
76.56
76.41
76.28
76.56
75.72
75.89
75.94
75.49
75.55
75.26
74.92
74.69
75.30
75.28
75.54
75.13
75.00
75.36
75.75
75.95
75.92
76.30
76.16
76.17
76.33
76.38
76.34
76.39
76.35
76.40
76.56
76.91
76.87
76.79
76.71
76.49
76.53
76.43
76.46
76.43
76.50
76.62
76.69
76.83
76.89
76.77
76.73
76.81
77.00
76.99
76.96
77.03
77.02
77.07
77.03
77.08
77.24
77.23
77.10
77.11
77.17
77.19
77.13
77.15
77.20
77.05
77.15
77.01
77.03
77.00
76.94
76.84
76.97
77.02
77.09
77.08
77.15
77.18
77.24
77.33
77.30
77.22
77.20
77.14
77.15
77.24
77.25
77.28
77.16
77.14
76.99
76.94
76.93
76.87
76.91
76.88
76.88
76.89
76.93
76.92
76.91
76.85
76.80
76.77
76.76
76.73
76.70
76.72
76.72
76.83
76.80
76.78
76.77
76.84
76.78
76.69
76.70
76.66
76.65
76.67
76.67
76.69
76.75
76.78
76.76
76.76
76.78
76.85
76.82
76.81
76.82
76.80
76.81
76.79
76.82
76.80
76.77
76.77
76.67
76.71
76.74
76.77
76.73
76.76
76.71
76.69
76.75
76.72
76.64
76.66
76.65
76.59
76.65
76.66
76.61
76.61
76.61
76.64
76.64
76.65
76.65
76.67
76.63
76.64
76.61
76.62
76.68
76.69
76.71
76.70
76.72
76.68
76.65
76.64
76.64
76.66
76.72
76.67
76.63
76.62
76.57
76.62
76.58
76.52
76.53
76.55
76.57
76.56
76.55
76.54
76.51
76.51
76.48
76.48
76.45
76.42
76.39
76.37
76.38
76.36
76.38
76.37
76.38
76.34
76.34
76.38
76.40
76.38
76.41
76.43
76.46
76.43
76.44
76.46
76.49
76.52
76.56
76.51
76.49
76.49
76.49
76.47
76.45
76.46
76.48
76.49
76.46
76.46
76.46
76.46
76.45
76.46
76.46
76.43
76.46
76.47
76.44
76.43
76.44
76.40
76.41
76.44
76.42
76.40
76.41
76.44
76.43
76.45
76.45
76.41
76.44
76.42
76.45
76.48
76.49
76.49
76.47
76.46
76.48
76.45
76.44
76.42
76.40
76.39
76.39
76.43
76.43
76.45
76.46
76.46
76.47
76.46
76.46
76.46
76.45
76.49
76.49
76.45
76.46
76.48
76.48
76.48
76.47
76.49
76.50
76.48
76.48
76.44
76.45
76.43
76.42
76.42
76.42
76.45
76.46
76.47
76.44
76.48
76.46
76.49
76.50
76.49
76.50
76.50
76.49
76.49
76.50
76.48
76.46
76.49
76.46
76.43
76.42
76.44
76.48
76.49
76.46
76.47
76.46
76.50
76.48
76.49
76.49
76.48
76.49
76.49
76.49
76.48
76.48
76.48
76.47
76.48
76.47
76.46
76.44
76.46
76.45
76.43
76.44
76.44
76.42
76.43
76.42
76.41
76.40
76.42
76.42
76.41
76.41
76.41
76.39
76.40
76.41
76.38
76.39
76.38
76.39
76.40
76.39
76.38
76.40
76.41
76.42
76.42
76.43
76.44
76.43
76.43
76.43
76.43
76.45
76.43
76.44
76.43
76.44
76.44
76.44
76.44
76.45
76.44
76.47
76.49
76.49
76.48
76.47
76.48
76.44
76.45
76.43
76.42
76.42
76.41
76.43
76.46
76.45
76.42
76.43
76.43
76.42
76.43
76.44
76.47
76.49
76.50
76.49
76.48
76.48
76.46
76.46
76.47
76.45
76.47
76.46
76.46
76.50
76.50
76.50
76.49
76.47
76.49
76.47
76.46
76.45
76.43
76.43
76.44
76.44
76.43
76.43
76.43
76.43
76.43
76.43
76.45
76.46
76.44
76.43
76.43
76.45
76.46
76.45
76.46
76.45
76.44
76.43
76.42
76.40
76.40
76.42
76.41
76.39
76.38
76.37
76.37
76.38
76.38
76.37
76.36
76.36
76.35
76.33
76.34
76.34
76.35
76.37
76.38
76.37
76.33
76.32
76.31
76.30
76.29
76.28
76.29
76.27
76.26
76.24
76.26
76.25
76.26
76.26
76.26
76.24
76.24
76.25
76.27
76.27
76.27
76.27
76.27
76.26
76.24
76.24
76.24
76.24
76.24
76.25
76.26
76.25
76.23
76.25
76.24
76.23
76.23
76.21
76.20
76.21
76.21
76.19
76.19
76.18
76.18
76.19
76.19
76.18
76.18
76.19
76.18
76.19
76.19
76.18
76.18
76.18
76.20
76.21
76.21
76.19
76.19
76.18
76.17
76.17
76.15
76.15
76.13
76.11
76.09
76.11
76.11
76.11
76.11
76.12
76.12
76.12
76.11
76.10
76.10
76.10
76.12
76.11
76.11
76.12
76.13
76.12
76.12
76.10
76.10
76.10
76.12
76.12
76.13
76.12
76.13
76.11
76.11
76.10
76.10
76.10
76.10
76.08
76.08
76.09
76.09
76.09
76.10
76.10
76.12
76.12
76.13
76.14
76.14
76.14
76.14
76.13
76.15
76.15
76.17
76.17
76.17
76.18
76.18
76.16
76.15
76.16
76.15
76.17
76.16
76.16
76.14
76.16
76.16
76.17
76.18
76.19
76.18
76.19
76.20
76.21
76.21
76.22
76.23
76.21
76.21
76.21
76.21
76.20
76.21
76.20
76.20
76.20
76.21
76.21
76.21
76.21
76.19
76.19
76.20
76.20
76.18
76.18
76.18
76.19
76.19
76.20
76.19
76.20
76.19
76.20
76.18
76.19
76.20
76.20
76.20
76.21
76.20
76.20
76.20
76.19
76.18
76.18
76.19
76.19
76.18
76.16
76.17
76.16
76.16
76.16
76.15
76.15
76.15
76.15
76.16
76.15
76.16
76.17
76.16
76.16
76.16
76.16
76.16
76.16
76.17
76.18
76.18
76.18
76.19
76.17
76.16
76.16
76.16
76.16
76.17
76.17
76.17
76.17
76.16
76.16
76.16
76.17
76.16
76.15
76.16
76.17
76.19
76.18
76.18
76.19
76.18
76.18
76.19
76.19
76.19
76.18
76.17
76.17
76.17
76.18
76.19
76.19
76.18
76.18
76.18
76.18
76.18
76.17
76.16
76.15
76.15
76.15
76.15
76.15
76.16
76.16
76.15
76.16
76.16
76.16
76.15
76.14
76.14
76.15
76.14
76.14
76.14
76.14
76.14
76.14
76.15
76.14
76.14
76.13
76.14
76.14
76.14
76.15
76.15
76.15
76.15
76.15
76.16
76.16
76.16
76.16
76.15
76.15
76.15
76.14
76.13
76.14
76.14
76.13
76.13
76.15
76.14
76.14
76.14
76.14
76.13
76.15
76.15
76.15
76.16
76.15
76.07
