70.31
69.53
68.75
72.66
73.75
73.96
73.66
73.44
72.74
73.59
74.57
74.35
73.92
74.11
74.06
74.12
74.45
73.87
73.93
73.67
73.81
74.15
74.46
74.80
74.88
74.94
75.23
74.89
74.84
74.90
74.70
74.71
74.53
74.36
74.24
74.35
74.66
74.84
75.20
74.96
75.00
74.81
75.04
75.07
74.97
74.97
74.73
74.71
74.87
75.00
75.12
75.12
75.09
74.91
74.86
74.83
74.92
74.95
75.05
75.21
75.23
75.15
75.32
75.42
75.53
75.54
75.58
75.57
75.48
75.56
75.62
75.61
75.62
75.63
75.65
75.76
75.75
75.74
75.69
75.82
75.89
75.74
75.77
75.78
75.83
75.85
75.86
75.83
75.93
75.92
75.86
75.76
75.71
75.81
75.76
75.80
75.84
75.80
75.79
75.75
75.67
75.58
75.55
75.51
75.43
75.43
75.44
75.48
75.52
75.50
75.48
75.47
75.46
75.49
75.50
75.55
75.57
75.52
75.54
75.55
75.58
75.60
75.55
75.52
75.51
75.45
75.54
75.54
75.53
75.54
75.57
75.58
75.62
75.63
75.61
75.65
75.63
75.65
75.60
75.70
75.70
75.74
75.72
75.74
75.60
75.68
75.73
75.76
75.76
75.73
75.76
75.75
75.76
75.80
75.85
75.87
75.83
75.80
75.83
75.87
75.93
75.98
75.95
75.92
75.87
75.85
75.88
75.86
75.88
75.86
75.85
75.89
75.89
75.85
75.84
75.83
75.87
75.86
75.83
75.86
75.88
75.93
75.94
75.95
75.95
76.01
76.02
75.99
76.02
76.06
76.02
76.00
75.97
75.96
75.96
76.00
75.99
75.98
76.00
75.98
75.98
76.03
76.05
76.05
76.03
76.03
76.00
75.93
75.94
75.94
75.93
75.90
75.84
75.87
75.85
75.86
75.88
75.91
75.93
75.92
75.91
75.94
75.95
75.94
75.96
75.97
75.96
75.93
75.93
75.92
75.91
75.92
75.93
75.89
75.90
75.89
75.89
75.89
75.90
75.91
75.96
75.96
75.96
75.94
75.94
75.91
75.90
75.88
75.88
75.87
75.85
75.87
75.87
75.82
75.81
75.85
75.83
75.86
75.87
75.88
75.86
75.89
75.88
75.88
75.85
75.85
75.84
75.86
75.87
75.88
75.91
75.91
75.89
75.91
75.94
75.94
75.94
75.92
75.90
75.91
75.88
75.89
75.88
75.87
75.87
75.91
75.89
75.91
75.89
75.87
75.85
75.87
75.87
75.86
75.85
75.85
75.85
75.89
75.88
75.88
75.88
75.90
75.92
75.95
75.95
75.94
75.95
75.95
75.96
75.98
75.98
75.94
75.92
75.94
75.91
75.88
75.89
75.89
75.89
75.86
75.88
75.86
75.87
75.85
75.86
75.84
75.87
75.88
75.87
75.89
75.89
75.89
75.87
75.86
75.88
75.89
75.90
75.93
75.93
75.94
75.94
75.93
75.90
75.93
75.92
75.91
75.90
75.88
75.90
75.88
75.84
75.86
75.85
75.85
75.86
75.87
75.86
75.87
75.85
75.88
75.87
75.83
75.83
75.82
75.84
75.86
75.86
75.85
75.85
75.85
75.86
75.87
75.87
75.87
75.87
75.90
75.92
75.89
75.89
75.89
75.90
75.91
75.91
75.91
75.90
75.93
75.95
75.96
75.96
75.97
75.97
75.98
75.97
76.00
76.00
75.97
75.99
75.98
75.99
75.98
75.97
75.99
76.00
76.00
75.99
75.99
75.98
76.00
76.00
76.00
76.01
76.02
76.04
76.05
76.06
76.06
76.08
76.07
76.07
76.08
76.08
76.08
76.09
76.09
76.08
76.08
76.08
76.08
76.07
76.09
76.09
76.09
76.09
76.09
76.10
76.12
76.13
76.14
76.13
76.13
76.13
76.13
76.12
76.12
76.12
76.12
76.12
76.12
76.12
76.12
76.14
76.14
76.16
76.15
76.16
76.18
76.18
76.19
76.18
76.19
76.18
76.17
76.17
76.15
76.15
76.15
76.15
76.13
76.13
76.10
76.10
76.10
76.10
76.10
76.10
76.11
76.12
76.11
76.12
76.11
76.12
76.12
76.12
76.12
76.13
76.14
76.13
76.14
76.14
76.13
76.14
76.12
76.14
76.15
76.15
76.14
76.14
76.14
76.13
76.12
76.12
76.11
76.09
76.09
76.10
76.10
76.09
76.09
76.08
76.08
76.09
76.07
76.06
76.06
76.06
76.05
76.03
76.03
76.05
76.05
76.06
76.05
76.04
76.04
76.03
76.02
76.01
76.01
76.00
76.01
76.00
76.02
76.03
76.04
76.04
76.02
76.01
76.01
76.01
76.02
76.01
76.01
76.01
76.01
76.02
76.02
76.02
76.02
76.03
76.03
76.02
76.03
76.04
76.03
76.02
76.02
76.01
76.02
76.03
76.03
76.02
76.01
76.03
76.03
76.05
76.04
76.04
76.04
76.04
76.04
76.04
76.02
76.01
76.02
76.03
76.03
76.03
76.02
76.01
75.99
75.98
75.97
75.98
75.99
76.00
75.99
76.00
76.00
75.99
76.00
76.00
76.00
75.98
75.98
75.98
75.98
75.98
75.99
75.98
75.98
75.97
75.98
75.97
75.96
75.98
75.98
75.99
76.00
76.00
75.99
76.00
76.01
76.03
76.03
76.03
76.05
76.04
76.04
76.02
76.01
76.00
76.01
76.01
76.01
76.02
76.02
76.03
76.04
76.02
76.01
76.00
76.00
76.01
76.03
76.03
76.02
76.04
76.04
76.04
76.05
76.06
76.04
76.04
76.06
76.06
76.07
76.07
76.06
76.07
76.06
76.06
76.06
76.06
76.05
76.06
76.07
76.07
76.08
76.09
76.08
76.06
76.06
76.07
76.07
76.07
76.07
76.08
76.08
76.08
76.07
76.08
76.08
76.08
76.08
76.09
76.07
76.07
76.06
76.05
76.05
76.05
76.03
76.04
76.03
76.04
76.04
76.04
76.04
76.04
76.04
76.04
76.05
76.04
76.03
76.03
76.03
76.03
76.03
76.02
76.03
76.04
76.04
76.04
76.04
76.04
76.04
76.05
76.05
76.06
76.08
76.07
76.08
76.09
76.09
76.09
76.08
76.09
76.08
76.09
76.09
76.10
76.11
76.12
76.12
76.12
76.11
76.11
76.12
76.11
76.12
76.12
76.12
76.13
76.13
76.11
76.11
76.09
76.07
76.07
76.06
76.05
76.06
76.06
76.08
76.07
76.08
76.08
76.07
76.06
76.08
76.08
76.09
76.10
76.10
76.11
76.10
76.11
76.11
76.12
76.12
76.11
76.09
76.10
76.11
76.11
76.11
76.12
76.12
76.13
76.13
76.15
76.14
76.14
76.13
76.14
76.14
76.14
76.15
76.16
76.16
76.15
76.07
