67.19
71.88
69.27
73.44
73.75
73.70
74.33
74.41
74.13
74.38
74.43
74.74
75.00
75.22
75.62
75.78
76.29
76.13
76.48
76.64
76.71
77.13
77.58
77.67
77.44
77.28
77.37
77.40
77.53
76.98
76.81
76.76
76.66
77.02
77.01
77.13
77.28
77.10
76.64
76.80
76.79
76.79
76.85
76.78
76.81
76.83
76.66
76.89
76.91
76.97
77.05
76.98
76.86
76.71
76.82
76.87
76.73
76.67
76.54
76.59
76.51
76.56
76.66
76.68
76.73
76.59
76.66
76.65
76.74
76.72
76.72
76.76
76.82
76.77
76.83
76.62
76.58
76.46
76.54
76.64
76.70
76.77
76.83
76.82
76.78
76.85
76.94
76.92
76.93
77.00
76.92
76.92
76.92
76.96
76.96
77.00
77.00
77.01
76.94
76.91
76.84
76.85
76.88
76.82
76.77
76.72
76.77
76.65
76.66
76.72
76.73
76.70
76.63
76.54
76.54
76.56
76.51
76.60
76.60
76.60
76.58
76.52
76.55
76.50
76.48
76.49
76.45
76.48
76.49
76.49
76.53
76.52
76.55
76.55
76.57
76.52
76.55
76.53
76.54
76.57
76.60
76.60
76.61
76.56
76.50
76.52
76.53
76.47
76.47
76.42
76.42
76.42
76.43
76.34
76.32
76.27
76.27
76.30
76.31
76.35
76.33
76.36
76.38
76.38
76.42
76.36
76.36
76.39
76.38
76.37
76.32
76.29
76.28
76.27
76.30
76.27
76.28
76.29
76.35
76.35
76.37
76.41
76.42
76.43
76.45
76.42
76.38
76.37
76.35
76.33
76.31
76.31
76.33
76.32
76.33
76.30
76.32
76.33
76.33
76.38
76.43
76.44
76.40
76.39
76.38
76.39
76.37
76.37
76.35
76.35
76.33
76.36
76.34
76.36
76.34
76.40
76.36
76.37
76.36
76.38
76.36
76.34
76.37
76.42
76.40
76.40
76.36
76.30
76.30
76.30
76.29
76.33
76.33
76.38
76.38
76.38
76.34
76.33
76.30
76.29
76.26
76.27
76.27
76.27
76.31
76.32
76.35
76.34
76.34
76.36
76.36
76.36
76.38
76.35
76.39
76.37
76.41
76.39
76.39
76.41
76.40
76.40
76.40
76.40
76.37
76.35
76.35
76.37
76.33
76.34
76.33
76.33
76.35
76.34
76.33
76.34
76.33
76.29
76.27
76.24
76.22
76.24
76.25
76.22
76.22
76.22
76.20
76.17
76.17
76.17
76.16
76.19
76.19
76.18
76.17
76.14
76.14
76.13
76.13
76.13
76.12
76.13
76.14
76.16
76.20
76.22
76.22
76.24
76.23
76.24
76.25
76.25
76.21
76.23
76.22
76.23
76.23
76.23
76.23
76.24
76.23
76.23
76.22
76.21
76.19
76.19
76.19
76.14
76.14
76.13
76.13
76.12
76.12
76.13
76.16
76.16
76.15
76.16
76.19
76.19
76.21
76.22
76.22
76.24
76.23
76.21
76.19
76.19
76.18
76.16
76.16
76.16
76.16
76.16
76.17
76.18
76.21
76.23
76.21
76.22
76.23
76.23
76.22
76.20
76.21
76.20
76.18
76.18
76.21
76.20
76.19
76.18
76.19
76.18
76.18
76.17
76.18
76.17
76.16
76.15
76.14
76.16
76.15
76.18
76.18
76.19
76.20
76.20
76.20
76.19
76.19
76.20
76.19
76.20
76.19
76.19
76.18
76.19
76.18
76.17
76.15
76.14
76.14
76.14
76.16
76.17
76.15
76.15
76.17
76.16
76.16
76.17
76.16
76.14
76.15
76.14
76.15
76.15
76.17
76.18
76.21
76.19
76.21
76.22
76.19
76.19
76.19
76.16
76.15
76.18
76.17
76.19
76.18
76.21
76.21
76.24
76.21
76.22
76.23
76.23
76.24
76.24
76.24
76.25
76.25
76.24
76.23
76.22
76.22
76.22
76.23
76.23
76.22
76.21
76.23
76.22
76.20
76.21
76.22
76.22
76.23
76.23
76.22
76.21
76.22
76.21
76.20
76.23
76.22
76.24
76.25
76.25
76.24
76.22
76.22
76.21
76.22
76.21
76.20
76.20
76.19
76.18
76.17
76.18
76.17
76.17
76.17
76.18
76.18
76.17
76.17
76.18
76.16
76.14
76.12
76.12
76.14
76.14
76.13
76.14
76.15
76.13
76.12
76.12
76.11
76.11
76.09
76.09
76.09
76.07
76.09
76.07
76.06
76.05
76.06
76.05
76.05
76.06
76.05
76.05
76.06
76.07
76.08
76.08
76.07
76.08
76.08
76.06
76.08
76.09
76.10
76.10
76.10
76.11
76.10
76.10
76.10
76.10
76.09
76.09
76.07
76.06
76.05
76.06
76.05
76.05
76.05
76.04
76.06
76.05
76.05
76.05
76.03
76.03
76.02
76.03
76.03
76.04
76.05
76.05
76.04
76.04
76.04
76.04
76.04
76.04
76.05
76.05
76.07
76.08
76.09
76.10
76.09
76.10
76.10
76.11
76.10
76.11
76.11
76.10
76.09
76.09
76.08
76.08
76.11
76.11
76.10
76.11
76.11
76.12
76.11
76.12
76.12
76.12
76.13
76.13
76.11
76.11
76.11
76.10
76.11
76.10
76.10
76.12
76.13
76.12
76.12
76.11
76.11
76.12
76.11
76.10
76.11
76.11
76.10
76.10
76.10
76.10
76.10
76.10
76.10
76.10
76.09
76.10
76.10
76.10
76.10
76.11
76.10
76.09
76.08
76.08
76.08
76.09
76.10
76.10
76.10
76.11
76.11
76.11
76.13
76.13
76.13
76.13
76.12
76.12
76.12
76.13
76.13
76.12
76.11
76.12
76.12
76.12
76.10
76.10
76.12
76.11
76.11
76.10
76.10
76.09
76.07
76.07
76.08
76.09
76.08
76.10
76.10
76.11
76.11
76.10
76.10
76.08
76.10
76.10
76.11
76.12
76.11
76.13
76.14
76.13
76.13
76.13
76.13
76.13
76.13
76.13
76.14
76.14
76.14
76.15
76.15
76.16
76.16
76.14
76.14
76.14
76.16
76.16
76.16
76.16
76.15
76.15
76.15
76.16
76.16
76.15
76.15
76.14
76.13
76.11
76.12
76.11
76.11
76.12
76.12
76.12
76.11
76.10
76.10
76.10
76.10
76.10
76.11
76.11
76.12
76.11
76.12
76.13
76.12
76.11
76.11
76.11
76.10
76.11
76.11
76.12
76.13
76.14
76.14
76.14
76.13
76.13
76.14
76.13
76.13
76.14
76.14
76.15
76.15
76.15
76.15
76.15
76.16
76.16
76.16
76.16
76.16
76.16
76.15
76.16
76.15
76.16
76.16
76.15
76.15
76.15
76.14
76.14
76.15
76.16
76.16
76.15
76.16
76.16
76.16
76.15
76.14
76.14
76.15
76.08
