79.69
75.00
77.60
76.95
75.94
76.82
75.00
75.00
75.69
76.56
76.70
76.04
75.72
75.11
74.38
74.12
74.17
74.22
74.59
74.92
75.07
75.00
75.48
75.26
75.56
75.30
75.46
75.33
75.11
75.10
75.10
75.20
75.09
75.37
75.09
75.09
74.87
75.04
75.24
75.31
75.19
75.56
75.51
75.39
75.42
75.20
75.27
75.46
75.38
75.50
75.64
75.54
75.62
75.81
76.11
76.14
76.15
76.13
76.22
76.20
76.20
76.29
76.22
76.32
76.27
76.21
76.14
76.08
76.09
76.09
76.01
76.00
76.03
76.06
76.10
76.01
75.99
76.12
76.11
76.21
76.12
76.24
76.26
76.36
76.36
76.36
76.29
76.28
76.32
76.44
76.55
76.63
76.53
76.45
76.50
76.55
76.47
76.51
76.48
76.52
76.55
76.46
76.38
76.40
76.37
76.37
76.37
76.35
76.29
76.32
76.31
76.40
76.36
76.40
76.45
76.47
76.52
76.52
76.44
76.46
76.45
76.41
76.37
76.39
76.36
76.31
76.40
76.43
76.38
76.37
76.37
76.33
76.36
76.36
76.41
76.42
76.44
76.43
76.44
76.44
76.37
76.30
76.28
76.28
76.33
76.24
76.20
76.24
76.24
76.21
76.22
76.22
76.17
76.25
76.20
76.17
76.22
76.23
76.18
76.18
76.16
76.20
76.22
76.19
76.21
76.19
76.20
76.13
76.12
76.12
76.08
76.09
76.13
76.10
76.09
76.11
76.04
76.07
76.06
76.08
76.06
76.08
76.09
76.12
76.13
76.12
76.09
76.08
76.15
76.14
76.15
76.18
76.20
76.18
76.17
76.17
76.15
76.11
76.11
76.08
76.08
76.07
76.07
76.04
76.04
76.05
76.06
76.04
76.01
76.00
75.98
75.99
75.98
75.99
76.00
75.95
75.92
75.96
75.98
75.99
76.01
76.02
76.01
76.01
76.03
76.01
76.02
76.03
76.06
76.05
76.07
76.08
76.08
76.10
76.08
76.07
76.07
76.08
76.07
76.08
76.09
76.07
76.06
76.05
76.04
76.05
76.06
76.05
76.06
76.01
76.04
76.04
76.06
76.04
76.05
76.03
76.02
76.01
76.02
76.02
75.99
75.98
75.99
75.98
75.98
75.98
75.98
75.96
75.93
75.92
75.92
75.94
75.95
75.92
75.93
75.88
75.90
75.92
75.92
75.92
75.95
75.96
75.97
75.98
76.00
75.98
76.01
76.03
76.06
76.07
76.09
76.08
76.06
76.05
76.04
76.05
76.03
76.02
76.05
76.06
76.06
76.08
76.10
76.12
76.14
76.14
76.15
76.14
76.14
76.17
76.16
76.19
76.17
76.18
76.20
76.17
76.17
76.15
76.14
76.13
76.12
76.14
76.15
76.14
76.14
76.16
76.17
76.16
76.17
76.19
76.20
76.18
76.20
76.19
76.16
76.14
76.14
76.14
76.17
76.16
76.16
76.17
76.15
76.15
76.13
76.13
76.13
76.13
76.15
76.17
76.13
76.16
76.18
76.17
76.17
76.15
76.15
76.17
76.18
76.18
76.18
76.20
76.17
76.18
76.20
76.17
76.18
76.19
76.19
76.20
76.20
76.19
76.19
76.19
76.17
76.17
76.18
76.16
76.15
76.18
76.19
76.20
76.22
76.22
76.24
76.25
76.28
76.28
76.27
76.27
76.27
76.26
76.25
76.25
76.27
76.29
76.29
76.30
76.30
76.29
76.28
76.27
76.29
76.28
76.28
76.30
76.32
76.32
76.31
76.32
76.31
76.28
76.28
76.32
76.32
76.30
76.30
76.30
76.29
76.27
76.27
76.27
76.26
76.24
76.26
76.27
76.28
76.27
76.26
76.28
76.30
76.29
76.29
76.28
76.27
76.26
76.26
76.25
76.25
76.28
76.26
76.26
76.28
76.27
76.29
76.30
76.31
76.30
76.29
76.29
76.29
76.29
76.30
76.30
76.29
76.30
76.31
76.30
76.32
76.31
76.32
76.31
76.32
76.31
76.29
76.28
76.28
76.29
76.31
76.32
76.34
76.34
76.32
76.32
76.31
76.32
76.34
76.33
76.33
76.30
76.28
76.26
76.25
76.26
76.27
76.28
76.26
76.27
76.28
76.28
76.28
76.26
76.25
76.24
76.26
76.27
76.27
76.26
76.27
76.28
76.27
76.28
76.29
76.28
76.27
76.28
76.30
76.27
76.27
76.26
76.27
76.27
76.28
76.27
76.27
76.27
76.28
76.28
76.30
76.31
76.33
76.32
76.31
76.32
76.32
76.31
76.30
76.32
76.34
76.35
76.35
76.35
76.36
76.35
76.35
76.36
76.36
76.36
76.35
76.37
76.37
76.38
76.38
76.37
76.36
76.37
76.37
76.37
76.38
76.39
76.39
76.38
76.38
76.38
76.37
76.37
76.38
76.39
76.37
76.38
76.38
76.38
76.37
76.37
76.37
76.40
76.41
76.42
76.42
76.42
76.41
76.41
76.40
76.39
76.39
76.39
76.38
76.37
76.38
76.37
76.37
76.38
76.38
76.37
76.37
76.37
76.37
76.35
76.35
76.35
76.33
76.33
76.34
76.35
76.34
76.36
76.37
76.38
76.40
76.42
76.42
76.43
76.43
76.43
76.43
76.42
76.44
76.44
76.42
76.42
76.39
76.39
76.38
76.37
76.38
76.37
76.37
76.37
76.36
76.35
76.34
76.35
76.34
76.33
76.33
76.33
76.33
76.33
76.32
76.32
76.32
76.33
76.34
76.34
76.33
76.33
76.33
76.33
76.32
76.31
76.31
76.31
76.31
76.30
76.29
76.29
76.28
76.27
76.28
76.27
76.29
76.29
76.28
76.28
76.27
76.28
76.27
76.26
76.26
76.26
76.27
76.27
76.27
76.25
76.25
76.26
76.26
76.27
76.28
76.26
76.27
76.26
76.26
76.25
76.25
76.24
76.24
76.25
76.26
76.27
76.26
76.25
76.25
76.24
76.24
76.25
76.25
76.24
76.24
76.24
76.22
76.23
76.22
76.24
76.24
76.24
76.25
76.24
76.24
76.24
76.24
76.24
76.24
76.24
76.24
76.23
76.24
76.23
76.23
76.25
76.25
76.24
76.23
76.22
76.23
76.23
76.22
76.22
76.22
76.22
76.23
76.23
76.22
76.22
76.22
76.23
76.22
76.23
76.23
76.24
76.24
76.24
76.23
76.24
76.25
76.25
76.23
76.22
76.22
76.22
76.22
76.22
76.22
76.22
76.22
76.24
76.22
76.22
76.21
76.22
76.23
76.22
76.21
76.20
76.20
76.21
76.21
76.20
76.19
76.20
76.20
76.20
76.19
76.19
76.19
76.18
76.18
76.17
76.18
76.17
76.16
76.17
76.18
76.17
76.16
76.15
76.15
76.15
76.14
76.13
76.14
76.07
