85.94
78.91
80.21
78.91
79.38
79.69
79.02
78.52
78.82
78.28
78.98
78.39
77.88
77.23
77.19
77.44
77.21
77.26
76.73
77.03
77.16
77.06
76.90
76.89
76.88
76.50
76.85
76.67
76.78
76.82
76.56
76.66
76.75
76.61
76.56
76.26
76.52
76.52
76.44
76.41
76.52
76.53
76.34
76.46
76.42
76.39
76.30
76.17
76.34
76.34
76.41
76.35
76.18
76.24
76.25
76.23
76.21
76.08
76.09
76.07
76.13
76.08
76.19
76.20
76.27
76.30
76.33
76.36
76.45
76.47
76.61
76.58
76.54
76.44
76.58
76.56
76.66
76.60
76.54
76.52
76.50
76.49
76.41
76.41
76.45
76.45
76.40
76.49
76.46
76.46
76.48
76.48
76.48
76.55
76.48
76.56
76.40
76.31
76.39
76.28
76.27
76.19
76.32
76.29
76.24
76.22
76.14
76.17
76.19
76.16
76.15
76.19
76.19
76.18
76.21
76.13
76.15
76.19
76.19
76.17
76.20
76.28
76.23
76.30
76.32
76.19
76.24
76.26
76.27
76.29
76.31
76.29
76.35
76.38
76.38
76.37
76.37
76.31
76.30
76.27
76.26
76.31
76.37
76.39
76.41
76.38
76.39
76.39
76.42
76.45
76.46
76.46
76.45
76.50
76.46
76.49
76.49
76.49
76.51
76.52
76.48
76.47
76.42
76.39
76.41
76.42
76.43
76.42
76.41
76.43
76.39
76.34
76.35
76.34
76.37
76.33
76.32
76.28
76.27
76.28
76.24
76.23
76.20
76.24
76.25
76.26
76.25
76.30
76.31
76.33
76.36
76.33
76.31
76.32
76.35
76.39
76.38
76.40
76.41
76.39
76.38
76.39
76.43
76.39
76.40
76.43
76.46
76.48
76.43
76.44
76.41
76.38
76.36
76.38
76.36
76.37
76.38
76.40
76.36
76.36
76.34
76.34
76.36
76.37
76.35
76.38
76.31
76.28
76.31
76.32
76.29
76.31
76.31
76.28
76.20
76.20
76.19
76.20
76.24
76.25
76.24
76.25
76.27
76.24
76.22
76.24
76.25
76.27
76.24
76.24
76.25
76.26
76.24
76.24
76.27
76.28
76.28
76.29
76.29
76.35
76.36
76.37
76.37
76.39
76.41
76.43
76.40
76.38
76.37
76.34
76.36
76.36
76.36
76.37
76.38
76.39
76.41
76.42
76.39
76.39
76.37
76.39
76.39
76.38
76.39
76.40
76.37
76.33
76.32
76.34
76.35
76.37
76.37
76.36
76.38
76.39
76.36
76.38
76.37
76.40
76.41
76.45
76.47
76.46
76.47
76.47
76.46
76.46
76.47
76.46
76.47
76.46
76.43
76.45
76.44
76.45
76.45
76.45
76.45
76.45
76.45
76.48
76.48
76.47
76.47
76.49
76.50
76.51
76.51
76.48
76.46
76.46
76.47
76.48
76.49
76.49
76.50
76.48
76.49
76.48
76.47
76.50
76.46
76.45
76.43
76.46
76.45
76.42
76.41
76.42
76.45
76.45
76.43
76.42
76.43
76.43
76.44
76.44
76.41
76.41
76.42
76.39
76.40
76.37
76.37
76.38
76.38
76.38
76.38
76.39
76.39
76.39
76.38
76.37
76.39
76.39
76.41
76.38
76.38
76.38
76.35
76.34
76.32
76.31
76.30
76.30
76.32
76.32
76.33
76.32
76.30
76.30
76.29
76.28
76.28
76.26
76.26
76.29
76.30
76.29
76.29
76.29
76.30
76.28
76.31
76.31
76.34
76.35
76.36
76.36
76.37
76.37
76.38
76.37
76.38
76.38
76.36
76.38
76.39
76.40
76.40
76.42
76.42
76.42
76.43
76.45
76.44
76.43
76.44
76.46
76.46
76.46
76.46
76.45
76.48
76.48
76.46
76.46
76.45
76.46
76.46
76.45
76.45
76.46
76.44
76.45
76.42
76.43
76.43
76.42
76.41
76.40
76.39
76.38
76.38
76.37
76.36
76.36
76.37
76.37
76.37
76.37
76.39
76.39
76.39
76.40
76.39
76.39
76.37
76.37
76.37
76.37
76.38
76.39
76.39
76.38
76.40
76.40
76.40
76.40
76.40
76.41
76.42
76.42
76.44
76.46
76.47
76.49
76.49
76.48
76.48
76.49
76.48
76.47
76.49
76.50
76.50
76.49
76.49
76.49
76.49
76.48
76.50
76.50
76.49
76.51
76.51
76.52
76.53
76.53
76.53
76.54
76.53
76.52
76.51
76.52
76.53
76.53
76.53
76.53
76.54
76.51
76.49
76.49
76.50
76.50
76.52
76.53
76.52
76.52
76.51
76.50
76.49
76.48
76.49
76.48
76.49
76.49
76.50
76.51
76.49
76.50
76.51
76.50
76.48
76.49
76.48
76.48
76.49
76.47
76.45
76.44
76.43
76.41
76.41
76.40
76.41
76.41
76.40
76.41
76.39
76.39
76.38
76.40
76.40
76.41
76.41
76.41
76.40
76.39
76.38
76.38
76.37
76.36
76.36
76.36
76.37
76.38
76.38
76.38
76.38
76.36
76.36
76.37
76.38
76.37
76.38
76.37
76.37
76.37
76.38
76.38
76.38
76.38
76.38
76.35
76.34
76.34
76.34
76.33
76.33
76.34
76.34
76.35
76.35
76.34
76.33
76.33
76.32
76.32
76.32
76.31
76.29
76.30
76.29
76.30
76.31
76.28
76.29
76.29
76.29
76.29
76.30
76.30
76.31
76.31
76.29
76.29
76.28
76.29
76.29
76.30
76.30
76.32
76.31
76.30
76.31
76.32
76.32
76.31
76.31
76.31
76.31
76.32
76.31
76.31
76.30
76.32
76.31
76.31
76.32
76.31
76.31
76.32
76.31
76.30
76.29
76.30
76.29
76.28
76.27
76.24
76.24
76.24
76.23
76.24
76.23
76.22
76.23
76.24
76.24
76.23
76.24
76.24
76.23
76.23
76.25
76.24
76.23
76.23
76.22
76.23
76.23
76.24
76.24
76.22
76.21
76.21
76.21
76.21
76.21
76.21
76.22
76.22
76.21
76.19
76.18
76.17
76.16
76.16
76.16
76.15
76.15
76.16
76.16
76.16
76.16
76.17
76.16
76.16
76.15
76.15
76.14
76.14
76.13
76.14
76.13
76.13
76.13
76.12
76.13
76.15
76.14
76.13
76.13
76.13
76.13
76.13
76.12
76.12
76.12
76.12
76.11
76.12
76.11
76.10
76.10
76.11
76.11
76.13
76.13
76.11
76.10
76.11
76.11
76.11
76.13
76.13
76.13
76.14
76.14
76.15
76.15
76.14
76.14
76.15
76.15
76.15
76.15
76.14
76.12
76.13
76.13
76.12
76.11
76.11
76.10
76.10
76.11
76.12
76.12
76.12
76.13
76.14
76.14
76.15
76.15
76.16
76.16
76.16
76.16
76.09
