75.00
75.78
77.60
75.78
75.94
76.30
76.56
75.98
76.74
77.03
76.70
76.82
76.56
76.45
76.46
76.46
76.47
76.74
76.89
77.03
76.79
76.63
76.77
76.30
76.44
76.32
76.16
76.06
76.13
75.89
75.96
76.12
76.14
75.87
75.71
75.65
75.76
75.86
75.92
75.94
75.99
76.04
76.13
76.14
76.11
76.02
75.86
75.81
75.89
75.97
76.16
76.20
76.27
76.10
76.02
76.09
75.99
76.02
76.09
76.09
76.02
75.86
75.87
75.71
75.63
75.71
75.70
75.74
75.75
75.78
75.73
75.61
75.62
75.68
75.81
75.78
75.77
75.76
75.75
75.76
75.77
75.82
75.85
75.82
75.85
75.82
75.83
75.82
75.84
75.80
75.86
75.87
75.94
75.98
75.89
75.88
75.90
75.86
75.92
75.92
75.85
75.87
75.82
75.80
75.88
75.80
75.86
75.90
75.92
75.98
75.96
75.91
76.01
75.95
75.92
75.92
75.80
75.83
75.85
75.79
75.79
75.83
75.88
75.93
75.89
75.91
75.81
75.82
75.86
75.90
75.92
75.85
75.80
75.75
75.74
75.70
75.68
75.63
75.67
75.66
75.69
75.68
75.68
75.69
75.68
75.65
75.65
75.68
75.76
75.75
75.78
75.79
75.83
75.81
75.78
75.82
75.81
75.74
75.82
75.87
75.84
75.86
75.86
75.86
75.89
75.92
75.90
75.91
75.96
75.96
76.00
75.95
75.97
75.95
75.94
75.96
75.96
75.98
75.95
75.95
75.95
75.93
75.87
75.92
75.91
75.93
75.94
75.91
75.93
75.94
75.96
75.96
75.97
76.00
76.01
75.98
76.01
76.03
76.07
76.09
76.07
76.04
76.05
76.07
76.04
76.08
76.08
76.17
76.18
76.18
76.18
76.22
76.19
76.20
76.23
76.23
76.24
76.23
76.21
76.23
76.24
76.26
76.25
76.31
76.34
76.37
76.38
76.36
76.39
76.43
76.43
76.42
76.41
76.40
76.41
76.41
76.41
76.42
76.44
76.48
76.49
76.49
76.50
76.51
76.45
76.44
76.45
76.43
76.41
76.36
76.37
76.39
76.38
76.38
76.37
76.36
76.34
76.32
76.29
76.27
76.28
76.26
76.25
76.22
76.23
76.23
76.21
76.18
76.21
76.20
76.19
76.19
76.23
76.21
76.21
76.19
76.18
76.19
76.16
76.19
76.20
76.18
76.17
76.18
76.17
76.19
76.19
76.21
76.24
76.24
76.25
76.27
76.25
76.25
76.25
76.22
76.24
76.25
76.28
76.28
76.25
76.28
76.25
76.28
76.28
76.27
76.27
76.27
76.27
76.28
76.28
76.28
76.24
76.18
76.20
76.21
76.21
76.19
76.20
76.21
76.21
76.22
76.25
76.25
76.25
76.25
76.28
76.29
76.30
76.31
76.29
76.28
76.28
76.26
76.24
76.25
76.21
76.22
76.23
76.20
76.22
76.23
76.25
76.24
76.23
76.25
76.27
76.28
76.26
76.25
76.25
76.25
76.24
76.23
76.24
76.26
76.26
76.25
76.24
76.24
76.23
76.23
76.25
76.22
76.19
76.19
76.18
76.19
76.22
76.21
76.20
76.18
76.18
76.22
76.22
76.23
76.25
76.24
76.22
76.23
76.23
76.25
76.25
76.25
76.25
76.26
76.27
76.28
76.28
76.29
76.27
76.28
76.28
76.28
76.29
76.26
76.24
76.25
76.23
76.24
76.23
76.24
76.25
76.25
76.27
76.28
76.29
76.31
76.31
76.31
76.30
76.32
76.32
76.33
76.32
76.34
76.33
76.35
76.34
76.34
76.34
76.33
76.33
76.33
76.33
76.32
76.30
76.30
76.30
76.29
76.28
76.27
76.26
76.27
76.27
76.27
76.27
76.27
76.27
76.27
76.26
76.26
76.27
76.27
76.25
76.24
76.25
76.25
76.25
76.24
76.24
76.23
76.24
76.25
76.26
76.27
76.27
76.26
76.27
76.28
76.30
76.30
76.29
76.29
76.29
76.28
76.29
76.27
76.26
76.29
76.30
76.30
76.30
76.32
76.31
76.32
76.32
76.34
76.34
76.34
76.35
76.37
76.38
76.38
76.38
76.36
76.36
76.38
76.39
76.40
76.39
76.38
76.37
76.35
76.36
76.36
76.36
76.34
76.34
76.35
76.34
76.36
76.36
76.35
76.34
76.32
76.32
76.32
76.33
76.33
76.33
76.34
76.33
76.33
76.33
76.31
76.32
76.31
76.31
76.30
76.29
76.29
76.30
76.29
76.29
76.30
76.29
76.28
76.29
76.29
76.29
76.29
76.29
76.30
76.29
76.28
76.28
76.28
76.29
76.28
76.28
76.28
76.29
76.29
76.28
76.27
76.28
76.27
76.26
76.25
76.24
76.23
76.24
76.25
76.25
76.25
76.24
76.23
76.24
76.23
76.23
76.25
76.27
76.27
76.28
76.28
76.29
76.28
76.29
76.29
76.30
76.29
76.29
76.28
76.28
76.27
76.28
76.27
76.26
76.27
76.28
76.27
76.28
76.28
76.27
76.27
76.25
76.26
76.26
76.26
76.25
76.23
76.22
76.21
76.20
76.20
76.20
76.21
76.21
76.21
76.20
76.21
76.19
76.20
76.18
76.18
76.18
76.17
76.18
76.15
76.16
76.15
76.15
76.17
76.17
76.16
76.16
76.17
76.17
76.15
76.16
76.17
76.16
76.16
76.16
76.16
76.13
76.15
76.15
76.16
76.16
76.17
76.17
76.15
76.16
76.14
76.14
76.14
76.15
76.15
76.15
76.13
76.13
76.13
76.13
76.13
76.12
76.11
76.12
76.10
76.10
76.10
76.09
76.08
76.07
76.07
76.06
76.07
76.08
76.07
76.07
76.08
76.07
76.08
76.08
76.09
76.10
76.09
76.10
76.10
76.10
76.11
76.12
76.12
76.11
76.11
76.11
76.10
76.10
76.10
76.11
76.11
76.11
76.11
76.12
76.11
76.12
76.12
76.11
76.11
76.12
76.13
76.14
76.14
76.14
76.13
76.13
76.12
76.12
76.11
76.12
76.12
76.13
76.13
76.13
76.12
76.12
76.13
76.13
76.11
76.12
76.12
76.12
76.13
76.13
76.13
76.14
76.13
76.13
76.13
76.15
76.15
76.15
76.15
76.15
76.15
76.16
76.16
76.15
76.16
76.15
76.14
76.15
76.15
76.15
76.15
76.13
76.13
76.13
76.13
76.13
76.13
76.13
76.14
76.14
76.14
76.14
76.14
76.16
76.15
76.16
76.16
76.15
76.15
76.15
76.15
76.15
76.15
76.15
76.15
76.16
76.17
76.16
76.17
76.16
76.16
76.16
76.16
76.16
76.16
76.16
76.16
76.16
76.17
76.17
76.17
76.16
76.15
76.16
76.16
76.15
76.08
