81.25
79.69
77.08
77.34
76.25
75.00
73.66
73.44
73.26
74.06
74.57
74.74
74.28
74.33
74.48
74.61
74.82
74.48
74.51
74.61
74.85
75.21
75.48
75.26
74.94
75.42
75.41
75.39
75.05
75.00
75.05
75.10
75.14
75.32
75.49
75.74
75.76
75.78
75.64
75.66
75.80
75.93
75.91
75.85
75.87
75.78
75.86
75.81
75.77
75.88
75.83
75.87
75.77
75.81
76.02
75.89
75.93
76.00
76.01
76.09
76.13
76.08
75.89
76.07
76.06
76.18
76.21
76.22
76.09
76.18
76.14
76.13
76.18
76.12
76.06
76.09
76.14
76.18
76.15
76.25
76.23
76.14
76.05
76.04
76.05
76.11
75.97
75.96
76.00
76.04
76.03
75.97
75.81
75.80
75.89
75.86
75.92
75.89
75.87
75.89
75.88
75.74
75.74
75.74
75.76
75.72
75.77
75.78
75.83
75.75
75.76
75.77
75.86
75.75
75.72
75.73
75.75
75.70
75.72
75.74
75.75
75.83
75.88
75.92
75.95
75.95
75.98
75.95
75.91
75.96
75.87
75.91
75.94
75.97
75.94
75.99
76.00
76.00
76.05
76.06
76.10
76.13
76.14
76.11
76.05
76.02
76.03
76.05
76.09
76.03
76.01
76.03
75.92
75.89
75.91
75.88
75.86
75.82
75.86
75.89
75.81
75.75
75.79
75.76
75.76
75.73
75.71
75.74
75.74
75.76
75.75
75.74
75.73
75.75
75.77
75.79
75.77
75.80
75.82
75.83
75.78
75.83
75.80
75.84
75.82
75.80
75.80
75.79
75.79
75.85
75.82
75.81
75.85
75.87
75.88
75.90
75.90
75.91
75.90
75.91
75.93
75.92
75.95
75.91
75.89
75.86
75.87
75.84
75.89
75.92
75.93
75.91
75.85
75.83
75.86
75.90
75.91
75.92
75.92
75.92
75.93
75.98
75.99
76.00
75.97
75.96
75.98
75.99
76.00
75.98
75.99
75.99
75.98
75.99
76.00
75.99
76.02
76.04
76.03
76.05
76.02
76.07
76.04
76.05
76.05
76.06
76.09
76.07
76.07
76.10
76.12
76.13
76.11
76.10
76.13
76.09
76.14
76.16
76.18
76.18
76.16
76.12
76.10
76.10
76.13
76.17
76.19
76.16
76.15
76.16
76.16
76.17
76.18
76.16
76.18
76.20
76.21
76.19
76.19
76.16
76.16
76.16
76.16
76.16
76.13
76.14
76.14
76.14
76.16
76.16
76.15
76.15
76.18
76.19
76.21
76.20
76.18
76.18
76.17
76.18
76.17
76.15
76.19
76.19
76.18
76.18
76.16
76.18
76.19
76.19
76.18
76.18
76.19
76.17
76.17
76.20
76.19
76.15
76.15
76.12
76.12
76.13
76.13
76.13
76.14
76.15
76.16
76.15
76.16
76.16
76.18
76.17
76.18
76.19
76.20
76.20
76.16
76.17
76.17
76.17
76.17
76.17
76.16
76.18
76.15
76.17
76.19
76.20
76.19
76.20
76.19
76.23
76.20
76.22
76.22
76.22
76.21
76.20
76.21
76.18
76.18
76.20
76.20
76.18
76.18
76.19
76.20
76.19
76.19
76.20
76.20
76.21
76.20
76.21
76.20
76.19
76.17
76.19
76.20
76.20
76.20
76.17
76.16
76.16
76.15
76.17
76.17
76.16
76.18
76.16
76.17
76.17
76.18
76.19
76.20
76.21
76.20
76.19
76.19
76.20
76.22
76.22
76.21
76.21
76.18
76.17
76.16
76.16
76.15
76.17
76.16
76.15
76.17
76.17
76.18
76.20
76.21
76.20
76.20
76.22
76.20
76.22
76.23
76.23
76.24
76.23
76.24
76.23
76.23
76.25
76.23
76.24
76.24
76.25
76.25
76.27
76.26
76.27
76.26
76.26
76.26
76.26
76.25
76.25
76.26
76.27
76.26
76.26
76.26
76.27
76.27
76.24
76.26
76.24
76.23
76.23
76.23
76.24
76.22
76.22
76.22
76.21
76.23
76.24
76.23
76.23
76.23
76.23
76.24
76.23
76.24
76.24
76.25
76.26
76.25
76.24
76.24
76.24
76.23
76.24
76.25
76.24
76.22
76.23
76.24
76.25
76.26
76.28
76.29
76.30
76.28
76.26
76.27
76.27
76.25
76.25
76.24
76.24
76.25
76.23
76.24
76.24
76.24
76.24
76.23
76.22
76.22
76.21
76.20
76.19
76.19
76.18
76.19
76.18
76.18
76.18
76.17
76.16
76.17
76.15
76.16
76.16
76.16
76.16
76.15
76.15
76.17
76.17
76.16
76.17
76.18
76.16
76.16
76.16
76.15
76.16
76.15
76.16
76.17
76.18
76.17
76.17
76.17
76.17
76.18
76.18
76.16
76.17
76.16
76.16
76.16
76.18
76.18
76.18
76.18
76.17
76.19
76.18
76.18
76.19
76.18
76.19
76.17
76.18
76.19
76.19
76.20
76.19
76.19
76.18
76.20
76.19
76.20
76.21
76.21
76.22
76.22
76.21
76.22
76.23
76.22
76.22
76.21
76.23
76.22
76.22
76.21
76.21
76.22
76.22
76.23
76.23
76.24
76.23
76.23
76.22
76.25
76.26
76.24
76.24
76.25
76.24
76.23
76.23
76.23
76.24
76.24
76.25
76.25
76.27
76.26
76.25
76.26
76.25
76.25
76.25
76.26
76.25
76.24
76.23
76.23
76.25
76.24
76.24
76.24
76.24
76.23
76.23
76.22
76.24
76.24
76.23
76.21
76.19
76.19
76.19
76.19
76.19
76.19
76.18
76.18
76.19
76.21
76.21
76.22
76.21
76.21
76.21
76.23
76.23
76.23
76.26
76.26
76.26
76.27
76.26
76.27
76.28
76.29
76.28
76.27
76.26
76.27
76.27
76.28
76.27
76.27
76.28
76.29
76.29
76.29
76.29
76.29
76.29
76.29
76.30
76.30
76.31
76.30
76.31
76.31
76.32
76.33
76.32
76.31
76.32
76.31
76.32
76.31
76.30
76.30
76.30
76.29
76.29
76.29
76.29
76.28
76.28
76.28
76.27
76.27
76.27
76.26
76.26
76.25
76.25
76.26
76.23
76.24
76.23
76.21
76.22
76.21
76.22
76.21
76.21
76.21
76.20
76.20
76.20
76.20
76.21
76.21
76.20
76.20
76.20
76.21
76.20
76.21
76.22
76.21
76.21
76.21
76.20
76.19
76.18
76.17
76.17
76.19
76.20
76.20
76.20
76.19
76.21
76.22
76.21
76.22
76.22
76.20
76.20
76.18
76.18
76.18
76.17
76.17
76.17
76.17
76.17
76.17
76.17
76.19
76.19
76.19
76.19
76.20
76.20
76.19
76.19
76.19
76.19
76.18
76.18
76.18
76.19
76.18
76.17
76.17
76.16
76.16
76.16
76.16
76.08
