75.00
75.00
75.52
74.61
72.50
72.14
73.21
73.83
74.31
75.31
74.57
74.48
74.88
75.11
74.48
74.90
75.55
75.61
75.99
76.41
76.64
76.35
75.82
75.78
75.75
75.78
75.75
75.67
75.65
75.52
75.30
75.39
75.52
75.60
75.49
75.61
75.80
75.95
76.08
76.09
76.07
76.15
76.16
76.14
76.04
75.82
75.83
75.98
76.02
76.00
75.98
76.08
75.97
75.87
75.85
75.86
75.85
75.86
75.98
76.15
76.13
76.18
76.09
76.15
76.30
76.37
76.42
76.47
76.49
76.34
76.52
76.50
76.58
76.54
76.50
76.52
76.54
76.54
76.44
76.41
76.43
76.39
76.39
76.40
76.42
76.53
76.53
76.62
76.74
76.74
76.75
76.72
76.66
76.65
76.73
76.71
76.72
76.72
76.78
76.72
76.73
76.72
76.65
76.70
76.73
76.70
76.75
76.69
76.72
76.80
76.76
76.72
76.69
76.74
76.74
76.72
76.75
76.73
76.73
76.72
76.74
76.73
76.77
76.76
76.73
76.69
76.70
76.68
76.73
76.63
76.57
76.63
76.64
76.69
76.68
76.67
76.61
76.55
76.55
76.52
76.54
76.51
76.57
76.57
76.63
76.66
76.67
76.70
76.76
76.75
76.75
76.69
76.69
76.62
76.63
76.61
76.60
76.60
76.63
76.55
76.58
76.52
76.50
76.51
76.46
76.46
76.44
76.46
76.48
76.48
76.49
76.46
76.48
76.45
76.43
76.46
76.49
76.53
76.53
76.51
76.46
76.45
76.38
76.43
76.44
76.44
76.42
76.40
76.41
76.42
76.44
76.45
76.46
76.43
76.46
76.45
76.42
76.43
76.43
76.38
76.38
76.35
76.38
76.33
76.31
76.31
76.31
76.28
76.28
76.28
76.27
76.27
76.26
76.26
76.29
76.32
76.31
76.27
76.27
76.23
76.24
76.20
76.21
76.23
76.26
76.22
76.21
76.23
76.23
76.26
76.27
76.23
76.21
76.18
76.17
76.15
76.15
76.13
76.12
76.13
76.13
76.10
76.07
76.08
76.05
76.07
76.07
76.06
76.10
76.10
76.08
76.05
76.06
76.06
76.09
76.11
76.11
76.11
76.17
76.16
76.17
76.16
76.15
76.16
76.16
76.17
76.17
76.18
76.17
76.16
76.15
76.15
76.19
76.21
76.21
76.20
76.17
76.17
76.18
76.14
76.13
76.12
76.13
76.17
76.15
76.14
76.13
76.13
76.12
76.11
76.10
76.10
76.08
76.09
76.08
76.10
76.09
76.12
76.12
76.15
76.14
76.10
76.09
76.09
76.09
76.10
76.08
76.04
76.01
76.03
76.05
76.07
76.06
76.08
76.09
76.07
76.09
76.09
76.10
76.10
76.10
76.10
76.10
76.08
76.09
76.07
76.07
76.06
76.06
76.06
76.05
76.01
76.03
76.01
76.00
76.02
76.01
76.03
76.03
76.02
76.03
76.03
76.05
76.04
76.03
76.00
75.99
76.00
76.00
76.00
75.98
75.98
75.98
75.99
76.00
76.03
76.02
76.01
76.02
76.05
76.03
76.06
76.03
76.03
76.06
76.08
76.09
76.07
76.09
76.11
76.11
76.11
76.11
76.10
76.11
76.11
76.11
76.12
76.13
76.09
76.07
76.06
76.08
76.07
76.08
76.08
76.07
76.07
76.10
76.13
76.13
76.14
76.14
76.13
76.12
76.11
76.11
76.11
76.09
76.11
76.11
76.09
76.09
76.09
76.07
76.10
76.08
76.10
76.11
76.12
76.12
76.12
76.14
76.15
76.15
76.15
76.14
76.12
76.12
76.13
76.12
76.13
76.13
76.13
76.12
76.11
76.10
76.10
76.10
76.09
76.09
76.09
76.08
76.08
76.07
76.07
76.09
76.11
76.12
76.12
76.13
76.12
76.14
76.14
76.14
76.12
76.12
76.13
76.13
76.13
76.13
76.13
76.12
76.12
76.11
76.12
76.10
76.08
76.08
76.09
76.08
76.09
76.08
76.08
76.09
76.10
76.09
76.10
76.11
76.12
76.12
76.11
76.09
76.11
76.13
76.14
76.14
76.14
76.15
76.14
76.16
76.18
76.18
76.19
76.19
76.20
76.20
76.22
76.22
76.22
76.22
76.21
76.23
76.25
76.26
76.27
76.27
76.27
76.26
76.23
76.21
76.21
76.19
76.20
76.19
76.18
76.18
76.18
76.20
76.21
76.22
76.22
76.23
76.23
76.24
76.24
76.24
76.25
76.26
76.26
76.25
76.24
76.25
76.25
76.25
76.26
76.26
76.27
76.26
76.27
76.28
76.27
76.28
76.29
76.30
76.32
76.31
76.32
76.30
76.29
76.29
76.30
76.29
76.30
76.30
76.31
76.30
76.28
76.30
76.31
76.31
76.30
76.31
76.31
76.31
76.32
76.33
76.34
76.33
76.33
76.33
76.34
76.33
76.34
76.34
76.34
76.34
76.35
76.35
76.35
76.36
76.37
76.38
76.37
76.36
76.35
76.35
76.33
76.32
76.32
76.33
76.32
76.31
76.30
76.30
76.29
76.28
76.30
76.30
76.29
76.29
76.32
76.31
76.31
76.31
76.30
76.28
76.29
76.31
76.30
76.30
76.30
76.29
76.29
76.29
76.29
76.29
76.29
76.29
76.28
76.28
76.27
76.28
76.27
76.26
76.26
76.27
76.27
76.25
76.25
76.24
76.25
76.26
76.25
76.24
76.24
76.24
76.25
76.24
76.25
76.25
76.24
76.23
76.23
76.24
76.25
76.24
76.24
76.24
76.25
76.26
76.25
76.24
76.24
76.24
76.24
76.23
76.23
76.25
76.25
76.26
76.27
76.28
76.29
76.28
76.29
76.30
76.29
76.29
76.28
76.29
76.29
76.30
76.30
76.31
76.31
76.30
76.30
76.29
76.30
76.30
76.30
76.30
76.30
76.30
76.30
76.31
76.30
76.29
76.30
76.29
76.28
76.28
76.28
76.28
76.29
76.30
76.29
76.30
76.31
76.30
76.29
76.29
76.29
76.29
76.29
76.28
76.28
76.27
76.27
76.25
76.24
76.23
76.23
76.23
76.24
76.24
76.22
76.22
76.22
76.23
76.22
76.20
76.21
76.21
76.22
76.22
76.22
76.21
76.22
76.22
76.21
76.21
76.20
76.19
76.19
76.19
76.20
76.20
76.20
76.19
76.20
76.19
76.20
76.20
76.20
76.20
76.19
76.19
76.19
76.18
76.18
76.18
76.17
76.16
76.16
76.17
76.17
76.16
76.15
76.15
76.15
76.16
76.15
76.15
76.15
76.14
76.14
76.14
76.14
76.15
76.15
76.15
76.15
76.15
76.16
76.15
76.14
76.15
76.16
76.15
76.15
76.15
76.14
76.14
76.13
76.13
76.14
76.15
76.14
76.13
76.06
