71.88
74.22
74.48
72.66
73.12
72.92
73.88
74.41
74.48
74.06
74.29
74.09
75.12
74.89
74.79
74.61
74.54
74.48
74.26
74.30
74.85
74.79
75.27
75.13
75.06
75.06
75.00
75.39
75.54
75.52
75.45
75.44
75.24
75.23
75.18
75.13
75.04
75.00
75.08
74.96
75.00
74.93
74.85
74.72
74.86
74.76
74.40
74.54
74.59
74.81
74.66
74.85
74.85
74.83
74.89
74.92
74.89
75.00
74.87
74.95
74.87
74.72
74.80
74.76
74.90
75.00
74.98
74.95
74.93
74.98
75.02
74.98
74.87
74.85
74.81
74.75
74.78
74.84
74.84
74.90
74.92
74.89
74.92
74.89
74.78
74.82
74.86
74.82
74.86
74.93
75.00
75.02
75.05
75.12
75.15
75.10
75.08
75.03
75.03
75.08
75.19
75.21
75.27
75.33
75.31
75.35
75.39
75.39
75.33
75.36
75.37
75.42
75.47
75.49
75.35
75.38
75.40
75.45
75.41
75.39
75.43
75.54
75.53
75.50
75.44
75.42
75.44
75.45
75.51
75.41
75.42
75.38
75.40
75.43
75.42
75.43
75.41
75.35
75.31
75.39
75.34
75.29
75.26
75.26
75.23
75.25
75.22
75.20
75.17
75.21
75.19
75.22
75.25
75.19
75.22
75.19
75.16
75.19
75.24
75.21
75.15
75.20
75.24
75.25
75.25
75.30
75.28
75.27
75.29
75.35
75.37
75.35
75.39
75.40
75.36
75.32
75.33
75.38
75.37
75.37
75.40
75.39
75.44
75.45
75.42
75.42
75.43
75.41
75.41
75.45
75.43
75.43
75.44
75.47
75.43
75.45
75.45
75.48
75.47
75.48
75.44
75.46
75.48
75.43
75.43
75.46
75.46
75.45
75.48
75.49
75.49
75.53
75.49
75.50
75.47
75.42
75.40
75.36
75.37
75.38
75.38
75.39
75.39
75.40
75.43
75.41
75.43
75.43
75.44
75.44
75.47
75.48
75.53
75.54
75.52
75.50
75.50
75.51
75.51
75.49
75.49
75.49
75.50
75.47
75.45
75.44
75.44
75.48
75.48
75.47
75.49
75.50
75.50
75.50
75.52
75.55
75.57
75.57
75.59
75.61
75.63
75.63
75.65
75.65
75.61
75.59
75.60
75.62
75.64
75.62
75.63
75.61
75.61
75.63
75.62
75.59
75.57
75.55
75.55
75.57
75.58
75.62
75.62
75.62
75.64
75.61
75.61
75.60
75.60
75.57
75.57
75.60
75.62
75.64
75.65
75.63
75.64
75.66
75.63
75.64
75.65
75.64
75.64
75.62
75.62
75.63
75.64
75.63
75.61
75.58
75.57
75.55
75.55
75.55
75.56
75.58
75.56
75.54
75.57
75.57
75.56
75.54
75.55
75.54
75.53
75.52
75.50
75.49
75.49
75.52
75.54
75.54
75.58
75.58
75.59
75.60
75.63
75.61
75.63
75.66
75.67
75.68
75.70
75.66
75.68
75.69
75.69
75.70
75.72
75.75
75.77
75.76
75.77
75.77
75.78
75.80
75.81
75.83
75.82
75.84
75.85
75.85
75.86
75.85
75.88
75.87
75.87
75.87
75.86
75.86
75.85
75.84
75.85
75.81
75.80
75.79
75.77
75.76
75.77
75.72
75.72
75.73
75.72
75.74
75.76
75.77
75.77
75.76
75.73
75.72
75.74
75.75
75.75
75.76
75.76
75.77
75.76
75.77
75.78
75.79
75.78
75.78
75.80
75.80
75.80
75.79
75.81
75.78
75.79
75.78
75.79
75.80
75.81
75.82
75.81
75.81
75.81
75.81
75.80
75.81
75.83
75.81
75.81
75.82
75.79
75.79
75.78
75.80
75.81
75.78
75.79
75.82
75.84
75.84
75.84
75.82
75.82
75.82
75.81
75.83
75.83
75.83
75.82
75.82
75.81
75.81
75.80
75.77
75.75
75.75
75.75
75.75
75.74
75.74
75.75
75.75
75.77
75.75
75.74
75.74
75.72
75.71
75.72
75.73
75.72
75.74
75.76
75.77
75.77
75.78
75.77
75.75
75.75
75.76
75.77
75.76
75.74
75.75
75.74
75.74
75.72
75.70
75.71
75.73
75.71
75.69
75.68
75.69
75.68
75.68
75.70
75.71
75.71
75.68
75.69
75.68
75.68
75.69
75.69
75.68
75.67
75.67
75.67
75.68
75.68
75.69
75.70
75.69
75.69
75.69
75.70
75.70
75.72
75.71
75.70
75.69
75.69
75.68
75.69
75.69
75.68
75.66
75.66
75.67
75.67
75.67
75.68
75.69
75.68
75.68
75.68
75.67
75.67
75.68
75.68
75.68
75.68
75.69
75.68
75.68
75.67
75.67
75.68
75.66
75.66
75.67
75.68
75.67
75.68
75.69
75.69
75.70
75.68
75.69
75.68
75.68
75.67
75.68
75.69
75.69
75.69
75.69
75.69
75.68
75.68
75.69
75.70
75.69
75.69
75.70
75.71
75.70
75.69
75.70
75.69
75.68
75.69
75.69
75.68
75.68
75.70
75.71
75.71
75.70
75.69
75.69
75.70
75.70
75.70
75.70
75.71
75.71
75.71
75.70
75.69
75.69
75.70
75.70
75.70
75.70
75.69
75.69
75.69
75.69
75.69
75.70
75.72
75.71
75.71
75.70
75.71
75.71
75.71
75.71
75.71
75.71
75.71
75.70
75.70
75.70
75.69
75.69
75.68
75.68
75.68
75.68
75.67
75.69
75.67
75.67
75.66
75.68
75.67
75.68
75.69
75.69
75.69
75.68
75.69
75.67
75.68
75.69
75.69
75.69
75.69
75.68
75.70
75.69
75.71
75.71
75.71
75.71
75.71
75.71
75.73
75.72
75.73
75.71
75.70
75.70
75.68
75.69
75.70
75.69
75.69
75.69
75.69
75.70
75.70
75.70
75.69
75.71
75.71
75.71
75.71
75.70
75.71
75.71
75.70
75.70
75.70
75.71
75.70
75.70
75.70
75.69
75.70
75.69
75.67
75.67
75.67
75.67
75.68
75.68
75.68
75.68
75.68
75.67
75.68
75.68
75.69
75.69
75.70
75.70
75.72
75.71
75.70
75.72
75.72
75.71
75.71
75.72
75.72
75.72
75.72
75.72
75.72
75.74
75.74
75.74
75.74
75.75
75.76
75.76
75.76
75.74
75.74
75.74
75.74
75.75
75.75
75.75
75.74
75.75
75.75
75.76
75.76
75.76
75.75
75.77
75.78
75.78
75.78
75.79
75.79
75.79
75.79
75.79
75.78
75.78
75.80
75.81
75.80
75.80
75.80
75.80
75.78
75.76
75.76
75.77
75.78
75.77
75.77
75.77
75.78
75.78
75.79
75.78
75.78
75.77
75.77
75.78
75.77
75.76
75.76
75.76
75.75
75.77
75.77
75.78
75.79
75.71
