75.00
72.66
74.48
75.39
74.69
75.00
75.89
75.78
76.56
76.56
76.56
77.47
77.52
77.34
77.81
77.44
77.57
77.60
77.30
77.73
77.38
77.34
77.31
77.41
77.38
77.58
77.43
77.29
77.16
77.08
77.17
77.20
77.27
77.34
77.19
77.13
77.15
77.26
77.36
77.27
77.36
77.27
77.43
77.27
77.15
77.07
76.93
76.79
76.75
76.72
76.59
76.53
76.68
76.74
76.82
76.81
76.73
76.51
76.59
76.61
76.69
76.69
76.84
76.78
76.80
76.82
76.84
76.91
76.97
76.99
76.98
76.97
76.99
77.01
77.02
77.01
77.01
77.00
77.06
77.11
77.10
77.10
77.18
77.12
77.13
77.16
77.21
77.22
77.26
77.26
77.30
77.21
77.18
77.08
76.97
76.95
77.01
76.93
76.94
76.94
76.87
76.88
76.84
76.77
76.73
76.74
76.77
76.72
76.72
76.66
76.62
76.63
76.58
76.62
76.63
76.62
76.68
76.66
76.75
76.71
76.82
76.84
76.84
76.84
76.85
76.85
76.91
76.78
76.82
76.85
76.86
76.83
76.81
76.78
76.78
76.78
76.79
76.78
76.80
76.80
76.78
76.76
76.76
76.73
76.73
76.80
76.82
76.72
76.76
76.68
76.71
76.67
76.67
76.67
76.67
76.69
76.66
76.60
76.58
76.63
76.66
76.66
76.63
76.60
76.61
76.61
76.60
76.56
76.56
76.58
76.49
76.47
76.46
76.47
76.48
76.50
76.47
76.44
76.48
76.47
76.46
76.40
76.36
76.36
76.40
76.37
76.37
76.39
76.42
76.39
76.40
76.38
76.37
76.38
76.38
76.36
76.36
76.37
76.41
76.41
76.37
76.36
76.36
76.36
76.30
76.30
76.30
76.34
76.37
76.38
76.36
76.32
76.35
76.34
76.28
76.29
76.31
76.32
76.30
76.30
76.31
76.28
76.28
76.30
76.28
76.25
76.23
76.25
76.21
76.21
76.20
76.23
76.25
76.27
76.26
76.27
76.27
76.28
76.24
76.24
76.24
76.24
76.25
76.24
76.24
76.21
76.20
76.20
76.22
76.22
76.20
76.20
76.19
76.17
76.18
76.21
76.20
76.20
76.20
76.18
76.23
76.22
76.21
76.21
76.20
76.25
76.25
76.25
76.24
76.22
76.25
76.25
76.24
76.22
76.24
76.27
76.24
76.26
76.28
76.29
76.26
76.27
76.26
76.26
76.27
76.29
76.26
76.28
76.28
76.29
76.28
76.28
76.27
76.25
76.28
76.30
76.30
76.33
76.33
76.32
76.31
76.31
76.30
76.33
76.35
76.34
76.33
76.33
76.33
76.32
76.30
76.32
76.32
76.30
76.28
76.27
76.29
76.27
76.27
76.26
76.27
76.27
76.27
76.24
76.24
76.23
76.24
76.23
76.23
76.23
76.23
76.23
76.23
76.24
76.23
76.23
76.22
76.22
76.23
76.21
76.22
76.22
76.22
76.20
76.20
76.20
76.18
76.21
76.21
76.20
76.21
76.20
76.20
76.19
76.19
76.20
76.20
76.20
76.20
76.20
76.21
76.19
76.20
76.20
76.20
76.20
76.23
76.24
76.24
76.24
76.25
76.26
76.24
76.24
76.25
76.21
76.24
76.24
76.24
76.23
76.23
76.24
76.25
76.25
76.23
76.23
76.24
76.24
76.25
76.27
76.26
76.24
76.24
76.24
76.24
76.25
76.22
76.22
76.21
76.21
76.22
76.23
76.22
76.21
76.23
76.22
76.24
76.26
76.29
76.28
76.29
76.26
76.26
76.25
76.26
76.27
76.26
76.26
76.25
76.26
76.24
76.24
76.23
76.23
76.22
76.24
76.23
76.20
76.21
76.21
76.20
76.19
76.21
76.22
76.21
76.24
76.23
76.22
76.19
76.20
76.20
76.21
76.20
76.21
76.20
76.19
76.20
76.19
76.17
76.17
76.18
76.16
76.18
76.18
76.16
76.17
76.19
76.18
76.18
76.19
76.19
76.20
76.19
76.19
76.18
76.18
76.18
76.20
76.20
76.21
76.22
76.20
76.20
76.19
76.18
76.18
76.15
76.17
76.17
76.15
76.16
76.18
76.19
76.20
76.20
76.21
76.21
76.19
76.18
76.19
76.18
76.17
76.18
76.20
76.21
76.22
76.20
76.22
76.24
76.24
76.26
76.25
76.24
76.25
76.24
76.24
76.22
76.22
76.22
76.21
76.22
76.23
76.24
76.24
76.24
76.24
76.26
76.26
76.26
76.27
76.27
76.25
76.25
76.25
76.26
76.26
76.27
76.27
76.28
76.29
76.30
76.31
76.31
76.32
76.33
76.32
76.32
76.32
76.33
76.34
76.31
76.31
76.31
76.32
76.31
76.30
76.29
76.29
76.30
76.29
76.28
76.28
76.29
76.27
76.27
76.27
76.26
76.27
76.27
76.27
76.28
76.30
76.30
76.29
76.29
76.28
76.27
76.28
76.27
76.26
76.26
76.27
76.27
76.27
76.28
76.28
76.28
76.28
76.29
76.29
76.29
76.30
76.29
76.28
76.28
76.29
76.28
76.27
76.26
76.25
76.26
76.25
76.26
76.27
76.27
76.27
76.27
76.26
76.26
76.25
76.25
76.25
76.25
76.26
76.27
76.28
76.29
76.29
76.29
76.29
76.28
76.29
76.29
76.30
76.30
76.30
76.30
76.31
76.32
76.32
76.33
76.33
76.33
76.34
76.34
76.35
76.34
76.34
76.34
76.32
76.31
76.29
76.28
76.28
76.27
76.30
76.29
76.28
76.27
76.29
76.28
76.28
76.28
76.29
76.28
76.29
76.29
76.30
76.30
76.30
76.31
76.29
76.29
76.30
76.30
76.29
76.28
76.29
76.30
76.29
76.29
76.31
76.30
76.29
76.28
76.29
76.30
76.31
76.31
76.29
76.29
76.28
76.29
76.27
76.27
76.28
76.28
76.28
76.30
76.30
76.30
76.29
76.30
76.31
76.30
76.31
76.31
76.31
76.30
76.30
76.30
76.30
76.30
76.31
76.32
76.31
76.30
76.29
76.29
76.29
76.30
76.30
76.31
76.31
76.31
76.31
76.31
76.33
76.34
76.33
76.33
76.33
76.33
76.33
76.32
76.30
76.31
76.29
76.30
76.30
76.29
76.30
76.29
76.29
76.30
76.30
76.29
76.29
76.29
76.29
76.28
76.27
76.28
76.28
76.27
76.27
76.27
76.28
76.27
76.27
76.27
76.27
76.27
76.27
76.27
76.26
76.26
76.26
76.25
76.25
76.24
76.23
76.23
76.20
76.21
76.21
76.22
76.23
76.25
76.24
76.24
76.23
76.23
76.23
76.23
76.22
76.21
76.20
76.20
76.20
76.21
76.21
76.20
76.21
76.21
76.19
76.19
76.18
76.18
76.16
76.16
76.08
