79.69
79.69
79.69
80.47
79.06
76.30
75.22
75.39
75.69
75.62
75.14
75.00
75.24
75.11
74.38
74.41
74.26
74.05
73.68
73.91
74.33
74.57
74.59
74.67
74.50
74.28
74.54
74.50
74.52
74.58
74.90
74.95
74.81
75.05
74.91
75.04
74.92
75.04
75.08
75.12
74.89
74.93
74.78
74.96
74.86
74.86
74.90
74.97
74.94
75.12
75.12
75.12
75.18
75.32
75.23
75.31
75.30
75.35
75.32
75.10
75.18
75.30
75.20
75.20
75.24
75.31
75.42
75.48
75.54
75.47
75.51
75.43
75.54
75.61
75.60
75.70
75.77
75.82
75.85
75.96
75.95
76.03
75.90
75.86
75.85
75.78
75.77
75.83
75.79
75.92
75.98
75.92
75.89
75.88
75.86
75.83
75.93
76.02
76.01
75.94
75.90
75.90
75.90
75.90
75.88
75.90
75.93
76.00
76.05
76.08
76.10
76.02
76.02
75.97
75.99
76.01
75.93
75.97
75.95
75.99
76.03
76.05
76.04
76.06
76.07
76.07
76.02
76.09
75.98
75.87
75.86
75.94
75.95
75.91
75.94
75.93
75.95
75.96
75.98
76.03
76.05
76.05
76.08
76.14
76.19
76.19
76.20
76.15
76.18
76.19
76.18
76.20
76.16
76.21
76.27
76.24
76.26
76.32
76.35
76.37
76.40
76.40
76.40
76.41
76.45
76.44
76.46
76.43
76.43
76.41
76.37
76.37
76.36
76.32
76.32
76.32
76.33
76.39
76.39
76.37
76.38
76.38
76.36
76.39
76.39
76.39
76.36
76.40
76.39
76.45
76.40
76.37
76.31
76.30
76.35
76.33
76.32
76.32
76.37
76.36
76.34
76.35
76.33
76.34
76.30
76.33
76.36
76.34
76.32
76.35
76.37
76.35
76.36
76.34
76.34
76.35
76.34
76.33
76.34
76.38
76.34
76.35
76.35
76.30
76.29
76.29
76.31
76.26
76.25
76.27
76.24
76.22
76.23
76.26
76.27
76.30
76.31
76.33
76.32
76.33
76.34
76.39
76.41
76.44
76.45
76.42
76.40
76.39
76.38
76.34
76.36
76.38
76.38
76.39
76.39
76.38
76.36
76.38
76.38
76.36
76.34
76.27
76.27
76.29
76.30
76.32
76.33
76.29
76.32
76.30
76.30
76.30
76.33
76.32
76.33
76.30
76.29
76.28
76.28
76.26
76.23
76.23
76.26
76.28
76.27
76.28
76.29
76.29
76.29
76.28
76.29
76.32
76.31
76.34
76.35
76.33
76.30
76.33
76.31
76.30
76.32
76.30
76.27
76.27
76.25
76.25
76.27
76.27
76.28
76.27
76.27
76.23
76.22
76.23
76.22
76.20
76.22
76.21
76.22
76.25
76.25
76.27
76.29
76.29
76.31
76.31
76.31
76.30
76.29
76.28
76.28
76.28
76.25
76.25
76.24
76.25
76.23
76.22
76.20
76.22
76.25
76.24
76.24
76.24
76.23
76.21
76.21
76.19
76.21
76.21
76.20
76.18
76.19
76.20
76.19
76.19
76.19
76.20
76.18
76.18
76.17
76.17
76.16
76.16
76.16
76.16
76.18
76.16
76.16
76.15
76.15
76.14
76.14
76.16
76.15
76.15
76.14
76.14
76.16
76.16
76.20
76.19
76.17
76.20
76.20
76.19
76.18
76.20
76.19
76.19
76.20
76.20
76.18
76.17
76.18
76.21
76.20
76.19
76.17
76.16
76.18
76.18
76.18
76.17
76.16
76.14
76.16
76.14
76.13
76.13
76.14
76.13
76.15
76.14
76.15
76.15
76.17
76.18
76.17
76.18
76.17
76.16
76.16
76.15
76.17
76.18
76.19
76.19
76.19
76.19
76.18
76.17
76.17
76.17
76.19
76.21
76.22
76.22
76.22
76.23
76.22
76.19
76.18
76.19
76.21
76.21
76.23
76.23
76.25
76.23
76.24
76.24
76.24
76.25
76.24
76.24
76.24
76.25
76.26
76.27
76.26
76.25
76.25
76.22
76.21
76.23
76.24
76.24
76.25
76.25
76.24
76.25
76.23
76.24
76.23
76.23
76.24
76.25
76.24
76.25
76.24
76.25
76.25
76.24
76.24
76.25
76.26
76.25
76.24
76.24
76.25
76.25
76.25
76.25
76.26
76.24
76.25
76.26
76.27
76.28
76.28
76.28
76.29
76.27
76.28
76.29
76.28
76.29
76.30
76.30
76.28
76.29
76.28
76.28
76.27
76.26
76.25
76.23
76.22
76.21
76.21
76.20
76.19
76.18
76.18
76.19
76.20
76.19
76.21
76.21
76.21
76.20
76.20
76.21
76.20
76.19
76.18
76.20
76.19
76.20
76.18
76.17
76.17
76.16
76.16
76.16
76.15
76.15
76.15
76.14
76.15
76.14
76.15
76.16
76.16
76.16
76.17
76.17
76.17
76.17
76.16
76.18
76.17
76.18
76.19
76.20
76.20
76.19
76.18
76.19
76.20
76.20
76.21
76.21
76.20
76.20
76.20
76.20
76.21
76.21
76.21
76.22
76.24
76.24
76.24
76.23
76.22
76.22
76.22
76.21
76.22
76.21
76.20
76.22
76.21
76.20
76.19
76.20
76.21
76.21
76.21
76.22
76.23
76.24
76.23
76.25
76.24
76.24
76.23
76.23
76.23
76.22
76.22
76.22
76.22
76.22
76.24
76.24
76.25
76.25
76.27
76.26
76.26
76.25
76.26
76.26
76.26
76.27
76.26
76.25
76.24
76.25
76.23
76.23
76.24
76.23
76.21
76.20
76.20
76.20
76.21
76.21
76.22
76.22
76.22
76.23
76.23
76.24
76.24
76.25
76.23
76.24
76.23
76.25
76.27
76.26
76.26
76.27
76.27
76.27
76.27
76.28
76.26
76.26
76.26
76.26
76.26
76.26
76.26
76.26
76.26
76.27
76.27
76.27
76.27
76.27
76.26
76.26
76.24
76.24
76.24
76.23
76.24
76.24
76.23
76.24
76.22
76.23
76.22
76.21
76.22
76.22
76.22
76.22
76.21
76.22
76.23
76.22
76.23
76.24
76.23
76.23
76.23
76.22
76.22
76.22
76.22
76.21
76.20
76.21
76.20
76.18
76.19
76.19
76.19
76.19
76.18
76.16
76.16
76.16
76.16
76.17
76.16
76.16
76.15
76.16
76.15
76.14
76.13
76.13
76.14
76.13
76.13
76.13
76.14
76.17
76.18
76.17
76.15
76.15
76.13
76.14
76.13
76.14
76.15
76.15
76.14
76.14
76.13
76.14
76.13
76.12
76.12
76.13
76.13
76.13
76.14
76.14
76.14
76.14
76.14
76.14
76.13
76.14
76.14
76.13
76.13
76.13
76.11
76.11
76.12
76.11
76.12
76.12
76.13
76.13
76.14
76.14
76.15
76.14
76.14
76.07
