81.25
78.91
78.12
77.73
74.69
73.96
74.11
75.00
75.87
75.31
75.57
75.13
74.88
74.55
73.85
73.93
74.17
74.31
74.51
74.38
74.33
74.79
75.27
75.59
75.81
75.84
76.04
75.78
75.86
76.09
75.96
75.88
75.66
75.69
75.89
76.13
76.10
76.32
76.24
76.21
76.37
76.30
76.27
76.31
76.39
76.29
76.26
76.33
76.31
76.25
76.10
76.14
76.15
75.98
76.02
76.14
76.12
76.24
76.27
76.38
76.31
76.34
76.34
76.34
76.42
76.37
76.38
76.19
76.36
76.36
76.43
76.30
76.31
76.39
76.40
76.38
76.40
76.44
76.40
76.27
76.25
76.26
76.24
76.32
76.19
76.07
76.04
76.12
76.16
76.22
76.22
76.21
76.26
76.25
76.25
76.27
76.30
76.31
76.23
76.20
76.22
76.18
76.09
76.17
76.22
76.28
76.23
76.17
76.22
76.21
76.14
76.12
76.09
76.14
76.15
76.16
76.15
76.17
76.23
76.15
76.12
76.09
76.13
76.08
76.11
76.14
76.16
76.18
76.22
76.21
76.19
76.27
76.23
76.22
76.30
76.37
76.36
76.39
76.46
76.40
76.43
76.41
76.45
76.40
76.41
76.36
76.38
76.37
76.41
76.42
76.43
76.42
76.47
76.44
76.48
76.46
76.50
76.39
76.37
76.42
76.37
76.35
76.33
76.38
76.40
76.38
76.39
76.42
76.42
76.43
76.45
76.45
76.49
76.45
76.43
76.41
76.42
76.41
76.43
76.44
76.39
76.37
76.33
76.27
76.28
76.25
76.26
76.23
76.26
76.24
76.24
76.23
76.25
76.26
76.24
76.24
76.24
76.28
76.29
76.27
76.23
76.28
76.25
76.29
76.27
76.29
76.27
76.30
76.32
76.32
76.35
76.33
76.36
76.40
76.40
76.36
76.36
76.33
76.35
76.37
76.34
76.35
76.34
76.35
76.38
76.35
76.34
76.34
76.34
76.34
76.33
76.33
76.32
76.34
76.28
76.27
76.31
76.33
76.35
76.33
76.33
76.35
76.35
76.38
76.39
76.38
76.37
76.34
76.34
76.32
76.34
76.33
76.33
76.37
76.32
76.32
76.34
76.36
76.38
76.38
76.38
76.38
76.38
76.37
76.39
76.37
76.39
76.36
76.38
76.39
76.37
76.38
76.36
76.36
76.35
76.35
76.34
76.37
76.39
76.38
76.35
76.36
76.35
76.38
76.37
76.40
76.39
76.39
76.42
76.45
76.44
76.41
76.38
76.39
76.37
76.36
76.34
76.34
76.34
76.33
76.35
76.36
76.35
76.33
76.36
76.37
76.35
76.33
76.32
76.35
76.36
76.39
76.42
76.46
76.47
76.48
76.47
76.48
76.46
76.45
76.45
76.44
76.42
76.43
76.45
76.45
76.44
76.47
76.47
76.48
76.48
76.47
76.47
76.47
76.46
76.46
76.46
76.44
76.42
76.42
76.40
76.40
76.41
76.38
76.36
76.34
76.33
76.32
76.33
76.33
76.32
76.32
76.32
76.32
76.31
76.32
76.30
76.28
76.28
76.29
76.30
76.27
76.28
76.25
76.23
76.25
76.27
76.29
76.28
76.27
76.26
76.25
76.25
76.27
76.25
76.25
76.25
76.24
76.25
76.25
76.23
76.24
76.24
76.25
76.25
76.25
76.23
76.25
76.25
76.27
76.25
76.26
76.26
76.24
76.23
76.22
76.20
76.19
76.20
76.22
76.20
76.20
76.21
76.21
76.22
76.17
76.18
76.17
76.15
76.14
76.16
76.13
76.13
76.14
76.14
76.15
76.16
76.14
76.16
76.17
76.15
76.15
76.17
76.17
76.17
76.17
76.17
76.14
76.14
76.14
76.13
76.12
76.14
76.14
76.15
76.14
76.16
76.14
76.14
76.14
76.14
76.14
76.14
76.15
76.15
76.15
76.16
76.17
76.17
76.16
76.17
76.16
76.18
76.19
76.20
76.20
76.18
76.18
76.18
76.18
76.17
76.17
76.18
76.18
76.20
76.21
76.20
76.18
76.18
76.19
76.20
76.21
76.21
76.20
76.21
76.20
76.19
76.20
76.21
76.22
76.21
76.21
76.21
76.20
76.20
76.19
76.17
76.17
76.17
76.18
76.18
76.17
76.16
76.15
76.15
76.14
76.15
76.16
76.17
76.17
76.17
76.14
76.15
76.15
76.14
76.16
76.17
76.17
76.16
76.16
76.16
76.17
76.16
76.16
76.17
76.17
76.17
76.18
76.18
76.17
76.17
76.18
76.20
76.21
76.20
76.21
76.23
76.24
76.23
76.24
76.22
76.22
76.22
76.21
76.18
76.20
76.19
76.20
76.19
76.20
76.20
76.20
76.21
76.23
76.22
76.21
76.21
76.21
76.21
76.22
76.22
76.19
76.20
76.19
76.18
76.18
76.18
76.18
76.17
76.15
76.15
76.15
76.16
76.16
76.15
76.13
76.14
76.15
76.16
76.17
76.18
76.19
76.18
76.18
76.19
76.20
76.20
76.19
76.20
76.21
76.22
76.21
76.21
76.22
76.22
76.21
76.22
76.22
76.20
76.19
76.18
76.19
76.18
76.17
76.18
76.18
76.18
76.17
76.17
76.17
76.17
76.16
76.16
76.15
76.14
76.13
76.14
76.12
76.12
76.12
76.13
76.14
76.13
76.14
76.15
76.16
76.15
76.14
76.12
76.12
76.13
76.13
76.11
76.11
76.11
76.10
76.09
76.09
76.09
76.09
76.08
76.08
76.09
76.10
76.10
76.10
76.09
76.10
76.10
76.11
76.11
76.11
76.11
76.11
76.11
76.12
76.12
76.14
76.14
76.14
76.15
76.15
76.15
76.13
76.13
76.12
76.12
76.12
76.14
76.15
76.14
76.14
76.15
76.15
76.16
76.16
76.15
76.16
76.17
76.17
76.18
76.17
76.16
76.15
76.15
76.15
76.16
76.16
76.16
76.17
76.16
76.17
76.17
76.17
76.16
76.17
76.19
76.17
76.17
76.17
76.18
76.18
76.18
76.18
76.17
76.16
76.16
76.16
76.15
76.14
76.13
76.14
76.16
76.15
76.13
76.13
76.13
76.13
76.13
76.13
76.12
76.12
76.11
76.11
76.11
76.12
76.12
76.13
76.11
76.12
76.12
76.11
76.12
76.10
76.10
76.10
76.10
76.11
76.11
76.11
76.11
76.11
76.11
76.12
76.12
76.11
76.13
76.15
76.14
76.14
76.14
76.15
76.15
76.14
76.14
76.14
76.14
76.14
76.15
76.15
76.16
76.17
76.17
76.16
76.17
76.16
76.15
76.15
76.15
76.16
76.16
76.17
76.17
76.17
76.18
76.19
76.19
76.18
76.17
76.17
76.15
76.15
76.17
76.15
76.16
76.15
76.15
76.16
76.14
76.13
76.14
76.07
