73.44
72.66
73.44
75.39
76.88
76.82
75.67
75.20
75.35
75.47
76.14
76.30
75.84
76.56
76.77
76.27
76.56
76.22
75.90
76.33
76.49
76.49
76.36
76.30
76.56
76.74
76.56
76.34
76.51
76.35
76.16
76.03
76.09
76.33
76.25
76.61
76.48
76.32
76.44
76.33
76.22
76.38
76.42
76.46
76.28
76.29
76.40
76.50
76.56
76.75
76.62
76.56
76.50
76.56
76.65
76.70
76.75
76.72
76.80
76.77
76.87
76.89
76.86
76.83
76.75
76.82
76.80
76.63
76.61
76.41
76.32
76.26
76.33
76.29
76.40
76.44
76.36
76.26
76.31
76.41
76.41
76.30
76.26
76.21
76.19
76.14
76.20
76.15
76.09
76.08
76.03
76.10
76.11
76.13
76.13
76.14
76.08
76.07
76.14
76.14
76.14
76.07
76.00
75.90
75.92
75.96
75.99
75.97
75.99
75.95
75.94
75.93
75.97
75.95
75.90
75.86
75.79
75.75
75.60
75.52
75.56
75.58
75.60
75.66
75.67
75.74
75.78
75.77
75.79
75.79
75.81
75.79
75.79
75.87
75.87
75.91
75.84
75.77
75.76
75.74
75.80
75.85
75.89
75.91
75.92
75.92
76.00
76.01
76.00
76.00
75.98
75.93
75.92
75.87
75.90
75.92
75.97
75.98
76.00
76.01
75.98
76.02
76.00
75.96
75.96
75.94
75.91
75.88
75.90
75.85
75.82
75.81
75.86
75.84
75.84
75.83
75.79
75.84
75.79
75.79
75.82
75.82
75.83
75.86
75.85
75.83
75.85
75.88
75.87
75.86
75.87
75.85
75.86
75.88
75.87
75.89
75.87
75.89
75.99
76.04
76.07
76.04
76.04
76.06
76.02
76.00
76.06
76.07
76.06
76.03
76.04
76.01
76.00
76.04
76.05
76.03
76.02
75.95
75.97
75.98
76.01
76.01
76.07
76.06
76.06
76.06
76.06
76.10
76.10
76.08
76.11
76.12
76.12
76.13
76.09
76.08
76.05
76.03
76.03
76.04
76.06
76.04
76.05
76.01
75.99
75.97
75.98
75.99
75.95
75.92
75.93
75.94
75.92
75.90
75.93
75.96
75.95
75.96
75.95
75.93
75.92
75.95
75.97
75.97
75.96
75.96
75.96
75.98
75.99
76.01
75.98
75.99
76.00
76.00
75.99
76.00
75.99
76.01
76.01
76.00
76.01
76.03
76.04
76.06
76.07
76.05
76.07
76.08
76.10
76.12
76.10
76.10
76.04
76.06
76.10
76.10
76.12
76.13
76.13
76.13
76.11
76.14
76.18
76.16
76.15
76.13
76.13
76.15
76.13
76.12
76.12
76.12
76.11
76.08
76.09
76.06
76.05
76.05
76.07
76.06
76.08
76.07
76.07
76.06
76.05
76.04
76.07
76.07
76.06
76.05
76.04
76.04
76.04
76.03
76.04
76.06
76.07
76.07
76.07
76.05
76.08
76.09
76.08
76.06
76.05
76.03
76.03
76.04
76.02
75.98
76.00
75.99
76.01
76.02
76.01
76.03
76.05
76.06
76.08
76.09
76.09
76.11
76.15
76.16
76.15
76.16
76.17
76.16
76.17
76.18
76.20
76.19
76.20
76.18
76.19
76.21
76.20
76.22
76.18
76.21
76.19
76.21
76.20
76.22
76.23
76.21
76.21
76.22
76.21
76.19
76.19
76.18
76.18
76.16
76.18
76.20
76.21
76.22
76.23
76.23
76.24
76.23
76.25
76.27
76.28
76.30
76.30
76.31
76.30
76.28
76.27
76.26
76.26
76.25
76.24
76.24
76.23
76.25
76.25
76.24
76.20
76.20
76.17
76.19
76.20
76.20
76.20
76.21
76.19
76.20
76.19
76.19
76.20
76.22
76.24
76.25
76.24
76.25
76.26
76.27
76.27
76.28
76.29
76.28
76.26
76.28
76.29
76.30
76.29
76.30
76.32
76.33
76.34
76.35
76.36
76.37
76.34
76.33
76.33
76.32
76.32
76.33
76.33
76.32
76.32
76.30
76.29
76.28
76.27
76.26
76.24
76.24
76.24
76.23
76.24
76.25
76.22
76.22
76.22
76.22
76.23
76.24
76.24
76.24
76.23
76.23
76.24
76.26
76.24
76.24
76.26
76.26
76.25
76.26
76.27
76.28
76.28
76.27
76.28
76.29
76.30
76.29
76.31
76.31
76.31
76.30
76.30
76.30
76.30
76.29
76.29
76.29
76.28
76.27
76.26
76.27
76.25
76.25
76.26
76.25
76.24
76.25
76.24
76.25
76.25
76.25
76.24
76.25
76.26
76.27
76.25
76.25
76.25
76.24
76.24
76.24
76.23
76.23
76.22
76.22
76.22
76.23
76.23
76.22
76.22
76.22
76.21
76.20
76.20
76.22
76.20
76.19
76.20
76.17
76.17
76.16
76.16
76.17
76.17
76.16
76.16
76.14
76.13
76.12
76.12
76.11
76.10
76.11
76.12
76.13
76.14
76.16
76.16
76.16
76.16
76.17
76.16
76.17
76.16
76.15
76.15
76.15
76.15
76.15
76.15
76.14
76.12
76.12
76.12
76.12
76.11
76.12
76.11
76.13
76.12
76.12
76.12
76.11
76.12
76.11
76.11
76.11
76.11
76.12
76.12
76.11
76.13
76.13
76.11
76.10
76.09
76.10
76.10
76.11
76.11
76.11
76.11
76.12
76.13
76.12
76.13
76.13
76.14
76.14
76.14
76.14
76.14
76.12
76.13
76.12
76.11
76.11
76.11
76.12
76.12
76.13
76.13
76.12
76.13
76.13
76.11
76.12
76.13
76.13
76.13
76.12
76.13
76.12
76.13
76.14
76.14
76.15
76.16
76.16
76.15
76.14
76.14
76.14
76.14
76.15
76.15
76.15
76.15
76.16
76.17
76.16
76.16
76.14
76.14
76.15
76.16
76.15
76.16
76.15
76.15
76.15
76.16
76.16
76.16
76.16
76.17
76.18
76.20
76.19
76.20
76.20
76.20
76.20
76.21
76.20
76.19
76.19
76.19
76.17
76.17
76.18
76.19
76.18
76.18
76.18
76.18
76.18
76.18
76.18
76.18
76.18
76.18
76.19
76.18
76.19
76.19
76.20
76.20
76.18
76.18
76.17
76.17
76.18
76.18
76.19
76.19
76.19
76.20
76.19
76.19
76.20
76.20
76.20
76.20
76.19
76.20
76.20
76.20
76.20
76.19
76.20
76.20
76.20
76.20
76.20
76.19
76.19
76.19
76.19
76.19
76.18
76.18
76.18
76.18
76.17
76.17
76.17
76.16
76.16
76.17
76.16
76.17
76.17
76.16
76.16
76.17
76.16
76.16
76.16
76.17
76.17
76.18
76.18
76.17
76.16
76.16
76.18
76.18
76.17
76.17
76.16
76.15
76.15
76.15
76.15
76.14
76.07
