26.56
25.00
23.44
24.22
24.38
24.48
24.78
25.98
25.87
25.94
25.57
25.26
25.36
24.55
24.69
24.32
24.17
24.57
24.18
23.98
24.40
24.29
24.05
23.83
23.88
23.80
23.90
23.49
23.76
24.01
23.89
23.73
23.86
23.76
23.57
23.96
23.86
23.93
23.60
23.36
23.59
23.44
23.36
23.15
23.33
23.51
23.50
23.34
23.31
23.28
23.44
23.44
23.35
23.50
23.58
23.49
23.41
23.36
23.41
23.33
23.31
23.24
23.26
23.14
23.27
23.27
23.32
23.30
23.41
23.28
23.33
23.18
23.14
23.04
23.06
23.09
22.97
22.90
22.94
22.85
22.84
22.81
22.80
22.84
22.79
22.69
22.65
22.67
22.65
22.60
22.63
22.62
22.65
22.66
22.66
22.64
22.65
22.51
22.47
22.55
22.54
22.61
22.65
22.66
22.72
22.74
22.63
22.60
22.63
22.59
22.62
22.63
22.66
22.51
22.53
22.52
22.52
22.50
22.54
22.57
22.65
22.58
22.55
22.53
22.61
22.58
22.59
22.56
22.52
22.45
22.40
22.37
22.33
22.38
22.37
22.37
22.34
22.26
22.28
22.27
22.23
22.23
22.20
22.22
22.24
22.21
22.23
22.26
22.33
22.33
22.36
22.41
22.42
22.46
22.42
22.35
22.35
22.40
22.38
22.33
22.32
22.26
22.27
22.27
22.27
22.27
22.26
22.29
22.30
22.30
22.28
22.29
22.39
22.36
22.34
22.36
22.38
22.35
22.36
22.38
22.39
22.42
22.38
22.41
22.39
22.41
22.43
22.47
22.47
22.48
22.46
22.44
22.45
22.44
22.38
22.39
22.37
22.36
22.33
22.34
22.34
22.32
22.33
22.30
22.31
22.31
22.30
22.30
22.28
22.27
22.29
22.26
22.26
22.25
22.22
22.20
22.18
22.19
22.17
22.15
22.15
22.16
22.18
22.20
22.21
22.20
22.22
22.22
22.22
22.17
22.16
22.12
22.12
22.09
22.07
22.07
22.05
22.03
22.06
22.08
22.06
22.07
22.05
22.02
22.05
22.03
22.06
22.10
22.11
22.12
22.16
22.17
22.17
22.17
22.13
22.11
22.08
22.04
22.05
22.03
22.01
22.00
22.00
22.02
22.05
22.05
22.06
22.08
22.10
22.09
22.11
22.11
22.09
22.08
22.05
22.02
22.05
22.07
22.07
22.05
22.05
22.07
22.06
22.08
22.04
22.03
22.03
22.01
21.98
21.96
21.96
21.94
21.94
21.93
21.92
21.91
21.92
21.90
21.88
21.86
21.87
21.86
21.88
21.90
21.88
21.88
21.88
21.88
21.88
21.86
21.87
21.90
21.90
21.88
21.87
21.88
21.88
21.89
21.87
21.87
21.89
21.88
21.87
21.87
21.90
21.88
21.87
21.85
21.86
21.83
21.83
21.81
21.82
21.80
21.80
21.79
21.77
21.81
21.81
21.82
21.83
21.84
21.84
21.85
21.84
21.84
21.83
21.84
21.82
21.80
21.81
21.81
21.80
21.80
21.83
21.84
21.84
21.81
21.84
21.87
21.86
21.87
21.86
21.85
21.85
21.87
21.88
21.88
21.88
21.88
21.90
21.92
21.92
21.93
21.94
21.95
21.95
21.95
21.97
21.98
22.00
21.98
22.00
21.99
21.99
22.01
22.01
22.02
22.03
22.04
22.03
22.03
22.03
22.02
22.01
22.02
22.01
22.02
22.01
22.02
22.02
22.00
21.98
21.99
21.99
21.99
22.01
22.01
22.01
22.01
22.03
22.02
22.01
22.01
21.99
21.98
21.96
21.99
21.98
21.98
21.97
21.94
21.96
21.98
21.98
21.97
21.98
21.97
21.97
21.95
21.95
21.96
21.98
21.98
21.99
21.99
21.97
21.97
21.97
21.99
21.99
21.99
21.97
21.98
21.98
21.98
21.96
21.97
21.95
21.94
21.93
21.92
21.92
21.92
21.92
21.92
21.92
21.92
21.92
21.93
21.95
21.95
21.96
21.95
21.94
21.94
21.93
21.93
21.91
21.93
21.94
21.93
21.92
21.92
21.91
21.91
21.91
21.90
21.90
21.91
21.91
21.92
21.94
21.95
21.96
21.96
21.97
21.98
21.96
21.97
21.99
21.97
21.96
21.95
21.96
21.97
21.99
22.00
22.01
22.00
22.00
22.01
22.01
22.00
21.98
21.97
21.98
21.99
22.00
21.99
22.00
22.01
22.01
22.03
22.04
22.02
22.02
22.02
22.03
22.04
22.05
22.05
22.05
22.05
22.06
22.04
22.04
22.03
22.03
22.04
22.04
22.04
22.04
22.04
22.05
22.05
22.05
22.04
22.04
22.03
22.03
22.05
22.05
22.04
22.04
22.05
22.05
22.05
22.05
22.05
22.05
22.05
22.06
22.06
22.04
22.05
22.06
22.05
22.04
22.06
22.06
22.07
22.07
22.06
22.08
22.08
22.07
22.07
22.07
22.07
22.07
22.08
22.09
22.08
22.07
22.08
22.08
22.07
22.06
22.05
22.06
22.08
22.07
22.06
22.07
22.06
22.06
22.08
22.09
22.09
22.08
22.07
22.08
22.09
22.08
22.08
22.07
22.08
22.06
22.06
22.05
22.05
22.04
22.04
22.06
22.05
22.07
22.05
22.06
22.07
22.08
22.09
22.10
22.11
22.10
22.10
22.08
22.07
22.07
22.08
22.08
22.08
22.09
22.09
22.09
22.09
22.09
22.09
22.08
22.07
22.08
22.08
22.07
22.07
22.06
22.06
22.05
22.05
22.04
22.05
22.05
22.05
22.05
22.06
22.05
22.05
22.05
22.05
22.05
22.06
22.07
22.08
22.07
22.06
22.07
22.07
22.07
22.07
22.08
22.08
22.10
22.10
22.09
22.09
22.10
22.11
22.11
22.11
22.13
22.13
22.13
22.13
22.12
22.13
22.14
22.14
22.16
22.17
22.16
22.18
22.19
22.20
22.20
22.20
22.21
22.21
22.20
22.21
22.20
22.20
22.19
22.18
22.16
22.17
22.17
22.16
22.16
22.16
22.16
22.15
22.17
22.17
22.17
22.17
22.17
22.17
22.18
22.18
22.17
22.18
22.18
22.16
22.16
22.17
22.16
22.17
22.18
22.17
22.17
22.17
22.18
22.18
22.17
22.16
22.15
22.16
22.16
22.17
22.16
22.15
22.15
22.15
22.15
22.14
22.15
22.15
22.14
22.14
22.15
22.16
22.16
22.16
22.15
22.15
22.15
22.15
22.15
22.15
22.15
22.15
22.16
22.15
22.14
22.15
22.14
22.14
22.15
22.14
22.14
22.14
22.14
22.14
22.14
22.15
22.15
22.14
22.15
22.14
22.15
22.15
22.14
22.16
22.16
22.16
22.16
22.16
22.16
22.16
22.15
22.16
22.16
22.14
