67.19
71.88
73.96
72.66
72.81
74.48
74.55
75.20
75.52
75.62
74.57
74.35
74.16
74.11
74.06
74.71
74.91
75.17
75.00
75.23
75.45
75.71
75.82
75.46
75.19
75.60
75.52
75.50
75.43
75.83
76.01
76.27
76.47
76.65
76.56
76.52
76.35
75.86
75.76
75.98
75.91
75.82
75.84
75.92
76.01
76.02
75.93
75.98
76.05
76.12
76.19
76.17
76.24
76.16
76.16
76.00
76.10
76.05
76.01
76.09
76.10
76.11
76.07
76.12
76.20
76.25
76.19
76.06
76.02
76.07
76.06
76.04
75.98
75.91
75.75
75.72
75.73
75.74
75.65
75.64
75.69
75.72
75.77
75.80
75.81
75.74
75.77
75.73
75.77
75.73
75.62
75.66
75.60
75.55
75.54
75.57
75.63
75.54
75.54
75.62
75.59
75.61
75.62
75.54
75.55
75.63
75.70
75.80
75.75
75.84
75.80
75.88
75.93
75.93
75.99
75.97
76.00
76.02
75.97
75.98
75.98
75.97
75.97
75.93
75.89
75.93
75.95
75.96
75.93
75.94
75.98
76.01
75.99
76.00
75.98
76.01
76.02
76.05
76.07
76.07
76.04
76.08
76.10
76.03
76.00
75.98
75.91
75.89
75.82
75.85
75.86
75.88
75.86
75.82
75.86
75.88
75.87
75.85
75.83
75.83
75.79
75.80
75.75
75.81
75.79
75.82
75.86
75.85
75.82
75.84
75.84
75.87
75.89
75.89
75.88
75.90
75.91
75.93
75.95
75.89
75.91
75.93
75.89
75.87
75.87
75.91
75.91
75.94
75.88
75.88
75.84
75.83
75.86
75.87
75.83
75.81
75.86
75.84
75.83
75.83
75.86
75.87
75.92
75.98
75.98
75.95
75.93
75.90
75.93
75.89
75.90
75.95
75.96
75.99
75.95
75.94
75.89
75.86
75.82
75.86
75.90
75.88
75.87
75.89
75.91
75.93
75.91
75.93
75.94
75.93
75.91
75.92
75.95
75.92
75.94
75.95
76.00
75.98
75.99
76.02
76.03
76.01
76.04
76.02
75.98
75.98
75.97
75.98
75.98
75.99
76.01
76.00
76.01
76.01
76.05
76.04
76.04
76.02
76.05
76.03
76.00
76.01
76.00
75.99
75.97
75.98
75.98
76.01
75.97
75.94
75.92
75.94
75.94
75.98
75.97
75.93
75.91
75.92
75.94
75.95
75.92
75.96
75.96
75.97
75.95
75.95
75.90
75.90
75.90
75.88
75.89
75.91
75.92
75.94
75.94
75.92
75.90
75.91
75.94
75.92
75.93
75.95
75.94
75.93
75.94
75.93
75.94
75.92
75.92
75.91
75.92
75.93
75.94
75.91
75.92
75.94
75.94
75.94
75.95
75.96
75.93
75.92
75.91
75.93
75.93
75.93
75.94
75.94
75.94
75.94
75.94
75.95
75.95
75.94
75.96
75.95
75.94
75.95
75.95
75.95
75.95
75.95
75.92
75.91
75.90
75.92
75.95
75.96
75.95
75.97
75.97
75.99
75.98
75.99
75.98
75.98
76.00
76.02
76.01
76.00
76.00
76.00
75.96
75.95
75.96
75.99
76.01
76.01
76.01
75.99
76.01
76.03
76.04
76.05
76.02
76.02
76.04
76.05
76.06
76.05
76.07
76.08
76.10
76.11
76.12
76.11
76.13
76.10
76.09
76.10
76.09
76.08
76.09
76.08
76.09
76.09
76.08
76.10
76.10
76.12
76.12
76.13
76.14
76.12
76.12
76.12
76.14
76.16
76.17
76.17
76.14
76.15
76.17
76.17
76.16
76.15
76.14
76.13
76.15
76.17
76.16
76.16
76.16
76.15
76.15
76.16
76.15
76.15
76.17
76.19
76.19
76.19
76.19
76.17
76.18
76.20
76.19
76.17
76.19
76.20
76.20
76.20
76.20
76.20
76.20
76.19
76.21
76.23
76.24
76.21
76.22
76.22
76.21
76.22
76.23
76.21
76.22
76.23
76.24
76.23
76.24
76.23
76.23
76.23
76.24
76.25
76.26
76.26
76.25
76.24
76.23
76.23
76.23
76.23
76.24
76.24
76.23
76.25
76.24
76.23
76.23
76.23
76.24
76.24
76.22
76.22
76.24
76.24
76.25
76.25
76.26
76.26
76.26
76.25
76.23
76.23
76.23
76.25
76.25
76.23
76.24
76.24
76.24
76.25
76.24
76.25
76.26
76.25
76.26
76.27
76.26
76.26
76.25
76.26
76.26
76.26
76.27
76.27
76.27
76.28
76.28
76.29
76.28
76.28
76.29
76.30
76.30
76.31
76.29
76.30
76.29
76.27
76.28
76.29
76.29
76.29
76.29
76.30
76.31
76.30
76.31
76.32
76.34
76.34
76.34
76.34
76.34
76.32
76.33
76.35
76.33
76.32
76.31
76.31
76.32
76.32
76.31
76.32
76.32
76.33
76.33
76.33
76.33
76.35
76.34
76.34
76.34
76.33
76.35
76.37
76.37
76.37
76.36
76.36
76.35
76.35
76.36
76.35
76.33
76.34
76.36
76.36
76.35
76.35
76.34
76.34
76.34
76.33
76.33
76.32
76.33
76.32
76.33
76.33
76.34
76.34
76.34
76.34
76.34
76.33
76.34
76.34
76.34
76.34
76.35
76.34
76.36
76.36
76.36
76.34
76.35
76.35
76.35
76.36
76.36
76.37
76.35
76.36
76.35
76.34
76.34
76.34
76.35
76.34
76.33
76.33
76.33
76.31
76.33
76.33
76.34
76.32
76.31
76.31
76.31
76.31
76.30
76.31
76.30
76.30
76.29
76.28
76.28
76.27
76.26
76.27
76.28
76.26
76.25
76.23
76.24
76.24
76.24
76.23
76.22
76.22
76.23
76.23
76.22
76.22
76.22
76.22
76.22
76.21
76.22
76.21
76.21
76.22
76.21
76.21
76.22
76.22
76.20
76.21
76.20
76.20
76.21
76.21
76.21
76.20
76.22
76.22
76.22
76.21
76.21
76.21
76.22
76.22
76.23
76.23
76.22
76.22
76.20
76.20
76.19
76.19
76.20
76.19
76.18
76.19
76.19
76.19
76.19
76.19
76.19
76.18
76.19
76.19
76.18
76.19
76.17
76.18
76.19
76.19
76.19
76.20
76.19
76.18
76.18
76.17
76.18
76.18
76.18
76.18
76.18
76.17
76.18
76.18
76.16
76.18
76.19
76.18
76.17
76.16
76.16
76.15
76.15
76.15
76.16
76.16
76.17
76.17
76.17
76.17
76.18
76.18
76.18
76.19
76.18
76.19
76.19
76.18
76.17
76.16
76.15
76.16
76.16
76.16
76.16
76.17
76.17
76.17
76.17
76.16
76.15
76.16
76.16
76.14
76.14
76.13
76.13
76.13
76.13
76.12
76.12
76.11
76.12
76.12
76.13
76.12
76.13
76.05
