79.69
79.69
81.25
77.34
77.81
77.60
78.79
79.30
78.65
78.75
78.55
77.86
77.64
78.01
77.71
77.73
76.93
77.00
76.81
76.56
76.49
76.70
77.04
77.15
76.69
76.38
76.39
76.51
76.45
76.61
76.61
76.46
76.52
76.52
76.07
75.78
75.55
75.66
75.84
75.94
75.88
76.00
75.84
75.78
75.69
75.75
75.63
75.85
75.83
75.75
75.58
75.54
75.47
75.41
75.40
75.36
75.38
75.48
75.53
75.65
75.61
75.48
75.47
75.51
75.62
75.83
75.72
75.71
75.68
75.58
75.73
75.74
75.75
75.76
75.77
75.78
75.87
75.86
75.93
75.92
75.95
76.03
76.11
76.08
76.07
76.05
76.11
76.07
76.09
76.06
75.89
75.92
75.91
75.91
75.89
75.94
75.98
75.97
76.06
76.02
76.02
76.03
76.03
76.02
75.94
75.87
75.89
75.91
75.92
75.82
75.86
75.92
75.94
75.95
75.95
75.90
75.85
75.86
75.83
75.83
75.84
75.77
75.75
75.77
75.89
75.84
75.81
75.73
75.80
75.85
75.92
75.92
75.98
75.97
75.94
75.95
75.97
75.92
75.89
75.83
75.83
75.86
75.83
75.81
75.84
75.86
75.86
75.82
75.89
75.89
75.86
75.83
75.79
75.75
75.71
75.71
75.71
75.77
75.80
75.81
75.82
75.86
75.81
75.86
75.87
75.85
75.88
75.87
75.87
75.89
75.89
75.88
75.89
75.90
75.88
75.92
75.94
75.94
75.92
75.89
75.88
75.88
75.87
75.90
75.86
75.87
75.84
75.85
75.84
75.85
75.89
75.89
75.88
75.89
75.91
75.92
75.92
75.92
75.92
75.88
75.90
75.90
75.86
75.83
75.82
75.82
75.85
75.90
75.90
75.91
75.92
75.89
75.89
75.84
75.83
75.85
75.83
75.82
75.82
75.80
75.79
75.80
75.76
75.74
75.79
75.79
75.77
75.79
75.79
75.79
75.83
75.83
75.87
75.90
75.90
75.89
75.85
75.89
75.93
75.94
75.91
75.91
75.92
75.89
75.92
75.93
75.92
75.84
75.85
75.83
75.82
75.79
75.82
75.82
75.83
75.77
75.79
75.78
75.77
75.78
75.77
75.76
75.74
75.74
75.75
75.73
75.74
75.75
75.73
75.75
75.77
75.78
75.77
75.80
75.80
75.81
75.78
75.80
75.81
75.83
75.87
75.87
75.87
75.85
75.86
75.86
75.85
75.85
75.82
75.81
75.81
75.83
75.83
75.84
75.83
75.82
75.82
75.84
75.80
75.80
75.80
75.81
75.80
75.77
75.76
75.77
75.78
75.79
75.78
75.76
75.73
75.72
75.71
75.70
75.72
75.74
75.74
75.74
75.75
75.77
75.74
75.73
75.74
75.73
75.72
75.76
75.76
75.75
75.76
75.73
75.73
75.73
75.76
75.74
75.72
75.73
75.72
75.74
75.73
75.74
75.74
75.78
75.77
75.79
75.81
75.79
75.78
75.78
75.80
75.78
75.78
75.79
75.76
75.75
75.75
75.76
75.79
75.80
75.82
75.82
75.80
75.79
75.80
75.78
75.78
75.79
75.79
75.82
75.83
75.85
75.84
75.85
75.85
75.86
75.85
75.83
75.85
75.85
75.84
75.86
75.85
75.85
75.82
75.82
75.84
75.86
75.87
75.88
75.89
75.90
75.90
75.90
75.94
75.93
75.93
75.95
75.98
75.97
75.97
75.96
75.94
75.94
75.95
75.95
75.95
75.95
75.93
75.94
75.95
75.94
75.93
75.95
75.95
75.97
75.99
75.98
75.99
76.01
76.00
76.00
76.00
75.99
75.99
75.97
75.95
75.96
75.97
75.98
75.98
75.97
75.97
75.97
75.99
75.99
75.99
75.99
75.99
76.01
76.02
76.04
76.02
76.03
76.01
76.01
76.00
75.99
75.99
75.97
75.98
75.96
75.96
75.94
75.96
75.94
75.93
75.94
75.94
75.94
75.93
75.94
75.93
75.93
75.93
75.96
75.96
75.98
75.99
75.97
75.98
75.99
76.01
76.03
76.04
76.05
76.04
76.04
76.05
76.06
76.05
76.08
76.10
76.11
76.10
76.09
76.10
76.09
76.08
76.09
76.08
76.09
76.09
76.07
76.08
76.08
76.10
76.10
76.09
76.10
76.12
76.12
76.11
76.13
76.11
76.11
76.12
76.12
76.11
76.11
76.12
76.13
76.11
76.11
76.14
76.14
76.12
76.11
76.12
76.12
76.12
76.11
76.11
76.11
76.10
76.10
76.10
76.11
76.11
76.09
76.10
76.08
76.08
76.09
76.10
76.09
76.09
76.08
76.09
76.09
76.10
76.09
76.09
76.09
76.09
76.10
76.10
76.10
76.12
76.11
76.12
76.12
76.13
76.13
76.12
76.13
76.13
76.13
76.14
76.14
76.13
76.14
76.14
76.14
76.14
76.16
76.14
76.12
76.12
76.12
76.11
76.11
76.11
76.11
76.12
76.13
76.14
76.14
76.14
76.14
76.13
76.13
76.13
76.13
76.14
76.14
76.14
76.14
76.14
76.16
76.16
76.16
76.14
76.14
76.14
76.15
76.15
76.17
76.16
76.17
76.18
76.17
76.18
76.18
76.18
76.19
76.20
76.21
76.21
76.22
76.22
76.20
76.20
76.21
76.20
76.20
76.21
76.21
76.21
76.20
76.20
76.21
76.22
76.22
76.22
76.21
76.22
76.22
76.21
76.21
76.21
76.21
76.22
76.21
76.21
76.21
76.22
76.21
76.20
76.20
76.19
76.20
76.20
76.20
76.19
76.18
76.17
76.18
76.17
76.16
76.17
76.17
76.17
76.18
76.18
76.17
76.18
76.18
76.18
76.18
76.18
76.18
76.18
76.17
76.16
76.15
76.15
76.14
76.15
76.16
76.15
76.16
76.17
76.17
76.17
76.16
76.16
76.17
76.17
76.16
76.18
76.18
76.18
76.19
76.19
76.19
76.20
76.20
76.20
76.21
76.21
76.21
76.22
76.23
76.22
76.22
76.20
76.20
76.20
76.20
76.20
76.20
76.19
76.18
76.18
76.18
76.19
76.18
76.18
76.18
76.19
76.18
76.18
76.20
76.20
76.21
76.20
76.20
76.20
76.20
76.20
76.20
76.18
76.19
76.20
76.20
76.21
76.21
76.21
76.21
76.20
76.20
76.19
76.20
76.20
76.19
76.20
76.18
76.17
76.16
76.16
76.17
76.17
76.17
76.17
76.17
76.16
76.16
76.14
76.13
76.12
76.12
76.14
76.15
76.14
76.14
76.14
76.14
76.15
76.13
76.15
76.16
76.17
76.18
76.17
76.16
76.15
76.15
76.15
76.15
76.15
76.15
76.14
76.16
76.16
76.16
76.15
76.16
76.15
76.15
76.14
76.14
76.14
76.07
