75.00
71.09
74.48
76.95
77.50
75.26
76.56
75.78
75.52
75.00
75.00
75.39
75.84
76.00
76.04
75.49
75.37
75.78
75.66
75.70
75.97
76.07
76.63
76.56
76.25
76.38
76.27
76.28
76.35
76.09
76.16
76.27
76.18
76.15
76.16
76.09
76.14
76.19
76.04
76.05
76.07
75.86
75.84
75.71
75.73
75.85
75.86
76.01
76.02
76.00
76.16
76.11
76.24
76.24
76.11
76.09
76.07
76.21
76.32
76.41
76.51
76.46
76.31
76.37
76.37
76.30
76.35
76.33
76.40
76.50
76.36
76.30
76.22
76.14
76.06
76.13
76.16
76.20
76.19
76.23
76.29
76.31
76.36
76.30
76.36
76.44
76.42
76.33
76.33
76.32
76.37
76.38
76.34
76.33
76.25
76.30
76.24
76.29
76.22
76.22
76.22
76.19
76.18
76.13
76.09
76.09
76.02
76.00
75.96
76.02
76.00
76.09
76.12
76.11
76.17
76.23
76.28
76.34
76.39
76.37
76.45
76.41
76.46
76.54
76.54
76.55
76.61
76.55
76.55
76.49
76.42
76.37
76.39
76.40
76.38
76.42
76.51
76.52
76.56
76.58
76.57
76.61
76.57
76.60
76.59
76.63
76.65
76.69
76.67
76.63
76.63
76.60
76.64
76.67
76.67
76.68
76.69
76.69
76.65
76.61
76.63
76.61
76.66
76.71
76.76
76.75
76.75
76.70
76.73
76.71
76.69
76.71
76.71
76.72
76.75
76.72
76.77
76.80
76.81
76.84
76.81
76.80
76.79
76.80
76.81
76.83
76.80
76.82
76.84
76.83
76.86
76.82
76.86
76.90
76.90
76.91
76.84
76.85
76.78
76.78
76.76
76.76
76.75
76.72
76.75
76.74
76.72
76.72
76.73
76.70
76.71
76.73
76.72
76.66
76.71
76.74
76.76
76.74
76.71
76.72
76.72
76.75
76.73
76.75
76.73
76.73
76.68
76.67
76.65
76.64
76.66
76.68
76.66
76.68
76.66
76.64
76.67
76.65
76.63
76.65
76.60
76.59
76.59
76.61
76.61
76.58
76.54
76.49
76.49
76.50
76.53
76.51
76.48
76.49
76.49
76.52
76.51
76.49
76.50
76.45
76.47
76.47
76.46
76.48
76.46
76.49
76.47
76.49
76.47
76.46
76.45
76.45
76.45
76.48
76.45
76.41
76.39
76.38
76.40
76.40
76.42
76.41
76.41
76.42
76.43
76.44
76.42
76.41
76.43
76.42
76.44
76.44
76.45
76.42
76.41
76.45
76.43
76.42
76.45
76.43
76.45
76.42
76.45
76.43
76.45
76.46
76.45
76.45
76.45
76.44
76.45
76.43
76.42
76.42
76.41
76.39
76.38
76.38
76.37
76.38
76.40
76.39
76.42
76.44
76.42
76.41
76.41
76.40
76.41
76.41
76.42
76.41
76.42
76.42
76.45
76.46
76.46
76.45
76.42
76.43
76.44
76.44
76.46
76.47
76.46
76.45
76.47
76.47
76.49
76.48
76.48
76.49
76.46
76.47
76.48
76.45
76.48
76.50
76.48
76.49
76.51
76.48
76.46
76.45
76.44
76.41
76.40
76.39
76.37
76.39
76.41
76.42
76.42
76.40
76.37
76.38
76.33
76.34
76.34
76.34
76.32
76.34
76.31
76.33
76.35
76.36
76.36
76.36
76.35
76.35
76.35
76.33
76.34
76.34
76.34
76.35
76.34
76.31
76.30
76.30
76.29
76.27
76.28
76.25
76.23
76.23
76.22
76.21
76.19
76.21
76.22
76.20
76.20
76.20
76.19
76.17
76.17
76.18
76.18
76.18
76.20
76.18
76.17
76.18
76.18
76.16
76.15
76.14
76.16
76.19
76.19
76.20
76.22
76.22
76.23
76.24
76.23
76.23
76.24
76.23
76.24
76.23
76.24
76.24
76.24
76.23
76.23
76.23
76.24
76.25
76.23
76.23
76.24
76.24
76.24
76.25
76.25
76.26
76.26
76.26
76.27
76.26
76.28
76.30
76.30
76.30
76.31
76.32
76.33
76.33
76.31
76.32
76.33
76.31
76.32
76.32
76.32
76.34
76.34
76.33
76.33
76.33
76.34
76.34
76.36
76.36
76.36
76.36
76.35
76.33
76.32
76.30
76.28
76.27
76.28
76.27
76.28
76.27
76.29
76.29
76.29
76.29
76.29
76.29
76.28
76.29
76.31
76.31
76.31
76.31
76.31
76.29
76.29
76.29
76.30
76.29
76.29
76.29
76.28
76.30
76.30
76.30
76.32
76.32
76.29
76.28
76.29
76.28
76.28
76.28
76.30
76.30
76.30
76.28
76.29
76.29
76.29
76.29
76.28
76.30
76.30
76.29
76.29
76.28
76.28
76.28
76.29
76.26
76.27
76.26
76.25
76.26
76.26
76.26
76.27
76.25
76.24
76.25
76.25
76.25
76.24
76.25
76.25
76.26
76.27
76.27
76.28
76.28
76.27
76.26
76.27
76.26
76.27
76.27
76.29
76.30
76.29
76.27
76.29
76.30
76.30
76.30
76.30
76.31
76.28
76.27
76.28
76.29
76.31
76.31
76.33
76.32
76.33
76.32
76.31
76.30
76.32
76.33
76.32
76.30
76.29
76.28
76.29
76.29
76.28
76.27
76.25
76.24
76.25
76.25
76.24
76.24
76.25
76.25
76.26
76.25
76.24
76.25
76.23
76.23
76.23
76.23
76.23
76.23
76.25
76.26
76.27
76.27
76.26
76.27
76.25
76.24
76.25
76.23
76.25
76.24
76.25
76.25
76.25
76.25
76.22
76.23
76.23
76.24
76.23
76.23
76.22
76.22
76.22
76.23
76.23
76.24
76.25
76.25
76.24
76.23
76.22
76.21
76.20
76.19
76.20
76.20
76.20
76.20
76.21
76.20
76.22
76.21
76.21
76.20
76.21
76.20
76.21
76.21
76.21
76.20
76.20
76.20
76.21
76.20
76.19
76.18
76.19
76.19
76.19
76.19
76.19
76.18
76.18
76.18
76.18
76.19
76.18
76.18
76.19
76.19
76.20
76.20
76.18
76.19
76.19
76.20
76.20
76.21
76.20
76.19
76.21
76.21
76.20
76.19
76.18
76.20
76.19
76.20
76.20
76.19
76.18
76.18
76.17
76.18
76.18
76.19
76.19
76.20
76.18
76.19
76.18
76.18
76.18
76.17
76.16
76.17
76.17
76.16
76.17
76.18
76.17
76.17
76.18
76.16
76.15
76.15
76.13
76.13
76.13
76.13
76.13
76.13
76.13
76.14
76.13
76.13
76.14
76.14
76.15
76.15
76.15
76.15
76.14
76.14
76.14
76.14
76.14
76.13
76.13
76.12
76.12
76.11
76.12
76.12
76.12
76.12
76.13
76.13
76.14
76.14
76.15
76.15
76.15
76.15
76.15
76.07
