82.81
83.59
82.29
81.25
79.69
80.47
80.36
80.66
78.99
78.28
78.69
78.12
78.12
77.79
77.60
77.44
77.48
77.00
76.97
76.56
76.34
76.42
76.49
76.43
76.06
76.08
75.81
76.00
75.75
75.73
75.45
75.24
75.43
75.28
75.22
75.30
75.34
75.12
75.16
75.12
75.30
75.26
75.15
75.25
75.45
75.61
75.66
75.78
75.70
75.38
75.49
75.63
75.74
75.52
75.63
75.81
75.77
75.73
75.64
75.49
75.61
75.68
75.60
75.56
75.50
75.50
75.40
75.41
75.48
75.49
75.59
75.50
75.58
75.59
75.58
75.56
75.61
75.66
75.63
75.62
75.60
75.67
75.75
75.82
75.70
75.64
75.65
75.64
75.67
75.61
75.55
75.46
75.35
75.35
75.36
75.34
75.27
75.26
75.28
75.33
75.23
75.26
75.30
75.23
75.19
75.24
75.19
75.23
75.29
75.33
75.38
75.28
75.30
75.42
75.38
75.32
75.31
75.29
75.33
75.35
75.31
75.35
75.28
75.25
75.25
75.22
75.21
75.22
75.16
75.14
75.16
75.13
75.14
75.13
75.07
75.09
75.08
75.16
75.25
75.28
75.18
75.23
75.22
75.20
75.17
75.13
75.20
75.16
75.20
75.20
75.23
75.22
75.21
75.27
75.32
75.36
75.33
75.30
75.28
75.31
75.31
75.30
75.27
75.28
75.31
75.32
75.37
75.41
75.43
75.45
75.44
75.43
75.42
75.46
75.46
75.50
75.55
75.57
75.54
75.53
75.57
75.62
75.64
75.63
75.58
75.60
75.63
75.62
75.63
75.62
75.65
75.63
75.64
75.67
75.70
75.66
75.71
75.71
75.71
75.73
75.76
75.70
75.69
75.70
75.71
75.74
75.76
75.74
75.70
75.74
75.76
75.77
75.80
75.77
75.78
75.80
75.81
75.81
75.78
75.79
75.78
75.74
75.76
75.80
75.78
75.79
75.79
75.80
75.83
75.86
75.90
75.84
75.84
75.84
75.81
75.87
75.86
75.87
75.86
75.83
75.83
75.84
75.86
75.81
75.83
75.79
75.81
75.82
75.80
75.84
75.87
75.85
75.83
75.85
75.86
75.85
75.86
75.87
75.87
75.87
75.87
75.88
75.87
75.86
75.84
75.82
75.80
75.81
75.80
75.80
75.83
75.86
75.86
75.86
75.84
75.80
75.77
75.81
75.81
75.82
75.80
75.83
75.84
75.85
75.83
75.84
75.84
75.86
75.89
75.91
75.91
75.92
75.93
75.93
75.97
75.99
75.97
75.98
75.99
75.99
76.01
75.99
75.97
75.98
75.99
75.94
75.91
75.91
75.94
75.92
75.93
75.94
75.91
75.90
75.91
75.91
75.93
75.95
75.92
75.90
75.92
75.92
75.94
75.95
75.93
75.94
75.94
75.93
75.95
75.96
75.93
75.89
75.89
75.91
75.88
75.90
75.91
75.88
75.89
75.87
75.86
75.87
75.87
75.85
75.86
75.89
75.91
75.90
75.93
75.94
75.91
75.92
75.91
75.90
75.91
75.92
75.91
75.88
75.87
75.88
75.88
75.89
75.87
75.84
75.84
75.85
75.84
75.86
75.85
75.85
75.85
75.87
75.88
75.88
75.89
75.89
75.89
75.87
75.87
75.87
75.88
75.89
75.90
75.91
75.92
75.93
75.93
75.92
75.92
75.94
75.94
75.95
75.98
75.98
75.98
75.99
75.98
75.99
76.01
76.04
76.02
76.03
76.05
76.09
76.08
76.09
76.07
76.06
76.03
76.04
76.05
76.04
76.03
76.03
76.04
76.03
76.03
76.03
76.04
76.03
76.04
76.05
76.05
76.04
76.04
76.03
76.02
76.04
76.03
75.99
75.98
75.96
75.96
75.97
75.95
75.94
75.95
75.95
75.94
75.93
75.96
75.96
75.98
75.99
75.98
75.99
75.98
75.98
75.98
75.99
75.97
75.98
75.98
75.96
75.97
75.95
75.96
75.97
75.95
75.94
75.96
75.93
75.93
75.91
75.93
75.93
75.95
75.95
75.94
75.95
75.95
75.94
75.93
75.94
75.93
75.94
75.94
75.94
75.96
75.96
75.96
75.96
75.96
75.97
75.97
75.99
75.98
75.98
75.96
75.96
75.95
75.97
75.96
75.96
75.96
75.94
75.93
75.93
75.93
75.94
75.95
75.96
75.95
75.97
75.97
75.97
75.98
75.98
75.98
75.97
75.97
75.97
75.95
75.96
75.98
75.98
75.99
75.99
76.00
76.00
75.99
76.00
75.99
75.98
76.00
76.02
76.03
76.03
76.02
76.01
76.03
76.04
76.03
76.03
76.01
76.01
76.03
76.02
76.02
76.01
76.01
76.03
76.03
76.01
76.01
76.01
76.02
76.02
76.03
76.04
76.05
76.04
76.04
76.04
76.04
76.04
76.05
76.06
76.06
76.05
76.05
76.05
76.05
76.05
76.05
76.05
76.06
76.05
76.05
76.06
76.07
76.08
76.08
76.08
76.07
76.07
76.06
76.08
76.08
76.07
76.06
76.05
76.07
76.08
76.07
76.06
76.06
76.07
76.07
76.06
76.05
76.05
76.07
76.07
76.07
76.07
76.07
76.08
76.07
76.05
76.05
76.06
76.07
76.08
76.08
76.08
76.10
76.09
76.09
76.10
76.09
76.10
76.09
76.09
76.09
76.09
76.08
76.07
76.08
76.07
76.06
76.06
76.03
76.02
76.03
76.04
76.04
76.05
76.05
76.05
76.04
76.04
76.04
76.04
76.04
76.03
76.04
76.04
76.02
76.01
76.00
76.00
75.99
76.00
76.01
76.01
76.01
76.03
76.03
76.03
76.02
76.01
76.00
76.01
76.00
76.01
76.00
76.01
76.00
76.00
76.01
76.01
76.01
76.02
76.01
76.01
76.03
76.03
76.03
76.03
76.03
76.03
76.04
76.03
76.03
76.02
76.02
76.02
76.01
76.02
76.03
76.04
76.05
76.05
76.04
76.04
76.04
76.04
76.05
76.05
76.06
76.07
76.06
76.05
76.05
76.04
76.04
76.04
76.03
76.04
76.04
76.04
76.04
76.04
76.04
76.04
76.05
76.04
76.04
76.03
76.04
76.05
76.06
76.06
76.08
76.08
76.07
76.07
76.08
76.08
76.09
76.10
76.10
76.10
76.10
76.10
76.09
76.08
76.07
76.07
76.06
76.06
76.07
76.07
76.06
76.06
76.06
76.06
76.06
76.07
76.06
76.06
76.06
76.06
76.07
76.06
76.06
76.07
76.08
76.09
76.07
76.08
76.07
76.07
76.06
76.07
76.07
76.07
76.08
76.09
76.09
76.09
76.10
76.09
76.07
76.07
76.07
76.06
76.06
76.05
76.04
76.05
76.05
76.04
76.03
76.02
76.02
76.02
76.02
76.04
76.04
75.97
