68.75
75.78
77.08
78.52
79.69
78.39
77.68
78.52
77.78
78.44
77.84
78.12
77.76
78.12
77.92
77.73
77.94
77.60
77.88
77.97
77.68
77.84
77.58
77.41
77.56
77.34
77.31
77.06
76.94
76.77
76.46
76.46
76.56
76.70
76.65
76.65
76.52
76.44
76.48
76.52
76.60
76.45
76.42
76.17
75.94
75.85
75.93
75.91
75.83
75.84
75.83
75.96
76.03
75.95
75.91
75.70
75.49
75.46
75.56
75.57
75.56
75.55
75.60
75.56
75.62
75.73
75.72
75.85
75.86
75.94
76.10
76.11
76.09
76.18
76.21
76.30
76.36
76.38
76.46
76.39
76.35
76.35
76.41
76.47
76.49
76.40
76.40
76.46
76.63
76.67
76.65
76.61
76.61
76.53
76.53
76.55
76.48
76.47
76.48
76.50
76.55
76.50
76.46
76.40
76.41
76.36
76.36
76.35
76.35
76.42
76.41
76.45
76.51
76.49
76.54
76.51
76.44
76.39
76.37
76.29
76.23
76.14
76.16
76.10
76.06
76.12
76.11
76.10
76.14
76.12
76.15
76.16
76.16
76.17
76.23
76.21
76.16
76.12
76.12
76.12
76.13
76.09
76.08
76.13
76.07
76.09
76.05
76.10
76.13
76.08
76.12
76.08
76.03
76.05
76.04
76.00
76.00
76.02
76.02
75.98
75.88
75.90
75.94
75.91
75.90
75.92
75.94
75.96
75.94
75.97
75.93
75.91
75.88
75.87
75.88
75.86
75.85
75.83
75.80
75.87
75.78
75.74
75.75
75.73
75.72
75.72
75.77
75.77
75.72
75.65
75.66
75.68
75.72
75.72
75.71
75.67
75.65
75.61
75.63
75.67
75.65
75.67
75.61
75.57
75.60
75.57
75.57
75.59
75.58
75.57
75.59
75.63
75.62
75.64
75.65
75.64
75.66
75.67
75.67
75.67
75.66
75.63
75.64
75.63
75.61
75.64
75.64
75.63
75.64
75.65
75.65
75.67
75.70
75.72
75.76
75.76
75.76
75.78
75.76
75.72
75.67
75.67
75.69
75.70
75.71
75.69
75.70
75.75
75.76
75.74
75.77
75.76
75.75
75.71
75.74
75.74
75.77
75.78
75.78
75.81
75.78
75.80
75.80
75.79
75.80
75.82
75.83
75.82
75.82
75.79
75.80
75.81
75.81
75.80
75.81
75.80
75.82
75.81
75.82
75.86
75.83
75.79
75.79
75.75
75.72
75.73
75.73
75.75
75.75
75.74
75.72
75.71
75.71
75.72
75.74
75.75
75.76
75.77
75.79
75.80
75.83
75.81
75.80
75.80
75.81
75.80
75.80
75.82
75.82
75.83
75.85
75.86
75.86
75.82
75.85
75.84
75.83
75.84
75.83
75.85
75.84
75.82
75.83
75.82
75.79
75.79
75.79
75.80
75.79
75.81
75.83
75.86
75.84
75.85
75.85
75.87
75.87
75.88
75.90
75.91
75.91
75.89
75.91
75.87
75.86
75.87
75.88
75.87
75.86
75.88
75.89
75.89
75.90
75.90
75.91
75.90
75.88
75.88
75.87
75.89
75.88
75.89
75.89
75.90
75.91
75.93
75.95
75.95
75.96
75.96
75.94
75.95
75.95
75.95
75.95
75.94
75.93
75.91
75.93
75.94
75.94
75.92
75.92
75.91
75.89
75.92
75.93
75.91
75.93
75.93
75.92
75.90
75.91
75.92
75.92
75.94
75.96
75.97
75.96
75.96
75.93
75.93
75.94
75.94
75.94
75.95
75.94
75.96
75.94
75.95
75.92
75.91
75.89
75.90
75.90
75.92
75.91
75.92
75.90
75.92
75.92
75.92
75.93
75.93
75.92
75.91
75.89
75.91
75.91
75.88
75.90
75.90
75.90
75.90
75.89
75.89
75.91
75.91
75.92
75.91
75.91
75.90
75.91
75.91
75.93
75.91
75.91
75.90
75.89
75.88
75.86
75.87
75.88
75.87
75.87
75.87
75.87
75.86
75.87
75.89
75.90
75.90
75.91
75.92
75.93
75.92
75.92
75.93
75.94
75.94
75.95
75.94
75.94
75.95
75.93
75.93
75.92
75.91
75.90
75.90
75.89
75.91
75.92
75.93
75.91
75.92
75.92
75.93
75.94
75.95
75.96
75.96
75.96
75.96
75.96
75.96
75.96
75.95
75.97
75.98
75.97
75.98
75.99
75.99
76.00
75.99
75.99
75.97
75.98
75.99
76.00
76.00
76.00
76.00
76.00
76.00
76.00
76.01
76.01
76.00
75.99
76.00
76.01
76.02
76.03
76.03
76.04
76.04
76.04
76.02
76.02
76.00
76.00
75.99
75.99
76.00
75.97
75.98
75.98
75.98
75.97
75.96
75.96
75.97
75.97
75.97
75.99
75.98
75.99
75.99
76.00
76.00
76.03
76.03
76.04
76.04
76.04
76.03
76.05
76.03
76.02
76.03
76.03
76.04
76.03
76.02
76.04
76.04
76.04
76.05
76.04
76.05
76.05
76.06
76.07
76.06
76.05
76.06
76.06
76.05
76.05
76.06
76.06
76.06
76.07
76.07
76.08
76.06
76.07
76.06
76.05
76.05
76.05
76.04
76.04
76.05
76.04
76.06
76.06
76.06
76.07
76.08
76.09
76.09
76.09
76.08
76.07
76.08
76.09
76.11
76.10
76.10
76.11
76.09
76.09
76.09
76.09
76.09
76.10
76.11
76.11
76.11
76.10
76.09
76.11
76.11
76.09
76.10
76.09
76.09
76.10
76.11
76.11
76.11
76.09
76.09
76.09
76.09
76.09
76.10
76.09
76.10
76.11
76.10
76.10
76.09
76.10
76.10
76.10
76.09
76.10
76.12
76.11
76.12
76.12
76.10
76.09
76.09
76.10
76.10
76.10
76.10
76.10
76.10
76.09
76.09
76.10
76.10
76.10
76.10
76.10
76.10
76.09
76.09
76.08
76.07
76.07
76.07
76.06
76.06
76.05
76.06
76.06
76.06
76.06
76.06
76.04
76.03
76.03
76.04
76.07
76.07
76.06
76.06
76.07
76.08
76.09
76.08
76.09
76.09
76.11
76.10
76.08
76.08
76.07
76.08
76.09
76.08
76.07
76.07
76.08
76.09
76.10
76.10
76.11
76.11
76.10
76.10
76.11
76.12
76.12
76.12
76.11
76.11
76.10
76.10
76.10
76.09
76.09
76.10
76.11
76.11
76.12
76.11
76.11
76.11
76.12
76.11
76.11
76.11
76.10
76.10
76.12
76.13
76.12
76.12
76.12
76.10
76.10
76.11
76.12
76.12
76.12
76.13
76.14
76.13
76.12
76.11
76.12
76.10
76.10
76.11
76.10
76.10
76.11
76.10
76.10
76.10
76.10
76.11
76.11
76.11
76.12
76.13
76.13
76.12
76.13
76.13
76.12
76.13
76.14
76.07
