78.12
80.47
80.73
78.52
77.19
77.08
76.12
75.78
76.22
76.56
76.85
76.82
76.44
75.78
75.73
75.88
75.64
76.04
76.15
76.02
75.82
75.71
75.68
75.78
75.75
75.78
75.69
75.61
75.92
75.94
76.11
75.83
75.66
75.74
75.62
75.61
75.72
75.86
75.80
75.94
76.14
76.26
76.38
76.38
76.25
76.22
76.20
76.17
76.18
76.19
76.23
76.20
76.09
76.22
76.16
76.12
76.29
76.32
76.09
76.02
76.18
76.34
76.34
76.44
76.30
76.30
76.45
76.54
76.70
76.63
76.56
76.61
76.71
76.79
76.77
76.91
76.89
76.78
76.76
76.76
76.83
76.70
76.71
76.71
76.62
76.60
76.56
76.58
76.51
76.51
76.58
76.55
76.53
76.46
76.38
76.40
76.37
76.34
76.37
76.31
76.27
76.32
76.30
76.31
76.28
76.24
76.17
76.24
76.26
76.24
76.13
76.14
76.16
76.15
76.17
76.12
76.08
76.17
76.22
76.21
76.19
76.20
76.22
76.26
76.26
76.30
76.33
76.33
76.30
76.27
76.24
76.21
76.17
76.13
76.17
76.21
76.17
76.17
76.14
76.12
76.15
76.17
76.18
76.22
76.20
76.15
76.18
76.21
76.20
76.16
76.11
76.10
76.11
76.17
76.19
76.20
76.17
76.16
76.14
76.13
76.18
76.20
76.19
76.18
76.13
76.05
76.03
76.05
75.99
75.97
75.97
75.96
75.87
75.90
75.85
75.87
75.87
75.85
75.90
75.88
75.85
75.86
75.83
75.83
75.83
75.83
75.85
75.84
75.83
75.86
75.84
75.83
75.84
75.83
75.87
75.88
75.86
75.84
75.82
75.78
75.78
75.80
75.80
75.82
75.79
75.85
75.87
75.89
75.87
75.92
75.89
75.91
75.91
75.94
75.94
75.96
75.96
75.96
75.98
75.99
75.98
75.99
75.99
75.97
75.93
75.93
75.90
75.91
75.89
75.92
75.92
75.90
75.92
75.89
75.92
75.91
75.86
75.87
75.87
75.87
75.91
75.91
75.89
75.93
75.94
75.93
75.94
75.91
75.92
75.92
75.93
75.95
75.94
75.96
75.94
75.92
75.92
75.88
75.91
75.91
75.89
75.86
75.85
75.89
75.86
75.86
75.82
75.83
75.84
75.80
75.85
75.84
75.85
75.83
75.85
75.85
75.85
75.85
75.86
75.85
75.83
75.84
75.84
75.87
75.86
75.86
75.87
75.90
75.85
75.87
75.89
75.90
75.89
75.89
75.89
75.89
75.88
75.87
75.86
75.85
75.86
75.86
75.89
75.89
75.91
75.90
75.87
75.87
75.85
75.85
75.88
75.89
75.90
75.90
75.87
75.89
75.91
75.91
75.89
75.89
75.91
75.90
75.88
75.87
75.87
75.88
75.88
75.87
75.89
75.89
75.92
75.92
75.94
75.96
75.97
75.96
75.96
75.95
75.94
75.97
75.96
75.96
75.98
76.03
76.05
76.05
76.05
76.04
76.03
76.05
76.05
76.05
76.06
76.05
76.07
76.08
76.08
76.09
76.11
76.11
76.14
76.14
76.13
76.13
76.13
76.11
76.12
76.12
76.11
76.12
76.12
76.14
76.11
76.08
76.09
76.10
76.10
76.09
76.10
76.09
76.09
76.10
76.09
76.11
76.10
76.08
76.11
76.10
76.10
76.10
76.11
76.07
76.10
76.10
76.11
76.10
76.08
76.09
76.08
76.09
76.08
76.08
76.07
76.06
76.06
76.07
76.06
76.06
76.07
76.07
76.07
76.06
76.04
76.03
76.02
76.04
76.03
76.02
76.03
76.02
76.01
76.01
76.02
76.05
76.04
76.04
76.05
76.06
76.07
76.06
76.05
76.07
76.08
76.08
76.06
76.06
76.06
76.06
76.05
76.04
76.04
76.02
76.03
76.03
76.03
76.05
76.06
76.06
76.06
76.06
76.06
76.04
76.06
76.05
76.04
76.06
76.06
76.07
76.06
76.03
76.03
76.03
76.03
76.00
76.01
76.01
76.01
76.01
76.02
76.04
76.07
76.07
76.07
76.06
76.06
76.06
76.08
76.08
76.07
76.07
76.08
76.08
76.07
76.08
76.09
76.08
76.07
76.08
76.09
76.10
76.10
76.10
76.11
76.11
76.12
76.13
76.14
76.13
76.14
76.12
76.12
76.12
76.12
76.13
76.14
76.13
76.13
76.13
76.14
76.13
76.16
76.17
76.18
76.18
76.17
76.18
76.19
76.20
76.20
76.20
76.21
76.21
76.21
76.21
76.21
76.21
76.18
76.17
76.18
76.16
76.17
76.16
76.16
76.15
76.14
76.14
76.14
76.14
76.16
76.17
76.16
76.16
76.15
76.15
76.14
76.13
76.12
76.11
76.11
76.11
76.10
76.11
76.11
76.12
76.11
76.12
76.12
76.13
76.13
76.13
76.13
76.14
76.14
76.14
76.12
76.11
76.12
76.11
76.10
76.12
76.11
76.11
76.12
76.12
76.12
76.13
76.12
76.12
76.12
76.13
76.12
76.13
76.14
76.15
76.14
76.13
76.12
76.13
76.14
76.14
76.15
76.15
76.15
76.14
76.12
76.13
76.11
76.12
76.11
76.10
76.10
76.10
76.11
76.11
76.12
76.12
76.12
76.11
76.09
76.09
76.09
76.10
76.11
76.09
76.11
76.10
76.10
76.09
76.11
76.11
76.11
76.12
76.12
76.12
76.12
76.13
76.14
76.15
76.15
76.15
76.15
76.15
76.15
76.15
76.14
76.13
76.13
76.13
76.13
76.14
76.15
76.13
76.12
76.13
76.11
76.11
76.11
76.10
76.09
76.07
76.08
76.08
76.07
76.08
76.07
76.08
76.08
76.08
76.10
76.09
76.09
76.09
76.09
76.08
76.09
76.08
76.08
76.07
76.06
76.07
76.07
76.08
76.08
76.07
76.08
76.07
76.08
76.08
76.07
76.08
76.08
76.08
76.09
76.09
76.10
76.11
76.12
76.12
76.11
76.11
76.10
76.10
76.10
76.09
76.09
76.10
76.11
76.11
76.11
76.10
76.09
76.10
76.10
76.10
76.09
76.10
76.10
76.11
76.09
76.09
76.09
76.09
76.08
76.07
76.05
76.06
76.07
76.08
76.08
76.08
76.09
76.09
76.07
76.08
76.08
76.08
76.09
76.08
76.10
76.09
76.11
76.12
76.12
76.12
76.12
76.13
76.14
76.13
76.14
76.14
76.14
76.14
76.14
76.16
76.15
76.16
76.15
76.15
76.17
76.17
76.18
76.18
76.18
76.19
76.19
76.19
76.18
76.17
76.18
76.18
76.18
76.17
76.17
76.17
76.16
76.16
76.16
76.15
76.16
76.16
76.16
76.15
76.16
76.15
76.15
76.16
76.15
76.15
76.15
76.15
76.15
76.08
