84.38
81.25
80.21
77.34
77.19
76.56
76.34
76.76
76.74
77.19
76.56
75.91
76.56
77.23
77.29
77.05
76.75
76.74
76.64
76.41
76.41
75.92
75.68
75.39
75.38
75.30
75.12
75.39
75.05
74.95
74.90
74.80
74.76
74.59
74.91
74.78
74.62
74.63
74.72
74.73
74.47
74.48
74.38
74.64
74.72
74.80
74.73
74.97
74.90
75.09
75.12
75.27
75.35
75.46
75.51
75.42
75.52
75.43
75.42
75.42
75.36
75.40
75.32
75.27
75.38
75.38
75.49
75.48
75.41
75.49
75.51
75.54
75.54
75.34
75.29
75.35
75.47
75.44
75.44
75.45
75.37
75.42
75.36
75.45
75.53
75.51
75.45
75.43
75.44
75.36
75.41
75.44
75.32
75.32
75.41
75.39
75.29
75.35
75.39
75.53
75.46
75.51
75.58
75.57
75.60
75.59
75.51
75.48
75.33
75.37
75.30
75.33
75.32
75.32
75.34
75.30
75.25
75.32
75.39
75.42
75.41
75.40
75.42
75.42
75.44
75.52
75.60
75.71
75.64
75.59
75.64
75.69
75.75
75.76
75.86
75.83
75.80
75.80
75.80
75.83
75.83
75.87
75.85
75.88
75.94
75.91
75.87
75.86
75.91
76.01
75.97
75.98
75.99
75.98
75.93
75.96
75.92
75.93
75.93
75.94
75.96
75.97
76.01
75.99
76.00
76.03
76.06
76.09
76.02
76.00
76.01
76.01
76.04
76.05
76.05
76.07
76.03
76.05
76.06
76.02
75.97
75.94
75.96
75.95
75.92
75.91
75.89
75.86
75.87
75.89
75.91
75.94
76.00
75.98
75.97
75.97
75.97
75.98
75.94
75.91
75.93
75.94
75.91
75.90
75.88
75.89
75.87
75.86
75.89
75.86
75.87
75.87
75.87
75.89
75.89
75.88
75.88
75.91
75.91
75.90
75.88
75.86
75.88
75.88
75.90
75.89
75.89
75.88
75.89
75.92
75.95
75.92
75.94
75.95
75.98
75.99
76.04
76.06
76.09
76.05
76.04
76.04
76.06
76.07
76.07
76.02
75.96
75.94
75.92
75.96
75.95
75.92
75.90
75.91
75.91
75.91
75.90
75.91
75.88
75.88
75.90
75.88
75.88
75.86
75.86
75.87
75.85
75.84
75.84
75.86
75.85
75.88
75.87
75.87
75.89
75.87
75.89
75.88
75.87
75.84
75.88
75.88
75.89
75.88
75.89
75.90
75.94
75.94
75.94
75.93
75.91
75.90
75.89
75.88
75.90
75.92
75.90
75.86
75.86
75.87
75.85
75.87
75.90
75.90
75.93
75.91
75.92
75.95
75.96
75.97
75.97
75.99
75.99
76.02
76.01
76.00
75.99
76.01
75.98
75.99
75.97
75.97
75.98
75.98
75.97
75.95
75.96
75.96
75.96
75.94
75.98
76.01
76.01
76.00
75.99
75.99
75.98
75.97
75.99
76.00
75.98
75.95
75.98
75.98
76.00
75.99
76.00
76.00
75.99
76.00
76.00
75.96
75.96
75.93
75.92
75.90
75.88
75.88
75.87
75.86
75.86
75.86
75.84
75.80
75.81
75.79
75.77
75.78
75.79
75.80
75.79
75.79
75.79
75.78
75.78
75.80
75.81
75.82
75.81
75.81
75.82
75.84
75.85
75.83
75.84
75.84
75.84
75.84
75.81
75.81
75.82
75.81
75.84
75.85
75.86
75.84
75.85
75.86
75.85
75.85
75.86
75.85
75.86
75.85
75.84
75.85
75.85
75.85
75.86
75.86
75.86
75.87
75.87
75.88
75.88
75.86
75.87
75.89
75.87
75.86
75.86
75.86
75.82
75.84
75.84
75.84
75.83
75.83
75.84
75.85
75.86
75.86
75.87
75.86
75.87
75.87
75.89
75.90
75.89
75.89
75.90
75.90
75.91
75.91
75.93
75.92
75.92
75.94
75.94
75.95
75.94
75.94
75.96
75.95
75.93
75.96
75.95
75.96
75.95
75.97
75.95
75.95
75.96
75.97
75.96
75.97
75.96
75.95
75.95
75.95
75.95
75.94
75.94
75.97
75.97
75.96
75.97
75.97
75.97
75.98
76.00
76.02
76.03
76.03
76.02
76.02
76.03
76.02
76.04
76.04
76.02
76.03
76.03
76.02
76.04
76.03
76.01
76.01
76.03
76.02
76.01
76.01
75.99
75.99
75.99
76.01
76.01
76.02
76.03
76.03
76.02
76.03
76.04
76.03
76.01
76.01
76.02
76.01
76.02
76.01
76.00
76.01
76.00
76.00
76.01
75.99
75.98
75.99
76.00
75.99
76.00
76.01
76.01
76.01
76.02
76.01
76.02
76.02
76.01
76.01
76.01
76.00
76.02
76.05
76.04
76.04
76.05
76.04
76.05
76.06
76.07
76.08
76.07
76.06
76.07
76.07
76.08
76.06
76.07
76.08
76.08
76.08
76.07
76.06
76.06
76.04
76.06
76.07
76.06
76.06
76.06
76.05
76.04
76.05
76.04
76.04
76.04
76.04
76.05
76.06
76.06
76.03
76.05
76.05
76.06
76.04
76.03
76.03
76.05
76.05
76.05
76.05
76.06
76.06
76.06
76.06
76.06
76.07
76.06
76.05
76.07
76.07
76.08
76.07
76.08
76.09
76.08
76.07
76.08
76.08
76.10
76.09
76.09
76.09
76.09
76.10
76.10
76.10
76.10
76.10
76.10
76.11
76.11
76.12
76.11
76.11
76.10
76.10
76.11
76.11
76.12
76.11
76.10
76.09
76.08
76.08
76.08
76.09
76.07
76.08
76.08
76.10
76.10
76.10
76.11
76.12
76.11
76.10
76.11
76.12
76.12
76.12
76.11
76.11
76.11
76.11
76.09
76.09
76.09
76.09
76.10
76.10
76.09
76.10
76.11
76.11
76.11
76.11
76.10
76.09
76.08
76.09
76.07
76.05
76.05
76.04
76.03
76.03
76.04
76.03
76.03
76.04
76.03
76.03
76.04
76.05
76.05
76.05
76.05
76.06
76.07
76.07
76.07
76.08
76.09
76.09
76.09
76.10
76.11
76.11
76.11
76.11
76.10
76.12
76.11
76.12
76.11
76.11
76.11
76.10
76.10
76.10
76.10
76.10
76.10
76.11
76.10
76.09
76.08
76.08
76.08
76.08
76.09
76.10
76.10
76.10
76.11
76.12
76.12
76.12
76.12
76.11
76.11
76.12
76.11
76.12
76.13
76.12
76.13
76.13
76.13
76.13
76.14
76.14
76.15
76.14
76.15
76.16
76.16
76.15
76.15
76.15
76.16
76.16
76.15
76.15
76.14
76.14
76.13
76.13
76.14
76.14
76.14
76.14
76.14
76.14
76.15
76.15
76.15
76.15
76.15
76.15
76.15
76.15
76.15
76.14
76.14
76.14
76.15
76.15
76.16
76.08
