68.75
69.53
68.75
68.75
68.75
70.05
69.64
70.31
71.18
71.72
71.02
71.48
70.31
70.76
70.52
71.00
70.86
71.35
71.30
71.25
71.21
71.45
71.40
71.22
71.62
71.27
71.70
71.60
71.77
71.98
71.77
71.78
72.06
72.06
71.88
71.83
71.75
71.55
71.63
71.60
71.65
71.58
71.58
71.56
71.67
71.77
71.91
71.94
72.10
72.22
72.46
72.45
72.44
72.51
72.53
72.66
72.70
72.66
72.59
72.55
72.64
72.61
72.64
72.68
72.74
72.82
72.69
72.63
72.42
72.39
72.49
72.53
72.52
72.42
72.46
72.35
72.26
72.22
72.19
72.21
72.30
72.28
72.40
72.32
72.28
72.31
72.40
72.43
72.56
72.59
72.56
72.55
72.43
72.46
72.42
72.35
72.36
72.35
72.35
72.44
72.42
72.43
72.47
72.60
72.59
72.57
72.59
72.57
72.58
72.54
72.59
72.61
72.70
72.71
72.68
72.60
72.65
72.58
72.61
72.58
72.55
72.50
72.55
72.56
72.59
72.59
72.59
72.53
72.54
72.58
72.59
72.63
72.62
72.64
72.66
72.63
72.59
72.64
72.63
72.62
72.63
72.63
72.65
72.66
72.56
72.58
72.62
72.60
72.61
72.65
72.63
72.62
72.59
72.63
72.63
72.69
72.64
72.60
72.55
72.59
72.54
72.57
72.57
72.58
72.51
72.48
72.53
72.54
72.61
72.65
72.63
72.63
72.62
72.63
72.66
72.59
72.60
72.57
72.58
72.60
72.63
72.64
72.66
72.72
72.72
72.72
72.71
72.71
72.75
72.74
72.73
72.70
72.73
72.76
72.73
72.76
72.79
72.77
72.78
72.75
72.76
72.79
72.78
72.78
72.77
72.81
72.83
72.84
72.82
72.79
72.78
72.80
72.81
72.80
72.74
72.75
72.75
72.77
72.76
72.77
72.79
72.80
72.83
72.80
72.81
72.84
72.85
72.87
72.84
72.83
72.88
72.87
72.89
72.87
72.83
72.84
72.85
72.85
72.86
72.86
72.85
72.87
72.87
72.89
72.89
72.90
72.89
72.87
72.87
72.83
72.83
72.82
72.86
72.87
72.84
72.82
72.84
72.83
72.84
72.82
72.82
72.85
72.83
72.83
72.81
72.83
72.83
72.83
72.82
72.84
72.84
72.86
72.83
72.82
72.82
72.80
72.81
72.80
72.84
72.85
72.88
72.89
72.86
72.84
72.85
72.81
72.83
72.81
72.84
72.86
72.84
72.82
72.79
72.77
72.78
72.78
72.76
72.77
72.77
72.75
72.76
72.74
72.74
72.74
72.66
72.66
72.70
72.73
72.71
72.72
72.72
72.76
72.79
72.79
72.81
72.82
72.81
72.81
72.81
72.81
72.83
72.85
72.84
72.85
72.87
72.87
72.87
72.89
72.93
72.88
72.88
72.88
72.86
72.88
72.87
72.86
72.83
72.82
72.84
72.84
72.83
72.85
72.85
72.85
72.84
72.85
72.85
72.88
72.90
72.89
72.89
72.88
72.88
72.89
72.89
72.90
72.89
72.89
72.87
72.87
72.88
72.89
72.92
72.93
72.92
72.93
72.93
72.93
72.95
72.96
72.94
72.97
72.98
72.98
72.97
72.97
72.96
72.97
72.94
72.94
72.94
72.92
72.93
72.95
72.96
72.98
72.94
72.95
72.95
72.93
72.95
72.94
72.94
72.95
72.96
72.93
72.93
72.92
72.91
72.91
72.91
72.90
72.92
72.92
72.91
72.89
72.88
72.90
72.88
72.87
72.89
72.88
72.92
72.93
72.92
72.94
72.95
72.96
72.97
72.97
72.96
72.95
72.95
72.93
72.93
72.94
72.94
72.93
72.94
72.94
72.93
72.91
72.91
72.93
72.94
72.93
72.92
72.92
72.93
72.93
72.93
72.94
72.94
72.94
72.94
72.95
72.95
72.94
72.93
72.92
72.92
72.95
72.96
72.99
72.98
73.00
73.01
73.02
73.02
73.02
73.00
72.99
73.02
73.01
73.01
73.03
73.03
73.01
72.99
72.99
73.00
72.98
72.98
72.98
72.96
72.95
72.97
72.95
72.96
72.95
72.93
72.92
72.91
72.90
72.90
72.89
72.88
72.85
72.83
72.84
72.82
72.80
72.79
72.79
72.80
72.79
72.79
72.80
72.81
72.83
72.83
72.83
72.83
72.82
72.82
72.83
72.81
72.82
72.80
72.79
72.79
72.78
72.79
72.80
72.79
72.78
72.77
72.76
72.78
72.77
72.76
72.76
72.76
72.75
72.75
72.74
72.73
72.74
72.76
72.76
72.75
72.74
72.74
72.74
72.73
72.72
72.74
72.74
72.73
72.74
72.74
72.74
72.74
72.75
72.75
72.76
72.77
72.77
72.77
72.76
72.77
72.77
72.78
72.77
72.77
72.76
72.76
72.76
72.76
72.76
72.76
72.75
72.75
72.76
72.77
72.77
72.76
72.73
72.72
72.71
72.70
72.69
72.67
72.69
72.70
72.70
72.69
72.69
72.69
72.69
72.70
72.69
72.68
72.69
72.70
72.69
72.70
72.70
72.70
72.70
72.70
72.71
72.70
72.71
72.72
72.72
72.70
72.68
72.68
72.67
72.67
72.66
72.67
72.67
72.65
72.64
72.65
72.66
72.67
72.66
72.67
72.68
72.68
72.67
72.65
72.66
72.67
72.68
72.68
72.67
72.67
72.67
72.67
72.67
72.66
72.67
72.67
72.66
72.66
72.65
72.65
72.65
72.65
72.65
72.64
72.63
72.63
72.62
72.63
72.63
72.63
72.63
72.62
72.61
72.62
72.63
72.62
72.63
72.63
72.64
72.65
72.66
72.66
72.65
72.65
72.66
72.65
72.66
72.66
72.66
72.66
72.64
72.65
72.65
72.65
72.64
72.64
72.65
72.65
72.64
72.65
72.65
72.65
72.66
72.67
72.66
72.66
72.67
72.68
72.68
72.69
72.68
72.68
72.69
72.68
72.68
72.67
72.67
72.66
72.68
72.67
72.68
72.69
72.68
72.68
72.70
72.70
72.71
72.70
72.71
72.72
72.72
72.72
72.71
72.71
72.71
72.72
72.74
72.74
72.74
72.73
72.73
72.74
72.74
72.73
72.73
72.72
72.71
72.72
72.73
72.74
72.73
72.73
72.73
72.73
72.74
72.75
72.76
72.76
72.75
72.77
72.77
72.78
72.78
72.77
72.77
72.76
72.76
72.76
72.77
72.77
72.77
72.77
72.76
72.77
72.77
72.77
72.77
72.77
72.76
72.76
72.75
72.76
72.75
72.76
72.76
72.76
72.76
72.77
72.77
72.78
72.78
72.77
72.78
72.79
72.78
72.78
72.79
72.78
72.78
72.77
72.78
72.79
72.80
72.79
72.79
72.79
72.78
72.79
72.78
72.80
72.73
