79.69
80.47
80.21
80.08
78.44
78.91
77.68
77.54
77.60
77.81
77.70
77.73
77.52
77.46
77.29
77.44
77.30
77.26
77.55
77.58
77.90
77.70
78.06
78.06
77.88
77.46
77.20
77.18
76.89
77.08
76.97
76.86
76.94
77.21
76.96
76.78
76.65
76.89
76.76
76.84
76.83
76.90
76.67
76.70
76.53
76.56
76.60
76.60
76.50
76.69
76.84
76.71
76.74
76.62
76.68
76.67
76.51
76.51
76.62
76.46
76.54
76.59
76.74
76.56
76.51
76.52
76.33
76.36
76.18
76.18
76.21
76.35
76.46
76.44
76.56
76.50
76.62
76.78
76.70
76.76
76.76
76.68
76.77
76.75
76.78
76.74
76.65
76.60
76.60
76.67
76.68
76.63
76.68
76.65
76.69
76.68
76.74
76.77
76.77
76.80
76.78
76.76
76.70
76.73
76.76
76.80
76.87
76.84
76.86
76.87
76.90
76.86
76.85
76.71
76.70
76.70
76.72
76.80
76.77
76.78
76.76
76.73
76.69
76.70
76.65
76.64
76.67
76.62
76.55
76.49
76.57
76.57
76.62
76.62
76.57
76.59
76.64
76.61
76.60
76.65
76.64
76.65
76.61
76.66
76.70
76.70
76.66
76.69
76.65
76.65
76.67
76.63
76.63
76.61
76.59
76.61
76.62
76.56
76.51
76.49
76.48
76.48
76.44
76.43
76.43
76.44
76.42
76.41
76.44
76.44
76.47
76.46
76.40
76.40
76.39
76.38
76.38
76.36
76.43
76.42
76.45
76.43
76.41
76.43
76.44
76.45
76.44
76.43
76.45
76.41
76.33
76.32
76.28
76.28
76.33
76.29
76.27
76.29
76.26
76.23
76.25
76.25
76.22
76.26
76.29
76.34
76.35
76.31
76.33
76.35
76.36
76.36
76.36
76.37
76.36
76.34
76.35
76.30
76.31
76.29
76.29
76.26
76.28
76.23
76.27
76.24
76.27
76.30
76.30
76.30
76.26
76.24
76.23
76.26
76.24
76.22
76.21
76.21
76.20
76.18
76.17
76.19
76.20
76.18
76.17
76.19
76.16
76.20
76.21
76.19
76.16
76.16
76.17
76.17
76.16
76.17
76.17
76.15
76.16
76.11
76.10
76.10
76.13
76.11
76.11
76.14
76.15
76.16
76.14
76.13
76.15
76.17
76.14
76.17
76.16
76.17
76.17
76.17
76.16
76.16
76.16
76.14
76.14
76.14
76.12
76.12
76.11
76.13
76.10
76.08
76.06
76.09
76.05
76.08
76.10
76.09
76.12
76.15
76.13
76.10
76.11
76.10
76.12
76.15
76.15
76.15
76.15
76.16
76.14
76.11
76.14
76.17
76.19
76.20
76.17
76.16
76.13
76.11
76.11
76.07
76.10
76.10
76.07
76.07
76.07
76.07
76.07
76.08
76.07
76.08
76.10
76.12
76.13
76.11
76.12
76.12
76.10
76.12
76.12
76.10
76.09
76.08
76.08
76.09
76.10
76.09
76.10
76.07
76.05
76.05
76.03
76.06
76.05
76.07
76.07
76.11
76.12
76.13
76.11
76.11
76.11
76.10
76.11
76.09
76.08
76.07
76.07
76.06
76.06
76.08
76.07
76.09
76.08
76.09
76.08
76.11
76.09
76.07
76.09
76.10
76.10
76.10
76.09
76.10
76.10
76.10
76.09
76.08
76.07
76.08
76.09
76.08
76.06
76.07
76.07
76.06
76.08
76.09
76.09
76.08
76.08
76.08
76.10
76.12
76.10
76.12
76.12
76.13
76.13
76.14
76.11
76.11
76.09
76.11
76.10
76.09
76.10
76.11
76.12
76.11
76.09
76.09
76.10
76.07
76.07
76.07
76.07
76.05
76.05
76.06
76.05
76.04
76.05
76.05
76.04
76.05
76.03
76.04
76.03
76.02
76.02
76.04
76.04
76.05
76.06
76.05
76.05
76.05
76.04
76.06
76.06
76.06
76.06
76.07
76.06
76.08
76.08
76.09
76.08
76.08
76.06
76.06
76.08
76.10
76.11
76.13
76.13
76.13
76.12
76.10
76.10
76.11
76.10
76.11
76.09
76.08
76.08
76.08
76.09
76.08
76.07
76.08
76.08
76.11
76.10
76.10
76.10
76.10
76.11
76.11
76.09
76.10
76.11
76.11
76.09
76.09
76.08
76.07
76.08
76.10
76.11
76.11
76.11
76.12
76.11
76.12
76.13
76.14
76.13
76.13
76.13
76.11
76.12
76.13
76.13
76.13
76.14
76.13
76.14
76.14
76.15
76.13
76.15
76.14
76.14
76.13
76.14
76.12
76.13
76.13
76.14
76.15
76.16
76.17
76.18
76.19
76.18
76.19
76.19
76.19
76.20
76.20
76.20
76.21
76.19
76.20
76.18
76.19
76.20
76.20
76.20
76.21
76.22
76.23
76.23
76.23
76.22
76.22
76.22
76.22
76.23
76.22
76.22
76.22
76.21
76.21
76.22
76.20
76.21
76.19
76.19
76.21
76.21
76.21
76.21
76.20
76.21
76.23
76.22
76.23
76.23
76.26
76.25
76.26
76.27
76.26
76.28
76.29
76.28
76.27
76.28
76.28
76.30
76.30
76.30
76.31
76.30
76.30
76.30
76.31
76.31
76.32
76.32
76.31
76.30
76.31
76.32
76.31
76.31
76.31
76.30
76.31
76.31
76.30
76.29
76.29
76.29
76.30
76.31
76.31
76.30
76.28
76.27
76.26
76.26
76.26
76.27
76.28
76.27
76.27
76.29
76.30
76.29
76.30
76.30
76.30
76.31
76.32
76.32
76.32
76.32
76.31
76.30
76.31
76.31
76.29
76.29
76.29
76.28
76.28
76.28
76.26
76.26
76.25
76.25
76.23
76.22
76.23
76.23
76.23
76.24
76.23
76.23
76.23
76.22
76.22
76.21
76.21
76.21
76.20
76.19
76.20
76.20
76.21
76.21
76.21
76.22
76.21
76.22
76.23
76.24
76.24
76.24
76.23
76.22
76.22
76.23
76.23
76.22
76.22
76.22
76.22
76.24
76.23
76.22
76.23
76.23
76.22
76.22
76.21
76.21
76.21
76.21
76.19
76.20
76.20
76.19
76.19
76.19
76.18
76.18
76.19
76.18
76.18
76.19
76.19
76.19
76.19
76.19
76.19
76.19
76.19
76.20
76.21
76.22
76.22
76.21
76.21
76.20
76.19
76.17
76.17
76.17
76.17
76.16
76.17
76.17
76.17
76.16
76.16
76.17
76.16
76.16
76.14
76.13
76.13
76.13
76.13
76.13
76.14
76.12
76.12
76.11
76.12
76.11
76.12
76.12
76.11
76.11
76.12
76.12
76.12
76.12
76.11
76.11
76.11
76.12
76.13
76.13
76.15
76.14
76.13
76.12
76.12
76.12
76.13
76.13
76.13
76.14
76.14
76.14
76.07
