78.12
78.91
80.21
79.30
79.38
78.91
77.90
78.32
77.78
77.81
78.27
77.47
77.64
77.01
76.56
75.49
75.37
75.35
74.84
74.92
75.45
75.36
75.48
75.59
75.62
75.54
75.29
75.33
75.48
75.68
75.60
75.73
75.95
75.97
75.54
75.52
75.51
75.66
75.88
75.78
75.84
75.97
75.84
75.82
75.56
75.44
75.70
75.72
75.67
75.69
75.89
75.78
76.00
76.10
76.08
75.89
75.85
75.78
75.74
75.70
75.64
75.71
75.62
75.61
75.58
75.66
75.68
75.78
75.91
75.92
75.99
76.02
76.09
76.25
76.23
76.21
76.24
76.24
76.21
76.17
76.14
76.11
76.09
76.15
76.16
76.07
76.10
76.10
76.12
76.13
76.18
76.17
76.06
76.08
76.00
75.94
75.97
76.05
76.18
76.14
76.05
76.09
76.20
76.22
76.25
76.21
76.21
76.23
76.23
76.26
76.17
76.19
76.18
76.18
76.14
76.10
76.12
76.07
76.09
75.98
76.02
75.99
76.00
75.98
76.04
76.10
76.08
76.04
75.98
76.05
76.05
75.99
76.00
76.03
76.05
76.06
76.02
76.05
76.09
76.05
76.05
76.06
76.07
76.03
76.05
76.02
75.98
75.94
75.90
75.91
75.92
75.86
75.82
75.78
75.78
75.76
75.79
75.79
75.71
75.71
75.77
75.77
75.79
75.81
75.80
75.82
75.83
75.85
75.86
75.85
75.86
75.81
75.83
75.84
75.85
75.87
75.92
75.93
75.90
75.87
75.84
75.89
75.86
75.86
75.81
75.84
75.89
75.89
75.92
75.95
75.97
75.95
76.00
76.02
76.06
76.04
76.02
76.01
76.04
76.01
76.01
76.01
75.97
76.00
76.02
76.02
76.07
76.05
76.05
76.09
76.13
76.06
76.05
76.05
76.08
76.13
76.10
76.13
76.09
76.09
76.10
76.08
76.12
76.08
76.08
76.09
76.09
76.09
76.09
76.12
76.15
76.16
76.17
76.15
76.14
76.12
76.11
76.12
76.14
76.12
76.15
76.14
76.14
76.12
76.07
76.05
76.04
76.05
76.05
76.07
76.08
76.07
76.05
76.05
76.09
76.09
76.11
76.10
76.13
76.11
76.12
76.12
76.13
76.17
76.15
76.14
76.14
76.13
76.14
76.13
76.15
76.16
76.19
76.18
76.19
76.18
76.16
76.17
76.18
76.18
76.17
76.16
76.18
76.18
76.20
76.19
76.18
76.13
76.14
76.14
76.13
76.15
76.13
76.12
76.12
76.17
76.19
76.20
76.19
76.18
76.17
76.16
76.16
76.15
76.16
76.16
76.16
76.14
76.18
76.19
76.20
76.22
76.23
76.20
76.19
76.16
76.16
76.13
76.15
76.15
76.17
76.16
76.15
76.12
76.12
76.13
76.11
76.11
76.14
76.12
76.14
76.14
76.14
76.16
76.20
76.20
76.20
76.19
76.18
76.18
76.18
76.18
76.17
76.16
76.15
76.14
76.13
76.16
76.16
76.18
76.21
76.21
76.23
76.24
76.21
76.21
76.21
76.21
76.22
76.23
76.22
76.23
76.21
76.20
76.18
76.17
76.18
76.19
76.19
76.21
76.22
76.21
76.22
76.22
76.21
76.23
76.22
76.24
76.27
76.26
76.27
76.27
76.28
76.28
76.27
76.26
76.28
76.28
76.29
76.29
76.29
76.31
76.29
76.28
76.29
76.28
76.29
76.30
76.28
76.29
76.31
76.31
76.32
76.32
76.32
76.33
76.31
76.29
76.30
76.28
76.28
76.28
76.29
76.29
76.30
76.31
76.31
76.33
76.33
76.32
76.31
76.31
76.30
76.29
76.28
76.29
76.27
76.29
76.27
76.24
76.24
76.25
76.27
76.25
76.24
76.24
76.23
76.25
76.25
76.24
76.23
76.24
76.23
76.23
76.23
76.21
76.19
76.19
76.20
76.20
76.21
76.24
76.26
76.26
76.26
76.26
76.27
76.28
76.29
76.29
76.30
76.31
76.29
76.29
76.26
76.27
76.26
76.26
76.27
76.26
76.25
76.23
76.23
76.21
76.21
76.21
76.21
76.20
76.21
76.21
76.18
76.19
76.20
76.21
76.21
76.20
76.22
76.21
76.21
76.22
76.21
76.21
76.21
76.20
76.20
76.20
76.20
76.19
76.16
76.16
76.14
76.11
76.14
76.12
76.13
76.13
76.15
76.12
76.13
76.13
76.13
76.14
76.12
76.13
76.13
76.13
76.13
76.13
76.14
76.15
76.15
76.15
76.16
76.16
76.17
76.18
76.19
76.18
76.18
76.19
76.20
76.20
76.19
76.17
76.17
76.17
76.16
76.18
76.17
76.19
76.19
76.18
76.19
76.19
76.18
76.18
76.19
76.19
76.19
76.19
76.19
76.18
76.17
76.18
76.18
76.16
76.15
76.15
76.14
76.14
76.15
76.14
76.14
76.15
76.15
76.15
76.15
76.16
76.14
76.17
76.15
76.16
76.16
76.16
76.13
76.13
76.13
76.13
76.14
76.13
76.14
76.13
76.12
76.11
76.12
76.12
76.12
76.10
76.10
76.11
76.11
76.10
76.09
76.10
76.10
76.11
76.11
76.12
76.10
76.10
76.08
76.08
76.08
76.08
76.10
76.11
76.12
76.10
76.11
76.11
76.12
76.13
76.13
76.13
76.13
76.13
76.15
76.15
76.13
76.13
76.14
76.15
76.16
76.14
76.13
76.13
76.14
76.13
76.12
76.12
76.13
76.11
76.10
76.09
76.09
76.10
76.09
76.10
76.11
76.10
76.11
76.12
76.14
76.14
76.14
76.13
76.15
76.16
76.14
76.14
76.15
76.14
76.14
76.14
76.15
76.13
76.14
76.14
76.15
76.15
76.15
76.14
76.15
76.15
76.15
76.15
76.13
76.13
76.14
76.13
76.12
76.10
76.11
76.11
76.12
76.12
76.12
76.12
76.12
76.13
76.13
76.13
76.13
76.12
76.12
76.13
76.13
76.12
76.11
76.11
76.12
76.12
76.12
76.13
76.12
76.12
76.11
76.12
76.12
76.11
76.11
76.12
76.11
76.12
76.12
76.12
76.13
76.14
76.16
76.16
76.15
76.14
76.15
76.14
76.13
76.13
76.13
76.12
76.11
76.12
76.13
76.13
76.12
76.11
76.11
76.12
76.13
76.12
76.12
76.11
76.11
76.10
76.09
76.10
76.09
76.09
76.09
76.10
76.09
76.10
76.11
76.12
76.12
76.13
76.13
76.13
76.13
76.14
76.14
76.15
76.15
76.16
76.16
76.16
76.15
76.15
76.14
76.14
76.14
76.15
76.14
76.14
76.13
76.13
76.15
76.15
76.14
76.13
76.12
76.14
76.13
76.13
76.14
76.15
76.16
76.16
76.16
76.15
76.15
76.15
76.15
76.07
