71.88
69.53
72.40
71.09
71.25
73.18
72.99
74.22
73.78
74.38
75.00
75.26
74.76
74.89
75.10
74.61
74.17
74.31
74.26
74.45
74.55
74.79
74.86
74.48
74.62
74.76
74.77
74.72
74.73
74.69
74.70
74.80
74.62
74.49
74.60
74.57
74.70
74.59
74.80
74.80
74.77
75.00
75.11
75.14
75.03
75.03
74.87
74.90
75.00
74.97
74.94
75.00
74.85
74.88
74.80
74.72
74.84
74.92
74.92
74.97
74.97
74.92
75.00
74.95
74.93
75.02
74.93
74.89
74.82
74.84
74.89
74.85
74.85
74.87
74.81
74.88
74.92
74.92
74.84
74.84
74.92
74.89
74.83
74.80
74.91
74.76
74.82
74.75
74.72
74.60
74.57
74.66
74.60
74.58
74.59
74.53
74.53
74.47
74.40
74.47
74.52
74.56
74.62
74.65
74.64
74.68
74.68
74.74
74.76
74.70
74.83
74.85
74.90
74.85
74.88
74.81
74.80
74.77
74.82
74.74
74.78
74.80
74.76
74.74
74.75
74.74
74.72
74.77
74.84
74.90
74.88
74.86
74.78
74.80
74.72
74.72
74.65
74.63
74.56
74.59
74.57
74.61
74.61
74.59
74.63
74.63
74.65
74.62
74.61
74.67
74.65
74.65
74.64
74.59
74.62
74.62
74.61
74.63
74.62
74.61
74.61
74.62
74.48
74.50
74.51
74.54
74.53
74.53
74.61
74.65
74.64
74.67
74.64
74.60
74.59
74.52
74.51
74.48
74.48
74.50
74.52
74.53
74.53
74.57
74.53
74.54
74.54
74.58
74.56
74.51
74.54
74.58
74.56
74.58
74.62
74.60
74.66
74.63
74.67
74.73
74.79
74.75
74.76
74.76
74.77
74.76
74.73
74.76
74.80
74.76
74.78
74.78
74.80
74.85
74.83
74.87
74.86
74.86
74.87
74.87
74.83
74.85
74.86
74.89
74.92
74.91
74.94
74.98
74.97
74.97
74.96
74.97
74.95
74.96
74.95
74.95
74.97
75.01
75.02
74.97
74.99
74.99
74.97
74.97
74.93
74.93
74.95
74.92
74.89
74.93
74.94
74.93
74.94
74.95
74.93
74.93
74.98
74.98
74.99
74.99
74.98
74.98
74.93
74.96
74.96
74.96
74.94
74.91
74.92
74.94
74.94
74.94
74.94
74.97
74.99
75.02
74.95
74.93
74.92
74.92
74.94
74.96
74.96
74.95
74.97
74.97
74.97
74.97
74.97
74.99
74.99
74.98
74.96
74.98
74.99
75.00
75.01
75.04
75.05
75.06
75.07
75.05
75.06
75.08
75.07
75.08
75.06
75.06
75.07
75.06
75.08
75.07
75.08
75.05
75.05
75.04
75.02
75.01
75.00
75.00
75.01
75.01
75.02
75.02
75.00
75.01
75.00
75.01
75.00
75.00
74.95
74.95
74.93
74.94
74.94
74.93
74.95
74.96
74.96
74.96
74.96
74.99
74.96
74.93
74.93
74.93
74.94
74.95
74.95
74.93
74.92
74.92
74.92
74.91
74.94
74.94
74.94
74.96
74.99
74.98
75.00
74.99
74.98
75.00
75.01
75.02
75.03
75.02
75.01
75.00
75.01
75.02
75.02
75.01
75.05
75.06
75.04
75.02
75.04
75.04
75.04
75.03
75.03
75.04
75.04
75.05
75.04
75.02
75.02
75.01
75.01
75.01
75.00
75.00
75.02
75.04
75.04
75.05
75.07
75.08
75.09
75.09
75.06
75.05
75.06
75.04
75.04
75.05
75.05
75.06
75.05
75.02
75.04
75.06
75.07
75.08
75.06
75.06
75.07
75.05
75.06
75.04
75.03
75.03
75.02
75.03
75.01
75.02
75.02
75.03
74.99
74.97
74.94
74.96
74.96
74.97
74.98
74.96
74.96
74.95
74.96
74.95
74.96
74.96
74.96
74.96
74.97
74.95
74.95
74.94
74.96
74.96
74.96
74.96
74.96
74.96
74.93
74.94
74.93
74.93
74.91
74.90
74.90
74.90
74.91
74.92
74.92
74.94
74.94
74.95
74.95
74.96
74.96
74.97
74.97
74.97
74.97
74.97
74.98
74.99
74.99
74.97
74.97
75.00
75.00
74.97
74.97
74.97
74.96
74.95
74.97
74.96
74.97
74.99
74.97
74.99
74.96
74.97
74.96
74.97
74.96
74.95
74.96
74.95
74.97
74.96
74.96
74.93
74.93
74.93
74.94
74.94
74.94
74.93
74.94
74.92
74.94
74.92
74.93
74.94
74.93
74.92
74.91
74.90
74.90
74.92
74.93
74.92
74.93
74.93
74.91
74.90
74.91
74.89
74.88
74.86
74.87
74.87
74.88
74.88
74.88
74.88
74.88
74.87
74.87
74.87
74.86
74.86
74.87
74.88
74.88
74.88
74.88
74.89
74.90
74.91
74.92
74.91
74.92
74.92
74.91
74.91
74.92
74.92
74.93
74.92
74.92
74.94
74.95
74.93
74.93
74.93
74.91
74.92
74.92
74.91
74.90
74.90
74.89
74.88
74.90
74.89
74.90
74.91
74.93
74.92
74.91
74.90
74.90
74.90
74.92
74.93
74.95
74.96
74.95
74.94
74.95
74.95
74.94
74.94
74.94
74.92
74.92
74.92
74.94
74.94
74.93
74.93
74.92
74.93
74.91
74.91
74.92
74.92
74.92
74.93
74.93
74.93
74.93
74.94
74.94
74.95
74.96
74.96
74.95
74.94
74.94
74.92
74.93
74.93
74.92
74.92
74.90
74.91
74.90
74.89
74.90
74.89
74.90
74.90
74.89
74.89
74.90
74.88
74.88
74.89
74.89
74.89
74.89
74.89
74.89
74.89
74.90
74.90
74.89
74.90
74.90
74.89
74.89
74.90
74.89
74.88
74.89
74.89
74.89
74.90
74.90
74.90
74.92
74.92
74.92
74.93
74.93
74.91
74.93
74.93
74.94
74.95
74.94
74.94
74.94
74.94
74.95
74.96
74.94
74.93
74.92
74.92
74.91
74.91
74.92
74.93
74.92
74.93
74.92
74.91
74.92
74.91
74.92
74.92
74.92
74.92
74.93
74.92
74.92
74.91
74.92
74.92
74.91
74.92
74.92
74.91
74.91
74.92
74.92
74.93
74.93
74.92
74.92
74.92
74.92
74.92
74.92
74.90
74.91
74.91
74.90
74.90
74.88
74.90
74.90
74.88
74.88
74.90
74.89
74.90
74.90
74.91
74.89
74.90
74.90
74.91
74.92
74.93
74.93
74.94
74.96
74.96
74.96
74.98
74.98
74.98
74.98
74.99
75.00
75.01
75.01
75.03
75.03
75.01
75.01
75.01
75.00
75.01
75.00
75.00
75.00
75.00
75.02
75.02
75.01
75.02
75.03
75.04
75.04
75.04
75.04
75.04
75.03
75.03
75.04
74.96
