76.56
70.31
72.92
76.17
75.62
75.26
75.45
74.02
73.78
73.59
74.15
75.00
74.28
73.88
74.27
74.32
73.81
73.44
73.03
73.36
73.14
73.08
72.96
72.92
72.81
73.02
73.32
72.88
73.33
73.65
73.34
73.29
73.30
73.67
73.93
74.13
73.86
73.81
74.12
74.26
74.31
74.40
74.35
74.25
74.24
74.29
74.40
74.51
74.55
74.56
74.48
74.55
74.68
74.80
74.89
74.78
74.86
74.87
74.79
74.82
74.77
74.82
74.78
74.76
74.71
74.74
74.74
74.75
74.77
74.80
74.80
74.85
74.79
74.83
74.85
74.84
74.96
75.10
75.24
75.33
75.17
75.19
75.24
75.20
75.15
75.22
75.14
75.18
75.12
75.16
75.21
75.20
75.18
75.15
75.21
75.26
75.29
75.35
75.35
75.28
75.26
75.28
75.20
75.36
75.31
75.41
75.34
75.39
75.44
75.44
75.42
75.39
75.33
75.34
75.42
75.32
75.36
75.36
75.47
75.44
75.44
75.49
75.47
75.55
75.54
75.58
75.68
75.70
75.71
75.72
75.69
75.73
75.72
75.69
75.73
75.74
75.75
75.79
75.85
75.88
75.85
75.89
75.84
75.82
75.86
75.86
75.82
75.89
75.87
75.86
75.87
75.86
75.88
75.92
75.94
75.93
75.95
75.98
76.01
76.00
76.01
76.02
76.03
76.07
76.03
76.03
75.98
75.96
75.98
75.89
75.94
75.94
75.92
75.90
75.88
75.84
75.80
75.81
75.80
75.81
75.79
75.77
75.73
75.72
75.71
75.69
75.74
75.72
75.74
75.72
75.70
75.72
75.76
75.77
75.76
75.79
75.77
75.76
75.75
75.77
75.75
75.73
75.71
75.69
75.67
75.71
75.73
75.72
75.73
75.75
75.76
75.80
75.79
75.82
75.84
75.83
75.86
75.85
75.87
75.83
75.84
75.85
75.79
75.82
75.81
75.82
75.81
75.82
75.83
75.83
75.82
75.84
75.87
75.85
75.86
75.83
75.86
75.86
75.87
75.89
75.89
75.88
75.87
75.83
75.82
75.82
75.80
75.83
75.80
75.80
75.80
75.81
75.82
75.84
75.85
75.83
75.87
75.85
75.83
75.84
75.87
75.87
75.87
75.86
75.85
75.87
75.88
75.89
75.89
75.89
75.88
75.84
75.82
75.80
75.82
75.83
75.86
75.89
75.89
75.87
75.88
75.88
75.86
75.86
75.88
75.90
75.87
75.88
75.86
75.86
75.88
75.88
75.88
75.85
75.88
75.88
75.86
75.88
75.88
75.90
75.88
75.88
75.87
75.89
75.92
75.93
75.91
75.91
75.93
75.93
75.92
75.95
75.96
75.96
75.96
75.95
75.96
75.97
75.98
76.00
76.02
76.03
76.04
76.05
76.08
76.10
76.11
76.13
76.13
76.15
76.16
76.17
76.19
76.16
76.16
76.18
76.16
76.15
76.12
76.14
76.14
76.12
76.14
76.15
76.14
76.15
76.14
76.12
76.12
76.13
76.14
76.12
76.13
76.13
76.15
76.14
76.12
76.12
76.13
76.14
76.15
76.14
76.14
76.15
76.16
76.16
76.18
76.18
76.19
76.20
76.19
76.18
76.18
76.18
76.20
76.18
76.20
76.19
76.18
76.18
76.16
76.15
76.14
76.12
76.14
76.13
76.12
76.13
76.12
76.14
76.14
76.12
76.11
76.09
76.08
76.07
76.07
76.06
76.02
76.02
76.01
76.01
76.01
76.00
76.03
76.05
76.03
76.05
76.05
76.05
76.05
76.06
76.06
76.06
76.07
76.08
76.09
76.10
76.10
76.09
76.10
76.11
76.10
76.11
76.11
76.10
76.08
76.11
76.13
76.11
76.12
76.12
76.12
76.12
76.13
76.12
76.12
76.11
76.12
76.11
76.08
76.09
76.08
76.08
76.07
76.09
76.10
76.11
76.12
76.11
76.12
76.12
76.11
76.11
76.11
76.13
76.12
76.12
76.11
76.09
76.12
76.12
76.11
76.11
76.12
76.12
76.11
76.11
76.10
76.10
76.10
76.10
76.06
76.07
76.07
76.04
76.05
76.05
76.04
76.05
76.06
76.06
76.06
76.06
76.06
76.07
76.08
76.06
76.05
76.07
76.07
76.07
76.05
76.04
76.05
76.06
76.07
76.08
76.08
76.07
76.06
76.03
76.04
76.05
76.06
76.06
76.08
76.09
76.11
76.11
76.11
76.11
76.11
76.11
76.12
76.12
76.12
76.10
76.10
76.12
76.12
76.13
76.12
76.12
76.10
76.08
76.08
76.09
76.09
76.08
76.07
76.09
76.09
76.10
76.10
76.10
76.08
76.09
76.09
76.11
76.10
76.11
76.12
76.11
76.10
76.10
76.10
76.10
76.10
76.10
76.09
76.10
76.11
76.12
76.10
76.10
76.10
76.10
76.11
76.12
76.12
76.12
76.10
76.09
76.09
76.09
76.09
76.08
76.10
76.10
76.09
76.09
76.07
76.08
76.08
76.09
76.10
76.08
76.09
76.10
76.11
76.10
76.12
76.12
76.14
76.14
76.14
76.13
76.14
76.13
76.13
76.12
76.13
76.13
76.13
76.12
76.10
76.08
76.09
76.07
76.06
76.07
76.08
76.09
76.07
76.07
76.07
76.08
76.09
76.08
76.06
76.08
76.09
76.09
76.09
76.09
76.09
76.10
76.11
76.10
76.11
76.11
76.10
76.09
76.08
76.07
76.09
76.09
76.10
76.10
76.10
76.12
76.12
76.11
76.12
76.13
76.12
76.12
76.12
76.11
76.12
76.12
76.11
76.11
76.11
76.11
76.12
76.10
76.11
76.11
76.11
76.12
76.11
76.11
76.10
76.11
76.12
76.13
76.12
76.13
76.13
76.12
76.12
76.11
76.12
76.13
76.14
76.14
76.14
76.15
76.14
76.13
76.13
76.12
76.12
76.13
76.13
76.12
76.12
76.11
76.09
76.11
76.11
76.11
76.11
76.11
76.11
76.12
76.11
76.12
76.12
76.11
76.12
76.13
76.11
76.10
76.11
76.11
76.12
76.11
76.11
76.12
76.11
76.13
76.14
76.13
76.14
76.14
76.15
76.14
76.14
76.14
76.14
76.13
76.14
76.13
76.15
76.14
76.13
76.12
76.12
76.13
76.13
76.12
76.11
76.12
76.12
76.12
76.12
76.11
76.10
76.10
76.11
76.12
76.11
76.13
76.11
76.11
76.12
76.13
76.11
76.09
76.09
76.09
76.10
76.09
76.09
76.09
76.08
76.09
76.10
76.10
76.10
76.10
76.12
76.13
76.13
76.13
76.12
76.11
76.11
76.11
76.10
76.10
76.09
76.09
76.09
76.09
76.09
76.09
76.08
76.08
76.09
76.08
76.10
76.10
76.12
76.13
76.13
76.14
76.14
76.06
