82.81
85.94
82.29
83.20
81.25
81.25
81.25
80.86
80.21
80.00
79.55
78.39
77.88
78.01
78.54
78.81
79.32
78.56
78.29
78.36
78.35
77.63
77.38
77.54
77.38
77.16
76.68
77.06
76.99
76.93
76.81
76.71
76.56
76.79
76.61
76.26
76.18
76.27
76.28
76.13
76.11
76.19
76.24
76.14
76.15
76.19
76.06
76.14
76.15
76.12
76.38
76.38
76.36
76.16
76.08
75.95
75.99
76.00
76.01
76.04
76.15
76.16
76.02
76.07
76.18
76.18
76.21
76.19
76.25
76.41
76.43
76.30
76.37
76.39
76.25
76.19
76.12
76.02
75.95
76.00
76.08
76.09
76.02
75.97
75.99
75.98
76.02
76.01
76.00
76.09
76.15
76.17
76.19
76.28
76.30
76.37
76.34
76.26
76.26
76.19
76.18
76.24
76.24
76.32
76.34
76.39
76.31
76.33
76.35
76.35
76.35
76.33
76.38
76.34
76.40
76.39
76.42
76.43
76.33
76.32
76.27
76.28
76.32
76.34
76.26
76.22
76.07
76.06
76.11
76.09
76.15
76.17
76.17
76.20
76.18
76.13
76.21
76.20
76.18
76.24
76.27
76.24
76.16
76.14
76.17
76.16
76.13
76.11
76.06
76.07
76.01
76.00
75.99
75.99
76.00
76.02
76.04
76.07
76.09
76.08
76.10
76.08
76.11
76.13
76.17
76.18
76.18
76.26
76.30
76.31
76.31
76.33
76.38
76.38
76.40
76.42
76.39
76.37
76.40
76.39
76.30
76.34
76.37
76.40
76.39
76.40
76.45
76.43
76.46
76.45
76.42
76.40
76.39
76.43
76.39
76.43
76.45
76.46
76.44
76.42
76.44
76.45
76.45
76.46
76.46
76.46
76.44
76.46
76.47
76.49
76.50
76.48
76.48
76.47
76.47
76.45
76.47
76.47
76.46
76.48
76.48
76.47
76.46
76.51
76.51
76.52
76.51
76.51
76.49
76.44
76.47
76.50
76.48
76.46
76.44
76.48
76.48
76.48
76.46
76.46
76.46
76.47
76.46
76.42
76.43
76.38
76.40
76.39
76.39
76.41
76.43
76.41
76.41
76.40
76.38
76.36
76.37
76.37
76.36
76.37
76.36
76.37
76.37
76.40
76.42
76.42
76.43
76.43
76.40
76.39
76.38
76.38
76.38
76.36
76.39
76.38
76.37
76.35
76.35
76.36
76.37
76.37
76.36
76.36
76.35
76.40
76.41
76.41
76.41
76.41
76.40
76.38
76.38
76.35
76.33
76.36
76.37
76.35
76.36
76.38
76.36
76.38
76.37
76.36
76.37
76.35
76.35
76.34
76.33
76.31
76.27
76.28
76.29
76.30
76.29
76.30
76.29
76.30
76.33
76.34
76.35
76.33
76.34
76.32
76.34
76.34
76.35
76.32
76.33
76.34
76.35
76.34
76.36
76.31
76.32
76.33
76.34
76.36
76.36
76.35
76.32
76.35
76.31
76.32
76.31
76.31
76.34
76.32
76.30
76.29
76.28
76.28
76.27
76.26
76.25
76.28
76.27
76.27
76.29
76.27
76.26
76.25
76.27
76.29
76.28
76.28
76.27
76.25
76.21
76.21
76.22
76.22
76.23
76.22
76.20
76.20
76.23
76.25
76.25
76.24
76.22
76.21
76.22
76.23
76.24
76.23
76.25
76.26
76.25
76.26
76.26
76.26
76.26
76.26
76.26
76.23
76.23
76.22
76.22
76.21
76.24
76.25
76.27
76.28
76.26
76.26
76.26
76.27
76.26
76.25
76.25
76.25
76.27
76.27
76.27
76.28
76.29
76.26
76.24
76.23
76.21
76.21
76.21
76.22
76.20
76.18
76.20
76.20
76.19
76.19
76.19
76.17
76.18
76.18
76.18
76.18
76.18
76.16
76.17
76.18
76.19
76.17
76.16
76.16
76.16
76.15
76.14
76.16
76.17
76.19
76.19
76.19
76.18
76.19
76.18
76.18
76.17
76.17
76.15
76.17
76.16
76.16
76.15
76.14
76.16
76.16
76.16
76.18
76.17
76.18
76.17
76.17
76.18
76.17
76.18
76.19
76.19
76.17
76.18
76.18
76.17
76.17
76.15
76.16
76.17
76.16
76.18
76.18
76.16
76.15
76.17
76.19
76.19
76.19
76.19
76.18
76.19
76.20
76.19
76.19
76.19
76.19
76.20
76.20
76.18
76.20
76.20
76.19
76.20
76.21
76.21
76.21
76.20
76.23
76.23
76.22
76.22
76.22
76.23
76.22
76.24
76.23
76.23
76.23
76.22
76.21
76.20
76.20
76.18
76.17
76.16
76.14
76.13
76.12
76.12
76.12
76.11
76.10
76.10
76.09
76.10
76.10
76.10
76.11
76.11
76.10
76.10
76.10
76.11
76.11
76.11
76.12
76.12
76.12
76.11
76.10
76.11
76.12
76.13
76.12
76.11
76.11
76.09
76.10
76.11
76.13
76.12
76.13
76.15
76.15
76.15
76.14
76.14
76.15
76.14
76.14
76.13
76.12
76.12
76.11
76.11
76.12
76.11
76.11
76.12
76.12
76.11
76.12
76.12
76.11
76.11
76.10
76.11
76.11
76.12
76.12
76.12
76.13
76.12
76.14
76.14
76.14
76.15
76.14
76.14
76.14
76.14
76.14
76.14
76.16
76.15
76.14
76.13
76.14
76.13
76.13
76.12
76.12
76.13
76.13
76.13
76.14
76.13
76.14
76.13
76.13
76.13
76.13
76.13
76.12
76.13
76.13
76.13
76.13
76.14
76.13
76.13
76.13
76.13
76.12
76.11
76.11
76.10
76.10
76.11
76.10
76.10
76.10
76.10
76.11
76.10
76.10
76.10
76.09
76.08
76.09
76.07
76.07
76.07
76.07
76.09
76.09
76.08
76.08
76.09
76.11
76.12
76.10
76.11
76.12
76.12
76.12
76.11
76.12
76.12
76.13
76.12
76.12
76.12
76.11
76.11
76.11
76.12
76.13
76.15
76.13
76.14
76.13
76.13
76.14
76.13
76.13
76.13
76.13
76.14
76.14
76.12
76.12
76.13
76.11
76.11
76.12
76.12
76.12
76.12
76.12
76.12
76.13
76.13
76.13
76.13
76.14
76.14
76.14
76.13
76.14
76.14
76.13
76.13
76.12
76.13
76.14
76.15
76.15
76.17
76.17
76.17
76.17
76.17
76.17
76.17
76.16
76.16
76.16
76.16
76.16
76.16
76.16
76.15
76.14
76.14
76.14
76.14
76.14
76.15
76.16
76.17
76.17
76.17
76.16
76.17
76.16
76.16
76.16
76.15
76.15
76.15
76.15
76.16
76.17
76.17
76.18
76.17
76.17
76.16
76.16
76.16
76.15
76.15
76.14
76.14
76.15
76.15
76.16
76.17
76.16
76.16
76.14
76.15
76.15
76.15
76.07
