82.81
83.59
78.65
78.52
78.75
79.17
78.35
77.93
78.47
78.12
78.41
77.73
77.88
78.01
77.19
77.25
77.21
76.91
76.89
77.19
77.01
77.06
76.90
77.08
76.56
76.26
76.50
77.06
77.26
77.14
76.97
76.95
76.80
76.47
76.38
76.48
76.44
76.40
76.20
76.48
76.33
76.19
76.16
76.10
76.15
76.15
76.20
76.04
76.02
76.06
76.23
76.08
76.03
75.90
75.85
75.92
76.01
75.86
75.95
75.89
75.67
75.66
75.62
75.56
75.62
75.78
75.82
75.94
76.02
75.96
76.03
76.17
76.13
76.18
76.17
76.19
76.20
76.30
76.38
76.33
76.23
76.22
76.17
76.32
76.34
76.25
76.15
76.17
76.23
76.18
76.20
76.22
76.23
76.28
76.27
76.29
76.29
76.36
76.34
76.33
76.35
76.36
76.38
76.34
76.34
76.36
76.37
76.45
76.42
76.36
76.32
76.40
76.34
76.41
76.41
76.43
76.36
76.34
76.35
76.35
76.33
76.38
76.35
76.35
76.35
76.39
76.34
76.34
76.41
76.43
76.37
76.44
76.42
76.46
76.46
76.38
76.39
76.37
76.41
76.43
76.44
76.47
76.45
76.48
76.47
76.51
76.45
76.46
76.45
76.53
76.56
76.49
76.48
76.53
76.51
76.47
76.43
76.47
76.44
76.45
76.39
76.39
76.43
76.43
76.46
76.45
76.47
76.49
76.48
76.48
76.45
76.46
76.45
76.42
76.44
76.39
76.40
76.37
76.40
76.36
76.32
76.32
76.31
76.35
76.34
76.37
76.38
76.38
76.34
76.32
76.33
76.27
76.25
76.26
76.24
76.26
76.22
76.21
76.17
76.16
76.17
76.17
76.21
76.19
76.19
76.21
76.22
76.19
76.20
76.19
76.21
76.19
76.16
76.12
76.11
76.11
76.11
76.14
76.12
76.10
76.10
76.08
76.07
76.07
76.07
76.09
76.09
76.11
76.11
76.09
76.07
76.08
76.04
76.04
76.04
76.00
76.04
75.98
75.98
75.99
76.01
76.03
76.02
76.00
76.01
76.01
76.00
76.03
76.03
76.02
75.98
75.99
76.01
76.01
76.02
76.04
76.05
76.04
76.04
76.02
76.04
76.04
76.05
76.02
76.03
76.02
75.99
76.02
76.02
76.01
76.01
76.01
76.00
75.99
75.98
75.99
76.01
76.03
76.04
76.03
76.04
76.01
76.02
76.03
76.06
76.02
76.03
76.05
76.04
76.07
76.06
76.06
76.06
76.07
76.09
76.06
76.09
76.09
76.09
76.09
76.10
76.10
76.14
76.15
76.11
76.12
76.11
76.11
76.12
76.15
76.14
76.15
76.15
76.15
76.15
76.13
76.13
76.10
76.04
76.02
76.04
76.03
76.02
76.03
76.03
76.03
76.02
76.00
76.03
76.03
76.05
76.04
76.04
76.05
76.04
76.03
76.04
76.04
76.04
76.05
76.05
76.08
76.08
76.07
76.10
76.11
76.12
76.13
76.11
76.11
76.11
76.09
76.09
76.07
76.05
76.05
76.04
76.05
76.05
76.06
76.07
76.05
76.08
76.08
76.07
76.09
76.09
76.05
76.05
76.05
76.07
76.06
76.03
76.07
76.07
76.08
76.09
76.11
76.13
76.14
76.12
76.14
76.14
76.16
76.16
76.18
76.21
76.20
76.23
76.23
76.22
76.20
76.18
76.19
76.19
76.19
76.19
76.19
76.19
76.19
76.21
76.24
76.23
76.23
76.22
76.23
76.21
76.22
76.21
76.20
76.19
76.18
76.17
76.16
76.17
76.17
76.17
76.18
76.17
76.18
76.18
76.18
76.18
76.19
76.19
76.18
76.17
76.17
76.18
76.17
76.16
76.17
76.17
76.13
76.15
76.14
76.13
76.14
76.15
76.16
76.16
76.15
76.17
76.17
76.17
76.18
76.19
76.19
76.19
76.19
76.19
76.16
76.16
76.17
76.18
76.19
76.18
76.16
76.17
76.17
76.17
76.17
76.16
76.16
76.14
76.15
76.16
76.19
76.20
76.20
76.19
76.19
76.17
76.17
76.16
76.18
76.17
76.18
76.17
76.18
76.19
76.20
76.18
76.18
76.16
76.17
76.17
76.16
76.16
76.17
76.18
76.18
76.19
76.20
76.21
76.21
76.23
76.23
76.23
76.23
76.23
76.22
76.20
76.20
76.20
76.20
76.21
76.21
76.21
76.21
76.20
76.19
76.19
76.19
76.21
76.22
76.22
76.22
76.21
76.21
76.22
76.21
76.23
76.23
76.25
76.26
76.26
76.25
76.26
76.27
76.28
76.28
76.30
76.29
76.30
76.29
76.29
76.31
76.31
76.31
76.32
76.33
76.33
76.35
76.34
76.34
76.34
76.33
76.31
76.32
76.30
76.29
76.29
76.29
76.29
76.30
76.29
76.28
76.28
76.27
76.26
76.27
76.24
76.25
76.25
76.25
76.25
76.25
76.25
76.26
76.25
76.23
76.22
76.21
76.21
76.21
76.21
76.21
76.22
76.21
76.22
76.21
76.22
76.24
76.24
76.23
76.23
76.24
76.24
76.23
76.22
76.21
76.21
76.21
76.21
76.21
76.21
76.23
76.22
76.22
76.23
76.25
76.24
76.24
76.25
76.25
76.25
76.25
76.25
76.24
76.24
76.23
76.24
76.26
76.26
76.25
76.25
76.24
76.24
76.22
76.23
76.23
76.22
76.22
76.22
76.23
76.24
76.23
76.22
76.21
76.21
76.21
76.19
76.18
76.18
76.17
76.17
76.17
76.17
76.18
76.18
76.18
76.18
76.16
76.16
76.17
76.18
76.18
76.18
76.18
76.18
76.18
76.17
76.18
76.18
76.18
76.18
76.18
76.18
76.19
76.19
76.20
76.20
76.20
76.21
76.21
76.21
76.21
76.21
76.21
76.22
76.22
76.22
76.21
76.20
76.20
76.20
76.20
76.20
76.21
76.20
76.21
76.21
76.22
76.21
76.21
76.20
76.20
76.20
76.18
76.19
76.17
76.18
76.18
76.18
76.19
76.18
76.18
76.18
76.19
76.20
76.19
76.18
76.18
76.19
76.20
76.20
76.20
76.20
76.18
76.17
76.17
76.16
76.16
76.17
76.18
76.18
76.18
76.18
76.18
76.17
76.18
76.17
76.17
76.16
76.16
76.17
76.18
76.17
76.16
76.17
76.17
76.17
76.17
76.17
76.16
76.16
76.17
76.16
76.15
76.16
76.16
76.16
76.17
76.17
76.16
76.17
76.17
76.17
76.15
76.15
76.15
76.15
76.15
76.15
76.15
76.15
76.15
76.14
76.15
76.16
76.16
76.14
76.15
76.14
76.15
76.16
76.16
76.15
76.16
76.16
76.15
76.15
76.15
76.15
76.15
76.15
76.15
76.16
76.14
76.13
76.06
