43.75
53.12
54.69
51.95
53.44
53.39
54.02
54.30
55.38
55.00
54.83
54.56
53.73
54.35
54.06
53.42
53.86
53.91
53.54
53.67
53.79
53.05
53.33
53.45
53.12
52.82
52.95
53.29
53.61
53.70
53.43
53.56
53.41
53.35
53.44
53.60
53.46
53.37
53.21
53.24
53.28
53.20
53.23
53.55
53.75
53.74
53.72
53.81
54.02
54.00
54.07
54.24
54.36
54.46
54.55
54.58
54.74
54.74
54.58
54.51
54.41
54.41
54.32
54.30
54.28
54.36
54.43
54.32
54.37
54.35
54.23
54.17
54.00
53.82
53.98
54.03
54.04
54.03
54.05
53.91
53.97
53.85
53.88
53.96
54.03
54.11
54.24
54.31
54.37
54.34
54.33
54.31
54.20
54.24
54.23
54.31
54.35
54.45
54.53
54.53
54.59
54.52
54.52
54.42
54.39
54.33
54.29
54.37
54.43
54.46
54.48
54.39
54.33
54.39
54.38
54.40
54.47
54.45
54.50
54.57
54.57
54.48
54.51
54.47
54.56
54.55
54.53
54.48
54.37
54.42
54.38
54.43
54.44
54.44
54.48
54.42
54.45
54.43
54.40
54.34
54.38
54.43
54.49
54.45
54.46
54.37
54.35
54.36
54.36
54.35
54.36
54.40
54.44
54.43
54.48
54.51
54.50
54.49
54.49
54.50
54.52
54.54
54.47
54.51
54.52
54.53
54.55
54.57
54.55
54.60
54.58
54.55
54.60
54.59
54.54
54.53
54.50
54.54
54.59
54.62
54.55
54.50
54.47
54.56
54.55
54.52
54.53
54.58
54.57
54.61
54.59
54.57
54.57
54.58
54.58
54.63
54.62
54.61
54.62
54.63
54.63
54.62
54.60
54.59
54.62
54.65
54.70
54.72
54.80
54.84
54.89
54.92
54.92
54.87
54.85
54.85
54.83
54.82
54.80
54.82
54.86
54.84
54.86
54.88
54.86
54.88
54.87
54.87
54.85
54.78
54.76
54.72
54.71
54.77
54.78
54.76
54.77
54.78
54.80
54.82
54.84
54.87
54.85
54.88
54.94
54.92
54.92
54.93
54.90
54.89
54.88
54.89
54.86
54.85
54.84
54.87
54.86
54.86
54.83
54.84
54.81
54.79
54.78
54.82
54.83
54.83
54.82
54.82
54.84
54.82
54.81
54.80
54.76
54.76
54.82
54.85
54.87
54.92
54.95
54.93
54.95
54.96
54.97
54.96
54.96
54.97
55.00
55.05
55.03
55.02
55.04
55.02
55.02
55.04
55.02
55.00
55.01
55.01
55.02
55.03
55.04
55.04
55.04
55.07
55.04
55.04
55.04
55.04
55.06
55.04
55.01
54.99
55.03
55.04
55.05
55.05
55.02
55.02
55.01
55.00
54.99
55.01
54.99
54.98
55.00
55.01
54.99
54.99
55.02
55.00
54.98
54.97
54.99
54.97
55.00
54.99
54.97
54.95
54.95
54.98
55.02
55.02
55.04
55.01
55.03
55.04
55.04
55.01
54.98
54.98
54.99
55.00
55.03
55.02
55.02
55.01
55.01
55.00
55.00
55.00
55.01
55.03
55.04
55.03
55.02
55.04
55.04
55.04
55.08
55.07
55.05
55.02
55.04
55.06
55.07
55.07
55.07
55.07
55.08
55.09
55.09
55.08
55.05
55.05
55.04
55.06
55.07
55.07
55.09
55.09
55.10
55.11
55.11
55.12
55.11
55.12
55.13
55.12
55.12
55.11
55.10
55.08
55.05
55.05
55.05
55.05
55.08
55.07
55.09
55.07
55.05
55.06
55.07
55.03
55.04
55.03
55.02
55.02
55.03
55.02
55.02
54.98
54.99
54.98
54.97
54.96
54.95
54.95
54.95
54.95
54.93
54.93
54.93
54.92
54.93
54.93
54.93
54.92
54.92
54.94
54.94
54.93
54.96
54.94
54.95
54.96
54.97
54.95
54.97
54.97
54.99
54.96
54.98
54.98
54.99
55.00
54.99
54.99
54.99
55.01
54.99
55.00
55.00
54.99
55.00
54.96
54.98
54.96
54.95
54.96
54.94
54.93
54.94
54.92
54.92
54.90
54.91
54.91
54.92
54.89
54.86
54.87
54.86
54.87
54.86
54.87
54.89
54.87
54.87
54.85
54.84
54.87
54.86
54.85
54.85
54.86
54.87
54.87
54.89
54.86
54.87
54.86
54.87
54.88
54.89
54.91
54.90
54.91
54.91
54.91
54.91
54.92
54.93
54.93
54.93
54.93
54.94
54.93
54.95
54.95
54.95
54.93
54.94
54.95
54.94
54.95
54.95
54.94
54.94
54.95
54.95
54.97
54.97
54.95
54.95
54.96
54.97
54.97
54.99
54.97
54.98
54.99
54.99
55.00
54.99
55.01
55.00
55.00
54.99
54.99
54.99
54.96
54.96
54.96
54.96
54.96
54.94
54.95
54.94
54.92
54.93
54.92
54.91
54.92
54.93
54.92
54.92
54.92
54.93
54.95
54.93
54.92
54.93
54.93
54.92
54.92
54.93
54.92
54.93
54.95
54.93
54.93
54.95
54.95
54.93
54.94
54.94
54.94
54.95
54.93
54.92
54.94
54.95
54.96
54.95
54.94
54.93
54.93
54.93
54.92
54.93
54.94
54.95
54.95
54.94
54.92
54.92
54.93
54.93
54.94
54.94
54.94
54.94
54.93
54.94
54.92
54.92
54.92
54.91
54.90
54.90
54.90
54.91
54.90
54.90
54.91
54.91
54.89
54.88
54.89
54.90
54.91
54.91
54.94
54.93
54.93
54.91
54.92
54.90
54.93
54.92
54.91
54.91
54.90
54.91
54.91
54.91
54.92
54.93
54.94
54.95
54.95
54.95
54.95
54.95
54.95
54.96
54.94
54.94
54.95
54.95
54.95
54.94
54.93
54.92
54.92
54.92
54.94
54.94
54.93
54.92
54.92
54.92
54.90
54.91
54.90
54.90
54.89
54.87
54.85
54.85
54.86
54.86
54.87
54.87
54.85
54.85
54.85
54.85
54.86
54.85
54.87
54.87
54.87
54.87
54.88
54.88
54.88
54.88
54.88
54.87
54.87
54.86
54.86
54.86
54.87
54.86
54.84
54.85
54.85
54.86
54.86
54.86
54.86
54.86
54.86
54.86
54.87
54.87
54.87
54.87
54.86
54.87
54.87
54.87
54.87
54.88
54.90
54.90
54.90
54.90
54.91
54.91
54.92
54.91
54.92
54.92
54.91
54.91
54.91
54.91
54.90
54.90
54.90
54.89
54.89
54.89
54.89
54.90
54.91
54.91
54.91
54.90
54.90
54.90
54.91
54.92
54.93
54.94
54.94
54.94
54.95
54.94
54.95
54.95
54.95
54.95
54.95
54.96
54.96
54.96
54.95
54.94
54.94
54.94
54.93
54.92
54.92
54.92
54.92
54.93
54.87
