73.44
77.34
79.17
78.12
78.12
78.12
78.35
78.71
77.95
78.12
77.70
77.34
78.00
77.90
77.71
77.54
77.67
77.95
77.80
77.66
77.68
77.70
77.79
77.67
77.88
77.64
77.55
77.40
77.32
77.45
77.57
77.54
77.51
77.62
77.50
77.47
77.45
77.38
77.32
77.23
77.17
76.90
76.71
76.74
76.56
76.70
76.83
76.79
76.72
76.69
76.59
76.59
76.53
76.56
76.45
76.59
76.51
76.43
76.32
76.46
76.56
76.49
76.56
76.49
76.54
76.49
76.56
76.49
76.38
76.32
76.32
76.32
76.37
76.33
76.19
76.25
76.32
76.40
76.29
76.35
76.25
76.18
76.20
76.25
76.27
76.20
76.22
76.17
76.23
76.34
76.30
76.26
76.19
76.18
76.22
76.25
76.29
76.24
76.18
76.14
76.27
76.24
76.30
76.32
76.41
76.46
76.50
76.43
76.49
76.42
76.42
76.44
76.44
76.41
76.41
76.45
76.54
76.50
76.51
76.45
76.49
76.38
76.32
76.29
76.25
76.28
76.32
76.29
76.32
76.26
76.16
76.20
76.17
76.20
76.20
76.21
76.19
76.21
76.23
76.25
76.25
76.24
76.25
76.23
76.22
76.26
76.26
76.21
76.28
76.23
76.20
76.16
76.19
76.25
76.24
76.21
76.25
76.26
76.26
76.23
76.23
76.18
76.16
76.11
76.10
76.10
76.09
76.07
76.04
76.05
76.04
76.05
76.04
76.00
76.00
75.95
76.00
75.98
75.98
75.96
75.96
75.97
76.02
76.04
76.01
76.02
76.00
75.99
75.99
75.97
75.95
75.96
75.87
75.89
75.90
75.82
75.81
75.84
75.80
75.77
75.79
75.79
75.82
75.86
75.85
75.88
75.86
75.88
75.90
75.87
75.89
75.92
75.90
75.86
75.86
75.83
75.78
75.78
75.77
75.82
75.83
75.84
75.83
75.85
75.85
75.82
75.83
75.87
75.84
75.85
75.83
75.84
75.80
75.81
75.85
75.87
75.90
75.87
75.80
75.81
75.83
75.81
75.80
75.83
75.77
75.79
75.80
75.81
75.82
75.82
75.84
75.83
75.82
75.82
75.82
75.85
75.86
75.85
75.88
75.84
75.83
75.84
75.85
75.86
75.83
75.83
75.84
75.83
75.82
75.80
75.81
75.83
75.81
75.81
75.80
75.82
75.81
75.80
75.82
75.75
75.77
75.79
75.78
75.78
75.74
75.76
75.78
75.79
75.77
75.80
75.81
75.80
75.82
75.83
75.83
75.83
75.80
75.76
75.75
75.74
75.76
75.79
75.81
75.81
75.82
75.84
75.82
75.82
75.82
75.81
75.78
75.82
75.78
75.77
75.78
75.74
75.76
75.78
75.79
75.81
75.81
75.79
75.80
75.78
75.78
75.78
75.78
75.79
75.80
75.80
75.79
75.78
75.78
75.78
75.78
75.79
75.78
75.79
75.78
75.77
75.78
75.79
75.81
75.81
75.82
75.81
75.84
75.85
75.84
75.84
75.83
75.81
75.79
75.79
75.80
75.81
75.84
75.84
75.85
75.84
75.84
75.83
75.84
75.85
75.87
75.83
75.84
75.84
75.83
75.85
75.87
75.87
75.88
75.88
75.89
75.88
75.89
75.87
75.88
75.88
75.89
75.90
75.92
75.91
75.92
75.90
75.92
75.93
75.93
75.93
75.92
75.92
75.92
75.92
75.95
75.93
75.93
75.95
75.98
75.98
76.01
76.00
76.01
76.01
76.01
76.02
76.03
76.01
76.00
76.02
76.02
76.00
75.99
76.00
76.04
76.04
76.02
76.04
76.02
76.02
76.02
76.00
76.01
76.00
75.99
76.00
76.00
75.99
75.99
75.98
75.96
75.95
75.93
75.93
75.92
75.92
75.92
75.91
75.91
75.90
75.89
75.90
75.89
75.90
75.87
75.86
75.87
75.86
75.87
75.86
75.87
75.84
75.83
75.84
75.83
75.84
75.85
75.85
75.86
75.86
75.85
75.87
75.87
75.88
75.90
75.89
75.88
75.87
75.89
75.88
75.90
75.92
75.91
75.92
75.94
75.94
75.96
75.97
75.97
75.97
75.96
75.97
75.96
75.96
75.98
75.96
75.96
75.95
75.95
75.96
75.96
75.94
75.94
75.95
75.94
75.95
75.92
75.91
75.92
75.90
75.90
75.90
75.87
75.87
75.86
75.87
75.87
75.89
75.91
75.90
75.92
75.92
75.94
75.94
75.93
75.93
75.95
75.95
75.95
75.98
75.98
76.00
76.00
75.98
75.96
75.95
75.96
75.96
75.98
75.98
75.99
75.99
75.99
75.99
75.99
75.99
75.99
75.98
75.99
75.98
76.00
76.00
76.01
76.00
76.00
76.01
76.01
76.01
76.00
76.02
76.03
76.03
76.03
76.03
76.02
76.02
76.01
76.01
76.03
76.03
76.02
76.03
76.04
76.03
76.04
76.04
76.03
76.05
76.07
76.07
76.09
76.08
76.07
76.09
76.09
76.08
76.08
76.07
76.07
76.06
76.05
76.04
76.03
76.02
76.02
76.00
76.01
76.00
76.00
76.01
76.03
76.01
76.00
76.00
76.02
76.01
76.01
76.00
76.00
76.00
76.00
76.00
76.00
76.02
76.02
76.04
76.06
76.06
76.06
76.07
76.06
76.07
76.07
76.06
76.08
76.10
76.09
76.09
76.11
76.12
76.11
76.12
76.13
76.14
76.15
76.14
76.14
76.15
76.16
76.14
76.14
76.14
76.14
76.13
76.13
76.14
76.15
76.15
76.14
76.15
76.15
76.15
76.14
76.13
76.14
76.14
76.15
76.16
76.16
76.17
76.17
76.17
76.17
76.17
76.16
76.16
76.17
76.17
76.17
76.16
76.17
76.16
76.17
76.18
76.17
76.17
76.18
76.17
76.17
76.18
76.17
76.18
76.19
76.18
76.18
76.16
76.17
76.17
76.16
76.15
76.16
76.15
76.16
76.16
76.16
76.16
76.15
76.15
76.16
76.16
76.17
76.16
76.17
76.17
76.16
76.17
76.16
76.16
76.18
76.17
76.18
76.19
76.20
76.20
76.19
76.20
76.20
76.22
76.22
76.22
76.21
76.21
76.20
76.21
76.21
76.20
76.20
76.19
76.20
76.20
76.19
76.19
76.19
76.19
76.20
76.20
76.20
76.21
76.20
76.21
76.20
76.19
76.19
76.18
76.18
76.19
76.19
76.19
76.18
76.18
76.18
76.19
76.19
76.16
76.16
76.16
76.15
76.16
76.15
76.15
76.16
76.16
76.17
76.17
76.17
76.16
76.17
76.17
76.18
76.17
76.16
76.17
76.17
76.17
76.18
76.18
76.19
76.19
76.19
76.19
76.18
76.18
76.18
76.19
76.18
76.18
76.17
76.16
76.16
76.17
76.16
76.09
