73.44
75.78
75.52
75.78
75.62
76.82
76.56
75.59
75.87
75.62
75.57
75.78
74.76
74.67
74.58
74.90
74.91
74.83
74.51
74.84
75.07
75.28
75.20
75.46
75.56
75.66
75.69
75.67
75.75
75.73
75.76
75.73
75.76
76.01
75.94
75.78
75.76
76.03
76.04
76.21
76.26
76.53
76.56
76.67
76.74
76.83
76.83
76.82
76.79
76.72
76.75
76.56
76.53
76.53
76.34
76.37
76.40
76.24
76.11
75.99
75.90
75.96
75.97
75.98
76.08
76.11
76.14
76.29
76.22
76.25
76.28
76.28
76.18
76.10
76.21
76.11
75.99
75.82
75.77
75.84
75.77
75.72
75.60
75.61
75.50
75.62
75.59
75.51
75.46
75.47
75.41
75.41
75.40
75.48
75.51
75.54
75.50
75.49
75.46
75.38
75.48
75.46
75.46
75.50
75.48
75.52
75.48
75.51
75.46
75.54
75.58
75.54
75.50
75.49
75.56
75.51
75.51
75.53
75.43
75.42
75.49
75.54
75.51
75.52
75.51
75.53
75.54
75.50
75.52
75.60
75.60
75.54
75.49
75.57
75.58
75.64
75.71
75.74
75.75
75.78
75.69
75.73
75.75
75.79
75.81
75.79
75.74
75.81
75.82
75.83
75.85
75.88
75.88
75.87
75.84
75.86
75.84
75.79
75.78
75.72
75.73
75.69
75.73
75.73
75.71
75.75
75.77
75.77
75.79
75.75
75.79
75.73
75.77
75.77
75.77
75.78
75.76
75.78
75.76
75.81
75.79
75.76
75.84
75.78
75.79
75.79
75.79
75.81
75.88
75.86
75.90
75.93
75.92
75.89
75.86
75.90
75.89
75.92
75.96
75.99
75.98
76.00
76.02
76.03
76.01
75.99
75.95
75.92
75.96
75.92
75.89
75.88
75.87
75.85
75.86
75.89
75.86
75.90
75.85
75.82
75.88
75.83
75.89
75.88
75.84
75.83
75.80
75.78
75.78
75.81
75.81
75.75
75.77
75.75
75.76
75.76
75.77
75.78
75.76
75.78
75.77
75.76
75.77
75.80
75.82
75.83
75.82
75.83
75.82
75.81
75.80
75.83
75.88
75.92
75.91
75.89
75.86
75.82
75.81
75.80
75.80
75.82
75.81
75.80
75.78
75.79
75.77
75.80
75.78
75.82
75.81
75.82
75.79
75.78
75.78
75.79
75.75
75.72
75.74
75.75
75.73
75.71
75.68
75.68
75.71
75.70
75.68
75.70
75.70
75.67
75.66
75.65
75.67
75.66
75.68
75.69
75.69
75.71
75.75
75.76
75.77
75.73
75.69
75.69
75.69
75.69
75.67
75.67
75.69
75.67
75.62
75.63
75.64
75.67
75.68
75.69
75.69
75.71
75.71
75.72
75.73
75.77
75.77
75.76
75.73
75.76
75.77
75.76
75.78
75.80
75.80
75.80
75.81
75.81
75.82
75.84
75.86
75.86
75.86
75.86
75.86
75.85
75.82
75.82
75.82
75.79
75.83
75.83
75.83
75.86
75.88
75.89
75.89
75.90
75.91
75.91
75.93
75.96
75.94
75.95
75.96
75.98
75.97
75.97
75.95
75.94
75.94
75.93
75.93
75.92
75.93
75.95
75.95
75.96
75.95
75.93
75.95
75.95
75.95
75.98
76.00
76.01
76.01
76.00
75.99
75.98
75.98
75.97
75.96
75.97
75.98
75.98
75.98
75.98
75.99
76.01
75.99
75.97
75.99
76.01
76.02
76.02
76.00
75.99
76.03
76.03
76.04
76.04
76.04
76.04
76.05
76.05
76.05
76.05
76.06
76.04
76.06
76.04
76.04
76.04
76.02
76.01
76.00
76.00
76.01
76.01
76.01
76.02
76.04
76.06
76.07
76.08
76.08
76.09
76.07
76.08
76.09
76.10
76.10
76.10
76.09
76.07
76.07
76.06
76.06
76.05
76.05
76.05
76.05
76.05
76.06
76.08
76.07
76.07
76.07
76.08
76.09
76.08
76.08
76.08
76.09
76.09
76.09
76.09
76.09
76.10
76.10
76.10
76.11
76.10
76.11
76.11
76.13
76.13
76.14
76.15
76.15
76.13
76.11
76.13
76.12
76.12
76.12
76.12
76.12
76.13
76.15
76.14
76.16
76.15
76.16
76.17
76.18
76.17
76.16
76.15
76.15
76.15
76.14
76.15
76.15
76.16
76.17
76.17
76.17
76.18
76.17
76.17
76.18
76.17
76.17
76.15
76.15
76.16
76.17
76.18
76.17
76.17
76.17
76.16
76.16
76.15
76.14
76.14
76.14
76.15
76.15
76.15
76.16
76.16
76.17
76.17
76.16
76.16
76.15
76.16
76.15
76.16
76.17
76.17
76.17
76.16
76.17
76.18
76.18
76.17
76.16
76.15
76.16
76.15
76.16
76.16
76.16
76.15
76.16
76.17
76.18
76.18
76.19
76.18
76.19
76.18
76.19
76.18
76.19
76.19
76.20
76.20
76.19
76.20
76.19
76.19
76.19
76.18
76.18
76.16
76.15
76.15
76.15
76.16
76.14
76.14
76.12
76.12
76.14
76.15
76.13
76.14
76.14
76.13
76.13
76.15
76.14
76.15
76.14
76.14
76.14
76.14
76.15
76.16
76.16
76.14
76.14
76.14
76.16
76.17
76.17
76.16
76.16
76.15
76.16
76.15
76.15
76.15
76.14
76.15
76.17
76.18
76.16
76.16
76.17
76.17
76.17
76.16
76.16
76.17
76.15
76.16
76.17
76.17
76.17
76.17
76.18
76.18
76.18
76.19
76.19
76.20
76.18
76.17
76.18
76.18
76.17
76.16
76.17
76.17
76.16
76.16
76.16
76.16
76.17
76.18
76.20
76.20
76.20
76.21
76.20
76.20
76.20
76.21
76.21
76.22
76.22
76.21
76.21
76.22
76.23
76.23
76.22
76.22
76.23
76.22
76.21
76.21
76.22
76.20
76.20
76.21
76.21
76.20
76.19
76.19
76.17
76.15
76.15
76.15
76.14
76.14
76.15
76.14
76.13
76.13
76.13
76.12
76.13
76.13
76.13
76.12
76.12
76.13
76.13
76.12
76.13
76.13
76.14
76.14
76.14
76.14
76.15
76.15
76.15
76.15
76.14
76.13
76.12
76.11
76.12
76.11
76.12
76.12
76.12
76.11
76.12
76.12
76.12
76.11
76.11
76.11
76.10
76.12
76.12
76.12
76.11
76.11
76.11
76.12
76.13
76.12
76.12
76.13
76.13
76.13
76.14
76.15
76.15
76.15
76.14
76.15
76.15
76.16
76.16
76.16
76.17
76.16
76.17
76.18
76.18
76.19
76.18
76.17
76.18
76.18
76.19
76.19
76.18
76.17
76.18
76.16
76.16
76.17
76.17
76.17
76.16
76.15
76.15
76.14
76.15
76.14
76.15
76.15
76.15
76.08
