78.12
80.47
79.17
79.30
79.38
78.65
76.79
77.15
76.74
75.62
75.57
75.65
75.72
75.89
76.25
76.17
75.83
76.04
76.23
76.17
76.34
76.42
76.15
76.17
76.50
76.38
76.27
76.23
76.19
76.15
76.26
76.32
76.52
76.47
76.74
76.91
76.90
76.85
76.76
76.76
76.98
77.05
77.03
76.88
76.98
76.83
76.80
76.79
76.59
76.53
76.53
76.47
76.24
76.30
76.11
76.09
76.01
76.02
76.01
76.07
76.28
76.21
76.39
76.29
76.20
76.21
76.19
76.15
76.18
76.18
76.25
76.19
76.18
76.16
76.27
76.25
76.22
76.28
76.27
76.23
76.29
76.09
76.09
76.06
76.03
75.91
75.88
75.87
75.84
75.82
75.84
75.87
75.87
75.88
75.90
75.96
75.92
75.91
75.92
75.94
76.02
76.06
76.06
76.08
76.06
76.02
76.08
76.13
76.10
76.12
76.08
76.10
76.04
76.06
75.98
75.94
75.93
75.94
75.95
75.99
75.96
75.96
75.98
75.97
75.95
75.94
75.97
75.94
75.84
75.85
75.87
75.90
75.96
75.98
76.03
76.02
75.98
75.99
75.92
75.94
75.94
76.03
76.06
76.05
76.08
76.06
76.01
76.05
76.03
76.02
76.02
76.01
76.01
75.97
76.01
75.97
76.02
76.04
76.08
76.06
76.12
76.06
76.03
76.08
76.10
76.11
76.10
76.09
76.04
76.04
76.02
76.03
76.03
76.07
76.09
76.10
76.10
76.11
76.13
76.10
76.12
76.15
76.17
76.18
76.17
76.14
76.14
76.13
76.12
76.13
76.13
76.13
76.11
76.12
76.15
76.19
76.17
76.14
76.07
76.08
76.07
76.04
76.05
76.09
76.13
76.09
76.12
76.11
76.14
76.14
76.13
76.11
76.14
76.13
76.14
76.12
76.10
76.06
76.04
76.06
76.05
76.05
76.04
76.03
76.00
76.01
75.95
75.91
75.99
75.99
76.01
76.01
76.02
76.01
76.01
76.03
76.04
76.04
76.03
76.02
76.00
76.01
75.96
75.97
75.98
76.00
75.98
76.01
76.00
76.04
76.05
76.09
76.11
76.13
76.12
76.11
76.11
76.10
76.13
76.12
76.11
76.09
76.07
76.11
76.09
76.09
76.08
76.07
76.07
76.09
76.09
76.13
76.14
76.15
76.16
76.16
76.15
76.15
76.16
76.15
76.15
76.19
76.21
76.16
76.15
76.13
76.10
76.11
76.10
76.13
76.17
76.15
76.14
76.15
76.15
76.14
76.14
76.14
76.14
76.13
76.13
76.13
76.16
76.19
76.17
76.17
76.17
76.18
76.16
76.14
76.17
76.15
76.13
76.11
76.12
76.10
76.08
76.08
76.07
76.07
76.05
76.02
76.02
76.05
76.03
76.03
76.02
76.03
76.04
76.01
76.01
76.02
76.01
76.01
76.04
76.01
75.99
75.97
75.94
75.94
75.96
75.96
75.97
75.98
75.97
75.98
75.98
75.97
75.98
75.98
75.99
75.99
75.98
75.98
75.96
75.96
75.94
75.93
75.91
75.89
75.90
75.87
75.87
75.89
75.89
75.90
75.92
75.91
75.92
75.93
75.93
75.93
75.91
75.91
75.93
75.92
75.93
75.95
75.93
75.94
75.92
75.93
75.91
75.92
75.91
75.89
75.88
75.87
75.86
75.88
75.87
75.86
75.88
75.85
75.85
75.85
75.84
75.87
75.90
75.91
75.90
75.91
75.90
75.91
75.87
75.87
75.86
75.87
75.88
75.91
75.91
75.89
75.89
75.90
75.88
75.91
75.92
75.91
75.90
75.89
75.90
75.90
75.87
75.87
75.87
75.87
75.84
75.83
75.85
75.85
75.84
75.83
75.82
75.82
75.80
75.78
75.78
75.78
75.79
75.79
75.79
75.77
75.75
75.74
75.74
75.72
75.73
75.75
75.74
75.75
75.73
75.72
75.71
75.69
75.68
75.68
75.68
75.69
75.68
75.68
75.67
75.68
75.68
75.68
75.71
75.70
75.71
75.70
75.69
75.69
75.69
75.71
75.73
75.73
75.73
75.74
75.73
75.74
75.73
75.72
75.72
75.73
75.72
75.72
75.72
75.71
75.73
75.70
75.69
75.71
75.72
75.72
75.71
75.71
75.69
75.69
75.72
75.71
75.71
75.71
75.71
75.73
75.74
75.73
75.73
75.71
75.70
75.69
75.70
75.71
75.70
75.71
75.70
75.69
75.69
75.70
75.70
75.70
75.69
75.68
75.69
75.70
75.70
75.69
75.69
75.68
75.68
75.68
75.69
75.70
75.69
75.67
75.67
75.66
75.67
75.67
75.68
75.69
75.70
75.70
75.71
75.69
75.71
75.69
75.69
75.68
75.69
75.69
75.70
75.69
75.71
75.72
75.74
75.74
75.73
75.74
75.74
75.75
75.75
75.74
75.74
75.74
75.76
75.76
75.76
75.74
75.75
75.76
75.76
75.77
75.76
75.75
75.76
75.77
75.77
75.77
75.76
75.77
75.77
75.76
75.76
75.76
75.75
75.75
75.77
75.77
75.78
75.78
75.77
75.78
75.76
75.77
75.76
75.77
75.77
75.78
75.78
75.77
75.77
75.78
75.77
75.78
75.79
75.78
75.80
75.79
75.80
75.80
75.80
75.80
75.80
75.80
75.81
75.82
75.83
75.82
75.83
75.85
75.84
75.84
75.84
75.83
75.83
75.84
75.84
75.83
75.84
75.84
75.85
75.85
75.85
75.85
75.84
75.84
75.83
75.82
75.81
75.81
75.81
75.80
75.80
75.80
75.79
75.79
75.79
75.79
75.78
75.79
75.79
75.80
75.80
75.79
75.79
75.80
75.78
75.78
75.78
75.79
75.79
75.80
75.79
75.79
75.80
75.81
75.81
75.80
75.81
75.81
75.81
75.81
75.82
75.82
75.82
75.81
75.81
75.81
75.81
75.80
75.81
75.80
75.79
75.79
75.80
75.80
75.81
75.81
75.80
75.81
75.80
75.80
75.79
75.79
75.80
75.80
75.81
75.81
75.82
75.82
75.82
75.80
75.79
75.80
75.79
75.79
75.80
75.79
75.80
75.80
75.78
75.78
75.79
75.79
75.78
75.77
75.77
75.76
75.76
75.77
75.76
75.76
75.77
75.77
75.77
75.78
75.78
75.77
75.77
75.75
75.75
75.75
75.76
75.76
75.76
75.77
75.77
75.77
75.77
75.76
75.76
75.77
75.78
75.80
75.79
75.79
75.79
75.78
75.80
75.79
75.80
75.80
75.80
75.80
75.81
75.81
75.82
75.82
75.82
75.81
75.81
75.80
75.80
75.81
75.81
75.81
75.81
75.80
75.80
75.80
75.79
75.80
75.80
75.80
75.81
75.81
75.81
75.81
75.80
75.80
75.80
75.79
75.79
75.72
