79.69
77.34
78.12
78.52
77.81
78.12
76.79
75.98
75.87
75.94
75.43
75.52
75.84
76.00
75.94
76.17
76.38
76.82
76.56
76.95
77.01
76.78
76.83
76.17
76.19
76.14
76.16
75.89
75.97
76.04
76.01
76.17
76.37
76.38
76.38
76.74
76.82
76.81
76.72
76.72
76.52
76.53
76.49
76.42
76.35
76.36
76.30
76.40
76.47
76.50
76.44
76.41
76.30
76.16
76.16
76.12
76.04
76.19
76.24
76.30
76.43
76.41
76.41
76.42
76.30
76.35
76.35
76.40
76.38
76.47
76.50
76.52
76.56
76.48
76.60
76.54
76.42
76.38
76.36
76.33
76.35
76.35
76.39
76.41
76.42
76.38
76.47
76.51
76.37
76.49
76.36
76.46
76.53
76.55
76.40
76.40
76.34
76.31
76.29
76.33
76.27
76.30
76.29
76.23
76.18
76.24
76.23
76.16
76.19
76.19
76.25
76.31
76.33
76.34
76.33
76.29
76.28
76.22
76.17
76.16
76.20
76.23
76.28
76.30
76.25
76.29
76.25
76.28
76.34
76.39
76.40
76.44
76.41
76.45
76.53
76.53
76.59
76.45
76.43
76.46
76.45
76.49
76.50
76.48
76.45
76.47
76.43
76.39
76.38
76.35
76.28
76.27
76.26
76.22
76.22
76.19
76.13
76.07
76.05
76.04
76.04
76.04
76.04
76.05
76.11
76.09
76.09
76.10
76.13
76.16
76.23
76.23
76.20
76.15
76.16
76.18
76.14
76.11
76.11
76.10
76.06
76.05
76.05
76.04
76.07
76.04
76.04
76.02
76.00
75.99
75.97
75.97
75.99
76.01
75.99
75.98
76.01
75.94
75.94
75.94
75.87
75.85
75.85
75.91
75.88
75.93
75.91
75.91
75.90
75.86
75.84
75.82
75.85
75.84
75.84
75.83
75.75
75.73
75.70
75.70
75.73
75.76
75.75
75.72
75.67
75.67
75.65
75.62
75.59
75.60
75.57
75.59
75.60
75.62
75.64
75.69
75.68
75.70
75.70
75.70
75.69
75.65
75.66
75.70
75.75
75.77
75.77
75.77
75.77
75.76
75.78
75.81
75.81
75.82
75.83
75.83
75.83
75.83
75.84
75.85
75.86
75.86
75.91
75.95
75.91
75.91
75.90
75.91
75.94
75.91
75.88
75.88
75.89
75.87
75.88
75.90
75.91
75.91
75.89
75.89
75.90
75.85
75.84
75.83
75.81
75.84
75.85
75.84
75.87
75.87
75.88
75.89
75.90
75.90
75.92
75.93
75.94
75.93
75.91
75.91
75.90
75.92
75.92
75.92
75.89
75.91
75.90
75.91
75.93
75.91
75.90
75.90
75.91
75.93
75.94
75.91
75.90
75.90
75.90
75.89
75.89
75.90
75.91
75.90
75.88
75.88
75.88
75.90
75.89
75.88
75.88
75.86
75.85
75.87
75.88
75.88
75.89
75.90
75.90
75.90
75.91
75.92
75.91
75.93
75.93
75.93
75.94
75.96
75.99
76.00
76.01
75.99
75.98
76.00
76.03
76.06
76.05
76.07
76.08
76.05
76.04
76.06
76.06
76.05
76.06
76.03
76.01
76.03
76.02
76.03
76.03
76.06
76.06
76.07
76.07
76.08
76.10
76.09
76.10
76.09
76.10
76.08
76.07
76.07
76.05
76.06
76.08
76.08
76.08
76.09
76.09
76.12
76.11
76.11
76.11
76.07
76.09
76.10
76.12
76.11
76.09
76.11
76.12
76.12
76.13
76.12
76.12
76.14
76.14
76.15
76.12
76.13
76.13
76.12
76.10
76.13
76.10
76.09
76.08
76.06
76.07
76.06
76.08
76.08
76.07
76.07
76.08
76.06
76.07
76.09
76.11
76.11
76.10
76.09
76.09
76.09
76.10
76.11
76.11
76.12
76.11
76.11
76.10
76.10
76.11
76.10
76.09
76.11
76.12
76.12
76.14
76.14
76.14
76.15
76.15
76.15
76.14
76.11
76.12
76.11
76.13
76.13
76.14
76.15
76.14
76.15
76.15
76.14
76.14
76.14
76.14
76.15
76.16
76.16
76.16
76.16
76.19
76.22
76.22
76.21
76.21
76.21
76.22
76.22
76.21
76.21
76.22
76.23
76.24
76.22
76.23
76.24
76.24
76.23
76.23
76.24
76.24
76.24
76.24
76.24
76.22
76.21
76.22
76.23
76.23
76.23
76.22
76.21
76.21
76.24
76.24
76.24
76.25
76.26
76.27
76.28
76.27
76.27
76.27
76.28
76.27
76.28
76.27
76.29
76.29
76.28
76.27
76.28
76.29
76.29
76.27
76.26
76.25
76.24
76.23
76.23
76.22
76.24
76.23
76.24
76.23
76.22
76.23
76.23
76.21
76.20
76.20
76.21
76.21
76.22
76.23
76.23
76.22
76.23
76.23
76.23
76.24
76.24
76.26
76.25
76.22
76.23
76.24
76.23
76.23
76.22
76.18
76.19
76.19
76.19
76.19
76.18
76.19
76.20
76.19
76.18
76.16
76.17
76.16
76.15
76.15
76.14
76.13
76.13
76.14
76.13
76.13
76.15
76.16
76.15
76.17
76.17
76.18
76.19
76.18
76.17
76.17
76.16
76.15
76.15
76.15
76.16
76.16
76.17
76.17
76.18
76.18
76.17
76.18
76.18
76.19
76.19
76.19
76.19
76.20
76.21
76.22
76.21
76.21
76.19
76.20
76.19
76.19
76.18
76.18
76.18
76.17
76.18
76.19
76.20
76.19
76.17
76.18
76.18
76.20
76.21
76.20
76.21
76.20
76.21
76.21
76.22
76.22
76.22
76.20
76.20
76.20
76.18
76.18
76.16
76.16
76.14
76.14
76.15
76.16
76.16
76.15
76.16
76.16
76.17
76.17
76.18
76.17
76.15
76.15
76.16
76.16
76.15
76.15
76.13
76.14
76.13
76.13
76.13
76.12
76.12
76.12
76.12
76.11
76.10
76.10
76.10
76.11
76.11
76.10
76.10
76.09
76.09
76.10
76.10
76.10
76.10
76.09
76.10
76.09
76.08
76.09
76.08
76.08
76.08
76.08
76.08
76.08
76.08
76.07
76.06
76.07
76.06
76.06
76.05
76.04
76.05
76.05
76.06
76.08
76.08
76.09
76.10
76.10
76.11
76.10
76.09
76.10
76.10
76.10
76.10
76.12
76.11
76.11
76.10
76.10
76.10
76.10
76.10
76.11
76.11
76.11
76.11
76.09
76.10
76.09
76.10
76.11
76.10
76.09
76.09
76.09
76.09
76.08
76.09
76.09
76.10
76.11
76.12
76.11
76.12
76.11
76.12
76.12
76.12
76.13
76.12
76.11
76.11
76.11
76.12
76.12
76.12
76.11
76.12
76.11
76.11
76.12
76.12
76.12
76.12
76.12
76.12
76.13
76.13
76.14
76.07
