75.00
77.34
77.08
78.52
78.75
77.08
76.79
75.98
75.00
75.00
75.14
74.61
74.04
74.55
75.00
75.20
75.18
75.09
75.41
75.94
75.89
75.92
75.95
76.04
75.69
75.60
75.64
75.78
75.81
75.57
75.76
75.63
75.62
75.78
75.71
75.74
75.93
75.99
76.00
75.90
75.99
75.78
75.80
75.82
75.87
75.82
75.76
75.68
75.83
75.84
75.80
75.75
75.83
75.90
75.85
75.89
75.88
75.78
75.85
75.73
75.72
75.76
75.92
75.95
76.03
76.04
76.05
75.83
75.88
75.89
75.84
75.78
75.73
75.74
75.71
75.74
75.75
75.70
75.63
75.57
75.66
75.69
75.73
75.76
75.74
75.74
75.75
75.82
75.79
75.75
75.81
75.90
75.94
75.93
75.92
75.98
75.97
76.07
76.04
76.12
76.18
76.15
76.17
76.19
76.12
76.05
76.08
76.09
76.05
76.05
76.06
76.10
76.08
76.07
76.02
76.01
76.01
76.02
76.00
76.02
76.02
75.97
76.05
76.05
76.07
76.09
76.08
76.05
76.10
76.15
76.12
76.05
76.07
76.05
76.01
75.93
75.98
75.95
75.94
75.93
75.94
75.96
76.02
76.03
76.03
76.08
76.08
76.10
76.09
76.09
76.13
76.07
76.06
76.09
76.13
76.17
76.16
76.17
76.15
76.15
76.15
76.15
76.11
76.11
76.09
76.13
76.18
76.26
76.25
76.28
76.26
76.28
76.29
76.27
76.32
76.27
76.31
76.31
76.30
76.30
76.31
76.32
76.26
76.24
76.22
76.22
76.23
76.26
76.26
76.22
76.22
76.20
76.25
76.25
76.26
76.31
76.25
76.19
76.18
76.14
76.15
76.14
76.12
76.13
76.13
76.08
76.07
76.05
76.05
76.06
76.07
76.05
76.05
76.04
76.00
75.96
75.96
76.00
75.99
75.94
75.90
75.90
75.92
75.91
75.91
75.93
75.91
75.92
75.95
75.93
75.96
75.94
75.94
75.95
75.93
75.93
75.92
75.93
75.92
75.89
75.89
75.90
75.89
75.87
75.90
75.90
75.92
75.89
75.89
75.91
75.90
75.88
75.88
75.90
75.88
75.85
75.88
75.90
75.88
75.86
75.88
75.88
75.87
75.87
75.85
75.87
75.87
75.86
75.87
75.86
75.82
75.80
75.80
75.80
75.77
75.79
75.78
75.79
75.76
75.74
75.74
75.74
75.76
75.73
75.74
75.71
75.72
75.74
75.74
75.75
75.76
75.77
75.78
75.80
75.81
75.81
75.82
75.82
75.85
75.83
75.84
75.83
75.85
75.82
75.82
75.85
75.83
75.84
75.84
75.83
75.81
75.82
75.84
75.87
75.87
75.88
75.88
75.91
75.96
75.93
75.93
75.98
75.94
75.95
75.96
75.95
75.96
75.94
75.93
75.91
75.91
75.89
75.88
75.88
75.88
75.89
75.91
75.90
75.92
75.91
75.93
75.92
75.91
75.89
75.88
75.88
75.86
75.87
75.87
75.86
75.84
75.82
75.79
75.79
75.77
75.76
75.75
75.74
75.75
75.75
75.73
75.73
75.70
75.70
75.71
75.70
75.68
75.70
75.66
75.65
75.64
75.66
75.66
75.66
75.67
75.67
75.66
75.65
75.64
75.62
75.61
75.61
75.58
75.59
75.60
75.60
75.61
75.61
75.60
75.60
75.59
75.60
75.61
75.59
75.59
75.62
75.63
75.61
75.59
75.60
75.61
75.60
75.61
75.62
75.63
75.65
75.64
75.65
75.64
75.62
75.63
75.63
75.63
75.63
75.65
75.65
75.66
75.67
75.67
75.66
75.69
75.70
75.71
75.69
75.68
75.68
75.68
75.70
75.72
75.72
75.71
75.71
75.73
75.74
75.72
75.71
75.69
75.70
75.71
75.73
75.72
75.71
75.71
75.73
75.74
75.73
75.73
75.75
75.76
75.76
75.75
75.74
75.79
75.78
75.80
75.80
75.80
75.79
75.79
75.76
75.75
75.75
75.77
75.78
75.77
75.76
75.78
75.77
75.79
75.79
75.79
75.78
75.76
75.76
75.77
75.76
75.76
75.76
75.75
75.75
75.76
75.76
75.78
75.78
75.80
75.81
75.80
75.80
75.80
75.79
75.77
75.77
75.76
75.75
75.75
75.74
75.75
75.75
75.77
75.76
75.76
75.76
75.76
75.77
75.77
75.77
75.78
75.78
75.79
75.78
75.78
75.79
75.77
75.78
75.78
75.79
75.78
75.78
75.77
75.78
75.77
75.78
75.78
75.78
75.76
75.75
75.76
75.74
75.76
75.76
75.75
75.76
75.77
75.76
75.78
75.79
75.80
75.80
75.81
75.80
75.81
75.81
75.79
75.80
75.80
75.80
75.80
75.80
75.81
75.82
75.83
75.82
75.81
75.82
75.82
75.82
75.82
75.83
75.83
75.83
75.83
75.83
75.84
75.83
75.82
75.83
75.83
75.83
75.83
75.84
75.84
75.84
75.85
75.85
75.86
75.86
75.85
75.86
75.86
75.87
75.86
75.88
75.88
75.88
75.87
75.87
75.87
75.86
75.85
75.86
75.86
75.85
75.85
75.85
75.84
75.85
75.85
75.85
75.85
75.86
75.86
75.86
75.86
75.86
75.87
75.88
75.88
75.86
75.86
75.87
75.88
75.88
75.89
75.89
75.89
75.89
75.89
75.90
75.90
75.89
75.88
75.89
75.90
75.89
75.90
75.90
75.88
75.88
75.88
75.87
75.87
75.88
75.85
75.84
75.84
75.82
75.83
75.82
75.82
75.82
75.83
75.83
75.82
75.80
75.79
75.80
75.79
75.79
75.79
75.79
75.78
75.77
75.78
75.77
75.77
75.77
75.78
75.77
75.78
75.78
75.79
75.78
75.78
75.78
75.77
75.76
75.78
75.77
75.76
75.76
75.76
75.75
75.74
75.76
75.75
75.75
75.76
75.75
75.76
75.77
75.76
75.76
75.76
75.77
75.78
75.77
75.76
75.75
75.75
75.76
75.76
75.75
75.74
75.75
75.75
75.74
75.74
75.73
75.73
75.73
75.73
75.73
75.73
75.74
75.74
75.74
75.75
75.75
75.75
75.75
75.75
75.75
75.74
75.72
75.72
75.72
75.73
75.73
75.72
75.73
75.74
75.74
75.74
75.75
75.75
75.74
75.74
75.74
75.74
75.72
75.73
75.73
75.73
75.74
75.74
75.74
75.72
75.72
75.71
75.71
75.71
75.71
75.70
75.70
75.70
75.70
75.70
75.70
75.69
75.69
75.69
75.68
75.67
75.66
75.66
75.66
75.65
75.65
75.65
75.65
75.64
75.64
75.64
75.65
75.66
75.66
75.65
75.64
75.65
75.66
75.68
75.68
75.68
75.68
75.66
75.67
75.67
75.67
75.68
75.67
75.67
75.60
