71.88
70.31
73.44
75.39
76.25
75.52
75.89
75.59
76.39
76.56
76.56
76.82
76.68
76.56
76.88
76.37
76.10
76.30
75.74
76.17
76.04
76.21
76.56
76.56
76.56
76.74
76.97
76.79
76.94
76.77
76.66
76.51
76.47
76.33
76.56
76.87
76.90
76.56
76.60
76.68
76.71
76.82
76.82
76.60
76.56
76.49
76.30
76.37
76.40
76.31
76.41
76.29
76.27
76.22
76.19
76.26
76.23
76.16
76.30
76.22
76.23
76.26
76.26
76.17
76.03
75.90
75.93
75.94
76.04
76.09
76.12
76.13
76.18
76.22
76.29
76.30
76.42
76.52
76.36
76.39
76.31
76.31
76.36
76.43
76.54
76.44
76.42
76.44
76.37
76.35
76.41
76.46
76.43
76.41
76.43
76.30
76.29
76.32
76.33
76.34
76.31
76.32
76.30
76.29
76.31
76.39
76.43
76.48
76.48
76.55
76.53
76.62
76.60
76.69
76.73
76.63
76.60
76.52
76.47
76.47
76.47
76.54
76.49
76.51
76.55
76.55
76.54
76.48
76.47
76.49
76.46
76.46
76.52
76.50
76.52
76.46
76.49
76.47
76.48
76.48
76.51
76.47
76.48
76.52
76.52
76.51
76.49
76.48
76.46
76.48
76.50
76.52
76.51
76.56
76.56
76.52
76.46
76.51
76.43
76.47
76.44
76.41
76.39
76.34
76.36
76.35
76.32
76.29
76.26
76.24
76.17
76.21
76.18
76.19
76.19
76.21
76.14
76.19
76.20
76.16
76.19
76.09
76.03
76.00
75.99
76.00
76.01
76.06
76.09
76.13
76.11
76.10
76.10
76.10
76.07
76.06
76.11
76.08
76.06
76.06
76.04
76.06
76.00
75.96
75.99
76.00
76.01
76.05
76.07
76.03
76.01
75.98
75.98
76.01
75.99
75.97
76.01
75.97
76.04
76.02
76.03
76.05
76.05
76.09
76.10
76.12
76.12
76.12
76.13
76.13
76.15
76.17
76.18
76.19
76.16
76.15
76.11
76.10
76.07
76.06
76.08
76.08
76.07
76.10
76.08
76.11
76.15
76.10
76.12
76.10
76.11
76.13
76.16
76.19
76.19
76.20
76.18
76.18
76.20
76.21
76.17
76.15
76.12
76.12
76.13
76.12
76.14
76.15
76.14
76.12
76.13
76.15
76.17
76.17
76.18
76.17
76.15
76.15
76.16
76.19
76.20
76.21
76.19
76.19
76.19
76.20
76.17
76.14
76.12
76.10
76.08
76.09
76.08
76.06
76.03
76.02
75.97
75.97
76.00
75.98
75.94
75.97
75.96
75.96
75.95
75.97
75.96
75.91
75.90
75.92
75.88
75.88
75.89
75.91
75.91
75.92
75.95
75.96
75.97
75.96
75.94
75.93
75.93
75.95
75.97
75.98
75.97
75.99
76.01
75.98
76.00
76.01
76.02
76.04
76.04
76.02
76.04
76.05
76.05
76.02
76.04
76.04
76.04
76.03
76.04
76.03
76.02
76.03
76.05
76.06
76.09
76.09
76.06
76.07
76.07
76.08
76.07
76.06
76.06
76.08
76.05
76.02
76.02
76.01
75.98
75.97
75.95
75.96
75.99
75.99
76.00
76.01
76.03
76.04
76.05
76.08
76.07
76.04
76.02
76.03
76.03
76.04
76.03
76.03
76.03
76.06
76.07
76.07
76.08
76.10
76.08
76.07
76.08
76.07
76.06
76.06
76.06
76.05
76.07
76.08
76.08
76.08
76.07
76.08
76.08
76.08
76.09
76.10
76.08
76.04
76.05
76.05
76.04
76.05
76.04
76.02
75.99
75.99
76.01
76.00
76.01
76.00
76.00
75.96
75.95
75.95
75.97
75.96
75.94
75.96
75.97
75.99
76.00
76.01
76.01
76.01
76.02
76.03
76.05
76.07
76.05
76.03
76.04
76.03
76.02
76.01
76.03
76.05
76.03
76.03
76.05
76.06
76.05
76.05
76.05
76.06
76.07
76.09
76.09
76.07
76.06
76.08
76.07
76.07
76.09
76.07
76.07
76.08
76.08
76.07
76.08
76.10
76.11
76.12
76.10
76.12
76.11
76.10
76.08
76.09
76.10
76.08
76.08
76.09
76.10
76.11
76.13
76.13
76.13
76.13
76.14
76.13
76.14
76.16
76.15
76.16
76.16
76.15
76.15
76.14
76.14
76.15
76.15
76.13
76.12
76.13
76.13
76.11
76.11
76.12
76.12
76.10
76.11
76.11
76.10
76.07
76.08
76.09
76.07
76.08
76.08
76.08
76.09
76.09
76.09
76.09
76.08
76.07
76.08
76.07
76.09
76.10
76.09
76.11
76.12
76.13
76.12
76.12
76.11
76.10
76.11
76.11
76.11
76.12
76.12
76.11
76.11
76.13
76.14
76.15
76.16
76.16
76.16
76.16
76.16
76.16
76.15
76.16
76.16
76.14
76.15
76.15
76.18
76.17
76.17
76.17
76.16
76.15
76.15
76.16
76.14
76.15
76.15
76.14
76.15
76.14
76.13
76.14
76.14
76.14
76.14
76.15
76.15
76.16
76.16
76.16
76.16
76.16
76.17
76.15
76.16
76.16
76.16
76.16
76.18
76.16
76.14
76.14
76.15
76.14
76.14
76.15
76.15
76.16
76.16
76.16
76.17
76.17
76.17
76.17
76.16
76.17
76.17
76.18
76.16
76.16
76.16
76.16
76.15
76.14
76.15
76.17
76.16
76.16
76.15
76.16
76.15
76.14
76.14
76.14
76.13
76.15
76.17
76.16
76.18
76.19
76.19
76.19
76.19
76.18
76.19
76.20
76.20
76.22
76.21
76.20
76.21
76.22
76.22
76.23
76.22
76.22
76.21
76.20
76.21
76.21
76.20
76.19
76.20
76.17
76.17
76.16
76.16
76.16
76.16
76.16
76.16
76.16
76.16
76.17
76.17
76.18
76.18
76.18
76.17
76.18
76.19
76.20
76.20
76.20
76.21
76.22
76.22
76.22
76.22
76.22
76.23
76.23
76.25
76.24
76.24
76.23
76.24
76.24
76.23
76.23
76.25
76.24
76.23
76.22
76.22
76.22
76.21
76.20
76.20
76.20
76.20
76.19
76.19
76.19
76.18
76.18
76.17
76.16
76.15
76.14
76.14
76.14
76.14
76.13
76.13
76.12
76.12
76.11
76.12
76.11
76.11
76.10
76.10
76.10
76.11
76.12
76.11
76.11
76.11
76.10
76.10
76.11
76.11
76.11
76.10
76.10
76.10
76.10
76.09
76.10
76.10
76.09
76.08
76.08
76.07
76.07
76.06
76.08
76.08
76.08
76.08
76.07
76.07
76.08
76.08
76.09
76.08
76.08
76.08
76.09
76.09
76.09
76.09
76.09
76.10
76.11
76.11
76.10
76.09
76.09
76.10
76.10
76.11
76.11
76.11
76.04
