78.12
79.69
75.00
74.61
74.69
74.74
75.22
75.78
75.87
76.56
76.85
76.82
77.04
77.12
76.88
76.46
76.38
76.39
76.40
76.41
76.34
76.63
76.83
76.43
76.50
76.38
76.27
76.34
76.13
75.99
75.96
76.03
76.14
75.97
76.03
75.91
75.93
75.74
75.76
75.70
75.76
75.93
76.09
76.07
76.08
76.05
76.10
76.20
76.05
75.97
75.95
75.96
76.03
76.04
76.05
76.12
76.15
76.13
76.11
76.09
76.08
76.23
76.19
76.32
76.30
76.35
76.42
76.38
76.54
76.50
76.39
76.41
76.37
76.41
76.35
76.32
76.28
76.34
76.42
76.48
76.43
76.37
76.43
76.36
76.34
76.34
76.35
76.40
76.28
76.18
76.18
76.09
76.01
75.95
75.87
75.91
75.89
75.94
75.87
75.75
75.79
75.78
75.80
75.84
75.83
75.83
75.82
75.81
75.76
75.88
75.91
75.95
75.94
75.89
75.91
75.86
75.91
75.90
75.91
75.89
75.84
75.90
75.83
75.84
75.81
75.69
75.66
75.71
75.70
75.72
75.75
75.76
75.70
75.77
75.76
75.83
75.80
75.76
75.71
75.77
75.75
75.70
75.63
75.59
75.61
75.60
75.57
75.55
75.53
75.52
75.52
75.52
75.54
75.50
75.48
75.48
75.50
75.51
75.47
75.52
75.51
75.54
75.56
75.58
75.57
75.56
75.51
75.49
75.52
75.51
75.50
75.45
75.41
75.36
75.36
75.34
75.32
75.28
75.25
75.28
75.33
75.33
75.36
75.35
75.35
75.38
75.38
75.37
75.35
75.38
75.39
75.37
75.37
75.35
75.40
75.43
75.44
75.43
75.42
75.45
75.48
75.53
75.51
75.51
75.47
75.48
75.49
75.51
75.49
75.51
75.56
75.49
75.49
75.46
75.50
75.51
75.54
75.55
75.54
75.53
75.56
75.58
75.57
75.58
75.53
75.57
75.55
75.53
75.52
75.50
75.49
75.52
75.54
75.57
75.57
75.59
75.57
75.56
75.53
75.51
75.50
75.49
75.46
75.43
75.41
75.43
75.43
75.42
75.42
75.47
75.47
75.50
75.44
75.43
75.42
75.40
75.40
75.43
75.43
75.41
75.43
75.43
75.46
75.46
75.44
75.41
75.45
75.41
75.42
75.42
75.43
75.42
75.41
75.43
75.44
75.45
75.43
75.47
75.47
75.49
75.53
75.53
75.57
75.56
75.58
75.56
75.53
75.53
75.54
75.55
75.55
75.54
75.53
75.49
75.48
75.46
75.44
75.42
75.42
75.41
75.41
75.39
75.38
75.36
75.39
75.38
75.42
75.44
75.46
75.46
75.46
75.44
75.45
75.41
75.40
75.38
75.37
75.38
75.39
75.40
75.43
75.42
75.44
75.42
75.41
75.40
75.40
75.40
75.38
75.37
75.36
75.34
75.32
75.34
75.35
75.33
75.37
75.37
75.37
75.38
75.36
75.38
75.40
75.41
75.42
75.42
75.41
75.42
75.42
75.43
75.43
75.44
75.43
75.46
75.48
75.48
75.46
75.42
75.37
75.34
75.34
75.34
75.35
75.33
75.33
75.31
75.31
75.29
75.28
75.27
75.27
75.24
75.22
75.22
75.23
75.23
75.23
75.23
75.23
75.22
75.19
75.19
75.18
75.18
75.18
75.18
75.19
75.19
75.20
75.21
75.23
75.24
75.25
75.25
75.25
75.24
75.25
75.26
75.27
75.29
75.28
75.26
75.27
75.27
75.29
75.29
75.30
75.28
75.26
75.27
75.25
75.28
75.27
75.26
75.24
75.24
75.24
75.25
75.26
75.28
75.27
75.26
75.26
75.28
75.29
75.32
75.32
75.31
75.32
75.32
75.30
75.30
75.28
75.28
75.29
75.27
75.27
75.26
75.27
75.29
75.29
75.30
75.30
75.30
75.28
75.26
75.26
75.25
75.23
75.23
75.23
75.21
75.20
75.22
75.23
75.24
75.24
75.25
75.26
75.27
75.26
75.26
75.26
75.27
75.27
75.27
75.27
75.28
75.28
75.30
75.31
75.30
75.29
75.28
75.26
75.26
75.26
75.26
75.24
75.24
75.22
75.21
75.22
75.22
75.21
75.20
75.19
75.20
75.19
75.19
75.19
75.17
75.16
75.17
75.18
75.19
75.20
75.19
75.19
75.18
75.20
75.18
75.18
75.20
75.21
75.21
75.20
75.21
75.21
75.21
75.23
75.22
75.25
75.26
75.28
75.29
75.30
75.30
75.29
75.30
75.32
75.31
75.31
75.30
75.30
75.29
75.30
75.30
75.31
75.31
75.31
75.31
75.31
75.30
75.31
75.29
75.29
75.29
75.31
75.30
75.31
75.30
75.31
75.31
75.32
75.31
75.31
75.30
75.29
75.27
75.26
75.26
75.27
75.28
75.29
75.29
75.29
75.29
75.30
75.32
75.31
75.31
75.31
75.31
75.31
75.31
75.31
75.32
75.32
75.31
75.30
75.30
75.29
75.28
75.29
75.30
75.29
75.30
75.32
75.31
75.30
75.30
75.28
75.28
75.26
75.25
75.24
75.25
75.25
75.25
75.24
75.24
75.25
75.25
75.26
75.27
75.26
75.26
75.26
75.26
75.26
75.25
75.25
75.25
75.25
75.25
75.26
75.27
75.27
75.27
75.27
75.28
75.27
75.27
75.29
75.31
75.31
75.30
75.31
75.31
75.30
75.31
75.30
75.29
75.30
75.30
75.31
75.30
75.30
75.29
75.30
75.30
75.30
75.29
75.28
75.27
75.26
75.26
75.26
75.25
75.26
75.26
75.26
75.26
75.26
75.26
75.27
75.27
75.28
75.28
75.26
75.25
75.26
75.25
75.25
75.25
75.25
75.25
75.26
75.28
75.28
75.29
75.29
75.28
75.28
75.27
75.27
75.27
75.25
75.25
75.26
75.24
75.25
75.25
75.24
75.24
75.24
75.24
75.24
75.23
75.22
75.22
75.21
75.21
75.22
75.23
75.23
75.23
75.24
75.24
75.25
75.26
75.26
75.25
75.25
75.24
75.24
75.25
75.25
75.25
75.26
75.25
75.24
75.24
75.24
75.24
75.24
75.24
75.25
75.26
75.25
75.25
75.25
75.25
75.25
75.26
75.26
75.27
75.28
75.29
75.29
75.28
75.28
75.29
75.29
75.29
75.30
75.30
75.31
75.31
75.32
75.33
75.33
75.33
75.32
75.31
75.30
75.29
75.29
75.29
75.28
75.29
75.29
75.29
75.29
75.30
75.29
75.30
75.30
75.30
75.30
75.30
75.30
75.31
75.30
75.29
75.29
75.30
75.31
75.31
75.31
75.30
75.31
75.31
75.30
75.31
75.30
75.30
75.30
75.31
75.31
75.32
75.32
75.31
75.30
75.31
75.30
75.28
75.29
75.30
75.29
75.21
