71.88
74.22
75.52
76.56
75.62
75.52
75.45
75.78
75.52
75.62
75.57
75.52
75.72
75.67
75.83
75.00
74.72
74.74
74.92
75.00
75.45
75.00
75.68
75.91
75.75
75.84
75.81
75.84
76.02
75.73
75.81
75.73
75.71
75.69
75.85
75.95
75.89
75.58
75.60
75.70
75.76
75.52
75.51
75.36
75.42
75.48
75.63
75.52
75.54
75.72
75.61
75.69
75.56
75.41
75.28
75.20
75.22
75.19
75.21
75.21
75.36
75.30
75.25
75.07
75.07
75.12
75.30
75.30
75.36
75.33
75.18
75.17
75.21
75.27
75.21
75.21
75.24
75.32
75.26
75.18
75.12
75.17
75.24
75.30
75.24
75.27
75.23
75.20
75.18
75.24
75.19
75.12
75.05
75.10
75.13
75.21
75.23
75.29
75.28
75.33
75.29
75.35
75.38
75.36
75.27
75.34
75.37
75.36
75.37
75.41
75.38
75.40
75.37
75.36
75.30
75.31
75.31
75.37
75.39
75.40
75.32
75.33
75.30
75.29
75.31
75.36
75.38
75.37
75.35
75.34
75.26
75.26
75.25
75.22
75.21
75.24
75.25
75.20
75.08
75.10
75.08
75.09
75.05
75.10
75.10
75.09
75.13
75.10
75.08
75.08
75.08
75.09
75.08
75.08
75.06
75.07
75.12
75.09
75.10
75.08
75.12
75.09
75.10
75.10
75.11
75.12
75.10
75.16
75.15
75.17
75.13
75.16
75.19
75.19
75.18
75.19
75.20
75.20
75.22
75.22
75.27
75.25
75.23
75.24
75.25
75.25
75.23
75.24
75.19
75.21
75.18
75.17
75.19
75.14
75.09
75.14
75.13
75.12
75.13
75.12
75.16
75.19
75.21
75.19
75.24
75.28
75.29
75.31
75.33
75.31
75.31
75.31
75.32
75.32
75.29
75.30
75.33
75.29
75.29
75.32
75.34
75.30
75.27
75.29
75.30
75.30
75.32
75.34
75.33
75.31
75.26
75.27
75.25
75.27
75.29
75.30
75.33
75.35
75.37
75.40
75.38
75.42
75.42
75.44
75.45
75.50
75.49
75.49
75.54
75.52
75.52
75.53
75.52
75.52
75.53
75.53
75.54
75.54
75.53
75.53
75.53
75.51
75.53
75.53
75.56
75.59
75.59
75.57
75.59
75.63
75.61
75.63
75.60
75.59
75.62
75.66
75.65
75.67
75.63
75.64
75.63
75.66
75.67
75.70
75.69
75.72
75.69
75.69
75.69
75.71
75.69
75.70
75.67
75.69
75.67
75.64
75.64
75.64
75.67
75.70
75.69
75.69
75.70
75.69
75.67
75.66
75.65
75.64
75.64
75.64
75.63
75.65
75.66
75.67
75.70
75.70
75.70
75.65
75.64
75.64
75.62
75.63
75.60
75.60
75.62
75.64
75.63
75.61
75.61
75.64
75.66
75.66
75.67
75.65
75.66
75.68
75.69
75.71
75.72
75.72
75.70
75.70
75.72
75.73
75.72
75.73
75.73
75.76
75.77
75.74
75.72
75.68
75.72
75.72
75.71
75.74
75.75
75.79
75.77
75.77
75.76
75.76
75.75
75.72
75.74
75.74
75.76
75.76
75.75
75.75
75.73
75.74
75.75
75.73
75.75
75.76
75.76
75.76
75.75
75.78
75.80
75.80
75.78
75.81
75.84
75.85
75.84
75.85
75.86
75.87
75.86
75.86
75.89
75.89
75.91
75.90
75.89
75.90
75.89
75.90
75.90
75.90
75.88
75.85
75.86
75.86
75.86
75.85
75.83
75.83
75.81
75.81
75.82
75.85
75.84
75.85
75.85
75.85
75.84
75.84
75.82
75.83
75.84
75.85
75.85
75.83
75.82
75.83
75.84
75.85
75.84
75.83
75.83
75.81
75.81
75.81
75.82
75.79
75.80
75.81
75.80
75.82
75.82
75.79
75.80
75.80
75.78
75.77
75.75
75.76
75.77
75.77
75.78
75.80
75.79
75.80
75.81
75.77
75.78
75.78
75.80
75.80
75.81
75.83
75.83
75.84
75.82
75.85
75.85
75.87
75.87
75.86
75.87
75.87
75.87
75.87
75.87
75.87
75.89
75.90
75.91
75.92
75.92
75.93
75.94
75.93
75.93
75.92
75.93
75.92
75.92
75.92
75.92
75.92
75.93
75.93
75.93
75.94
75.93
75.93
75.93
75.92
75.93
75.95
75.94
75.94
75.93
75.92
75.92
75.91
75.92
75.92
75.92
75.90
75.91
75.91
75.89
75.88
75.88
75.89
75.89
75.89
75.89
75.89
75.88
75.89
75.90
75.90
75.90
75.90
75.92
75.92
75.93
75.94
75.92
75.92
75.92
75.93
75.95
75.93
75.93
75.93
75.94
75.92
75.92
75.93
75.92
75.89
75.88
75.90
75.91
75.92
75.93
75.94
75.95
75.96
75.97
75.95
75.94
75.95
75.95
75.95
75.94
75.93
75.94
75.94
75.94
75.94
75.94
75.93
75.93
75.93
75.93
75.93
75.92
75.92
75.93
75.93
75.92
75.91
75.91
75.90
75.90
75.89
75.88
75.87
75.88
75.89
75.87
75.87
75.87
75.88
75.89
75.89
75.88
75.89
75.88
75.86
75.86
75.84
75.84
75.85
75.85
75.85
75.84
75.83
75.84
75.82
75.82
75.83
75.81
75.81
75.81
75.82
75.83
75.83
75.83
75.85
75.85
75.84
75.85
75.83
75.83
75.83
75.83
75.82
75.82
75.81
75.79
75.81
75.80
75.81
75.80
75.81
75.82
75.82
75.82
75.83
75.80
75.80
75.81
75.81
75.81
75.82
75.83
75.84
75.84
75.84
75.83
75.84
75.84
75.85
75.85
75.86
75.86
75.86
75.85
75.85
75.84
75.85
75.85
75.84
75.84
75.84
75.84
75.85
75.85
75.86
75.85
75.87
75.86
75.86
75.88
75.89
75.88
75.88
75.88
75.87
75.87
75.88
75.88
75.87
75.88
75.89
75.89
75.90
75.90
75.90
75.91
75.92
75.92
75.92
75.92
75.91
75.90
75.91
75.91
75.92
75.91
75.91
75.92
75.93
75.93
75.93
75.92
75.92
75.92
75.92
75.91
75.91
75.91
75.90
75.90
75.91
75.92
75.93
75.93
75.93
75.95
75.94
75.94
75.93
75.94
75.95
75.95
75.96
75.96
75.97
75.98
75.97
75.97
75.98
75.99
76.00
76.01
75.99
76.00
76.00
75.99
75.98
75.97
75.98
75.97
75.98
75.97
75.98
75.97
75.95
75.95
75.94
75.95
75.96
75.96
75.96
75.95
75.94
75.94
75.95
75.94
75.93
75.94
75.94
75.93
75.93
75.94
75.94
75.93
75.93
75.94
75.94
75.94
75.95
75.94
75.95
75.94
75.94
75.92
75.93
75.92
75.94
75.94
75.87
