78.12
73.44
72.40
74.61
73.75
73.96
73.66
74.61
74.83
74.06
74.15
74.35
74.40
74.22
73.96
74.12
74.26
74.48
73.93
73.98
74.40
74.50
74.39
74.54
74.50
74.52
74.36
74.61
74.95
74.79
74.65
74.71
74.86
75.00
74.91
74.87
74.62
74.63
74.76
74.65
74.50
74.44
74.42
74.43
74.51
74.49
74.47
74.61
74.62
74.84
74.88
74.79
74.88
75.03
75.00
75.03
74.95
74.92
74.92
75.05
75.05
75.15
75.20
75.07
75.05
75.05
75.09
74.98
75.02
75.02
74.96
74.98
74.98
74.92
75.04
75.04
75.02
74.98
74.96
74.94
74.96
75.02
75.06
74.98
74.94
74.96
75.07
75.02
74.98
74.97
75.03
75.10
75.17
75.20
75.21
75.21
75.27
75.27
75.25
75.19
75.20
75.23
75.29
75.23
75.27
75.27
75.37
75.42
75.47
75.54
75.56
75.59
75.59
75.53
75.48
75.50
75.45
75.48
75.42
75.43
75.43
75.40
75.41
75.37
75.39
75.38
75.37
75.37
75.34
75.40
75.36
75.37
75.36
75.40
75.44
75.40
75.44
75.49
75.47
75.48
75.48
75.50
75.50
75.52
75.45
75.43
75.43
75.46
75.42
75.48
75.48
75.44
75.46
75.46
75.46
75.44
75.37
75.45
75.41
75.40
75.40
75.43
75.39
75.35
75.38
75.39
75.38
75.47
75.48
75.44
75.43
75.45
75.42
75.48
75.50
75.51
75.55
75.54
75.52
75.54
75.49
75.46
75.44
75.48
75.47
75.43
75.45
75.43
75.45
75.50
75.50
75.45
75.40
75.41
75.44
75.49
75.45
75.46
75.46
75.49
75.51
75.50
75.54
75.51
75.52
75.52
75.51
75.50
75.49
75.51
75.55
75.55
75.54
75.58
75.56
75.56
75.59
75.63
75.68
75.66
75.62
75.59
75.60
75.63
75.65
75.64
75.63
75.64
75.65
75.60
75.60
75.59
75.58
75.53
75.55
75.54
75.55
75.57
75.52
75.53
75.53
75.51
75.47
75.50
75.52
75.51
75.51
75.52
75.49
75.49
75.51
75.47
75.43
75.42
75.45
75.45
75.45
75.47
75.51
75.52
75.51
75.48
75.50
75.49
75.45
75.48
75.47
75.49
75.51
75.51
75.50
75.53
75.51
75.53
75.53
75.52
75.50
75.51
75.55
75.54
75.57
75.58
75.60
75.57
75.58
75.60
75.60
75.62
75.63
75.63
75.59
75.57
75.57
75.56
75.58
75.54
75.54
75.56
75.59
75.60
75.60
75.63
75.61
75.60
75.59
75.62
75.61
75.59
75.58
75.56
75.56
75.57
75.57
75.55
75.55
75.57
75.56
75.57
75.57
75.56
75.54
75.54
75.56
75.55
75.55
75.53
75.51
75.51
75.51
75.55
75.54
75.56
75.57
75.58
75.57
75.58
75.58
75.59
75.56
75.53
75.54
75.53
75.52
75.52
75.54
75.56
75.54
75.54
75.54
75.53
75.53
75.54
75.53
75.54
75.55
75.57
75.60
75.58
75.59
75.60
75.60
75.61
75.61
75.61
75.59
75.60
75.62
75.62
75.63
75.64
75.63
75.64
75.62
75.64
75.64
75.64
75.65
75.69
75.68
75.69
75.70
75.68
75.67
75.67
75.67
75.69
75.69
75.70
75.71
75.71
75.72
75.74
75.76
75.77
75.78
75.80
75.81
75.82
75.81
75.83
75.84
75.84
75.85
75.85
75.86
75.85
75.83
75.83
75.85
75.82
75.81
75.82
75.82
75.82
75.81
75.82
75.81
75.82
75.82
75.82
75.83
75.82
75.82
75.83
75.84
75.83
75.83
75.85
75.86
75.88
75.87
75.89
75.87
75.87
75.88
75.89
75.88
75.86
75.86
75.88
75.90
75.89
75.90
75.92
75.93
75.91
75.88
75.91
75.93
75.93
75.92
75.95
75.97
75.97
75.98
75.98
75.98
75.99
75.97
75.99
75.98
75.96
75.97
75.99
75.99
75.99
75.99
75.99
76.00
76.01
76.00
75.99
76.00
75.99
75.99
75.98
76.00
76.01
76.00
76.00
75.99
76.00
75.99
76.00
75.99
76.00
76.00
76.01
76.02
76.01
76.02
75.99
76.01
76.01
76.02
76.03
76.04
76.05
76.04
76.05
76.04
76.04
76.05
76.05
76.05
76.04
76.04
76.05
76.06
76.08
76.08
76.07
76.09
76.09
76.10
76.08
76.08
76.08
76.07
76.07
76.09
76.10
76.08
76.09
76.10
76.09
76.09
76.09
76.09
76.09
76.09
76.09
76.11
76.12
76.11
76.12
76.11
76.09
76.09
76.10
76.10
76.10
76.09
76.09
76.10
76.10
76.11
76.11
76.11
76.11
76.09
76.10
76.09
76.10
76.10
76.07
76.08
76.08
76.08
76.08
76.07
76.08
76.09
76.08
76.06
76.06
76.06
76.07
76.07
76.06
76.06
76.06
76.06
76.06
76.05
76.05
76.06
76.06
76.07
76.08
76.07
76.09
76.10
76.12
76.11
76.09
76.09
76.08
76.08
76.09
76.09
76.08
76.09
76.10
76.11
76.11
76.11
76.10
76.10
76.11
76.12
76.13
76.13
76.15
76.14
76.14
76.15
76.14
76.15
76.16
76.16
76.17
76.17
76.18
76.17
76.17
76.16
76.15
76.15
76.16
76.16
76.15
76.14
76.13
76.13
76.13
76.13
76.14
76.15
76.14
76.15
76.15
76.17
76.17
76.18
76.18
76.18
76.18
76.19
76.20
76.19
76.19
76.18
76.19
76.19
76.20
76.20
76.20
76.20
76.20
76.20
76.21
76.20
76.21
76.20
76.21
76.20
76.21
76.20
76.19
76.19
76.18
76.19
76.18
76.18
76.17
76.19
76.19
76.19
76.19
76.20
76.20
76.20
76.21
76.22
76.21
76.20
76.21
76.22
76.22
76.20
76.19
76.20
76.20
76.20
76.19
76.19
76.20
76.22
76.22
76.22
76.23
76.23
76.22
76.24
76.23
76.24
76.25
76.26
76.26
76.26
76.27
76.27
76.26
76.26
76.26
76.26
76.26
76.26
76.27
76.26
76.24
76.24
76.25
76.24
76.23
76.22
76.21
76.21
76.20
76.19
76.19
76.18
76.18
76.18
76.19
76.19
76.19
76.20
76.19
76.19
76.20
76.20
76.20
76.19
76.19
76.19
76.19
76.19
76.20
76.19
76.19
76.21
76.20
76.20
76.20
76.21
76.22
76.21
76.21
76.21
76.19
76.18
76.19
76.19
76.20
76.21
76.21
76.20
76.21
76.21
76.21
76.21
76.20
76.20
76.19
76.19
76.19
76.18
76.18
76.17
76.17
76.16
76.16
76.16
76.16
76.16
76.16
76.18
76.17
76.16
76.08
