73.44
71.88
72.92
73.83
73.44
73.96
73.66
74.02
75.35
75.31
75.00
74.74
74.76
74.78
75.00
75.49
75.74
75.87
75.90
76.33
76.12
76.35
75.68
75.59
75.62
75.66
75.87
75.67
75.75
75.73
75.71
75.78
75.95
75.78
75.76
75.82
75.93
75.90
76.00
76.02
76.03
75.97
76.20
76.35
76.39
76.32
76.46
76.56
76.53
76.66
76.53
76.56
76.44
76.39
76.51
76.53
76.40
76.29
76.24
76.35
76.51
76.49
76.61
76.61
76.59
76.59
76.56
76.47
76.52
76.58
76.63
76.41
76.48
76.41
76.52
76.50
76.62
76.58
76.50
76.33
76.35
76.39
76.37
76.34
76.38
76.44
76.51
76.54
76.37
76.35
76.20
76.15
76.09
76.08
76.09
76.06
76.03
76.05
76.14
76.08
76.07
76.07
76.00
76.01
76.06
76.05
76.02
76.01
76.02
75.98
76.03
76.02
75.98
76.00
76.03
76.06
76.04
76.07
76.08
76.03
75.99
76.09
76.11
76.07
76.14
76.20
76.18
76.10
76.10
76.13
76.06
76.01
75.95
75.93
75.94
75.98
76.00
76.00
75.99
76.00
76.02
76.01
75.94
76.00
76.03
76.10
76.14
76.19
76.12
76.16
76.12
76.11
76.12
76.13
76.15
76.09
76.06
76.06
76.04
76.04
76.00
76.06
76.03
76.04
76.10
76.14
76.17
76.16
76.17
76.16
76.18
76.20
76.19
76.19
76.21
76.21
76.25
76.29
76.34
76.35
76.39
76.37
76.38
76.36
76.36
76.35
76.35
76.36
76.40
76.39
76.37
76.35
76.34
76.37
76.43
76.46
76.43
76.41
76.40
76.39
76.38
76.39
76.32
76.31
76.35
76.30
76.34
76.32
76.35
76.34
76.36
76.36
76.34
76.37
76.37
76.41
76.40
76.41
76.39
76.36
76.35
76.34
76.35
76.36
76.40
76.41
76.41
76.43
76.41
76.40
76.39
76.38
76.41
76.40
76.42
76.40
76.37
76.39
76.35
76.40
76.39
76.40
76.40
76.40
76.40
76.41
76.38
76.39
76.41
76.42
76.44
76.43
76.41
76.45
76.42
76.41
76.43
76.44
76.44
76.45
76.42
76.41
76.41
76.41
76.39
76.39
76.39
76.39
76.40
76.41
76.41
76.43
76.44
76.45
76.46
76.47
76.44
76.48
76.44
76.42
76.42
76.42
76.40
76.40
76.40
76.39
76.38
76.37
76.37
76.35
76.36
76.34
76.31
76.31
76.32
76.34
76.32
76.31
76.33
76.32
76.33
76.32
76.34
76.33
76.32
76.32
76.34
76.35
76.35
76.35
76.38
76.37
76.38
76.41
76.40
76.37
76.37
76.39
76.35
76.36
76.35
76.34
76.33
76.33
76.34
76.30
76.30
76.31
76.32
76.28
76.28
76.27
76.28
76.26
76.28
76.29
76.27
76.25
76.26
76.27
76.25
76.26
76.27
76.27
76.27
76.24
76.22
76.19
76.19
76.18
76.18
76.17
76.18
76.17
76.17
76.18
76.18
76.19
76.19
76.19
76.19
76.19
76.18
76.18
76.19
76.19
76.18
76.19
76.19
76.20
76.20
76.20
76.20
76.22
76.21
76.21
76.21
76.18
76.17
76.20
76.16
76.20
76.20
76.16
76.17
76.18
76.17
76.14
76.14
76.12
76.11
76.11
76.13
76.14
76.14
76.16
76.16
76.18
76.16
76.20
76.20
76.19
76.18
76.17
76.17
76.18
76.18
76.19
76.20
76.19
76.18
76.17
76.16
76.13
76.13
76.13
76.13
76.13
76.14
76.13
76.15
76.14
76.14
76.15
76.15
76.18
76.19
76.18
76.17
76.16
76.14
76.16
76.16
76.14
76.15
76.15
76.14
76.15
76.17
76.18
76.18
76.20
76.19
76.18
76.16
76.18
76.17
76.17
76.17
76.19
76.19
76.20
76.20
76.19
76.18
76.18
76.18
76.19
76.20
76.19
76.18
76.18
76.17
76.17
76.16
76.16
76.16
76.14
76.12
76.12
76.14
76.14
76.14
76.15
76.15
76.16
76.17
76.16
76.17
76.18
76.19
76.19
76.18
76.18
76.17
76.16
76.17
76.19
76.19
76.21
76.21
76.21
76.23
76.23
76.23
76.21
76.21
76.21
76.21
76.20
76.20
76.19
76.19
76.19
76.19
76.19
76.20
76.21
76.23
76.22
76.23
76.23
76.22
76.22
76.24
76.24
76.24
76.23
76.23
76.22
76.22
76.22
76.22
76.23
76.22
76.23
76.22
76.23
76.24
76.25
76.24
76.24
76.24
76.22
76.21
76.19
76.20
76.20
76.19
76.20
76.19
76.20
76.20
76.19
76.20
76.18
76.19
76.17
76.16
76.16
76.16
76.15
76.16
76.16
76.17
76.17
76.16
76.16
76.17
76.18
76.18
76.18
76.19
76.19
76.19
76.17
76.15
76.17
76.16
76.16
76.17
76.17
76.16
76.17
76.16
76.15
76.17
76.18
76.19
76.20
76.20
76.19
76.18
76.18
76.17
76.17
76.16
76.16
76.18
76.17
76.15
76.15
76.16
76.15
76.16
76.18
76.19
76.18
76.18
76.19
76.18
76.18
76.18
76.17
76.18
76.17
76.18
76.18
76.18
76.18
76.19
76.20
76.20
76.20
76.20
76.19
76.20
76.20
76.20
76.21
76.21
76.21
76.20
76.21
76.20
76.21
76.21
76.21
76.21
76.21
76.22
76.22
76.22
76.21
76.20
76.21
76.21
76.21
76.20
76.19
76.19
76.21
76.22
76.23
76.22
76.22
76.24
76.24
76.24
76.25
76.24
76.23
76.24
76.24
76.25
76.25
76.24
76.23
76.24
76.25
76.26
76.25
76.24
76.25
76.24
76.23
76.23
76.23
76.24
76.23
76.22
76.23
76.22
76.22
76.22
76.22
76.23
76.23
76.23
76.23
76.23
76.23
76.22
76.22
76.23
76.23
76.24
76.24
76.24
76.24
76.24
76.24
76.24
76.23
76.21
76.20
76.20
76.21
76.22
76.21
76.21
76.21
76.22
76.22
76.21
76.22
76.23
76.22
76.22
76.21
76.21
76.21
76.21
76.20
76.21
76.20
76.21
76.21
76.20
76.20
76.20
76.19
76.20
76.20
76.19
76.19
76.18
76.18
76.19
76.18
76.16
76.16
76.17
76.16
76.15
76.16
76.17
76.16
76.16
76.16
76.16
76.16
76.17
76.18
76.19
76.20
76.20
76.21
76.21
76.22
76.21
76.22
76.22
76.22
76.21
76.22
76.22
76.21
76.22
76.22
76.22
76.21
76.21
76.21
76.21
76.21
76.20
76.19
76.19
76.18
76.17
76.18
76.17
76.17
76.18
76.18
76.17
76.17
76.16
76.15
76.14
76.07
