81.25
82.03
79.69
76.95
77.81
78.12
75.89
75.98
76.39
75.78
75.71
76.17
76.68
76.45
76.56
76.76
76.93
77.00
77.06
76.88
76.86
76.63
76.56
76.76
76.62
76.86
76.68
76.56
76.78
76.82
76.92
76.81
76.66
76.70
76.79
76.65
76.69
76.64
76.64
76.60
76.75
76.90
76.89
76.81
76.84
76.97
77.06
77.05
76.95
77.06
77.02
77.13
77.15
77.20
77.02
77.09
77.03
76.99
77.07
77.14
77.23
77.14
76.96
76.95
77.00
76.99
76.87
76.98
76.77
76.67
76.69
76.63
76.71
76.56
76.50
76.58
76.68
76.66
76.68
76.66
76.81
76.73
76.66
76.73
76.62
76.49
76.49
76.49
76.40
76.42
76.48
76.51
76.55
76.38
76.30
76.33
76.30
76.31
76.18
76.20
76.19
76.23
76.30
76.22
76.29
76.28
76.30
76.24
76.32
76.25
76.28
76.27
76.29
76.27
76.32
76.32
76.35
76.31
76.25
76.32
76.21
76.23
76.18
76.16
76.12
76.15
76.14
76.10
76.14
76.17
76.17
76.17
76.19
76.18
76.20
76.19
76.22
76.13
76.15
76.19
76.21
76.17
76.16
76.15
76.17
76.17
76.16
76.16
76.12
76.11
76.18
76.10
76.10
76.13
76.15
76.14
76.14
76.15
76.18
76.17
76.15
76.18
76.16
76.20
76.22
76.20
76.20
76.21
76.20
76.23
76.23
76.19
76.17
76.14
76.16
76.15
76.15
76.17
76.17
76.15
76.11
76.13
76.13
76.11
76.13
76.10
76.14
76.19
76.19
76.18
76.15
76.15
76.15
76.13
76.11
76.08
76.13
76.10
76.09
76.06
76.10
76.12
76.09
76.06
76.09
76.13
76.09
76.10
76.13
76.16
76.17
76.20
76.20
76.21
76.22
76.20
76.20
76.21
76.20
76.17
76.16
76.10
76.14
76.15
76.14
76.12
76.13
76.10
76.10
76.11
76.06
76.11
76.10
76.03
76.04
76.01
76.02
76.02
76.04
76.06
76.08
76.06
76.07
76.11
76.14
76.13
76.11
76.14
76.14
76.14
76.12
76.10
76.15
76.14
76.12
76.12
76.12
76.13
76.14
76.17
76.15
76.11
76.11
76.11
76.12
76.11
76.10
76.11
76.10
76.14
76.11
76.09
76.09
76.09
76.11
76.10
76.09
76.11
76.11
76.08
76.11
76.10
76.06
76.06
76.06
76.07
76.05
76.04
76.04
76.05
76.09
76.08
76.07
76.04
76.05
76.07
76.07
76.07
76.07
76.07
76.07
76.06
76.05
76.04
76.03
76.02
76.02
76.01
76.04
76.04
76.05
76.04
76.04
76.04
76.03
76.04
76.05
76.09
76.06
76.05
76.06
76.07
76.07
76.04
76.03
76.04
76.04
76.02
76.03
76.01
76.02
76.02
76.00
76.03
76.04
76.04
76.03
76.05
76.03
76.03
76.03
76.01
76.03
76.03
76.03
76.03
76.04
76.03
76.04
76.04
76.01
76.02
76.01
76.03
76.04
76.03
76.04
76.04
76.04
76.05
76.03
76.01
76.03
76.05
76.04
76.03
76.04
76.05
76.02
76.01
76.01
76.02
76.06
76.05
76.03
76.04
76.04
76.05
76.06
76.06
76.08
76.10
76.11
76.12
76.10
76.13
76.14
76.14
76.14
76.16
76.17
76.19
76.20
76.23
76.24
76.24
76.26
76.26
76.28
76.27
76.27
76.30
76.28
76.28
76.29
76.30
76.30
76.31
76.30
76.32
76.31
76.32
76.33
76.31
76.30
76.31
76.32
76.33
76.33
76.33
76.32
76.33
76.32
76.32
76.33
76.32
76.31
76.31
76.31
76.31
76.31
76.31
76.32
76.32
76.32
76.30
76.32
76.33
76.34
76.32
76.31
76.30
76.32
76.30
76.32
76.35
76.35
76.37
76.38
76.39
76.39
76.40
76.39
76.38
76.38
76.40
76.37
76.38
76.35
76.34
76.34
76.34
76.35
76.35
76.37
76.34
76.33
76.35
76.35
76.33
76.31
76.32
76.31
76.30
76.30
76.29
76.30
76.30
76.30
76.32
76.32
76.33
76.34
76.35
76.35
76.35
76.35
76.37
76.37
76.39
76.40
76.41
76.41
76.39
76.40
76.40
76.41
76.40
76.40
76.39
76.38
76.36
76.36
76.36
76.35
76.33
76.34
76.32
76.31
76.34
76.33
76.33
76.33
76.33
76.32
76.32
76.32
76.32
76.31
76.30
76.31
76.32
76.32
76.32
76.32
76.32
76.32
76.30
76.30
76.31
76.30
76.29
76.28
76.28
76.28
76.27
76.27
76.26
76.24
76.26
76.27
76.28
76.27
76.26
76.26
76.26
76.28
76.29
76.29
76.30
76.30
76.30
76.29
76.31
76.29
76.30
76.30
76.30
76.29
76.28
76.27
76.26
76.24
76.24
76.25
76.26
76.25
76.26
76.25
76.26
76.24
76.24
76.25
76.24
76.24
76.23
76.23
76.23
76.22
76.23
76.23
76.23
76.23
76.24
76.25
76.26
76.26
76.26
76.25
76.24
76.23
76.23
76.23
76.23
76.23
76.24
76.23
76.23
76.23
76.22
76.22
76.21
76.21
76.21
76.20
76.19
76.20
76.19
76.20
76.20
76.20
76.20
76.21
76.21
76.20
76.19
76.19
76.19
76.18
76.18
76.18
76.19
76.20
76.21
76.21
76.21
76.23
76.23
76.24
76.24
76.23
76.20
76.19
76.20
76.19
76.19
76.19
76.19
76.19
76.20
76.19
76.21
76.19
76.18
76.19
76.17
76.18
76.19
76.20
76.19
76.20
76.20
76.20
76.19
76.19
76.20
76.20
76.21
76.20
76.22
76.21
76.20
76.19
76.20
76.21
76.22
76.21
76.21
76.23
76.23
76.23
76.23
76.23
76.24
76.23
76.22
76.23
76.23
76.24
76.24
76.23
76.23
76.23
76.23
76.23
76.22
76.22
76.22
76.23
76.24
76.25
76.26
76.26
76.27
76.27
76.27
76.26
76.26
76.25
76.26
76.25
76.26
76.26
76.25
76.25
76.24
76.24
76.25
76.24
76.24
76.25
76.25
76.27
76.26
76.27
76.26
76.26
76.27
76.25
76.24
76.24
76.24
76.23
76.22
76.21
76.22
76.21
76.21
76.22
76.22
76.22
76.22
76.21
76.23
76.23
76.22
76.22
76.22
76.21
76.20
76.19
76.18
76.19
76.19
76.20
76.21
76.22
76.22
76.22
76.23
76.22
76.20
76.19
76.19
76.18
76.17
76.18
76.16
76.15
76.15
76.15
76.15
76.15
76.16
76.16
76.16
76.16
76.16
76.16
76.16
76.16
76.15
76.15
76.15
76.14
76.15
76.14
76.13
76.15
76.14
76.15
76.07
