71.88
71.88
73.96
75.00
76.88
77.34
77.01
77.15
77.43
77.34
77.13
77.21
76.92
76.79
76.67
76.56
76.56
76.04
75.90
75.94
75.67
75.78
75.61
75.26
75.25
75.18
75.46
75.50
75.38
75.42
75.71
75.49
75.52
75.46
75.40
75.30
75.51
75.58
75.56
75.70
75.76
75.67
75.69
75.78
75.90
75.95
75.86
76.04
76.15
76.25
76.41
76.32
76.33
76.19
76.22
76.23
76.32
76.32
76.32
76.41
76.38
76.39
76.39
76.34
76.30
76.37
76.33
76.29
76.27
76.29
76.30
76.26
76.31
76.22
76.19
76.15
76.03
76.14
76.31
76.25
76.25
76.39
76.28
76.30
76.34
76.29
76.19
76.31
76.40
76.49
76.65
76.63
76.65
76.70
76.69
76.71
76.69
76.63
76.56
76.67
76.64
76.72
76.70
76.61
76.56
76.59
76.49
76.45
76.51
76.46
76.45
76.46
76.56
76.62
76.62
76.60
76.54
76.52
76.48
76.45
76.41
76.40
76.46
76.51
76.49
76.45
76.43
76.39
76.30
76.20
76.18
76.22
76.23
76.26
76.28
76.24
76.31
76.25
76.28
76.28
76.24
76.25
76.28
76.31
76.26
76.25
76.25
76.29
76.30
76.32
76.37
76.39
76.47
76.46
76.47
76.52
76.55
76.52
76.52
76.50
76.49
76.46
76.48
76.50
76.49
76.47
76.45
76.47
76.48
76.52
76.51
76.50
76.47
76.45
76.47
76.51
76.47
76.42
76.46
76.44
76.43
76.40
76.35
76.37
76.33
76.39
76.41
76.40
76.40
76.37
76.36
76.42
76.42
76.39
76.40
76.40
76.41
76.41
76.39
76.42
76.44
76.46
76.42
76.41
76.39
76.40
76.35
76.37
76.38
76.40
76.41
76.40
76.40
76.39
76.39
76.40
76.38
76.40
76.44
76.46
76.44
76.41
76.41
76.37
76.33
76.35
76.33
76.32
76.28
76.28
76.31
76.35
76.37
76.37
76.40
76.38
76.40
76.42
76.48
76.50
76.50
76.47
76.47
76.45
76.47
76.45
76.44
76.46
76.46
76.42
76.43
76.40
76.42
76.41
76.45
76.43
76.40
76.40
76.38
76.38
76.38
76.40
76.38
76.38
76.38
76.38
76.38
76.38
76.39
76.38
76.38
76.40
76.41
76.39
76.38
76.37
76.33
76.35
76.36
76.38
76.37
76.40
76.36
76.31
76.31
76.34
76.34
76.37
76.36
76.35
76.37
76.39
76.39
76.39
76.36
76.38
76.37
76.38
76.35
76.35
76.39
76.42
76.41
76.39
76.39
76.40
76.40
76.43
76.44
76.42
76.41
76.37
76.38
76.41
76.42
76.41
76.41
76.39
76.39
76.38
76.39
76.38
76.37
76.36
76.39
76.41
76.42
76.39
76.42
76.40
76.39
76.39
76.39
76.38
76.40
76.41
76.44
76.44
76.46
76.46
76.47
76.45
76.47
76.47
76.47
76.47
76.48
76.51
76.52
76.53
76.52
76.54
76.54
76.53
76.54
76.55
76.55
76.57
76.58
76.58
76.58
76.57
76.56
76.56
76.52
76.52
76.55
76.55
76.55
76.55
76.58
76.57
76.57
76.55
76.52
76.50
76.50
76.52
76.49
76.50
76.52
76.51
76.50
76.47
76.47
76.45
76.43
76.43
76.44
76.45
76.45
76.49
76.51
76.51
76.50
76.48
76.46
76.44
76.45
76.47
76.46
76.47
76.45
76.45
76.45
76.41
76.42
76.43
76.44
76.42
76.40
76.40
76.40
76.41
76.40
76.42
76.43
76.41
76.41
76.41
76.42
76.40
76.42
76.42
76.42
76.40
76.40
76.42
76.42
76.41
76.42
76.44
76.42
76.40
76.42
76.44
76.43
76.43
76.43
76.45
76.45
76.45
76.45
76.44
76.43
76.45
76.42
76.43
76.44
76.42
76.44
76.46
76.47
76.49
76.48
76.47
76.48
76.49
76.50
76.51
76.51
76.49
76.48
76.49
76.48
76.48
76.48
76.50
76.50
76.48
76.47
76.47
76.46
76.46
76.48
76.49
76.48
76.46
76.47
76.47
76.47
76.44
76.45
76.43
76.44
76.45
76.44
76.44
76.43
76.43
76.43
76.41
76.40
76.42
76.43
76.43
76.42
76.43
76.44
76.43
76.44
76.44
76.44
76.44
76.44
76.45
76.46
76.43
76.43
76.42
76.42
76.39
76.38
76.39
76.39
76.39
76.38
76.39
76.38
76.38
76.37
76.36
76.35
76.34
76.35
76.35
76.35
76.36
76.34
76.34
76.34
76.33
76.33
76.31
76.28
76.27
76.27
76.27
76.25
76.25
76.26
76.26
76.26
76.24
76.26
76.25
76.26
76.26
76.27
76.27
76.26
76.28
76.29
76.29
76.29
76.29
76.29
76.32
76.33
76.34
76.34
76.33
76.32
76.29
76.29
76.29
76.30
76.30
76.30
76.31
76.31
76.31
76.31
76.30
76.30
76.32
76.33
76.34
76.34
76.33
76.33
76.33
76.36
76.35
76.35
76.35
76.36
76.34
76.33
76.32
76.32
76.32
76.33
76.33
76.33
76.33
76.35
76.35
76.34
76.35
76.33
76.33
76.32
76.32
76.30
76.31
76.30
76.30
76.31
76.30
76.31
76.31
76.29
76.29
76.28
76.29
76.30
76.30
76.31
76.31
76.30
76.30
76.30
76.30
76.29
76.28
76.28
76.28
76.29
76.30
76.29
76.29
76.27
76.26
76.25
76.25
76.25
76.25
76.26
76.25
76.25
76.25
76.24
76.25
76.27
76.28
76.28
76.28
76.28
76.29
76.29
76.29
76.29
76.30
76.30
76.30
76.31
76.31
76.31
76.31
76.31
76.31
76.30
76.31
76.30
76.30
76.31
76.31
76.31
76.31
76.30
76.30
76.29
76.29
76.29
76.29
76.29
76.29
76.29
76.28
76.27
76.28
76.27
76.26
76.27
76.26
76.27
76.27
76.26
76.26
76.26
76.26
76.27
76.27
76.27
76.28
76.27
76.28
76.28
76.26
76.26
76.26
76.26
76.26
76.26
76.27
76.27
76.28
76.27
76.27
76.27
76.27
76.28
76.28
76.27
76.27
76.26
76.26
76.26
76.26
76.25
76.24
76.24
76.24
76.24
76.24
76.23
76.23
76.23
76.22
76.22
76.23
76.23
76.22
76.21
76.21
76.21
76.19
76.19
76.19
76.19
76.20
76.19
76.18
76.18
76.17
76.16
76.14
76.14
76.14
76.13
76.13
76.14
76.14
76.14
76.15
76.16
76.16
76.16
76.15
76.17
76.17
76.18
76.17
76.17
76.16
76.16
76.15
76.14
76.13
76.13
76.14
76.14
76.13
76.13
76.12
76.13
76.15
76.15
76.16
76.16
76.08
