75.00
78.12
77.60
77.34
76.25
76.56
75.67
76.17
76.22
76.41
76.85
76.69
77.16
77.79
77.71
77.83
77.94
77.60
77.71
77.81
78.05
77.77
77.79
77.73
77.62
77.64
77.84
77.90
77.86
77.34
77.52
77.20
77.32
77.25
77.32
77.39
77.28
77.18
77.08
77.27
77.17
77.05
76.96
76.81
76.63
76.60
76.40
76.50
76.43
76.31
76.56
76.71
76.95
77.11
77.10
76.76
76.73
76.67
76.62
76.67
76.56
76.64
76.66
76.56
76.63
76.70
76.73
76.68
76.72
76.67
76.61
76.67
76.61
76.50
76.52
76.60
76.50
76.46
76.54
76.62
76.74
76.71
76.73
76.75
76.65
76.64
76.53
76.54
76.39
76.34
76.29
76.32
76.34
76.28
76.28
76.22
76.18
76.13
76.14
76.16
76.10
76.13
76.06
76.10
76.09
76.11
76.11
76.17
76.09
76.11
76.11
76.10
76.06
76.04
76.02
75.98
75.91
75.95
75.95
75.91
75.93
75.99
76.04
76.06
76.11
76.12
76.08
76.10
76.08
76.07
76.13
76.14
76.12
76.12
76.18
76.22
76.24
76.22
76.19
76.18
76.20
76.17
76.14
76.22
76.27
76.26
76.25
76.28
76.25
76.25
76.26
76.28
76.37
76.37
76.32
76.28
76.30
76.34
76.34
76.32
76.32
76.29
76.30
76.31
76.33
76.26
76.26
76.28
76.24
76.28
76.31
76.34
76.33
76.32
76.32
76.36
76.36
76.37
76.38
76.38
76.40
76.38
76.37
76.36
76.34
76.33
76.34
76.33
76.32
76.38
76.36
76.37
76.39
76.39
76.42
76.42
76.41
76.44
76.44
76.40
76.45
76.49
76.47
76.45
76.43
76.41
76.45
76.45
76.44
76.44
76.42
76.43
76.43
76.44
76.43
76.44
76.44
76.45
76.42
76.42
76.38
76.37
76.37
76.40
76.39
76.39
76.40
76.40
76.40
76.45
76.40
76.36
76.40
76.40
76.32
76.30
76.31
76.30
76.33
76.33
76.36
76.34
76.32
76.34
76.33
76.34
76.36
76.40
76.39
76.37
76.33
76.28
76.25
76.27
76.26
76.26
76.24
76.26
76.26
76.27
76.28
76.31
76.29
76.27
76.30
76.30
76.32
76.34
76.35
76.38
76.38
76.36
76.38
76.36
76.37
76.35
76.31
76.32
76.31
76.30
76.29
76.27
76.31
76.28
76.27
76.27
76.26
76.26
76.29
76.29
76.28
76.27
76.25
76.29
76.31
76.32
76.32
76.32
76.32
76.31
76.32
76.34
76.33
76.31
76.34
76.35
76.38
76.40
76.42
76.43
76.43
76.42
76.40
76.42
76.44
76.42
76.41
76.42
76.42
76.44
76.44
76.44
76.47
76.48
76.50
76.51
76.51
76.52
76.54
76.54
76.53
76.54
76.55
76.55
76.52
76.51
76.53
76.53
76.54
76.55
76.55
76.54
76.56
76.55
76.56
76.56
76.54
76.57
76.58
76.58
76.58
76.56
76.58
76.58
76.58
76.58
76.59
76.58
76.58
76.59
76.58
76.57
76.55
76.56
76.54
76.54
76.53
76.52
76.53
76.52
76.52
76.52
76.52
76.52
76.50
76.51
76.49
76.49
76.48
76.48
76.50
76.51
76.50
76.51
76.52
76.50
76.49
76.49
76.49
76.49
76.50
76.49
76.50
76.49
76.50
76.50
76.48
76.50
76.51
76.50
76.52
76.50
76.50
76.52
76.51
76.52
76.52
76.53
76.52
76.52
76.54
76.52
76.52
76.52
76.50
76.51
76.52
76.51
76.51
76.50
76.50
76.50
76.47
76.47
76.46
76.46
76.45
76.43
76.44
76.43
76.45
76.43
76.43
76.43
76.44
76.46
76.47
76.47
76.47
76.46
76.44
76.44
76.46
76.46
76.44
76.44
76.46
76.45
76.45
76.46
76.46
76.47
76.47
76.46
76.45
76.46
76.45
76.44
76.43
76.41
76.40
76.40
76.42
76.43
76.41
76.43
76.42
76.43
76.43
76.42
76.41
76.43
76.43
76.42
76.39
76.39
76.40
76.40
76.40
76.40
76.42
76.44
76.44
76.43
76.43
76.43
76.42
76.42
76.42
76.43
76.43
76.43
76.43
76.44
76.42
76.41
76.41
76.42
76.41
76.41
76.42
76.42
76.40
76.40
76.39
76.39
76.39
76.38
76.37
76.37
76.37
76.35
76.36
76.35
76.33
76.34
76.34
76.33
76.33
76.34
76.35
76.35
76.34
76.34
76.34
76.33
76.33
76.33
76.32
76.32
76.33
76.33
76.33
76.33
76.34
76.35
76.35
76.35
76.35
76.36
76.34
76.33
76.32
76.33
76.31
76.32
76.30
76.31
76.31
76.30
76.29
76.29
76.29
76.29
76.29
76.32
76.32
76.31
76.32
76.33
76.33
76.32
76.31
76.32
76.32
76.31
76.32
76.32
76.31
76.31
76.31
76.32
76.34
76.33
76.33
76.32
76.31
76.29
76.28
76.28
76.29
76.29
76.29
76.30
76.29
76.30
76.30
76.30
76.31
76.31
76.30
76.30
76.30
76.29
76.29
76.29
76.29
76.30
76.30
76.30
76.29
76.28
76.30
76.29
76.29
76.28
76.28
76.29
76.29
76.29
76.28
76.29
76.29
76.27
76.27
76.27
76.27
76.25
76.25
76.25
76.24
76.25
76.25
76.25
76.24
76.23
76.24
76.23
76.22
76.22
76.23
76.21
76.21
76.21
76.21
76.21
76.22
76.22
76.24
76.25
76.25
76.25
76.24
76.22
76.20
76.19
76.17
76.17
76.17
76.19
76.18
76.20
76.20
76.20
76.19
76.19
76.20
76.21
76.22
76.23
76.22
76.21
76.20
76.20
76.21
76.21
76.23
76.20
76.20
76.20
76.21
76.21
76.22
76.23
76.23
76.23
76.23
76.24
76.24
76.25
76.24
76.26
76.26
76.24
76.24
76.24
76.24
76.23
76.22
76.23
76.23
76.24
76.23
76.25
76.23
76.23
76.22
76.21
76.21
76.21
76.19
76.18
76.19
76.18
76.19
76.19
76.19
76.18
76.20
76.20
76.21
76.20
76.21
76.20
76.20
76.19
76.21
76.19
76.20
76.20
76.19
76.19
76.18
76.18
76.18
76.17
76.18
76.20
76.20
76.21
76.20
76.20
76.19
76.18
76.18
76.18
76.19
76.20
76.19
76.19
76.19
76.19
76.19
76.19
76.18
76.17
76.18
76.18
76.18
76.17
76.18
76.18
76.16
76.14
76.14
76.13
76.13
76.13
76.14
76.14
76.16
76.16
76.15
76.15
76.15
76.14
76.15
76.15
76.16
76.17
76.17
76.16
76.16
76.15
76.15
76.14
76.14
76.15
76.15
76.15
76.15
76.07
