78.12
76.56
75.00
75.00
75.00
75.52
75.45
76.17
75.35
75.00
75.43
75.91
75.36
75.45
75.10
75.39
75.37
75.43
75.58
75.47
75.37
75.36
75.68
75.65
75.38
75.42
75.12
75.22
75.32
75.42
75.66
75.88
76.14
75.97
75.98
76.09
76.10
75.99
75.88
76.02
75.91
76.12
76.20
76.31
76.42
76.43
76.33
76.40
76.31
76.53
76.38
76.35
76.39
76.50
76.56
76.42
76.51
76.51
76.51
76.46
76.46
76.36
76.41
76.44
76.42
76.59
76.49
76.45
76.56
76.47
76.39
76.37
76.35
76.39
76.44
76.50
76.62
76.66
76.64
76.46
76.41
76.35
76.32
76.32
76.23
76.16
76.22
76.23
76.21
76.20
76.13
75.97
76.08
76.05
76.05
76.04
75.95
75.86
75.79
75.86
75.91
75.92
75.86
75.90
75.89
75.93
75.91
75.91
75.97
75.98
76.01
76.05
76.02
76.00
75.92
75.85
75.80
75.78
75.85
75.83
75.84
75.81
75.79
75.72
75.72
75.77
75.70
75.84
75.87
75.87
75.86
75.89
75.90
75.94
75.94
75.91
75.88
75.79
75.82
75.83
75.76
75.73
75.75
75.74
75.77
75.79
75.79
75.78
75.76
75.73
75.76
75.74
75.74
75.74
75.73
75.74
75.71
75.68
75.70
75.69
75.67
75.70
75.70
75.67
75.61
75.62
75.60
75.62
75.59
75.62
75.66
75.71
75.72
75.74
75.75
75.70
75.69
75.74
75.72
75.72
75.77
75.73
75.73
75.71
75.72
75.72
75.71
75.79
75.79
75.81
75.82
75.82
75.85
75.83
75.79
75.81
75.84
75.85
75.82
75.81
75.82
75.87
75.83
75.87
75.88
75.87
75.82
75.80
75.84
75.83
75.84
75.84
75.86
75.88
75.89
75.91
75.90
75.86
75.87
75.87
75.90
75.88
75.90
75.89
75.83
75.82
75.83
75.82
75.81
75.83
75.81
75.80
75.82
75.84
75.84
75.84
75.82
75.84
75.82
75.81
75.80
75.83
75.80
75.81
75.80
75.73
75.75
75.77
75.76
75.76
75.75
75.74
75.72
75.73
75.70
75.68
75.70
75.71
75.73
75.72
75.73
75.75
75.74
75.73
75.75
75.75
75.77
75.78
75.75
75.75
75.74
75.71
75.72
75.72
75.71
75.69
75.68
75.69
75.64
75.64
75.63
75.63
75.65
75.64
75.67
75.65
75.68
75.69
75.69
75.68
75.70
75.72
75.73
75.74
75.76
75.74
75.74
75.75
75.77
75.76
75.76
75.78
75.76
75.80
75.80
75.79
75.81
75.82
75.83
75.86
75.82
75.82
75.82
75.83
75.83
75.84
75.83
75.84
75.85
75.84
75.87
75.88
75.87
75.86
75.88
75.88
75.88
75.90
75.93
75.94
75.93
75.97
75.96
75.96
75.97
75.96
75.97
75.99
75.98
75.95
75.93
75.94
75.94
75.93
75.93
75.92
75.93
75.93
75.92
75.92
75.94
75.96
75.98
75.97
75.99
75.98
75.96
75.95
75.97
75.98
75.98
75.99
75.99
76.01
76.02
76.01
76.00
76.01
76.00
75.99
75.97
75.98
76.00
76.00
75.98
76.00
76.01
76.01
76.02
76.02
76.02
76.01
76.02
76.04
76.08
76.06
76.08
76.08
76.08
76.11
76.11
76.12
76.13
76.13
76.13
76.13
76.12
76.12
76.12
76.12
76.10
76.08
76.10
76.09
76.09
76.08
76.09
76.09
76.10
76.09
76.10
76.10
76.10
76.10
76.10
76.12
76.12
76.12
76.13
76.13
76.11
76.12
76.11
76.11
76.12
76.12
76.12
76.12
76.14
76.12
76.12
76.11
76.09
76.08
76.08
76.09
76.09
76.09
76.07
76.07
76.06
76.09
76.09
76.07
76.07
76.07
76.06
76.07
76.06
76.08
76.06
76.07
76.07
76.07
76.08
76.08
76.10
76.09
76.07
76.09
76.09
76.09
76.11
76.11
76.11
76.12
76.11
76.11
76.11
76.12
76.14
76.16
76.16
76.15
76.13
76.11
76.11
76.10
76.11
76.11
76.12
76.10
76.11
76.11
76.12
76.12
76.11
76.11
76.10
76.09
76.09
76.10
76.10
76.08
76.09
76.07
76.09
76.09
76.10
76.09
76.09
76.10
76.10
76.10
76.10
76.12
76.13
76.13
76.15
76.15
76.16
76.14
76.13
76.14
76.13
76.14
76.16
76.16
76.16
76.16
76.18
76.18
76.18
76.17
76.16
76.14
76.15
76.14
76.13
76.14
76.13
76.14
76.14
76.14
76.16
76.15
76.15
76.14
76.15
76.15
76.15
76.16
76.15
76.15
76.14
76.14
76.14
76.13
76.12
76.13
76.13
76.11
76.11
76.11
76.11
76.11
76.14
76.13
76.12
76.11
76.11
76.10
76.10
76.09
76.08
76.09
76.09
76.10
76.10
76.10
76.10
76.10
76.10
76.11
76.11
76.10
76.10
76.10
76.10
76.09
76.09
76.08
76.06
76.07
76.08
76.09
76.09
76.10
76.11
76.09
76.09
76.08
76.09
76.09
76.09
76.08
76.09
76.09
76.10
76.11
76.11
76.12
76.12
76.13
76.15
76.14
76.14
76.14
76.13
76.15
76.14
76.12
76.12
76.12
76.11
76.11
76.11
76.11
76.11
76.12
76.11
76.10
76.11
76.10
76.10
76.10
76.10
76.11
76.11
76.09
76.08
76.08
76.09
76.10
76.09
76.10
76.11
76.13
76.12
76.12
76.11
76.12
76.11
76.12
76.12
76.12
76.12
76.11
76.12
76.13
76.11
76.10
76.12
76.13
76.13
76.13
76.14
76.15
76.13
76.12
76.12
76.12
76.11
76.11
76.13
76.13
76.14
76.14
76.14
76.13
76.12
76.12
76.11
76.12
76.12
76.14
76.14
76.14
76.14
76.14
76.15
76.15
76.15
76.16
76.16
76.17
76.17
76.16
76.16
76.15
76.16
76.16
76.15
76.15
76.14
76.15
76.15
76.15
76.15
76.16
76.16
76.16
76.15
76.15
76.16
76.15
76.16
76.16
76.17
76.18
76.19
76.18
76.17
76.16
76.16
76.18
76.19
76.18
76.17
76.17
76.16
76.16
76.15
76.15
76.15
76.14
76.15
76.15
76.16
76.16
76.16
76.17
76.16
76.16
76.15
76.15
76.15
76.15
76.15
76.14
76.13
76.14
76.14
76.15
76.14
76.14
76.14
76.14
76.14
76.13
76.14
76.14
76.14
76.14
76.13
76.12
76.12
76.12
76.13
76.13
76.14
76.14
76.14
76.14
76.15
76.14
76.14
76.14
76.14
76.14
76.14
76.13
76.14
76.14
76.16
76.16
76.16
76.16
76.15
76.15
76.15
76.08
