81.25
77.34
75.52
76.17
75.94
77.60
77.68
77.15
77.08
77.03
76.42
75.65
76.20
76.67
76.77
76.76
76.93
77.52
76.97
77.19
77.23
76.63
76.90
77.21
77.06
77.10
77.37
77.23
76.72
76.61
76.51
76.61
76.61
76.61
76.92
77.00
76.90
76.60
76.64
76.60
76.68
76.82
76.93
76.78
76.56
76.60
76.46
76.30
76.24
76.12
76.19
76.20
76.24
76.24
76.22
76.12
76.12
76.16
76.17
76.22
76.26
76.34
76.31
76.49
76.56
76.61
76.66
76.52
76.54
76.58
76.56
76.50
76.52
76.60
76.62
76.50
76.44
76.38
76.31
76.29
76.41
76.31
76.22
76.21
76.21
76.22
76.26
76.23
76.23
76.27
76.37
76.41
76.38
76.35
76.35
76.27
76.21
76.18
76.23
76.20
76.18
76.13
76.12
76.14
76.22
76.27
76.20
76.22
76.22
76.18
76.15
76.21
76.20
76.29
76.30
76.32
76.35
76.26
76.25
76.20
76.21
76.24
76.30
76.25
76.29
76.29
76.27
76.18
76.17
76.15
76.11
76.14
76.09
76.11
76.15
76.18
76.20
76.14
76.15
76.14
76.17
76.22
76.23
76.24
76.25
76.21
76.20
76.20
76.18
76.17
76.08
76.15
76.13
76.17
76.20
76.25
76.20
76.16
76.14
76.13
76.15
76.17
76.10
76.09
76.05
75.97
75.96
75.99
75.98
75.99
75.98
75.97
75.99
75.97
75.94
75.94
75.95
75.97
76.00
76.01
75.97
76.02
76.08
76.08
76.11
76.11
76.10
76.06
76.03
75.98
75.99
75.98
76.00
76.02
76.03
76.04
76.05
76.03
76.02
76.01
76.01
76.01
75.96
75.98
75.95
75.98
75.96
75.98
75.97
75.98
76.00
76.00
75.99
75.99
76.01
75.95
75.94
75.88
75.86
75.86
75.88
75.88
75.86
75.82
75.81
75.79
75.81
75.82
75.83
75.84
75.87
75.84
75.86
75.86
75.86
75.87
75.89
75.87
75.83
75.81
75.78
75.79
75.82
75.85
75.82
75.82
75.80
75.78
75.81
75.81
75.83
75.85
75.86
75.84
75.83
75.79
75.79
75.81
75.81
75.82
75.82
75.85
75.84
75.83
75.82
75.82
75.78
75.83
75.87
75.89
75.89
75.88
75.93
75.92
75.94
75.91
75.93
75.90
75.90
75.93
75.95
75.96
75.95
75.97
75.96
75.96
75.96
75.95
75.95
75.96
75.96
75.98
75.98
75.96
75.95
75.96
75.98
75.98
75.96
75.95
75.96
75.96
75.98
75.99
75.98
75.95
75.95
75.92
75.92
75.93
75.93
75.95
75.95
75.97
76.00
76.01
76.00
75.98
75.96
75.97
75.98
75.99
75.95
75.96
75.99
76.01
76.03
76.04
76.02
76.03
76.03
76.02
76.04
76.03
76.02
75.99
75.95
75.96
75.95
75.97
75.96
75.96
75.97
75.98
75.97
75.97
75.97
75.97
75.97
75.98
75.95
75.95
75.96
75.95
75.96
75.97
75.95
75.97
75.99
75.97
75.97
75.98
75.97
75.99
76.01
76.03
76.00
76.01
75.99
76.00
76.01
76.03
76.03
76.03
76.03
76.04
76.06
76.05
76.07
76.06
76.05
76.06
76.06
76.06
76.06
76.08
76.09
76.09
76.08
76.08
76.06
76.06
76.04
76.05
76.07
76.07
76.05
76.04
76.07
76.06
76.06
76.07
76.09
76.08
76.09
76.09
76.10
76.12
76.12
76.14
76.15
76.16
76.17
76.16
76.16
76.17
76.19
76.17
76.19
76.18
76.19
76.21
76.23
76.24
76.24
76.24
76.22
76.20
76.19
76.20
76.20
76.18
76.18
76.17
76.19
76.18
76.17
76.19
76.19
76.18
76.20
76.21
76.22
76.24
76.21
76.21
76.20
76.22
76.22
76.22
76.22
76.22
76.21
76.21
76.22
76.21
76.20
76.20
76.18
76.18
76.18
76.17
76.18
76.19
76.20
76.20
76.20
76.20
76.20
76.19
76.19
76.18
76.17
76.17
76.19
76.20
76.21
76.22
76.22
76.21
76.22
76.21
76.20
76.21
76.20
76.22
76.22
76.22
76.22
76.21
76.20
76.19
76.20
76.20
76.21
76.21
76.21
76.20
76.21
76.23
76.21
76.21
76.21
76.21
76.23
76.23
76.24
76.22
76.22
76.23
76.24
76.21
76.22
76.21
76.21
76.22
76.23
76.24
76.23
76.23
76.22
76.23
76.24
76.24
76.23
76.24
76.24
76.25
76.25
76.25
76.26
76.25
76.25
76.23
76.24
76.24
76.22
76.22
76.21
76.22
76.23
76.25
76.27
76.26
76.27
76.27
76.26
76.25
76.25
76.25
76.25
76.25
76.25
76.25
76.24
76.24
76.25
76.24
76.23
76.22
76.22
76.21
76.21
76.21
76.20
76.20
76.17
76.15
76.13
76.13
76.15
76.15
76.13
76.13
76.12
76.12
76.13
76.14
76.14
76.14
76.14
76.14
76.15
76.16
76.17
76.17
76.17
76.15
76.16
76.18
76.18
76.17
76.17
76.18
76.17
76.17
76.17
76.16
76.16
76.17
76.20
76.20
76.19
76.19
76.19
76.20
76.21
76.21
76.20
76.20
76.20
76.20
76.21
76.19
76.17
76.16
76.16
76.17
76.16
76.16
76.16
76.15
76.15
76.14
76.13
76.14
76.15
76.16
76.17
76.17
76.17
76.17
76.19
76.18
76.17
76.17
76.17
76.17
76.19
76.19
76.19
76.19
76.20
76.20
76.20
76.19
76.20
76.19
76.20
76.19
76.20
76.19
76.21
76.22
76.21
76.21
76.22
76.22
76.21
76.21
76.21
76.20
76.20
76.20
76.18
76.17
76.18
76.18
76.17
76.17
76.17
76.16
76.17
76.16
76.16
76.17
76.17
76.18
76.17
76.16
76.16
76.16
76.16
76.16
76.16
76.17
76.17
76.16
76.16
76.16
76.16
76.16
76.16
76.16
76.15
76.15
76.15
76.15
76.15
76.14
76.14
76.14
76.12
76.11
76.11
76.10
76.09
76.08
76.07
76.07
76.07
76.07
76.08
76.08
76.09
76.09
76.10
76.10
76.09
76.09
76.07
76.07
76.08
76.07
76.06
76.05
76.05
76.05
76.06
76.06
76.06
76.05
76.06
76.07
76.06
76.06
76.06
76.07
76.07
76.06
76.06
76.06
76.07
76.09
76.09
76.09
76.08
76.09
76.10
76.09
76.08
76.09
76.11
76.10
76.09
76.09
76.08
76.09
76.07
76.09
76.08
76.08
76.08
76.08
76.09
76.10
76.10
76.09
76.10
76.10
76.11
76.11
76.11
76.12
76.12
76.12
76.11
76.12
76.13
76.13
76.14
76.07
