76.56
76.56
77.08
77.34
78.12
77.34
77.23
78.12
77.78
78.12
77.98
78.26
77.88
78.35
78.33
78.32
78.68
78.47
78.70
78.52
78.42
77.98
77.79
77.99
77.81
78.06
78.12
78.52
78.66
78.54
78.78
79.00
78.79
78.40
78.30
77.95
78.08
78.17
78.17
78.20
78.20
78.16
78.05
78.12
78.09
78.19
78.03
77.96
77.84
77.97
78.06
78.06
78.01
77.95
78.04
78.12
78.02
78.02
78.07
78.10
78.12
77.90
77.88
77.86
77.93
77.91
77.85
77.73
77.74
77.77
77.77
77.82
77.85
77.87
77.88
77.82
77.86
77.92
77.83
77.71
77.74
77.76
77.60
77.53
77.54
77.43
77.41
77.47
77.49
77.57
77.70
77.60
77.65
77.69
77.70
77.54
77.46
77.50
77.51
77.44
77.41
77.36
77.29
77.31
77.29
77.34
77.28
77.20
77.16
77.14
77.07
77.08
77.06
77.03
77.01
76.97
76.96
76.96
76.97
76.97
76.92
76.92
76.94
76.86
76.89
76.90
76.89
76.83
76.82
76.81
76.78
76.76
76.77
76.83
76.82
76.79
76.74
76.74
76.74
76.77
76.81
76.83
76.84
76.77
76.80
76.80
76.82
76.84
76.74
76.80
76.73
76.74
76.80
76.79
76.75
76.79
76.81
76.76
76.82
76.83
76.88
76.85
76.85
76.83
76.85
76.85
76.87
76.80
76.78
76.77
76.76
76.79
76.74
76.74
76.74
76.75
76.70
76.72
76.70
76.73
76.77
76.78
76.77
76.73
76.75
76.73
76.78
76.77
76.73
76.74
76.71
76.73
76.75
76.74
76.73
76.75
76.72
76.72
76.68
76.66
76.63
76.65
76.65
76.69
76.65
76.65
76.68
76.67
76.66
76.71
76.72
76.70
76.72
76.69
76.68
76.66
76.68
76.66
76.64
76.66
76.65
76.67
76.69
76.70
76.70
76.75
76.76
76.77
76.75
76.71
76.68
76.70
76.69
76.72
76.72
76.69
76.69
76.67
76.66
76.65
76.62
76.59
76.56
76.54
76.56
76.55
76.58
76.60
76.63
76.58
76.56
76.53
76.56
76.55
76.56
76.53
76.51
76.53
76.53
76.56
76.54
76.50
76.50
76.53
76.52
76.52
76.50
76.53
76.51
76.50
76.48
76.46
76.47
76.49
76.47
76.48
76.48
76.47
76.48
76.46
76.46
76.49
76.51
76.47
76.46
76.47
76.47
76.48
76.47
76.49
76.52
76.51
76.50
76.52
76.49
76.48
76.48
76.44
76.44
76.44
76.40
76.39
76.41
76.40
76.40
76.41
76.41
76.40
76.40
76.39
76.40
76.43
76.42
76.45
76.45
76.43
76.43
76.42
76.44
76.44
76.42
76.41
76.42
76.42
76.42
76.43
76.42
76.41
76.42
76.39
76.41
76.40
76.40
76.41
76.42
76.43
76.44
76.46
76.45
76.45
76.45
76.48
76.51
76.50
76.51
76.49
76.47
76.49
76.51
76.51
76.50
76.52
76.52
76.51
76.51
76.52
76.51
76.52
76.54
76.51
76.51
76.52
76.50
76.52
76.55
76.54
76.55
76.55
76.55
76.55
76.55
76.55
76.54
76.51
76.49
76.47
76.48
76.47
76.45
76.43
76.44
76.46
76.45
76.45
76.45
76.45
76.47
76.47
76.48
76.48
76.50
76.49
76.51
76.50
76.49
76.50
76.50
76.50
76.49
76.51
76.52
76.51
76.50
76.50
76.50
76.51
76.49
76.51
76.52
76.52
76.51
76.53
76.53
76.54
76.54
76.55
76.53
76.52
76.51
76.52
76.53
76.54
76.53
76.54
76.54
76.53
76.50
76.49
76.45
76.44
76.43
76.42
76.38
76.37
76.35
76.37
76.34
76.35
76.37
76.38
76.38
76.40
76.37
76.39
76.39
76.38
76.38
76.40
76.40
76.40
76.39
76.39
76.39
76.39
76.38
76.38
76.38
76.39
76.37
76.36
76.36
76.36
76.38
76.38
76.37
76.35
76.36
76.34
76.35
76.36
76.36
76.35
76.34
76.35
76.35
76.36
76.36
76.37
76.34
76.34
76.34
76.35
76.34
76.34
76.35
76.35
76.37
76.36
76.37
76.37
76.36
76.33
76.33
76.32
76.30
76.30
76.31
76.29
76.30
76.28
76.30
76.29
76.26
76.26
76.27
76.28
76.28
76.28
76.27
76.28
76.30
76.28
76.26
76.26
76.27
76.28
76.29
76.31
76.29
76.30
76.30
76.31
76.31
76.30
76.28
76.28
76.28
76.27
76.27
76.24
76.24
76.22
76.22
76.22
76.22
76.22
76.22
76.21
76.21
76.22
76.23
76.24
76.25
76.25
76.27
76.27
76.26
76.25
76.23
76.24
76.24
76.23
76.24
76.23
76.23
76.23
76.24
76.24
76.23
76.23
76.22
76.23
76.24
76.24
76.24
76.23
76.22
76.21
76.22
76.20
76.19
76.17
76.15
76.15
76.14
76.14
76.13
76.11
76.11
76.10
76.10
76.09
76.08
76.09
76.09
76.11
76.09
76.10
76.10
76.11
76.12
76.12
76.12
76.12
76.11
76.11
76.11
76.12
76.13
76.11
76.11
76.13
76.13
76.13
76.15
76.15
76.14
76.14
76.15
76.15
76.16
76.16
76.14
76.14
76.15
76.15
76.14
76.15
76.15
76.16
76.16
76.16
76.17
76.17
76.17
76.17
76.16
76.16
76.16
76.17
76.18
76.20
76.20
76.19
76.18
76.19
76.17
76.17
76.17
76.17
76.17
76.17
76.17
76.18
76.17
76.18
76.18
76.18
76.18
76.17
76.17
76.16
76.17
76.18
76.20
76.19
76.17
76.17
76.16
76.17
76.17
76.16
76.15
76.15
76.15
76.16
76.17
76.15
76.15
76.13
76.11
76.10
76.09
76.09
76.08
76.07
76.05
76.05
76.04
76.02
76.03
76.04
76.03
76.02
76.02
76.03
76.02
76.02
76.02
76.01
76.00
76.01
76.00
76.01
76.00
76.01
76.01
76.01
76.00
76.00
76.01
76.01
76.02
76.02
76.03
76.02
76.03
76.03
76.03
76.03
76.04
76.06
76.06
76.05
76.06
76.07
76.07
76.08
76.09
76.09
76.09
76.10
76.10
76.10
76.11
76.11
76.11
76.11
76.12
76.13
76.13
76.12
76.12
76.11
76.12
76.11
76.10
76.09
76.09
76.10
76.10
76.11
76.11
76.10
76.09
76.07
76.08
76.07
76.08
76.08
76.09
76.08
76.09
76.09
76.10
76.10
76.11
76.11
76.10
76.10
76.10
76.11
76.12
76.11
76.11
76.12
76.12
76.11
76.11
76.10
76.09
76.11
76.11
76.12
76.12
76.12
76.13
76.12
76.12
76.13
76.13
76.05
