79.69
80.47
78.12
76.17
76.56
76.30
75.67
75.98
76.74
76.41
75.99
75.91
75.84
75.56
75.62
75.59
75.64
75.26
75.33
75.16
74.70
74.72
74.59
74.35
74.31
74.76
74.83
75.06
74.95
74.79
74.50
74.51
74.48
74.54
74.42
74.39
74.45
74.51
74.76
74.92
74.77
74.81
74.82
74.89
74.55
74.59
74.70
74.80
74.84
74.75
74.88
74.88
74.85
74.71
74.57
74.58
74.75
74.78
74.87
74.77
74.64
74.67
74.70
74.83
74.93
74.98
75.00
74.86
74.82
74.89
74.82
74.89
74.79
74.85
74.85
74.84
74.92
74.94
74.86
74.90
74.88
74.85
74.79
74.65
74.63
74.60
74.55
74.52
74.53
74.48
74.50
74.47
74.40
74.38
74.34
74.41
74.42
74.52
74.45
74.50
74.57
74.53
74.58
74.65
74.61
74.62
74.56
74.62
74.57
74.60
74.62
74.64
74.61
74.60
74.62
74.58
74.55
74.55
74.51
74.52
74.48
74.45
74.40
74.34
74.34
74.36
74.32
74.34
74.33
74.41
74.43
74.43
74.44
74.39
74.34
74.39
74.40
74.37
74.38
74.43
74.36
74.33
74.33
74.33
74.29
74.27
74.23
74.19
74.20
74.22
74.17
74.20
74.18
74.21
74.22
74.24
74.26
74.20
74.22
74.23
74.26
74.23
74.24
74.24
74.21
74.24
74.26
74.29
74.25
74.29
74.25
74.26
74.26
74.26
74.30
74.35
74.33
74.34
74.37
74.36
74.34
74.32
74.33
74.34
74.34
74.37
74.38
74.38
74.40
74.41
74.39
74.40
74.39
74.36
74.37
74.34
74.31
74.30
74.30
74.32
74.31
74.27
74.26
74.26
74.25
74.23
74.17
74.15
74.16
74.11
74.08
74.06
74.07
74.06
74.06
74.10
74.10
74.14
74.12
74.13
74.11
74.09
74.10
74.12
74.14
74.14
74.14
74.16
74.14
74.14
74.15
74.18
74.19
74.16
74.14
74.15
74.20
74.23
74.26
74.30
74.34
74.39
74.41
74.39
74.43
74.45
74.45
74.46
74.45
74.46
74.47
74.47
74.45
74.45
74.48
74.48
74.48
74.49
74.53
74.53
74.53
74.55
74.52
74.51
74.53
74.52
74.51
74.54
74.57
74.53
74.52
74.52
74.52
74.52
74.55
74.52
74.51
74.48
74.46
74.47
74.46
74.45
74.45
74.46
74.47
74.47
74.44
74.45
74.44
74.47
74.48
74.49
74.47
74.46
74.47
74.45
74.46
74.42
74.43
74.41
74.43
74.44
74.44
74.45
74.46
74.46
74.46
74.41
74.42
74.43
74.43
74.41
74.43
74.42
74.41
74.45
74.46
74.46
74.46
74.48
74.51
74.51
74.51
74.50
74.50
74.55
74.54
74.53
74.51
74.49
74.49
74.50
74.49
74.49
74.50
74.50
74.49
74.52
74.52
74.50
74.51
74.50
74.48
74.50
74.55
74.57
74.58
74.58
74.56
74.54
74.54
74.54
74.53
74.50
74.52
74.53
74.53
74.53
74.52
74.52
74.52
74.49
74.50
74.50
74.49
74.49
74.49
74.47
74.50
74.49
74.51
74.50
74.51
74.55
74.55
74.56
74.54
74.51
74.51
74.48
74.50
74.48
74.48
74.49
74.50
74.50
74.48
74.47
74.48
74.46
74.46
74.45
74.44
74.42
74.44
74.44
74.43
74.41
74.40
74.41
74.40
74.41
74.42
74.42
74.42
74.44
74.43
74.43
74.41
74.42
74.42
74.42
74.42
74.43
74.42
74.44
74.45
74.44
74.44
74.44
74.45
74.44
74.46
74.45
74.44
74.43
74.42
74.40
74.41
74.39
74.38
74.38
74.38
74.36
74.34
74.35
74.34
74.35
74.35
74.33
74.34
74.35
74.35
74.35
74.34
74.33
74.35
74.35
74.36
74.36
74.36
74.36
74.36
74.35
74.38
74.37
74.38
74.39
74.40
74.40
74.40
74.41
74.39
74.37
74.38
74.38
74.40
74.42
74.42
74.42
74.43
74.42
74.41
74.42
74.43
74.44
74.44
74.43
74.45
74.45
74.45
74.46
74.44
74.46
74.44
74.44
74.44
74.46
74.44
74.41
74.42
74.42
74.42
74.41
74.39
74.40
74.40
74.37
74.38
74.35
74.36
74.35
74.34
74.36
74.38
74.38
74.39
74.41
74.37
74.36
74.37
74.38
74.39
74.36
74.36
74.36
74.34
74.34
74.35
74.35
74.36
74.35
74.35
74.34
74.34
74.32
74.32
74.31
74.32
74.35
74.33
74.31
74.31
74.32
74.34
74.34
74.35
74.34
74.34
74.34
74.35
74.37
74.37
74.36
74.34
74.34
74.35
74.34
74.35
74.37
74.37
74.38
74.38
74.40
74.40
74.40
74.41
74.41
74.41
74.41
74.42
74.41
74.39
74.38
74.39
74.40
74.40
74.40
74.42
74.43
74.43
74.43
74.44
74.44
74.46
74.46
74.48
74.49
74.49
74.47
74.49
74.48
74.49
74.49
74.49
74.50
74.49
74.49
74.49
74.50
74.51
74.52
74.52
74.51
74.51
74.50
74.50
74.51
74.50
74.51
74.50
74.50
74.50
74.50
74.50
74.50
74.51
74.50
74.49
74.49
74.48
74.47
74.49
74.49
74.48
74.49
74.49
74.49
74.48
74.49
74.50
74.50
74.51
74.50
74.50
74.50
74.50
74.51
74.51
74.50
74.51
74.52
74.50
74.49
74.49
74.49
74.49
74.49
74.49
74.49
74.49
74.50
74.48
74.47
74.46
74.47
74.46
74.45
74.45
74.46
74.46
74.45
74.44
74.44
74.43
74.43
74.46
74.46
74.46
74.45
74.44
74.44
74.44
74.44
74.43
74.42
74.42
74.42
74.41
74.42
74.42
74.42
74.41
74.40
74.40
74.40
74.39
74.40
74.40
74.40
74.39
74.38
74.39
74.39
74.38
74.37
74.36
74.37
74.37
74.37
74.37
74.36
74.38
74.38
74.39
74.38
74.38
74.38
74.39
74.38
74.38
74.38
74.38
74.37
74.37
74.36
74.36
74.36
74.35
74.35
74.35
74.36
74.37
74.39
74.38
74.38
74.37
74.38
74.40
74.40
74.41
74.41
74.40
74.40
74.41
74.40
74.40
74.40
74.41
74.42
74.41
74.39
74.37
74.38
74.39
74.39
74.40
74.41
74.41
74.40
74.41
74.41
74.41
74.41
74.41
74.42
74.42
74.42
74.43
74.43
74.44
74.44
74.44
74.43
74.42
74.44
74.44
74.43
74.45
74.44
74.44
74.45
74.44
74.44
74.44
74.45
74.44
74.44
74.45
74.46
74.46
74.46
74.47
74.47
74.47
74.46
74.46
74.45
74.43
74.43
74.42
74.35
