75.00
75.00
75.52
74.22
75.00
75.26
74.55
74.22
74.48
74.38
74.29
74.61
74.28
74.22
73.75
74.12
74.45
74.57
74.26
74.22
74.11
74.15
74.18
73.83
73.94
73.62
73.78
74.11
74.03
74.11
74.24
74.12
74.01
74.36
74.42
74.35
74.32
74.14
74.16
73.98
74.16
74.26
74.20
74.18
74.38
74.59
74.67
74.48
74.49
74.47
74.57
74.49
74.35
74.45
74.40
74.53
74.64
74.76
74.79
74.79
74.85
74.90
74.90
74.80
74.86
74.86
74.84
74.84
74.80
74.91
75.00
75.00
74.94
74.87
74.92
74.86
74.92
75.10
75.04
74.96
74.96
75.04
75.06
75.02
74.96
75.02
74.93
74.98
74.96
75.09
75.12
75.14
75.18
75.17
75.25
75.23
75.24
75.26
75.21
75.20
75.31
75.31
75.27
75.32
75.37
75.32
75.35
75.33
75.27
75.27
75.25
75.27
75.40
75.47
75.41
75.40
75.43
75.44
75.41
75.43
75.48
75.41
75.44
75.40
75.42
75.43
75.44
75.40
75.45
75.49
75.50
75.54
75.53
75.49
75.51
75.56
75.59
75.55
75.53
75.48
75.48
75.47
75.50
75.44
75.50
75.47
75.45
75.46
75.44
75.48
75.50
75.47
75.46
75.46
75.48
75.49
75.49
75.48
75.50
75.52
75.46
75.40
75.36
75.42
75.42
75.39
75.36
75.33
75.33
75.35
75.35
75.39
75.40
75.40
75.39
75.40
75.41
75.39
75.38
75.39
75.39
75.34
75.31
75.30
75.28
75.28
75.28
75.30
75.32
75.30
75.28
75.28
75.25
75.26
75.27
75.28
75.30
75.31
75.27
75.25
75.30
75.27
75.28
75.31
75.33
75.38
75.37
75.41
75.41
75.39
75.36
75.35
75.39
75.42
75.45
75.44
75.45
75.37
75.37
75.39
75.36
75.37
75.41
75.43
75.39
75.44
75.44
75.45
75.46
75.48
75.49
75.48
75.50
75.48
75.49
75.46
75.44
75.46
75.49
75.51
75.53
75.53
75.56
75.56
75.53
75.51
75.49
75.48
75.48
75.44
75.45
75.45
75.41
75.41
75.38
75.39
75.41
75.38
75.42
75.43
75.42
75.44
75.48
75.51
75.54
75.56
75.57
75.58
75.57
75.53
75.54
75.57
75.57
75.54
75.53
75.50
75.54
75.49
75.46
75.45
75.41
75.40
75.39
75.37
75.38
75.39
75.39
75.41
75.42
75.39
75.43
75.42
75.45
75.48
75.48
75.49
75.48
75.49
75.54
75.51
75.51
75.52
75.52
75.50
75.47
75.47
75.49
75.48
75.50
75.49
75.48
75.48
75.47
75.47
75.46
75.43
75.41
75.42
75.40
75.42
75.41
75.40
75.42
75.41
75.41
75.39
75.36
75.35
75.34
75.33
75.31
75.32
75.34
75.32
75.32
75.34
75.33
75.31
75.31
75.34
75.34
75.36
75.35
75.35
75.33
75.33
75.37
75.37
75.37
75.37
75.35
75.37
75.36
75.34
75.33
75.32
75.32
75.32
75.33
75.33
75.34
75.35
75.34
75.34
75.37
75.37
75.39
75.39
75.41
75.41
75.41
75.39
75.39
75.39
75.37
75.37
75.38
75.40
75.42
75.44
75.44
75.43
75.45
75.41
75.39
75.41
75.44
75.43
75.46
75.46
75.48
75.47
75.47
75.49
75.49
75.47
75.49
75.50
75.50
75.49
75.48
75.48
75.48
75.48
75.49
75.48
75.47
75.47
75.49
75.48
75.49
75.50
75.51
75.51
75.53
75.54
75.55
75.55
75.53
75.51
75.53
75.51
75.52
75.48
75.49
75.50
75.50
75.51
75.52
75.53
75.53
75.55
75.54
75.54
75.54
75.55
75.55
75.55
75.57
75.58
75.60
75.60
75.57
75.56
75.56
75.56
75.58
75.58
75.58
75.58
75.58
75.58
75.57
75.55
75.57
75.56
75.55
75.51
75.50
75.51
75.52
75.50
75.50
75.50
75.50
75.49
75.47
75.45
75.46
75.46
75.48
75.47
75.47
75.45
75.43
75.44
75.43
75.42
75.43
75.40
75.42
75.42
75.41
75.42
75.42
75.42
75.42
75.42
75.42
75.43
75.43
75.44
75.44
75.43
75.46
75.46
75.47
75.48
75.48
75.47
75.48
75.50
75.50
75.50
75.49
75.50
75.51
75.49
75.50
75.49
75.50
75.50
75.49
75.49
75.49
75.50
75.51
75.51
75.51
75.52
75.51
75.51
75.52
75.53
75.51
75.50
75.49
75.51
75.51
75.50
75.49
75.50
75.49
75.49
75.51
75.52
75.52
75.53
75.51
75.53
75.53
75.53
75.54
75.55
75.55
75.56
75.56
75.56
75.56
75.56
75.58
75.60
75.60
75.59
75.58
75.59
75.57
75.56
75.55
75.54
75.55
75.54
75.54
75.53
75.54
75.55
75.55
75.57
75.57
75.56
75.57
75.57
75.56
75.56
75.57
75.56
75.57
75.58
75.58
75.58
75.59
75.59
75.58
75.59
75.59
75.58
75.59
75.58
75.58
75.57
75.57
75.57
75.58
75.58
75.58
75.59
75.57
75.57
75.57
75.59
75.60
75.60
75.60
75.58
75.58
75.57
75.57
75.56
75.55
75.57
75.57
75.56
75.56
75.55
75.55
75.56
75.54
75.54
75.53
75.54
75.53
75.53
75.53
75.53
75.54
75.54
75.55
75.54
75.54
75.55
75.55
75.54
75.55
75.55
75.54
75.54
75.53
75.53
75.53
75.52
75.53
75.54
75.53
75.53
75.52
75.52
75.52
75.51
75.52
75.52
75.53
75.53
75.51
75.50
75.50
75.49
75.50
75.51
75.51
75.51
75.51
75.53
75.54
75.54
75.55
75.55
75.53
75.54
75.53
75.53
75.54
75.54
75.54
75.54
75.54
75.55
75.55
75.56
75.55
75.55
75.55
75.56
75.56
75.55
75.55
75.54
75.54
75.54
75.54
75.54
75.55
75.54
75.53
75.54
75.54
75.55
75.55
75.54
75.55
75.56
75.56
75.55
75.54
75.54
75.53
75.53
75.53
75.54
75.55
75.56
75.55
75.55
75.53
75.53
75.54
75.55
75.54
75.53
75.53
75.54
75.53
75.54
75.54
75.54
75.55
75.54
75.54
75.54
75.54
75.56
75.56
75.55
75.55
75.55
75.55
75.55
75.55
75.53
75.53
75.53
75.54
75.53
75.53
75.52
75.51
75.52
75.52
75.52
75.52
75.52
75.52
75.51
75.51
75.52
75.52
75.53
75.52
75.53
75.52
75.51
75.52
75.52
75.52
75.52
75.52
75.52
75.53
75.53
75.53
75.53
75.52
75.52
75.52
75.53
75.53
75.54
75.54
75.53
75.54
75.54
75.54
75.48
