76.56
76.56
72.40
74.22
74.06
73.96
75.45
74.61
75.00
75.31
75.99
76.43
76.32
76.34
75.52
76.27
76.38
76.48
76.89
77.50
77.31
77.34
77.31
76.95
76.56
76.50
76.79
76.90
76.51
76.30
76.61
76.56
76.70
76.61
76.38
76.61
76.56
76.56
76.44
76.52
76.45
76.67
76.64
76.46
76.46
76.32
76.30
76.33
76.18
76.19
76.13
76.17
76.06
76.04
76.08
75.86
75.90
75.75
75.98
75.86
75.72
75.78
75.72
75.71
75.77
75.85
75.79
75.92
75.88
75.96
75.75
75.65
75.60
75.61
75.65
75.56
75.63
75.58
75.53
75.53
75.42
75.53
75.56
75.54
75.53
75.45
75.47
75.50
75.53
75.57
75.57
75.51
75.50
75.62
75.71
75.81
75.82
75.80
75.73
75.67
75.60
75.60
75.65
75.62
75.58
75.59
75.57
75.61
75.53
75.45
75.49
75.46
75.48
75.47
75.53
75.51
75.51
75.56
75.55
75.51
75.56
75.54
75.51
75.52
75.57
75.53
75.48
75.51
75.46
75.48
75.51
75.53
75.55
75.61
75.57
75.57
75.55
75.58
75.54
75.58
75.52
75.52
75.57
75.58
75.57
75.62
75.65
75.62
75.62
75.61
75.58
75.59
75.51
75.51
75.48
75.52
75.55
75.57
75.60
75.61
75.60
75.61
75.65
75.63
75.66
75.67
75.72
75.73
75.74
75.74
75.70
75.66
75.64
75.62
75.63
75.63
75.69
75.71
75.73
75.73
75.71
75.72
75.73
75.76
75.68
75.64
75.64
75.61
75.60
75.59
75.61
75.59
75.60
75.63
75.64
75.65
75.64
75.66
75.64
75.64
75.66
75.69
75.72
75.70
75.69
75.72
75.75
75.77
75.79
75.78
75.80
75.80
75.81
75.79
75.73
75.72
75.66
75.68
75.68
75.69
75.71
75.69
75.72
75.72
75.72
75.72
75.72
75.74
75.75
75.73
75.71
75.72
75.70
75.71
75.72
75.72
75.74
75.73
75.73
75.73
75.71
75.69
75.67
75.67
75.67
75.69
75.68
75.69
75.66
75.63
75.63
75.68
75.66
75.66
75.64
75.65
75.66
75.65
75.68
75.69
75.68
75.68
75.70
75.69
75.69
75.71
75.70
75.71
75.71
75.76
75.75
75.73
75.77
75.76
75.81
75.82
75.83
75.82
75.81
75.77
75.74
75.71
75.74
75.74
75.72
75.73
75.71
75.68
75.66
75.63
75.59
75.62
75.61
75.64
75.63
75.61
75.64
75.65
75.66
75.67
75.66
75.68
75.70
75.69
75.69
75.70
75.69
75.67
75.66
75.68
75.68
75.68
75.69
75.72
75.70
75.70
75.69
75.68
75.68
75.70
75.68
75.69
75.72
75.70
75.74
75.73
75.74
75.75
75.74
75.76
75.77
75.76
75.74
75.74
75.76
75.74
75.74
75.75
75.76
75.74
75.73
75.74
75.75
75.75
75.76
75.76
75.76
75.76
75.78
75.76
75.76
75.77
75.77
75.75
75.75
75.75
75.75
75.74
75.73
75.72
75.72
75.73
75.74
75.76
75.73
75.70
75.72
75.73
75.73
75.74
75.76
75.75
75.77
75.78
75.77
75.78
75.78
75.81
75.79
75.80
75.80
75.78
75.78
75.78
75.80
75.81
75.80
75.81
75.78
75.78
75.80
75.83
75.85
75.86
75.86
75.86
75.86
75.86
75.87
75.88
75.87
75.85
75.86
75.85
75.87
75.88
75.89
75.87
75.86
75.87
75.86
75.85
75.86
75.87
75.87
75.85
75.87
75.88
75.85
75.87
75.86
75.87
75.86
75.89
75.86
75.85
75.85
75.84
75.85
75.85
75.86
75.87
75.86
75.85
75.84
75.85
75.86
75.86
75.87
75.89
75.90
75.92
75.91
75.93
75.92
75.94
75.93
75.92
75.94
75.93
75.91
75.91
75.89
75.89
75.88
75.87
75.89
75.88
75.89
75.92
75.93
75.94
75.94
75.95
75.97
75.96
75.94
75.92
75.95
75.93
75.91
75.89
75.90
75.88
75.89
75.87
75.88
75.85
75.84
75.84
75.84
75.85
75.83
75.82
75.81
75.80
75.80
75.82
75.82
75.82
75.85
75.84
75.86
75.85
75.84
75.85
75.85
75.84
75.84
75.84
75.84
75.84
75.84
75.85
75.84
75.84
75.84
75.83
75.83
75.83
75.83
75.83
75.83
75.84
75.83
75.83
75.84
75.86
75.86
75.87
75.88
75.87
75.86
75.87
75.88
75.87
75.88
75.88
75.87
75.87
75.87
75.88
75.87
75.88
75.89
75.89
75.89
75.87
75.86
75.86
75.85
75.85
75.85
75.84
75.85
75.86
75.85
75.85
75.87
75.87
75.87
75.89
75.89
75.90
75.91
75.90
75.90
75.91
75.92
75.94
75.93
75.93
75.92
75.92
75.91
75.91
75.91
75.91
75.92
75.92
75.92
75.91
75.92
75.92
75.93
75.93
75.94
75.94
75.93
75.94
75.95
75.96
75.97
75.97
75.97
75.97
75.98
75.99
75.98
75.97
75.96
75.97
75.96
75.97
75.97
75.99
75.99
75.99
76.01
76.02
76.00
76.02
76.01
76.00
76.00
76.01
76.01
76.02
76.02
76.03
76.01
76.00
76.00
76.01
76.00
76.01
76.01
76.02
76.02
76.01
76.00
76.01
76.01
76.01
76.01
76.02
76.03
76.02
76.03
76.03
76.04
76.05
76.05
76.05
76.04
76.05
76.05
76.06
76.06
76.06
76.06
76.06
76.06
76.06
76.06
76.06
76.07
76.05
76.05
76.06
76.06
76.06
76.06
76.05
76.07
76.07
76.08
76.08
76.08
76.08
76.07
76.07
76.08
76.08
76.09
76.10
76.09
76.07
76.08
76.07
76.06
76.06
76.05
76.06
76.06
76.05
76.05
76.06
76.06
76.07
76.08
76.07
76.06
76.07
76.06
76.07
76.06
76.05
76.07
76.07
76.06
76.08
76.10
76.10
76.10
76.09
76.09
76.10
76.11
76.10
76.11
76.11
76.11
76.11
76.11
76.12
76.13
76.14
76.14
76.14
76.12
76.12
76.12
76.12
76.11
76.11
76.12
76.11
76.12
76.11
76.11
76.10
76.11
76.11
76.12
76.12
76.11
76.11
76.10
76.10
76.10
76.11
76.12
76.12
76.12
76.13
76.12
76.12
76.11
76.11
76.13
76.12
76.13
76.14
76.13
76.12
76.13
76.13
76.12
76.11
76.12
76.12
76.13
76.13
76.13
76.12
76.12
76.12
76.13
76.14
76.14
76.15
76.15
76.15
76.15
76.14
76.13
76.13
76.12
76.11
76.11
76.12
76.12
76.12
76.13
76.13
76.13
76.13
76.12
76.12
76.12
76.05
