75.00
76.56
75.00
75.00
75.00
75.26
75.67
76.17
76.74
76.41
76.42
76.56
76.32
75.78
75.42
75.68
75.37
75.61
75.90
76.09
75.74
75.78
75.95
75.78
75.50
75.24
75.52
75.39
75.43
75.52
75.71
75.83
76.23
76.19
76.43
76.35
76.27
76.23
76.16
76.29
76.49
76.64
76.53
76.38
76.32
76.22
76.23
76.33
76.37
76.44
76.53
76.56
76.47
76.45
76.19
76.03
75.93
75.92
75.85
75.83
75.69
75.78
75.87
75.93
75.89
75.88
75.84
75.80
75.84
75.76
75.59
75.76
75.73
75.59
75.69
75.74
75.73
75.68
75.71
75.68
75.77
75.88
75.88
75.80
75.85
75.82
75.88
76.05
76.05
76.08
76.06
76.04
76.04
76.13
76.02
75.98
76.01
75.94
75.95
75.95
75.91
75.86
75.77
75.86
75.80
75.83
75.80
75.71
75.76
75.75
75.69
75.67
75.68
75.67
75.69
75.69
75.68
75.68
75.71
75.78
75.77
75.74
75.76
75.76
75.71
75.68
75.74
75.72
75.71
75.69
75.62
75.58
75.62
75.62
75.62
75.65
75.63
75.68
75.64
75.67
75.74
75.77
75.84
75.85
75.84
75.86
75.90
75.91
75.87
75.85
75.88
75.88
75.88
75.86
75.91
75.88
75.88
75.85
75.79
75.81
75.83
75.81
75.81
75.81
75.78
75.77
75.80
75.79
75.77
75.78
75.76
75.74
75.69
75.71
75.71
75.71
75.72
75.71
75.65
75.66
75.67
75.65
75.66
75.71
75.68
75.66
75.65
75.67
75.69
75.70
75.67
75.67
75.70
75.70
75.67
75.64
75.65
75.66
75.65
75.66
75.60
75.60
75.60
75.62
75.59
75.61
75.58
75.59
75.57
75.53
75.56
75.55
75.55
75.52
75.52
75.50
75.53
75.53
75.56
75.54
75.55
75.57
75.55
75.57
75.58
75.59
75.57
75.55
75.54
75.53
75.55
75.55
75.54
75.55
75.57
75.58
75.56
75.56
75.56
75.55
75.60
75.59
75.60
75.65
75.61
75.60
75.64
75.64
75.67
75.68
75.68
75.67
75.69
75.68
75.67
75.65
75.64
75.67
75.65
75.69
75.71
75.75
75.73
75.70
75.67
75.67
75.71
75.72
75.71
75.68
75.65
75.61
75.60
75.59
75.56
75.55
75.52
75.54
75.55
75.57
75.57
75.60
75.60
75.61
75.60
75.58
75.59
75.56
75.58
75.56
75.54
75.56
75.57
75.57
75.57
75.55
75.55
75.57
75.57
75.57
75.57
75.55
75.55
75.57
75.56
75.56
75.58
75.58
75.58
75.56
75.58
75.61
75.60
75.61
75.58
75.55
75.57
75.57
75.58
75.57
75.55
75.57
75.58
75.58
75.57
75.56
75.56
75.53
75.54
75.53
75.52
75.53
75.53
75.51
75.51
75.51
75.51
75.51
75.50
75.47
75.49
75.49
75.51
75.52
75.53
75.55
75.54
75.57
75.56
75.57
75.57
75.60
75.60
75.62
75.64
75.62
75.65
75.66
75.68
75.65
75.62
75.63
75.65
75.67
75.67
75.66
75.64
75.62
75.63
75.62
75.63
75.64
75.65
75.65
75.66
75.65
75.65
75.65
75.66
75.68
75.69
75.68
75.68
75.70
75.71
75.72
75.75
75.77
75.78
75.79
75.77
75.80
75.81
75.80
75.83
75.84
75.86
75.87
75.89
75.89
75.90
75.93
75.92
75.92
75.93
75.90
75.90
75.91
75.88
75.87
75.88
75.89
75.90
75.89
75.88
75.84
75.87
75.89
75.89
75.90
75.89
75.88
75.87
75.86
75.85
75.84
75.86
75.86
75.86
75.86
75.88
75.88
75.87
75.88
75.86
75.86
75.86
75.85
75.85
75.86
75.88
75.89
75.90
75.89
75.91
75.92
75.92
75.91
75.93
75.89
75.88
75.88
75.89
75.86
75.87
75.87
75.87
75.88
75.86
75.86
75.86
75.87
75.87
75.87
75.87
75.87
75.87
75.86
75.87
75.88
75.88
75.87
75.88
75.86
75.86
75.88
75.87
75.89
75.88
75.89
75.89
75.87
75.86
75.87
75.88
75.87
75.90
75.88
75.89
75.90
75.91
75.91
75.92
75.92
75.93
75.93
75.91
75.92
75.90
75.90
75.91
75.88
75.88
75.90
75.90
75.92
75.93
75.93
75.93
75.93
75.94
75.94
75.95
75.96
75.94
75.95
75.96
75.97
75.97
75.96
75.97
75.96
75.95
75.95
75.95
75.95
75.97
75.97
75.95
75.96
75.95
75.97
75.98
75.96
75.96
75.96
75.97
75.97
75.97
75.96
75.96
75.97
75.98
75.98
75.97
75.97
75.98
75.99
75.99
75.98
75.98
75.97
75.97
75.96
75.96
75.94
75.94
75.94
75.93
75.93
75.93
75.93
75.94
75.95
75.95
75.95
75.96
75.98
75.97
75.98
75.99
75.99
75.99
75.99
75.97
75.96
75.97
75.97
75.98
75.96
75.95
75.95
75.96
75.96
75.97
75.98
75.97
75.98
75.98
75.98
75.98
75.98
75.99
75.99
75.98
76.00
76.00
75.99
76.00
76.01
76.00
76.01
76.02
76.02
76.01
76.02
76.00
76.01
76.01
76.01
76.03
76.01
76.00
76.01
76.02
76.02
76.02
76.01
76.01
76.02
76.00
76.00
76.00
76.01
76.01
76.00
76.00
76.02
76.02
76.01
76.02
76.02
76.03
76.04
76.04
76.05
76.05
76.06
76.07
76.06
76.06
76.05
76.06
76.06
76.06
76.06
76.07
76.07
76.05
76.06
76.07
76.07
76.07
76.08
76.08
76.07
76.07
76.09
76.10
76.09
76.08
76.07
76.06
76.05
76.05
76.06
76.06
76.06
76.07
76.08
76.08
76.07
76.09
76.09
76.09
76.08
76.08
76.08
76.09
76.08
76.08
76.09
76.08
76.09
76.09
76.10
76.09
76.09
76.10
76.12
76.11
76.12
76.12
76.12
76.13
76.12
76.13
76.12
76.12
76.12
76.12
76.11
76.11
76.11
76.12
76.12
76.12
76.11
76.11
76.11
76.12
76.11
76.12
76.12
76.12
76.12
76.12
76.11
76.11
76.11
76.10
76.10
76.09
76.10
76.09
76.09
76.10
76.10
76.10
76.10
76.10
76.11
76.12
76.13
76.13
76.14
76.14
76.14
76.15
76.14
76.13
76.12
76.13
76.13
76.12
76.12
76.11
76.11
76.11
76.10
76.11
76.12
76.12
76.12
76.12
76.12
76.12
76.12
76.12
76.12
76.12
76.11
76.12
76.11
76.11
76.11
76.12
76.13
76.13
76.12
76.13
76.13
76.15
76.14
76.16
76.15
76.13
76.13
76.13
76.14
76.14
76.07
