71.88
71.09
74.48
76.95
78.12
78.39
79.02
78.91
77.60
77.34
77.27
77.08
76.80
76.56
76.56
76.37
76.38
76.65
76.23
76.09
76.41
76.14
75.82
75.98
76.00
75.96
76.22
76.06
75.92
75.99
76.06
75.93
76.14
76.24
76.34
76.43
76.18
76.11
76.28
76.21
76.30
76.53
76.45
76.49
76.63
76.66
76.53
76.40
76.47
76.50
76.47
76.26
76.12
76.22
76.16
76.28
76.15
76.10
75.98
75.86
75.90
75.88
76.02
75.98
76.03
75.97
76.03
75.97
76.00
75.96
75.95
75.91
75.94
75.99
76.04
76.07
75.99
75.92
76.01
76.09
75.96
75.97
75.87
75.89
75.96
76.00
75.95
75.96
76.00
76.08
76.06
76.02
76.04
76.03
76.05
75.99
76.05
76.02
75.99
76.02
75.99
76.01
76.00
75.98
75.97
76.02
75.99
76.06
76.08
76.08
76.14
76.26
76.24
76.25
76.22
76.21
76.19
76.17
76.17
76.20
76.19
76.20
76.21
76.25
76.21
76.22
76.27
76.31
76.24
76.20
76.28
76.27
76.34
76.32
76.30
76.26
76.25
76.21
76.20
76.25
76.24
76.32
76.32
76.36
76.41
76.39
76.36
76.35
76.26
76.19
76.16
76.19
76.19
76.20
76.13
76.14
76.11
76.03
76.03
76.07
76.05
76.07
76.05
76.04
76.04
76.03
75.97
75.91
75.92
75.97
76.00
75.99
75.98
75.95
75.93
75.87
75.85
75.87
75.92
75.90
75.89
75.93
75.95
75.95
75.97
75.87
75.88
75.85
75.83
75.83
75.86
75.88
75.87
75.92
75.92
75.95
75.91
75.92
75.93
75.92
75.93
75.94
75.94
75.93
75.95
75.96
75.94
75.92
75.94
75.91
75.90
75.92
75.91
75.91
75.89
75.89
75.94
75.96
75.96
75.98
75.96
75.95
76.01
75.99
75.99
76.01
76.02
76.01
76.03
76.07
76.05
76.06
76.04
76.08
76.07
76.04
76.02
75.98
75.95
75.98
75.99
75.99
76.00
75.98
75.99
75.98
76.02
76.06
76.09
76.08
76.04
76.05
76.08
76.09
76.12
76.12
76.14
76.15
76.13
76.15
76.19
76.23
76.21
76.21
76.24
76.25
76.24
76.22
76.22
76.25
76.26
76.25
76.20
76.19
76.17
76.17
76.17
76.17
76.18
76.22
76.21
76.20
76.18
76.17
76.18
76.18
76.18
76.18
76.18
76.18
76.17
76.16
76.17
76.15
76.17
76.15
76.16
76.19
76.20
76.18
76.19
76.18
76.18
76.19
76.17
76.18
76.18
76.21
76.19
76.17
76.18
76.18
76.19
76.19
76.22
76.18
76.17
76.15
76.13
76.13
76.16
76.14
76.12
76.11
76.11
76.11
76.08
76.11
76.12
76.12
76.14
76.16
76.15
76.14
76.11
76.11
76.10
76.10
76.12
76.13
76.14
76.14
76.12
76.13
76.14
76.14
76.14
76.14
76.14
76.15
76.17
76.13
76.13
76.12
76.13
76.12
76.11
76.11
76.12
76.15
76.14
76.15
76.15
76.14
76.15
76.16
76.12
76.13
76.12
76.13
76.16
76.16
76.16
76.16
76.11
76.11
76.11
76.10
76.11
76.13
76.14
76.13
76.14
76.14
76.15
76.16
76.14
76.13
76.12
76.14
76.15
76.15
76.16
76.16
76.17
76.16
76.14
76.15
76.18
76.18
76.18
76.18
76.18
76.17
76.16
76.17
76.17
76.16
76.17
76.18
76.19
76.19
76.17
76.15
76.13
76.13
76.14
76.13
76.13
76.12
76.10
76.10
76.09
76.07
76.06
76.06
76.06
76.04
76.03
76.02
76.00
76.01
76.02
76.00
76.00
76.00
76.00
76.02
76.03
76.04
76.06
76.06
76.09
76.09
76.07
76.08
76.08
76.06
76.07
76.05
76.03
76.02
76.03
76.01
76.00
76.01
76.03
76.03
76.02
76.01
76.02
76.02
76.03
76.02
76.01
76.01
76.00
76.01
76.00
75.99
76.00
76.00
76.00
75.98
75.98
75.98
75.97
75.98
75.99
76.00
76.00
76.02
76.02
76.02
76.02
76.03
76.04
76.05
76.05
76.06
76.05
76.05
76.07
76.04
76.03
76.02
76.02
76.00
76.01
76.00
76.01
76.01
76.02
76.03
76.02
76.02
76.01
75.99
75.99
76.00
76.00
75.99
76.00
76.01
76.03
76.03
76.05
76.02
76.02
76.03
76.03
76.03
76.02
76.03
76.01
76.02
76.01
76.00
76.00
76.01
76.01
76.02
76.02
76.01
76.03
76.05
76.05
76.05
76.06
76.06
76.04
76.04
76.04
76.05
76.04
76.05
76.04
76.02
76.01
76.01
76.00
76.01
76.01
76.00
75.99
75.98
75.96
75.97
75.96
75.96
75.97
75.98
75.97
75.97
75.98
75.99
75.98
75.99
76.00
75.99
75.97
75.96
75.97
75.96
75.96
75.95
75.96
75.97
75.97
75.98
75.98
75.99
75.99
76.00
76.00
76.00
76.00
76.00
76.00
76.01
76.03
76.03
76.02
76.03
76.03
76.03
76.04
76.06
76.06
76.06
76.07
76.06
76.04
76.05
76.05
76.05
76.06
76.06
76.06
76.06
76.07
76.06
76.07
76.08
76.07
76.07
76.07
76.07
76.07
76.08
76.08
76.09
76.08
76.08
76.06
76.06
76.06
76.06
76.07
76.05
76.04
76.05
76.05
76.05
76.05
76.04
76.03
76.02
76.02
76.03
76.05
76.04
76.05
76.05
76.04
76.04
76.04
76.03
76.04
76.04
76.04
76.05
76.04
76.05
76.05
76.04
76.03
76.03
76.03
76.03
76.03
76.03
76.03
76.04
76.03
76.03
76.02
76.03
76.02
76.03
76.03
76.03
76.03
76.03
76.04
76.01
76.02
76.01
76.02
76.01
76.01
76.00
76.00
76.00
75.99
76.00
76.01
76.00
75.99
75.99
75.99
75.98
75.98
75.98
75.97
75.97
75.98
75.97
75.97
75.98
75.98
75.97
75.97
75.97
75.97
75.97
75.97
75.98
75.98
75.99
75.98
75.98
75.98
75.99
75.98
75.99
75.99
76.01
76.02
76.02
76.02
76.02
76.02
76.03
76.02
76.02
76.02
76.02
76.02
76.02
76.02
76.03
76.03
76.04
76.05
76.07
76.08
76.09
76.07
76.07
76.07
76.08
76.08
76.07
76.06
76.06
76.06
76.06
76.06
76.06
76.07
76.08
76.09
76.09
76.11
76.11
76.11
76.11
76.11
76.11
76.12
76.12
76.13
76.12
76.12
76.11
76.11
76.11
76.12
76.12
76.13
76.13
76.13
76.12
76.13
76.12
76.12
76.12
76.13
76.13
76.14
76.07
