3.12
3.12
2.60
1.95
2.50
2.34
2.23
2.34
3.12
2.81
3.55
3.39
3.25
3.12
3.33
3.12
2.94
3.04
3.04
2.89
2.98
2.84
2.72
2.99
2.94
2.94
2.95
2.90
2.91
2.92
2.87
2.88
2.79
2.76
2.72
2.82
2.87
2.84
2.84
2.85
2.86
2.79
2.83
2.84
2.81
2.75
2.73
2.70
2.74
2.75
2.76
2.73
2.71
2.75
2.70
2.85
2.85
2.96
2.91
2.92
2.87
2.95
2.90
2.93
2.96
2.91
2.89
2.85
2.88
2.88
2.88
2.86
2.83
2.79
2.79
2.78
2.74
2.78
2.83
2.83
2.82
2.84
2.84
2.83
2.89
2.89
2.87
2.86
2.84
2.83
2.85
2.84
2.86
2.86
2.85
2.83
2.84
2.82
2.83
2.86
2.85
2.83
2.81
2.81
2.80
2.82
2.82
2.81
2.78
2.80
2.84
2.85
2.88
2.85
2.87
2.86
2.86
2.83
2.84
2.84
2.87
2.84
2.83
2.84
2.81
2.80
2.82
2.84
2.86
2.88
2.93
2.94
2.93
2.94
2.94
2.93
2.92
2.92
2.92
2.92
2.94
2.94
2.93
2.92
2.93
2.93
2.93
2.93
2.94
2.93
2.91
2.91
2.90
2.88
2.89
2.88
2.88
2.88
2.90
2.88
2.88
2.90
2.90
2.91
2.94
2.93
2.92
2.92
2.91
2.91
2.91
2.93
2.93
2.95
2.95
2.94
2.93
2.93
2.93
2.93
2.91
2.90
2.95
2.96
2.94
2.92
2.92
2.91
2.91
2.90
2.90
2.89
2.89
2.90
2.90
2.89
2.89
2.90
2.89
2.90
2.89
2.90
2.89
2.87
2.88
2.88
2.88
2.86
2.87
2.87
2.91
2.91
2.90
2.92
2.91
2.92
2.91
2.90
2.90
2.90
2.89
2.89
2.88
2.87
2.85
2.86
2.87
2.88
2.91
2.91
2.92
2.90
2.90
2.90
2.93
2.93
2.91
2.90
2.90
2.90
2.89
2.91
2.91
2.89
2.90
2.90
2.95
2.95
2.95
2.95
2.95
2.95
2.95
2.95
2.96
2.95
2.95
2.94
2.94
2.94
2.94
2.93
2.92
2.91
2.91
2.92
2.93
2.92
2.92
2.92
2.91
2.91
2.90
2.90
2.89
2.88
2.89
2.89
2.89
2.89
2.89
2.89
2.89
2.92
2.91
2.91
2.90
2.89
2.89
2.89
2.89
2.89
2.88
2.87
2.87
2.86
2.85
2.85
2.86
2.86
2.87
2.87
2.87
2.88
2.88
2.87
2.88
2.90
2.89
2.89
2.91
2.91
2.94
2.94
2.94
2.94
2.94
2.93
2.93
2.94
2.93
2.93
2.93
2.92
2.93
2.94
2.93
2.93
2.95
2.95
2.95
2.95
2.95
2.95
2.94
2.96
2.98
2.97
2.97
2.99
2.98
2.97
2.97
2.97
2.98
2.97
2.96
2.96
2.96
2.96
2.96
2.99
3.00
2.99
2.99
2.98
2.99
3.01
3.01
3.01
3.00
3.00
3.00
3.00
3.01
3.01
3.01
3.04
3.04
3.03
3.02
3.02
3.02
3.02
3.02
3.02
3.02
3.01
3.01
3.02
3.01
3.01
3.02
3.02
3.02
3.02
3.03
3.04
3.04
3.05
3.05
3.04
3.05
3.06
3.06
3.06
3.06
3.05
3.05
3.05
3.04
3.04
3.04
3.04
3.04
3.03
3.04
3.04
3.04
3.04
3.03
3.03
3.03
3.03
3.03
3.04
3.04
3.04
3.07
3.06
3.07
3.06
3.06
3.05
3.06
3.05
3.06
3.06
3.06
3.06
3.07
3.07
3.06
3.06
3.07
3.08
3.08
3.08
3.08
3.08
3.09
3.08
3.08
3.08
3.08
3.08
3.07
3.08
3.08
3.08
3.08
3.08
3.08
3.09
3.09
3.08
3.09
3.09
3.10
3.10
3.10
3.09
3.10
3.11
3.11
3.11
3.10
3.11
3.12
3.11
3.12
3.12
3.13
3.13
3.13
3.13
3.13
3.13
3.13
3.13
3.13
3.13
3.13
3.13
3.13
3.12
3.12
3.12
3.12
3.12
3.12
3.12
3.13
3.13
3.13
3.13
3.12
3.11
3.11
3.10
3.11
3.10
3.10
3.10
3.10
3.10
3.09
3.10
3.09
3.11
3.11
3.12
3.11
3.10
3.10
3.10
3.10
3.11
3.11
3.11
3.11
3.11
3.12
3.13
3.15
3.16
3.17
3.17
3.17
3.17
3.17
3.17
3.17
3.16
3.16
3.17
3.17
3.17
3.17
3.17
3.17
3.16
3.17
3.16
3.16
3.16
3.16
3.16
3.16
3.16
3.16
3.16
3.17
3.17
3.16
3.16
3.16
3.16
3.17
3.16
3.16
3.17
3.17
3.16
3.16
3.16
3.16
3.17
3.17
3.17
3.17
3.17
3.17
3.17
3.17
3.17
3.17
3.17
3.17
3.16
3.16
3.15
3.15
3.15
3.15
3.15
3.15
3.15
3.15
3.14
3.14
3.14
3.13
3.13
3.13
3.13
3.13
3.12
3.13
3.13
3.13
3.13
3.12
3.12
3.12
3.12
3.11
3.11
3.11
3.11
3.11
3.11
3.11
3.11
3.11
3.11
3.11
3.12
3.12
3.12
3.12
3.12
3.12
3.12
3.12
3.12
3.11
3.11
3.11
3.11
3.11
3.11
3.11
3.11
3.11
3.12
3.12
3.12
3.12
3.11
3.11
3.11
3.12
3.12
3.12
3.12
3.11
3.11
3.11
3.10
3.10
3.10
3.10
3.10
3.09
3.09
3.09
3.09
3.09
3.09
3.08
3.08
3.08
3.08
3.08
3.09
3.09
3.09
3.09
3.08
3.08
3.09
3.10
3.09
3.09
3.09
3.09
3.08
3.08
3.07
3.07
3.07
3.06
3.07
3.07
3.08
3.08
3.08
3.09
3.09
3.09
3.09
3.09
3.09
3.08
3.08
3.08
3.08
3.08
3.08
3.08
3.07
3.07
3.08
3.08
3.08
3.07
3.08
3.08
3.08
3.08
3.08
3.08
3.08
3.08
3.08
3.08
3.07
3.08
3.08
3.08
3.09
3.08
3.08
3.08
3.07
3.07
3.07
3.06
3.07
3.06
3.06
3.05
3.06
3.06
3.06
3.06
3.06
3.05
3.05
3.05
3.06
3.06
3.06
3.05
3.06
3.06
3.07
3.07
3.07
3.07
3.06
3.06
3.06
3.06
3.07
3.07
3.07
3.07
3.07
3.07
3.07
3.07
3.07
3.06
3.06
3.06
3.05
3.05
3.05
3.05
3.05
3.05
3.05
3.06
3.05
3.05
3.06
3.06
3.07
3.07
3.07
