71.88
71.88
72.40
73.83
74.06
74.48
74.55
74.61
74.65
75.16
75.99
75.65
75.84
75.67
75.83
76.17
76.47
76.91
77.55
77.19
76.86
77.06
76.77
76.37
76.12
76.20
76.45
76.62
76.51
76.35
76.11
76.22
76.04
76.19
76.16
76.17
76.06
76.19
76.20
76.29
76.30
76.12
75.98
76.03
76.11
76.29
76.10
76.07
76.08
76.12
76.26
76.23
76.18
76.13
76.08
76.03
75.99
75.92
76.06
75.99
75.90
75.93
75.92
76.07
75.99
75.97
76.05
76.13
76.13
76.14
76.19
76.15
76.11
76.16
76.19
76.21
76.24
76.26
76.27
76.33
76.25
76.24
76.19
76.13
76.12
76.16
76.20
76.17
76.26
76.30
76.34
76.31
76.31
76.40
76.46
76.46
76.45
76.42
76.45
76.52
76.59
76.65
76.61
76.59
76.58
76.61
76.71
76.74
76.85
76.86
76.93
76.93
77.00
77.04
77.00
77.03
77.04
77.01
77.02
77.01
76.99
77.01
77.01
76.98
76.97
76.98
76.96
76.97
76.99
76.96
76.97
76.85
76.80
76.77
76.82
76.83
76.77
76.75
76.80
76.77
76.68
76.68
76.70
76.75
76.77
76.69
76.72
76.76
76.73
76.67
76.72
76.73
76.71
76.68
76.62
76.61
76.66
76.65
76.62
76.57
76.60
76.58
76.61
76.60
76.58
76.56
76.53
76.45
76.49
76.48
76.45
76.47
76.50
76.48
76.53
76.55
76.54
76.55
76.52
76.54
76.49
76.49
76.52
76.52
76.49
76.45
76.45
76.44
76.48
76.50
76.46
76.46
76.40
76.39
76.39
76.35
76.34
76.33
76.31
76.33
76.31
76.31
76.30
76.32
76.30
76.29
76.28
76.25
76.23
76.24
76.22
76.19
76.20
76.18
76.18
76.18
76.20
76.18
76.16
76.20
76.21
76.22
76.20
76.21
76.23
76.23
76.23
76.21
76.18
76.15
76.14
76.10
76.11
76.08
76.08
76.07
76.07
76.09
76.07
76.10
76.12
76.08
76.10
76.08
76.07
76.07
76.05
76.05
76.07
76.11
76.10
76.11
76.09
76.09
76.09
76.12
76.10
76.07
76.05
76.08
76.05
76.09
76.10
76.12
76.14
76.11
76.10
76.10
76.09
76.07
76.08
76.07
76.09
76.12
76.14
76.10
76.14
76.16
76.13
76.09
76.10
76.09
76.10
76.13
76.12
76.13
76.11
76.12
76.11
76.11
76.09
76.11
76.13
76.12
76.10
76.09
76.09
76.09
76.06
76.05
76.05
76.05
76.04
76.05
76.06
76.05
76.07
76.06
76.03
76.04
76.02
76.01
75.99
75.99
76.01
75.99
75.99
76.00
76.01
76.01
76.02
76.02
76.03
76.05
76.07
76.07
76.09
76.10
76.10
76.10
76.09
76.11
76.11
76.13
76.14
76.15
76.13
76.16
76.16
76.15
76.13
76.13
76.13
76.13
76.12
76.12
76.12
76.12
76.14
76.15
76.13
76.11
76.12
76.12
76.12
76.11
76.13
76.14
76.13
76.14
76.13
76.12
76.12
76.12
76.13
76.11
76.07
76.06
76.05
76.03
75.99
76.00
76.00
76.01
76.00
76.01
76.02
76.03
76.01
76.02
76.04
76.06
76.06
76.07
76.07
76.08
76.07
76.08
76.06
76.07
76.07
76.06
76.05
76.04
76.03
76.00
76.01
75.99
75.98
75.99
76.00
76.00
76.02
76.02
76.04
76.05
76.05
76.05
76.04
76.05
76.03
76.02
76.01
76.02
76.01
76.00
76.01
76.03
76.02
76.02
76.01
76.03
76.02
76.02
76.02
76.00
76.01
76.02
76.02
76.02
76.03
76.03
76.02
76.03
76.02
76.04
76.02
76.03
76.04
76.05
76.07
76.07
76.06
76.07
76.09
76.10
76.10
76.10
76.09
76.06
76.06
76.08
76.07
76.07
76.07
76.08
76.09
76.07
76.06
76.08
76.09
76.08
76.07
76.06
76.06
76.05
76.07
76.05
76.03
76.03
76.02
76.02
76.01
76.01
76.01
76.03
76.02
76.02
76.02
76.04
76.03
76.03
76.03
76.03
76.02
76.03
76.01
76.01
76.02
76.03
76.03
76.04
76.06
76.05
76.04
76.04
76.04
76.04
76.05
76.04
76.04
76.04
76.05
76.05
76.08
76.07
76.08
76.06
76.07
76.07
76.06
76.06
76.06
76.05
76.07
76.06
76.07
76.08
76.09
76.06
76.05
76.04
76.05
76.05
76.05
76.05
76.05
76.07
76.06
76.06
76.07
76.07
76.05
76.06
76.06
76.07
76.06
76.06
76.05
76.07
76.06
76.06
76.04
76.05
76.04
76.04
76.04
76.05
76.04
76.05
76.04
76.04
76.03
76.05
76.07
76.07
76.07
76.07
76.06
76.08
76.08
76.08
76.07
76.08
76.09
76.11
76.10
76.08
76.07
76.08
76.08
76.07
76.06
76.05
76.07
76.06
76.08
76.07
76.06
76.05
76.05
76.07
76.08
76.09
76.10
76.10
76.11
76.10
76.12
76.11
76.11
76.11
76.12
76.12
76.11
76.11
76.13
76.13
76.13
76.14
76.15
76.15
76.15
76.16
76.16
76.17
76.18
76.17
76.15
76.14
76.14
76.13
76.13
76.13
76.12
76.11
76.10
76.10
76.11
76.11
76.12
76.12
76.13
76.12
76.12
76.11
76.11
76.10
76.11
76.13
76.12
76.13
76.11
76.10
76.11
76.13
76.12
76.11
76.10
76.11
76.10
76.11
76.10
76.09
76.09
76.08
76.08
76.09
76.09
76.08
76.08
76.08
76.08
76.07
76.08
76.09
76.07
76.07
76.06
76.06
76.08
76.09
76.10
76.08
76.07
76.08
76.09
76.07
76.07
76.08
76.07
76.07
76.06
76.07
76.07
76.08
76.08
76.08
76.08
76.08
76.07
76.07
76.07
76.07
76.08
76.09
76.11
76.10
76.11
76.11
76.11
76.10
76.10
76.08
76.08
76.08
76.08
76.09
76.08
76.08
76.08
76.09
76.09
76.08
76.09
76.08
76.09
76.09
76.08
76.08
76.07
76.07
76.07
76.07
76.08
76.07
76.07
76.06
76.04
76.03
76.04
76.03
76.03
76.04
76.05
76.05
76.06
76.06
76.06
76.06
76.05
76.05
76.06
76.07
76.06
76.06
76.07
76.07
76.07
76.07
76.08
76.07
76.07
76.07
76.07
76.07
76.07
76.07
76.07
76.07
76.07
76.06
76.07
76.08
76.07
76.07
76.08
76.09
76.09
76.10
76.09
76.09
76.09
76.09
76.08
76.07
76.08
76.09
76.09
76.08
76.09
76.09
76.09
76.10
76.10
76.11
76.11
76.12
76.12
76.12
76.12
76.05
