73.44
74.22
75.00
73.44
74.69
76.04
75.89
76.37
76.56
76.09
75.71
75.39
75.36
75.11
75.10
75.29
75.37
75.35
75.41
75.55
75.52
75.71
75.34
75.59
75.56
75.54
75.58
75.39
75.70
75.83
75.81
75.98
75.80
75.51
75.62
75.78
75.68
75.82
76.08
76.29
76.33
76.38
76.38
76.46
76.49
76.36
76.30
76.33
76.47
76.53
76.44
76.35
76.53
76.65
76.62
76.62
76.70
76.67
76.67
76.56
76.38
76.31
76.26
76.39
76.54
76.61
76.61
76.63
76.65
76.43
76.36
76.45
76.46
76.44
76.48
76.52
76.58
76.60
76.60
76.64
76.76
76.75
76.88
76.79
76.78
76.78
76.81
76.79
76.79
76.75
76.65
76.65
76.55
76.58
76.55
76.60
76.61
76.48
76.40
76.45
76.45
76.53
76.55
76.55
76.56
76.61
76.61
76.49
76.51
76.52
76.52
76.59
76.63
76.58
76.55
76.55
76.52
76.54
76.51
76.48
76.54
76.46
76.36
76.41
76.44
76.44
76.49
76.48
76.50
76.47
76.48
76.44
76.35
76.32
76.33
76.31
76.24
76.19
76.17
76.16
76.20
76.21
76.21
76.20
76.24
76.24
76.24
76.24
76.22
76.17
76.10
76.10
76.10
76.15
76.12
76.09
76.08
76.14
76.12
76.16
76.15
76.15
76.14
76.17
76.16
76.13
76.18
76.21
76.23
76.21
76.26
76.29
76.31
76.35
76.39
76.42
76.39
76.41
76.42
76.41
76.40
76.44
76.46
76.42
76.45
76.46
76.41
76.43
76.46
76.40
76.40
76.39
76.39
76.41
76.39
76.38
76.38
76.44
76.41
76.45
76.48
76.51
76.48
76.47
76.45
76.45
76.46
76.46
76.49
76.49
76.47
76.49
76.53
76.56
76.55
76.56
76.56
76.54
76.51
76.50
76.53
76.51
76.51
76.55
76.54
76.53
76.53
76.52
76.56
76.58
76.57
76.52
76.50
76.49
76.43
76.43
76.42
76.43
76.42
76.39
76.39
76.37
76.31
76.30
76.31
76.30
76.25
76.27
76.29
76.26
76.29
76.32
76.33
76.33
76.30
76.28
76.29
76.26
76.24
76.20
76.19
76.20
76.21
76.19
76.19
76.20
76.22
76.21
76.20
76.19
76.15
76.14
76.13
76.15
76.12
76.11
76.09
76.10
76.09
76.09
76.09
76.11
76.08
76.09
76.10
76.09
76.11
76.14
76.12
76.15
76.16
76.18
76.20
76.18
76.16
76.12
76.12
76.11
76.13
76.12
76.13
76.13
76.13
76.16
76.12
76.14
76.15
76.12
76.12
76.11
76.12
76.12
76.13
76.13
76.15
76.17
76.15
76.16
76.12
76.12
76.11
76.10
76.05
76.05
76.05
76.07
76.10
76.09
76.09
76.08
76.11
76.12
76.12
76.12
76.14
76.13
76.14
76.15
76.14
76.16
76.15
76.17
76.19
76.19
76.17
76.16
76.18
76.18
76.20
76.21
76.18
76.19
76.19
76.18
76.18
76.19
76.18
76.20
76.19
76.17
76.17
76.18
76.17
76.15
76.15
76.15
76.18
76.18
76.19
76.21
76.20
76.17
76.18
76.17
76.17
76.19
76.19
76.19
76.18
76.20
76.19
76.20
76.18
76.17
76.13
76.14
76.15
76.14
76.15
76.15
76.17
76.18
76.20
76.19
76.18
76.17
76.16
76.16
76.16
76.14
76.16
76.15
76.12
76.12
76.11
76.10
76.08
76.07
76.06
76.05
76.05
76.07
76.06
76.06
76.07
76.06
76.06
76.07
76.06
76.09
76.07
76.07
76.09
76.07
76.09
76.08
76.07
76.07
76.04
76.04
76.04
76.02
76.01
76.04
76.03
76.04
76.04
76.07
76.07
76.07
76.05
76.05
76.05
76.04
76.03
76.03
76.02
76.02
75.99
76.01
76.01
76.01
76.01
76.00
76.02
76.02
76.05
76.04
76.04
76.06
76.01
76.01
76.02
76.02
76.01
76.01
76.01
76.01
76.01
76.02
76.01
76.01
76.02
76.01
76.03
76.03
76.04
76.04
76.06
76.05
76.06
76.05
76.06
76.07
76.08
76.08
76.09
76.09
76.09
76.09
76.09
76.08
76.06
76.07
76.07
76.06
76.06
76.05
76.06
76.07
76.08
76.07
76.05
76.03
76.01
75.99
76.00
76.00
76.00
75.99
76.00
75.99
75.99
76.00
76.00
76.00
75.97
75.97
75.95
75.94
75.94
75.94
75.94
75.92
75.91
75.90
75.92
75.93
75.93
75.93
75.92
75.93
75.92
75.93
75.93
75.92
75.92
75.91
75.90
75.90
75.91
75.92
75.92
75.92
75.92
75.92
75.93
75.94
75.95
75.96
75.95
75.96
75.95
75.94
75.95
75.96
75.95
75.94
75.92
75.92
75.92
75.92
75.92
75.94
75.95
75.94
75.95
75.95
75.96
75.95
75.96
75.96
75.95
75.96
75.95
75.95
75.97
75.98
75.97
75.96
75.98
75.99
75.99
75.99
76.00
76.00
76.00
76.00
76.00
76.01
76.02
76.01
76.01
76.02
76.02
76.01
76.00
76.01
75.99
76.01
76.00
75.99
76.00
76.00
76.01
76.00
76.01
76.01
76.01
76.01
76.01
76.02
76.01
76.02
76.02
76.02
76.02
76.01
76.02
76.02
76.00
76.00
75.99
75.98
75.99
75.99
75.99
76.00
75.99
75.99
76.00
76.00
76.00
75.99
75.99
75.97
75.97
75.95
75.95
75.97
75.98
75.98
75.99
76.00
76.01
76.02
76.00
76.02
76.01
76.01
76.02
76.01
76.01
76.00
76.01
76.01
76.02
76.01
76.01
76.01
76.02
76.01
76.02
76.01
76.01
76.01
76.01
76.00
76.01
76.01
76.01
76.01
76.02
76.02
76.02
76.03
76.02
76.03
76.03
76.04
76.04
76.04
76.04
76.05
76.04
76.04
76.06
76.07
76.07
76.07
76.07
76.09
76.09
76.09
76.08
76.09
76.09
76.08
76.08
76.09
76.09
76.09
76.09
76.09
76.09
76.10
76.10
76.09
76.08
76.08
76.09
76.10
76.11
76.10
76.11
76.12
76.11
76.11
76.11
76.11
76.11
76.11
76.12
76.12
76.12
76.11
76.12
76.11
76.11
76.12
76.12
76.12
76.13
76.11
76.10
76.09
76.08
76.08
76.09
76.09
76.09
76.08
76.09
76.09
76.09
76.09
76.08
76.08
76.08
76.07
76.07
76.08
76.08
76.08
76.08
76.08
76.08
76.07
76.08
76.09
76.08
76.07
76.08
76.08
76.07
76.07
76.07
76.07
76.06
76.07
76.07
76.07
76.08
76.09
76.09
76.10
76.10
76.10
76.11
76.10
76.10
76.03
