73.44
73.44
72.92
72.27
72.50
73.44
72.32
72.27
72.74
73.28
73.72
73.96
74.52
74.67
75.10
74.90
75.18
75.09
75.41
75.47
75.37
75.21
75.48
75.59
75.44
75.66
75.52
75.61
75.70
75.99
75.86
76.03
75.85
76.01
76.03
76.13
76.06
75.99
76.04
76.02
75.91
75.89
76.05
75.92
75.97
75.99
76.00
76.04
76.05
76.03
75.83
75.75
75.53
75.61
75.45
75.56
75.55
75.59
75.64
75.62
75.74
75.81
75.77
75.56
75.70
75.73
75.84
75.76
75.70
75.71
75.81
75.61
75.58
75.61
75.58
75.62
75.65
75.64
75.53
75.55
75.64
75.59
75.55
75.56
75.59
75.65
75.68
75.71
75.60
75.59
75.55
75.53
75.55
75.65
75.72
75.73
75.71
75.80
75.66
75.58
75.53
75.61
75.59
75.63
75.67
75.65
75.61
75.59
75.59
75.57
75.66
75.68
75.75
75.69
75.67
75.71
75.75
75.66
75.70
75.73
75.72
75.82
75.76
75.69
75.65
75.63
75.63
75.59
75.50
75.48
75.52
75.59
75.58
75.56
75.61
75.61
75.71
75.72
75.72
75.74
75.78
75.68
75.69
75.73
75.71
75.70
75.71
75.75
75.78
75.74
75.69
75.72
75.70
75.70
75.71
75.72
75.75
75.74
75.80
75.79
75.78
75.81
75.85
75.89
75.86
75.90
75.95
75.91
75.93
75.94
75.91
75.91
75.92
75.89
75.88
75.88
75.90
75.88
75.90
75.95
75.95
75.94
75.98
76.01
76.03
76.05
76.04
76.01
76.03
76.02
76.03
76.09
76.06
76.01
76.01
76.04
76.04
76.03
76.03
75.98
75.97
75.99
75.97
75.97
75.95
75.95
75.98
75.98
76.02
76.00
75.96
75.96
75.98
75.94
75.94
75.93
75.95
75.95
75.95
75.94
75.98
76.06
76.03
75.99
75.98
75.96
75.98
75.98
75.96
76.00
76.02
76.04
76.05
76.05
76.05
76.09
76.07
76.06
76.07
76.07
76.06
76.06
76.07
76.03
76.03
76.03
76.01
75.98
75.97
75.94
75.96
75.94
75.94
75.93
75.94
75.91
75.93
75.94
75.95
75.95
75.93
75.89
75.90
75.91
75.91
75.91
75.89
75.89
75.91
75.89
75.88
75.87
75.89
75.92
75.94
75.96
75.97
75.99
75.99
76.02
76.02
76.01
75.99
76.01
76.03
76.04
76.03
76.04
76.04
76.03
76.00
76.00
76.01
76.03
76.05
76.07
76.06
76.02
76.02
76.02
76.00
75.98
76.01
76.00
75.99
75.99
76.00
75.98
75.97
75.97
75.97
75.97
75.97
75.98
76.01
76.03
76.04
76.05
76.02
76.03
76.00
76.00
76.04
76.05
76.03
76.00
76.00
76.01
76.03
76.01
76.02
76.02
76.02
76.03
76.02
76.02
76.04
76.06
76.04
76.01
76.03
76.05
76.02
76.02
76.05
76.05
76.07
76.03
76.01
76.01
76.00
76.02
76.04
76.04
76.05
76.08
76.05
76.05
76.07
76.09
76.10
76.11
76.10
76.11
76.08
76.06
76.07
76.09
76.08
76.08
76.09
76.10
76.10
76.12
76.12
76.13
76.17
76.19
76.20
76.21
76.20
76.21
76.22
76.22
76.23
76.22
76.22
76.20
76.20
76.22
76.24
76.25
76.24
76.24
76.24
76.21
76.20
76.23
76.23
76.22
76.20
76.19
76.17
76.18
76.18
76.19
76.19
76.18
76.19
76.18
76.17
76.17
76.17
76.15
76.14
76.13
76.12
76.11
76.11
76.13
76.11
76.10
76.11
76.12
76.14
76.14
76.13
76.12
76.12
76.12
76.11
76.11
76.11
76.11
76.11
76.12
76.12
76.11
76.11
76.11
76.12
76.11
76.13
76.12
76.11
76.11
76.11
76.10
76.11
76.09
76.09
76.09
76.09
76.09
76.10
76.09
76.11
76.12
76.12
76.13
76.11
76.12
76.13
76.16
76.19
76.18
76.19
76.19
76.19
76.18
76.17
76.18
76.17
76.17
76.14
76.15
76.13
76.13
76.13
76.14
76.14
76.15
76.15
76.15
76.15
76.14
76.15
76.14
76.13
76.12
76.14
76.15
76.16
76.15
76.14
76.15
76.16
76.15
76.15
76.15
76.13
76.14
76.15
76.15
76.14
76.15
76.16
76.17
76.15
76.16
76.17
76.16
76.15
76.15
76.14
76.17
76.16
76.18
76.17
76.15
76.15
76.14
76.14
76.15
76.15
76.15
76.15
76.15
76.13
76.15
76.15
76.14
76.13
76.12
76.11
76.12
76.12
76.11
76.10
76.10
76.10
76.12
76.11
76.10
76.10
76.10
76.11
76.11
76.13
76.12
76.09
76.07
76.07
76.09
76.10
76.12
76.11
76.11
76.12
76.12
76.11
76.11
76.12
76.14
76.14
76.15
76.15
76.15
76.17
76.16
76.15
76.15
76.14
76.15
76.14
76.14
76.13
76.15
76.14
76.16
76.16
76.16
76.15
76.16
76.16
76.15
76.15
76.16
76.16
76.16
76.16
76.17
76.16
76.17
76.16
76.16
76.15
76.15
76.17
76.18
76.18
76.18
76.19
76.18
76.20
76.20
76.20
76.20
76.20
76.20
76.18
76.17
76.18
76.19
76.19
76.19
76.19
76.19
76.20
76.20
76.20
76.19
76.18
76.18
76.17
76.19
76.17
76.17
76.16
76.16
76.16
76.16
76.17
76.17
76.17
76.17
76.17
76.16
76.16
76.15
76.16
76.16
76.15
76.15
76.15
76.14
76.14
76.14
76.14
76.13
76.13
76.13
76.14
76.14
76.13
76.14
76.14
76.15
76.15
76.13
76.12
76.12
76.11
76.11
76.12
76.12
76.12
76.12
76.12
76.13
76.11
76.12
76.12
76.12
76.12
76.10
76.11
76.12
76.13
76.15
76.13
76.13
76.15
76.15
76.15
76.14
76.15
76.14
76.15
76.15
76.13
76.14
76.13
76.13
76.14
76.14
76.15
76.14
76.13
76.14
76.14
76.14
76.15
76.15
76.15
76.14
76.15
76.14
76.15
76.15
76.14
76.14
76.14
76.14
76.15
76.15
76.15
76.17
76.17
76.18
76.19
76.19
76.19
76.19
76.18
76.19
76.19
76.19
76.19
76.19
76.18
76.18
76.17
76.18
76.18
76.17
76.17
76.16
76.16
76.16
76.17
76.18
76.17
76.17
76.18
76.17
76.16
76.16
76.15
76.14
76.14
76.14
76.15
76.15
76.14
76.13
76.12
76.11
76.11
76.13
76.12
76.12
76.12
76.11
76.12
76.13
76.13
76.15
76.15
76.15
76.15
76.16
76.15
76.15
76.15
76.15
76.15
76.17
76.17
76.15
76.17
76.09
