70.31
73.44
76.04
76.56
76.56
76.04
76.56
76.76
77.08
77.50
78.12
78.12
78.37
78.46
77.92
77.73
77.94
77.69
77.71
77.19
77.23
77.13
77.38
77.47
77.50
77.34
77.31
77.40
77.10
77.14
76.97
76.86
76.70
76.75
76.65
76.39
76.35
76.11
76.32
76.60
76.71
76.60
76.56
76.49
76.32
76.22
76.16
76.20
76.21
76.25
76.19
76.26
76.27
76.27
76.36
76.42
76.43
76.45
76.48
76.38
76.31
76.21
76.26
76.37
76.39
76.23
76.38
76.42
76.38
76.36
76.43
76.37
76.31
76.29
76.25
76.36
76.28
76.24
76.29
76.21
76.18
76.18
76.22
76.28
76.36
76.45
76.35
76.38
76.47
76.49
76.41
76.46
76.46
76.53
76.56
76.53
76.58
76.56
76.53
76.58
76.50
76.44
76.50
76.50
76.41
76.53
76.58
76.55
76.45
76.43
76.44
76.35
76.38
76.38
76.36
76.27
76.12
76.10
76.10
76.04
76.03
76.11
76.08
76.16
76.17
76.22
76.22
76.20
76.24
76.23
76.25
76.27
76.21
76.18
76.16
76.19
76.21
76.25
76.23
76.21
76.15
76.22
76.28
76.30
76.35
76.32
76.33
76.38
76.41
76.39
76.38
76.37
76.38
76.40
76.42
76.35
76.38
76.38
76.36
76.32
76.25
76.24
76.24
76.24
76.25
76.24
76.23
76.20
76.19
76.19
76.15
76.18
76.21
76.23
76.22
76.23
76.18
76.13
76.11
76.14
76.17
76.20
76.20
76.15
76.15
76.17
76.16
76.18
76.16
76.10
76.09
76.12
76.16
76.13
76.14
76.10
76.09
76.08
76.04
76.02
76.03
76.02
75.99
75.94
75.95
75.94
75.95
75.96
75.96
75.98
75.96
75.97
75.93
75.93
75.88
75.88
75.85
75.82
75.81
75.78
75.81
75.84
75.83
75.84
75.80
75.82
75.82
75.81
75.78
75.80
75.83
75.86
75.86
75.90
75.87
75.89
75.91
75.93
75.93
75.91
75.89
75.85
75.83
75.82
75.80
75.81
75.81
75.84
75.85
75.86
75.83
75.83
75.83
75.84
75.82
75.82
75.84
75.78
75.79
75.81
75.77
75.79
75.83
75.81
75.78
75.80
75.83
75.84
75.87
75.86
75.87
75.91
75.92
75.94
75.95
75.95
75.94
75.96
75.96
75.97
76.01
76.03
76.03
76.01
75.99
76.02
76.04
76.07
76.05
76.06
76.06
76.08
76.09
76.11
76.06
76.03
76.03
76.00
76.02
76.03
76.04
76.05
76.07
76.04
76.06
76.05
76.05
76.02
76.04
76.02
76.04
76.03
76.01
76.02
76.03
76.00
76.02
76.00
75.98
75.99
75.99
76.00
76.02
76.03
76.05
76.04
76.07
76.03
76.04
76.07
76.09
76.08
76.08
76.08
76.08
76.10
76.10
76.10
76.08
76.07
76.04
76.02
76.04
76.06
76.06
76.06
76.05
76.06
76.06
76.08
76.10
76.11
76.11
76.10
76.09
76.08
76.05
76.07
76.07
76.08
76.09
76.07
76.06
76.09
76.09
76.09
76.10
76.08
76.08
76.08
76.09
76.11
76.12
76.09
76.07
76.06
76.05
76.04
76.07
76.08
76.08
76.08
76.08
76.08
76.08
76.09
76.08
76.08
76.08
76.07
76.09
76.08
76.09
76.09
76.12
76.13
76.13
76.15
76.17
76.14
76.13
76.14
76.14
76.14
76.14
76.13
76.12
76.13
76.13
76.14
76.15
76.15
76.13
76.13
76.14
76.13
76.15
76.13
76.13
76.12
76.11
76.12
76.14
76.16
76.16
76.16
76.15
76.15
76.12
76.13
76.10
76.09
76.12
76.14
76.14
76.15
76.17
76.17
76.16
76.16
76.15
76.16
76.17
76.16
76.14
76.14
76.15
76.11
76.11
76.11
76.11
76.13
76.15
76.15
76.13
76.13
76.14
76.14
76.14
76.15
76.16
76.16
76.15
76.15
76.14
76.13
76.13
76.13
76.12
76.11
76.08
76.07
76.08
76.08
76.07
76.08
76.07
76.07
76.06
76.06
76.07
76.08
76.09
76.09
76.10
76.09
76.09
76.10
76.07
76.08
76.08
76.06
76.06
76.06
76.08
76.09
76.09
76.09
76.10
76.09
76.09
76.07
76.06
76.07
76.09
76.09
76.10
76.11
76.12
76.13
76.12
76.09
76.10
76.10
76.11
76.11
76.11
76.09
76.09
76.10
76.08
76.07
76.09
76.10
76.10
76.10
76.10
76.09
76.09
76.09
76.08
76.07
76.06
76.05
76.06
76.05
76.06
76.05
76.04
76.02
76.01
76.02
76.03
76.04
76.05
76.05
76.06
76.06
76.04
76.05
76.05
76.05
76.05
76.05
76.06
76.07
76.06
76.06
76.06
76.06
76.05
76.06
76.06
76.03
76.03
76.05
76.04
76.04
76.04
76.03
76.01
76.01
76.01
76.03
76.03
76.02
76.02
76.01
76.01
76.02
76.00
75.99
75.99
76.00
76.01
75.99
75.98
76.00
75.99
76.00
76.01
76.01
76.01
76.00
75.99
75.99
75.99
75.98
75.98
75.99
75.99
75.98
75.98
75.99
75.99
75.99
75.99
75.99
76.00
76.00
76.00
76.00
75.99
75.99
75.98
75.98
75.99
75.99
75.99
75.99
75.99
75.99
75.98
75.96
75.95
75.93
75.94
75.93
75.93
75.94
75.92
75.90
75.90
75.90
75.91
75.90
75.89
75.88
75.89
75.90
75.90
75.90
75.90
75.89
75.88
75.88
75.89
75.90
75.90
75.90
75.91
75.93
75.92
75.93
75.91
75.89
75.90
75.89
75.87
75.87
75.87
75.87
75.87
75.88
75.87
75.88
75.87
75.87
75.85
75.86
75.86
75.85
75.85
75.86
75.87
75.87
75.87
75.85
75.86
75.86
75.86
75.87
75.87
75.89
75.89
75.90
75.90
75.89
75.89
75.89
75.90
75.90
75.91
75.92
75.93
75.92
75.92
75.93
75.93
75.92
75.92
75.92
75.92
75.92
75.92
75.92
75.93
75.93
75.93
75.92
75.93
75.92
75.92
75.93
75.93
75.91
75.92
75.93
75.93
75.92
75.91
75.92
75.91
75.90
75.91
75.90
75.90
75.91
75.90
75.91
75.91
75.91
75.91
75.93
75.92
75.93
75.92
75.93
75.94
75.94
75.93
75.93
75.92
75.94
75.95
75.95
75.95
75.96
75.97
75.95
75.95
75.95
75.94
75.95
75.94
75.95
75.96
75.96
75.96
75.96
75.95
75.97
75.97
75.97
75.97
75.97
75.97
75.98
75.99
75.98
75.98
76.00
75.99
76.00
76.00
75.99
76.00
76.00
76.00
75.99
75.99
75.92
