79.69
78.12
78.65
78.12
79.38
78.39
77.90
78.52
79.17
79.06
78.55
78.26
77.76
78.01
78.12
78.03
77.39
77.60
77.55
77.34
77.16
76.78
76.83
76.95
76.75
76.68
76.79
76.84
77.05
77.08
77.17
77.20
77.32
77.39
77.19
77.21
77.45
77.38
77.28
77.15
77.17
77.38
77.36
77.38
77.01
77.17
77.23
77.15
76.95
76.72
76.62
76.62
76.71
76.65
76.65
76.67
76.73
76.54
76.46
76.41
76.36
76.44
76.51
76.34
76.35
76.33
76.24
76.26
76.18
76.03
76.12
76.00
75.96
76.08
76.06
76.03
75.87
76.02
75.99
75.98
75.95
75.95
76.04
75.97
75.97
76.02
76.06
76.10
75.98
75.92
75.93
75.90
76.02
76.05
76.12
76.09
76.18
76.24
76.18
76.22
76.27
76.21
76.29
76.16
76.13
76.05
76.02
76.14
76.16
76.14
76.14
76.16
76.15
76.18
76.15
76.21
76.26
76.28
76.30
76.34
76.30
76.26
76.28
76.29
76.28
76.23
76.25
76.23
76.16
76.14
76.10
76.08
76.07
75.98
75.95
75.97
75.98
75.99
76.00
76.06
76.05
76.10
76.09
76.04
76.02
76.03
76.00
75.94
76.02
75.97
75.94
75.95
75.98
76.02
76.07
76.07
76.10
76.07
76.07
76.04
76.07
76.07
76.08
76.09
76.06
76.10
76.03
76.03
76.05
76.04
75.97
75.96
75.93
75.94
75.94
76.00
76.01
76.03
76.00
76.01
75.98
75.95
75.89
75.92
75.95
75.94
75.96
75.94
75.93
75.92
75.90
75.90
75.93
75.93
75.91
75.93
75.92
75.94
75.90
75.87
75.88
75.89
75.87
75.84
75.82
75.85
75.83
75.84
75.84
75.84
75.83
75.80
75.81
75.83
75.79
75.78
75.76
75.75
75.75
75.72
75.71
75.75
75.74
75.74
75.76
75.74
75.72
75.68
75.72
75.69
75.73
75.73
75.72
75.71
75.72
75.75
75.76
75.79
75.74
75.73
75.75
75.75
75.75
75.76
75.76
75.76
75.80
75.78
75.74
75.76
75.76
75.76
75.77
75.75
75.74
75.77
75.78
75.73
75.75
75.74
75.74
75.76
75.77
75.76
75.81
75.83
75.85
75.85
75.85
75.89
75.92
75.88
75.90
75.91
75.91
75.91
75.92
75.90
75.95
75.96
75.93
75.96
75.97
75.97
76.00
76.02
76.01
76.01
76.01
76.01
76.03
76.02
76.02
76.05
76.04
76.04
76.03
76.02
76.00
76.02
76.02
76.02
76.02
75.99
76.01
76.03
76.04
76.04
76.07
76.08
76.09
76.08
76.09
76.10
76.11
76.11
76.09
76.09
76.09
76.07
76.08
76.10
76.12
76.13
76.10
76.11
76.11
76.13
76.10
76.07
76.08
76.07
76.11
76.11
76.11
76.12
76.12
76.14
76.12
76.14
76.12
76.12
76.11
76.11
76.11
76.13
76.13
76.14
76.13
76.12
76.11
76.10
76.09
76.11
76.12
76.11
76.08
76.09
76.12
76.13
76.13
76.14
76.15
76.15
76.16
76.18
76.19
76.20
76.21
76.20
76.20
76.19
76.19
76.18
76.19
76.18
76.19
76.18
76.20
76.18
76.19
76.17
76.17
76.18
76.18
76.19
76.20
76.20
76.22
76.23
76.23
76.23
76.24
76.23
76.24
76.23
76.24
76.22
76.22
76.22
76.24
76.21
76.23
76.21
76.23
76.22
76.22
76.23
76.23
76.23
76.22
76.22
76.23
76.22
76.22
76.22
76.23
76.22
76.23
76.24
76.24
76.24
76.22
76.22
76.21
76.19
76.19
76.20
76.22
76.22
76.21
76.21
76.24
76.23
76.22
76.23
76.22
76.23
76.23
76.21
76.22
76.21
76.20
76.20
76.18
76.17
76.18
76.19
76.17
76.17
76.17
76.17
76.17
76.16
76.16
76.17
76.18
76.19
76.19
76.18
76.16
76.16
76.18
76.17
76.15
76.15
76.14
76.13
76.15
76.16
76.13
76.14
76.14
76.15
76.14
76.13
76.12
76.12
76.12
76.11
76.12
76.11
76.10
76.09
76.10
76.09
76.09
76.09
76.08
76.07
76.07
76.08
76.08
76.06
76.06
76.06
76.05
76.06
76.08
76.09
76.10
76.10
76.12
76.12
76.12
76.11
76.10
76.11
76.12
76.13
76.12
76.12
76.11
76.10
76.10
76.08
76.10
76.10
76.10
76.10
76.11
76.10
76.11
76.11
76.11
76.11
76.11
76.12
76.13
76.12
76.12
76.12
76.11
76.12
76.11
76.11
76.09
76.09
76.11
76.09
76.08
76.10
76.11
76.13
76.12
76.12
76.12
76.11
76.11
76.12
76.12
76.13
76.13
76.11
76.10
76.11
76.11
76.10
76.10
76.10
76.09
76.09
76.07
76.06
76.06
76.06
76.07
76.07
76.08
76.10
76.11
76.12
76.11
76.11
76.12
76.13
76.14
76.14
76.14
76.13
76.14
76.15
76.14
76.14
76.15
76.15
76.15
76.15
76.15
76.15
76.15
76.16
76.15
76.15
76.15
76.16
76.15
76.14
76.15
76.16
76.15
76.16
76.15
76.14
76.16
76.15
76.16
76.16
76.16
76.16
76.16
76.16
76.15
76.15
76.16
76.16
76.16
76.16
76.15
76.15
76.14
76.15
76.15
76.15
76.15
76.15
76.14
76.13
76.14
76.14
76.13
76.13
76.13
76.13
76.13
76.14
76.11
76.10
76.10
76.11
76.11
76.11
76.12
76.11
76.12
76.11
76.11
76.11
76.12
76.12
76.13
76.12
76.13
76.13
76.13
76.13
76.14
76.14
76.15
76.16
76.15
76.17
76.17
76.18
76.17
76.16
76.17
76.17
76.17
76.17
76.18
76.18
76.17
76.17
76.16
76.17
76.16
76.16
76.16
76.15
76.17
76.17
76.17
76.17
76.17
76.17
76.18
76.17
76.16
76.16
76.15
76.15
76.15
76.16
76.17
76.18
76.17
76.17
76.17
76.17
76.17
76.18
76.17
76.18
76.19
76.19
76.18
76.18
76.17
76.17
76.17
76.15
76.15
76.15
76.14
76.13
76.14
76.14
76.13
76.14
76.12
76.14
76.14
76.14
76.15
76.15
76.15
76.15
76.14
76.13
76.14
76.13
76.12
76.14
76.15
76.15
76.13
76.14
76.14
76.14
76.13
76.14
76.14
76.14
76.14
76.12
76.12
76.12
76.12
76.13
76.14
76.15
76.15
76.15
76.15
76.16
76.15
76.13
76.12
76.11
76.12
76.12
76.12
76.12
76.14
76.13
76.13
76.15
76.15
76.16
76.16
76.16
76.16
76.16
76.15
76.14
76.15
76.15
76.16
76.15
76.15
76.08
