64.06
67.97
72.92
73.83
73.12
75.00
74.11
74.22
75.35
75.31
74.57
74.74
75.00
74.67
75.00
74.90
75.18
74.74
74.59
74.61
74.40
73.93
74.05
74.41
74.44
74.70
74.77
74.55
74.46
74.43
74.70
74.56
74.67
74.72
74.51
74.48
74.66
74.59
74.24
74.41
74.47
74.52
74.60
74.64
74.76
74.63
74.63
74.84
74.55
74.50
74.45
74.25
74.23
74.25
74.15
74.05
74.12
74.27
74.47
74.48
74.59
74.57
74.48
74.49
74.62
74.64
74.67
74.68
74.71
74.75
74.82
74.85
74.81
74.83
74.92
75.00
75.02
75.00
75.04
75.06
75.04
75.11
75.15
75.24
75.33
75.33
75.36
75.41
75.37
75.38
75.36
75.32
75.29
75.32
75.28
75.37
75.35
75.35
75.28
75.31
75.36
75.40
75.44
75.50
75.55
75.63
75.60
75.54
75.52
75.58
75.49
75.57
75.58
75.70
75.69
75.70
75.67
75.58
75.60
75.52
75.53
75.59
75.58
75.67
75.74
75.82
75.79
75.78
75.78
75.84
75.85
75.91
75.94
75.94
75.94
75.95
75.94
75.87
75.91
75.94
75.93
75.91
75.87
75.90
75.92
75.95
75.92
75.98
76.02
75.94
75.86
75.89
75.91
75.93
75.94
75.96
76.03
76.03
76.00
76.04
76.05
76.03
75.98
75.95
75.99
75.99
76.02
76.06
76.08
76.12
76.13
76.13
76.11
76.13
76.10
76.12
76.07
76.07
76.04
76.05
76.01
76.05
76.02
76.01
76.06
76.07
76.08
76.09
76.05
76.03
76.04
76.05
76.03
76.01
76.07
76.03
76.02
76.05
76.05
76.08
76.10
76.08
76.09
76.11
76.09
76.08
76.11
76.14
76.11
76.12
76.07
76.08
76.09
76.10
76.10
76.09
76.13
76.13
76.15
76.12
76.17
76.18
76.18
76.19
76.19
76.16
76.14
76.17
76.20
76.18
76.16
76.15
76.11
76.06
76.03
76.01
76.05
76.09
76.12
76.11
76.10
76.08
76.03
76.04
76.05
76.04
76.04
76.04
76.03
76.01
76.01
76.04
76.03
76.01
76.02
76.03
76.02
76.02
76.01
76.06
76.05
76.06
76.12
76.10
76.11
76.16
76.15
76.15
76.15
76.15
76.17
76.18
76.19
76.23
76.24
76.22
76.20
76.17
76.17
76.16
76.12
76.13
76.14
76.14
76.13
76.12
76.15
76.13
76.12
76.14
76.10
76.08
76.09
76.09
76.10
76.11
76.11
76.11
76.10
76.10
76.12
76.13
76.14
76.12
76.08
76.09
76.06
76.03
76.05
76.05
76.09
76.10
76.09
76.10
76.11
76.08
76.09
76.11
76.12
76.11
76.14
76.15
76.14
76.14
76.12
76.11
76.10
76.09
76.08
76.08
76.08
76.08
76.09
76.07
76.09
76.12
76.10
76.12
76.12
76.11
76.11
76.13
76.13
76.15
76.15
76.11
76.10
76.10
76.13
76.14
76.15
76.19
76.20
76.20
76.21
76.20
76.23
76.21
76.22
76.23
76.26
76.26
76.28
76.27
76.29
76.29
76.29
76.31
76.31
76.32
76.33
76.34
76.32
76.35
76.36
76.37
76.35
76.36
76.36
76.34
76.33
76.33
76.31
76.31
76.31
76.31
76.32
76.29
76.29
76.29
76.32
76.31
76.34
76.34
76.34
76.33
76.33
76.31
76.31
76.28
76.27
76.27
76.28
76.28
76.25
76.25
76.25
76.24
76.25
76.23
76.25
76.24
76.25
76.25
76.26
76.26
76.24
76.24
76.23
76.21
76.21
76.23
76.23
76.25
76.26
76.27
76.27
76.27
76.29
76.29
76.27
76.30
76.31
76.32
76.31
76.30
76.31
76.29
76.28
76.29
76.30
76.28
76.29
76.30
76.31
76.31
76.33
76.34
76.30
76.30
76.31
76.33
76.33
76.33
76.32
76.31
76.33
76.34
76.33
76.32
76.32
76.27
76.27
76.27
76.30
76.32
76.32
76.31
76.31
76.30
76.30
76.31
76.32
76.33
76.34
76.34
76.35
76.33
76.33
76.32
76.33
76.30
76.30
76.29
76.29
76.30
76.30
76.28
76.30
76.31
76.30
76.29
76.28
76.26
76.25
76.26
76.24
76.25
76.25
76.26
76.26
76.26
76.25
76.28
76.29
76.29
76.30
76.31
76.31
76.31
76.31
76.30
76.29
76.30
76.30
76.31
76.30
76.31
76.33
76.32
76.32
76.33
76.34
76.35
76.34
76.34
76.33
76.33
76.34
76.32
76.33
76.33
76.33
76.33
76.33
76.33
76.33
76.34
76.35
76.35
76.35
76.33
76.34
76.32
76.32
76.32
76.31
76.30
76.31
76.32
76.31
76.30
76.29
76.29
76.28
76.28
76.27
76.27
76.27
76.28
76.26
76.24
76.24
76.24
76.24
76.24
76.24
76.24
76.25
76.23
76.22
76.22
76.22
76.22
76.22
76.22
76.23
76.23
76.21
76.22
76.20
76.19
76.19
76.20
76.20
76.18
76.17
76.16
76.15
76.16
76.16
76.15
76.16
76.18
76.19
76.20
76.20
76.20
76.21
76.22
76.22
76.22
76.21
76.20
76.20
76.19
76.19
76.19
76.20
76.20
76.20
76.19
76.20
76.22
76.22
76.20
76.19
76.19
76.15
76.15
76.16
76.16
76.17
76.17
76.17
76.19
76.18
76.16
76.16
76.16
76.16
76.15
76.14
76.16
76.16
76.15
76.16
76.17
76.17
76.18
76.18
76.19
76.18
76.19
76.19
76.19
76.19
76.20
76.19
76.18
76.18
76.18
76.18
76.18
76.18
76.19
76.17
76.18
76.18
76.16
76.16
76.15
76.16
76.14
76.13
76.13
76.13
76.13
76.14
76.14
76.13
76.14
76.14
76.12
76.12
76.12
76.13
76.12
76.13
76.13
76.12
76.12
76.11
76.12
76.10
76.10
76.09
76.08
76.10
76.10
76.09
76.10
76.11
76.11
76.11
76.10
76.10
76.10
76.10
76.11
76.12
76.12
76.11
76.12
76.11
76.09
76.08
76.08
76.07
76.07
76.06
76.07
76.07
76.08
76.07
76.06
76.07
76.07
76.07
76.06
76.07
76.09
76.09
76.09
76.09
76.10
76.10
76.11
76.11
76.12
76.11
76.10
76.10
76.10
76.10
76.09
76.10
76.11
76.12
76.12
76.11
76.11
76.10
76.10
76.11
76.10
76.11
76.10
76.10
76.10
76.10
76.11
76.12
76.13
76.13
76.13
76.13
76.12
76.12
76.13
76.14
76.14
76.13
76.13
76.13
76.13
76.13
76.15
76.14
76.14
76.13
76.13
76.12
76.13
76.13
76.13
76.13
76.14
76.13
76.14
76.15
76.07
