75.00
72.66
71.35
72.27
73.75
75.26
74.55
74.41
74.65
74.84
74.15
73.57
73.80
74.11
74.06
73.54
73.53
73.87
74.18
74.30
74.40
74.01
74.18
74.22
73.87
73.80
74.13
73.72
73.81
74.17
74.55
74.51
74.67
74.86
75.04
75.17
75.34
75.45
75.48
75.62
75.72
75.74
75.87
76.24
76.25
76.19
76.00
75.91
75.70
75.62
75.46
75.36
75.41
75.46
75.37
75.42
75.52
75.54
75.37
75.47
75.64
75.63
75.60
75.61
75.60
75.62
75.51
75.57
75.50
75.54
75.51
75.50
75.49
75.46
75.44
75.41
75.37
75.36
75.38
75.33
75.39
75.40
75.41
75.39
75.39
75.44
75.45
75.43
75.51
75.57
75.55
75.56
75.55
75.57
75.62
75.52
75.55
75.57
75.49
75.52
75.54
75.55
75.59
75.68
75.68
75.68
75.70
75.72
75.76
75.78
75.79
75.77
75.76
75.82
75.84
75.86
75.91
75.94
75.96
76.00
76.02
76.01
75.93
75.83
75.79
75.81
75.75
75.76
75.73
75.71
75.70
75.70
75.70
75.68
75.68
75.68
75.81
75.86
75.85
75.85
75.86
75.84
75.86
75.93
75.92
75.95
75.95
75.94
76.01
76.02
76.01
75.98
75.99
76.00
76.02
75.98
76.03
76.01
76.04
76.03
76.04
76.07
76.05
75.99
75.98
76.01
75.95
75.96
75.93
75.90
75.91
75.95
75.95
75.96
75.90
75.93
75.94
75.93
75.94
75.92
75.92
75.97
75.99
75.98
75.94
75.97
75.99
75.98
75.98
75.98
75.99
75.94
75.95
75.97
75.99
76.02
75.99
75.98
75.97
75.95
75.96
75.94
75.92
75.93
75.95
75.95
75.95
75.92
75.90
75.86
75.83
75.86
75.87
75.86
75.92
75.89
75.92
75.87
75.86
75.84
75.88
75.86
75.88
75.90
75.85
75.91
75.96
75.93
75.98
75.99
75.97
75.97
75.99
75.97
75.96
75.99
75.98
76.00
75.98
75.95
75.93
75.92
75.91
75.89
75.89
75.90
75.94
75.93
75.95
75.97
75.99
75.99
75.99
75.96
75.98
75.98
76.00
75.99
75.99
75.99
75.96
75.96
75.93
75.91
75.90
75.92
75.90
75.89
75.91
75.92
75.89
75.89
75.89
75.92
75.92
75.94
75.96
75.97
75.97
75.99
75.95
75.93
75.96
75.92
75.94
75.93
75.89
75.90
75.90
75.91
75.90
75.87
75.86
75.85
75.85
75.87
75.87
75.89
75.91
75.94
75.96
75.97
75.97
75.98
75.97
75.96
75.98
75.97
75.97
75.98
75.97
75.98
75.98
76.02
76.02
76.01
76.03
76.03
75.99
75.98
75.94
75.95
75.95
75.97
75.98
75.98
75.99
75.98
75.99
75.99
76.03
76.05
76.03
76.04
76.04
76.04
76.04
76.06
76.06
76.06
76.08
76.05
76.04
76.03
76.05
76.07
76.09
76.10
76.09
76.10
76.10
76.08
76.09
76.13
76.11
76.11
76.08
76.07
76.10
76.09
76.09
76.09
76.09
76.11
76.13
76.11
76.12
76.10
76.11
76.09
76.10
76.11
76.08
76.09
76.09
76.09
76.09
76.09
76.06
76.06
76.07
76.08
76.08
76.08
76.08
76.07
76.05
76.04
76.03
76.03
76.03
76.04
76.04
76.05
76.04
76.05
76.04
76.04
76.02
76.02
76.03
76.02
76.03
76.05
76.05
76.04
76.05
76.04
76.03
76.03
76.02
76.01
75.98
75.98
75.99
75.99
75.98
75.98
75.99
75.97
75.99
75.97
75.97
75.98
75.97
75.95
75.94
75.94
75.95
75.95
75.95
75.95
75.96
75.96
75.98
76.00
76.01
76.00
76.01
76.02
76.02
76.00
76.01
76.01
76.03
76.02
76.00
76.00
75.99
75.97
75.98
75.98
75.98
75.97
75.95
75.97
75.96
75.96
75.95
75.96
75.95
75.97
75.98
75.97
75.98
75.98
75.98
75.98
76.00
76.00
75.99
76.00
76.01
76.02
76.03
76.03
76.03
76.04
76.02
76.00
75.99
75.99
75.98
75.98
75.97
75.95
75.95
75.96
75.98
75.97
75.97
75.97
75.94
75.94
75.93
75.93
75.91
75.93
75.92
75.93
75.92
75.92
75.90
75.90
75.92
75.91
75.92
75.93
75.94
75.95
75.96
75.96
75.98
75.97
75.97
75.96
75.95
75.94
75.94
75.96
75.95
75.96
75.95
75.96
75.95
75.95
75.96
75.96
75.96
75.95
75.94
75.93
75.93
75.94
75.93
75.93
75.93
75.93
75.94
75.93
75.93
75.91
75.91
75.90
75.91
75.90
75.88
75.88
75.88
75.88
75.88
75.87
75.88
75.87
75.88
75.89
75.91
75.91
75.91
75.90
75.91
75.90
75.89
75.88
75.88
75.90
75.90
75.90
75.90
75.90
75.89
75.88
75.88
75.86
75.86
75.86
75.86
75.85
75.84
75.83
75.83
75.85
75.85
75.85
75.83
75.85
75.85
75.86
75.86
75.84
75.84
75.85
75.85
75.84
75.84
75.86
75.85
75.84
75.84
75.83
75.82
75.82
75.82
75.83
75.84
75.85
75.86
75.85
75.86
75.86
75.85
75.84
75.85
75.86
75.87
75.87
75.87
75.86
75.87
75.87
75.87
75.88
75.88
75.89
75.90
75.89
75.88
75.90
75.90
75.92
75.92
75.93
75.94
75.95
75.94
75.95
75.95
75.97
75.98
75.97
75.96
75.94
75.95
75.96
75.96
75.97
75.97
75.97
75.97
75.98
75.98
75.97
75.97
75.96
75.96
75.96
75.97
75.97
75.98
75.96
75.97
75.97
75.98
75.98
75.98
75.98
75.99
76.00
76.01
76.01
76.01
75.99
76.01
76.00
76.00
76.00
75.99
76.00
76.01
76.01
76.03
76.04
76.04
76.04
76.05
76.05
76.05
76.05
76.05
76.06
76.05
76.05
76.05
76.04
76.04
76.04
76.04
76.04
76.02
76.04
76.04
76.03
76.05
76.05
76.06
76.05
76.06
76.06
76.06
76.07
76.08
76.06
76.07
76.06
76.06
76.06
76.07
76.08
76.08
76.07
76.08
76.09
76.09
76.10
76.09
76.09
76.09
76.08
76.08
76.09
76.09
76.08
76.09
76.09
76.09
76.09
76.10
76.11
76.11
76.11
76.12
76.12
76.13
76.12
76.12
76.12
76.12
76.12
76.12
76.13
76.13
76.11
76.11
76.12
76.13
76.13
76.13
76.13
76.12
76.13
76.14
76.14
76.14
76.14
76.14
76.15
76.15
76.16
76.15
76.15
76.15
76.15
76.15
76.15
76.15
76.14
76.15
76.15
76.15
76.14
76.13
76.06
