78.12
78.91
79.69
78.12
78.44
78.12
77.90
77.54
76.91
76.41
75.99
75.91
76.08
75.56
75.31
75.59
75.37
75.35
74.59
74.84
75.07
74.93
74.86
75.39
75.38
75.60
75.69
75.78
75.86
75.52
75.50
75.63
75.76
75.69
75.89
75.87
75.97
75.82
75.88
75.78
75.84
75.93
75.76
75.89
75.83
75.61
75.63
75.68
75.51
75.47
75.46
75.33
75.50
75.58
75.71
75.75
75.88
76.00
75.87
75.94
76.02
75.88
75.97
75.88
75.94
75.85
75.77
75.94
76.09
76.07
76.01
76.09
76.01
76.20
76.23
76.23
76.22
76.26
76.29
76.33
76.35
76.33
76.37
76.38
76.38
76.42
76.38
76.33
76.30
76.30
76.30
76.24
76.24
76.21
76.22
76.20
76.34
76.24
76.31
76.31
76.36
76.35
76.41
76.31
76.34
76.36
76.37
76.36
76.40
76.36
76.41
76.52
76.44
76.43
76.36
76.37
76.31
76.36
76.37
76.41
76.36
76.32
76.35
76.32
76.31
76.30
76.25
76.23
76.30
76.27
76.28
76.24
76.25
76.28
76.30
76.28
76.27
76.15
76.21
76.19
76.16
76.13
76.16
76.17
76.19
76.19
76.16
76.19
76.22
76.22
76.22
76.23
76.26
76.27
76.29
76.26
76.26
76.28
76.33
76.35
76.34
76.32
76.31
76.31
76.35
76.41
76.37
76.33
76.29
76.31
76.31
76.27
76.19
76.18
76.17
76.16
76.18
76.19
76.13
76.08
76.09
76.10
76.08
76.07
76.08
76.11
76.11
76.11
76.10
76.09
76.09
76.07
76.13
76.12
76.11
76.12
76.12
76.14
76.11
76.10
76.11
76.07
76.06
76.04
76.04
76.00
76.00
75.99
75.94
75.94
76.01
76.01
76.03
76.03
76.04
76.03
76.02
75.98
76.03
76.04
76.08
76.09
76.10
76.11
76.10
76.11
76.13
76.12
76.10
76.15
76.15
76.16
76.12
76.10
76.11
76.11
76.12
76.13
76.16
76.17
76.24
76.27
76.29
76.32
76.30
76.32
76.33
76.34
76.36
76.36
76.36
76.39
76.37
76.33
76.34
76.34
76.33
76.31
76.31
76.30
76.32
76.31
76.32
76.31
76.32
76.32
76.33
76.29
76.27
76.26
76.25
76.23
76.20
76.20
76.22
76.22
76.24
76.24
76.29
76.29
76.30
76.25
76.26
76.27
76.25
76.25
76.24
76.26
76.23
76.20
76.18
76.19
76.19
76.20
76.20
76.20
76.22
76.21
76.21
76.20
76.17
76.16
76.19
76.22
76.22
76.22
76.23
76.24
76.22
76.25
76.24
76.23
76.24
76.23
76.23
76.22
76.23
76.21
76.22
76.23
76.23
76.22
76.23
76.26
76.26
76.27
76.28
76.30
76.32
76.32
76.31
76.33
76.33
76.31
76.32
76.30
76.29
76.29
76.29
76.29
76.27
76.28
76.31
76.31
76.32
76.31
76.31
76.30
76.29
76.29
76.30
76.28
76.27
76.28
76.27
76.27
76.29
76.29
76.29
76.30
76.32
76.31
76.32
76.31
76.33
76.34
76.35
76.36
76.35
76.33
76.37
76.37
76.34
76.35
76.35
76.33
76.32
76.31
76.30
76.30
76.31
76.31
76.31
76.30
76.30
76.31
76.32
76.31
76.31
76.31
76.30
76.31
76.30
76.27
76.29
76.29
76.30
76.29
76.27
76.28
76.27
76.27
76.28
76.28
76.27
76.26
76.26
76.28
76.29
76.30
76.28
76.26
76.27
76.31
76.32
76.31
76.30
76.29
76.27
76.25
76.26
76.28
76.27
76.25
76.24
76.24
76.26
76.25
76.25
76.24
76.24
76.24
76.23
76.25
76.26
76.26
76.26
76.23
76.23
76.24
76.23
76.23
76.25
76.25
76.24
76.24
76.22
76.20
76.21
76.23
76.23
76.24
76.26
76.26
76.27
76.24
76.23
76.19
76.20
76.21
76.23
76.23
76.24
76.24
76.21
76.21
76.20
76.20
76.21
76.22
76.22
76.24
76.23
76.24
76.22
76.23
76.23
76.23
76.22
76.21
76.20
76.19
76.19
76.21
76.23
76.24
76.24
76.23
76.23
76.21
76.21
76.19
76.20
76.20
76.20
76.21
76.21
76.20
76.21
76.23
76.20
76.23
76.25
76.25
76.23
76.21
76.21
76.20
76.19
76.19
76.20
76.21
76.21
76.20
76.22
76.24
76.26
76.26
76.27
76.29
76.28
76.27
76.28
76.26
76.28
76.27
76.28
76.28
76.28
76.28
76.29
76.28
76.28
76.28
76.28
76.27
76.27
76.27
76.26
76.27
76.26
76.25
76.25
76.26
76.26
76.23
76.24
76.26
76.25
76.24
76.25
76.24
76.25
76.25
76.25
76.23
76.22
76.23
76.22
76.23
76.23
76.22
76.22
76.22
76.23
76.23
76.22
76.20
76.20
76.20
76.20
76.19
76.19
76.19
76.20
76.19
76.21
76.20
76.20
76.20
76.20
76.21
76.20
76.19
76.18
76.19
76.20
76.19
76.18
76.17
76.17
76.17
76.17
76.16
76.17
76.17
76.19
76.18
76.18
76.19
76.16
76.17
76.17
76.17
76.18
76.18
76.19
76.18
76.17
76.17
76.18
76.17
76.17
76.18
76.17
76.16
76.17
76.18
76.18
76.18
76.17
76.17
76.17
76.18
76.18
76.17
76.16
76.16
76.16
76.16
76.15
76.14
76.14
76.14
76.15
76.14
76.15
76.15
76.14
76.15
76.15
76.16
76.15
76.16
76.14
76.14
76.14
76.15
76.15
76.16
76.17
76.17
76.16
76.15
76.15
76.15
76.14
76.14
76.14
76.12
76.12
76.12
76.12
76.12
76.12
76.10
76.12
76.12
76.12
76.13
76.13
76.13
76.14
76.13
76.13
76.14
76.14
76.14
76.14
76.15
76.14
76.14
76.14
76.15
76.14
76.15
76.15
76.15
76.15
76.16
76.16
76.18
76.18
76.20
76.19
76.19
76.21
76.21
76.21
76.21
76.22
76.22
76.21
76.19
76.18
76.18
76.18
76.18
76.17
76.18
76.17
76.18
76.17
76.17
76.16
76.17
76.16
76.17
76.18
76.17
76.17
76.17
76.18
76.18
76.19
76.19
76.19
76.18
76.19
76.19
76.19
76.18
76.19
76.20
76.20
76.19
76.19
76.19
76.19
76.20
76.21
76.19
76.19
76.20
76.21
76.21
76.22
76.21
76.22
76.21
76.20
76.20
76.20
76.20
76.20
76.21
76.22
76.22
76.20
76.20
76.20
76.20
76.21
76.21
76.21
76.21
76.20
76.19
76.19
76.18
76.17
76.18
76.18
76.19
76.18
76.18
76.16
76.16
76.15
76.15
76.15
76.07
