75.00
74.22
76.56
75.78
75.00
73.44
74.33
74.61
74.65
75.16
75.43
75.65
75.48
75.00
75.42
75.59
75.92
75.87
75.82
75.31
75.52
75.85
75.61
75.26
75.31
75.66
75.81
75.73
75.65
75.63
75.50
75.68
75.66
75.87
75.71
75.48
75.46
75.62
75.52
75.39
75.23
75.22
75.36
75.53
75.62
75.75
75.73
75.78
75.80
75.84
75.86
75.69
75.85
75.95
75.85
75.78
75.85
76.08
76.19
76.15
76.36
76.49
76.54
76.56
76.61
76.54
76.49
76.49
76.59
76.54
76.58
76.54
76.61
76.56
76.65
76.67
76.60
76.64
76.78
76.68
76.62
76.62
76.60
76.58
76.56
76.64
76.60
76.54
76.53
76.55
76.56
76.58
76.63
76.70
76.63
76.61
76.59
76.67
76.67
76.72
76.76
76.82
76.84
76.82
76.85
76.78
76.72
76.63
76.55
76.52
76.58
76.62
76.65
76.58
76.62
76.58
76.52
76.43
76.46
76.42
76.41
76.40
76.37
76.36
76.39
76.39
76.46
76.43
76.42
76.44
76.50
76.52
76.53
76.48
76.48
76.53
76.60
76.57
76.61
76.66
76.72
76.68
76.68
76.62
76.63
76.61
76.64
76.66
76.57
76.54
76.53
76.53
76.58
76.52
76.53
76.53
76.47
76.47
76.46
76.51
76.48
76.51
76.50
76.51
76.54
76.54
76.52
76.55
76.55
76.59
76.57
76.53
76.53
76.52
76.51
76.48
76.47
76.54
76.55
76.48
76.47
76.49
76.46
76.50
76.54
76.46
76.37
76.35
76.34
76.35
76.29
76.28
76.30
76.29
76.27
76.30
76.31
76.29
76.27
76.28
76.24
76.25
76.23
76.24
76.20
76.18
76.14
76.16
76.14
76.15
76.18
76.19
76.15
76.15
76.10
76.12
76.13
76.12
76.12
76.08
76.05
76.06
76.07
76.07
76.10
76.13
76.14
76.13
76.14
76.13
76.12
76.11
76.12
76.14
76.18
76.17
76.17
76.19
76.21
76.18
76.19
76.21
76.20
76.19
76.21
76.21
76.21
76.20
76.22
76.24
76.23
76.22
76.25
76.22
76.22
76.23
76.23
76.23
76.23
76.24
76.24
76.28
76.31
76.28
76.27
76.29
76.29
76.28
76.27
76.29
76.27
76.26
76.25
76.25
76.27
76.26
76.26
76.23
76.22
76.22
76.24
76.24
76.23
76.22
76.18
76.17
76.21
76.20
76.21
76.23
76.23
76.23
76.22
76.26
76.26
76.26
76.24
76.23
76.22
76.23
76.23
76.23
76.23
76.23
76.21
76.23
76.26
76.24
76.23
76.25
76.26
76.27
76.27
76.26
76.30
76.31
76.30
76.27
76.26
76.28
76.29
76.27
76.27
76.26
76.23
76.24
76.22
76.21
76.21
76.23
76.24
76.25
76.26
76.28
76.27
76.28
76.26
76.26
76.27
76.26
76.22
76.25
76.26
76.29
76.29
76.28
76.30
76.28
76.30
76.29
76.31
76.33
76.30
76.29
76.29
76.30
76.30
76.30
76.30
76.31
76.32
76.32
76.34
76.34
76.33
76.31
76.31
76.33
76.36
76.37
76.38
76.38
76.39
76.38
76.37
76.36
76.33
76.32
76.29
76.28
76.30
76.28
76.28
76.29
76.27
76.24
76.24
76.22
76.23
76.23
76.25
76.23
76.20
76.20
76.19
76.19
76.19
76.21
76.20
76.20
76.21
76.20
76.17
76.17
76.17
76.17
76.17
76.15
76.17
76.18
76.18
76.18
76.17
76.16
76.16
76.17
76.15
76.14
76.14
76.15
76.16
76.18
76.18
76.18
76.17
76.14
76.14
76.13
76.13
76.12
76.13
76.10
76.10
76.11
76.10
76.07
76.04
76.05
76.05
76.05
76.05
76.06
76.06
76.07
76.07
76.07
76.07
76.10
76.06
76.06
76.04
76.04
76.02
76.02
76.02
76.03
76.03
76.02
76.00
76.00
75.99
75.99
76.01
76.02
76.02
76.02
76.03
76.03
76.06
76.06
76.06
76.04
76.03
76.04
76.03
76.03
76.01
76.01
76.02
76.02
76.00
76.03
76.04
76.03
76.03
76.04
76.03
76.03
76.04
76.03
76.03
76.03
76.04
76.05
76.06
76.06
76.06
76.06
76.06
76.04
76.03
76.03
76.03
76.04
76.04
76.04
76.04
76.04
76.05
76.07
76.08
76.08
76.08
76.06
76.07
76.08
76.09
76.10
76.10
76.11
76.11
76.11
76.10
76.09
76.10
76.11
76.11
76.12
76.10
76.11
76.10
76.10
76.11
76.12
76.12
76.12
76.13
76.13
76.13
76.13
76.14
76.14
76.15
76.13
76.13
76.13
76.14
76.15
76.16
76.15
76.15
76.14
76.14
76.13
76.12
76.12
76.14
76.15
76.15
76.14
76.15
76.14
76.13
76.12
76.11
76.10
76.08
76.07
76.07
76.08
76.09
76.09
76.09
76.07
76.08
76.07
76.06
76.08
76.08
76.09
76.09
76.11
76.10
76.11
76.10
76.10
76.10
76.10
76.08
76.10
76.11
76.10
76.11
76.11
76.11
76.11
76.11
76.12
76.13
76.13
76.12
76.13
76.14
76.14
76.13
76.13
76.12
76.12
76.13
76.13
76.12
76.13
76.13
76.13
76.14
76.14
76.14
76.14
76.13
76.14
76.15
76.16
76.15
76.15
76.13
76.14
76.15
76.16
76.15
76.15
76.15
76.13
76.15
76.14
76.14
76.14
76.14
76.14
76.12
76.13
76.12
76.13
76.12
76.14
76.14
76.15
76.14
76.16
76.15
76.16
76.17
76.16
76.16
76.16
76.15
76.15
76.15
76.14
76.15
76.16
76.16
76.16
76.15
76.16
76.15
76.15
76.15
76.16
76.15
76.15
76.15
76.16
76.16
76.16
76.16
76.16
76.17
76.17
76.17
76.18
76.16
76.16
76.15
76.14
76.15
76.14
76.14
76.15
76.15
76.15
76.16
76.15
76.15
76.14
76.14
76.14
76.14
76.15
76.15
76.16
76.16
76.16
76.15
76.15
76.15
76.14
76.13
76.13
76.14
76.14
76.15
76.16
76.16
76.16
76.18
76.19
76.18
76.20
76.19
76.20
76.21
76.20
76.20
76.19
76.18
76.19
76.18
76.20
76.19
76.19
76.19
76.17
76.17
76.16
76.16
76.16
76.15
76.15
76.14
76.14
76.14
76.14
76.14
76.13
76.13
76.14
76.14
76.13
76.13
76.13
76.13
76.15
76.15
76.16
76.16
76.16
76.17
76.17
76.16
76.16
76.16
76.16
76.16
76.17
76.15
76.16
76.17
76.16
76.16
76.15
76.15
76.15
76.15
76.15
76.14
76.15
76.15
76.15
76.15
76.15
76.15
76.08
