84.38
78.91
77.08
76.56
76.25
76.04
75.67
76.56
77.60
77.50
77.56
77.47
77.04
77.46
77.08
76.66
76.75
76.56
76.15
76.09
75.97
75.99
76.09
76.30
76.44
76.32
76.10
76.45
76.45
76.30
76.56
76.61
76.75
76.65
76.70
76.69
76.52
76.44
76.56
76.45
76.52
76.53
76.71
76.49
76.39
76.32
76.23
76.33
76.47
76.53
76.47
76.50
76.42
76.33
76.14
76.31
76.45
76.29
76.22
76.33
76.23
76.16
76.09
76.17
76.18
76.23
76.26
76.15
76.22
76.16
76.21
76.35
76.33
76.41
76.33
76.36
76.38
76.40
76.33
76.31
76.22
76.16
76.17
76.23
76.31
76.24
76.33
76.35
76.32
76.28
76.25
76.32
76.43
76.55
76.53
76.55
76.58
76.53
76.50
76.52
76.50
76.46
76.38
76.44
76.40
76.42
76.31
76.39
76.38
76.41
76.49
76.52
76.52
76.52
76.47
76.45
76.43
76.44
76.50
76.50
76.52
76.51
76.49
76.49
76.47
76.48
76.44
76.46
76.49
76.45
76.44
76.46
76.47
76.53
76.59
76.59
76.55
76.53
76.63
76.62
76.74
76.82
76.78
76.84
76.83
76.80
76.78
76.74
76.79
76.78
76.81
76.87
76.88
76.88
76.90
76.89
76.83
76.82
76.83
76.78
76.78
76.77
76.78
76.74
76.73
76.64
76.59
76.53
76.56
76.58
76.52
76.55
76.54
76.48
76.49
76.52
76.51
76.48
76.46
76.43
76.43
76.41
76.38
76.38
76.36
76.34
76.37
76.37
76.35
76.34
76.26
76.25
76.24
76.22
76.27
76.25
76.30
76.32
76.28
76.27
76.28
76.22
76.19
76.20
76.14
76.15
76.17
76.16
76.16
76.18
76.17
76.16
76.10
76.10
76.12
76.15
76.17
76.14
76.14
76.18
76.18
76.18
76.16
76.19
76.20
76.17
76.20
76.20
76.20
76.22
76.23
76.23
76.18
76.18
76.19
76.17
76.18
76.21
76.26
76.22
76.23
76.21
76.20
76.26
76.28
76.27
76.28
76.30
76.26
76.24
76.23
76.23
76.24
76.21
76.22
76.22
76.23
76.23
76.24
76.27
76.31
76.31
76.28
76.26
76.27
76.26
76.27
76.24
76.27
76.27
76.27
76.28
76.26
76.27
76.26
76.29
76.31
76.34
76.33
76.33
76.32
76.33
76.30
76.28
76.28
76.26
76.25
76.23
76.22
76.22
76.23
76.24
76.23
76.22
76.24
76.26
76.26
76.26
76.29
76.29
76.29
76.31
76.29
76.31
76.31
76.34
76.34
76.31
76.32
76.30
76.29
76.29
76.27
76.31
76.30
76.32
76.33
76.35
76.35
76.36
76.35
76.37
76.38
76.37
76.40
76.40
76.40
76.39
76.43
76.44
76.43
76.46
76.44
76.44
76.45
76.44
76.42
76.42
76.42
76.39
76.37
76.40
76.40
76.38
76.37
76.36
76.37
76.36
76.39
76.40
76.39
76.40
76.36
76.36
76.36
76.36
76.35
76.38
76.38
76.36
76.37
76.35
76.35
76.35
76.33
76.32
76.34
76.35
76.35
76.34
76.32
76.33
76.32
76.33
76.31
76.31
76.32
76.35
76.33
76.32
76.31
76.30
76.30
76.31
76.30
76.34
76.33
76.35
76.32
76.33
76.35
76.35
76.34
76.33
76.34
76.34
76.35
76.37
76.36
76.35
76.32
76.31
76.29
76.29
76.28
76.27
76.26
76.26
76.25
76.27
76.27
76.28
76.25
76.27
76.28
76.29
76.29
76.30
76.29
76.29
76.28
76.28
76.26
76.27
76.27
76.27
76.25
76.26
76.26
76.26
76.23
76.23
76.23
76.22
76.23
76.23
76.24
76.21
76.22
76.21
76.20
76.19
76.19
76.19
76.19
76.19
76.18
76.18
76.17
76.15
76.15
76.14
76.14
76.14
76.15
76.12
76.14
76.14
76.13
76.12
76.12
76.11
76.12
76.11
76.10
76.09
76.09
76.09
76.09
76.11
76.11
76.11
76.11
76.12
76.12
76.11
76.11
76.12
76.14
76.13
76.14
76.13
76.12
76.13
76.12
76.12
76.09
76.11
76.13
76.14
76.12
76.13
76.13
76.14
76.12
76.12
76.11
76.12
76.13
76.14
76.15
76.16
76.15
76.16
76.15
76.15
76.13
76.13
76.12
76.13
76.14
76.14
76.14
76.15
76.15
76.16
76.17
76.16
76.16
76.15
76.15
76.15
76.15
76.16
76.16
76.16
76.14
76.12
76.14
76.14
76.14
76.14
76.14
76.14
76.15
76.17
76.17
76.18
76.19
76.19
76.16
76.14
76.16
76.17
76.16
76.15
76.14
76.14
76.14
76.13
76.14
76.14
76.14
76.13
76.15
76.16
76.18
76.18
76.17
76.18
76.18
76.17
76.15
76.14
76.15
76.16
76.15
76.14
76.14
76.15
76.15
76.15
76.14
76.14
76.15
76.16
76.17
76.15
76.15
76.14
76.15
76.16
76.16
76.16
76.16
76.16
76.15
76.15
76.15
76.15
76.14
76.14
76.14
76.15
76.14
76.15
76.16
76.15
76.15
76.15
76.13
76.14
76.12
76.12
76.13
76.12
76.11
76.12
76.13
76.12
76.12
76.12
76.13
76.11
76.11
76.11
76.12
76.13
76.13
76.12
76.12
76.13
76.13
76.13
76.13
76.13
76.15
76.16
76.16
76.17
76.17
76.16
76.16
76.16
76.16
76.17
76.18
76.18
76.18
76.18
76.18
76.18
76.17
76.18
76.17
76.17
76.17
76.17
76.18
76.18
76.17
76.17
76.17
76.17
76.16
76.15
76.16
76.16
76.16
76.16
76.16
76.15
76.15
76.14
76.15
76.16
76.16
76.16
76.15
76.15
76.16
76.17
76.15
76.14
76.14
76.14
76.14
76.14
76.14
76.13
76.13
76.13
76.14
76.13
76.14
76.13
76.13
76.14
76.15
76.15
76.14
76.14
76.14
76.13
76.14
76.15
76.15
76.14
76.14
76.13
76.13
76.12
76.11
76.09
76.10
76.11
76.11
76.11
76.10
76.10
76.10
76.10
76.10
76.09
76.09
76.09
76.09
76.08
76.08
76.07
76.07
76.08
76.07
76.09
76.09
76.08
76.09
76.08
76.08
76.08
76.09
76.10
76.10
76.10
76.11
76.11
76.11
76.12
76.12
76.12
76.12
76.12
76.12
76.13
76.13
76.13
76.13
76.13
76.14
76.14
76.14
76.15
76.16
76.16
76.17
76.17
76.16
76.16
76.17
76.16
76.17
76.17
76.18
76.18
76.17
76.16
76.16
76.16
76.15
76.15
76.16
76.15
76.14
76.12
76.13
76.13
76.14
76.14
76.13
76.13
76.15
76.07
