84.38
79.69
77.60
75.78
75.00
74.48
74.11
74.61
74.83
74.53
74.72
74.87
75.72
75.78
76.25
76.37
76.47
76.91
77.63
77.73
77.98
78.05
78.06
77.99
78.06
77.94
78.01
78.24
78.39
78.18
77.72
77.44
77.41
77.07
77.01
77.00
76.94
76.56
76.72
76.95
76.98
76.90
76.85
77.06
77.22
77.28
77.26
77.47
77.68
77.62
77.57
77.55
77.42
77.23
77.30
77.34
77.47
77.34
77.15
77.14
77.02
77.07
77.03
76.98
76.88
76.94
76.96
77.00
76.95
76.96
76.87
76.97
76.84
76.73
76.75
76.69
76.75
76.78
76.84
76.80
76.72
76.71
76.75
76.79
76.89
76.80
76.81
76.74
76.63
76.68
76.65
76.72
76.70
76.63
76.58
76.60
76.59
76.63
76.58
76.52
76.42
76.46
76.46
76.53
76.55
76.67
76.69
76.62
76.61
76.62
76.59
76.59
76.47
76.36
76.36
76.39
76.39
76.36
76.42
76.38
76.36
76.38
76.30
76.36
76.39
76.35
76.37
76.33
76.36
76.36
76.35
76.28
76.30
76.32
76.32
76.33
76.35
76.32
76.30
76.31
76.31
76.34
76.32
76.33
76.26
76.28
76.28
76.27
76.23
76.28
76.28
76.25
76.28
76.30
76.28
76.29
76.28
76.30
76.25
76.26
76.29
76.32
76.30
76.35
76.30
76.28
76.32
76.36
76.40
76.41
76.38
76.38
76.35
76.34
76.29
76.34
76.39
76.36
76.39
76.41
76.38
76.39
76.39
76.40
76.40
76.39
76.35
76.34
76.26
76.29
76.28
76.29
76.26
76.26
76.25
76.24
76.25
76.27
76.25
76.23
76.24
76.31
76.27
76.28
76.27
76.26
76.22
76.15
76.14
76.14
76.16
76.12
76.10
76.06
76.08
76.10
76.12
76.10
76.10
76.09
76.10
76.04
76.03
76.00
75.99
75.98
76.00
75.95
75.97
76.01
76.00
76.00
76.00
75.96
75.98
76.00
75.98
75.96
75.98
75.94
75.92
75.97
75.98
75.97
75.96
75.95
75.94
75.91
75.93
75.94
75.92
75.94
75.91
75.94
75.93
75.95
75.97
75.99
75.96
75.94
75.96
75.97
75.92
75.95
75.95
75.95
75.94
75.97
75.98
75.97
75.96
75.95
75.93
75.92
75.91
75.91
75.92
75.93
75.93
75.92
75.94
75.95
75.96
75.95
75.94
75.92
75.91
75.92
75.91
75.94
75.92
75.94
75.96
75.98
75.98
75.97
75.99
76.00
76.03
76.06
76.06
76.07
76.05
76.06
76.08
76.06
76.07
76.06
76.07
76.07
76.09
76.10
76.08
76.05
76.02
76.05
76.06
76.04
76.04
76.08
76.07
76.10
76.11
76.13
76.13
76.13
76.13
76.12
76.11
76.13
76.15
76.11
76.11
76.12
76.14
76.16
76.18
76.17
76.18
76.16
76.13
76.11
76.13
76.14
76.15
76.15
76.11
76.09
76.09
76.08
76.10
76.11
76.14
76.11
76.10
76.11
76.11
76.12
76.09
76.09
76.10
76.08
76.06
76.05
76.04
76.08
76.07
76.06
76.05
76.04
76.02
76.00
75.98
76.00
76.00
76.01
76.01
75.98
75.99
76.00
75.99
76.01
76.00
75.97
75.97
75.98
75.98
75.98
75.98
75.99
75.98
75.98
75.95
75.96
75.96
75.94
75.96
76.00
76.00
75.99
75.99
75.98
75.98
75.98
75.99
75.98
75.97
75.98
75.99
75.99
75.97
75.96
75.97
75.97
75.95
75.97
75.98
75.99
76.00
76.00
76.00
76.00
75.99
75.98
75.97
75.95
75.97
75.97
75.97
75.94
75.94
75.94
75.95
75.95
75.95
75.95
75.93
75.94
75.94
75.94
75.94
75.94
75.94
75.95
75.97
75.98
75.96
75.96
75.97
75.97
75.98
76.00
76.00
76.00
76.01
75.99
76.00
75.99
75.99
76.00
75.99
75.98
75.99
75.99
75.99
76.01
76.00
76.00
76.02
76.03
76.04
76.05
76.06
76.04
76.05
76.06
76.05
76.07
76.10
76.11
76.11
76.12
76.11
76.12
76.11
76.10
76.12
76.10
76.08
76.09
76.09
76.08
76.07
76.07
76.06
76.04
76.04
76.03
76.03
76.01
76.01
76.01
76.02
76.03
76.02
76.02
76.02
76.04
76.04
76.05
76.07
76.09
76.09
76.10
76.10
76.08
76.08
76.07
76.08
76.10
76.10
76.10
76.09
76.07
76.06
76.08
76.08
76.09
76.10
76.11
76.12
76.11
76.11
76.11
76.10
76.11
76.11
76.12
76.11
76.12
76.14
76.14
76.16
76.16
76.17
76.18
76.18
76.17
76.18
76.19
76.20
76.20
76.19
76.19
76.19
76.20
76.19
76.18
76.19
76.20
76.19
76.18
76.18
76.18
76.18
76.17
76.18
76.20
76.21
76.20
76.20
76.21
76.19
76.19
76.21
76.20
76.18
76.18
76.18
76.19
76.18
76.17
76.17
76.16
76.17
76.17
76.15
76.16
76.15
76.16
76.18
76.17
76.18
76.17
76.17
76.17
76.17
76.18
76.18
76.17
76.19
76.19
76.19
76.18
76.18
76.16
76.15
76.16
76.15
76.15
76.13
76.13
76.14
76.14
76.15
76.15
76.17
76.18
76.17
76.19
76.18
76.19
76.19
76.19
76.20
76.21
76.21
76.21
76.21
76.22
76.22
76.22
76.20
76.21
76.21
76.20
76.20
76.21
76.21
76.20
76.21
76.21
76.20
76.19
76.19
76.18
76.17
76.18
76.20
76.21
76.21
76.21
76.20
76.21
76.21
76.23
76.22
76.22
76.23
76.22
76.23
76.23
76.24
76.23
76.23
76.23
76.24
76.23
76.24
76.24
76.21
76.20
76.20
76.20
76.20
76.20
76.20
76.21
76.21
76.22
76.22
76.21
76.21
76.21
76.19
76.19
76.20
76.20
76.20
76.19
76.17
76.18
76.19
76.19
76.19
76.19
76.19
76.18
76.19
76.18
76.17
76.17
76.15
76.14
76.15
76.14
76.16
76.18
76.19
76.20
76.20
76.21
76.21
76.22
76.23
76.24
76.23
76.23
76.22
76.23
76.22
76.20
76.19
76.18
76.17
76.16
76.15
76.15
76.14
76.13
76.13
76.14
76.14
76.13
76.11
76.12
76.12
76.11
76.12
76.12
76.13
76.12
76.13
76.12
76.12
76.12
76.12
76.12
76.11
76.10
76.10
76.11
76.11
76.11
76.11
76.10
76.11
76.12
76.12
76.12
76.11
76.11
76.11
76.11
76.12
76.12
76.12
76.12
76.13
76.13
76.14
76.15
76.14
76.14
76.13
76.14
76.14
76.14
76.14
76.14
76.14
76.07
