79.69
75.00
74.48
76.17
75.31
76.82
76.34
76.76
77.08
77.50
76.56
76.30
75.84
75.89
76.04
75.49
74.91
74.91
74.92
75.23
75.45
75.71
75.27
75.13
75.00
74.76
74.83
74.89
74.84
74.79
74.80
75.00
74.95
74.95
74.87
74.78
74.54
74.71
74.96
74.96
75.00
74.85
74.89
74.89
75.00
75.10
75.30
75.36
75.48
75.44
75.49
75.48
75.35
75.43
75.60
75.64
75.63
75.62
75.61
75.62
75.56
75.55
75.69
75.83
75.82
75.88
75.75
75.55
75.45
75.45
75.59
75.65
75.71
75.65
75.77
75.68
75.69
75.70
75.65
75.62
75.69
75.69
75.73
75.82
75.86
75.87
75.92
75.87
75.79
75.82
75.67
75.71
75.76
75.70
75.64
75.62
75.74
75.69
75.73
75.59
75.60
75.52
75.50
75.53
75.42
75.49
75.47
75.51
75.57
75.61
75.56
75.56
75.58
75.60
75.54
75.53
75.56
75.58
75.58
75.60
75.57
75.60
75.64
75.69
75.77
75.77
75.84
75.85
75.88
75.88
75.86
75.88
75.87
75.87
75.88
75.88
75.92
75.91
75.96
75.98
75.99
75.99
75.98
75.98
76.02
76.05
76.05
76.00
76.00
76.02
76.05
76.02
75.99
75.97
75.94
75.97
76.02
76.06
76.08
76.08
76.08
76.02
76.04
76.10
76.08
76.00
76.03
76.09
76.08
76.08
76.10
76.12
76.17
76.19
76.20
76.20
76.19
76.21
76.19
76.24
76.27
76.27
76.26
76.27
76.29
76.28
76.25
76.23
76.20
76.21
76.17
76.20
76.21
76.21
76.26
76.27
76.29
76.23
76.20
76.23
76.27
76.27
76.29
76.29
76.33
76.30
76.28
76.26
76.26
76.24
76.25
76.28
76.25
76.21
76.18
76.24
76.23
76.28
76.28
76.26
76.22
76.24
76.28
76.26
76.26
76.25
76.28
76.27
76.27
76.26
76.27
76.28
76.30
76.31
76.30
76.30
76.29
76.29
76.26
76.26
76.24
76.23
76.22
76.20
76.19
76.14
76.15
76.15
76.17
76.17
76.16
76.16
76.15
76.14
76.16
76.18
76.20
76.20
76.21
76.24
76.25
76.26
76.27
76.24
76.22
76.22
76.21
76.22
76.23
76.23
76.21
76.18
76.19
76.16
76.16
76.18
76.21
76.22
76.25
76.24
76.25
76.24
76.24
76.22
76.21
76.19
76.18
76.18
76.18
76.16
76.17
76.17
76.17
76.17
76.18
76.17
76.18
76.19
76.19
76.19
76.19
76.18
76.18
76.16
76.15
76.13
76.11
76.15
76.15
76.16
76.14
76.16
76.16
76.16
76.19
76.21
76.23
76.21
76.23
76.20
76.20
76.19
76.21
76.20
76.18
76.18
76.20
76.20
76.18
76.19
76.17
76.17
76.15
76.15
76.15
76.18
76.15
76.13
76.12
76.14
76.13
76.13
76.13
76.13
76.17
76.17
76.18
76.18
76.20
76.20
76.22
76.20
76.19
76.20
76.21
76.22
76.23
76.24
76.26
76.25
76.23
76.23
76.24
76.21
76.23
76.24
76.23
76.24
76.26
76.25
76.23
76.23
76.21
76.22
76.21
76.21
76.21
76.22
76.21
76.21
76.22
76.22
76.22
76.25
76.26
76.25
76.26
76.26
76.26
76.28
76.29
76.27
76.28
76.27
76.27
76.26
76.24
76.26
76.26
76.25
76.24
76.24
76.23
76.22
76.23
76.22
76.20
76.21
76.21
76.21
76.22
76.21
76.18
76.19
76.20
76.18
76.17
76.19
76.18
76.16
76.15
76.14
76.17
76.17
76.18
76.16
76.16
76.15
76.15
76.14
76.13
76.12
76.11
76.09
76.08
76.09
76.09
76.09
76.10
76.10
76.12
76.12
76.12
76.11
76.11
76.09
76.09
76.09
76.11
76.11
76.10
76.09
76.08
76.10
76.09
76.07
76.07
76.07
76.09
76.07
76.07
76.07
76.07
76.08
76.06
76.05
76.05
76.04
76.04
76.05
76.06
76.06
76.07
76.07
76.08
76.08
76.08
76.09
76.09
76.10
76.11
76.12
76.11
76.12
76.11
76.12
76.12
76.14
76.15
76.13
76.13
76.12
76.13
76.13
76.14
76.14
76.13
76.15
76.14
76.13
76.12
76.14
76.12
76.12
76.14
76.12
76.13
76.13
76.12
76.13
76.13
76.13
76.12
76.12
76.13
76.13
76.14
76.14
76.14
76.15
76.14
76.14
76.13
76.12
76.12
76.12
76.12
76.14
76.15
76.15
76.15
76.16
76.16
76.16
76.17
76.18
76.16
76.18
76.18
76.19
76.18
76.18
76.16
76.17
76.16
76.17
76.17
76.17
76.17
76.17
76.15
76.16
76.16
76.16
76.17
76.15
76.15
76.15
76.16
76.17
76.17
76.17
76.17
76.16
76.17
76.18
76.18
76.16
76.17
76.16
76.16
76.16
76.16
76.15
76.15
76.16
76.17
76.17
76.16
76.17
76.19
76.19
76.19
76.20
76.21
76.20
76.20
76.20
76.20
76.20
76.20
76.18
76.19
76.19
76.18
76.17
76.17
76.19
76.19
76.19
76.18
76.18
76.17
76.17
76.17
76.17
76.19
76.20
76.20
76.20
76.19
76.21
76.21
76.23
76.22
76.22
76.22
76.22
76.23
76.24
76.26
76.27
76.27
76.26
76.27
76.27
76.27
76.27
76.27
76.27
76.28
76.28
76.27
76.25
76.25
76.25
76.27
76.26
76.26
76.26
76.26
76.27
76.28
76.28
76.27
76.26
76.25
76.25
76.25
76.24
76.22
76.23
76.24
76.26
76.25
76.25
76.26
76.25
76.26
76.27
76.27
76.26
76.26
76.27
76.27
76.28
76.27
76.28
76.28
76.28
76.28
76.28
76.29
76.30
76.29
76.28
76.28
76.28
76.27
76.25
76.26
76.25
76.24
76.23
76.23
76.22
76.21
76.21
76.22
76.23
76.22
76.22
76.22
76.22
76.24
76.23
76.22
76.22
76.23
76.23
76.21
76.22
76.22
76.21
76.21
76.20
76.20
76.19
76.18
76.17
76.16
76.16
76.15
76.15
76.15
76.16
76.18
76.17
76.17
76.17
76.17
76.17
76.17
76.17
76.19
76.19
76.19
76.19
76.20
76.19
76.19
76.19
76.18
76.18
76.18
76.18
76.16
76.16
76.16
76.15
76.15
76.15
76.13
76.13
76.14
76.14
76.12
76.13
76.14
76.11
76.12
76.12
76.12
76.13
76.13
76.14
76.14
76.14
76.14
76.14
76.13
76.13
76.12
76.11
76.10
76.11
76.11
76.11
76.10
76.10
76.09
76.08
76.09
76.10
76.11
76.10
76.11
76.12
76.12
76.12
76.11
76.04
