75.00
76.56
77.60
77.34
76.56
76.56
75.45
75.59
75.17
75.31
75.71
75.65
75.72
75.45
75.21
75.59
75.92
75.95
75.82
75.94
76.12
75.99
76.09
76.11
76.12
76.02
75.87
76.06
76.19
76.20
76.06
75.88
75.76
76.10
76.03
76.04
75.80
75.82
75.68
75.74
75.76
75.45
75.33
75.43
75.45
75.61
75.47
75.42
75.48
75.34
75.31
75.27
75.18
75.29
75.37
75.56
75.63
75.57
75.56
75.47
75.38
75.23
75.17
75.22
75.29
75.31
75.33
75.18
75.18
75.09
75.22
75.24
75.19
75.11
75.06
75.00
75.04
74.96
74.82
74.80
74.94
74.89
74.89
74.87
74.80
74.89
74.87
74.84
74.77
74.72
74.69
74.75
74.78
74.77
74.74
74.69
74.74
74.73
74.73
74.64
74.74
74.68
74.77
74.79
74.76
74.76
74.71
74.65
74.70
74.73
74.73
74.68
74.67
74.68
74.69
74.64
74.64
74.58
74.61
74.62
74.64
74.69
74.75
74.79
74.86
74.91
74.88
74.90
74.90
74.90
74.92
74.93
74.93
74.91
74.88
74.82
74.86
74.86
74.93
74.94
74.93
74.97
74.97
74.98
75.00
75.03
75.05
75.11
75.06
75.08
75.16
75.19
75.19
75.23
75.28
75.23
75.24
75.21
75.23
75.21
75.16
75.14
75.15
75.18
75.17
75.16
75.21
75.24
75.23
75.22
75.20
75.16
75.12
75.06
75.06
75.05
75.07
75.07
75.06
75.08
75.12
75.10
75.14
75.16
75.14
75.18
75.15
75.15
75.19
75.25
75.24
75.23
75.23
75.23
75.21
75.22
75.23
75.21
75.19
75.19
75.17
75.18
75.18
75.27
75.27
75.29
75.33
75.35
75.37
75.42
75.42
75.46
75.46
75.46
75.46
75.42
75.38
75.40
75.41
75.40
75.37
75.34
75.35
75.36
75.35
75.37
75.39
75.34
75.32
75.30
75.32
75.32
75.33
75.35
75.34
75.33
75.36
75.37
75.37
75.40
75.40
75.40
75.42
75.44
75.43
75.45
75.46
75.45
75.44
75.45
75.47
75.44
75.46
75.46
75.50
75.52
75.50
75.47
75.48
75.49
75.47
75.47
75.46
75.47
75.42
75.43
75.40
75.44
75.45
75.48
75.48
75.52
75.52
75.53
75.55
75.53
75.50
75.49
75.53
75.50
75.47
75.48
75.48
75.50
75.54
75.54
75.54
75.59
75.58
75.57
75.58
75.60
75.61
75.62
75.63
75.65
75.66
75.68
75.68
75.69
75.71
75.72
75.71
75.71
75.71
75.67
75.67
75.65
75.66
75.69
75.69
75.69
75.69
75.73
75.70
75.68
75.69
75.69
75.67
75.68
75.69
75.68
75.70
75.71
75.69
75.68
75.69
75.71
75.69
75.68
75.69
75.69
75.65
75.65
75.63
75.62
75.59
75.60
75.60
75.61
75.60
75.61
75.61
75.60
75.60
75.61
75.63
75.67
75.67
75.65
75.65
75.65
75.64
75.64
75.65
75.66
75.66
75.65
75.64
75.62
75.62
75.61
75.60
75.58
75.58
75.57
75.58
75.58
75.59
75.59
75.58
75.59
75.62
75.64
75.64
75.66
75.67
75.67
75.67
75.67
75.68
75.68
75.68
75.66
75.66
75.63
75.66
75.69
75.68
75.68
75.67
75.67
75.67
75.69
75.72
75.69
75.68
75.67
75.67
75.67
75.67
75.65
75.65
75.64
75.64
75.66
75.66
75.67
75.70
75.70
75.70
75.68
75.68
75.69
75.69
75.69
75.71
75.71
75.70
75.71
75.70
75.68
75.69
75.70
75.68
75.67
75.67
75.67
75.68
75.67
75.66
75.66
75.67
75.67
75.67
75.68
75.69
75.68
75.68
75.70
75.72
75.71
75.71
75.70
75.69
75.68
75.67
75.68
75.68
75.66
75.65
75.66
75.66
75.67
75.67
75.67
75.69
75.69
75.70
75.68
75.69
75.68
75.66
75.66
75.66
75.64
75.65
75.60
75.60
75.61
75.61
75.60
75.62
75.63
75.62
75.62
75.63
75.63
75.64
75.63
75.63
75.63
75.63
75.63
75.62
75.62
75.63
75.64
75.64
75.64
75.66
75.65
75.65
75.65
75.66
75.66
75.65
75.65
75.67
75.67
75.68
75.68
75.67
75.68
75.68
75.68
75.69
75.70
75.70
75.70
75.70
75.70
75.70
75.71
75.71
75.72
75.72
75.72
75.74
75.71
75.71
75.71
75.71
75.72
75.71
75.72
75.70
75.71
75.71
75.70
75.71
75.69
75.69
75.67
75.69
75.69
75.69
75.69
75.68
75.69
75.68
75.68
75.69
75.69
75.71
75.70
75.70
75.72
75.71
75.72
75.70
75.72
75.72
75.71
75.70
75.71
75.71
75.74
75.76
75.74
75.73
75.74
75.74
75.74
75.75
75.75
75.74
75.73
75.74
75.74
75.74
75.73
75.73
75.72
75.73
75.74
75.74
75.75
75.74
75.74
75.74
75.72
75.73
75.72
75.73
75.73
75.74
75.73
75.74
75.75
75.74
75.72
75.72
75.71
75.72
75.72
75.72
75.73
75.74
75.75
75.75
75.76
75.77
75.77
75.77
75.78
75.79
75.80
75.80
75.79
75.79
75.79
75.79
75.80
75.81
75.80
75.81
75.80
75.81
75.80
75.81
75.81
75.82
75.82
75.83
75.85
75.86
75.85
75.86
75.87
75.87
75.86
75.87
75.87
75.87
75.86
75.87
75.87
75.87
75.88
75.88
75.89
75.89
75.89
75.89
75.90
75.90
75.90
75.89
75.89
75.89
75.90
75.91
75.91
75.91
75.90
75.90
75.91
75.91
75.90
75.91
75.90
75.91
75.90
75.90
75.91
75.92
75.92
75.93
75.92
75.93
75.92
75.93
75.92
75.93
75.92
75.92
75.93
75.93
75.93
75.93
75.93
75.93
75.93
75.94
75.92
75.91
75.90
75.91
75.92
75.92
75.93
75.94
75.93
75.95
75.95
75.95
75.95
75.95
75.95
75.96
75.95
75.96
75.96
75.97
75.97
75.97
75.96
75.97
75.97
75.98
75.98
75.98
75.97
75.97
75.98
75.97
75.97
75.97
75.97
75.96
75.98
75.99
75.99
75.99
75.99
75.99
75.99
75.98
75.98
75.97
75.97
75.97
75.96
75.95
75.95
75.94
75.93
75.93
75.94
75.94
75.96
75.96
75.96
75.97
75.97
75.96
75.97
75.97
75.97
75.97
75.97
75.98
75.98
75.99
75.98
75.99
76.00
76.00
76.00
76.01
76.02
76.02
76.02
76.02
76.01
76.01
76.02
76.02
76.01
76.02
76.02
76.01
76.01
76.02
76.03
76.04
76.05
76.04
76.05
76.05
75.99
