79.69
82.03
82.29
81.64
79.69
79.95
79.02
79.10
78.99
78.75
78.55
77.86
77.88
77.68
77.50
77.83
77.76
77.69
77.55
77.81
77.68
77.49
77.24
77.21
77.25
77.04
77.14
76.95
76.99
77.03
76.66
76.76
76.61
76.33
76.16
76.52
76.48
76.23
76.04
75.98
76.11
76.15
76.20
76.35
76.32
76.36
76.60
76.53
76.53
76.56
76.62
76.65
76.89
77.03
76.99
76.98
77.00
76.99
77.01
77.19
77.18
77.19
77.36
77.32
77.36
77.27
77.24
77.16
77.22
77.32
77.20
77.24
77.18
77.13
77.17
77.22
77.23
77.26
77.22
77.25
77.10
77.15
77.13
77.06
77.11
77.07
77.08
77.06
77.09
77.01
76.97
76.99
76.97
77.03
77.02
77.10
77.08
77.09
77.15
77.03
77.04
77.01
76.99
76.94
76.90
76.92
76.94
76.98
77.01
77.14
77.20
77.18
77.20
77.23
77.26
77.24
77.20
77.26
77.23
77.30
77.27
77.18
77.10
77.14
77.14
77.19
77.14
77.09
77.05
77.01
77.06
77.13
77.15
77.16
77.15
77.19
77.19
77.24
77.18
77.14
77.08
77.09
77.11
77.14
77.13
77.12
77.09
77.13
77.12
77.09
77.10
77.15
77.19
77.22
77.28
77.23
77.21
77.16
77.13
77.10
77.07
77.04
77.03
76.94
76.96
76.93
76.93
76.93
76.90
76.86
76.88
76.92
76.99
76.95
76.97
77.02
76.95
76.97
76.89
76.91
76.88
76.88
76.86
76.84
76.84
76.86
76.81
76.85
76.82
76.83
76.76
76.72
76.76
76.71
76.73
76.74
76.75
76.74
76.70
76.68
76.69
76.70
76.69
76.69
76.71
76.68
76.67
76.69
76.64
76.65
76.68
76.68
76.67
76.69
76.71
76.71
76.70
76.71
76.70
76.69
76.68
76.69
76.70
76.72
76.73
76.71
76.73
76.72
76.75
76.76
76.77
76.81
76.80
76.78
76.78
76.75
76.75
76.77
76.72
76.71
76.69
76.69
76.68
76.67
76.67
76.67
76.64
76.66
76.66
76.66
76.63
76.64
76.67
76.64
76.62
76.65
76.64
76.65
76.67
76.67
76.66
76.65
76.65
76.64
76.67
76.69
76.73
76.71
76.72
76.72
76.75
76.75
76.73
76.73
76.75
76.74
76.75
76.74
76.71
76.71
76.70
76.67
76.68
76.67
76.64
76.62
76.64
76.67
76.70
76.71
76.73
76.73
76.74
76.74
76.75
76.76
76.74
76.75
76.72
76.74
76.75
76.75
76.74
76.75
76.75
76.77
76.78
76.78
76.77
76.76
76.73
76.74
76.77
76.82
76.80
76.80
76.79
76.75
76.73
76.75
76.74
76.75
76.73
76.71
76.73
76.74
76.72
76.68
76.68
76.68
76.68
76.66
76.66
76.67
76.68
76.69
76.69
76.68
76.70
76.68
76.65
76.65
76.67
76.69
76.71
76.69
76.71
76.67
76.67
76.68
76.68
76.65
76.63
76.63
76.62
76.60
76.58
76.59
76.60
76.61
76.59
76.59
76.56
76.56
76.53
76.52
76.51
76.51
76.48
76.52
76.50
76.50
76.50
76.50
76.50
76.49
76.50
76.48
76.48
76.48
76.48
76.47
76.45
76.44
76.44
76.45
76.46
76.44
76.43
76.43
76.45
76.47
76.49
76.50
76.50
76.51
76.50
76.49
76.48
76.48
76.47
76.46
76.43
76.42
76.42
76.44
76.46
76.46
76.44
76.42
76.42
76.43
76.43
76.43
76.43
76.43
76.41
76.43
76.41
76.43
76.44
76.43
76.43
76.44
76.44
76.45
76.43
76.41
76.42
76.43
76.42
76.42
76.41
76.43
76.42
76.41
76.41
76.39
76.40
76.39
76.38
76.39
76.41
76.42
76.39
76.40
76.42
76.42
76.41
76.40
76.39
76.40
76.40
76.40
76.42
76.42
76.42
76.42
76.43
76.45
76.45
76.44
76.45
76.43
76.44
76.44
76.44
76.43
76.43
76.44
76.43
76.43
76.45
76.46
76.46
76.46
76.45
76.44
76.43
76.43
76.43
76.43
76.42
76.41
76.40
76.40
76.38
76.40
76.41
76.39
76.40
76.39
76.39
76.39
76.39
76.40
76.40
76.40
76.41
76.40
76.41
76.41
76.40
76.39
76.40
76.39
76.40
76.39
76.41
76.42
76.41
76.40
76.39
76.39
76.40
76.41
76.41
76.41
76.41
76.40
76.38
76.38
76.38
76.38
76.38
76.37
76.36
76.36
76.36
76.34
76.34
76.36
76.37
76.37
76.36
76.37
76.36
76.39
76.39
76.39
76.39
76.38
76.38
76.38
76.37
76.38
76.36
76.35
76.37
76.37
76.36
76.36
76.36
76.38
76.37
76.37
76.38
76.38
76.38
76.39
76.38
76.37
76.37
76.35
76.37
76.37
76.37
76.36
76.35
76.36
76.36
76.35
76.34
76.33
76.33
76.33
76.32
76.32
76.31
76.30
76.29
76.29
76.28
76.28
76.27
76.27
76.27
76.26
76.27
76.27
76.28
76.28
76.29
76.30
76.28
76.28
76.27
76.27
76.27
76.27
76.27
76.28
76.27
76.25
76.26
76.27
76.26
76.27
76.28
76.26
76.25
76.25
76.26
76.27
76.27
76.28
76.29
76.29
76.28
76.28
76.29
76.28
76.28
76.26
76.25
76.25
76.25
76.25
76.27
76.27
76.27
76.27
76.28
76.28
76.28
76.28
76.27
76.28
76.28
76.28
76.27
76.27
76.25
76.23
76.24
76.24
76.25
76.25
76.24
76.26
76.27
76.26
76.26
76.26
76.26
76.26
76.26
76.26
76.24
76.23
76.24
76.24
76.26
76.25
76.25
76.26
76.25
76.24
76.25
76.25
76.23
76.24
76.24
76.24
76.24
76.23
76.24
76.24
76.24
76.24
76.24
76.24
76.23
76.23
76.24
76.24
76.24
76.23
76.24
76.23
76.23
76.23
76.24
76.22
76.22
76.22
76.23
76.22
76.22
76.23
76.22
76.22
76.21
76.21
76.20
76.20
76.19
76.19
76.19
76.19
76.19
76.18
76.18
76.19
76.20
76.19
76.19
76.18
76.17
76.17
76.15
76.15
76.14
76.15
76.14
76.14
76.13
76.14
76.14
76.15
76.15
76.13
76.13
76.11
76.10
76.10
76.11
76.11
76.11
76.12
76.12
76.11
76.11
76.10
76.10
76.11
76.10
76.10
76.10
76.10
76.11
76.10
76.11
76.11
76.12
76.12
76.13
76.13
76.14
76.14
76.15
76.15
76.15
76.15
76.15
76.15
76.14
76.14
76.14
76.13
76.13
76.14
76.12
76.12
76.12
76.12
76.13
76.13
76.14
76.15
76.15
76.07
