75.00
75.78
76.56
75.78
75.94
76.30
76.34
76.76
76.22
76.09
76.28
76.69
76.32
76.56
76.46
76.56
76.65
76.56
76.23
76.25
76.49
76.70
76.49
76.69
76.81
76.50
76.16
76.23
76.29
76.30
76.46
76.12
76.18
75.83
75.98
75.95
76.10
76.19
76.04
75.78
75.69
75.48
75.44
75.50
75.76
75.68
75.60
75.75
75.83
75.72
75.67
75.60
75.65
75.55
75.48
75.50
75.47
75.59
75.72
75.68
75.51
75.63
75.55
75.59
75.53
75.47
75.58
75.53
75.59
75.58
75.62
75.67
75.79
75.78
75.75
75.84
75.85
75.86
75.85
75.86
75.83
75.86
75.94
75.95
75.92
75.94
76.02
76.08
76.07
76.18
76.12
76.19
76.18
76.15
76.17
76.09
76.00
76.02
76.09
76.14
76.14
76.09
76.11
76.05
76.12
76.18
76.24
76.24
76.28
76.34
76.25
76.28
76.30
76.37
76.36
76.32
76.38
76.31
76.23
76.28
76.23
76.23
76.31
76.29
76.29
76.20
76.22
76.18
76.14
76.15
76.17
76.21
76.23
76.31
76.31
76.34
76.31
76.35
76.37
76.40
76.44
76.45
76.45
76.45
76.40
76.37
76.37
76.30
76.27
76.24
76.21
76.23
76.31
76.31
76.31
76.24
76.14
76.14
76.16
76.24
76.29
76.28
76.31
76.32
76.29
76.38
76.36
76.39
76.41
76.41
76.41
76.40
76.40
76.35
76.32
76.31
76.29
76.28
76.32
76.29
76.30
76.30
76.29
76.30
76.31
76.26
76.23
76.25
76.23
76.22
76.19
76.19
76.21
76.22
76.22
76.21
76.21
76.19
76.17
76.17
76.17
76.16
76.13
76.12
76.07
76.08
76.11
76.10
76.09
76.09
76.08
76.13
76.12
76.15
76.13
76.14
76.15
76.11
76.11
76.12
76.12
76.03
76.03
76.05
76.05
76.06
76.04
76.05
76.04
76.05
76.06
76.04
76.05
76.05
76.05
76.08
76.05
76.05
76.08
76.07
76.06
76.04
76.04
76.04
76.05
76.06
76.06
76.07
76.02
76.02
76.04
76.05
76.05
76.09
76.11
76.14
76.17
76.11
76.13
76.11
76.10
76.10
76.12
76.11
76.10
76.09
76.11
76.13
76.15
76.13
76.11
76.15
76.16
76.17
76.15
76.17
76.17
76.14
76.14
76.15
76.17
76.17
76.20
76.20
76.22
76.20
76.21
76.18
76.18
76.21
76.20
76.20
76.19
76.20
76.18
76.17
76.16
76.13
76.12
76.14
76.13
76.13
76.13
76.14
76.13
76.13
76.15
76.15
76.16
76.20
76.25
76.26
76.27
76.25
76.23
76.25
76.28
76.26
76.24
76.22
76.20
76.20
76.21
76.21
76.17
76.19
76.17
76.15
76.15
76.18
76.14
76.15
76.16
76.16
76.17
76.16
76.17
76.16
76.15
76.14
76.17
76.16
76.16
76.16
76.17
76.15
76.15
76.15
76.16
76.15
76.15
76.17
76.15
76.16
76.13
76.13
76.11
76.13
76.13
76.16
76.16
76.16
76.18
76.19
76.19
76.20
76.20
76.18
76.20
76.18
76.17
76.20
76.20
76.22
76.24
76.21
76.22
76.23
76.26
76.23
76.24
76.23
76.23
76.20
76.19
76.21
76.20
76.19
76.20
76.21
76.20
76.21
76.22
76.25
76.27
76.27
76.26
76.26
76.28
76.26
76.26
76.26
76.24
76.24
76.24
76.24
76.25
76.24
76.23
76.22
76.22
76.21
76.20
76.19
76.15
76.12
76.12
76.11
76.10
76.10
76.11
76.09
76.08
76.09
76.08
76.08
76.08
76.07
76.07
76.06
76.05
76.06
76.06
76.06
76.06
76.06
76.06
76.04
76.06
76.08
76.08
76.09
76.08
76.08
76.08
76.08
76.09
76.09
76.08
76.08
76.08
76.08
76.09
76.09
76.09
76.10
76.10
76.09
76.09
76.09
76.09
76.10
76.09
76.09
76.11
76.09
76.09
76.08
76.06
76.05
76.06
76.05
76.04
76.03
76.02
76.01
76.01
76.00
76.00
75.99
76.00
76.01
75.99
76.00
75.98
75.97
75.97
75.98
75.98
75.99
75.99
76.01
76.01
76.01
76.02
76.01
76.01
76.02
76.01
76.00
75.99
76.00
76.01
76.01
76.01
76.01
76.01
76.03
76.04
76.04
76.04
76.04
76.03
76.04
76.03
76.04
76.05
76.06
76.06
76.05
76.05
76.06
76.05
76.04
76.05
76.05
76.04
76.04
76.04
76.03
76.04
76.04
76.03
76.04
76.05
76.04
76.06
76.04
76.04
76.02
76.04
76.04
76.04
76.05
76.06
76.06
76.06
76.08
76.08
76.08
76.07
76.07
76.07
76.08
76.07
76.08
76.08
76.07
76.07
76.07
76.07
76.06
76.04
76.04
76.03
76.03
76.02
76.02
76.02
76.02
76.00
76.01
76.00
76.01
76.01
76.02
76.04
76.05
76.06
76.07
76.07
76.08
76.07
76.07
76.05
76.05
76.04
76.04
76.05
76.05
76.05
76.05
76.05
76.04
76.05
76.06
76.07
76.06
76.05
76.03
76.05
76.06
76.06
76.07
76.08
76.09
76.06
76.06
76.06
76.06
76.05
76.05
76.05
76.05
76.03
76.03
76.03
76.03
76.03
76.03
76.02
76.00
76.00
76.01
76.01
76.01
76.01
76.01
76.01
76.02
76.01
76.01
76.01
76.01
76.02
76.03
76.04
76.03
76.04
76.04
76.02
76.02
76.02
76.02
76.01
76.00
76.00
76.01
76.01
76.02
76.02
76.03
76.04
76.04
76.03
76.05
76.05
76.06
76.07
76.07
76.07
76.06
76.07
76.06
76.05
76.05
76.04
76.05
76.05
76.05
76.05
76.05
76.05
76.06
76.06
76.07
76.06
76.06
76.06
76.05
76.05
76.04
76.05
76.06
76.07
76.05
76.07
76.07
76.07
76.07
76.06
76.05
76.05
76.06
76.07
76.07
76.08
76.09
76.09
76.10
76.10
76.10
76.10
76.11
76.10
76.11
76.12
76.11
76.12
76.13
76.12
76.12
76.13
76.14
76.15
76.15
76.15
76.16
76.17
76.16
76.15
76.16
76.17
76.17
76.18
76.17
76.19
76.18
76.18
76.18
76.18
76.18
76.19
76.19
76.20
76.20
76.20
76.20
76.21
76.21
76.21
76.21
76.22
76.22
76.21
76.21
76.22
76.22
76.22
76.22
76.21
76.19
76.19
76.18
76.18
76.17
76.18
76.16
76.16
76.15
76.15
76.14
76.16
76.15
76.15
76.14
76.14
76.14
76.14
76.13
76.13
76.14
76.14
76.13
76.14
76.14
76.14
76.14
76.15
76.14
76.15
76.08
