68.75
74.22
73.96
72.27
73.44
73.18
72.77
73.05
74.13
75.62
76.28
75.78
76.32
76.56
76.88
76.46
76.84
77.26
77.55
77.27
77.53
78.05
78.26
77.93
77.94
77.94
77.84
78.24
78.29
78.12
78.38
78.52
78.17
78.08
77.77
77.73
77.58
77.34
77.36
77.30
77.29
77.38
77.33
77.49
77.53
77.51
77.53
77.60
77.55
77.72
77.45
77.52
77.48
77.46
77.41
77.29
77.25
77.16
77.15
77.08
77.00
76.92
76.88
76.86
76.83
76.75
76.75
76.63
76.65
76.63
76.58
76.65
76.50
76.33
76.38
76.27
76.14
76.16
76.11
75.94
75.93
75.93
75.98
76.08
75.97
76.00
75.95
75.89
75.98
75.85
75.86
75.88
75.94
75.98
76.07
76.06
76.08
76.07
76.06
76.03
76.07
76.03
76.06
76.17
76.19
76.28
76.29
76.26
76.29
76.36
76.25
76.26
76.13
76.22
76.26
76.24
76.22
76.23
76.13
76.15
76.15
76.04
76.08
76.11
76.15
76.13
76.09
76.12
76.10
76.12
76.22
76.27
76.33
76.33
76.33
76.31
76.25
76.29
76.29
76.26
76.33
76.30
76.29
76.27
76.26
76.26
76.26
76.25
76.23
76.28
76.31
76.30
76.28
76.30
76.34
76.40
76.44
76.43
76.40
76.34
76.38
76.46
76.46
76.46
76.41
76.45
76.38
76.40
76.45
76.45
76.46
76.42
76.42
76.38
76.42
76.37
76.39
76.40
76.39
76.41
76.45
76.49
76.47
76.45
76.49
76.50
76.52
76.55
76.56
76.52
76.48
76.49
76.46
76.47
76.47
76.44
76.40
76.40
76.45
76.45
76.46
76.45
76.46
76.44
76.43
76.46
76.47
76.47
76.44
76.47
76.45
76.42
76.45
76.45
76.45
76.43
76.41
76.41
76.43
76.41
76.41
76.41
76.41
76.40
76.43
76.40
76.39
76.44
76.46
76.49
76.46
76.47
76.47
76.45
76.42
76.40
76.36
76.36
76.37
76.41
76.47
76.49
76.50
76.50
76.47
76.49
76.48
76.46
76.46
76.46
76.47
76.47
76.47
76.45
76.46
76.49
76.48
76.49
76.49
76.50
76.52
76.53
76.54
76.54
76.57
76.56
76.52
76.54
76.49
76.49
76.50
76.51
76.51
76.50
76.50
76.49
76.48
76.48
76.52
76.49
76.50
76.49
76.50
76.48
76.50
76.48
76.51
76.52
76.52
76.52
76.52
76.51
76.53
76.50
76.48
76.47
76.47
76.50
76.47
76.47
76.47
76.46
76.46
76.46
76.48
76.46
76.45
76.41
76.40
76.41
76.43
76.43
76.42
76.43
76.42
76.42
76.42
76.42
76.41
76.44
76.43
76.42
76.43
76.42
76.43
76.42
76.42
76.42
76.40
76.41
76.43
76.42
76.42
76.43
76.44
76.43
76.45
76.46
76.46
76.50
76.48
76.48
76.47
76.49
76.49
76.47
76.46
76.46
76.45
76.45
76.46
76.48
76.49
76.50
76.51
76.51
76.49
76.50
76.50
76.51
76.53
76.55
76.56
76.56
76.56
76.56
76.57
76.57
76.57
76.55
76.56
76.57
76.56
76.55
76.54
76.53
76.52
76.53
76.53
76.52
76.52
76.55
76.55
76.55
76.55
76.55
76.55
76.54
76.56
76.55
76.53
76.53
76.53
76.53
76.53
76.52
76.51
76.52
76.54
76.52
76.50
76.50
76.48
76.50
76.50
76.49
76.49
76.49
76.48
76.51
76.52
76.52
76.52
76.51
76.49
76.49
76.48
76.48
76.48
76.47
76.47
76.48
76.46
76.47
76.50
76.48
76.48
76.48
76.47
76.47
76.47
76.45
76.44
76.44
76.44
76.44
76.44
76.46
76.45
76.47
76.46
76.46
76.48
76.49
76.49
76.49
76.48
76.49
76.49
76.47
76.49
76.51
76.51
76.51
76.51
76.50
76.51
76.52
76.53
76.54
76.53
76.54
76.55
76.56
76.56
76.57
76.57
76.57
76.56
76.55
76.53
76.55
76.55
76.54
76.53
76.53
76.51
76.53
76.54
76.55
76.57
76.56
76.55
76.55
76.54
76.54
76.54
76.56
76.55
76.56
76.57
76.57
76.55
76.54
76.54
76.53
76.54
76.55
76.53
76.53
76.53
76.53
76.52
76.51
76.52
76.50
76.49
76.47
76.46
76.45
76.46
76.46
76.46
76.47
76.46
76.47
76.46
76.45
76.43
76.41
76.39
76.40
76.40
76.39
76.38
76.39
76.38
76.38
76.37
76.36
76.38
76.38
76.37
76.38
76.37
76.36
76.37
76.36
76.36
76.35
76.36
76.36
76.36
76.36
76.36
76.36
76.36
76.37
76.38
76.38
76.40
76.39
76.39
76.41
76.40
76.39
76.39
76.39
76.38
76.40
76.41
76.40
76.39
76.40
76.40
76.39
76.39
76.40
76.39
76.39
76.39
76.38
76.40
76.40
76.40
76.42
76.42
76.42
76.42
76.41
76.41
76.41
76.41
76.40
76.42
76.41
76.43
76.43
76.43
76.44
76.44
76.44
76.45
76.44
76.44
76.42
76.43
76.43
76.42
76.41
76.41
76.40
76.39
76.41
76.41
76.40
76.39
76.39
76.40
76.40
76.39
76.40
76.39
76.39
76.39
76.40
76.39
76.39
76.39
76.40
76.41
76.42
76.42
76.42
76.41
76.40
76.39
76.38
76.38
76.37
76.37
76.37
76.35
76.35
76.35
76.35
76.36
76.37
76.37
76.37
76.36
76.37
76.37
76.37
76.36
76.34
76.34
76.35
76.34
76.34
76.34
76.33
76.32
76.31
76.31
76.31
76.31
76.31
76.31
76.31
76.31
76.31
76.30
76.30
76.30
76.29
76.29
76.30
76.30
76.31
76.32
76.32
76.32
76.32
76.32
76.32
76.32
76.32
76.32
76.31
76.32
76.32
76.31
76.31
76.32
76.31
76.31
76.31
76.31
76.30
76.30
76.30
76.29
76.29
76.29
76.29
76.29
76.29
76.27
76.26
76.27
76.28
76.27
76.27
76.28
76.28
76.28
76.27
76.27
76.28
76.27
76.27
76.27
76.27
76.26
76.26
76.26
76.26
76.25
76.25
76.25
76.24
76.24
76.24
76.22
76.22
76.22
76.22
76.22
76.22
76.21
76.20
76.20
76.20
76.19
76.19
76.20
76.19
76.20
76.20
76.20
76.20
76.20
76.20
76.20
76.19
76.18
76.19
76.19
76.19
76.20
76.21
76.21
76.21
76.20
76.22
76.21
76.21
76.22
76.22
76.23
76.24
76.23
76.23
76.24
76.24
76.22
76.21
76.21
76.20
76.19
76.19
76.18
76.18
76.18
76.17
76.17
76.18
76.18
76.16
76.16
76.08
