76.56
79.69
78.12
75.78
75.62
74.22
74.55
74.61
73.96
74.22
75.00
75.13
75.84
76.34
76.25
76.66
76.65
76.30
75.99
76.17
76.49
76.63
76.77
76.76
76.38
76.50
76.62
76.40
76.35
76.20
75.96
75.83
75.99
76.01
76.12
75.91
76.10
76.15
76.20
76.05
76.11
76.12
76.31
76.24
76.25
76.12
76.03
76.07
76.08
75.97
75.89
75.87
75.94
76.01
75.99
75.98
75.88
75.92
75.82
75.83
75.69
75.68
75.74
75.78
75.87
75.88
76.00
76.06
76.13
76.14
76.08
76.17
76.11
76.12
76.17
76.15
76.14
76.20
76.15
76.23
76.33
76.35
76.26
76.26
76.19
76.20
76.20
76.21
76.23
76.22
76.20
76.22
76.19
76.16
76.09
76.04
76.14
76.15
76.15
76.19
76.24
76.19
76.14
76.16
76.13
76.09
76.17
76.19
76.18
76.18
76.18
76.23
76.31
76.32
76.28
76.29
76.35
76.27
76.33
76.33
76.24
76.24
76.18
76.22
76.12
76.07
76.07
76.09
76.14
76.12
76.06
76.09
76.10
76.07
76.10
76.13
76.15
76.11
76.11
76.07
76.13
76.10
76.06
76.09
76.14
76.17
76.15
76.16
76.16
76.16
76.18
76.23
76.26
76.25
76.26
76.31
76.27
76.27
76.27
76.27
76.24
76.23
76.25
76.23
76.22
76.20
76.22
76.17
76.16
76.11
76.11
76.06
76.09
76.12
76.13
76.13
76.17
76.14
76.14
76.14
76.18
76.15
76.14
76.11
76.16
76.13
76.14
76.15
76.17
76.16
76.17
76.19
76.19
76.19
76.15
76.14
76.14
76.16
76.16
76.12
76.14
76.13
76.09
76.16
76.11
76.14
76.15
76.16
76.16
76.18
76.21
76.19
76.18
76.17
76.18
76.17
76.20
76.20
76.18
76.17
76.19
76.22
76.23
76.21
76.22
76.22
76.22
76.23
76.20
76.22
76.23
76.25
76.25
76.23
76.22
76.19
76.19
76.16
76.18
76.15
76.17
76.16
76.13
76.13
76.14
76.09
76.06
76.03
76.03
75.99
75.98
76.00
76.04
76.06
76.07
76.09
76.09
76.09
76.09
76.08
76.11
76.10
76.08
76.09
76.08
76.06
76.05
76.06
76.07
76.08
76.11
76.11
76.11
76.08
76.08
76.09
76.09
76.10
76.06
76.06
76.08
76.07
76.09
76.10
76.10
76.11
76.13
76.12
76.13
76.10
76.10
76.11
76.11
76.11
76.10
76.12
76.14
76.15
76.17
76.16
76.16
76.15
76.18
76.19
76.18
76.20
76.18
76.18
76.17
76.16
76.13
76.15
76.17
76.18
76.17
76.18
76.16
76.16
76.17
76.18
76.17
76.16
76.19
76.17
76.16
76.13
76.10
76.09
76.06
76.06
76.06
76.06
76.08
76.06
76.06
76.06
76.05
76.04
76.05
76.04
76.03
76.03
76.02
76.04
76.06
76.07
76.07
76.05
76.02
76.02
76.00
75.99
76.00
76.02
76.00
76.01
76.02
76.05
76.07
76.08
76.06
76.05
76.06
76.08
76.07
76.08
76.09
76.12
76.16
76.17
76.16
76.17
76.16
76.15
76.16
76.16
76.15
76.14
76.15
76.15
76.14
76.13
76.13
76.12
76.14
76.13
76.15
76.18
76.17
76.14
76.13
76.12
76.14
76.15
76.12
76.11
76.14
76.16
76.15
76.11
76.09
76.09
76.09
76.09
76.09
76.11
76.10
76.10
76.09
76.08
76.08
76.10
76.09
76.11
76.11
76.12
76.14
76.16
76.13
76.12
76.12
76.13
76.12
76.11
76.12
76.15
76.15
76.16
76.17
76.17
76.19
76.19
76.20
76.20
76.21
76.20
76.19
76.17
76.17
76.18
76.18
76.17
76.17
76.18
76.19
76.19
76.20
76.22
76.22
76.22
76.23
76.24
76.28
76.29
76.30
76.31
76.32
76.34
76.34
76.35
76.33
76.33
76.32
76.32
76.32
76.32
76.33
76.34
76.35
76.36
76.36
76.36
76.35
76.33
76.34
76.34
76.33
76.32
76.32
76.31
76.31
76.33
76.33
76.33
76.34
76.35
76.34
76.32
76.31
76.29
76.29
76.29
76.26
76.25
76.25
76.25
76.25
76.24
76.24
76.25
76.26
76.26
76.25
76.25
76.25
76.25
76.25
76.24
76.25
76.27
76.26
76.28
76.28
76.26
76.26
76.27
76.26
76.26
76.26
76.27
76.26
76.26
76.26
76.25
76.24
76.24
76.24
76.26
76.25
76.24
76.25
76.26
76.25
76.25
76.25
76.24
76.25
76.25
76.25
76.25
76.26
76.25
76.25
76.26
76.26
76.26
76.25
76.24
76.23
76.21
76.18
76.19
76.18
76.18
76.19
76.19
76.20
76.20
76.19
76.21
76.20
76.20
76.20
76.21
76.22
76.22
76.23
76.25
76.25
76.25
76.26
76.26
76.27
76.28
76.28
76.29
76.28
76.28
76.29
76.29
76.29
76.28
76.28
76.30
76.28
76.29
76.28
76.28
76.27
76.28
76.28
76.28
76.27
76.26
76.25
76.26
76.26
76.28
76.29
76.29
76.29
76.29
76.29
76.28
76.28
76.27
76.27
76.27
76.24
76.26
76.26
76.25
76.25
76.26
76.27
76.27
76.26
76.26
76.26
76.26
76.25
76.23
76.25
76.25
76.26
76.26
76.26
76.24
76.23
76.23
76.22
76.23
76.23
76.23
76.24
76.24
76.25
76.25
76.25
76.25
76.25
76.24
76.24
76.24
76.24
76.26
76.25
76.26
76.26
76.25
76.25
76.26
76.27
76.26
76.25
76.26
76.25
76.25
76.26
76.26
76.25
76.26
76.25
76.23
76.22
76.20
76.20
76.20
76.19
76.19
76.19
76.20
76.19
76.20
76.20
76.20
76.20
76.20
76.21
76.21
76.19
76.21
76.19
76.19
76.19
76.18
76.18
76.18
76.18
76.19
76.20
76.20
76.19
76.19
76.18
76.17
76.17
76.17
76.17
76.17
76.17
76.19
76.19
76.18
76.17
76.17
76.17
76.17
76.16
76.16
76.16
76.16
76.16
76.18
76.18
76.16
76.17
76.17
76.16
76.17
76.18
76.18
76.19
76.19
76.19
76.19
76.19
76.18
76.18
76.18
76.18
76.19
76.19
76.19
76.20
76.19
76.18
76.18
76.18
76.20
76.19
76.19
76.19
76.19
76.20
76.19
76.20
76.20
76.19
76.19
76.19
76.17
76.17
76.17
76.16
76.16
76.16
76.16
76.15
76.15
76.15
76.15
76.15
76.14
76.15
76.14
76.14
76.14
76.13
76.12
76.11
76.11
76.10
76.10
76.11
76.12
76.13
76.13
76.14
76.13
76.15
76.07
