73.44
78.91
79.69
80.86
78.44
78.65
77.46
77.73
78.30
77.81
77.27
77.21
76.80
77.12
77.50
77.34
77.94
77.69
77.80
77.89
77.98
77.70
77.51
77.80
77.88
77.22
77.14
77.18
77.26
77.40
77.17
77.15
76.99
77.02
76.92
76.95
77.20
77.30
76.88
76.87
76.91
77.01
76.93
76.92
76.74
76.66
76.86
76.92
76.66
76.69
76.78
76.65
76.65
76.74
76.65
76.53
76.51
76.51
76.64
76.67
76.72
76.71
76.76
76.88
76.80
76.82
76.89
76.88
76.79
76.83
76.65
76.67
76.56
76.52
76.56
76.69
76.64
76.64
76.60
76.64
76.60
76.58
76.75
76.75
76.76
76.80
76.76
76.74
76.79
76.81
76.75
76.78
76.70
76.61
76.63
76.60
76.61
76.58
76.53
76.59
76.61
76.56
76.55
76.55
76.59
76.70
76.69
76.65
76.62
76.66
76.69
76.67
76.71
76.71
76.70
76.70
76.67
76.58
76.51
76.48
76.47
76.49
76.40
76.30
76.30
76.29
76.30
76.28
76.27
76.17
76.17
76.14
76.13
76.17
76.16
76.17
76.14
76.13
76.11
76.17
76.20
76.16
76.15
76.09
76.10
76.09
76.03
75.97
76.00
76.00
76.08
76.13
76.12
76.16
76.14
76.12
76.10
76.13
76.09
76.06
76.12
76.11
76.07
76.09
76.08
76.16
76.12
76.08
76.09
76.12
76.14
76.17
76.17
76.16
76.12
76.15
76.15
76.16
76.14
76.15
76.11
76.06
76.05
76.06
76.11
76.10
76.04
76.03
76.07
76.08
76.10
76.03
76.04
76.01
76.01
75.98
76.00
75.95
76.01
76.02
75.99
75.98
76.03
76.04
76.04
76.02
76.00
75.97
75.94
75.94
75.98
75.99
75.98
76.01
75.99
75.99
76.02
76.02
76.03
76.04
76.04
76.03
76.04
76.03
76.04
76.00
76.03
76.02
76.04
76.05
76.06
76.09
76.10
76.07
76.08
76.07
76.09
76.12
76.09
76.09
76.10
76.16
76.14
76.12
76.08
76.10
76.11
76.11
76.15
76.16
76.11
76.12
76.12
76.11
76.13
76.07
76.05
76.04
76.02
76.03
76.05
76.06
76.02
76.04
76.05
76.08
76.07
76.08
76.09
76.11
76.12
76.13
76.12
76.12
76.12
76.15
76.17
76.16
76.15
76.12
76.15
76.13
76.13
76.11
76.11
76.13
76.14
76.12
76.09
76.09
76.08
76.10
76.07
76.04
76.04
76.02
75.99
76.00
75.99
75.94
75.96
75.96
75.96
75.93
75.93
75.94
75.95
75.97
75.99
75.97
76.00
75.99
76.00
76.00
76.00
76.00
75.95
75.95
75.96
75.97
75.99
75.99
76.01
75.99
75.99
75.98
75.97
75.96
75.97
75.98
75.97
75.96
75.94
75.93
75.94
75.94
75.93
75.92
75.93
75.92
75.94
75.96
75.99
75.98
75.99
75.99
76.02
76.03
76.04
76.06
76.07
76.06
76.06
76.05
76.07
76.08
76.06
76.06
76.04
76.05
76.04
76.04
76.03
76.04
76.03
76.04
76.03
76.04
76.03
76.02
76.00
76.02
76.01
75.99
75.98
75.96
75.98
76.00
76.02
76.04
76.03
76.04
76.02
76.02
76.01
76.02
76.03
76.02
76.00
76.01
76.03
76.04
76.03
76.04
76.04
76.03
76.02
76.02
76.03
76.04
76.04
76.05
76.03
76.04
76.04
76.05
76.07
76.07
76.08
76.05
76.05
76.06
76.09
76.09
76.08
76.07
76.05
76.05
76.07
76.05
76.03
76.03
76.02
76.02
76.04
76.05
76.05
76.04
76.05
76.04
76.04
76.05
76.04
76.04
76.05
76.04
76.03
76.04
76.05
76.04
76.05
76.06
76.07
76.06
76.04
76.05
76.07
76.05
76.05
76.05
76.05
76.06
76.07
76.08
76.09
76.09
76.09
76.09
76.10
76.09
76.10
76.10
76.09
76.08
76.10
76.10
76.11
76.11
76.11
76.11
76.12
76.11
76.11
76.13
76.14
76.15
76.17
76.18
76.15
76.17
76.17
76.17
76.17
76.17
76.20
76.20
76.19
76.18
76.19
76.19
76.22
76.22
76.23
76.22
76.22
76.20
76.20
76.21
76.21
76.20
76.19
76.19
76.18
76.18
76.16
76.16
76.17
76.18
76.18
76.17
76.16
76.16
76.15
76.16
76.17
76.18
76.17
76.16
76.17
76.17
76.16
76.16
76.16
76.16
76.13
76.14
76.16
76.15
76.14
76.14
76.13
76.13
76.13
76.14
76.14
76.13
76.11
76.11
76.12
76.12
76.11
76.11
76.08
76.09
76.09
76.09
76.11
76.10
76.10
76.10
76.11
76.11
76.12
76.14
76.14
76.16
76.15
76.16
76.17
76.17
76.16
76.15
76.14
76.14
76.13
76.13
76.13
76.13
76.14
76.12
76.12
76.11
76.12
76.12
76.12
76.12
76.12
76.12
76.13
76.14
76.14
76.12
76.13
76.13
76.11
76.11
76.09
76.08
76.07
76.07
76.08
76.08
76.09
76.08
76.07
76.08
76.07
76.07
76.06
76.06
76.07
76.07
76.06
76.06
76.06
76.05
76.05
76.05
76.05
76.06
76.06
76.05
76.05
76.04
76.03
76.01
76.02
76.01
76.01
76.02
76.02
76.04
76.03
76.04
76.03
76.02
76.03
76.03
76.03
76.03
76.01
76.01
76.01
76.01
76.02
76.03
76.03
76.02
76.01
76.01
76.02
76.02
76.01
76.00
76.02
76.01
76.02
76.02
76.01
76.03
76.03
76.03
76.02
76.03
76.03
76.03
76.02
76.02
76.02
76.03
76.01
76.01
76.02
76.02
76.02
76.00
76.00
76.00
76.01
76.02
76.02
76.02
76.02
76.02
76.03
76.03
76.03
76.02
76.01
76.03
76.05
76.06
76.06
76.06
76.06
76.07
76.06
76.05
76.05
76.06
76.06
76.08
76.09
76.10
76.10
76.10
76.11
76.11
76.12
76.13
76.12
76.11
76.10
76.11
76.12
76.12
76.11
76.11
76.12
76.12
76.12
76.13
76.12
76.12
76.12
76.12
76.11
76.11
76.10
76.11
76.11
76.10
76.10
76.11
76.11
76.11
76.12
76.11
76.12
76.12
76.13
76.14
76.14
76.14
76.15
76.15
76.15
76.16
76.16
76.17
76.18
76.18
76.18
76.18
76.17
76.19
76.19
76.20
76.21
76.20
76.20
76.21
76.21
76.20
76.20
76.20
76.19
76.19
76.19
76.18
76.18
76.19
76.19
76.18
76.17
76.17
76.16
76.17
76.16
76.17
76.16
76.15
76.15
76.15
76.16
76.16
76.17
76.15
76.15
76.14
76.15
76.07
