75.00
77.34
76.56
75.78
74.69
74.48
73.44
73.05
74.48
76.09
75.85
75.65
76.44
76.79
76.46
76.76
77.30
77.43
77.47
77.73
77.90
77.27
77.38
77.54
77.38
76.86
77.14
76.90
76.99
77.03
76.46
76.27
75.85
75.60
75.85
75.61
75.59
75.58
75.48
75.35
75.15
75.19
74.96
74.93
75.03
75.10
75.17
75.29
75.41
75.34
75.52
75.42
75.38
75.43
75.51
75.53
75.49
75.48
75.56
75.49
75.51
75.55
75.67
75.76
75.67
75.57
75.56
75.69
75.57
75.54
75.57
75.52
75.43
75.49
75.46
75.41
75.43
75.44
75.49
75.49
75.58
75.69
75.79
75.87
75.94
75.96
75.88
75.96
75.95
76.04
75.94
76.04
76.06
76.01
76.05
76.04
76.05
76.00
76.03
75.97
75.93
75.87
75.86
75.72
75.71
75.62
75.61
75.58
75.56
75.65
75.68
75.63
75.69
75.74
75.76
75.75
75.79
75.85
75.85
75.82
75.84
75.88
75.89
75.95
75.95
75.92
75.94
75.92
75.94
75.94
75.94
75.95
75.95
76.03
76.00
76.00
75.98
76.00
76.01
76.05
76.03
76.01
75.95
75.94
75.94
75.93
75.92
75.96
76.01
75.99
76.02
76.04
76.02
76.05
76.04
76.04
76.02
76.03
76.07
76.06
76.10
76.12
76.15
76.17
76.23
76.22
76.19
76.25
76.23
76.19
76.17
76.20
76.19
76.25
76.23
76.27
76.28
76.26
76.23
76.28
76.26
76.26
76.27
76.29
76.32
76.31
76.26
76.27
76.25
76.27
76.32
76.32
76.32
76.26
76.27
76.24
76.22
76.23
76.21
76.24
76.24
76.26
76.24
76.19
76.18
76.15
76.09
76.08
76.12
76.12
76.12
76.15
76.18
76.18
76.17
76.16
76.18
76.16
76.17
76.18
76.17
76.17
76.17
76.16
76.15
76.17
76.12
76.12
76.10
76.12
76.11
76.10
76.09
76.08
76.08
76.04
76.04
76.04
76.04
76.05
76.04
76.03
76.03
76.07
76.10
76.11
76.11
76.12
76.14
76.12
76.13
76.17
76.11
76.13
76.13
76.12
76.16
76.20
76.19
76.19
76.19
76.20
76.15
76.11
76.07
76.03
76.06
76.05
76.01
76.00
76.01
76.01
76.01
76.01
76.00
76.00
76.03
76.05
76.08
76.07
76.09
76.12
76.18
76.19
76.21
76.23
76.26
76.29
76.31
76.34
76.31
76.32
76.33
76.33
76.32
76.29
76.28
76.26
76.25
76.26
76.25
76.24
76.23
76.25
76.24
76.24
76.24
76.22
76.24
76.21
76.18
76.19
76.21
76.18
76.17
76.16
76.16
76.14
76.15
76.13
76.12
76.12
76.12
76.14
76.12
76.13
76.15
76.18
76.15
76.15
76.14
76.15
76.15
76.16
76.18
76.17
76.18
76.16
76.18
76.16
76.15
76.14
76.18
76.19
76.19
76.20
76.17
76.14
76.18
76.17
76.17
76.17
76.17
76.16
76.15
76.17
76.16
76.15
76.17
76.15
76.15
76.13
76.10
76.10
76.10
76.10
76.09
76.07
76.08
76.10
76.08
76.10
76.08
76.06
76.03
76.03
76.02
76.02
76.01
76.04
76.03
76.04
76.04
76.03
76.03
76.06
76.09
76.08
76.09
76.07
76.07
76.06
76.09
76.10
76.11
76.09
76.08
76.08
76.08
76.10
76.11
76.11
76.12
76.13
76.13
76.15
76.14
76.16
76.15
76.14
76.14
76.15
76.15
76.14
76.16
76.14
76.12
76.09
76.10
76.11
76.12
76.11
76.10
76.09
76.10
76.10
76.12
76.12
76.12
76.13
76.15
76.15
76.16
76.16
76.15
76.14
76.14
76.15
76.14
76.15
76.14
76.14
76.15
76.15
76.15
76.17
76.17
76.18
76.21
76.22
76.23
76.21
76.20
76.19
76.17
76.17
76.15
76.16
76.12
76.11
76.10
76.09
76.10
76.10
76.11
76.12
76.12
76.12
76.10
76.09
76.08
76.06
76.07
76.07
76.07
76.02
76.03
76.02
76.03
76.02
76.00
76.00
75.97
75.97
75.97
75.96
75.98
75.99
75.98
75.97
75.98
75.97
75.98
75.97
75.97
75.93
75.94
75.93
75.92
75.90
75.92
75.91
75.93
75.95
75.96
75.94
75.95
75.94
75.96
75.96
75.97
75.95
75.94
75.93
75.94
75.93
75.93
75.94
75.95
75.96
75.94
75.93
75.93
75.92
75.92
75.91
75.91
75.92
75.92
75.94
75.94
75.93
75.94
75.93
75.93
75.91
75.89
75.89
75.90
75.89
75.89
75.89
75.91
75.91
75.92
75.92
75.92
75.93
75.94
75.93
75.93
75.93
75.94
75.93
75.93
75.92
75.93
75.94
75.94
75.94
75.94
75.92
75.92
75.93
75.93
75.92
75.90
75.89
75.90
75.90
75.92
75.91
75.91
75.90
75.90
75.90
75.89
75.90
75.90
75.90
75.91
75.92
75.92
75.90
75.90
75.90
75.89
75.90
75.90
75.90
75.90
75.90
75.90
75.91
75.92
75.93
75.94
75.95
75.95
75.95
75.95
75.95
75.95
75.97
75.99
75.99
75.99
75.99
75.99
75.98
75.98
75.97
75.97
75.98
75.99
75.99
75.99
75.99
75.99
75.99
75.98
75.98
75.98
75.99
75.99
75.98
75.97
75.98
75.98
75.99
75.98
75.98
75.97
75.98
75.96
75.96
75.96
75.95
75.95
75.96
75.97
75.98
75.98
75.99
76.00
76.00
75.99
76.00
75.99
75.97
75.97
75.98
75.98
75.99
76.00
76.01
76.00
75.99
75.99
76.00
76.01
76.00
76.02
76.02
76.02
76.02
76.03
76.03
76.03
76.04
76.04
76.03
76.02
76.02
76.02
76.01
76.01
76.01
76.00
75.99
76.01
76.02
76.01
76.02
76.01
76.00
76.01
76.00
76.00
75.99
75.99
76.00
76.00
75.99
75.99
75.99
76.00
76.00
76.00
76.01
76.01
76.02
76.02
76.02
76.02
76.02
76.02
76.02
76.03
76.04
76.04
76.03
76.01
76.02
76.02
76.01
75.99
76.00
76.01
76.02
76.02
76.01
76.00
75.98
75.98
75.97
75.96
75.96
75.96
75.97
75.95
75.95
75.95
75.95
75.94
75.95
75.95
75.96
75.97
75.97
75.97
75.97
75.97
75.97
75.96
75.95
75.94
75.94
75.94
75.93
75.93
75.92
75.92
75.92
75.92
75.91
75.91
75.91
75.92
75.91
75.90
75.89
75.89
75.88
75.88
75.88
75.89
75.90
75.88
75.89
75.89
75.89
75.88
75.90
75.91
75.91
75.92
75.92
75.91
75.92
75.91
75.85
