79.69
78.91
79.17
76.56
77.19
77.60
78.79
77.15
76.56
76.25
76.99
76.95
76.44
76.23
76.46
75.20
75.46
75.09
74.51
74.22
74.26
74.29
74.52
74.67
74.88
74.94
75.06
75.06
75.00
74.90
74.90
75.24
75.19
74.63
74.69
74.65
74.54
74.55
74.52
74.34
74.50
74.48
74.45
74.50
74.51
74.69
74.90
74.71
74.55
74.66
74.85
74.85
74.62
74.59
74.63
74.80
74.92
74.81
74.92
75.00
74.85
74.80
74.78
74.90
74.98
75.12
75.05
75.00
75.07
74.93
75.07
74.98
75.04
75.08
75.12
75.10
75.04
74.96
74.82
74.82
74.90
74.87
74.79
74.81
74.80
74.80
74.84
74.82
74.77
74.72
74.83
74.81
74.93
74.93
74.90
75.02
75.00
74.94
74.98
74.97
75.00
75.03
75.03
75.05
75.04
75.01
75.06
75.09
75.16
75.13
75.15
75.14
75.12
75.14
75.20
75.15
75.16
75.17
75.24
75.20
75.26
75.27
75.27
75.24
75.26
75.36
75.37
75.43
75.46
75.47
75.48
75.50
75.49
75.51
75.50
75.49
75.44
75.53
75.55
75.52
75.54
75.57
75.59
75.60
75.59
75.58
75.57
75.58
75.52
75.51
75.52
75.51
75.54
75.51
75.50
75.56
75.52
75.48
75.45
75.42
75.47
75.55
75.53
75.53
75.56
75.58
75.63
75.65
75.65
75.61
75.60
75.55
75.52
75.51
75.52
75.51
75.49
75.48
75.49
75.44
75.50
75.54
75.55
75.51
75.54
75.56
75.58
75.62
75.62
75.62
75.67
75.64
75.60
75.58
75.53
75.52
75.49
75.48
75.47
75.49
75.49
75.48
75.45
75.40
75.43
75.43
75.39
75.44
75.43
75.43
75.42
75.43
75.43
75.42
75.45
75.50
75.48
75.49
75.49
75.50
75.47
75.52
75.52
75.59
75.58
75.60
75.63
75.63
75.63
75.59
75.58
75.58
75.58
75.59
75.63
75.64
75.65
75.67
75.66
75.70
75.73
75.72
75.69
75.66
75.66
75.65
75.62
75.63
75.63
75.66
75.67
75.69
75.67
75.66
75.64
75.66
75.64
75.66
75.70
75.70
75.69
75.71
75.69
75.69
75.73
75.71
75.69
75.68
75.63
75.63
75.66
75.67
75.66
75.64
75.65
75.65
75.65
75.68
75.66
75.68
75.67
75.67
75.68
75.68
75.68
75.66
75.69
75.69
75.71
75.70
75.69
75.68
75.70
75.69
75.70
75.67
75.67
75.68
75.69
75.73
75.70
75.70
75.70
75.70
75.69
75.67
75.68
75.68
75.68
75.68
75.70
75.72
75.71
75.72
75.71
75.72
75.69
75.72
75.73
75.71
75.71
75.70
75.70
75.72
75.71
75.69
75.70
75.71
75.72
75.70
75.71
75.68
75.70
75.69
75.70
75.73
75.75
75.75
75.76
75.75
75.75
75.74
75.76
75.76
75.76
75.77
75.76
75.74
75.76
75.75
75.74
75.73
75.72
75.74
75.72
75.75
75.76
75.77
75.76
75.74
75.75
75.76
75.75
75.75
75.78
75.78
75.78
75.80
75.83
75.82
75.83
75.84
75.85
75.85
75.84
75.85
75.87
75.85
75.84
75.84
75.84
75.85
75.86
75.86
75.84
75.83
75.84
75.84
75.84
75.83
75.84
75.86
75.87
75.86
75.87
75.88
75.88
75.87
75.89
75.90
75.92
75.92
75.92
75.91
75.91
75.92
75.90
75.89
75.88
75.89
75.90
75.91
75.92
75.93
75.92
75.94
75.92
75.91
75.92
75.92
75.94
75.94
75.94
75.93
75.94
75.93
75.91
75.91
75.93
75.92
75.92
75.92
75.93
75.90
75.91
75.93
75.95
75.97
75.97
75.96
75.95
75.96
75.97
75.99
75.99
75.97
75.96
75.98
76.00
76.00
76.00
75.99
75.98
75.98
75.98
76.01
76.02
76.00
76.01
76.01
75.99
76.00
75.99
75.99
76.00
76.00
76.00
75.98
75.98
76.00
76.00
76.00
76.02
76.01
76.01
76.00
76.00
76.00
76.00
76.01
76.01
76.00
76.01
76.02
76.02
76.03
76.03
76.02
76.02
76.00
76.01
76.02
76.02
76.04
76.04
76.06
76.05
76.04
76.06
76.06
76.06
76.06
76.06
76.06
76.06
76.07
76.06
76.06
76.06
76.07
76.06
76.06
76.05
76.04
76.03
76.01
76.01
76.02
76.02
76.00
76.02
76.01
76.01
76.02
76.02
76.03
76.04
76.04
76.05
76.06
76.06
76.06
76.05
76.07
76.06
76.05
76.05
76.04
76.03
76.02
76.03
76.04
76.06
76.07
76.07
76.06
76.07
76.08
76.07
76.08
76.08
76.07
76.08
76.09
76.10
76.08
76.07
76.05
76.05
76.05
76.06
76.06
76.07
76.06
76.06
76.07
76.07
76.08
76.07
76.08
76.09
76.10
76.10
76.09
76.09
76.11
76.12
76.14
76.15
76.15
76.13
76.13
76.13
76.13
76.13
76.13
76.12
76.12
76.13
76.13
76.14
76.14
76.14
76.16
76.16
76.14
76.14
76.14
76.14
76.14
76.15
76.16
76.16
76.17
76.17
76.18
76.18
76.18
76.19
76.19
76.19
76.19
76.20
76.20
76.19
76.19
76.19
76.18
76.18
76.17
76.18
76.19
76.18
76.17
76.16
76.16
76.15
76.16
76.17
76.17
76.15
76.15
76.16
76.14
76.12
76.13
76.12
76.13
76.13
76.15
76.16
76.16
76.16
76.18
76.19
76.19
76.19
76.19
76.18
76.18
76.17
76.18
76.17
76.17
76.18
76.17
76.17
76.18
76.17
76.19
76.19
76.18
76.18
76.16
76.17
76.18
76.19
76.20
76.19
76.18
76.19
76.20
76.20
76.20
76.20
76.19
76.17
76.18
76.18
76.19
76.18
76.16
76.16
76.15
76.15
76.15
76.16
76.17
76.16
76.15
76.14
76.14
76.13
76.13
76.13
76.14
76.13
76.14
76.13
76.13
76.12
76.12
76.12
76.12
76.11
76.12
76.10
76.09
76.10
76.08
76.09
76.09
76.09
76.09
76.09
76.10
76.10
76.09
76.09
76.10
76.11
76.12
76.12
76.12
76.12
76.13
76.13
76.12
76.13
76.14
76.13
76.14
76.14
76.13
76.13
76.13
76.13
76.14
76.14
76.14
76.14
76.14
76.15
76.13
76.14
76.14
76.15
76.14
76.13
76.12
76.13
76.13
76.15
76.15
76.15
76.15
76.15
76.14
76.15
76.14
76.15
76.14
76.14
76.15
76.16
76.15
76.17
76.18
76.20
76.19
76.18
76.18
76.17
76.17
76.16
76.17
76.17
76.17
76.17
76.17
76.16
76.08
