64.06
57.81
54.69
55.47
56.56
55.73
54.91
54.69
54.51
54.53
55.40
55.08
54.69
55.13
55.00
54.20
54.50
53.91
54.19
54.14
54.24
54.33
54.14
53.71
53.75
53.97
53.70
53.57
53.77
53.75
53.93
54.30
54.45
54.83
55.00
54.73
54.77
55.06
55.09
55.16
55.26
55.25
55.20
55.08
55.31
55.33
55.32
55.31
55.36
55.28
55.24
55.20
55.10
55.06
55.23
55.08
54.88
54.96
54.93
55.05
55.12
55.19
55.11
55.10
54.93
54.95
54.90
54.87
54.96
54.89
54.78
54.67
54.69
54.73
54.65
54.75
54.81
54.91
54.73
54.73
54.71
54.67
54.67
54.69
54.69
54.61
54.58
54.58
54.63
54.70
54.79
54.86
54.79
54.82
54.87
54.90
54.96
55.02
55.07
55.11
55.03
55.09
55.11
55.08
54.99
54.94
54.98
54.83
54.86
54.87
54.88
54.80
54.76
54.74
54.73
54.92
54.97
54.97
54.95
54.93
54.86
54.83
54.80
54.79
54.73
54.76
54.75
54.71
54.81
54.88
54.83
54.78
54.83
54.79
54.83
54.87
54.87
54.85
54.88
54.90
54.84
54.82
54.84
54.89
54.98
55.05
55.02
55.00
54.97
54.91
54.85
54.85
54.89
54.87
54.91
54.91
54.86
54.82
54.78
54.71
54.74
54.75
54.73
54.70
54.71
54.69
54.66
54.71
54.72
54.75
54.71
54.67
54.69
54.65
54.58
54.63
54.63
54.63
54.64
54.64
54.65
54.65
54.65
54.66
54.66
54.62
54.65
54.67
54.67
54.75
54.79
54.83
54.86
54.90
54.88
54.94
54.94
54.94
54.94
54.93
54.90
54.90
54.91
54.94
54.95
54.96
55.02
55.05
55.05
55.03
55.04
55.02
55.06
55.02
55.02
55.06
55.05
55.10
55.12
55.16
55.20
55.17
55.16
55.13
55.15
55.16
55.16
55.14
55.17
55.17
55.19
55.19
55.16
55.19
55.17
55.20
55.20
55.15
55.17
55.14
55.13
55.15
55.17
55.16
55.13
55.11
55.11
55.07
55.05
55.07
55.07
55.10
55.10
55.07
55.07
55.11
55.09
55.14
55.12
55.09
55.09
55.13
55.13
55.13
55.15
55.16
55.21
55.22
55.22
55.23
55.26
55.26
55.25
55.22
55.22
55.20
55.21
55.19
55.21
55.18
55.22
55.23
55.26
55.25
55.25
55.27
55.31
55.32
55.29
55.30
55.33
55.32
55.33
55.32
55.32
55.32
55.31
55.32
55.32
55.31
55.33
55.34
55.37
55.32
55.32
55.35
55.35
55.38
55.38
55.38
55.35
55.32
55.31
55.29
55.32
55.30
55.26
55.26
55.28
55.31
55.31
55.31
55.32
55.34
55.35
55.34
55.31
55.32
55.33
55.35
55.32
55.32
55.35
55.36
55.35
55.35
55.36
55.39
55.35
55.34
55.33
55.33
55.29
55.32
55.32
55.30
55.29
55.29
55.31
55.28
55.29
55.29
55.26
55.27
55.29
55.30
55.30
55.31
55.34
55.33
55.31
55.31
55.28
55.27
55.28
55.33
55.34
55.35
55.35
55.36
55.36
55.37
55.35
55.36
55.38
55.40
55.40
55.46
55.48
55.46
55.46
55.44
55.43
55.44
55.43
55.45
55.45
55.44
55.45
55.45
55.46
55.44
55.43
55.42
55.42
55.43
55.42
55.43
55.41
55.41
55.44
55.42
55.40
55.41
55.43
55.42
55.41
55.42
55.42
55.40
55.39
55.38
55.36
55.34
55.35
55.37
55.37
55.39
55.37
55.39
55.37
55.38
55.40
55.42
55.39
55.38
55.40
55.41
55.41
55.42
55.42
55.39
55.40
55.40
55.38
55.39
55.37
55.40
55.40
55.40
55.42
55.45
55.44
55.44
55.43
55.41
55.39
55.37
55.39
55.39
55.38
55.38
55.38
55.37
55.39
55.37
55.39
55.39
55.42
55.43
55.43
55.40
55.42
55.42
55.44
55.46
55.47
55.47
55.47
55.48
55.49
55.49
55.48
55.46
55.45
55.44
55.42
55.43
55.42
55.42
55.45
55.48
55.48
55.50
55.49
55.48
55.49
55.48
55.51
55.52
55.50
55.48
55.48
55.47
55.46
55.46
55.47
55.49
55.49
55.48
55.49
55.48
55.49
55.48
55.47
55.48
55.48
55.48
55.47
55.47
55.47
55.47
55.46
55.46
55.46
55.47
55.46
55.47
55.45
55.47
55.47
55.47
55.47
55.46
55.45
55.46
55.47
55.48
55.48
55.51
55.51
55.52
55.51
55.51
55.51
55.52
55.53
55.53
55.53
55.53
55.51
55.51
55.50
55.50
55.49
55.48
55.47
55.47
55.47
55.46
55.46
55.48
55.47
55.47
55.46
55.47
55.48
55.47
55.48
55.47
55.46
55.45
55.46
55.45
55.46
55.45
55.45
55.47
55.46
55.45
55.44
55.43
55.44
55.44
55.46
55.44
55.43
55.45
55.44
55.44
55.44
55.46
55.47
55.45
55.45
55.44
55.44
55.43
55.42
55.41
55.41
55.41
55.41
55.42
55.43
55.42
55.43
55.43
55.45
55.46
55.45
55.47
55.46
55.45
55.44
55.45
55.45
55.46
55.46
55.47
55.48
55.48
55.48
55.49
55.50
55.50
55.50
55.52
55.53
55.50
55.50
55.51
55.53
55.52
55.52
55.50
55.50
55.49
55.52
55.54
55.54
55.54
55.54
55.52
55.50
55.49
55.49
55.51
55.50
55.50
55.50
55.48
55.48
55.48
55.49
55.49
55.48
55.47
55.48
55.45
55.45
55.46
55.45
55.44
55.41
55.42
55.43
55.43
55.42
55.40
55.40
55.40
55.40
55.40
55.40
55.40
55.41
55.42
55.43
55.43
55.42
55.42
55.44
55.44
55.45
55.45
55.43
55.43
55.42
55.42
55.42
55.41
55.42
55.42
55.44
55.46
55.47
55.46
55.46
55.46
55.45
55.45
55.45
55.46
55.46
55.46
55.45
55.47
55.45
55.44
55.44
55.45
55.46
55.47
55.47
55.49
55.50
55.49
55.48
55.48
55.47
55.47
55.47
55.47
55.47
55.46
55.46
55.47
55.47
55.46
55.46
55.46
55.46
55.48
55.47
55.49
55.50
55.47
55.48
55.48
55.47
55.48
55.47
55.48
55.46
55.46
55.45
55.46
55.47
55.47
55.47
55.48
55.48
55.48
55.46
55.46
55.46
55.47
55.48
55.47
55.46
55.46
55.45
55.45
55.44
55.44
55.42
55.43
55.41
55.40
55.40
55.40
55.40
55.39
55.39
55.40
55.41
55.41
55.41
55.42
55.44
55.44
55.44
55.43
55.43
55.43
55.42
55.42
55.43
55.44
55.43
55.38
