76.56
75.78
75.00
73.44
72.50
73.70
73.66
73.63
74.13
74.69
74.15
74.09
73.92
74.33
74.90
75.10
75.18
75.69
75.99
75.70
75.74
75.50
75.88
75.85
75.94
76.08
76.10
75.89
75.81
76.15
76.21
76.27
76.52
76.47
76.47
76.61
76.35
76.23
76.20
76.29
76.37
76.60
76.53
76.49
76.46
76.49
76.40
76.37
76.34
76.22
76.32
76.26
76.30
76.27
76.28
76.26
76.32
76.40
76.35
76.30
76.28
76.29
76.29
76.17
76.11
75.99
76.17
76.26
76.38
76.41
76.30
76.45
76.43
76.44
76.52
76.44
76.42
76.34
76.40
76.39
76.35
76.35
76.32
76.30
76.34
76.36
76.45
76.47
76.40
76.49
76.55
76.66
76.68
76.65
76.73
76.76
76.76
76.69
76.67
76.59
76.61
76.55
76.58
76.59
76.55
76.52
76.47
76.49
76.42
76.43
76.51
76.52
76.47
76.38
76.37
76.32
76.26
76.30
76.29
76.33
76.41
76.45
76.36
76.41
76.35
76.36
76.39
76.35
76.33
76.39
76.41
76.38
76.35
76.36
76.37
76.30
76.25
76.25
76.25
76.22
76.20
76.18
76.19
76.16
76.20
76.20
76.19
76.24
76.28
76.24
76.29
76.37
76.30
76.36
76.35
76.32
76.35
76.36
76.33
76.35
76.39
76.35
76.33
76.38
76.40
76.43
76.38
76.44
76.43
76.48
76.46
76.43
76.39
76.38
76.36
76.38
76.36
76.33
76.32
76.32
76.35
76.32
76.34
76.32
76.29
76.29
76.30
76.31
76.33
76.31
76.32
76.29
76.30
76.28
76.28
76.27
76.24
76.25
76.25
76.23
76.27
76.27
76.30
76.31
76.27
76.29
76.28
76.31
76.32
76.29
76.27
76.28
76.27
76.25
76.27
76.28
76.24
76.23
76.23
76.22
76.23
76.23
76.22
76.22
76.24
76.24
76.25
76.27
76.30
76.32
76.31
76.30
76.27
76.30
76.28
76.25
76.23
76.26
76.28
76.33
76.35
76.38
76.40
76.40
76.38
76.39
76.40
76.40
76.40
76.41
76.40
76.40
76.38
76.40
76.35
76.35
76.36
76.35
76.35
76.35
76.32
76.35
76.34
76.37
76.36
76.37
76.35
76.39
76.37
76.35
76.37
76.38
76.37
76.38
76.37
76.38
76.38
76.37
76.39
76.40
76.40
76.43
76.41
76.44
76.44
76.44
76.44
76.44
76.41
76.40
76.40
76.40
76.40
76.43
76.42
76.44
76.44
76.45
76.42
76.41
76.42
76.42
76.43
76.43
76.41
76.40
76.40
76.40
76.39
76.39
76.40
76.40
76.40
76.40
76.42
76.42
76.40
76.40
76.39
76.39
76.41
76.45
76.45
76.47
76.47
76.49
76.50
76.50
76.49
76.52
76.53
76.47
76.48
76.47
76.46
76.49
76.48
76.49
76.50
76.51
76.52
76.52
76.49
76.50
76.49
76.46
76.45
76.44
76.46
76.44
76.45
76.45
76.44
76.46
76.43
76.45
76.44
76.44
76.45
76.42
76.41
76.37
76.38
76.38
76.39
76.37
76.36
76.34
76.34
76.35
76.34
76.34
76.34
76.35
76.36
76.36
76.37
76.37
76.37
76.38
76.38
76.36
76.37
76.39
76.40
76.37
76.38
76.38
76.39
76.42
76.43
76.44
76.44
76.41
76.41
76.41
76.40
76.43
76.43
76.43
76.46
76.47
76.47
76.47
76.46
76.44
76.42
76.43
76.43
76.41
76.44
76.45
76.46
76.46
76.44
76.43
76.44
76.45
76.45
76.45
76.43
76.44
76.42
76.43
76.43
76.42
76.43
76.43
76.41
76.43
76.42
76.42
76.41
76.38
76.38
76.38
76.37
76.37
76.39
76.37
76.36
76.37
76.38
76.39
76.39
76.36
76.36
76.37
76.38
76.38
76.38
76.39
76.40
76.39
76.40
76.41
76.41
76.41
76.40
76.41
76.43
76.43
76.42
76.41
76.41
76.40
76.41
76.40
76.41
76.44
76.45
76.44
76.45
76.44
76.43
76.42
76.40
76.42
76.42
76.43
76.40
76.39
76.37
76.38
76.37
76.37
76.36
76.36
76.36
76.35
76.37
76.35
76.37
76.39
76.41
76.39
76.36
76.36
76.35
76.35
76.37
76.39
76.41
76.43
76.43
76.44
76.43
76.43
76.41
76.41
76.41
76.41
76.41
76.39
76.39
76.39
76.38
76.38
76.35
76.35
76.33
76.33
76.32
76.33
76.31
76.32
76.33
76.31
76.31
76.32
76.34
76.32
76.33
76.33
76.31
76.30
76.29
76.30
76.28
76.30
76.31
76.29
76.28
76.28
76.27
76.28
76.29
76.28
76.27
76.28
76.30
76.29
76.29
76.30
76.31
76.32
76.33
76.32
76.32
76.32
76.33
76.34
76.33
76.33
76.33
76.33
76.35
76.34
76.34
76.33
76.35
76.35
76.34
76.35
76.33
76.33
76.35
76.35
76.36
76.34
76.35
76.33
76.32
76.32
76.33
76.32
76.31
76.31
76.31
76.31
76.31
76.31
76.30
76.31
76.31
76.31
76.32
76.32
76.34
76.34
76.34
76.34
76.32
76.33
76.34
76.34
76.34
76.34
76.33
76.34
76.33
76.33
76.32
76.32
76.34
76.33
76.34
76.33
76.34
76.33
76.33
76.34
76.34
76.34
76.33
76.33
76.32
76.31
76.30
76.29
76.28
76.28
76.28
76.27
76.27
76.27
76.26
76.25
76.23
76.24
76.25
76.24
76.24
76.24
76.24
76.24
76.24
76.24
76.24
76.25
76.26
76.26
76.24
76.25
76.25
76.26
76.27
76.27
76.28
76.28
76.29
76.30
76.29
76.29
76.30
76.30
76.29
76.27
76.27
76.27
76.27
76.26
76.25
76.24
76.25
76.24
76.25
76.24
76.24
76.25
76.24
76.25
76.25
76.25
76.26
76.25
76.24
76.25
76.25
76.25
76.24
76.24
76.25
76.24
76.24
76.24
76.24
76.25
76.26
76.25
76.26
76.27
76.27
76.28
76.28
76.27
76.27
76.26
76.27
76.27
76.26
76.27
76.27
76.27
76.27
76.29
76.28
76.26
76.27
76.27
76.26
76.25
76.24
76.24
76.25
76.27
76.27
76.27
76.28
76.27
76.27
76.26
76.24
76.23
76.22
76.22
76.22
76.22
76.22
76.21
76.22
76.23
76.21
76.22
76.21
76.22
76.21
76.21
76.22
76.21
76.21
76.22
76.22
76.21
76.21
76.21
76.21
76.20
76.20
76.19
76.20
76.20
76.21
76.20
76.20
76.19
76.19
76.18
76.17
76.16
76.16
76.17
76.17
76.17
76.16
76.17
76.16
76.15
76.15
76.15
76.15
76.08
