70.31
69.53
69.27
70.31
68.75
67.19
68.08
67.77
68.58
68.12
68.32
68.62
68.99
69.31
69.17
69.14
69.12
69.10
69.08
69.22
69.20
69.32
68.95
69.27
69.62
69.53
69.33
69.31
69.34
69.43
69.20
68.99
69.03
69.21
69.60
69.62
69.59
69.61
69.79
69.69
69.66
69.61
69.84
69.82
69.83
69.97
69.85
69.92
69.80
69.78
69.79
69.74
69.72
69.70
69.72
69.87
69.87
69.83
69.92
70.13
70.21
70.26
70.19
70.19
70.22
70.22
70.34
70.20
70.29
70.38
70.38
70.33
70.31
70.23
70.31
70.27
70.27
70.31
70.17
70.23
70.29
70.37
70.27
70.26
70.26
70.33
70.46
70.44
70.44
70.43
70.35
70.40
70.36
70.38
70.51
70.48
70.51
70.54
70.41
70.42
70.39
70.37
70.37
70.28
70.27
70.25
70.33
70.36
70.40
70.41
70.37
70.34
70.34
70.45
70.48
70.51
70.49
70.47
70.50
70.53
70.54
70.57
70.48
70.43
70.36
70.45
70.45
70.46
70.41
70.43
70.35
70.37
70.41
70.46
70.51
70.57
70.54
70.53
70.56
70.54
70.51
70.52
70.51
70.46
70.44
70.45
70.51
70.52
70.47
70.47
70.48
70.41
70.44
70.39
70.39
70.36
70.32
70.31
70.28
70.26
70.23
70.23
70.22
70.20
70.20
70.23
70.26
70.28
70.28
70.23
70.24
70.27
70.23
70.22
70.16
70.15
70.22
70.22
70.25
70.29
70.32
70.32
70.31
70.35
70.35
70.38
70.41
70.42
70.44
70.39
70.36
70.43
70.43
70.46
70.46
70.47
70.50
70.49
70.44
70.41
70.42
70.43
70.42
70.37
70.36
70.40
70.41
70.42
70.38
70.36
70.35
70.39
70.38
70.42
70.41
70.40
70.38
70.38
70.36
70.36
70.33
70.33
70.35
70.35
70.35
70.36
70.41
70.36
70.37
70.36
70.33
70.30
70.32
70.31
70.35
70.37
70.37
70.35
70.34
70.33
70.32
70.29
70.31
70.31
70.29
70.28
70.26
70.23
70.24
70.29
70.28
70.25
70.28
70.29
70.31
70.28
70.28
70.28
70.28
70.28
70.29
70.31
70.32
70.34
70.37
70.39
70.38
70.37
70.42
70.44
70.43
70.42
70.42
70.43
70.43
70.45
70.45
70.46
70.47
70.46
70.48
70.49
70.47
70.48
70.44
70.43
70.44
70.44
70.46
70.45
70.44
70.44
70.41
70.40
70.40
70.42
70.37
70.38
70.39
70.35
70.34
70.33
70.35
70.34
70.29
70.26
70.28
70.29
70.29
70.25
70.28
70.23
70.24
70.20
70.20
70.21
70.20
70.18
70.18
70.19
70.19
70.16
70.16
70.15
70.15
70.15
70.19
70.20
70.19
70.20
70.20
70.20
70.22
70.22
70.20
70.21
70.23
70.22
70.23
70.22
70.24
70.23
70.24
70.25
70.24
70.28
70.29
70.30
70.32
70.30
70.30
70.30
70.29
70.27
70.27
70.29
70.28
70.27
70.27
70.27
70.24
70.24
70.27
70.29
70.30
70.29
70.30
70.30
70.29
70.28
70.29
70.29
70.30
70.31
70.30
70.32
70.30
70.30
70.30
70.30
70.28
70.28
70.28
70.27
70.24
70.24
70.23
70.24
70.23
70.25
70.25
70.25
70.26
70.28
70.25
70.25
70.25
70.24
70.23
70.19
70.19
70.19
70.19
70.18
70.17
70.17
70.13
70.12
70.13
70.16
70.17
70.16
70.17
70.17
70.18
70.17
70.16
70.15
70.14
70.15
70.15
70.16
70.16
70.15
70.15
70.16
70.16
70.17
70.17
70.17
70.18
70.17
70.17
70.17
70.17
70.18
70.19
70.20
70.21
70.21
70.22
70.21
70.20
70.18
70.17
70.17
70.15
70.16
70.17
70.16
70.15
70.16
70.17
70.15
70.15
70.17
70.18
70.16
70.16
70.16
70.17
70.17
70.16
70.14
70.14
70.13
70.13
70.14
70.16
70.14
70.14
70.13
70.13
70.15
70.14
70.15
70.12
70.11
70.10
70.10
70.08
70.08
70.09
70.09
70.11
70.11
70.13
70.13
70.12
70.13
70.12
70.12
70.12
70.13
70.12
70.12
70.11
70.11
70.11
70.11
70.09
70.11
70.11
70.10
70.10
70.10
70.10
70.09
70.08
70.09
70.11
70.10
70.13
70.13
70.13
70.12
70.13
70.13
70.12
70.13
70.16
70.16
70.15
70.15
70.15
70.16
70.17
70.17
70.16
70.15
70.16
70.14
70.13
70.13
70.13
70.13
70.14
70.15
70.16
70.17
70.18
70.17
70.18
70.17
70.19
70.21
70.21
70.23
70.21
70.23
70.23
70.24
70.24
70.23
70.23
70.22
70.23
70.24
70.23
70.24
70.25
70.24
70.25
70.26
70.27
70.26
70.26
70.27
70.27
70.27
70.28
70.27
70.27
70.27
70.29
70.30
70.29
70.29
70.28
70.30
70.29
70.27
70.27
70.26
70.26
70.27
70.26
70.25
70.26
70.25
70.25
70.26
70.24
70.24
70.26
70.27
70.27
70.27
70.27
70.27
70.27
70.27
70.27
70.27
70.26
70.25
70.24
70.24
70.23
70.24
70.24
70.25
70.25
70.26
70.26
70.26
70.25
70.24
70.24
70.22
70.21
70.20
70.21
70.22
70.22
70.22
70.23
70.23
70.24
70.23
70.24
70.24
70.24
70.24
70.24
70.23
70.23
70.24
70.24
70.23
70.23
70.23
70.23
70.24
70.24
70.24
70.25
70.25
70.25
70.25
70.24
70.24
70.24
70.23
70.21
70.22
70.23
70.23
70.24
70.23
70.22
70.23
70.22
70.21
70.20
70.20
70.19
70.19
70.20
70.21
70.22
70.21
70.20
70.20
70.20
70.21
70.20
70.19
70.20
70.20
70.21
70.19
70.20
70.20
70.20
70.21
70.21
70.23
70.24
70.25
70.24
70.24
70.23
70.24
70.25
70.24
70.26
70.25
70.25
70.25
70.25
70.27
70.27
70.27
70.27
70.27
70.26
70.27
70.26
70.27
70.26
70.26
70.26
70.26
70.25
70.23
70.23
70.24
70.23
70.23
70.23
70.24
70.22
70.23
70.22
70.21
70.21
70.23
70.23
70.24
70.23
70.24
70.24
70.24
70.22
70.21
70.21
70.21
70.22
70.20
70.20
70.21
70.21
70.19
70.19
70.19
70.19
70.18
70.19
70.19
70.19
70.18
70.17
70.17
70.17
70.17
70.15
70.15
70.15
70.15
70.15
70.15
70.16
70.16
70.16
70.16
70.16
70.15
70.15
70.17
70.16
70.15
70.15
70.14
70.15
70.13
70.13
70.13
70.13
70.12
70.11
70.05
