75.00
78.12
75.52
78.12
79.06
77.08
74.78
76.17
75.87
75.94
76.42
76.69
76.44
76.56
76.46
76.56
76.19
76.56
76.48
76.48
76.64
76.85
76.63
76.95
76.94
77.10
77.20
77.06
76.99
76.72
76.36
76.22
76.18
76.24
76.43
76.69
76.77
76.85
76.96
76.91
76.91
76.93
76.89
76.88
76.91
76.73
76.83
77.02
77.01
77.06
77.11
77.13
77.15
77.23
76.99
76.79
76.54
76.24
76.27
76.25
76.33
76.44
76.34
76.37
76.23
76.25
76.21
76.24
76.25
76.23
76.34
76.24
76.22
76.25
76.21
76.27
76.26
76.24
76.23
76.15
76.25
76.16
76.19
76.25
76.25
76.20
76.06
76.07
76.12
76.06
76.06
75.90
75.87
75.83
75.86
75.81
75.87
75.89
75.87
75.84
75.82
75.80
75.83
75.90
75.95
75.93
75.96
75.82
75.82
75.81
75.80
75.74
75.76
75.73
75.79
75.82
75.81
75.86
75.88
75.95
75.92
75.92
75.84
75.81
75.83
75.74
75.73
75.65
75.74
75.79
75.85
75.80
75.78
75.78
75.73
75.78
75.79
75.79
75.87
75.84
75.84
75.89
75.90
75.88
75.85
75.87
75.92
75.95
75.98
75.94
75.95
76.03
76.07
76.03
76.04
76.00
75.99
75.91
75.91
75.86
75.84
75.84
75.89
75.88
75.83
75.82
75.88
75.87
75.90
75.93
75.96
75.99
76.00
75.95
75.95
75.94
75.97
75.97
75.95
75.97
75.98
76.00
75.98
75.98
75.99
75.97
75.95
75.93
75.93
75.93
75.92
75.94
75.96
75.94
75.95
75.98
75.98
75.98
75.98
75.96
76.01
76.01
76.00
76.00
75.98
75.96
75.97
75.93
75.98
75.97
75.99
75.96
75.97
75.92
75.96
75.94
75.91
75.94
75.97
75.99
76.01
76.03
76.05
76.01
76.08
76.11
76.12
76.14
76.13
76.08
76.09
76.11
76.14
76.16
76.16
76.19
76.23
76.25
76.26
76.23
76.21
76.15
76.18
76.18
76.15
76.14
76.16
76.20
76.18
76.17
76.15
76.17
76.18
76.21
76.22
76.20
76.21
76.21
76.20
76.21
76.16
76.17
76.17
76.15
76.16
76.19
76.18
76.18
76.19
76.13
76.15
76.16
76.15
76.15
76.16
76.18
76.18
76.17
76.13
76.15
76.17
76.17
76.17
76.17
76.20
76.19
76.17
76.20
76.21
76.22
76.24
76.24
76.22
76.23
76.21
76.22
76.25
76.23
76.21
76.20
76.20
76.21
76.22
76.19
76.21
76.22
76.23
76.25
76.25
76.25
76.26
76.24
76.22
76.18
76.19
76.20
76.20
76.16
76.19
76.18
76.19
76.20
76.19
76.17
76.20
76.18
76.19
76.15
76.16
76.14
76.12
76.14
76.15
76.16
76.16
76.15
76.17
76.14
76.17
76.17
76.15
76.17
76.16
76.13
76.15
76.15
76.14
76.14
76.14
76.14
76.15
76.15
76.15
76.17
76.16
76.15
76.16
76.17
76.17
76.18
76.20
76.21
76.19
76.20
76.21
76.21
76.21
76.22
76.23
76.25
76.26
76.26
76.26
76.26
76.27
76.25
76.25
76.26
76.27
76.28
76.28
76.28
76.31
76.33
76.32
76.33
76.34
76.34
76.33
76.32
76.32
76.32
76.32
76.30
76.30
76.30
76.29
76.27
76.28
76.29
76.30
76.29
76.31
76.29
76.29
76.29
76.31
76.31
76.30
76.29
76.30
76.28
76.27
76.25
76.23
76.24
76.24
76.25
76.24
76.24
76.23
76.23
76.23
76.22
76.23
76.23
76.21
76.22
76.23
76.24
76.22
76.22
76.21
76.20
76.21
76.24
76.23
76.22
76.21
76.21
76.22
76.22
76.22
76.21
76.19
76.17
76.18
76.19
76.20
76.20
76.19
76.21
76.22
76.23
76.22
76.22
76.22
76.23
76.23
76.21
76.22
76.21
76.23
76.24
76.24
76.21
76.21
76.22
76.21
76.21
76.21
76.21
76.20
76.20
76.19
76.19
76.18
76.19
76.20
76.20
76.21
76.22
76.21
76.22
76.21
76.18
76.17
76.15
76.15
76.17
76.17
76.17
76.17
76.18
76.17
76.19
76.19
76.20
76.19
76.20
76.19
76.16
76.18
76.18
76.20
76.20
76.20
76.19
76.19
76.21
76.20
76.21
76.22
76.22
76.20
76.20
76.20
76.20
76.23
76.23
76.23
76.23
76.23
76.23
76.24
76.25
76.25
76.23
76.23
76.24
76.23
76.25
76.24
76.25
76.26
76.26
76.27
76.27
76.27
76.25
76.24
76.23
76.23
76.23
76.24
76.23
76.23
76.23
76.23
76.24
76.25
76.25
76.24
76.26
76.25
76.25
76.26
76.25
76.26
76.25
76.24
76.26
76.26
76.26
76.26
76.28
76.26
76.25
76.25
76.24
76.25
76.24
76.25
76.25
76.24
76.23
76.25
76.26
76.26
76.27
76.25
76.24
76.24
76.24
76.22
76.22
76.21
76.22
76.23
76.24
76.22
76.22
76.23
76.23
76.23
76.22
76.22
76.22
76.22
76.23
76.23
76.22
76.22
76.22
76.21
76.19
76.20
76.20
76.20
76.21
76.20
76.20
76.20
76.21
76.19
76.18
76.18
76.19
76.18
76.17
76.18
76.17
76.18
76.18
76.18
76.18
76.17
76.19
76.17
76.17
76.16
76.16
76.14
76.14
76.12
76.13
76.13
76.11
76.12
76.13
76.11
76.11
76.12
76.10
76.10
76.09
76.10
76.10
76.09
76.09
76.09
76.10
76.10
76.10
76.09
76.10
76.11
76.08
76.08
76.09
76.10
76.09
76.09
76.11
76.11
76.11
76.11
76.11
76.11
76.11
76.12
76.11
76.11
76.11
76.10
76.11
76.10
76.10
76.11
76.11
76.10
76.08
76.08
76.09
76.09
76.09
76.10
76.08
76.09
76.08
76.07
76.06
76.06
76.06
76.06
76.07
76.08
76.09
76.09
76.09
76.09
76.10
76.10
76.10
76.10
76.10
76.10
76.10
76.11
76.10
76.10
76.11
76.10
76.12
76.11
76.11
76.11
76.11
76.10
76.11
76.11
76.12
76.11
76.12
76.12
76.12
76.11
76.12
76.11
76.11
76.12
76.13
76.13
76.13
76.13
76.13
76.12
76.12
76.12
76.13
76.12
76.13
76.13
76.13
76.12
76.11
76.11
76.13
76.14
76.13
76.12
76.12
76.13
76.13
76.14
76.15
76.16
76.16
76.17
76.17
76.18
76.18
76.18
76.18
76.18
76.17
76.17
76.17
76.17
76.17
76.18
76.18
76.16
76.16
76.17
76.17
76.17
76.16
76.15
76.15
76.15
76.08
