81.25
82.03
82.29
80.08
79.69
79.17
79.46
78.71
78.47
78.28
77.70
76.95
76.32
76.23
76.04
76.27
76.56
76.91
77.06
77.42
77.08
77.20
77.51
77.28
77.62
77.46
77.72
77.62
77.69
77.50
77.57
77.49
77.32
77.48
77.54
77.60
77.58
77.59
77.52
77.30
77.25
77.46
77.18
77.24
77.33
77.24
77.16
77.02
77.07
77.25
77.05
76.98
76.98
77.00
76.99
76.98
76.78
76.75
76.80
76.82
76.74
76.76
76.86
76.81
76.68
76.75
76.66
76.61
76.63
76.54
76.54
76.54
76.67
76.60
76.60
76.58
76.48
76.52
76.52
76.48
76.45
76.37
76.41
76.40
76.36
76.38
76.35
76.24
76.09
76.09
76.10
76.15
76.13
76.03
76.07
76.03
76.05
76.04
75.95
75.94
75.88
75.90
75.86
75.83
75.85
75.87
75.86
75.84
75.77
75.72
75.73
75.66
75.71
75.75
75.71
75.73
75.69
75.66
75.77
75.77
75.77
75.74
75.72
75.67
75.73
75.73
75.73
75.76
75.78
75.84
75.87
75.85
75.90
75.92
75.91
75.86
75.81
75.76
75.84
75.86
75.93
75.96
75.99
76.00
75.94
75.97
75.99
75.99
76.01
75.98
75.93
75.97
75.99
75.95
75.96
75.94
75.97
75.94
75.95
75.93
75.95
75.95
75.96
76.01
76.00
75.98
75.99
76.00
75.99
76.01
75.98
76.01
75.97
75.98
75.98
75.98
76.00
76.01
76.02
76.01
76.00
75.96
75.97
76.01
76.01
76.06
76.03
76.01
76.03
76.02
76.01
76.05
76.01
76.03
76.03
76.03
76.02
76.02
75.96
75.95
75.96
75.96
75.95
75.93
75.92
75.92
75.92
75.92
75.91
75.87
75.90
75.88
75.90
75.93
75.95
75.97
75.95
75.93
75.93
75.95
75.93
75.94
75.93
75.91
75.92
75.90
75.96
75.96
75.96
75.92
75.94
75.90
75.89
75.85
75.85
75.87
75.88
75.86
75.90
75.84
75.84
75.83
75.79
75.76
75.74
75.76
75.79
75.79
75.77
75.76
75.78
75.78
75.82
75.86
75.85
75.84
75.85
75.85
75.84
75.82
75.81
75.79
75.78
75.76
75.76
75.73
75.77
75.76
75.75
75.75
75.75
75.75
75.77
75.76
75.75
75.76
75.77
75.79
75.80
75.80
75.81
75.81
75.81
75.81
75.83
75.82
75.84
75.82
75.82
75.82
75.83
75.80
75.82
75.83
75.80
75.81
75.84
75.84
75.84
75.82
75.84
75.87
75.89
75.88
75.88
75.90
75.91
75.91
75.90
75.90
75.89
75.88
75.86
75.84
75.84
75.81
75.83
75.83
75.81
75.82
75.82
75.82
75.84
75.83
75.86
75.87
75.86
75.88
75.88
75.89
75.90
75.88
75.90
75.88
75.90
75.90
75.89
75.91
75.91
75.93
75.93
75.93
75.92
75.92
75.93
75.93
75.94
75.97
75.96
75.95
75.93
75.90
75.90
75.90
75.91
75.90
75.91
75.89
75.90
75.90
75.88
75.91
75.91
75.91
75.93
75.91
75.91
75.90
75.90
75.87
75.87
75.89
75.90
75.87
75.89
75.89
75.87
75.87
75.87
75.86
75.85
75.84
75.85
75.87
75.86
75.85
75.85
75.85
75.86
75.86
75.86
75.86
75.87
75.88
75.87
75.88
75.90
75.89
75.89
75.89
75.90
75.90
75.91
75.90
75.90
75.91
75.91
75.93
75.92
75.94
75.94
75.95
75.95
75.95
75.95
75.93
75.94
75.95
75.97
75.96
75.94
75.94
75.94
75.95
75.97
75.96
75.95
75.94
75.94
75.94
75.95
75.98
75.95
75.94
75.94
75.96
75.95
75.96
75.97
75.98
76.00
76.00
76.00
76.00
76.01
76.03
76.02
76.02
75.98
76.00
75.99
75.97
75.98
75.98
75.95
75.95
75.97
75.96
75.96
75.96
75.95
75.95
75.96
75.96
75.96
75.95
75.95
75.96
75.96
75.95
75.95
75.95
75.95
75.94
75.95
75.95
75.95
75.96
75.97
75.98
75.98
75.98
75.98
75.99
75.99
75.99
75.99
75.98
75.98
75.99
76.00
75.99
75.99
75.98
75.98
76.01
76.00
76.00
76.00
76.00
76.01
76.02
76.03
76.02
76.01
76.03
76.04
76.05
76.04
76.04
76.03
76.06
76.07
76.08
76.07
76.08
76.07
76.08
76.08
76.08
76.07
76.06
76.06
76.05
76.04
76.04
76.03
76.01
76.03
76.03
76.04
76.03
76.02
76.01
76.02
76.03
76.03
76.02
76.00
76.00
76.01
76.01
76.00
76.00
76.01
76.02
76.04
76.05
76.05
76.06
76.06
76.06
76.06
76.05
76.06
76.05
76.06
76.06
76.05
76.03
76.03
76.03
76.04
76.05
76.06
76.05
76.04
76.06
76.07
76.07
76.06
76.06
76.05
76.06
76.06
76.07
76.07
76.07
76.07
76.07
76.06
76.08
76.07
76.09
76.09
76.10
76.10
76.10
76.10
76.09
76.09
76.08
76.09
76.09
76.08
76.08
76.08
76.08
76.08
76.09
76.09
76.08
76.09
76.08
76.09
76.09
76.08
76.10
76.10
76.10
76.11
76.11
76.10
76.10
76.11
76.12
76.12
76.13
76.13
76.13
76.13
76.14
76.14
76.16
76.15
76.14
76.13
76.13
76.12
76.13
76.13
76.12
76.13
76.12
76.10
76.10
76.11
76.11
76.12
76.12
76.11
76.11
76.13
76.13
76.12
76.11
76.12
76.13
76.13
76.14
76.15
76.15
76.14
76.15
76.16
76.17
76.16
76.16
76.15
76.16
76.15
76.15
76.16
76.15
76.15
76.15
76.16
76.15
76.15
76.16
76.16
76.15
76.15
76.14
76.13
76.13
76.14
76.14
76.14
76.14
76.13
76.13
76.13
76.13
76.12
76.14
76.12
76.12
76.11
76.11
76.12
76.12
76.13
76.13
76.12
76.11
76.10
76.11
76.11
76.12
76.12
76.13
76.13
76.13
76.13
76.14
76.14
76.15
76.14
76.15
76.15
76.16
76.15
76.16
76.17
76.17
76.17
76.16
76.15
76.15
76.16
76.16
76.16
76.16
76.17
76.16
76.16
76.17
76.16
76.15
76.14
76.13
76.13
76.13
76.12
76.12
76.12
76.12
76.12
76.11
76.10
76.11
76.13
76.12
76.12
76.12
76.12
76.11
76.11
76.11
76.12
76.11
76.11
76.12
76.13
76.12
76.11
76.11
76.11
76.11
76.11
76.12
76.12
76.11
76.10
76.11
76.11
76.12
76.11
76.10
76.10
76.11
76.11
76.11
76.11
76.11
76.13
76.13
76.14
76.14
76.15
76.08
