78.12
78.91
75.00
75.00
76.56
76.56
76.79
75.59
75.52
74.53
73.86
74.09
74.04
74.89
75.21
75.39
75.18
75.09
75.33
75.08
74.93
74.57
75.07
75.39
74.88
74.94
75.06
75.22
75.27
75.05
74.90
74.80
74.95
75.09
75.04
75.43
75.30
75.25
75.28
75.59
75.69
75.60
75.58
75.60
75.73
75.92
75.83
75.91
75.99
75.94
75.92
75.99
76.15
76.19
76.14
76.12
76.04
75.94
75.95
75.99
76.08
76.08
76.09
76.07
76.08
76.16
76.31
76.33
76.34
76.38
76.39
76.35
76.31
76.29
76.33
76.34
76.36
76.26
76.25
76.31
76.23
76.33
76.49
76.53
76.51
76.56
76.56
76.38
76.44
76.46
76.41
76.32
76.29
76.36
76.40
76.46
76.42
76.40
76.44
76.42
76.41
76.42
76.40
76.34
76.34
76.34
76.37
76.43
76.46
76.52
76.62
76.56
76.58
76.54
76.56
76.55
76.56
76.48
76.47
76.50
76.51
76.49
76.54
76.58
76.59
76.60
76.55
76.48
76.41
76.42
76.41
76.44
76.47
76.43
76.45
76.42
76.39
76.37
76.37
76.38
76.41
76.39
76.34
76.30
76.31
76.27
76.24
76.26
76.30
76.32
76.30
76.33
76.23
76.24
76.24
76.26
76.22
76.22
76.20
76.21
76.24
76.22
76.18
76.13
76.15
76.18
76.11
76.11
76.09
76.08
76.11
76.10
76.16
76.16
76.15
76.15
76.13
76.11
76.13
76.14
76.14
76.12
76.14
76.17
76.17
76.13
76.17
76.18
76.18
76.19
76.17
76.21
76.18
76.18
76.19
76.18
76.20
76.17
76.17
76.16
76.17
76.14
76.12
76.15
76.17
76.19
76.19
76.20
76.16
76.18
76.17
76.19
76.17
76.21
76.23
76.22
76.22
76.20
76.18
76.22
76.22
76.22
76.21
76.21
76.21
76.24
76.28
76.29
76.28
76.30
76.28
76.25
76.27
76.28
76.29
76.30
76.33
76.35
76.31
76.30
76.28
76.28
76.29
76.26
76.26
76.26
76.23
76.23
76.26
76.29
76.32
76.30
76.27
76.25
76.25
76.24
76.25
76.23
76.23
76.23
76.21
76.20
76.18
76.17
76.15
76.12
76.13
76.14
76.13
76.12
76.12
76.16
76.14
76.15
76.16
76.15
76.13
76.16
76.15
76.16
76.13
76.14
76.13
76.12
76.14
76.14
76.13
76.16
76.18
76.19
76.20
76.22
76.18
76.15
76.14
76.16
76.15
76.16
76.15
76.15
76.14
76.16
76.18
76.16
76.15
76.12
76.10
76.10
76.09
76.08
76.09
76.09
76.10
76.09
76.08
76.11
76.10
76.09
76.10
76.11
76.12
76.13
76.13
76.11
76.10
76.08
76.10
76.10
76.08
76.07
76.05
76.06
76.08
76.06
76.04
76.05
76.06
76.06
76.06
76.08
76.10
76.12
76.14
76.14
76.13
76.14
76.15
76.19
76.19
76.22
76.24
76.24
76.23
76.22
76.23
76.22
76.24
76.24
76.21
76.20
76.21
76.22
76.22
76.23
76.24
76.23
76.23
76.22
76.22
76.23
76.23
76.23
76.23
76.22
76.22
76.23
76.22
76.23
76.24
76.24
76.23
76.23
76.22
76.24
76.21
76.19
76.20
76.20
76.18
76.16
76.18
76.16
76.16
76.17
76.15
76.15
76.15
76.15
76.17
76.18
76.17
76.16
76.18
76.19
76.20
76.20
76.22
76.23
76.22
76.22
76.21
76.21
76.22
76.23
76.23
76.22
76.23
76.24
76.24
76.23
76.22
76.21
76.18
76.19
76.19
76.18
76.18
76.18
76.17
76.17
76.18
76.19
76.21
76.21
76.22
76.23
76.22
76.22
76.22
76.22
76.20
76.19
76.19
76.20
76.18
76.18
76.19
76.19
76.18
76.18
76.16
76.15
76.14
76.14
76.14
76.14
76.13
76.13
76.14
76.14
76.14
76.15
76.15
76.14
76.15
76.15
76.14
76.12
76.11
76.10
76.11
76.10
76.08
76.09
76.08
76.09
76.09
76.10
76.09
76.09
76.09
76.11
76.13
76.13
76.11
76.11
76.12
76.12
76.11
76.10
76.10
76.10
76.11
76.11
76.10
76.10
76.11
76.12
76.14
76.12
76.13
76.13
76.14
76.13
76.13
76.11
76.12
76.12
76.12
76.13
76.14
76.15
76.15
76.17
76.17
76.17
76.18
76.19
76.18
76.17
76.17
76.16
76.16
76.15
76.15
76.15
76.15
76.17
76.16
76.16
76.17
76.17
76.16
76.18
76.17
76.19
76.18
76.17
76.17
76.17
76.16
76.16
76.17
76.17
76.18
76.17
76.17
76.16
76.15
76.15
76.14
76.16
76.17
76.17
76.19
76.17
76.18
76.18
76.18
76.19
76.18
76.18
76.17
76.17
76.17
76.16
76.16
76.15
76.15
76.15
76.15
76.14
76.14
76.15
76.15
76.14
76.14
76.14
76.14
76.14
76.15
76.14
76.16
76.17
76.18
76.16
76.17
76.15
76.16
76.17
76.15
76.15
76.16
76.15
76.13
76.12
76.13
76.14
76.12
76.11
76.11
76.11
76.09
76.11
76.10
76.10
76.10
76.11
76.10
76.10
76.11
76.11
76.12
76.13
76.14
76.12
76.13
76.13
76.12
76.12
76.12
76.13
76.13
76.13
76.14
76.15
76.16
76.15
76.16
76.16
76.16
76.16
76.17
76.16
76.15
76.14
76.15
76.14
76.15
76.15
76.14
76.14
76.15
76.17
76.18
76.18
76.18
76.19
76.19
76.18
76.19
76.19
76.19
76.21
76.21
76.22
76.21
76.21
76.21
76.21
76.21
76.22
76.21
76.20
76.20
76.20
76.21
76.23
76.23
76.22
76.23
76.23
76.25
76.25
76.27
76.27
76.26
76.26
76.25
76.27
76.28
76.28
76.28
76.28
76.28
76.28
76.28
76.29
76.28
76.27
76.27
76.27
76.27
76.28
76.27
76.28
76.29
76.29
76.30
76.30
76.30
76.30
76.30
76.29
76.28
76.28
76.28
76.27
76.26
76.26
76.25
76.25
76.24
76.25
76.24
76.24
76.23
76.22
76.23
76.22
76.21
76.20
76.19
76.20
76.21
76.20
76.19
76.20
76.20
76.18
76.19
76.20
76.19
76.19
76.19
76.18
76.19
76.19
76.19
76.18
76.18
76.18
76.17
76.17
76.17
76.17
76.18
76.19
76.18
76.17
76.17
76.17
76.16
76.16
76.17
76.16
76.17
76.15
76.15
76.15
76.15
76.16
76.16
76.15
76.15
76.15
76.15
76.15
76.15
76.14
76.12
76.13
76.14
76.14
76.15
76.14
76.14
76.14
76.14
76.16
76.15
76.07
