76.56
73.44
77.08
79.30
79.38
78.39
78.57
77.93
77.95
77.03
76.42
76.30
76.08
75.67
75.42
75.88
75.83
75.78
75.74
74.92
74.93
75.36
74.93
74.74
74.69
74.94
75.06
75.00
74.95
75.16
75.30
75.24
75.52
75.60
75.71
75.74
75.97
76.07
76.16
76.09
76.11
76.08
75.98
75.92
75.94
76.02
76.20
76.33
76.24
76.22
76.38
76.23
76.39
76.53
76.56
76.56
76.48
76.56
76.51
76.64
76.61
76.71
76.69
76.61
76.61
76.59
76.52
76.47
76.52
76.63
76.69
76.67
76.69
76.71
76.71
76.73
76.77
76.76
76.88
76.76
76.68
76.68
76.73
76.75
76.82
76.91
76.85
76.90
76.91
76.82
76.91
76.83
76.73
76.65
76.60
76.51
76.48
76.55
76.61
76.67
76.67
76.65
76.70
76.61
76.65
76.53
76.43
76.42
76.43
76.43
76.44
76.46
76.42
76.44
76.47
76.39
76.35
76.32
76.30
76.21
76.28
76.24
76.30
76.39
76.41
76.40
76.49
76.49
76.43
76.41
76.37
76.38
76.41
76.41
76.38
76.39
76.37
76.34
76.34
76.34
76.30
76.23
76.32
76.39
76.37
76.32
76.28
76.21
76.18
76.09
76.12
76.02
76.01
76.05
76.03
75.97
76.01
76.04
76.08
76.11
76.14
76.18
76.20
76.21
76.22
76.19
76.21
76.22
76.21
76.26
76.25
76.26
76.22
76.22
76.20
76.23
76.19
76.22
76.22
76.19
76.17
76.18
76.21
76.24
76.30
76.29
76.30
76.33
76.32
76.34
76.39
76.42
76.41
76.44
76.48
76.47
76.46
76.45
76.42
76.39
76.37
76.34
76.32
76.31
76.30
76.28
76.28
76.26
76.22
76.28
76.28
76.25
76.29
76.26
76.27
76.29
76.32
76.35
76.38
76.38
76.36
76.37
76.35
76.34
76.40
76.38
76.34
76.32
76.30
76.28
76.27
76.28
76.29
76.28
76.28
76.26
76.22
76.21
76.21
76.22
76.26
76.27
76.26
76.25
76.23
76.23
76.27
76.20
76.19
76.21
76.21
76.22
76.26
76.27
76.27
76.30
76.31
76.33
76.35
76.36
76.35
76.33
76.31
76.32
76.32
76.33
76.37
76.41
76.41
76.41
76.43
76.42
76.44
76.45
76.46
76.47
76.45
76.46
76.44
76.42
76.41
76.40
76.37
76.39
76.41
76.41
76.47
76.48
76.48
76.49
76.49
76.52
76.48
76.49
76.49
76.49
76.47
76.47
76.45
76.45
76.43
76.45
76.45
76.44
76.42
76.44
76.41
76.45
76.44
76.44
76.43
76.44
76.42
76.41
76.38
76.36
76.34
76.32
76.32
76.31
76.28
76.30
76.29
76.28
76.29
76.32
76.30
76.32
76.32
76.32
76.30
76.30
76.33
76.30
76.28
76.26
76.28
76.28
76.27
76.25
76.24
76.25
76.27
76.29
76.31
76.32
76.31
76.30
76.29
76.30
76.32
76.28
76.28
76.30
76.32
76.28
76.28
76.26
76.25
76.23
76.22
76.22
76.24
76.23
76.21
76.20
76.17
76.16
76.17
76.17
76.18
76.17
76.16
76.17
76.17
76.17
76.14
76.12
76.13
76.12
76.12
76.13
76.14
76.13
76.12
76.12
76.10
76.11
76.10
76.11
76.11
76.14
76.10
76.10
76.10
76.09
76.11
76.12
76.10
76.08
76.06
76.05
76.05
76.07
76.08
76.09
76.08
76.07
76.07
76.06
76.07
76.08
76.09
76.08
76.06
76.06
76.07
76.08
76.09
76.11
76.13
76.14
76.13
76.14
76.13
76.14
76.13
76.12
76.15
76.16
76.16
76.17
76.18
76.20
76.20
76.22
76.22
76.22
76.21
76.22
76.20
76.20
76.19
76.19
76.18
76.19
76.19
76.18
76.20
76.20
76.20
76.18
76.18
76.18
76.18
76.19
76.18
76.16
76.17
76.18
76.17
76.17
76.16
76.14
76.14
76.14
76.15
76.15
76.16
76.15
76.16
76.17
76.17
76.19
76.19
76.19
76.17
76.18
76.16
76.16
76.14
76.15
76.15
76.15
76.14
76.14
76.13
76.12
76.12
76.12
76.13
76.13
76.14
76.14
76.15
76.15
76.16
76.15
76.16
76.16
76.18
76.18
76.19
76.17
76.17
76.18
76.18
76.18
76.19
76.18
76.18
76.18
76.19
76.17
76.17
76.18
76.19
76.20
76.18
76.17
76.18
76.19
76.20
76.20
76.20
76.20
76.20
76.22
76.23
76.22
76.22
76.23
76.24
76.24
76.23
76.23
76.25
76.24
76.24
76.24
76.25
76.27
76.26
76.26
76.25
76.25
76.25
76.26
76.26
76.27
76.27
76.28
76.28
76.26
76.26
76.23
76.22
76.20
76.20
76.19
76.17
76.18
76.19
76.19
76.20
76.18
76.18
76.20
76.20
76.20
76.22
76.23
76.24
76.23
76.23
76.22
76.23
76.22
76.23
76.23
76.24
76.22
76.22
76.23
76.23
76.23
76.23
76.25
76.26
76.27
76.27
76.27
76.26
76.27
76.26
76.25
76.25
76.24
76.24
76.24
76.24
76.23
76.24
76.24
76.23
76.23
76.24
76.23
76.24
76.24
76.24
76.23
76.22
76.23
76.24
76.24
76.25
76.24
76.24
76.26
76.27
76.27
76.26
76.25
76.25
76.25
76.24
76.26
76.25
76.24
76.24
76.23
76.24
76.23
76.24
76.24
76.23
76.21
76.23
76.23
76.23
76.24
76.24
76.25
76.25
76.24
76.22
76.22
76.24
76.23
76.23
76.22
76.21
76.22
76.22
76.22
76.23
76.22
76.23
76.23
76.23
76.22
76.22
76.23
76.22
76.22
76.23
76.22
76.20
76.20
76.21
76.20
76.19
76.21
76.21
76.21
76.21
76.21
76.21
76.21
76.21
76.20
76.20
76.19
76.19
76.18
76.18
76.18
76.17
76.16
76.18
76.18
76.18
76.18
76.19
76.21
76.21
76.21
76.20
76.19
76.21
76.20
76.21
76.21
76.19
76.20
76.20
76.20
76.18
76.19
76.19
76.19
76.19
76.18
76.17
76.18
76.17
76.18
76.17
76.17
76.17
76.17
76.16
76.17
76.17
76.17
76.18
76.18
76.18
76.18
76.19
76.19
76.18
76.19
76.20
76.19
76.19
76.19
76.17
76.16
76.16
76.15
76.15
76.14
76.14
76.14
76.14
76.14
76.15
76.15
76.16
76.16
76.15
76.15
76.15
76.15
76.14
76.15
76.14
76.14
76.15
76.15
76.14
76.13
76.15
76.15
76.15
76.15
76.16
76.15
76.16
76.15
76.15
76.15
76.14
76.14
76.14
76.14
76.15
76.15
76.14
76.07
