70.31
75.78
73.44
74.22
75.94
76.56
77.46
78.52
78.12
78.12
78.12
77.99
77.16
76.56
76.67
76.46
76.38
76.65
76.56
76.64
76.79
76.85
77.11
76.82
76.38
76.26
76.27
76.40
76.62
76.82
76.86
77.15
76.61
76.56
76.43
76.61
76.48
76.40
76.48
76.45
76.56
76.56
76.49
76.28
76.22
76.12
76.16
76.20
76.34
76.41
76.47
76.38
76.33
76.27
76.28
76.51
76.48
76.40
76.38
76.38
76.33
76.46
76.46
76.56
76.44
76.49
76.49
76.54
76.61
76.61
76.58
76.58
76.52
76.67
76.65
76.56
76.54
76.58
76.44
76.37
76.25
76.28
76.32
76.26
76.29
76.33
76.35
76.37
76.39
76.44
76.43
76.49
76.44
76.43
76.51
76.53
76.51
76.47
76.45
76.45
76.52
76.58
76.55
76.50
76.53
76.56
76.58
76.59
76.63
76.61
76.56
76.56
76.60
76.62
76.62
76.63
76.56
76.66
76.64
76.60
76.59
76.54
76.54
76.52
76.48
76.40
76.37
76.34
76.43
76.45
76.51
76.48
76.46
76.45
76.35
76.31
76.20
76.15
76.17
76.10
76.14
76.13
76.11
76.07
76.08
76.06
76.11
76.12
76.18
76.17
76.16
76.12
76.09
76.09
76.09
76.11
76.07
76.11
76.13
76.14
76.08
76.10
76.09
76.12
76.10
76.11
76.11
76.06
76.10
76.12
76.20
76.22
76.24
76.20
76.20
76.13
76.13
76.14
76.18
76.15
76.15
76.13
76.20
76.24
76.27
76.24
76.28
76.27
76.29
76.31
76.33
76.33
76.37
76.37
76.33
76.30
76.32
76.34
76.36
76.40
76.44
76.42
76.43
76.47
76.45
76.41
76.43
76.41
76.41
76.38
76.38
76.36
76.34
76.33
76.34
76.34
76.34
76.35
76.36
76.42
76.41
76.39
76.42
76.42
76.44
76.45
76.44
76.47
76.46
76.47
76.41
76.39
76.37
76.37
76.38
76.41
76.41
76.41
76.44
76.40
76.41
76.36
76.36
76.35
76.36
76.39
76.37
76.35
76.34
76.33
76.32
76.35
76.36
76.37
76.39
76.35
76.34
76.37
76.38
76.39
76.40
76.41
76.41
76.38
76.37
76.31
76.29
76.31
76.27
76.25
76.27
76.32
76.30
76.29
76.30
76.30
76.32
76.34
76.32
76.34
76.34
76.33
76.33
76.30
76.28
76.29
76.31
76.33
76.31
76.33
76.32
76.31
76.31
76.31
76.31
76.29
76.31
76.34
76.34
76.34
76.32
76.32
76.34
76.32
76.31
76.32
76.33
76.30
76.33
76.32
76.31
76.30
76.31
76.33
76.35
76.35
76.34
76.35
76.35
76.34
76.36
76.36
76.38
76.34
76.36
76.36
76.37
76.36
76.34
76.34
76.33
76.34
76.34
76.31
76.33
76.33
76.29
76.32
76.34
76.33
76.33
76.33
76.33
76.35
76.35
76.35
76.32
76.32
76.29
76.29
76.30
76.30
76.30
76.28
76.27
76.27
76.26
76.27
76.26
76.25
76.26
76.27
76.26
76.27
76.25
76.20
76.22
76.22
76.21
76.22
76.22
76.21
76.20
76.19
76.17
76.16
76.17
76.16
76.15
76.12
76.13
76.12
76.11
76.12
76.13
76.11
76.13
76.12
76.10
76.11
76.14
76.16
76.15
76.13
76.12
76.12
76.11
76.09
76.10
76.07
76.07
76.08
76.11
76.11
76.11
76.11
76.10
76.10
76.10
76.10
76.08
76.08
76.10
76.10
76.11
76.09
76.07
76.08
76.09
76.08
76.07
76.07
76.08
76.08
76.09
76.09
76.10
76.09
76.09
76.07
76.08
76.09
76.10
76.10
76.11
76.11
76.10
76.12
76.11
76.11
76.13
76.11
76.11
76.12
76.14
76.16
76.18
76.19
76.18
76.18
76.20
76.20
76.19
76.18
76.18
76.17
76.17
76.15
76.14
76.15
76.13
76.11
76.11
76.12
76.12
76.13
76.13
76.12
76.13
76.12
76.12
76.11
76.12
76.12
76.12
76.11
76.12
76.09
76.11
76.11
76.12
76.12
76.10
76.11
76.11
76.10
76.10
76.11
76.11
76.12
76.10
76.11
76.11
76.13
76.12
76.13
76.14
76.15
76.15
76.16
76.16
76.16
76.14
76.14
76.14
76.15
76.14
76.14
76.14
76.14
76.14
76.14
76.13
76.12
76.10
76.09
76.09
76.09
76.09
76.07
76.07
76.08
76.08
76.07
76.07
76.05
76.06
76.08
76.08
76.07
76.07
76.07
76.08
76.07
76.08
76.08
76.09
76.10
76.11
76.11
76.12
76.12
76.13
76.12
76.10
76.10
76.11
76.11
76.11
76.12
76.12
76.12
76.09
76.11
76.11
76.13
76.11
76.12
76.11
76.11
76.12
76.14
76.14
76.15
76.14
76.14
76.13
76.13
76.14
76.15
76.16
76.16
76.16
76.16
76.17
76.16
76.16
76.17
76.17
76.16
76.15
76.16
76.16
76.16
76.15
76.15
76.16
76.16
76.15
76.16
76.16
76.15
76.15
76.15
76.14
76.14
76.15
76.15
76.15
76.15
76.15
76.16
76.15
76.16
76.15
76.15
76.15
76.14
76.15
76.17
76.19
76.18
76.18
76.17
76.19
76.18
76.19
76.20
76.20
76.20
76.20
76.19
76.20
76.20
76.20
76.21
76.20
76.21
76.21
76.21
76.21
76.21
76.20
76.19
76.18
76.17
76.18
76.19
76.20
76.18
76.18
76.20
76.20
76.20
76.19
76.19
76.18
76.18
76.17
76.17
76.17
76.18
76.17
76.17
76.16
76.17
76.17
76.18
76.18
76.18
76.18
76.18
76.18
76.18
76.19
76.20
76.20
76.20
76.21
76.21
76.21
76.21
76.21
76.21
76.22
76.22
76.21
76.21
76.19
76.19
76.19
76.18
76.18
76.17
76.17
76.18
76.18
76.20
76.17
76.18
76.19
76.19
76.17
76.17
76.17
76.16
76.16
76.14
76.16
76.16
76.16
76.16
76.16
76.16
76.16
76.16
76.16
76.16
76.16
76.16
76.16
76.17
76.17
76.17
76.16
76.16
76.15
76.15
76.15
76.15
76.15
76.15
76.15
76.16
76.17
76.16
76.15
76.14
76.15
76.15
76.14
76.15
76.14
76.13
76.15
76.15
76.14
76.14
76.15
76.15
76.15
76.15
76.16
76.16
76.16
76.16
76.15
76.15
76.15
76.15
76.16
76.16
76.16
76.16
76.16
76.16
76.14
76.14
76.14
76.14
76.13
76.14
76.15
76.15
76.15
76.15
76.15
76.16
76.15
76.14
76.15
76.14
76.14
76.14
76.14
76.13
76.13
76.14
76.14
76.15
76.15
76.07
