84.38
78.12
78.12
75.39
75.94
76.82
75.67
75.59
76.56
77.03
76.85
76.82
76.68
77.01
77.08
76.86
76.19
76.13
76.64
76.41
76.26
76.21
76.43
76.37
76.56
76.92
76.85
77.18
76.99
76.77
76.76
76.71
76.66
76.84
76.65
76.74
76.65
76.56
76.48
76.45
76.60
76.56
76.42
76.24
76.18
75.99
75.90
75.72
75.64
75.47
75.52
75.51
75.77
75.87
75.85
75.81
75.90
76.00
75.98
75.86
75.79
75.83
75.89
75.83
75.94
75.73
75.77
75.74
75.86
75.89
75.79
75.78
75.73
75.63
75.65
75.62
75.69
75.74
75.75
75.76
75.77
75.86
75.85
75.89
75.90
75.84
75.88
75.96
76.05
76.04
76.10
76.09
76.11
76.18
76.18
76.14
76.14
76.12
76.17
76.11
76.14
76.13
76.06
76.19
76.19
76.16
76.27
76.19
76.16
76.08
76.07
76.09
76.08
76.03
76.02
75.88
75.93
75.94
75.96
75.91
75.88
75.90
75.83
75.84
75.85
75.88
75.91
75.93
75.94
75.93
75.95
75.92
75.92
75.94
75.98
76.00
76.00
75.99
75.97
75.95
75.92
75.91
75.83
75.81
75.82
75.82
75.79
75.84
75.83
75.90
75.90
75.98
76.00
75.98
75.96
75.93
75.96
75.99
75.99
75.97
75.93
75.91
75.88
75.90
75.85
75.89
75.89
75.97
76.00
76.02
76.04
76.04
76.08
76.09
76.09
76.06
76.09
76.06
76.06
76.07
76.09
76.08
76.08
76.07
76.12
76.10
76.11
76.11
76.09
76.13
76.14
76.07
76.05
76.02
76.04
76.08
76.05
76.07
76.08
76.08
76.08
76.11
76.09
76.07
76.08
76.08
76.13
76.16
76.16
76.14
76.17
76.20
76.25
76.27
76.26
76.27
76.27
76.28
76.30
76.33
76.34
76.34
76.32
76.33
76.31
76.34
76.36
76.32
76.30
76.30
76.27
76.22
76.17
76.16
76.18
76.20
76.21
76.19
76.22
76.20
76.21
76.18
76.20
76.19
76.17
76.16
76.18
76.17
76.18
76.19
76.21
76.23
76.23
76.24
76.22
76.22
76.22
76.24
76.25
76.24
76.23
76.25
76.20
76.19
76.18
76.20
76.22
76.24
76.24
76.27
76.27
76.26
76.27
76.25
76.26
76.28
76.30
76.27
76.27
76.27
76.27
76.30
76.32
76.32
76.32
76.33
76.34
76.35
76.34
76.34
76.36
76.36
76.34
76.38
76.36
76.39
76.37
76.34
76.34
76.37
76.37
76.39
76.40
76.43
76.44
76.43
76.44
76.41
76.42
76.42
76.42
76.41
76.39
76.41
76.39
76.37
76.37
76.38
76.39
76.39
76.39
76.39
76.37
76.40
76.40
76.44
76.43
76.41
76.40
76.39
76.39
76.41
76.40
76.39
76.39
76.39
76.40
76.38
76.37
76.38
76.38
76.37
76.36
76.34
76.35
76.34
76.34
76.35
76.33
76.32
76.31
76.31
76.31
76.30
76.32
76.31
76.30
76.29
76.29
76.29
76.31
76.32
76.31
76.31
76.34
76.32
76.35
76.33
76.35
76.33
76.35
76.35
76.35
76.35
76.34
76.35
76.36
76.38
76.37
76.38
76.39
76.40
76.35
76.35
76.35
76.34
76.35
76.34
76.34
76.33
76.34
76.35
76.34
76.34
76.35
76.35
76.34
76.34
76.32
76.32
76.35
76.35
76.34
76.34
76.35
76.36
76.36
76.35
76.34
76.33
76.32
76.30
76.32
76.31
76.31
76.34
76.35
76.35
76.34
76.35
76.34
76.32
76.33
76.32
76.32
76.35
76.36
76.37
76.37
76.36
76.36
76.36
76.35
76.36
76.35
76.34
76.35
76.33
76.33
76.32
76.31
76.32
76.33
76.33
76.33
76.30
76.31
76.30
76.32
76.34
76.34
76.33
76.31
76.30
76.31
76.31
76.31
76.31
76.30
76.31
76.31
76.28
76.28
76.28
76.29
76.29
76.31
76.32
76.33
76.32
76.34
76.33
76.33
76.34
76.34
76.32
76.32
76.33
76.33
76.37
76.39
76.40
76.42
76.42
76.42
76.42
76.41
76.39
76.39
76.37
76.37
76.37
76.38
76.39
76.39
76.37
76.38
76.40
76.40
76.40
76.42
76.41
76.40
76.41
76.41
76.39
76.41
76.40
76.40
76.41
76.39
76.39
76.39
76.39
76.39
76.39
76.39
76.40
76.39
76.40
76.40
76.40
76.41
76.40
76.38
76.38
76.38
76.38
76.39
76.38
76.39
76.37
76.36
76.36
76.35
76.32
76.32
76.32
76.32
76.33
76.33
76.33
76.34
76.34
76.35
76.35
76.33
76.34
76.34
76.34
76.36
76.36
76.35
76.35
76.33
76.33
76.32
76.32
76.32
76.31
76.30
76.30
76.30
76.31
76.31
76.32
76.32
76.34
76.35
76.34
76.35
76.35
76.36
76.37
76.38
76.38
76.37
76.35
76.35
76.36
76.36
76.35
76.36
76.37
76.36
76.37
76.36
76.35
76.35
76.35
76.35
76.36
76.33
76.33
76.31
76.32
76.31
76.31
76.29
76.28
76.28
76.28
76.28
76.29
76.29
76.31
76.31
76.32
76.31
76.31
76.31
76.31
76.32
76.31
76.31
76.32
76.30
76.30
76.31
76.32
76.32
76.31
76.30
76.30
76.30
76.30
76.29
76.28
76.30
76.28
76.28
76.28
76.29
76.29
76.28
76.28
76.28
76.29
76.28
76.27
76.27
76.27
76.27
76.27
76.27
76.28
76.28
76.29
76.27
76.27
76.26
76.26
76.25
76.26
76.27
76.28
76.27
76.28
76.27
76.26
76.26
76.24
76.23
76.23
76.23
76.22
76.23
76.22
76.23
76.23
76.22
76.22
76.21
76.20
76.19
76.19
76.19
76.20
76.19
76.19
76.20
76.19
76.17
76.18
76.19
76.18
76.18
76.19
76.20
76.19
76.19
76.20
76.19
76.18
76.19
76.19
76.18
76.19
76.20
76.21
76.19
76.19
76.18
76.17
76.17
76.17
76.16
76.16
76.17
76.17
76.16
76.15
76.16
76.15
76.15
76.15
76.16
76.17
76.17
76.17
76.17
76.17
76.17
76.18
76.18
76.18
76.18
76.18
76.18
76.19
76.18
76.18
76.18
76.19
76.19
76.18
76.19
76.20
76.21
76.20
76.21
76.21
76.21
76.21
76.20
76.20
76.20
76.19
76.18
76.19
76.20
76.20
76.19
76.19
76.19
76.19
76.18
76.19
76.19
76.18
76.19
76.18
76.18
76.18
76.18
76.17
76.17
76.16
76.16
76.16
76.16
76.16
76.15
76.16
76.16
76.15
76.15
76.14
76.14
76.14
76.14
76.07
