81.25
81.25
75.52
75.78
76.88
78.39
77.90
77.34
77.26
77.34
76.85
76.56
76.32
76.23
76.67
76.86
76.93
77.26
77.22
76.88
76.64
76.21
76.43
76.11
75.94
75.78
75.64
75.50
75.48
75.47
75.25
75.29
75.24
75.32
75.54
75.74
75.76
75.86
75.76
75.55
75.80
75.71
75.69
75.46
75.35
75.41
75.37
75.39
75.22
75.12
75.12
75.12
75.00
74.97
75.14
75.22
75.36
75.43
75.64
75.78
75.77
75.73
75.69
75.68
75.67
75.73
75.86
75.87
76.02
76.09
76.10
76.24
76.28
76.29
76.25
76.23
76.24
76.14
76.09
76.04
75.87
75.86
75.77
75.76
75.83
75.91
76.01
75.94
75.95
75.87
75.81
75.82
75.86
75.73
75.77
75.73
75.74
75.78
75.80
75.73
75.76
75.80
75.77
75.75
75.79
75.75
75.79
75.84
75.83
75.87
75.94
75.96
76.00
75.99
76.02
75.97
76.04
76.07
76.08
76.09
76.12
76.11
76.09
76.03
76.08
76.07
76.03
76.05
76.07
76.05
76.05
76.07
76.09
76.10
76.05
76.02
76.02
76.05
76.08
76.08
76.12
76.10
76.15
76.04
75.98
76.05
76.04
76.05
76.11
76.09
76.15
76.10
76.12
76.11
76.11
76.13
76.17
76.18
76.21
76.18
76.18
76.17
76.26
76.28
76.25
76.21
76.21
76.24
76.19
76.17
76.11
76.14
76.16
76.12
76.10
76.09
76.03
76.09
76.06
76.04
76.10
76.12
76.14
76.15
76.13
76.13
76.12
76.11
76.12
76.13
76.11
76.16
76.17
76.15
76.11
76.11
76.09
76.08
76.04
76.05
76.09
76.11
76.10
76.12
76.16
76.13
76.14
76.11
76.12
76.13
76.11
76.09
76.12
76.10
76.10
76.13
76.13
76.14
76.12
76.13
76.15
76.08
76.08
76.09
76.11
76.11
76.10
76.12
76.11
76.13
76.10
76.06
76.05
76.08
76.11
76.09
76.11
76.10
76.12
76.11
76.11
76.12
76.14
76.17
76.21
76.26
76.30
76.32
76.32
76.33
76.33
76.29
76.28
76.31
76.32
76.31
76.31
76.37
76.35
76.33
76.35
76.34
76.32
76.30
76.31
76.32
76.33
76.32
76.32
76.31
76.31
76.28
76.30
76.27
76.31
76.35
76.37
76.36
76.37
76.38
76.37
76.35
76.34
76.33
76.31
76.33
76.34
76.30
76.31
76.28
76.27
76.25
76.25
76.27
76.23
76.26
76.25
76.23
76.24
76.24
76.21
76.21
76.23
76.23
76.23
76.25
76.27
76.26
76.26
76.25
76.26
76.24
76.24
76.25
76.24
76.26
76.26
76.25
76.24
76.22
76.23
76.24
76.21
76.21
76.18
76.16
76.16
76.17
76.19
76.20
76.19
76.19
76.21
76.20
76.20
76.19
76.21
76.21
76.23
76.25
76.24
76.27
76.29
76.31
76.32
76.35
76.33
76.34
76.33
76.34
76.34
76.35
76.33
76.33
76.30
76.27
76.27
76.26
76.28
76.27
76.26
76.25
76.27
76.27
76.28
76.29
76.25
76.24
76.26
76.26
76.26
76.25
76.24
76.27
76.27
76.28
76.27
76.24
76.25
76.24
76.21
76.17
76.17
76.18
76.17
76.17
76.16
76.15
76.15
76.16
76.13
76.16
76.16
76.18
76.18
76.22
76.24
76.24
76.23
76.21
76.20
76.21
76.20
76.21
76.22
76.21
76.21
76.23
76.25
76.23
76.24
76.25
76.24
76.25
76.25
76.25
76.23
76.23
76.23
76.23
76.22
76.21
76.20
76.19
76.19
76.18
76.19
76.18
76.17
76.16
76.18
76.18
76.19
76.20
76.22
76.21
76.23
76.23
76.22
76.21
76.20
76.19
76.19
76.18
76.17
76.17
76.16
76.15
76.16
76.15
76.15
76.13
76.13
76.14
76.14
76.13
76.12
76.13
76.13
76.12
76.14
76.14
76.14
76.15
76.15
76.16
76.16
76.16
76.14
76.16
76.15
76.13
76.10
76.09
76.11
76.13
76.12
76.10
76.07
76.08
76.07
76.05
76.05
76.05
76.05
76.06
76.06
76.07
76.05
76.06
76.07
76.06
76.07
76.08
76.07
76.06
76.08
76.07
76.07
76.08
76.09
76.09
76.08
76.08
76.06
76.06
76.06
76.06
76.05
76.04
76.06
76.04
76.05
76.05
76.05
76.06
76.06
76.06
76.08
76.07
76.06
76.07
76.07
76.08
76.08
76.05
76.05
76.05
76.05
76.07
76.08
76.09
76.08
76.07
76.07
76.06
76.06
76.07
76.07
76.06
76.05
76.06
76.05
76.05
76.06
76.06
76.06
76.07
76.06
76.05
76.05
76.06
76.08
76.06
76.07
76.08
76.08
76.07
76.08
76.09
76.10
76.09
76.09
76.07
76.07
76.07
76.07
76.06
76.08
76.06
76.08
76.08
76.09
76.09
76.10
76.09
76.09
76.08
76.07
76.08
76.08
76.08
76.09
76.10
76.11
76.12
76.10
76.10
76.10
76.11
76.12
76.11
76.09
76.08
76.08
76.08
76.08
76.06
76.06
76.05
76.05
76.04
76.05
76.05
76.06
76.06
76.07
76.07
76.06
76.07
76.07
76.07
76.07
76.05
76.07
76.06
76.07
76.07
76.07
76.07
76.07
76.08
76.07
76.08
76.09
76.08
76.07
76.08
76.07
76.06
76.07
76.07
76.06
76.06
76.08
76.08
76.08
76.07
76.06
76.07
76.06
76.05
76.04
76.04
76.04
76.04
76.05
76.05
76.05
76.06
76.06
76.04
76.05
76.03
76.04
76.04
76.04
76.05
76.06
76.06
76.07
76.07
76.06
76.06
76.07
76.07
76.06
76.06
76.04
76.05
76.04
76.04
76.05
76.05
76.07
76.07
76.06
76.06
76.07
76.07
76.08
76.07
76.07
76.07
76.06
76.06
76.07
76.07
76.06
76.06
76.07
76.06
76.06
76.06
76.07
76.07
76.06
76.08
76.08
76.06
76.06
76.08
76.08
76.07
76.06
76.06
76.06
76.06
76.07
76.07
76.07
76.07
76.07
76.07
76.07
76.07
76.06
76.07
76.07
76.07
76.07
76.07
76.07
76.08
76.09
76.10
76.11
76.11
76.11
76.11
76.11
76.11
76.13
76.13
76.13
76.13
76.13
76.13
76.14
76.12
76.12
76.12
76.13
76.12
76.10
76.11
76.11
76.12
76.11
76.11
76.13
76.12
76.11
76.13
76.12
76.11
76.13
76.12
76.11
76.11
76.10
76.12
76.13
76.13
76.14
76.14
76.15
76.14
76.14
76.13
76.14
76.15
76.14
76.14
76.13
76.13
76.14
76.14
76.15
76.14
76.15
76.07
