67.19
64.84
70.31
67.97
69.06
69.53
69.87
68.95
69.44
69.38
69.60
70.18
70.31
70.76
70.52
70.70
71.23
71.09
71.05
71.02
70.83
71.16
71.13
71.42
71.50
71.69
71.93
71.93
71.82
71.77
71.77
71.68
71.59
71.46
71.07
71.14
71.45
71.63
71.67
71.41
71.53
71.54
71.55
71.56
71.77
71.50
71.58
71.52
71.49
71.50
71.54
71.60
71.64
71.47
71.39
71.51
71.55
71.58
71.48
71.59
71.57
71.40
71.21
71.26
71.35
71.38
71.43
71.42
71.54
71.61
71.65
71.61
71.62
71.62
71.73
71.69
71.71
71.73
71.74
71.68
71.72
71.61
71.65
71.74
71.71
71.77
71.77
71.73
71.77
71.88
71.91
71.93
71.84
71.94
72.04
72.09
72.05
72.08
72.08
72.13
72.17
72.18
72.12
72.07
72.08
72.11
72.08
72.09
72.08
72.13
71.97
71.96
71.93
71.92
71.81
71.83
71.85
71.93
71.98
71.94
71.95
71.96
71.93
71.90
71.90
71.85
71.86
71.81
71.80
71.78
71.71
71.69
71.65
71.70
71.72
71.76
71.76
71.82
71.81
71.85
71.82
71.84
71.80
71.82
71.83
71.88
71.91
71.92
71.94
71.96
71.90
71.92
71.95
71.94
71.86
71.89
71.94
71.90
71.95
71.93
71.94
71.88
71.86
71.82
71.78
71.74
71.71
71.66
71.70
71.66
71.65
71.68
71.69
71.71
71.64
71.64
71.65
71.67
71.65
71.65
71.65
71.65
71.64
71.65
71.67
71.65
71.67
71.68
71.69
71.67
71.69
71.66
71.64
71.63
71.64
71.68
71.67
71.68
71.62
71.61
71.61
71.60
71.57
71.59
71.59
71.58
71.57
71.59
71.60
71.64
71.68
71.68
71.69
71.69
71.69
71.69
71.70
71.65
71.68
71.68
71.65
71.64
71.62
71.65
71.63
71.65
71.64
71.61
71.62
71.65
71.64
71.63
71.61
71.61
71.63
71.63
71.61
71.57
71.57
71.50
71.45
71.46
71.48
71.47
71.47
71.44
71.43
71.45
71.45
71.44
71.49
71.50
71.47
71.44
71.45
71.46
71.47
71.46
71.48
71.53
71.53
71.52
71.52
71.53
71.54
71.53
71.52
71.51
71.49
71.49
71.51
71.50
71.50
71.49
71.51
71.54
71.51
71.49
71.45
71.47
71.46
71.47
71.45
71.47
71.46
71.44
71.42
71.41
71.39
71.42
71.42
71.44
71.45
71.44
71.42
71.42
71.45
71.45
71.45
71.44
71.42
71.43
71.45
71.44
71.44
71.45
71.43
71.42
71.43
71.41
71.42
71.44
71.44
71.42
71.41
71.42
71.42
71.45
71.44
71.44
71.45
71.45
71.46
71.46
71.47
71.49
71.47
71.47
71.48
71.49
71.51
71.50
71.52
71.49
71.50
71.49
71.49
71.53
71.52
71.53
71.55
71.55
71.55
71.51
71.49
71.48
71.50
71.50
71.53
71.53
71.51
71.52
71.51
71.49
71.50
71.51
71.51
71.50
71.51
71.49
71.46
71.45
71.46
71.45
71.46
71.45
71.46
71.45
71.45
71.44
71.42
71.40
71.41
71.40
71.42
71.41
71.41
71.42
71.40
71.41
71.40
71.39
71.39
71.39
71.35
71.37
71.35
71.36
71.38
71.37
71.35
71.37
71.35
71.35
71.34
71.31
71.32
71.32
71.29
71.33
71.33
71.35
71.33
71.31
71.30
71.31
71.32
71.33
71.34
71.33
71.33
71.33
71.33
71.32
71.31
71.31
71.29
71.28
71.29
71.30
71.30
71.28
71.29
71.29
71.26
71.25
71.25
71.25
71.26
71.26
71.28
71.29
71.28
71.23
71.23
71.22
71.21
71.21
71.22
71.22
71.23
71.24
71.24
71.22
71.22
71.21
71.21
71.23
71.22
71.22
71.22
71.23
71.22
71.25
71.25
71.25
71.28
71.27
71.28
71.28
71.26
71.28
71.28
71.29
71.27
71.28
71.27
71.28
71.29
71.30
71.30
71.31
71.30
71.29
71.29
71.27
71.28
71.27
71.24
71.24
71.23
71.23
71.23
71.24
71.24
71.26
71.28
71.27
71.26
71.25
71.26
71.27
71.25
71.24
71.24
71.25
71.25
71.24
71.21
71.20
71.20
71.19
71.20
71.20
71.19
71.18
71.19
71.19
71.19
71.19
71.19
71.19
71.20
71.18
71.17
71.17
71.16
71.15
71.15
71.14
71.13
71.11
71.11
71.10
71.10
71.10
71.09
71.07
71.03
71.04
71.04
71.05
71.03
71.03
71.04
71.05
71.05
71.04
71.04
71.04
71.04
71.06
71.05
71.05
71.04
71.05
71.05
71.04
71.03
71.03
71.04
71.04
71.03
71.03
71.02
71.04
71.04
71.04
71.04
71.04
71.04
71.06
71.05
71.08
71.08
71.09
71.09
71.08
71.07
71.08
71.08
71.06
71.07
71.06
71.06
71.05
71.06
71.06
71.08
71.07
71.07
71.05
71.04
71.04
71.04
71.03
71.03
71.01
71.02
71.02
71.03
71.02
71.01
71.02
71.02
71.03
71.03
71.03
71.01
71.01
71.00
71.02
71.01
71.02
71.02
71.03
71.04
71.02
71.04
71.03
71.04
71.05
71.06
71.05
71.06
71.07
71.07
71.06
71.06
71.06
71.07
71.08
71.08
71.08
71.07
71.07
71.07
71.06
71.06
71.04
71.05
71.05
71.05
71.06
71.07
71.05
71.05
71.04
71.05
71.05
71.05
71.05
71.07
71.06
71.07
71.08
71.09
71.09
71.10
71.11
71.11
71.11
71.13
71.12
71.12
71.11
71.12
71.13
71.13
71.13
71.12
71.13
71.13
71.13
71.12
71.12
71.13
71.11
71.12
71.11
71.12
71.12
71.11
71.12
71.13
71.13
71.12
71.12
71.12
71.10
71.10
71.10
71.10
71.11
71.12
71.11
71.10
71.10
71.09
71.10
71.10
71.11
71.11
71.11
71.10
71.09
71.08
71.08
71.08
71.09
71.08
71.08
71.08
71.07
71.07
71.06
71.06
71.07
71.07
71.07
71.07
71.07
71.06
71.06
71.04
71.04
71.05
71.04
71.04
71.05
71.05
71.05
71.05
71.05
71.04
71.04
71.05
71.03
71.03
71.02
71.02
71.04
71.05
71.04
71.04
71.03
71.03
71.02
71.02
71.02
71.03
71.03
71.03
71.03
71.03
71.03
71.03
71.03
71.02
71.03
71.02
71.01
71.01
71.01
71.00
71.00
70.99
70.99
71.00
71.01
71.02
71.02
71.03
71.02
71.02
71.02
71.02
71.01
71.02
71.02
71.01
71.02
71.02
71.01
71.02
71.00
71.01
71.01
71.00
71.00
70.99
70.93
