76.56
77.34
73.96
72.27
73.12
74.48
74.55
74.80
75.52
75.94
75.00
74.35
74.64
75.00
74.90
74.61
74.82
74.31
74.18
73.98
74.55
74.22
74.25
74.28
74.06
74.52
74.48
74.55
74.57
74.95
74.90
75.15
75.05
75.18
75.09
75.26
75.51
75.37
75.36
75.43
75.19
75.19
75.11
75.04
74.93
75.00
75.23
75.33
75.29
75.38
75.40
75.51
75.44
75.20
75.26
75.31
75.27
75.22
75.21
75.18
75.23
75.08
75.27
75.27
75.29
75.26
75.28
75.30
75.36
75.27
75.33
75.35
75.47
75.17
75.17
75.33
75.32
75.30
75.34
75.25
75.17
75.21
75.15
75.24
75.22
75.20
75.25
75.20
75.25
75.28
75.24
75.29
75.32
75.33
75.30
75.21
75.16
75.21
75.25
75.27
75.31
75.37
75.39
75.42
75.37
75.29
75.20
75.17
75.11
75.18
75.21
75.18
75.29
75.33
75.35
75.32
75.32
75.30
75.28
75.22
75.26
75.26
75.18
75.19
75.16
75.20
75.27
75.35
75.40
75.44
75.42
75.44
75.36
75.37
75.35
75.32
75.36
75.31
75.34
75.39
75.42
75.35
75.38
75.42
75.43
75.44
75.44
75.48
75.51
75.51
75.55
75.61
75.57
75.56
75.59
75.60
75.61
75.57
75.55
75.54
75.56
75.60
75.63
75.71
75.69
75.69
75.66
75.69
75.67
75.66
75.68
75.66
75.68
75.65
75.69
75.74
75.65
75.71
75.72
75.71
75.70
75.67
75.66
75.65
75.62
75.63
75.63
75.62
75.66
75.65
75.65
75.64
75.66
75.66
75.65
75.62
75.63
75.67
75.69
75.69
75.72
75.76
75.76
75.77
75.77
75.77
75.78
75.77
75.76
75.76
75.73
75.72
75.73
75.70
75.69
75.67
75.65
75.69
75.68
75.64
75.62
75.66
75.69
75.68
75.69
75.71
75.72
75.71
75.71
75.72
75.74
75.72
75.74
75.75
75.76
75.77
75.78
75.80
75.79
75.85
75.83
75.79
75.82
75.86
75.85
75.83
75.85
75.84
75.85
75.86
75.88
75.89
75.91
75.92
75.91
75.90
75.90
75.90
75.89
75.88
75.87
75.89
75.91
75.91
75.88
75.93
75.91
75.87
75.87
75.84
75.84
75.84
75.82
75.80
75.78
75.78
75.77
75.77
75.76
75.76
75.78
75.78
75.78
75.77
75.76
75.78
75.79
75.82
75.81
75.84
75.83
75.86
75.83
75.81
75.83
75.84
75.79
75.80
75.78
75.79
75.81
75.77
75.78
75.76
75.76
75.76
75.77
75.78
75.78
75.77
75.75
75.73
75.73
75.73
75.74
75.72
75.68
75.67
75.68
75.69
75.68
75.65
75.64
75.65
75.65
75.68
75.66
75.63
75.60
75.61
75.62
75.65
75.65
75.65
75.65
75.64
75.62
75.61
75.61
75.64
75.64
75.65
75.65
75.65
75.68
75.70
75.71
75.70
75.68
75.67
75.65
75.64
75.63
75.63
75.65
75.65
75.65
75.65
75.67
75.68
75.66
75.63
75.67
75.67
75.69
75.70
75.70
75.71
75.73
75.73
75.73
75.74
75.74
75.73
75.74
75.72
75.75
75.75
75.75
75.76
75.75
75.75
75.73
75.73
75.72
75.72
75.72
75.73
75.70
75.70
75.71
75.71
75.69
75.71
75.69
75.65
75.65
75.63
75.65
75.64
75.64
75.64
75.63
75.63
75.64
75.66
75.66
75.67
75.66
75.67
75.66
75.66
75.64
75.61
75.60
75.59
75.58
75.58
75.59
75.60
75.61
75.62
75.63
75.64
75.64
75.65
75.65
75.65
75.66
75.64
75.64
75.65
75.66
75.66
75.66
75.66
75.63
75.65
75.63
75.62
75.62
75.61
75.63
75.63
75.62
75.62
75.62
75.62
75.64
75.64
75.65
75.65
75.65
75.63
75.64
75.63
75.63
75.64
75.64
75.64
75.63
75.64
75.63
75.65
75.66
75.66
75.65
75.67
75.67
75.69
75.69
75.69
75.67
75.68
75.67
75.66
75.66
75.64
75.64
75.65
75.64
75.65
75.65
75.66
75.65
75.65
75.64
75.63
75.64
75.64
75.63
75.62
75.63
75.63
75.65
75.65
75.66
75.67
75.69
75.67
75.66
75.67
75.67
75.66
75.67
75.67
75.67
75.67
75.68
75.69
75.69
75.69
75.68
75.67
75.68
75.66
75.67
75.67
75.66
75.66
75.67
75.69
75.68
75.68
75.68
75.67
75.69
75.70
75.70
75.70
75.71
75.71
75.70
75.71
75.71
75.70
75.71
75.71
75.71
75.71
75.70
75.71
75.70
75.69
75.69
75.68
75.67
75.68
75.68
75.70
75.69
75.70
75.70
75.70
75.70
75.71
75.69
75.70
75.70
75.69
75.68
75.67
75.67
75.67
75.67
75.69
75.70
75.66
75.65
75.65
75.65
75.63
75.63
75.62
75.62
75.62
75.61
75.60
75.59
75.60
75.61
75.61
75.60
75.60
75.61
75.61
75.61
75.62
75.63
75.64
75.65
75.63
75.63
75.62
75.63
75.63
75.61
75.62
75.62
75.63
75.64
75.64
75.64
75.65
75.64
75.65
75.65
75.64
75.65
75.66
75.66
75.65
75.65
75.65
75.63
75.63
75.64
75.64
75.65
75.64
75.63
75.63
75.64
75.63
75.64
75.63
75.63
75.65
75.66
75.67
75.67
75.67
75.67
75.67
75.65
75.65
75.64
75.64
75.66
75.65
75.66
75.65
75.66
75.64
75.64
75.64
75.65
75.67
75.66
75.66
75.66
75.67
75.67
75.67
75.66
75.66
75.68
75.68
75.69
75.68
75.68
75.68
75.68
75.70
75.71
75.72
75.71
75.71
75.71
75.71
75.71
75.72
75.72
75.72
75.71
75.72
75.73
75.72
75.73
75.74
75.73
75.72
75.72
75.72
75.73
75.73
75.73
75.72
75.71
75.70
75.70
75.69
75.69
75.70
75.70
75.71
75.69
75.69
75.69
75.69
75.69
75.68
75.68
75.70
75.70
75.70
75.70
75.69
75.69
75.68
75.67
75.68
75.68
75.67
75.68
75.68
75.68
75.69
75.68
75.68
75.68
75.68
75.68
75.68
75.68
75.68
75.69
75.70
75.70
75.70
75.71
75.70
75.70
75.70
75.71
75.71
75.70
75.70
75.70
75.70
75.70
75.69
75.69
75.69
75.69
75.69
75.69
75.68
75.69
75.70
75.69
75.70
75.70
75.70
75.70
75.69
75.70
75.72
75.71
75.71
75.72
75.73
75.72
75.71
75.71
75.72
75.73
75.73
75.74
75.74
75.74
75.73
75.74
75.75
75.76
75.77
75.77
75.77
75.78
75.78
75.78
75.71
