78.12
79.69
76.56
75.78
75.31
76.04
76.56
76.76
75.17
75.62
75.57
75.91
75.60
75.78
76.15
76.56
76.38
76.39
76.48
76.41
76.12
76.21
75.95
76.17
76.12
76.26
76.04
76.00
75.97
75.89
76.06
75.98
75.80
76.06
75.98
75.91
76.01
76.07
76.24
76.29
76.41
76.49
76.64
76.67
76.56
76.53
76.50
76.66
76.63
76.78
76.87
76.74
76.80
76.68
76.76
76.79
76.84
76.99
77.04
76.77
76.72
76.64
76.64
76.73
76.68
76.68
76.63
76.63
76.70
76.70
76.74
76.82
76.80
76.69
76.69
76.67
76.66
76.50
76.52
76.62
76.47
76.60
76.58
76.54
76.47
76.36
76.38
76.28
76.26
76.25
76.36
76.44
76.44
76.53
76.50
76.53
76.55
76.59
76.55
76.61
76.52
76.50
76.53
76.58
76.59
76.61
76.59
76.61
76.53
76.52
76.44
76.45
76.49
76.51
76.48
76.47
76.52
76.51
76.51
76.46
76.45
76.51
76.55
76.50
76.47
76.53
76.46
76.53
76.48
76.44
76.43
76.50
76.49
76.46
76.35
76.41
76.46
76.47
76.51
76.45
76.35
76.30
76.29
76.30
76.28
76.31
76.24
76.28
76.33
76.32
76.32
76.31
76.25
76.24
76.21
76.22
76.13
76.18
76.21
76.19
76.17
76.21
76.18
76.20
76.23
76.27
76.27
76.29
76.32
76.27
76.23
76.24
76.27
76.30
76.29
76.25
76.25
76.27
76.24
76.27
76.28
76.31
76.32
76.32
76.37
76.38
76.39
76.35
76.33
76.29
76.34
76.31
76.38
76.38
76.39
76.37
76.44
76.47
76.46
76.46
76.50
76.48
76.44
76.42
76.39
76.37
76.38
76.38
76.39
76.36
76.33
76.34
76.37
76.36
76.34
76.33
76.27
76.30
76.33
76.36
76.37
76.35
76.33
76.36
76.40
76.37
76.38
76.38
76.37
76.39
76.37
76.39
76.36
76.37
76.36
76.37
76.38
76.36
76.38
76.41
76.41
76.39
76.41
76.40
76.41
76.41
76.41
76.35
76.34
76.34
76.34
76.31
76.30
76.30
76.32
76.31
76.32
76.31
76.28
76.29
76.31
76.32
76.34
76.34
76.36
76.39
76.38
76.38
76.41
76.42
76.41
76.41
76.44
76.45
76.46
76.45
76.44
76.43
76.42
76.42
76.40
76.41
76.42
76.40
76.40
76.41
76.42
76.42
76.39
76.42
76.41
76.39
76.38
76.36
76.35
76.32
76.33
76.34
76.35
76.36
76.32
76.35
76.30
76.32
76.33
76.35
76.36
76.37
76.36
76.34
76.34
76.31
76.29
76.31
76.33
76.33
76.33
76.30
76.32
76.31
76.32
76.35
76.35
76.35
76.36
76.35
76.33
76.34
76.35
76.35
76.33
76.36
76.31
76.31
76.32
76.31
76.34
76.34
76.37
76.38
76.37
76.38
76.38
76.39
76.36
76.35
76.33
76.31
76.31
76.33
76.33
76.33
76.33
76.32
76.34
76.32
76.30
76.28
76.29
76.31
76.32
76.32
76.30
76.27
76.24
76.26
76.24
76.22
76.22
76.23
76.23
76.23
76.24
76.24
76.24
76.24
76.24
76.23
76.23
76.26
76.26
76.26
76.27
76.24
76.23
76.19
76.18
76.18
76.19
76.18
76.17
76.17
76.18
76.17
76.17
76.17
76.18
76.17
76.17
76.18
76.19
76.20
76.20
76.22
76.21
76.24
76.24
76.25
76.28
76.29
76.28
76.29
76.30
76.31
76.30
76.30
76.29
76.26
76.27
76.26
76.26
76.27
76.26
76.24
76.24
76.23
76.23
76.23
76.22
76.22
76.23
76.23
76.23
76.24
76.24
76.24
76.24
76.24
76.26
76.26
76.28
76.28
76.29
76.30
76.28
76.28
76.30
76.30
76.29
76.29
76.29
76.29
76.30
76.30
76.29
76.30
76.28
76.30
76.30
76.27
76.25
76.24
76.24
76.25
76.26
76.27
76.28
76.29
76.29
76.30
76.30
76.29
76.28
76.28
76.27
76.26
76.25
76.25
76.24
76.24
76.25
76.25
76.26
76.26
76.26
76.27
76.25
76.27
76.24
76.24
76.22
76.22
76.22
76.22
76.21
76.18
76.19
76.18
76.19
76.17
76.18
76.19
76.17
76.18
76.21
76.20
76.19
76.19
76.16
76.17
76.15
76.15
76.16
76.16
76.16
76.16
76.14
76.15
76.15
76.16
76.14
76.16
76.16
76.16
76.16
76.16
76.17
76.17
76.17
76.19
76.18
76.18
76.18
76.18
76.19
76.18
76.20
76.19
76.19
76.20
76.20
76.19
76.19
76.18
76.18
76.18
76.19
76.20
76.20
76.19
76.20
76.20
76.19
76.20
76.19
76.19
76.19
76.18
76.19
76.19
76.19
76.20
76.20
76.19
76.17
76.16
76.13
76.13
76.13
76.12
76.12
76.12
76.11
76.11
76.12
76.12
76.12
76.13
76.13
76.14
76.12
76.12
76.12
76.12
76.12
76.12
76.13
76.12
76.12
76.11
76.11
76.13
76.14
76.13
76.13
76.12
76.11
76.12
76.13
76.12
76.11
76.09
76.10
76.10
76.10
76.10
76.11
76.11
76.11
76.10
76.12
76.12
76.11
76.11
76.12
76.12
76.13
76.13
76.12
76.11
76.11
76.12
76.12
76.11
76.11
76.11
76.10
76.10
76.09
76.10
76.09
76.08
76.08
76.06
76.06
76.06
76.06
76.05
76.06
76.07
76.06
76.05
76.07
76.08
76.08
76.07
76.07
76.07
76.06
76.06
76.07
76.06
76.06
76.06
76.04
76.05
76.05
76.05
76.05
76.06
76.05
76.05
76.05
76.04
76.05
76.06
76.05
76.04
76.04
76.04
76.03
76.04
76.04
76.06
76.05
76.06
76.05
76.05
76.05
76.05
76.07
76.08
76.08
76.06
76.07
76.06
76.05
76.04
76.05
76.05
76.05
76.04
76.04
76.04
76.05
76.05
76.05
76.04
76.03
76.03
76.03
76.03
76.04
76.05
76.06
76.07
76.07
76.07
76.07
76.09
76.07
76.06
76.06
76.08
76.09
76.09
76.08
76.08
76.09
76.10
76.10
76.10
76.09
76.09
76.08
76.08
76.08
76.08
76.08
76.09
76.09
76.08
76.10
76.10
76.10
76.10
76.09
76.09
76.10
76.10
76.10
76.11
76.12
76.12
76.11
76.11
76.11
76.11
76.11
76.11
76.11
76.11
76.11
76.11
76.12
76.11
76.10
76.10
76.09
76.09
76.09
76.10
76.12
76.11
76.11
76.12
76.13
76.12
76.12
76.12
76.12
76.12
76.13
76.12
76.12
76.12
76.12
76.12
76.13
76.14
76.15
76.07
