79.69
79.69
79.17
75.39
75.31
75.00
75.45
75.98
75.52
75.62
76.56
76.82
77.40
76.45
76.77
77.15
77.39
77.60
77.80
77.73
77.46
77.49
76.83
77.28
77.38
77.52
77.60
77.46
77.10
76.67
76.56
76.27
76.23
76.19
75.85
75.82
75.97
76.03
76.08
76.09
76.14
76.26
76.34
75.99
75.94
75.65
75.57
75.39
75.57
75.62
75.67
75.57
75.47
75.49
75.60
75.64
75.74
75.59
75.58
75.76
75.90
75.96
76.04
76.15
76.03
75.95
75.84
75.87
76.02
76.05
76.01
76.15
76.13
75.99
75.85
75.82
75.93
75.96
75.97
75.94
75.96
75.86
75.81
75.82
75.86
75.94
75.92
75.92
75.90
75.95
75.94
76.05
76.04
76.08
76.13
76.19
76.22
76.32
76.33
76.36
76.38
76.41
76.32
76.28
76.25
76.19
76.11
76.14
76.18
76.18
76.21
76.24
76.20
76.22
76.28
76.27
76.22
76.23
76.17
76.18
76.11
76.09
76.18
76.20
76.20
76.14
76.12
76.15
76.20
76.21
76.18
76.14
76.12
76.06
76.05
76.07
76.04
76.11
76.14
76.07
76.04
76.05
76.02
76.05
76.06
76.06
76.08
76.08
76.10
76.03
76.07
76.04
76.09
76.09
76.11
76.13
76.12
76.09
76.05
76.07
76.09
76.10
76.06
76.07
76.09
76.03
76.06
76.03
76.05
76.00
76.01
76.02
76.06
76.10
76.17
76.18
76.26
76.26
76.27
76.28
76.29
76.25
76.25
76.27
76.28
76.25
76.26
76.26
76.25
76.23
76.19
76.25
76.26
76.25
76.23
76.23
76.28
76.24
76.22
76.23
76.26
76.27
76.22
76.22
76.22
76.25
76.24
76.22
76.25
76.26
76.27
76.26
76.27
76.25
76.20
76.16
76.20
76.20
76.21
76.21
76.25
76.22
76.21
76.23
76.20
76.21
76.24
76.23
76.26
76.28
76.28
76.27
76.26
76.28
76.27
76.26
76.26
76.27
76.28
76.27
76.27
76.28
76.26
76.26
76.24
76.28
76.23
76.23
76.19
76.20
76.16
76.18
76.19
76.16
76.13
76.10
76.12
76.08
76.08
76.03
76.04
76.05
76.04
76.04
76.03
76.05
76.05
76.03
76.02
76.02
76.01
76.03
76.02
76.02
76.04
76.03
76.03
76.01
76.01
75.99
76.01
76.05
76.04
76.01
75.99
75.98
75.96
75.93
75.90
75.91
75.92
75.90
75.89
75.85
75.85
75.86
75.86
75.83
75.81
75.80
75.79
75.78
75.78
75.78
75.77
75.78
75.79
75.79
75.80
75.81
75.80
75.82
75.84
75.81
75.82
75.83
75.83
75.85
75.88
75.86
75.88
75.91
75.90
75.91
75.91
75.90
75.91
75.91
75.91
75.92
75.93
75.92
75.95
75.91
75.89
75.90
75.91
75.92
75.93
75.97
75.99
75.98
75.98
75.99
76.01
75.99
76.01
76.00
75.99
76.01
76.00
75.99
75.98
76.00
75.99
75.99
75.98
75.96
75.96
75.96
75.97
75.95
75.96
75.96
75.97
75.97
75.95
75.96
75.97
75.98
75.98
75.98
75.98
76.00
76.00
76.01
76.02
76.00
76.01
76.01
75.98
75.98
75.99
76.01
75.98
75.98
75.97
75.98
75.96
75.95
75.95
75.98
75.99
76.00
75.99
76.00
75.99
76.00
76.00
76.01
76.02
76.04
76.04
76.02
76.03
76.02
76.01
76.01
76.00
76.02
76.01
76.02
76.01
76.00
75.98
75.98
75.97
75.96
75.95
75.96
75.97
75.98
76.02
76.03
76.02
76.03
76.05
76.05
76.03
76.04
76.05
76.06
76.07
76.06
76.09
76.08
76.07
76.07
76.08
76.09
76.08
76.09
76.09
76.09
76.10
76.08
76.10
76.12
76.13
76.16
76.15
76.13
76.11
76.13
76.13
76.14
76.12
76.11
76.12
76.12
76.12
76.12
76.14
76.13
76.14
76.15
76.13
76.15
76.16
76.16
76.15
76.17
76.16
76.16
76.16
76.19
76.21
76.20
76.22
76.21
76.21
76.19
76.17
76.18
76.19
76.20
76.20
76.20
76.19
76.18
76.20
76.20
76.20
76.20
76.20
76.19
76.18
76.19
76.16
76.17
76.16
76.15
76.16
76.14
76.14
76.14
76.13
76.12
76.10
76.12
76.14
76.12
76.11
76.11
76.12
76.12
76.12
76.11
76.13
76.13
76.12
76.14
76.13
76.14
76.13
76.13
76.11
76.13
76.13
76.14
76.14
76.14
76.12
76.13
76.11
76.11
76.11
76.12
76.09
76.09
76.09
76.10
76.09
76.09
76.09
76.08
76.09
76.09
76.09
76.10
76.10
76.10
76.09
76.10
76.12
76.12
76.12
76.13
76.12
76.10
76.10
76.12
76.10
76.10
76.11
76.11
76.13
76.15
76.16
76.17
76.18
76.16
76.16
76.15
76.15
76.13
76.13
76.13
76.13
76.14
76.13
76.12
76.12
76.13
76.14
76.16
76.16
76.16
76.15
76.15
76.16
76.15
76.15
76.16
76.16
76.16
76.17
76.17
76.18
76.18
76.18
76.18
76.18
76.18
76.18
76.18
76.18
76.16
76.17
76.16
76.16
76.16
76.17
76.16
76.16
76.16
76.16
76.16
76.16
76.18
76.18
76.18
76.19
76.18
76.17
76.17
76.17
76.18
76.20
76.21
76.20
76.20
76.20
76.20
76.20
76.20
76.20
76.20
76.19
76.20
76.20
76.20
76.20
76.19
76.18
76.17
76.17
76.16
76.15
76.16
76.16
76.15
76.15
76.15
76.17
76.17
76.16
76.17
76.15
76.14
76.14
76.12
76.13
76.14
76.12
76.12
76.12
76.13
76.14
76.15
76.13
76.14
76.13
76.14
76.14
76.15
76.15
76.14
76.13
76.13
76.14
76.14
76.12
76.12
76.11
76.10
76.10
76.10
76.11
76.12
76.12
76.13
76.12
76.13
76.11
76.10
76.10
76.10
76.11
76.10
76.11
76.09
76.08
76.09
76.07
76.08
76.08
76.08
76.08
76.08
76.09
76.08
76.09
76.10
76.10
76.11
76.11
76.11
76.10
76.11
76.11
76.12
76.12
76.12
76.12
76.11
76.12
76.13
76.11
76.11
76.11
76.12
76.12
76.13
76.13
76.13
76.13
76.13
76.11
76.12
76.12
76.12
76.11
76.11
76.12
76.11
76.13
76.13
76.12
76.13
76.13
76.12
76.12
76.13
76.12
76.12
76.11
76.11
76.12
76.11
76.11
76.12
76.11
76.10
76.10
76.11
76.10
76.11
76.10
76.10
76.11
76.11
76.11
76.11
76.11
76.12
76.13
76.13
76.14
76.14
76.14
76.07
