78.12
78.12
75.52
74.22
74.38
75.26
76.12
75.98
77.08
77.34
76.42
76.17
76.44
76.56
76.56
76.46
76.10
75.87
75.41
75.47
75.52
75.85
76.43
76.30
76.06
76.50
76.39
76.34
76.45
76.46
76.56
76.32
76.47
76.38
76.21
75.95
75.72
75.82
75.88
75.78
75.69
75.82
75.87
76.10
76.15
76.15
76.00
76.04
76.12
75.97
75.89
75.87
75.80
75.69
75.71
75.64
75.71
75.59
75.50
75.57
75.54
75.55
75.55
75.54
75.36
75.43
75.47
75.34
75.38
75.42
75.42
75.41
75.41
75.46
75.35
75.41
75.45
75.54
75.59
75.59
75.62
75.42
75.40
75.33
75.33
75.38
75.43
75.41
75.44
75.49
75.45
75.48
75.40
75.25
75.18
75.18
75.24
75.27
75.30
75.45
75.51
75.49
75.55
75.57
75.65
75.63
75.69
75.67
75.70
75.78
75.89
75.88
75.88
75.93
75.92
75.93
75.89
75.98
76.04
76.07
76.02
76.05
76.07
76.07
76.09
76.09
76.13
76.17
76.20
76.25
76.26
76.25
76.27
76.24
76.24
76.24
76.27
76.27
76.25
76.26
76.27
76.27
76.26
76.20
76.20
76.21
76.22
76.19
76.18
76.11
76.09
76.11
76.18
76.22
76.22
76.23
76.23
76.25
76.17
76.14
76.15
76.19
76.20
76.23
76.22
76.22
76.24
76.27
76.30
76.31
76.31
76.32
76.29
76.28
76.27
76.30
76.33
76.37
76.36
76.35
76.34
76.37
76.37
76.38
76.37
76.34
76.35
76.41
76.44
76.49
76.44
76.44
76.41
76.39
76.39
76.40
76.42
76.41
76.37
76.34
76.41
76.39
76.40
76.37
76.39
76.40
76.44
76.40
76.36
76.33
76.30
76.33
76.34
76.38
76.38
76.37
76.32
76.33
76.33
76.27
76.27
76.30
76.29
76.28
76.31
76.29
76.28
76.31
76.32
76.30
76.31
76.31
76.31
76.33
76.32
76.29
76.30
76.25
76.22
76.27
76.22
76.23
76.19
76.18
76.18
76.19
76.18
76.18
76.19
76.20
76.16
76.15
76.16
76.16
76.16
76.18
76.20
76.19
76.15
76.16
76.19
76.19
76.21
76.18
76.19
76.20
76.19
76.22
76.25
76.24
76.22
76.23
76.21
76.23
76.24
76.21
76.20
76.23
76.21
76.23
76.23
76.21
76.23
76.21
76.22
76.20
76.18
76.17
76.17
76.19
76.19
76.18
76.21
76.18
76.17
76.17
76.18
76.18
76.15
76.10
76.07
76.08
76.07
76.07
76.05
76.05
76.04
76.07
76.05
76.04
76.03
76.02
76.01
75.99
75.98
75.97
75.99
76.00
76.02
76.04
76.03
75.99
76.02
76.01
76.01
76.00
76.03
76.02
76.02
76.02
76.01
75.99
76.00
76.02
76.04
76.03
76.00
76.00
76.01
76.01
76.02
76.01
76.00
76.01
76.03
76.02
76.01
76.01
76.00
76.00
76.00
76.01
76.00
75.99
75.99
75.97
75.96
75.97
75.98
75.99
75.96
75.96
75.98
75.97
75.96
75.95
75.94
75.96
75.94
75.95
75.95
75.93
75.93
75.90
75.92
75.91
75.91
75.92
75.96
75.97
76.00
76.01
76.00
76.02
76.02
76.01
76.03
76.01
76.00
76.01
75.98
75.98
75.99
76.00
75.99
75.99
75.97
75.99
75.98
75.98
75.99
76.00
76.01
76.01
76.03
76.02
76.02
76.01
76.03
76.03
76.03
76.03
76.02
76.03
76.02
76.01
76.02
75.99
75.98
76.00
76.02
76.03
76.03
76.05
76.04
76.05
76.07
76.09
76.09
76.08
76.08
76.09
76.10
76.11
76.10
76.12
76.11
76.12
76.13
76.13
76.12
76.12
76.12
76.15
76.14
76.15
76.17
76.16
76.14
76.13
76.13
76.12
76.13
76.15
76.15
76.15
76.16
76.17
76.15
76.16
76.17
76.19
76.19
76.21
76.22
76.22
76.23
76.24
76.23
76.23
76.24
76.22
76.20
76.20
76.19
76.19
76.21
76.22
76.20
76.18
76.18
76.17
76.18
76.18
76.17
76.18
76.19
76.19
76.19
76.18
76.18
76.18
76.18
76.20
76.19
76.19
76.20
76.20
76.19
76.19
76.20
76.19
76.19
76.19
76.19
76.20
76.20
76.22
76.21
76.20
76.23
76.21
76.22
76.22
76.24
76.23
76.23
76.24
76.25
76.25
76.25
76.25
76.25
76.25
76.25
76.26
76.25
76.24
76.23
76.26
76.25
76.25
76.25
76.25
76.25
76.24
76.25
76.25
76.25
76.26
76.26
76.26
76.25
76.26
76.26
76.25
76.24
76.23
76.23
76.23
76.23
76.25
76.24
76.23
76.24
76.25
76.27
76.26
76.26
76.26
76.24
76.22
76.20
76.19
76.18
76.19
76.20
76.20
76.20
76.20
76.21
76.22
76.22
76.25
76.24
76.25
76.26
76.26
76.27
76.28
76.27
76.28
76.28
76.29
76.28
76.27
76.28
76.29
76.28
76.29
76.29
76.28
76.27
76.28
76.28
76.28
76.26
76.26
76.25
76.26
76.25
76.25
76.24
76.23
76.23
76.24
76.23
76.23
76.23
76.24
76.24
76.24
76.24
76.24
76.23
76.24
76.25
76.25
76.25
76.25
76.24
76.25
76.26
76.27
76.27
76.28
76.28
76.27
76.26
76.25
76.23
76.22
76.23
76.24
76.23
76.22
76.22
76.21
76.21
76.21
76.21
76.20
76.19
76.18
76.18
76.19
76.18
76.18
76.18
76.18
76.18
76.16
76.16
76.16
76.14
76.14
76.13
76.14
76.13
76.13
76.12
76.11
76.11
76.11
76.11
76.11
76.12
76.11
76.10
76.10
76.09
76.09
76.10
76.09
76.10
76.09
76.08
76.08
76.08
76.08
76.07
76.08
76.07
76.08
76.07
76.08
76.08
76.09
76.10
76.09
76.07
76.07
76.06
76.06
76.05
76.05
76.07
76.07
76.06
76.06
76.06
76.06
76.06
76.07
76.06
76.07
76.07
76.06
76.06
76.07
76.07
76.07
76.08
76.07
76.07
76.05
76.05
76.05
76.04
76.03
76.02
76.03
76.03
76.02
76.03
76.02
76.03
76.03
76.03
76.04
76.04
76.05
76.06
76.07
76.07
76.08
76.08
76.09
76.08
76.08
76.09
76.08
76.09
76.09
76.09
76.10
76.10
76.11
76.12
76.14
76.13
76.13
76.12
76.13
76.13
76.12
76.14
76.14
76.14
76.13
76.13
76.14
76.13
76.12
76.12
76.11
76.10
76.11
76.11
76.10
76.12
76.12
76.12
76.13
76.12
76.13
76.14
76.13
76.13
76.14
76.14
76.06
