75.00
75.78
77.60
78.52
77.19
76.56
76.34
76.37
77.26
77.81
78.12
77.99
77.88
78.57
78.65
78.52
77.85
77.34
77.30
77.50
77.75
77.77
77.85
77.99
77.69
77.46
77.55
77.73
77.59
77.66
77.32
77.10
76.89
76.88
76.88
77.00
77.03
77.01
76.92
77.03
76.94
77.05
77.03
77.02
77.15
76.97
76.99
76.92
77.07
76.97
76.96
77.04
77.03
77.08
77.07
77.12
77.17
77.32
77.36
77.29
77.46
77.52
77.53
77.49
77.62
77.58
77.68
77.80
77.83
77.77
77.79
77.89
77.76
77.72
77.85
77.75
77.82
77.82
77.83
77.75
77.85
77.80
77.86
77.83
77.81
77.73
77.69
77.59
77.56
77.62
77.61
77.68
77.67
77.76
77.71
77.69
77.67
77.68
77.64
77.58
77.52
77.48
77.53
77.58
77.63
77.62
77.60
77.59
77.62
77.59
77.60
77.59
77.57
77.60
77.54
77.48
77.46
77.40
77.36
77.37
77.29
77.28
77.30
77.33
77.25
77.27
77.29
77.28
77.24
77.26
77.27
77.26
77.28
77.23
77.21
77.26
77.24
77.22
77.23
77.21
77.24
77.22
77.21
77.26
77.27
77.25
77.21
77.26
77.19
77.20
77.20
77.19
77.18
77.14
77.18
77.18
77.16
77.16
77.08
77.02
77.04
76.98
76.98
76.98
76.97
77.00
76.99
76.96
77.00
76.99
76.94
76.96
76.99
76.99
77.00
77.02
77.03
76.99
76.93
76.89
76.88
76.91
76.92
76.94
76.98
76.97
76.88
76.85
76.86
76.90
76.89
76.93
76.93
76.92
76.94
76.94
76.94
76.95
76.96
76.93
76.95
76.99
76.96
76.90
76.88
76.90
76.91
76.93
76.98
76.95
76.95
77.00
76.99
76.96
76.93
76.92
76.94
76.90
76.92
76.93
76.89
76.94
76.90
76.89
76.90
76.89
76.88
76.88
76.86
76.90
76.87
76.83
76.81
76.81
76.77
76.77
76.76
76.72
76.71
76.74
76.75
76.78
76.79
76.80
76.81
76.80
76.81
76.83
76.81
76.82
76.81
76.82
76.83
76.81
76.80
76.78
76.77
76.76
76.73
76.71
76.69
76.68
76.66
76.63
76.66
76.66
76.59
76.59
76.57
76.60
76.60
76.60
76.61
76.57
76.57
76.56
76.56
76.53
76.53
76.52
76.52
76.52
76.54
76.56
76.58
76.59
76.58
76.63
76.63
76.63
76.62
76.63
76.61
76.60
76.60
76.57
76.58
76.55
76.51
76.49
76.48
76.51
76.51
76.51
76.55
76.57
76.57
76.59
76.60
76.57
76.60
76.57
76.56
76.55
76.56
76.52
76.49
76.46
76.45
76.42
76.40
76.42
76.43
76.46
76.47
76.46
76.45
76.42
76.43
76.44
76.45
76.44
76.44
76.45
76.43
76.44
76.45
76.43
76.45
76.46
76.46
76.47
76.46
76.45
76.44
76.43
76.40
76.39
76.38
76.38
76.38
76.38
76.36
76.36
76.36
76.38
76.37
76.35
76.38
76.36
76.35
76.36
76.35
76.36
76.36
76.37
76.34
76.34
76.30
76.31
76.32
76.33
76.34
76.34
76.33
76.33
76.36
76.34
76.32
76.33
76.33
76.35
76.36
76.36
76.35
76.33
76.31
76.30
76.30
76.31
76.32
76.32
76.31
76.30
76.31
76.33
76.34
76.33
76.32
76.34
76.36
76.36
76.39
76.38
76.41
76.40
76.38
76.40
76.39
76.39
76.39
76.40
76.40
76.40
76.40
76.40
76.39
76.37
76.35
76.35
76.34
76.37
76.37
76.36
76.36
76.38
76.37
76.35
76.35
76.37
76.38
76.36
76.35
76.34
76.36
76.37
76.36
76.36
76.35
76.34
76.34
76.34
76.32
76.31
76.31
76.30
76.29
76.28
76.28
76.28
76.27
76.29
76.27
76.26
76.24
76.24
76.22
76.20
76.20
76.19
76.19
76.20
76.20
76.20
76.19
76.18
76.20
76.18
76.17
76.16
76.13
76.13
76.14
76.12
76.12
76.13
76.14
76.15
76.15
76.16
76.18
76.20
76.21
76.21
76.20
76.20
76.20
76.19
76.18
76.18
76.19
76.18
76.18
76.20
76.18
76.20
76.20
76.21
76.20
76.18
76.18
76.19
76.18
76.18
76.19
76.20
76.19
76.18
76.17
76.17
76.16
76.14
76.15
76.13
76.14
76.15
76.15
76.15
76.15
76.15
76.14
76.13
76.12
76.12
76.12
76.13
76.13
76.14
76.15
76.15
76.16
76.16
76.17
76.16
76.17
76.18
76.18
76.19
76.20
76.20
76.20
76.23
76.22
76.22
76.22
76.22
76.20
76.20
76.21
76.20
76.20
76.19
76.17
76.15
76.15
76.14
76.14
76.15
76.14
76.15
76.15
76.15
76.15
76.15
76.13
76.13
76.14
76.14
76.15
76.15
76.15
76.14
76.14
76.15
76.15
76.16
76.14
76.14
76.16
76.16
76.17
76.16
76.16
76.16
76.15
76.15
76.14
76.14
76.14
76.12
76.11
76.10
76.11
76.11
76.10
76.09
76.09
76.11
76.12
76.13
76.13
76.13
76.14
76.15
76.14
76.14
76.15
76.13
76.13
76.14
76.14
76.14
76.15
76.16
76.14
76.14
76.14
76.15
76.14
76.15
76.15
76.16
76.16
76.15
76.15
76.15
76.15
76.16
76.17
76.18
76.18
76.19
76.18
76.17
76.18
76.19
76.18
76.17
76.19
76.18
76.17
76.15
76.14
76.15
76.16
76.17
76.17
76.16
76.15
76.13
76.13
76.13
76.13
76.13
76.12
76.13
76.11
76.12
76.12
76.10
76.11
76.10
76.11
76.11
76.11
76.09
76.10
76.11
76.13
76.11
76.10
76.09
76.09
76.09
76.10
76.10
76.11
76.11
76.11
76.12
76.11
76.12
76.13
76.13
76.12
76.13
76.13
76.13
76.13
76.13
76.12
76.12
76.12
76.13
76.12
76.12
76.11
76.11
76.12
76.13
76.14
76.15
76.15
76.16
76.15
76.15
76.17
76.17
76.16
76.16
76.16
76.18
76.17
76.16
76.15
76.16
76.16
76.15
76.14
76.13
76.14
76.14
76.14
76.14
76.13
76.14
76.13
76.12
76.12
76.13
76.12
76.14
76.14
76.16
76.15
76.15
76.14
76.14
76.15
76.15
76.15
76.14
76.14
76.14
76.14
76.15
76.15
76.15
76.14
76.15
76.15
76.14
76.15
76.15
76.15
76.16
76.16
76.15
76.16
76.16
76.16
76.16
76.16
76.16
76.15
76.14
76.13
76.13
76.12
76.12
76.12
76.13
76.13
76.13
76.14
76.14
76.14
76.14
76.14
76.13
76.14
76.07
