81.25
80.47
81.25
79.69
79.69
80.47
80.58
79.88
79.34
79.69
80.26
79.43
79.45
79.35
79.17
78.91
78.68
78.21
77.88
77.66
77.01
76.85
77.04
76.82
76.38
76.62
76.39
76.51
76.56
76.67
76.61
76.66
76.56
76.52
76.43
76.56
76.56
76.44
76.64
76.84
76.94
76.90
76.74
76.81
76.91
76.90
76.80
76.79
76.69
76.81
76.84
76.80
76.68
76.79
76.82
76.93
76.75
76.80
76.88
76.85
77.00
76.94
77.01
76.95
76.92
76.89
76.91
76.91
76.83
76.67
76.58
76.56
76.58
76.52
76.58
76.54
76.64
76.62
76.54
76.66
76.68
76.79
76.79
76.79
76.75
76.76
76.76
76.70
76.70
76.61
76.56
76.56
76.61
76.58
76.64
76.68
76.72
76.61
76.56
76.48
76.45
76.44
76.27
76.31
76.34
76.27
76.27
76.24
76.22
76.18
76.22
76.16
76.04
76.07
76.09
76.08
75.96
75.94
75.92
75.94
75.97
75.99
76.00
76.00
75.92
75.95
76.01
75.90
75.82
75.79
75.81
75.77
75.74
75.79
75.74
75.78
75.76
75.77
75.76
75.71
75.71
75.72
75.78
75.78
75.85
75.87
75.92
75.91
75.93
75.84
75.85
75.85
75.90
75.86
75.85
75.86
75.84
75.84
75.88
75.83
75.84
75.79
75.77
75.78
75.78
75.80
75.82
75.82
75.78
75.74
75.76
75.77
75.77
75.78
75.83
75.83
75.79
75.82
75.79
75.82
75.75
75.72
75.75
75.72
75.70
75.71
75.73
75.75
75.69
75.67
75.69
75.69
75.69
75.68
75.69
75.77
75.75
75.73
75.75
75.73
75.79
75.72
75.75
75.74
75.80
75.76
75.78
75.74
75.77
75.81
75.80
75.83
75.84
75.84
75.83
75.85
75.80
75.83
75.79
75.81
75.82
75.83
75.84
75.85
75.87
75.89
75.92
75.93
75.93
75.93
75.90
75.94
75.96
75.95
75.98
76.01
76.04
76.06
76.06
76.05
76.02
76.02
76.06
76.06
76.04
76.07
76.06
76.08
76.07
76.07
76.04
76.04
76.07
76.06
76.07
76.08
76.09
76.08
76.09
76.08
76.08
76.08
76.08
76.07
76.07
76.06
76.08
76.08
76.10
76.10
76.09
76.06
76.05
76.06
76.07
76.08
76.05
76.05
76.02
76.02
76.03
76.04
76.07
76.07
76.07
76.07
76.12
76.11
76.12
76.15
76.15
76.15
76.15
76.16
76.19
76.21
76.21
76.23
76.20
76.21
76.17
76.17
76.17
76.16
76.12
76.14
76.15
76.14
76.13
76.12
76.13
76.13
76.12
76.12
76.13
76.13
76.16
76.17
76.19
76.18
76.15
76.15
76.14
76.12
76.11
76.13
76.15
76.18
76.21
76.22
76.22
76.23
76.25
76.25
76.25
76.24
76.23
76.20
76.22
76.22
76.24
76.22
76.20
76.19
76.17
76.15
76.15
76.16
76.16
76.14
76.15
76.15
76.15
76.13
76.12
76.13
76.15
76.14
76.13
76.12
76.14
76.12
76.09
76.07
76.07
76.09
76.09
76.09
76.12
76.13
76.11
76.11
76.11
76.09
76.11
76.11
76.14
76.14
76.14
76.14
76.17
76.17
76.14
76.13
76.14
76.14
76.15
76.14
76.14
76.14
76.15
76.16
76.16
76.15
76.12
76.13
76.13
76.15
76.16
76.18
76.20
76.20
76.21
76.20
76.21
76.20
76.17
76.18
76.19
76.19
76.20
76.21
76.23
76.23
76.24
76.25
76.27
76.27
76.28
76.29
76.31
76.27
76.27
76.27
76.27
76.30
76.29
76.30
76.32
76.30
76.29
76.27
76.28
76.29
76.29
76.27
76.25
76.26
76.25
76.25
76.24
76.22
76.21
76.22
76.25
76.24
76.27
76.27
76.28
76.26
76.25
76.25
76.24
76.25
76.24
76.27
76.26
76.26
76.27
76.28
76.28
76.29
76.27
76.28
76.28
76.26
76.25
76.26
76.26
76.27
76.26
76.26
76.27
76.26
76.25
76.26
76.27
76.27
76.27
76.26
76.25
76.22
76.22
76.22
76.23
76.23
76.23
76.24
76.25
76.26
76.26
76.25
76.23
76.22
76.23
76.23
76.22
76.20
76.20
76.20
76.20
76.19
76.19
76.20
76.20
76.21
76.20
76.19
76.20
76.20
76.20
76.21
76.21
76.17
76.19
76.16
76.17
76.18
76.20
76.20
76.21
76.20
76.20
76.21
76.21
76.19
76.19
76.18
76.18
76.16
76.17
76.17
76.18
76.17
76.18
76.17
76.17
76.16
76.15
76.16
76.16
76.15
76.15
76.15
76.15
76.15
76.15
76.14
76.15
76.16
76.17
76.17
76.18
76.19
76.19
76.19
76.20
76.20
76.20
76.19
76.19
76.18
76.17
76.17
76.16
76.16
76.17
76.17
76.18
76.16
76.16
76.17
76.17
76.18
76.17
76.16
76.16
76.16
76.18
76.19
76.20
76.21
76.20
76.20
76.20
76.19
76.20
76.21
76.22
76.22
76.22
76.22
76.22
76.23
76.22
76.22
76.22
76.21
76.22
76.21
76.21
76.22
76.22
76.22
76.21
76.22
76.23
76.23
76.24
76.25
76.27
76.26
76.25
76.25
76.25
76.25
76.26
76.27
76.27
76.26
76.25
76.25
76.27
76.26
76.26
76.26
76.26
76.25
76.24
76.23
76.24
76.23
76.24
76.24
76.25
76.23
76.24
76.23
76.23
76.23
76.22
76.22
76.23
76.22
76.22
76.22
76.21
76.21
76.23
76.24
76.24
76.23
76.24
76.23
76.21
76.21
76.21
76.20
76.20
76.20
76.17
76.18
76.17
76.19
76.20
76.19
76.19
76.18
76.19
76.18
76.19
76.19
76.19
76.20
76.20
76.19
76.18
76.19
76.19
76.20
76.19
76.18
76.16
76.17
76.18
76.17
76.18
76.18
76.18
76.18
76.16
76.15
76.14
76.14
76.13
76.13
76.12
76.12
76.12
76.12
76.13
76.13
76.13
76.14
76.15
76.16
76.15
76.15
76.13
76.14
76.15
76.16
76.15
76.14
76.12
76.11
76.12
76.11
76.12
76.11
76.12
76.13
76.12
76.12
76.12
76.11
76.11
76.11
76.12
76.10
76.09
76.09
76.10
76.10
76.10
76.10
76.10
76.10
76.10
76.08
76.09
76.09
76.09
76.10
76.11
76.09
76.09
76.08
76.08
76.08
76.08
76.08
76.07
76.08
76.07
76.08
76.08
76.09
76.08
76.08
76.08
76.09
76.09
76.09
76.09
76.09
76.09
76.09
76.11
76.11
76.12
76.11
76.12
76.11
76.12
76.12
76.13
76.13
76.13
76.14
76.14
76.07
