73.44
76.56
79.69
79.69
79.06
77.60
77.01
77.73
77.43
76.88
77.41
76.95
76.56
76.90
76.67
76.66
76.19
76.04
76.15
76.56
76.56
76.70
76.36
76.63
76.50
76.56
76.33
76.34
76.29
76.46
76.26
76.27
76.28
76.24
76.38
76.39
76.35
76.27
76.32
76.29
76.33
76.26
76.42
76.53
76.49
76.46
76.43
76.50
76.40
76.25
76.29
76.38
76.33
76.24
76.31
76.45
76.51
76.56
76.48
76.48
76.46
76.49
76.64
76.81
76.88
76.87
76.80
76.70
76.72
76.67
76.78
76.80
76.78
76.67
76.75
76.79
76.83
76.82
76.90
76.84
76.85
76.89
76.73
76.58
76.47
76.45
76.42
76.40
76.49
76.49
76.51
76.46
76.46
76.55
76.56
76.58
76.59
76.56
76.53
76.41
76.39
76.30
76.27
76.28
76.32
76.28
76.26
76.23
76.20
76.19
76.21
76.19
76.12
76.12
76.20
76.21
76.16
76.10
76.10
76.03
76.03
76.14
76.14
76.07
76.09
76.13
76.13
76.15
76.16
76.11
76.10
76.14
76.08
76.08
76.09
76.09
76.12
76.08
76.12
76.16
76.20
76.14
76.05
76.06
76.01
76.07
76.13
76.10
76.11
76.10
76.14
76.13
76.10
76.15
76.10
76.09
76.09
76.16
76.17
76.22
76.17
76.19
76.17
76.16
76.16
76.16
76.10
76.11
76.12
76.10
76.09
76.04
76.01
76.05
76.05
76.01
76.00
75.99
76.01
76.02
75.98
76.00
76.02
76.03
75.97
76.01
75.99
76.03
76.02
76.03
76.00
75.98
76.00
75.99
75.95
75.88
75.87
75.92
75.94
75.96
75.94
75.99
76.01
76.07
76.06
76.06
76.03
76.04
76.05
76.06
76.04
76.05
76.07
76.06
76.07
76.07
76.04
76.02
76.10
76.09
76.12
76.06
76.06
76.10
76.08
76.06
76.09
76.11
76.12
76.11
76.14
76.12
76.13
76.17
76.20
76.18
76.18
76.20
76.20
76.21
76.21
76.21
76.22
76.24
76.24
76.25
76.21
76.20
76.20
76.17
76.16
76.20
76.22
76.20
76.18
76.21
76.19
76.16
76.20
76.22
76.22
76.19
76.18
76.15
76.16
76.17
76.22
76.22
76.21
76.20
76.23
76.24
76.25
76.27
76.24
76.23
76.24
76.23
76.20
76.22
76.22
76.22
76.21
76.17
76.18
76.13
76.09
76.10
76.12
76.14
76.15
76.17
76.15
76.14
76.13
76.11
76.08
76.09
76.10
76.09
76.09
76.10
76.09
76.10
76.09
76.07
76.07
76.10
76.09
76.08
76.08
76.11
76.08
76.06
76.05
76.05
76.05
76.08
76.10
76.10
76.09
76.10
76.06
76.07
76.08
76.09
76.08
76.06
76.06
76.05
76.04
76.04
76.07
76.05
76.05
76.07
76.09
76.10
76.10
76.11
76.10
76.07
76.08
76.06
76.04
76.05
76.04
76.08
76.07
76.07
76.07
76.07
76.04
76.05
76.04
76.02
76.03
76.04
76.06
76.07
76.07
76.08
76.07
76.06
76.07
76.08
76.09
76.08
76.07
76.08
76.08
76.09
76.11
76.09
76.10
76.06
76.07
76.03
76.03
76.03
76.03
76.03
76.01
76.02
76.02
75.99
76.00
75.97
75.98
75.97
75.94
75.92
75.94
75.96
75.97
75.96
75.95
75.98
75.98
75.95
75.93
75.93
75.92
75.91
75.93
75.90
75.91
75.88
75.87
75.87
75.87
75.87
75.85
75.84
75.84
75.83
75.85
75.84
75.86
75.86
75.85
75.86
75.86
75.87
75.87
75.85
75.87
75.87
75.88
75.89
75.87
75.86
75.86
75.85
75.86
75.87
75.88
75.90
75.93
75.91
75.89
75.88
75.86
75.87
75.86
75.86
75.86
75.85
75.83
75.83
75.83
75.82
75.81
75.83
75.83
75.82
75.83
75.82
75.82
75.83
75.83
75.82
75.81
75.79
75.76
75.76
75.78
75.78
75.80
75.81
75.83
75.83
75.84
75.85
75.85
75.84
75.84
75.84
75.84
75.85
75.86
75.87
75.85
75.85
75.84
75.84
75.85
75.85
75.84
75.86
75.86
75.84
75.86
75.86
75.84
75.84
75.85
75.86
75.84
75.84
75.80
75.80
75.80
75.81
75.79
75.79
75.80
75.80
75.81
75.81
75.81
75.83
75.82
75.82
75.82
75.82
75.84
75.85
75.84
75.85
75.84
75.85
75.86
75.85
75.84
75.83
75.83
75.82
75.83
75.85
75.84
75.85
75.84
75.83
75.84
75.85
75.84
75.86
75.88
75.88
75.90
75.88
75.88
75.87
75.89
75.88
75.88
75.88
75.85
75.86
75.85
75.83
75.86
75.84
75.83
75.83
75.82
75.82
75.82
75.81
75.83
75.83
75.83
75.83
75.84
75.84
75.84
75.84
75.82
75.81
75.80
75.82
75.83
75.83
75.82
75.84
75.84
75.84
75.83
75.83
75.84
75.85
75.83
75.82
75.83
75.81
75.82
75.84
75.83
75.84
75.84
75.84
75.83
75.84
75.86
75.86
75.84
75.85
75.85
75.86
75.86
75.86
75.87
75.87
75.87
75.87
75.88
75.87
75.87
75.86
75.85
75.85
75.84
75.84
75.83
75.84
75.85
75.84
75.85
75.85
75.85
75.85
75.85
75.86
75.85
75.85
75.85
75.86
75.86
75.86
75.86
75.84
75.84
75.84
75.84
75.85
75.84
75.84
75.84
75.83
75.84
75.83
75.84
75.83
75.82
75.82
75.81
75.82
75.81
75.81
75.80
75.79
75.79
75.79
75.78
75.78
75.78
75.78
75.79
75.78
75.79
75.80
75.82
75.82
75.82
75.83
75.83
75.82
75.81
75.81
75.81
75.80
75.81
75.79
75.79
75.79
75.79
75.79
75.78
75.78
75.77
75.78
75.77
75.78
75.78
75.77
75.77
75.78
75.79
75.79
75.80
75.80
75.80
75.79
75.80
75.79
75.79
75.80
75.79
75.78
75.78
75.79
75.79
75.79
75.79
75.80
75.79
75.78
75.77
75.77
75.78
75.79
75.79
75.79
75.79
75.79
75.80
75.80
75.82
75.82
75.82
75.82
75.82
75.80
75.80
75.80
75.80
75.79
75.80
75.79
75.79
75.78
75.77
75.77
75.76
75.75
75.75
75.75
75.74
75.73
75.73
75.73
75.74
75.74
75.74
75.75
75.75
75.75
75.74
75.76
75.76
75.75
75.76
75.75
75.75
75.73
75.75
75.74
75.75
75.75
75.75
75.74
75.74
75.74
75.76
75.76
75.77
75.77
75.78
75.79
75.79
75.79
75.78
75.79
75.77
75.77
75.76
75.76
75.76
75.76
75.77
75.70
