68.75
72.66
73.44
73.05
75.62
75.26
74.33
75.20
75.35
74.53
74.01
73.96
74.16
74.33
73.85
73.83
74.63
74.91
75.00
75.16
75.30
75.43
75.14
75.13
75.50
75.36
75.46
75.45
75.38
75.68
75.91
75.83
76.04
76.10
76.12
76.17
76.14
75.99
75.68
75.74
75.61
75.71
75.69
75.85
75.73
75.41
75.60
75.85
75.83
75.94
76.04
76.05
76.09
76.01
76.05
76.06
76.01
76.05
75.85
75.83
75.77
75.78
75.62
75.61
75.60
75.47
75.35
75.30
75.25
75.29
75.22
75.07
75.13
75.11
75.12
75.02
74.98
75.00
74.96
75.08
75.17
75.15
75.17
75.17
75.11
75.22
75.23
75.21
75.23
75.21
75.12
75.07
75.10
75.15
75.15
75.23
75.26
75.13
75.03
75.02
74.98
74.98
75.08
75.11
75.15
75.07
75.01
74.96
74.99
75.09
75.10
75.07
75.06
74.99
75.00
74.97
74.97
74.97
74.96
74.99
74.95
75.00
75.00
74.97
75.03
75.02
75.11
75.17
75.30
75.36
75.41
75.39
75.40
75.42
75.43
75.37
75.36
75.37
75.40
75.37
75.39
75.37
75.42
75.44
75.33
75.37
75.44
75.39
75.42
75.44
75.48
75.42
75.42
75.41
75.39
75.41
75.42
75.47
75.48
75.48
75.45
75.47
75.50
75.52
75.51
75.52
75.51
75.51
75.49
75.53
75.51
75.55
75.54
75.61
75.58
75.52
75.50
75.49
75.49
75.47
75.47
75.46
75.46
75.47
75.48
75.48
75.48
75.46
75.45
75.49
75.47
75.46
75.49
75.48
75.52
75.56
75.55
75.57
75.54
75.53
75.61
75.63
75.69
75.73
75.76
75.80
75.82
75.82
75.81
75.83
75.81
75.76
75.80
75.74
75.73
75.71
75.70
75.73
75.72
75.76
75.73
75.72
75.74
75.70
75.69
75.71
75.70
75.75
75.77
75.75
75.74
75.75
75.76
75.73
75.72
75.73
75.73
75.72
75.73
75.72
75.71
75.73
75.75
75.77
75.76
75.77
75.76
75.71
75.70
75.70
75.73
75.73
75.70
75.72
75.72
75.72
75.72
75.76
75.75
75.74
75.74
75.76
75.76
75.72
75.70
75.69
75.74
75.77
75.78
75.79
75.79
75.79
75.79
75.78
75.77
75.76
75.76
75.79
75.81
75.84
75.82
75.84
75.83
75.83
75.84
75.80
75.80
75.78
75.79
75.81
75.83
75.81
75.82
75.80
75.84
75.86
75.84
75.84
75.84
75.84
75.84
75.83
75.84
75.84
75.86
75.87
75.87
75.88
75.86
75.88
75.86
75.84
75.81
75.80
75.81
75.82
75.83
75.82
75.80
75.81
75.83
75.83
75.87
75.87
75.88
75.89
75.87
75.89
75.88
75.88
75.90
75.89
75.92
75.91
75.92
75.93
75.92
75.91
75.89
75.90
75.91
75.93
75.93
75.93
75.95
75.98
76.01
75.98
75.99
76.02
76.00
76.01
76.03
76.02
76.02
75.99
76.01
76.00
76.00
75.98
75.97
75.97
75.95
75.96
75.95
75.97
75.95
75.96
75.96
75.97
75.95
75.96
75.95
75.97
75.98
75.99
75.99
76.01
76.00
76.00
76.00
75.98
75.97
75.96
76.00
76.00
76.01
76.01
76.03
76.03
76.02
76.02
76.01
76.02
76.00
76.00
75.97
75.98
75.99
75.96
75.96
75.96
75.97
75.99
76.00
75.97
75.96
75.97
75.97
75.98
75.98
75.98
75.99
76.00
76.01
76.00
75.99
76.00
76.00
76.02
76.02
76.02
76.01
76.00
75.99
75.99
76.01
76.01
76.01
76.01
76.01
76.03
76.04
76.05
76.05
76.04
76.03
76.00
76.00
76.00
75.97
75.98
75.98
75.99
75.99
75.99
75.98
75.98
76.00
76.01
76.00
76.02
76.01
75.99
75.99
75.98
75.97
75.98
75.97
75.97
75.96
75.95
75.93
75.93
75.92
75.92
75.92
75.91
75.91
75.94
75.94
75.94
75.94
75.94
75.92
75.92
75.91
75.91
75.93
75.94
75.94
75.93
75.91
75.91
75.91
75.91
75.93
75.94
75.95
75.97
75.96
75.97
75.96
75.96
75.95
75.98
75.96
75.95
75.95
75.96
75.98
76.00
76.01
76.01
76.01
76.02
76.02
76.00
76.01
76.02
76.02
76.00
76.02
76.02
76.03
76.04
76.03
76.03
76.01
76.03
76.04
76.04
76.04
76.07
76.07
76.08
76.10
76.08
76.08
76.08
76.07
76.07
76.07
76.08
76.06
76.06
76.06
76.05
76.03
76.04
76.06
76.06
76.06
76.06
76.06
76.06
76.07
76.08
76.08
76.08
76.09
76.09
76.11
76.10
76.11
76.12
76.13
76.12
76.10
76.09
76.09
76.08
76.07
76.07
76.07
76.08
76.08
76.08
76.07
76.07
76.08
76.07
76.07
76.08
76.08
76.08
76.08
76.07
76.06
76.08
76.09
76.09
76.07
76.05
76.05
76.05
76.05
76.05
76.04
76.03
76.05
76.05
76.04
76.03
76.03
76.04
76.02
76.02
76.03
76.03
76.03
76.03
76.03
76.03
76.04
76.04
76.04
76.03
76.03
76.03
76.02
76.03
76.03
76.03
76.04
76.04
76.04
76.04
76.03
76.04
76.03
76.03
76.02
76.03
76.02
76.04
76.05
76.07
76.06
76.05
76.07
76.06
76.06
76.07
76.06
76.07
76.06
76.06
76.08
76.09
76.08
76.10
76.10
76.09
76.11
76.12
76.12
76.12
76.11
76.11
76.12
76.12
76.12
76.11
76.10
76.10
76.10
76.10
76.09
76.09
76.09
76.09
76.08
76.06
76.06
76.05
76.05
76.06
76.06
76.05
76.04
76.05
76.06
76.06
76.07
76.07
76.09
76.10
76.09
76.09
76.10
76.11
76.11
76.12
76.12
76.12
76.12
76.12
76.11
76.13
76.13
76.12
76.13
76.13
76.13
76.14
76.15
76.15
76.15
76.15
76.15
76.15
76.14
76.15
76.15
76.15
76.16
76.16
76.16
76.15
76.14
76.13
76.13
76.12
76.12
76.12
76.10
76.11
76.10
76.10
76.10
76.10
76.09
76.09
76.08
76.09
76.09
76.10
76.10
76.10
76.11
76.11
76.11
76.11
76.12
76.12
76.11
76.11
76.10
76.11
76.11
76.12
76.13
76.12
76.12
76.11
76.11
76.10
76.09
76.10
76.10
76.11
76.11
76.10
76.11
76.11
76.12
76.13
76.12
76.13
76.12
76.13
76.12
76.13
76.13
76.13
76.14
76.13
76.13
76.14
76.14
76.15
76.16
76.15
76.15
76.15
76.14
76.14
76.14
76.14
76.14
76.07
