90.62
83.59
81.25
78.91
78.12
78.39
78.57
78.32
78.30
77.97
78.41
78.26
78.25
77.90
78.02
77.73
77.67
77.52
77.30
76.95
77.16
76.63
76.49
76.69
76.62
76.68
76.56
76.79
76.83
76.93
77.02
76.86
76.85
76.65
76.61
76.48
76.69
76.89
76.96
76.80
76.79
76.56
76.45
76.35
76.32
76.12
76.16
76.20
76.12
76.16
76.23
76.35
76.39
76.56
76.42
76.53
76.51
76.51
76.40
76.25
76.31
76.31
76.31
76.20
76.25
76.25
76.24
76.17
76.27
76.23
76.32
76.41
76.37
76.33
76.29
76.30
76.20
76.16
76.21
76.19
76.22
76.11
76.04
76.15
76.01
76.04
76.13
76.17
76.25
76.34
76.29
76.31
76.29
76.26
76.32
76.29
76.27
76.21
76.17
76.23
76.18
76.19
76.14
76.13
76.12
76.16
76.14
76.09
76.08
76.08
75.97
75.93
75.97
75.82
75.80
75.81
75.81
75.81
75.84
75.73
75.74
75.70
75.72
75.74
75.74
75.71
75.71
75.70
75.74
75.78
75.81
75.85
75.87
75.79
75.71
75.71
75.66
75.69
75.74
75.78
75.76
75.84
75.85
75.89
75.96
75.94
75.92
75.91
75.92
75.89
75.91
75.85
75.87
75.91
75.93
75.97
75.92
75.90
75.97
76.02
76.04
76.08
76.12
76.13
76.19
76.20
76.17
76.26
76.26
76.20
76.21
76.22
76.27
76.30
76.29
76.31
76.30
76.32
76.33
76.35
76.33
76.30
76.26
76.25
76.22
76.23
76.21
76.23
76.22
76.20
76.20
76.21
76.22
76.20
76.18
76.17
76.21
76.22
76.18
76.18
76.16
76.18
76.16
76.20
76.21
76.25
76.25
76.16
76.19
76.21
76.21
76.22
76.23
76.24
76.24
76.19
76.22
76.22
76.24
76.25
76.28
76.25
76.24
76.26
76.23
76.24
76.27
76.26
76.26
76.25
76.24
76.24
76.24
76.24
76.26
76.25
76.23
76.27
76.24
76.23
76.25
76.24
76.25
76.25
76.24
76.26
76.25
76.23
76.23
76.19
76.16
76.15
76.14
76.14
76.12
76.12
76.12
76.12
76.11
76.12
76.10
76.09
76.10
76.13
76.14
76.18
76.18
76.18
76.19
76.16
76.19
76.17
76.15
76.16
76.15
76.15
76.17
76.16
76.14
76.13
76.13
76.14
76.12
76.11
76.10
76.10
76.13
76.12
76.12
76.13
76.09
76.07
76.06
76.09
76.10
76.09
76.08
76.06
76.08
76.07
76.09
76.10
76.10
76.12
76.13
76.14
76.16
76.16
76.15
76.16
76.18
76.19
76.20
76.21
76.23
76.19
76.18
76.19
76.19
76.19
76.17
76.19
76.16
76.19
76.21
76.22
76.21
76.22
76.22
76.22
76.18
76.20
76.18
76.20
76.19
76.20
76.21
76.20
76.18
76.14
76.12
76.09
76.10
76.12
76.11
76.12
76.14
76.15
76.17
76.18
76.16
76.17
76.18
76.19
76.22
76.21
76.23
76.24
76.23
76.22
76.20
76.18
76.20
76.18
76.20
76.20
76.21
76.21
76.19
76.20
76.22
76.21
76.21
76.21
76.19
76.18
76.19
76.22
76.22
76.22
76.22
76.24
76.22
76.22
76.23
76.21
76.22
76.20
76.20
76.21
76.22
76.23
76.24
76.22
76.22
76.22
76.20
76.19
76.18
76.19
76.18
76.15
76.14
76.13
76.13
76.13
76.14
76.13
76.12
76.13
76.13
76.12
76.11
76.11
76.15
76.16
76.17
76.17
76.17
76.15
76.15
76.17
76.16
76.16
76.15
76.14
76.14
76.12
76.11
76.11
76.12
76.10
76.12
76.11
76.11
76.12
76.11
76.10
76.11
76.12
76.11
76.12
76.13
76.13
76.14
76.12
76.14
76.16
76.17
76.16
76.15
76.14
76.13
76.14
76.15
76.16
76.17
76.17
76.17
76.18
76.18
76.18
76.18
76.18
76.18
76.16
76.15
76.15
76.16
76.16
76.15
76.14
76.15
76.15
76.15
76.14
76.15
76.15
76.15
76.15
76.16
76.16
76.14
76.14
76.14
76.16
76.18
76.18
76.17
76.18
76.17
76.17
76.18
76.19
76.17
76.18
76.18
76.18
76.21
76.22
76.22
76.23
76.23
76.23
76.24
76.24
76.24
76.23
76.21
76.22
76.23
76.24
76.22
76.22
76.22
76.23
76.24
76.22
76.22
76.22
76.23
76.22
76.22
76.21
76.22
76.21
76.22
76.22
76.22
76.22
76.23
76.24
76.23
76.22
76.22
76.23
76.24
76.22
76.20
76.20
76.19
76.19
76.19
76.19
76.18
76.16
76.17
76.17
76.17
76.19
76.18
76.18
76.18
76.17
76.18
76.18
76.18
76.18
76.18
76.20
76.19
76.19
76.19
76.17
76.17
76.16
76.18
76.18
76.17
76.18
76.16
76.16
76.15
76.14
76.15
76.13
76.14
76.14
76.14
76.14
76.14
76.14
76.12
76.11
76.10
76.10
76.10
76.10
76.08
76.10
76.09
76.10
76.09
76.10
76.10
76.11
76.11
76.11
76.11
76.12
76.11
76.11
76.12
76.11
76.12
76.10
76.11
76.12
76.11
76.11
76.12
76.13
76.13
76.13
76.12
76.12
76.11
76.11
76.09
76.10
76.10
76.11
76.10
76.10
76.10
76.09
76.09
76.11
76.11
76.11
76.11
76.12
76.13
76.11
76.10
76.12
76.12
76.11
76.12
76.12
76.12
76.13
76.12
76.12
76.14
76.14
76.13
76.13
76.13
76.13
76.14
76.14
76.14
76.14
76.14
76.14
76.13
76.15
76.15
76.15
76.15
76.16
76.16
76.16
76.16
76.16
76.16
76.18
76.16
76.17
76.17
76.16
76.15
76.17
76.17
76.16
76.16
76.16
76.16
76.16
76.15
76.16
76.16
76.16
76.14
76.15
76.16
76.15
76.14
76.11
76.10
76.10
76.09
76.10
76.11
76.12
76.12
76.13
76.12
76.11
76.13
76.13
76.12
76.11
76.13
76.13
76.13
76.13
76.13
76.12
76.12
76.12
76.13
76.14
76.14
76.13
76.15
76.14
76.13
76.13
76.13
76.13
76.13
76.12
76.12
76.11
76.10
76.10
76.10
76.11
76.11
76.10
76.09
76.10
76.11
76.10
76.11
76.11
76.11
76.11
76.10
76.09
76.09
76.09
76.09
76.10
76.11
76.12
76.12
76.11
76.10
76.11
76.12
76.13
76.12
76.11
76.12
76.12
76.11
76.12
76.12
76.13
76.13
76.13
76.14
76.13
76.12
76.13
76.12
76.12
76.13
76.14
76.13
76.14
76.14
76.13
76.14
76.14
76.15
76.14
76.15
76.08
