21.88
23.44
23.44
25.39
24.06
24.48
24.33
23.83
23.09
23.59
23.86
23.31
22.96
22.77
23.44
23.54
23.35
23.00
22.86
22.27
21.80
21.45
21.33
21.35
21.19
21.15
21.59
21.65
21.71
21.67
21.77
21.78
21.78
21.78
21.70
21.66
21.71
21.63
21.67
21.68
21.76
21.80
21.62
21.73
21.74
21.77
21.74
21.84
21.81
21.75
21.81
21.84
21.85
21.82
21.76
21.88
21.68
21.66
21.77
21.80
21.82
21.67
21.63
21.63
21.66
21.61
21.53
21.58
21.49
21.45
21.50
21.51
21.43
21.52
21.52
21.50
21.47
21.43
21.34
21.43
21.35
21.34
21.50
21.54
21.62
21.60
21.55
21.56
21.59
21.65
21.53
21.47
21.47
21.46
21.51
21.53
21.47
21.62
21.59
21.55
21.60
21.72
21.72
21.69
21.71
21.76
21.77
21.82
21.83
21.85
21.90
21.83
21.90
21.88
21.86
21.88
21.85
21.85
21.90
21.95
21.93
21.90
21.84
21.82
21.80
21.81
21.83
21.83
21.83
21.79
21.72
21.76
21.72
21.72
21.82
21.78
21.80
21.84
21.88
21.94
22.00
21.99
21.97
21.97
22.02
22.01
22.02
22.01
22.02
21.99
21.99
21.95
21.97
21.97
21.98
21.93
21.95
21.97
22.02
22.04
21.98
21.95
21.91
21.89
21.90
21.89
21.93
21.92
21.91
21.92
21.93
21.95
21.97
21.94
21.95
21.95
21.91
21.88
21.85
21.86
21.81
21.79
21.82
21.86
21.82
21.83
21.83
21.85
21.87
21.85
21.89
21.88
21.88
21.88
21.87
21.87
21.88
21.87
21.83
21.83
21.87
21.84
21.84
21.82
21.79
21.81
21.80
21.81
21.86
21.85
21.88
21.88
21.90
21.91
21.90
21.89
21.91
21.94
21.97
21.95
21.96
21.94
21.92
21.92
21.92
21.92
21.90
21.90
21.91
21.93
21.90
21.88
21.84
21.80
21.77
21.75
21.71
21.70
21.72
21.73
21.72
21.72
21.69
21.73
21.73
21.70
21.71
21.72
21.69
21.67
21.70
21.70
21.70
21.71
21.72
21.72
21.70
21.74
21.77
21.78
21.76
21.76
21.76
21.71
21.73
21.73
21.70
21.66
21.65
21.66
21.67
21.67
21.66
21.66
21.66
21.67
21.68
21.68
21.64
21.65
21.65
21.64
21.63
21.60
21.58
21.59
21.59
21.56
21.56
21.58
21.56
21.55
21.54
21.56
21.56
21.57
21.61
21.61
21.60
21.60
21.61
21.61
21.57
21.57
21.56
21.57
21.58
21.59
21.58
21.58
21.56
21.58
21.55
21.53
21.52
21.54
21.55
21.53
21.54
21.57
21.58
21.60
21.59
21.57
21.60
21.59
21.60
21.59
21.56
21.56
21.55
21.56
21.56
21.59
21.60
21.60
21.60
21.60
21.62
21.63
21.63
21.66
21.65
21.63
21.63
21.64
21.65
21.65
21.65
21.63
21.63
21.60
21.61
21.61
21.61
21.60
21.59
21.59
21.59
21.60
21.61
21.60
21.60
21.59
21.61
21.63
21.63
21.63
21.62
21.63
21.62
21.60
21.58
21.59
21.58
21.58
21.56
21.57
21.55
21.55
21.56
21.55
21.56
21.55
21.55
21.55
21.54
21.55
21.57
21.58
21.59
21.57
21.57
21.58
21.59
21.59
21.59
21.58
21.58
21.58
21.57
21.57
21.57
21.55
21.57
21.59
21.58
21.58
21.60
21.63
21.60
21.62
21.61
21.61
21.61
21.61
21.60
21.58
21.57
21.58
21.58
21.59
21.59
21.60
21.60
21.62
21.61
21.60
21.62
21.61
21.62
21.63
21.62
21.60
21.60
21.60
21.59
21.58
21.58
21.57
21.57
21.57
21.57
21.55
21.57
21.57
21.57
21.59
21.60
21.59
21.60
21.58
21.60
21.57
21.58
21.58
21.55
21.54
21.54
21.52
21.52
21.52
21.52
21.52
21.52
21.52
21.52
21.52
21.52
21.54
21.55
21.54
21.53
21.54
21.55
21.56
21.55
21.54
21.52
21.52
21.54
21.56
21.55
21.57
21.57
21.58
21.57
21.57
21.56
21.57
21.57
21.56
21.55
21.54
21.54
21.54
21.53
21.51
21.51
21.51
21.51
21.51
21.51
21.49
21.49
21.48
21.49
21.48
21.48
21.47
21.48
21.48
21.49
21.49
21.47
21.46
21.48
21.48
21.49
21.49
21.50
21.49
21.50
21.49
21.50
21.49
21.47
21.48
21.48
21.50
21.50
21.49
21.50
21.47
21.48
21.48
21.48
21.47
21.47
21.48
21.48
21.48
21.48
21.49
21.48
21.49
21.50
21.51
21.51
21.51
21.52
21.52
21.51
21.53
21.53
21.54
21.55
21.57
21.57
21.55
21.55
21.57
21.56
21.58
21.58
21.58
21.58
21.58
21.58
21.58
21.59
21.59
21.58
21.58
21.58
21.59
21.58
21.59
21.58
21.57
21.55
21.55
21.53
21.54
21.55
21.55
21.55
21.55
21.56
21.55
21.54
21.57
21.57
21.57
21.57
21.56
21.55
21.56
21.56
21.56
21.56
21.55
21.56
21.55
21.55
21.54
21.54
21.54
21.56
21.57
21.57
21.58
21.58
21.58
21.58
21.56
21.56
21.55
21.55
21.56
21.56
21.56
21.57
21.58
21.58
21.58
21.58
21.58
21.57
21.57
21.56
21.57
21.58
21.58
21.58
21.59
21.59
21.59
21.59
21.60
21.61
21.61
21.61
21.61
21.59
21.59
21.59
21.59
21.58
21.59
21.58
21.57
21.57
21.56
21.56
21.56
21.56
21.57
21.58
21.56
21.57
21.57
21.58
21.58
21.57
21.57
21.57
21.58
21.58
21.57
21.55
21.56
21.56
21.55
21.55
21.55
21.53
21.53
21.53
21.53
21.52
21.52
21.52
21.53
21.51
21.51
21.51
21.50
21.50
21.51
21.51
21.53
21.52
21.53
21.54
21.54
21.54
21.55
21.55
21.56
21.56
21.56
21.55
21.57
21.56
21.55
21.56
21.56
21.56
21.55
21.55
21.55
21.56
21.55
21.54
21.54
21.54
21.54
21.54
21.54
21.53
21.54
21.56
21.55
21.55
21.55
21.54
21.54
21.54
21.53
21.52
21.52
21.51
21.51
21.51
21.50
21.50
21.49
21.49
21.48
21.49
21.50
21.49
21.48
21.49
21.50
21.49
21.49
21.48
21.48
21.48
21.48
21.48
21.47
21.48
21.47
21.48
21.49
21.49
21.49
21.49
21.49
21.49
21.49
21.49
21.50
21.50
21.51
21.51
21.51
21.53
21.52
21.52
21.52
21.52
21.52
21.51
21.52
21.51
21.51
21.51
21.49
