78.12
75.78
77.08
76.95
75.62
76.04
75.67
75.98
75.17
76.09
76.42
76.30
76.20
75.89
75.73
75.59
75.55
75.26
75.16
74.61
74.55
74.72
75.00
75.13
75.12
75.00
75.00
75.17
75.27
75.16
75.10
75.00
75.33
75.55
75.58
75.74
75.68
75.53
75.64
75.59
75.61
75.71
75.65
75.53
75.42
75.44
75.47
75.62
75.77
75.53
75.67
75.57
75.68
75.90
75.99
76.03
76.04
76.05
76.17
76.12
76.02
76.06
76.12
76.07
76.08
76.04
76.03
75.97
75.91
75.89
75.86
75.87
75.64
75.68
75.75
75.68
75.57
75.52
75.53
75.53
75.39
75.44
75.40
75.52
75.64
75.58
75.59
75.59
75.61
75.61
75.70
75.73
75.81
75.75
75.72
75.73
75.72
75.64
75.54
75.50
75.51
75.38
75.38
75.41
75.45
75.41
75.48
75.54
75.47
75.54
75.48
75.49
75.51
75.49
75.56
75.61
75.61
75.58
75.55
75.52
75.54
75.56
75.57
75.67
75.64
75.71
75.74
75.72
75.78
75.71
75.70
75.70
75.70
75.75
75.69
75.68
75.63
75.61
75.63
75.55
75.52
75.54
75.54
75.55
75.54
75.57
75.52
75.57
75.58
75.61
75.60
75.59
75.59
75.55
75.58
75.53
75.55
75.57
75.58
75.59
75.59
75.65
75.68
75.72
75.74
75.71
75.65
75.64
75.64
75.65
75.62
75.64
75.64
75.66
75.67
75.71
75.69
75.71
75.72
75.73
75.67
75.64
75.68
75.69
75.69
75.74
75.73
75.64
75.64
75.67
75.68
75.68
75.67
75.71
75.73
75.76
75.76
75.77
75.78
75.77
75.77
75.81
75.79
75.80
75.79
75.71
75.74
75.73
75.73
75.69
75.65
75.61
75.59
75.58
75.59
75.61
75.63
75.65
75.66
75.68
75.65
75.61
75.63
75.64
75.67
75.69
75.70
75.69
75.68
75.68
75.68
75.67
75.70
75.72
75.71
75.71
75.72
75.70
75.67
75.65
75.69
75.70
75.71
75.67
75.69
75.70
75.72
75.69
75.70
75.67
75.69
75.71
75.71
75.71
75.72
75.73
75.77
75.75
75.77
75.78
75.79
75.80
75.81
75.81
75.83
75.81
75.83
75.83
75.80
75.83
75.81
75.82
75.82
75.80
75.79
75.78
75.77
75.76
75.79
75.82
75.82
75.81
75.78
75.76
75.76
75.75
75.74
75.75
75.76
75.75
75.77
75.79
75.82
75.85
75.85
75.87
75.90
75.90
75.92
75.93
75.91
75.90
75.90
75.90
75.92
75.94
75.95
75.96
75.98
76.00
75.99
76.02
76.00
76.02
76.00
76.00
76.00
75.96
75.96
75.95
75.96
75.97
75.98
75.98
75.96
75.98
75.95
75.94
75.94
75.92
75.93
75.95
75.94
75.97
75.99
76.00
76.01
76.01
76.00
75.99
75.98
75.98
75.99
75.99
76.00
76.01
76.00
75.99
76.00
76.01
76.02
76.01
76.03
76.03
76.03
76.01
76.03
76.05
76.04
76.05
76.05
76.07
76.08
76.07
76.08
76.08
76.10
76.10
76.09
76.09
76.07
76.05
76.03
76.05
76.05
76.05
76.04
76.00
76.00
76.00
75.98
75.99
75.98
75.98
75.99
75.99
76.00
75.99
76.00
76.00
75.99
76.00
75.97
75.99
75.98
76.00
76.02
76.03
76.04
76.02
76.03
76.03
76.04
76.04
76.04
76.04
76.03
76.05
76.04
76.03
76.02
76.02
76.01
76.03
75.99
76.01
76.02
76.03
76.02
76.02
76.02
76.03
76.02
76.02
76.03
76.03
76.03
76.03
76.02
76.00
76.00
75.99
75.99
75.99
75.99
75.99
76.00
75.98
75.98
75.98
75.97
75.97
75.97
75.98
75.98
75.99
75.97
75.97
75.96
75.96
75.95
75.97
75.96
75.98
75.98
75.97
75.96
75.98
75.98
75.97
75.98
75.97
75.96
75.97
75.97
75.99
75.99
76.01
76.01
76.01
76.00
76.00
76.01
76.02
76.02
76.04
76.06
76.06
76.08
76.07
76.06
76.07
76.07
76.06
76.06
76.06
76.07
76.07
76.05
76.05
76.06
76.07
76.07
76.07
76.10
76.11
76.11
76.12
76.14
76.15
76.15
76.13
76.12
76.12
76.12
76.11
76.12
76.12
76.11
76.11
76.10
76.10
76.11
76.10
76.08
76.08
76.09
76.09
76.09
76.08
76.06
76.06
76.05
76.06
76.05
76.04
76.04
76.05
76.03
76.03
76.03
76.03
76.03
76.03
76.02
76.01
76.00
76.01
76.03
76.01
76.01
76.00
76.01
76.01
76.01
76.00
76.02
76.02
76.05
76.07
76.07
76.06
76.07
76.08
76.08
76.08
76.07
76.08
76.08
76.09
76.09
76.09
76.09
76.10
76.10
76.10
76.11
76.12
76.12
76.10
76.12
76.11
76.11
76.12
76.12
76.12
76.12
76.12
76.10
76.09
76.08
76.08
76.09
76.08
76.07
76.07
76.08
76.09
76.08
76.10
76.10
76.11
76.12
76.12
76.13
76.12
76.12
76.12
76.11
76.09
76.07
76.08
76.08
76.08
76.09
76.11
76.10
76.11
76.13
76.12
76.12
76.11
76.13
76.13
76.15
76.15
76.15
76.15
76.15
76.15
76.15
76.15
76.15
76.14
76.12
76.12
76.11
76.12
76.12
76.12
76.11
76.11
76.12
76.13
76.13
76.12
76.12
76.14
76.13
76.14
76.13
76.13
76.12
76.12
76.14
76.14
76.15
76.15
76.14
76.14
76.14
76.14
76.15
76.13
76.14
76.14
76.14
76.14
76.15
76.16
76.16
76.17
76.17
76.16
76.16
76.17
76.15
76.16
76.17
76.16
76.16
76.16
76.16
76.15
76.14
76.13
76.13
76.14
76.13
76.12
76.13
76.13
76.12
76.14
76.14
76.14
76.15
76.14
76.15
76.15
76.14
76.14
76.14
76.13
76.13
76.13
76.14
76.15
76.14
76.14
76.14
76.14
76.14
76.13
76.12
76.12
76.12
76.11
76.11
76.12
76.11
76.10
76.12
76.12
76.13
76.13
76.14
76.15
76.14
76.14
76.14
76.14
76.13
76.14
76.14
76.14
76.14
76.14
76.13
76.13
76.13
76.13
76.13
76.14
76.15
76.16
76.16
76.16
76.16
76.16
76.16
76.16
76.15
76.15
76.15
76.15
76.16
76.17
76.17
76.18
76.18
76.18
76.19
76.19
76.19
76.18
76.18
76.17
76.17
76.17
76.16
76.17
76.18
76.18
76.18
76.18
76.18
76.19
76.18
76.19
76.18
76.18
76.16
76.16
76.16
76.15
76.14
76.15
76.15
76.15
76.15
76.07
