73.44
71.88
70.83
71.48
70.94
70.05
71.88
71.09
71.88
71.88
72.02
70.83
70.91
70.98
71.35
71.29
71.69
71.70
72.12
72.42
72.47
72.30
72.01
72.46
72.31
72.12
72.22
72.27
72.31
72.34
71.98
71.83
71.88
71.78
72.05
71.92
71.49
71.34
71.27
71.25
71.42
71.35
71.44
71.13
71.28
71.23
70.94
70.93
70.89
70.81
70.71
70.85
70.78
70.89
70.77
70.62
70.59
70.64
70.82
70.89
70.95
71.02
70.98
70.73
70.65
70.67
70.73
70.82
70.90
70.83
70.77
70.62
70.57
70.40
70.48
70.52
70.45
70.41
70.35
70.43
70.31
70.26
70.22
70.18
70.24
70.24
70.04
70.10
70.22
70.19
70.05
70.06
70.04
69.98
69.95
69.92
69.94
69.93
69.90
69.92
69.93
69.88
69.81
69.85
69.82
69.84
69.85
69.91
69.97
70.01
70.05
70.03
70.01
70.02
70.05
70.07
70.09
70.03
70.10
70.12
70.12
70.22
70.29
70.30
70.31
70.31
70.30
70.32
70.34
70.31
70.31
70.32
70.31
70.25
70.29
70.28
70.35
70.31
70.38
70.37
70.28
70.27
70.27
70.33
70.32
70.34
70.38
70.31
70.40
70.38
70.37
70.38
70.44
70.44
70.34
70.29
70.34
70.33
70.33
70.39
70.36
70.35
70.39
70.42
70.43
70.41
70.42
70.45
70.49
70.50
70.52
70.53
70.52
70.47
70.50
70.53
70.52
70.53
70.51
70.48
70.50
70.50
70.58
70.61
70.62
70.65
70.66
70.69
70.73
70.72
70.71
70.70
70.64
70.63
70.65
70.64
70.61
70.59
70.59
70.55
70.52
70.50
70.54
70.57
70.57
70.58
70.60
70.57
70.57
70.57
70.51
70.48
70.45
70.44
70.45
70.42
70.43
70.43
70.43
70.45
70.41
70.43
70.41
70.42
70.43
70.43
70.45
70.48
70.51
70.52
70.50
70.51
70.51
70.54
70.57
70.55
70.55
70.58
70.59
70.61
70.57
70.58
70.59
70.53
70.50
70.52
70.51
70.52
70.55
70.54
70.56
70.51
70.47
70.46
70.45
70.46
70.43
70.41
70.42
70.44
70.46
70.50
70.50
70.53
70.54
70.55
70.54
70.54
70.55
70.54
70.51
70.51
70.50
70.54
70.55
70.55
70.54
70.55
70.54
70.56
70.62
70.60
70.61
70.61
70.58
70.56
70.53
70.52
70.52
70.51
70.51
70.48
70.45
70.46
70.50
70.53
70.53
70.54
70.54
70.56
70.58
70.58
70.55
70.56
70.56
70.56
70.54
70.57
70.55
70.53
70.49
70.52
70.52
70.50
70.49
70.47
70.43
70.42
70.47
70.43
70.44
70.44
70.43
70.44
70.43
70.43
70.43
70.44
70.40
70.37
70.38
70.36
70.35
70.35
70.32
70.33
70.33
70.33
70.34
70.32
70.35
70.36
70.35
70.36
70.33
70.34
70.35
70.37
70.39
70.38
70.36
70.39
70.39
70.40
70.38
70.38
70.37
70.40
70.40
70.41
70.40
70.42
70.42
70.41
70.43
70.41
70.41
70.43
70.45
70.43
70.43
70.41
70.41
70.39
70.38
70.39
70.37
70.37
70.35
70.35
70.33
70.34
70.33
70.35
70.37
70.39
70.41
70.42
70.40
70.40
70.40
70.39
70.38
70.39
70.40
70.42
70.39
70.39
70.39
70.37
70.38
70.37
70.36
70.37
70.33
70.32
70.32
70.33
70.34
70.32
70.34
70.35
70.35
70.35
70.34
70.34
70.34
70.34
70.33
70.34
70.32
70.32
70.33
70.34
70.35
70.34
70.36
70.35
70.34
70.33
70.34
70.34
70.33
70.32
70.33
70.34
70.32
70.33
70.30
70.32
70.33
70.34
70.37
70.37
70.35
70.35
70.34
70.38
70.40
70.41
70.41
70.41
70.41
70.43
70.43
70.45
70.45
70.44
70.44
70.44
70.44
70.42
70.43
70.43
70.44
70.46
70.49
70.50
70.51
70.51
70.50
70.48
70.50
70.50
70.51
70.50
70.51
70.53
70.54
70.55
70.52
70.50
70.50
70.52
70.53
70.54
70.54
70.52
70.55
70.57
70.56
70.57
70.56
70.56
70.57
70.58
70.58
70.60
70.58
70.58
70.59
70.57
70.57
70.54
70.54
70.55
70.55
70.57
70.60
70.60
70.60
70.61
70.63
70.61
70.60
70.58
70.59
70.61
70.60
70.59
70.59
70.58
70.61
70.59
70.59
70.56
70.55
70.54
70.54
70.53
70.52
70.51
70.52
70.52
70.52
70.53
70.53
70.53
70.54
70.55
70.56
70.55
70.55
70.55
70.55
70.54
70.52
70.51
70.52
70.52
70.51
70.52
70.50
70.50
70.51
70.50
70.51
70.49
70.48
70.47
70.48
70.47
70.46
70.46
70.45
70.43
70.42
70.43
70.45
70.46
70.45
70.46
70.47
70.49
70.49
70.47
70.47
70.45
70.44
70.44
70.44
70.43
70.41
70.41
70.40
70.39
70.40
70.40
70.39
70.40
70.41
70.41
70.41
70.40
70.39
70.39
70.40
70.39
70.40
70.41
70.41
70.40
70.41
70.40
70.40
70.38
70.37
70.36
70.38
70.39
70.39
70.39
70.38
70.39
70.39
70.39
70.39
70.39
70.40
70.41
70.42
70.43
70.43
70.43
70.42
70.42
70.41
70.42
70.42
70.42
70.42
70.41
70.43
70.41
70.41
70.41
70.41
70.39
70.39
70.38
70.39
70.40
70.40
70.39
70.40
70.42
70.42
70.42
70.41
70.42
70.41
70.42
70.42
70.43
70.42
70.43
70.43
70.45
70.45
70.45
70.44
70.45
70.46
70.46
70.45
70.46
70.48
70.49
70.47
70.48
70.48
70.48
70.48
70.48
70.48
70.48
70.48
70.48
70.47
70.47
70.48
70.46
70.47
70.47
70.47
70.47
70.47
70.47
70.47
70.47
70.47
70.48
70.48
70.47
70.49
70.50
70.51
70.51
70.49
70.49
70.48
70.47
70.48
70.49
70.49
70.49
70.49
70.51
70.51
70.52
70.53
70.52
70.53
70.53
70.53
70.53
70.54
70.55
70.55
70.54
70.55
70.55
70.54
70.55
70.53
70.53
70.53
70.52
70.51
70.51
70.51
70.52
70.53
70.53
70.53
70.54
70.54
70.55
70.55
70.55
70.55
70.57
70.56
70.56
70.56
70.55
70.57
70.58
70.59
70.60
70.58
70.59
70.61
70.60
70.59
70.60
70.59
70.60
70.60
70.61
70.59
70.59
70.60
70.60
70.61
70.61
70.60
70.60
70.59
70.59
70.58
70.59
70.58
70.57
70.57
70.57
70.59
70.59
70.58
70.58
70.58
70.52
