78.12
78.12
76.04
78.52
76.88
76.30
75.89
75.59
76.22
75.78
76.14
75.78
75.48
75.11
74.90
75.00
74.82
74.39
74.34
74.30
74.03
73.72
73.85
74.09
74.38
74.76
75.29
75.39
75.48
75.52
75.55
75.54
75.85
76.24
76.21
76.26
76.27
76.11
76.08
76.02
75.99
75.89
76.02
75.82
75.80
75.88
75.96
75.94
75.86
75.91
75.92
75.78
75.94
76.10
76.19
76.20
76.23
76.24
76.14
76.17
76.20
76.26
76.29
76.29
76.25
76.16
76.03
76.17
76.18
76.23
76.28
76.41
76.37
76.33
76.31
76.42
76.46
76.40
76.42
76.39
76.31
76.30
76.20
76.17
76.23
76.27
76.22
76.28
76.28
76.22
76.17
76.29
76.23
76.18
76.18
76.11
76.11
76.15
76.15
76.12
76.14
76.19
76.24
76.22
76.19
76.18
76.24
76.29
76.23
76.26
76.22
76.20
76.23
76.34
76.32
76.28
76.31
76.32
76.37
76.32
76.30
76.23
76.19
76.20
76.20
76.19
76.21
76.15
76.09
76.09
76.17
76.12
76.09
76.05
76.02
76.01
75.98
75.96
75.96
75.95
75.93
75.90
75.91
75.92
75.96
76.02
76.06
75.99
76.00
75.99
75.95
75.93
75.93
75.94
75.89
75.90
75.90
75.86
75.87
75.89
75.90
75.90
75.98
75.95
75.99
75.97
75.99
75.96
75.96
75.97
76.01
75.95
75.96
76.01
76.02
76.00
75.94
75.90
75.92
75.90
75.87
75.90
75.85
75.83
75.76
75.74
75.75
75.76
75.75
75.77
75.78
75.76
75.77
75.80
75.82
75.84
75.89
75.89
75.92
75.91
75.93
75.97
75.97
75.95
75.92
75.92
75.93
75.92
75.87
75.86
75.86
75.85
75.87
75.89
75.87
75.88
75.89
75.86
75.88
75.90
75.93
75.91
75.92
75.90
75.90
75.93
75.98
75.97
75.98
75.99
75.99
76.00
76.03
75.99
76.01
75.95
75.90
75.87
75.86
75.89
75.92
75.96
75.97
75.98
75.96
75.97
75.99
75.97
75.97
75.97
75.98
76.00
76.01
76.00
75.98
75.98
75.98
75.96
75.94
75.94
75.96
75.94
75.90
75.86
75.89
75.87
75.88
75.89
75.87
75.87
75.85
75.87
75.88
75.88
75.90
75.90
75.91
75.90
75.89
75.88
75.89
75.90
75.91
75.88
75.86
75.85
75.83
75.84
75.83
75.81
75.83
75.83
75.84
75.85
75.83
75.86
75.88
75.88
75.87
75.88
75.88
75.85
75.83
75.82
75.78
75.78
75.75
75.75
75.75
75.73
75.74
75.75
75.74
75.73
75.72
75.71
75.72
75.75
75.76
75.76
75.76
75.77
75.78
75.80
75.80
75.81
75.79
75.77
75.79
75.77
75.78
75.75
75.76
75.78
75.78
75.80
75.81
75.80
75.80
75.79
75.80
75.79
75.78
75.77
75.77
75.76
75.77
75.74
75.73
75.72
75.75
75.73
75.72
75.69
75.69
75.69
75.70
75.68
75.67
75.68
75.67
75.69
75.67
75.68
75.68
75.68
75.69
75.69
75.69
75.67
75.67
75.68
75.68
75.69
75.68
75.69
75.70
75.72
75.69
75.68
75.68
75.69
75.72
75.74
75.73
75.75
75.74
75.73
75.74
75.75
75.75
75.73
75.74
75.73
75.74
75.74
75.73
75.72
75.72
75.73
75.74
75.70
75.71
75.69
75.69
75.72
75.70
75.70
75.68
75.71
75.71
75.72
75.71
75.71
75.72
75.70
75.67
75.68
75.67
75.69
75.70
75.68
75.68
75.69
75.68
75.68
75.69
75.70
75.71
75.72
75.71
75.71
75.71
75.69
75.69
75.70
75.72
75.72
75.70
75.72
75.72
75.74
75.74
75.74
75.75
75.76
75.77
75.76
75.74
75.75
75.76
75.76
75.78
75.77
75.76
75.75
75.74
75.74
75.72
75.73
75.71
75.74
75.74
75.72
75.72
75.71
75.71
75.72
75.71
75.71
75.72
75.71
75.72
75.74
75.75
75.74
75.76
75.76
75.75
75.75
75.76
75.78
75.78
75.76
75.76
75.77
75.78
75.78
75.77
75.76
75.75
75.74
75.75
75.75
75.74
75.76
75.75
75.76
75.75
75.76
75.76
75.77
75.75
75.73
75.73
75.73
75.73
75.73
75.72
75.72
75.71
75.70
75.72
75.74
75.76
75.74
75.75
75.75
75.74
75.74
75.73
75.74
75.74
75.76
75.75
75.75
75.74
75.75
75.73
75.73
75.75
75.76
75.78
75.77
75.78
75.76
75.77
75.76
75.76
75.77
75.77
75.76
75.75
75.74
75.74
75.74
75.76
75.75
75.75
75.74
75.75
75.75
75.76
75.75
75.75
75.76
75.76
75.75
75.75
75.74
75.75
75.75
75.75
75.75
75.75
75.77
75.78
75.79
75.77
75.78
75.78
75.78
75.78
75.79
75.78
75.78
75.78
75.78
75.77
75.78
75.77
75.77
75.79
75.79
75.78
75.78
75.79
75.78
75.79
75.79
75.80
75.81
75.80
75.80
75.80
75.81
75.81
75.82
75.81
75.80
75.79
75.79
75.78
75.79
75.79
75.79
75.79
75.80
75.81
75.81
75.82
75.83
75.82
75.82
75.83
75.83
75.84
75.83
75.84
75.85
75.86
75.85
75.84
75.84
75.85
75.85
75.86
75.87
75.88
75.89
75.90
75.91
75.92
75.92
75.92
75.91
75.91
75.92
75.93
75.92
75.93
75.92
75.93
75.92
75.94
75.95
75.94
75.96
75.97
75.98
75.99
75.98
75.97
75.98
75.98
75.99
76.00
75.99
75.99
75.99
75.99
75.98
75.99
75.99
75.98
76.00
76.00
76.00
76.00
76.00
76.02
76.03
76.03
76.04
76.05
76.05
76.03
76.02
76.02
76.02
76.03
76.03
76.03
76.04
76.04
76.03
76.03
76.04
76.04
76.04
76.04
76.05
76.06
76.06
76.06
76.06
76.06
76.08
76.08
76.08
76.09
76.09
76.10
76.09
76.09
76.10
76.09
76.10
76.10
76.09
76.08
76.09
76.09
76.10
76.11
76.12
76.12
76.12
76.11
76.12
76.12
76.13
76.12
76.12
76.12
76.13
76.13
76.14
76.15
76.15
76.15
76.14
76.15
76.13
76.12
76.10
76.11
76.11
76.13
76.12
76.13
76.14
76.14
76.13
76.14
76.14
76.14
76.14
76.14
76.15
76.15
76.15
76.15
76.15
76.15
76.14
76.15
76.15
76.13
76.13
76.12
76.12
76.13
76.13
76.14
76.15
76.15
76.15
76.15
76.15
76.15
76.14
76.14
76.15
76.15
76.15
76.13
76.13
76.12
76.12
76.13
76.06
