75.00
75.78
77.08
73.83
74.06
74.74
74.78
73.83
73.44
73.75
74.72
74.87
74.76
74.78
73.96
73.93
74.36
73.87
73.93
73.83
73.88
74.01
74.05
74.22
74.44
74.52
74.54
74.94
74.95
74.95
75.00
74.85
74.76
74.82
74.73
74.74
74.83
74.67
74.72
74.80
74.73
74.74
74.85
74.82
74.79
75.00
75.03
74.97
75.13
75.22
75.03
75.12
75.12
75.12
75.09
75.11
75.16
75.24
75.05
75.16
75.13
75.03
75.15
75.22
75.34
75.31
75.47
75.48
75.50
75.45
75.55
75.63
75.68
75.78
75.83
75.68
75.69
75.58
75.63
75.64
75.66
75.55
75.49
75.41
75.44
75.42
75.50
75.53
75.53
75.50
75.41
75.44
75.49
75.47
75.56
75.50
75.48
75.45
75.38
75.45
75.43
75.51
75.44
75.36
75.30
75.24
75.31
75.39
75.44
75.54
75.56
75.57
75.57
75.49
75.35
75.34
75.33
75.36
75.41
75.52
75.56
75.54
75.67
75.71
75.79
75.87
75.90
75.87
75.93
75.88
75.89
75.86
75.79
75.79
75.86
75.93
75.98
75.99
75.96
75.93
75.83
75.79
75.84
75.80
75.75
75.78
75.71
75.68
75.67
75.70
75.72
75.74
75.74
75.81
75.82
75.80
75.80
75.81
75.78
75.78
75.76
75.79
75.82
75.85
75.86
75.85
75.80
75.80
75.79
75.79
75.81
75.81
75.80
75.80
75.79
75.82
75.83
75.85
75.86
75.86
75.82
75.80
75.83
75.84
75.83
75.83
75.85
75.86
75.86
75.86
75.92
75.90
75.91
75.92
75.95
75.99
76.04
76.00
76.01
75.95
75.93
75.87
75.87
75.88
75.85
75.89
75.90
75.89
75.86
75.83
75.84
75.81
75.81
75.85
75.85
75.80
75.83
75.82
75.86
75.85
75.88
75.87
75.83
75.82
75.82
75.81
75.82
75.84
75.83
75.78
75.73
75.71
75.72
75.68
75.70
75.72
75.74
75.75
75.76
75.76
75.71
75.73
75.73
75.71
75.72
75.72
75.73
75.73
75.77
75.77
75.80
75.84
75.85
75.85
75.83
75.82
75.81
75.79
75.78
75.79
75.78
75.79
75.78
75.79
75.80
75.79
75.80
75.82
75.85
75.89
75.88
75.91
75.90
75.91
75.93
75.95
75.93
75.94
75.94
75.93
75.96
75.96
75.98
75.97
75.95
75.94
75.96
75.96
75.96
75.98
75.98
76.01
76.02
76.01
76.04
76.06
76.06
76.04
76.07
76.07
76.07
76.08
76.09
76.11
76.11
76.11
76.10
76.11
76.14
76.12
76.15
76.15
76.16
76.12
76.17
76.17
76.18
76.20
76.20
76.22
76.22
76.22
76.21
76.22
76.22
76.22
76.24
76.26
76.26
76.26
76.24
76.23
76.23
76.24
76.24
76.26
76.25
76.26
76.24
76.25
76.23
76.23
76.23
76.26
76.27
76.27
76.28
76.28
76.28
76.29
76.31
76.31
76.32
76.35
76.33
76.33
76.35
76.36
76.35
76.35
76.37
76.37
76.39
76.42
76.44
76.44
76.44
76.45
76.44
76.43
76.42
76.42
76.40
76.41
76.41
76.40
76.40
76.39
76.39
76.37
76.35
76.37
76.34
76.34
76.31
76.29
76.30
76.28
76.30
76.30
76.28
76.28
76.27
76.26
76.24
76.25
76.26
76.26
76.26
76.25
76.25
76.25
76.26
76.25
76.23
76.22
76.22
76.21
76.20
76.21
76.21
76.20
76.20
76.19
76.17
76.15
76.15
76.13
76.12
76.13
76.13
76.11
76.12
76.13
76.15
76.14
76.12
76.12
76.12
76.12
76.14
76.13
76.13
76.13
76.15
76.16
76.13
76.13
76.12
76.12
76.11
76.12
76.13
76.15
76.15
76.16
76.16
76.14
76.17
76.17
76.16
76.14
76.13
76.15
76.17
76.15
76.14
76.15
76.16
76.16
76.15
76.14
76.14
76.16
76.14
76.14
76.14
76.14
76.13
76.11
76.10
76.11
76.11
76.12
76.12
76.12
76.12
76.10
76.11
76.11
76.12
76.13
76.12
76.13
76.12
76.13
76.14
76.12
76.13
76.13
76.13
76.13
76.13
76.12
76.14
76.13
76.13
76.13
76.13
76.13
76.13
76.14
76.16
76.17
76.17
76.16
76.18
76.19
76.18
76.18
76.18
76.19
76.19
76.20
76.19
76.19
76.19
76.21
76.21
76.20
76.22
76.20
76.20
76.19
76.17
76.18
76.18
76.18
76.17
76.20
76.20
76.20
76.18
76.18
76.17
76.17
76.16
76.17
76.16
76.17
76.16
76.16
76.15
76.15
76.15
76.16
76.15
76.15
76.16
76.15
76.16
76.16
76.13
76.13
76.11
76.12
76.11
76.10
76.08
76.08
76.07
76.06
76.06
76.07
76.08
76.08
76.07
76.07
76.07
76.07
76.09
76.08
76.09
76.10
76.09
76.08
76.09
76.09
76.08
76.09
76.10
76.09
76.10
76.09
76.09
76.08
76.06
76.07
76.08
76.09
76.09
76.09
76.09
76.08
76.10
76.08
76.08
76.08
76.08
76.09
76.11
76.10
76.11
76.11
76.13
76.12
76.12
76.12
76.13
76.13
76.13
76.13
76.13
76.13
76.13
76.14
76.15
76.16
76.17
76.16
76.17
76.17
76.19
76.17
76.16
76.16
76.15
76.16
76.15
76.15
76.13
76.13
76.13
76.15
76.16
76.16
76.17
76.18
76.17
76.17
76.16
76.16
76.15
76.16
76.16
76.16
76.16
76.16
76.16
76.16
76.15
76.16
76.17
76.17
76.16
76.16
76.17
76.17
76.16
76.16
76.16
76.15
76.16
76.16
76.17
76.15
76.15
76.16
76.16
76.16
76.16
76.16
76.15
76.16
76.18
76.18
76.18
76.18
76.19
76.18
76.18
76.18
76.17
76.18
76.18
76.17
76.17
76.17
76.17
76.17
76.16
76.17
76.19
76.19
76.18
76.19
76.18
76.19
76.20
76.19
76.17
76.18
76.17
76.17
76.18
76.18
76.19
76.19
76.19
76.19
76.19
76.17
76.17
76.17
76.18
76.17
76.17
76.18
76.17
76.17
76.16
76.16
76.17
76.17
76.17
76.16
76.17
76.17
76.17
76.18
76.17
76.17
76.17
76.17
76.16
76.16
76.16
76.16
76.16
76.17
76.16
76.16
76.17
76.17
76.16
76.16
76.14
76.14
76.14
76.15
76.14
76.16
76.15
76.15
76.14
76.14
76.14
76.13
76.12
76.13
76.13
76.13
76.13
76.13
76.15
76.14
76.13
76.13
76.12
76.12
76.12
76.12
76.13
76.13
76.13
76.12
76.11
76.13
76.13
76.15
76.15
76.07
