82.81
80.47
77.60
78.12
76.56
77.60
77.23
78.12
76.04
75.94
76.56
77.08
77.04
77.23
77.71
77.83
78.58
78.21
78.04
77.66
77.60
77.77
77.79
77.86
77.75
77.76
77.55
77.90
77.69
77.76
77.67
77.54
77.56
77.44
77.59
77.47
77.24
77.14
77.28
77.23
77.13
77.05
77.00
76.88
77.08
77.14
77.09
77.21
77.14
77.34
77.39
77.22
77.09
77.26
77.30
77.34
77.25
77.16
77.17
77.24
77.28
77.09
76.93
76.95
77.14
77.08
77.15
77.25
77.26
77.21
77.22
77.32
77.31
77.32
77.27
77.26
77.29
77.14
77.12
77.03
76.93
76.87
76.92
76.92
76.95
76.93
76.89
76.83
76.88
76.82
76.84
76.82
76.75
76.70
76.64
76.55
76.53
76.58
76.47
76.47
76.49
76.38
76.35
76.35
76.35
76.39
76.46
76.45
76.46
76.45
76.42
76.46
76.53
76.52
76.51
76.44
76.55
76.52
76.48
76.54
76.50
76.47
76.54
76.56
76.53
76.56
76.56
76.48
76.48
76.49
76.44
76.43
76.40
76.46
76.42
76.38
76.35
76.27
76.28
76.25
76.32
76.34
76.35
76.27
76.31
76.32
76.31
76.35
76.41
76.45
76.44
76.47
76.51
76.49
76.51
76.54
76.51
76.42
76.44
76.45
76.39
76.43
76.42
76.41
76.44
76.38
76.38
76.34
76.34
76.32
76.34
76.35
76.32
76.32
76.36
76.31
76.32
76.33
76.37
76.33
76.29
76.25
76.23
76.17
76.13
76.09
76.06
76.10
76.17
76.18
76.10
76.10
76.10
76.10
76.13
76.15
76.13
76.12
76.14
76.18
76.19
76.15
76.15
76.22
76.21
76.19
76.18
76.19
76.15
76.13
76.15
76.15
76.20
76.20
76.17
76.17
76.17
76.15
76.14
76.09
76.05
76.05
76.07
76.05
76.06
76.06
76.00
76.02
76.03
76.09
76.10
76.11
76.09
76.06
76.02
76.03
76.07
76.08
76.09
76.09
76.07
76.08
76.12
76.10
76.10
76.09
76.04
76.02
76.05
76.09
76.09
76.09
76.11
76.11
76.14
76.17
76.19
76.24
76.20
76.22
76.24
76.24
76.21
76.22
76.23
76.22
76.18
76.17
76.18
76.19
76.19
76.19
76.20
76.20
76.22
76.18
76.17
76.15
76.15
76.13
76.14
76.15
76.14
76.16
76.15
76.15
76.16
76.14
76.15
76.16
76.19
76.22
76.22
76.23
76.21
76.23
76.22
76.22
76.22
76.23
76.21
76.22
76.22
76.19
76.19
76.17
76.17
76.15
76.14
76.14
76.11
76.07
76.07
76.06
76.05
76.07
76.09
76.13
76.12
76.11
76.13
76.15
76.14
76.13
76.13
76.13
76.13
76.16
76.15
76.18
76.18
76.17
76.16
76.15
76.13
76.13
76.12
76.11
76.12
76.14
76.14
76.16
76.16
76.17
76.18
76.18
76.18
76.15
76.16
76.17
76.14
76.11
76.10
76.11
76.10
76.10
76.09
76.10
76.10
76.10
76.13
76.12
76.11
76.09
76.12
76.11
76.10
76.07
76.07
76.06
76.08
76.07
76.07
76.09
76.13
76.13
76.13
76.11
76.09
76.11
76.08
76.08
76.09
76.09
76.09
76.09
76.07
76.10
76.09
76.09
76.11
76.11
76.11
76.10
76.08
76.07
76.09
76.09
76.09
76.10
76.09
76.09
76.10
76.08
76.10
76.10
76.12
76.12
76.13
76.12
76.12
76.10
76.10
76.09
76.10
76.10
76.09
76.10
76.10
76.10
76.12
76.14
76.15
76.15
76.16
76.16
76.15
76.14
76.12
76.12
76.12
76.12
76.12
76.13
76.14
76.12
76.11
76.11
76.10
76.10
76.09
76.09
76.08
76.07
76.08
76.09
76.10
76.10
76.09
76.11
76.11
76.11
76.12
76.12
76.12
76.12
76.13
76.13
76.12
76.14
76.13
76.15
76.15
76.18
76.19
76.19
76.17
76.16
76.17
76.17
76.16
76.18
76.18
76.19
76.18
76.17
76.15
76.16
76.15
76.17
76.16
76.17
76.16
76.17
76.14
76.15
76.14
76.15
76.14
76.14
76.16
76.15
76.14
76.15
76.15
76.17
76.18
76.19
76.20
76.21
76.23
76.25
76.25
76.26
76.26
76.27
76.28
76.29
76.30
76.31
76.30
76.30
76.32
76.33
76.34
76.33
76.32
76.33
76.33
76.34
76.35
76.37
76.37
76.37
76.37
76.37
76.37
76.38
76.40
76.39
76.40
76.40
76.39
76.40
76.39
76.40
76.41
76.42
76.44
76.44
76.44
76.43
76.42
76.42
76.42
76.43
76.44
76.44
76.45
76.45
76.44
76.42
76.42
76.41
76.41
76.41
76.40
76.38
76.39
76.38
76.37
76.37
76.35
76.36
76.36
76.36
76.37
76.36
76.35
76.33
76.33
76.34
76.34
76.33
76.34
76.33
76.32
76.31
76.30
76.29
76.29
76.29
76.30
76.29
76.29
76.30
76.29
76.29
76.28
76.29
76.30
76.29
76.30
76.30
76.30
76.32
76.33
76.33
76.35
76.34
76.35
76.34
76.33
76.33
76.34
76.35
76.36
76.36
76.34
76.36
76.36
76.37
76.36
76.37
76.38
76.38
76.37
76.37
76.38
76.38
76.38
76.38
76.37
76.37
76.37
76.36
76.37
76.37
76.37
76.39
76.37
76.38
76.39
76.38
76.38
76.38
76.37
76.37
76.37
76.36
76.35
76.35
76.35
76.34
76.34
76.35
76.35
76.35
76.36
76.36
76.35
76.33
76.32
76.31
76.30
76.30
76.30
76.30
76.30
76.30
76.29
76.28
76.28
76.28
76.29
76.29
76.29
76.29
76.30
76.31
76.31
76.32
76.32
76.30
76.31
76.32
76.32
76.32
76.31
76.32
76.31
76.31
76.29
76.29
76.29
76.30
76.31
76.30
76.30
76.29
76.30
76.31
76.31
76.32
76.31
76.32
76.31
76.31
76.31
76.31
76.31
76.31
76.31
76.30
76.29
76.29
76.28
76.28
76.27
76.28
76.28
76.26
76.26
76.26
76.27
76.28
76.28
76.28
76.29
76.30
76.29
76.28
76.27
76.27
76.27
76.26
76.26
76.26
76.25
76.26
76.24
76.25
76.24
76.25
76.25
76.24
76.24
76.25
76.25
76.24
76.24
76.23
76.23
76.22
76.22
76.20
76.20
76.19
76.18
76.19
76.20
76.20
76.20
76.18
76.18
76.19
76.18
76.20
76.20
76.20
76.20
76.20
76.20
76.18
76.18
76.18
76.18
76.18
76.18
76.17
76.18
76.16
76.16
76.16
76.16
76.15
76.15
76.15
76.14
76.15
76.16
76.09
