76.56
75.78
75.00
75.39
76.56
76.56
78.35
78.12
77.60
77.97
77.84
78.26
78.12
77.34
77.50
77.05
76.65
76.30
76.40
76.56
76.34
76.63
76.63
76.24
76.25
76.08
76.33
76.12
75.86
75.68
75.66
75.49
75.66
75.97
76.16
76.26
76.31
76.44
76.40
76.25
76.07
75.93
75.91
75.96
75.94
75.85
75.86
75.85
75.83
75.88
75.95
76.02
76.09
76.13
76.25
76.17
76.07
76.00
75.98
76.02
76.05
76.03
76.09
76.10
76.20
76.28
76.21
76.24
76.29
76.18
76.10
76.15
76.07
76.08
76.00
75.97
75.97
76.02
76.01
76.05
76.06
76.01
76.05
76.02
75.99
76.05
76.04
76.07
76.05
75.99
76.03
76.12
76.04
76.03
76.05
76.01
76.06
75.97
76.01
76.09
76.01
76.06
76.14
76.13
76.15
76.18
76.02
76.01
76.05
76.01
76.01
76.09
76.13
76.08
76.09
76.09
76.06
76.11
76.13
76.09
76.15
76.17
76.18
76.20
76.19
76.25
76.27
76.27
76.28
76.30
76.28
76.29
76.30
76.27
76.23
76.22
76.15
76.19
76.17
76.19
76.21
76.24
76.23
76.17
76.13
76.12
76.19
76.25
76.26
76.33
76.35
76.31
76.29
76.27
76.26
76.26
76.25
76.23
76.22
76.20
76.21
76.24
76.27
76.29
76.27
76.21
76.24
76.25
76.28
76.29
76.27
76.24
76.24
76.26
76.30
76.29
76.29
76.29
76.33
76.35
76.32
76.33
76.32
76.33
76.33
76.32
76.38
76.39
76.37
76.39
76.40
76.43
76.43
76.39
76.38
76.40
76.36
76.40
76.41
76.37
76.38
76.42
76.38
76.33
76.35
76.33
76.30
76.31
76.32
76.30
76.32
76.33
76.34
76.38
76.37
76.40
76.41
76.41
76.41
76.42
76.43
76.44
76.41
76.42
76.41
76.42
76.44
76.45
76.45
76.47
76.45
76.44
76.44
76.44
76.46
76.38
76.36
76.33
76.36
76.35
76.35
76.36
76.32
76.30
76.26
76.26
76.27
76.25
76.25
76.26
76.26
76.24
76.20
76.19
76.20
76.17
76.13
76.19
76.18
76.21
76.22
76.23
76.19
76.16
76.13
76.14
76.11
76.10
76.09
76.10
76.14
76.15
76.17
76.15
76.18
76.20
76.15
76.15
76.16
76.14
76.13
76.14
76.15
76.14
76.15
76.16
76.19
76.22
76.19
76.20
76.17
76.19
76.21
76.20
76.19
76.18
76.19
76.18
76.21
76.21
76.24
76.26
76.24
76.22
76.23
76.25
76.22
76.24
76.19
76.18
76.17
76.15
76.16
76.14
76.14
76.14
76.10
76.12
76.14
76.13
76.13
76.16
76.15
76.13
76.13
76.12
76.12
76.12
76.12
76.12
76.12
76.11
76.14
76.16
76.16
76.14
76.14
76.11
76.12
76.14
76.13
76.11
76.12
76.14
76.10
76.12
76.10
76.10
76.09
76.08
76.08
76.08
76.10
76.11
76.12
76.10
76.12
76.13
76.15
76.14
76.14
76.12
76.15
76.11
76.11
76.09
76.09
76.08
76.05
76.06
76.08
76.09
76.08
76.05
76.06
76.06
76.06
76.05
76.06
76.07
76.08
76.08
76.08
76.08
76.09
76.08
76.04
76.05
76.05
76.03
76.03
76.05
76.06
76.06
76.06
76.08
76.09
76.09
76.07
76.07
76.08
76.09
76.07
76.05
76.02
76.02
76.02
76.02
76.05
76.06
76.07
76.05
76.03
76.01
76.01
76.04
76.04
76.02
76.00
76.01
75.98
75.98
75.98
75.98
75.95
75.95
75.94
75.96
75.95
75.94
75.96
75.97
75.96
75.97
75.97
75.97
75.95
75.95
75.95
75.95
75.96
75.96
75.94
75.94
75.94
75.96
75.95
75.93
75.92
75.93
75.92
75.92
75.93
75.94
75.92
75.94
75.96
75.97
75.96
75.95
75.95
75.92
75.92
75.91
75.91
75.89
75.91
75.91
75.91
75.93
75.96
75.94
75.93
75.95
75.96
75.96
75.96
75.96
75.98
75.99
75.98
76.00
76.02
76.03
76.03
76.03
76.03
76.03
76.05
76.05
76.06
76.06
76.05
76.05
76.07
76.05
76.05
76.06
76.08
76.08
76.06
76.05
76.05
76.08
76.09
76.08
76.08
76.08
76.07
76.08
76.11
76.11
76.12
76.11
76.10
76.09
76.07
76.09
76.07
76.05
76.06
76.04
76.06
76.04
76.06
76.06
76.07
76.09
76.10
76.08
76.10
76.10
76.08
76.08
76.09
76.08
76.06
76.07
76.08
76.07
76.08
76.10
76.09
76.09
76.08
76.08
76.07
76.07
76.07
76.08
76.10
76.11
76.12
76.11
76.12
76.12
76.12
76.11
76.12
76.12
76.12
76.13
76.12
76.12
76.11
76.12
76.12
76.13
76.13
76.15
76.17
76.18
76.16
76.16
76.17
76.18
76.15
76.14
76.15
76.16
76.15
76.16
76.17
76.16
76.16
76.16
76.19
76.19
76.19
76.18
76.18
76.20
76.18
76.18
76.19
76.20
76.18
76.18
76.20
76.19
76.20
76.20
76.20
76.19
76.21
76.21
76.21
76.21
76.21
76.19
76.20
76.19
76.18
76.18
76.18
76.17
76.17
76.18
76.18
76.18
76.18
76.19
76.20
76.19
76.19
76.20
76.21
76.21
76.21
76.21
76.20
76.20
76.19
76.21
76.20
76.21
76.22
76.22
76.22
76.22
76.23
76.23
76.21
76.21
76.22
76.21
76.21
76.22
76.23
76.23
76.22
76.21
76.21
76.20
76.20
76.20
76.18
76.18
76.19
76.19
76.18
76.18
76.18
76.19
76.19
76.18
76.19
76.18
76.18
76.17
76.17
76.17
76.18
76.18
76.17
76.16
76.17
76.18
76.18
76.19
76.20
76.22
76.22
76.23
76.22
76.22
76.22
76.23
76.22
76.21
76.19
76.19
76.19
76.18
76.18
76.17
76.16
76.13
76.13
76.13
76.13
76.13
76.13
76.13
76.11
76.11
76.11
76.10
76.11
76.11
76.11
76.11
76.10
76.11
76.11
76.11
76.10
76.11
76.12
76.12
76.11
76.11
76.11
76.12
76.12
76.13
76.13
76.11
76.12
76.10
76.10
76.10
76.09
76.10
76.08
76.08
76.08
76.09
76.08
76.08
76.08
76.08
76.07
76.07
76.07
76.07
76.07
76.09
76.09
76.09
76.09
76.10
76.09
76.10
76.10
76.09
76.11
76.10
76.10
76.11
76.11
76.11
76.12
76.12
76.10
76.11
76.11
76.11
76.12
76.12
76.12
76.12
76.11
76.11
76.12
76.12
76.12
76.12
76.12
76.11
76.11
76.03
