76.56
83.59
83.85
81.64
81.25
80.47
80.36
79.69
79.34
78.12
77.70
76.95
76.08
75.67
75.83
75.88
76.01
76.04
75.90
75.55
75.00
74.86
74.93
75.33
75.38
75.42
75.35
75.33
75.43
75.36
75.50
75.73
75.52
75.64
75.49
75.65
75.72
75.86
76.08
76.21
76.37
76.41
76.27
76.21
76.25
76.32
76.30
76.20
76.08
76.00
76.23
76.11
76.06
75.93
75.82
75.70
75.63
75.67
75.85
75.89
75.95
75.98
76.02
76.03
76.15
76.07
75.98
76.08
76.15
76.29
76.36
76.37
76.33
76.33
76.29
76.34
76.40
76.42
76.42
76.46
76.50
76.52
76.54
76.51
76.53
76.47
76.38
76.42
76.42
76.39
76.46
76.49
76.58
76.60
76.51
76.55
76.59
76.64
76.61
76.48
76.47
76.44
76.33
76.32
76.29
76.34
76.36
76.27
76.35
76.35
76.37
76.35
76.36
76.37
76.37
76.35
76.39
76.35
76.34
76.38
76.38
76.42
76.45
76.40
76.36
76.46
76.48
76.42
76.45
76.44
76.40
76.41
76.40
76.36
76.39
76.31
76.28
76.22
76.21
76.19
76.21
76.24
76.22
76.27
76.20
76.22
76.26
76.26
76.20
76.25
76.28
76.25
76.28
76.33
76.36
76.30
76.31
76.34
76.34
76.27
76.26
76.23
76.24
76.30
76.34
76.32
76.24
76.26
76.22
76.21
76.23
76.18
76.17
76.20
76.21
76.21
76.16
76.16
76.12
76.06
76.13
76.10
76.12
76.10
76.11
76.13
76.13
76.13
76.10
76.09
76.10
76.11
76.11
76.10
76.11
76.10
76.10
76.09
76.07
76.09
76.08
76.12
76.15
76.12
76.11
76.11
76.11
76.15
76.19
76.22
76.22
76.25
76.23
76.23
76.25
76.27
76.27
76.29
76.24
76.22
76.22
76.21
76.20
76.21
76.19
76.19
76.19
76.17
76.17
76.20
76.24
76.25
76.27
76.28
76.26
76.28
76.27
76.24
76.26
76.28
76.28
76.28
76.30
76.29
76.27
76.26
76.27
76.26
76.27
76.25
76.21
76.22
76.22
76.17
76.16
76.14
76.17
76.16
76.13
76.12
76.13
76.15
76.13
76.14
76.13
76.15
76.12
76.14
76.14
76.15
76.16
76.15
76.16
76.13
76.14
76.13
76.14
76.12
76.09
76.10
76.11
76.08
76.08
76.07
76.07
76.04
76.07
76.12
76.12
76.13
76.10
76.11
76.09
76.09
76.06
76.06
76.05
76.04
76.05
76.04
76.01
76.03
76.03
76.01
75.99
75.97
75.97
75.97
76.00
76.03
76.04
76.04
76.04
76.04
76.03
76.03
76.00
75.99
76.00
76.01
76.03
76.02
76.03
76.03
76.05
76.04
76.04
76.06
76.03
76.04
76.03
76.03
76.04
76.03
76.01
76.01
76.01
76.01
76.01
76.02
76.00
76.04
76.03
76.04
76.05
76.03
76.03
76.04
76.05
76.03
76.04
76.04
76.04
76.03
76.01
75.99
75.98
76.00
76.00
75.99
75.98
75.95
75.96
75.97
75.97
75.99
75.98
75.97
75.98
75.96
75.97
75.97
75.96
75.95
75.96
75.96
75.96
75.96
75.96
75.94
75.96
75.95
75.95
75.93
75.92
75.93
75.92
75.91
75.92
75.89
75.88
75.88
75.89
75.88
75.88
75.89
75.88
75.87
75.90
75.90
75.92
75.94
75.93
75.94
75.93
75.92
75.94
75.95
75.95
75.95
75.96
75.97
75.98
75.98
75.98
75.97
75.96
75.97
75.98
75.97
75.96
75.95
75.97
75.98
75.99
75.99
76.01
76.04
76.03
76.02
75.99
76.01
76.01
76.03
76.03
76.04
76.04
76.03
76.02
76.00
75.98
75.99
76.00
76.03
76.05
76.04
76.06
76.06
76.08
76.06
76.06
76.08
76.07
76.07
76.07
76.06
76.05
76.05
76.04
76.04
76.06
76.05
76.06
76.06
76.07
76.06
76.06
76.06
76.04
76.02
76.04
76.03
76.00
76.01
76.02
75.99
76.01
76.03
76.03
76.02
76.03
76.03
76.03
76.04
76.04
76.04
76.03
76.01
76.02
76.03
76.03
76.04
76.03
76.02
76.01
76.02
76.03
76.03
76.05
76.02
76.04
76.02
76.03
76.04
76.03
76.03
76.03
76.02
76.03
76.02
76.01
76.03
76.02
76.03
76.03
76.04
76.05
76.04
76.04
76.06
76.06
76.07
76.06
76.06
76.07
76.08
76.06
76.05
76.03
76.04
76.03
76.04
76.03
76.03
76.04
76.03
76.04
76.05
76.05
76.05
76.07
76.08
76.09
76.08
76.07
76.06
76.06
76.06
76.07
76.09
76.10
76.09
76.10
76.11
76.11
76.11
76.12
76.11
76.12
76.13
76.12
76.13
76.15
76.14
76.12
76.12
76.14
76.14
76.13
76.13
76.14
76.13
76.12
76.12
76.12
76.12
76.12
76.13
76.13
76.13
76.11
76.12
76.12
76.12
76.11
76.11
76.10
76.11
76.12
76.12
76.12
76.12
76.13
76.12
76.11
76.11
76.12
76.12
76.10
76.11
76.11
76.11
76.11
76.11
76.10
76.09
76.09
76.09
76.10
76.10
76.11
76.10
76.10
76.08
76.07
76.07
76.08
76.08
76.08
76.09
76.10
76.10
76.09
76.09
76.08
76.09
76.09
76.08
76.08
76.10
76.10
76.11
76.11
76.11
76.12
76.11
76.11
76.11
76.11
76.12
76.12
76.11
76.11
76.11
76.13
76.13
76.14
76.15
76.14
76.16
76.16
76.16
76.16
76.15
76.16
76.17
76.17
76.18
76.18
76.18
76.19
76.20
76.19
76.20
76.21
76.20
76.19
76.20
76.21
76.21
76.20
76.21
76.20
76.20
76.22
76.19
76.20
76.19
76.19
76.19
76.20
76.21
76.19
76.18
76.20
76.20
76.21
76.21
76.20
76.20
76.21
76.21
76.22
76.23
76.23
76.23
76.22
76.22
76.23
76.21
76.20
76.21
76.20
76.21
76.20
76.22
76.22
76.21
76.22
76.22
76.22
76.21
76.21
76.21
76.21
76.22
76.21
76.23
76.21
76.22
76.22
76.21
76.19
76.19
76.19
76.19
76.19
76.19
76.19
76.19
76.20
76.20
76.20
76.20
76.20
76.20
76.19
76.17
76.16
76.15
76.14
76.14
76.13
76.11
76.12
76.12
76.12
76.12
76.12
76.12
76.13
76.13
76.13
76.13
76.14
76.14
76.15
76.14
76.13
76.12
76.13
76.14
76.13
76.12
76.11
76.11
76.13
76.14
76.15
76.15
76.15
76.16
76.16
76.16
76.16
76.16
76.16
76.15
76.15
76.15
76.15
76.08
