79.69
82.03
80.73
79.30
79.06
77.34
76.12
75.78
76.39
76.25
75.99
75.39
75.24
75.22
75.10
75.20
74.91
74.74
74.59
74.84
75.22
75.07
75.14
75.00
75.31
75.48
75.58
75.73
75.54
75.52
75.40
75.59
75.76
75.87
75.89
75.91
75.80
75.95
76.04
76.25
76.22
76.30
76.13
76.10
76.08
76.19
76.26
76.33
76.37
76.44
76.56
76.44
76.42
76.33
76.22
76.09
76.34
76.37
76.27
76.33
76.43
76.41
76.46
76.54
76.37
76.37
76.38
76.29
76.20
76.29
76.17
76.32
76.37
76.33
76.31
76.36
76.20
76.30
76.42
76.35
76.35
76.39
76.47
76.49
76.45
76.44
76.42
76.47
76.44
76.39
76.29
76.22
76.16
76.13
76.09
76.12
76.14
76.23
76.29
76.33
76.35
76.38
76.40
76.43
76.44
76.43
76.40
76.37
76.42
76.39
76.41
76.40
76.38
76.37
76.30
76.33
76.36
76.38
76.39
76.46
76.55
76.52
76.41
76.40
76.47
76.50
76.48
76.48
76.41
76.37
76.34
76.33
76.35
76.31
76.34
76.41
76.33
76.34
76.29
76.32
76.33
76.34
76.32
76.29
76.34
76.39
76.36
76.36
76.34
76.35
76.38
76.35
76.35
76.32
76.33
76.31
76.32
76.31
76.28
76.19
76.20
76.18
76.20
76.17
76.18
76.23
76.24
76.26
76.32
76.31
76.30
76.33
76.36
76.37
76.39
76.45
76.40
76.42
76.44
76.46
76.42
76.44
76.43
76.42
76.39
76.34
76.35
76.37
76.32
76.27
76.23
76.21
76.18
76.18
76.17
76.20
76.19
76.17
76.13
76.13
76.14
76.14
76.16
76.15
76.13
76.15
76.16
76.18
76.14
76.15
76.13
76.12
76.18
76.15
76.17
76.12
76.16
76.16
76.15
76.14
76.18
76.17
76.16
76.22
76.22
76.22
76.21
76.21
76.17
76.18
76.17
76.17
76.21
76.24
76.22
76.22
76.20
76.21
76.14
76.14
76.14
76.14
76.14
76.13
76.13
76.14
76.15
76.16
76.15
76.19
76.13
76.12
76.15
76.16
76.16
76.17
76.17
76.21
76.21
76.21
76.21
76.20
76.19
76.20
76.18
76.23
76.22
76.22
76.21
76.24
76.22
76.21
76.19
76.17
76.19
76.18
76.21
76.20
76.20
76.22
76.20
76.17
76.18
76.17
76.19
76.20
76.22
76.23
76.24
76.22
76.22
76.21
76.20
76.21
76.21
76.17
76.17
76.12
76.11
76.12
76.14
76.15
76.16
76.17
76.14
76.15
76.18
76.17
76.16
76.15
76.15
76.16
76.17
76.17
76.17
76.17
76.18
76.16
76.17
76.17
76.17
76.19
76.19
76.19
76.20
76.16
76.16
76.17
76.17
76.16
76.16
76.13
76.14
76.15
76.15
76.15
76.14
76.11
76.11
76.13
76.11
76.11
76.11
76.10
76.13
76.14
76.17
76.16
76.17
76.19
76.20
76.21
76.20
76.21
76.20
76.19
76.18
76.17
76.18
76.18
76.19
76.19
76.21
76.22
76.21
76.20
76.20
76.19
76.18
76.18
76.19
76.18
76.16
76.17
76.16
76.13
76.12
76.14
76.12
76.11
76.13
76.13
76.13
76.14
76.14
76.14
76.11
76.09
76.07
76.06
76.06
76.06
76.05
76.04
76.04
76.05
76.05
76.03
76.04
76.05
76.04
76.06
76.06
76.06
76.06
76.05
76.04
76.04
76.02
76.00
76.00
76.01
76.04
76.03
76.03
76.03
76.05
76.05
76.04
76.05
76.04
76.05
76.05
76.03
76.01
76.00
76.01
76.01
76.02
76.03
76.03
76.03
76.04
76.04
76.02
76.02
76.03
76.04
76.05
76.03
76.01
76.02
76.02
76.03
76.03
76.03
76.04
76.05
76.05
76.06
76.06
76.05
76.05
76.04
76.02
76.02
76.02
76.01
76.02
76.02
76.04
76.02
76.02
76.04
76.05
76.04
76.03
76.04
76.03
76.02
76.02
76.03
76.04
76.04
76.05
76.05
76.03
76.02
76.02
76.03
76.02
76.02
76.04
76.04
76.06
76.08
76.08
76.07
76.07
76.06
76.06
76.06
76.05
76.05
76.04
76.04
76.04
76.05
76.04
76.05
76.03
76.03
76.04
76.04
76.02
76.02
76.01
76.01
76.00
76.00
76.01
76.01
75.98
75.97
75.96
75.98
75.97
75.97
75.97
75.98
75.96
75.97
75.98
75.99
76.00
76.00
75.98
75.98
75.96
75.96
75.97
75.98
75.99
75.99
76.01
75.99
75.98
75.99
75.99
75.98
75.98
75.99
76.00
76.01
76.00
75.99
76.00
76.00
76.00
76.00
76.01
76.02
76.02
76.04
76.04
76.04
76.04
76.04
76.03
76.02
76.02
76.03
76.04
76.06
76.05
76.04
76.04
76.06
76.07
76.07
76.08
76.08
76.09
76.11
76.11
76.09
76.10
76.10
76.11
76.10
76.11
76.12
76.13
76.11
76.11
76.12
76.12
76.12
76.10
76.10
76.10
76.10
76.10
76.11
76.11
76.10
76.11
76.11
76.11
76.11
76.12
76.12
76.12
76.12
76.12
76.13
76.13
76.13
76.14
76.15
76.16
76.16
76.15
76.14
76.14
76.15
76.15
76.15
76.14
76.13
76.13
76.14
76.13
76.13
76.13
76.11
76.11
76.11
76.11
76.13
76.14
76.14
76.13
76.15
76.16
76.16
76.15
76.16
76.16
76.16
76.17
76.17
76.17
76.17
76.16
76.16
76.16
76.16
76.15
76.17
76.17
76.16
76.17
76.16
76.17
76.17
76.15
76.14
76.14
76.15
76.14
76.14
76.15
76.14
76.14
76.14
76.13
76.13
76.13
76.14
76.14
76.13
76.14
76.15
76.15
76.15
76.16
76.17
76.17
76.17
76.17
76.17
76.16
76.16
76.16
76.15
76.14
76.14
76.14
76.14
76.15
76.15
76.16
76.15
76.14
76.14
76.15
76.16
76.17
76.16
76.16
76.16
76.16
76.18
76.17
76.18
76.17
76.16
76.16
76.17
76.16
76.15
76.14
76.14
76.13
76.12
76.12
76.13
76.13
76.13
76.14
76.14
76.14
76.14
76.14
76.13
76.13
76.15
76.15
76.15
76.15
76.16
76.16
76.17
76.17
76.16
76.16
76.16
76.15
76.16
76.15
76.17
76.17
76.17
76.17
76.16
76.16
76.17
76.17
76.16
76.18
76.18
76.17
76.17
76.16
76.15
76.16
76.16
76.17
76.16
76.17
76.17
76.16
76.16
76.17
76.17
76.17
76.17
76.16
76.16
76.18
76.18
76.18
76.17
76.16
76.16
76.16
76.16
76.16
76.15
76.14
76.07
