84.38
83.59
78.12
77.73
76.88
76.30
76.12
75.59
75.87
75.78
76.14
75.52
75.60
75.56
75.73
75.20
74.82
74.48
74.75
74.84
74.85
74.86
75.00
74.67
74.75
74.04
73.61
73.33
73.22
73.39
73.19
73.39
73.72
73.71
73.97
73.70
73.82
73.60
73.76
73.83
73.82
73.74
73.98
73.97
73.92
74.08
74.00
73.89
73.95
74.03
74.14
74.10
74.06
74.22
74.23
74.36
74.34
74.43
74.39
74.48
74.49
74.70
74.68
74.58
74.62
74.79
74.81
74.84
74.91
75.00
75.07
75.07
75.19
75.23
75.29
75.29
75.28
75.22
75.32
75.29
75.48
75.50
75.51
75.50
75.50
75.42
75.45
75.43
75.42
75.52
75.57
75.63
75.67
75.70
75.66
75.78
75.77
75.91
76.04
75.97
75.90
75.92
75.96
75.96
75.94
75.93
75.98
75.94
76.02
76.04
76.03
76.10
76.13
76.14
76.15
76.14
76.12
76.11
76.05
75.98
76.01
76.01
76.03
76.06
76.10
76.05
76.07
76.03
75.97
75.97
76.01
76.05
76.10
76.15
76.16
76.18
76.21
76.23
76.23
76.21
76.20
76.20
76.18
76.17
76.15
76.12
76.14
76.13
76.09
76.11
76.15
76.17
76.15
76.12
76.08
76.07
76.06
76.06
76.07
76.11
76.14
76.16
76.18
76.17
76.14
76.18
76.24
76.25
76.27
76.25
76.23
76.28
76.35
76.37
76.38
76.39
76.37
76.33
76.34
76.36
76.38
76.41
76.40
76.38
76.34
76.31
76.34
76.36
76.32
76.32
76.28
76.26
76.26
76.26
76.27
76.25
76.25
76.26
76.30
76.29
76.31
76.30
76.22
76.23
76.17
76.15
76.13
76.10
76.08
76.09
76.08
76.08
76.08
76.04
76.04
76.06
76.05
76.05
76.03
75.99
75.97
75.96
75.96
75.94
75.95
75.97
75.96
75.96
75.90
75.86
75.87
75.90
75.94
75.95
75.98
76.01
76.04
76.06
76.08
76.04
76.04
76.07
76.08
76.09
76.14
76.18
76.15
76.15
76.14
76.11
76.13
76.12
76.14
76.12
76.12
76.09
76.07
76.07
76.10
76.12
76.16
76.15
76.14
76.15
76.17
76.16
76.18
76.16
76.16
76.14
76.12
76.10
76.09
76.07
76.10
76.11
76.12
76.14
76.15
76.13
76.14
76.11
76.08
76.05
76.04
76.04
76.02
75.98
76.01
76.00
76.02
76.01
76.00
76.00
76.00
75.99
75.98
76.00
75.97
75.97
75.94
75.94
75.95
75.96
75.95
75.96
75.96
75.97
75.96
75.96
75.97
75.93
75.93
75.95
75.94
75.93
75.95
75.98
75.97
76.00
75.98
75.99
76.02
75.98
75.98
75.95
75.95
75.93
75.92
75.89
75.91
75.89
75.92
75.94
75.96
75.97
75.97
75.98
75.94
75.94
75.95
75.96
75.96
75.94
75.93
75.93
75.93
75.95
75.96
75.95
75.96
75.95
75.96
75.96
75.99
75.99
75.97
75.96
75.98
75.99
75.98
76.00
76.02
76.01
75.99
76.01
76.04
76.07
76.07
76.07
76.06
76.03
76.03
76.00
76.03
76.01
76.02
76.00
75.99
75.97
75.98
75.97
75.98
75.98
76.00
75.98
75.97
75.97
75.98
75.97
75.98
75.98
75.97
75.97
75.96
75.95
75.93
75.92
75.92
75.93
75.95
75.94
75.95
75.96
75.93
75.93
75.93
75.92
75.92
75.91
75.90
75.91
75.91
75.88
75.88
75.88
75.87
75.87
75.86
75.87
75.86
75.87
75.86
75.87
75.88
75.89
75.89
75.88
75.88
75.87
75.87
75.88
75.88
75.88
75.89
75.89
75.88
75.89
75.89
75.89
75.89
75.91
75.90
75.90
75.90
75.92
75.93
75.93
75.94
75.94
75.93
75.95
75.96
75.97
75.96
75.95
75.97
75.96
75.98
75.97
75.96
75.96
75.96
75.97
75.98
75.98
75.99
75.98
75.99
75.97
75.98
75.97
75.96
75.96
75.97
75.98
75.98
75.99
75.96
75.96
75.95
75.94
75.94
75.96
75.97
75.97
75.98
75.98
75.97
75.97
75.97
75.99
75.98
75.97
75.98
75.99
76.00
75.98
76.00
76.00
76.02
76.02
76.00
76.00
76.01
75.99
75.97
75.98
76.00
76.00
76.02
76.02
76.01
76.01
76.01
76.01
76.01
76.01
76.00
75.99
76.00
75.99
76.00
75.99
75.97
76.00
76.00
76.00
76.00
76.01
76.02
76.01
76.03
76.04
76.05
76.05
76.05
76.05
76.04
76.04
76.04
76.05
76.05
76.05
76.05
76.04
76.03
76.04
76.05
76.06
76.06
76.07
76.06
76.06
76.06
76.05
76.05
76.04
76.03
76.02
76.02
76.03
76.04
76.03
76.02
76.02
76.01
76.03
76.03
76.04
76.02
76.01
76.01
76.01
76.01
76.01
75.99
75.99
75.99
75.99
76.00
76.00
76.00
76.01
76.01
76.01
76.02
76.03
76.03
76.02
76.01
76.01
76.01
76.00
76.01
76.00
75.99
75.96
75.95
75.96
75.95
75.96
75.97
75.95
75.95
75.97
75.98
75.96
75.94
75.96
75.96
75.97
75.97
75.96
75.96
75.96
75.97
75.98
75.98
75.98
75.99
76.00
76.01
76.00
75.98
75.98
75.98
75.98
75.98
75.98
75.99
75.97
75.99
75.98
75.99
76.00
76.00
76.01
76.02
76.03
76.03
76.03
76.03
76.02
76.02
76.03
76.02
76.01
76.01
76.02
76.01
76.02
76.03
76.03
76.03
76.04
76.03
76.03
76.04
76.03
76.04
76.04
76.02
76.02
76.02
76.03
76.02
76.02
76.03
76.03
76.04
76.05
76.05
76.06
76.06
76.06
76.07
76.07
76.07
76.06
76.06
76.06
76.05
76.05
76.04
76.04
76.05
76.04
76.05
76.05
76.05
76.04
76.04
76.04
76.04
76.05
76.03
76.05
76.05
76.05
76.05
76.05
76.07
76.07
76.06
76.06
76.06
76.05
76.05
76.06
76.06
76.05
76.05
76.04
76.03
76.04
76.03
76.02
76.03
76.04
76.05
76.04
76.05
76.04
76.04
76.04
76.05
76.05
76.04
76.04
76.05
76.05
76.06
76.05
76.05
76.04
76.05
76.06
76.06
76.06
76.07
76.07
76.08
76.09
76.09
76.08
76.09
76.09
76.10
76.09
76.10
76.11
76.10
76.09
76.08
76.09
76.09
76.09
76.08
76.09
76.08
76.09
76.08
76.08
76.09
76.09
76.08
76.07
76.05
76.05
76.04
76.04
76.04
76.03
76.03
76.02
76.03
76.04
76.05
76.05
76.05
75.98
