76.56
78.12
76.04
74.61
73.75
73.96
74.33
75.00
75.00
75.47
76.42
75.65
75.36
76.00
76.15
75.88
75.92
76.22
76.07
76.17
76.19
76.42
76.15
76.30
76.12
76.26
76.68
76.40
76.62
76.41
76.51
76.51
76.56
76.47
76.47
76.56
76.56
76.48
76.52
76.56
76.71
76.93
76.96
76.99
76.98
77.04
77.06
77.08
77.23
77.22
77.36
77.28
77.21
77.05
76.99
77.01
77.00
77.10
76.99
77.21
77.23
77.02
76.93
76.76
76.63
76.61
76.54
76.52
76.54
76.52
76.54
76.35
76.39
76.48
76.52
76.54
76.60
76.74
76.70
76.68
76.76
76.87
76.83
76.80
76.88
76.91
76.89
76.85
76.90
77.03
77.06
77.04
77.00
76.89
76.88
76.81
76.79
76.87
76.75
76.77
76.79
76.78
76.71
76.65
76.70
76.62
76.55
76.56
76.48
76.52
76.59
76.53
76.53
76.44
76.44
76.47
76.52
76.58
76.60
76.68
76.73
76.72
76.73
76.73
76.74
76.72
76.70
76.71
76.73
76.72
76.73
76.74
76.72
76.78
76.72
76.70
76.64
76.70
76.70
76.71
76.70
76.67
76.66
76.73
76.72
76.67
76.62
76.57
76.53
76.52
76.55
76.55
76.56
76.57
76.58
76.61
76.63
76.58
76.54
76.53
76.59
76.61
76.60
76.68
76.70
76.75
76.78
76.80
76.76
76.75
76.73
76.70
76.75
76.72
76.75
76.76
76.77
76.72
76.70
76.68
76.63
76.67
76.69
76.69
76.66
76.64
76.66
76.64
76.61
76.62
76.60
76.60
76.59
76.57
76.55
76.61
76.60
76.63
76.65
76.62
76.63
76.65
76.59
76.59
76.54
76.57
76.58
76.57
76.60
76.56
76.56
76.53
76.57
76.58
76.61
76.59
76.61
76.62
76.62
76.64
76.63
76.63
76.62
76.65
76.62
76.60
76.60
76.60
76.64
76.66
76.68
76.69
76.68
76.66
76.65
76.68
76.64
76.63
76.63
76.62
76.59
76.60
76.58
76.58
76.56
76.54
76.52
76.50
76.46
76.44
76.46
76.44
76.46
76.46
76.46
76.43
76.44
76.44
76.46
76.47
76.46
76.45
76.46
76.47
76.49
76.49
76.52
76.52
76.51
76.50
76.49
76.46
76.46
76.50
76.52
76.51
76.52
76.52
76.52
76.53
76.52
76.51
76.52
76.53
76.52
76.52
76.53
76.54
76.54
76.54
76.57
76.57
76.55
76.57
76.53
76.51
76.51
76.52
76.49
76.51
76.53
76.51
76.52
76.50
76.50
76.51
76.50
76.52
76.52
76.53
76.51
76.50
76.49
76.48
76.47
76.46
76.48
76.46
76.47
76.47
76.46
76.46
76.45
76.43
76.42
76.43
76.43
76.42
76.41
76.43
76.43
76.42
76.39
76.39
76.39
76.40
76.40
76.37
76.37
76.40
76.39
76.38
76.37
76.37
76.37
76.38
76.37
76.37
76.39
76.38
76.36
76.35
76.35
76.36
76.38
76.34
76.33
76.33
76.34
76.32
76.31
76.31
76.30
76.31
76.32
76.31
76.32
76.32
76.34
76.33
76.31
76.31
76.32
76.32
76.35
76.35
76.35
76.32
76.29
76.32
76.32
76.34
76.34
76.33
76.31
76.31
76.33
76.33
76.33
76.30
76.31
76.31
76.31
76.30
76.31
76.31
76.31
76.30
76.31
76.32
76.32
76.33
76.32
76.31
76.32
76.30
76.32
76.34
76.33
76.33
76.32
76.34
76.34
76.35
76.34
76.33
76.32
76.28
76.30
76.29
76.28
76.29
76.29
76.30
76.31
76.30
76.30
76.32
76.31
76.31
76.32
76.33
76.34
76.34
76.33
76.32
76.29
76.27
76.29
76.29
76.28
76.27
76.26
76.26
76.25
76.24
76.23
76.23
76.25
76.23
76.24
76.24
76.24
76.24
76.26
76.28
76.27
76.25
76.24
76.25
76.24
76.22
76.25
76.25
76.25
76.24
76.25
76.25
76.26
76.27
76.27
76.25
76.27
76.28
76.30
76.29
76.31
76.29
76.31
76.32
76.32
76.32
76.30
76.28
76.29
76.29
76.29
76.29
76.29
76.27
76.29
76.30
76.29
76.27
76.28
76.25
76.26
76.25
76.26
76.26
76.25
76.26
76.26
76.27
76.27
76.28
76.29
76.30
76.30
76.31
76.29
76.29
76.29
76.30
76.31
76.31
76.31
76.30
76.30
76.31
76.31
76.31
76.33
76.33
76.33
76.32
76.34
76.34
76.33
76.32
76.33
76.32
76.33
76.30
76.31
76.32
76.34
76.34
76.34
76.33
76.31
76.31
76.30
76.30
76.30
76.30
76.32
76.31
76.32
76.33
76.32
76.32
76.30
76.31
76.30
76.30
76.29
76.29
76.29
76.29
76.31
76.29
76.30
76.28
76.29
76.29
76.29
76.28
76.30
76.30
76.31
76.30
76.30
76.31
76.31
76.31
76.30
76.29
76.30
76.31
76.32
76.31
76.30
76.31
76.29
76.29
76.30
76.32
76.31
76.31
76.30
76.30
76.30
76.31
76.32
76.31
76.30
76.31
76.30
76.30
76.31
76.29
76.29
76.29
76.28
76.29
76.28
76.28
76.27
76.26
76.24
76.24
76.23
76.23
76.23
76.23
76.23
76.21
76.21
76.21
76.22
76.22
76.22
76.23
76.23
76.21
76.21
76.22
76.22
76.23
76.24
76.24
76.26
76.26
76.26
76.27
76.26
76.23
76.23
76.22
76.23
76.23
76.23
76.23
76.24
76.24
76.23
76.23
76.22
76.22
76.21
76.21
76.22
76.22
76.22
76.23
76.21
76.21
76.21
76.20
76.19
76.19
76.21
76.22
76.21
76.21
76.21
76.21
76.21
76.22
76.22
76.21
76.20
76.20
76.20
76.19
76.20
76.19
76.18
76.19
76.19
76.19
76.20
76.20
76.19
76.17
76.18
76.19
76.18
76.19
76.18
76.18
76.18
76.17
76.17
76.17
76.17
76.19
76.18
76.17
76.17
76.17
76.17
76.16
76.15
76.16
76.16
76.17
76.16
76.16
76.16
76.17
76.17
76.18
76.18
76.17
76.16
76.17
76.18
76.19
76.19
76.18
76.18
76.18
76.18
76.19
76.19
76.20
76.21
76.21
76.21
76.20
76.19
76.20
76.19
76.20
76.20
76.20
76.20
76.21
76.22
76.22
76.23
76.23
76.22
76.22
76.22
76.21
76.21
76.21
76.22
76.20
76.21
76.20
76.21
76.21
76.21
76.22
76.22
76.22
76.22
76.21
76.21
76.23
76.22
76.21
76.22
76.21
76.21
76.21
76.21
76.20
76.19
76.17
76.18
76.18
76.18
76.16
76.15
76.15
76.15
76.08
