73.44
75.00
76.04
77.73
77.19
75.26
74.11
74.02
73.78
73.91
74.43
74.61
74.88
74.89
75.21
75.49
75.55
75.17
74.84
75.31
75.52
75.43
75.61
75.39
75.38
75.48
75.52
75.56
75.48
75.42
75.55
75.73
75.62
75.51
75.62
75.48
75.46
75.29
75.36
75.43
75.42
75.56
75.62
75.53
75.45
75.34
75.40
75.26
75.13
75.44
75.49
75.57
75.65
75.52
75.65
75.70
75.71
75.89
75.90
75.91
75.92
76.01
75.97
76.10
76.06
75.99
75.79
75.60
75.66
75.69
75.68
75.74
75.71
75.74
75.81
75.80
75.79
75.84
75.83
75.86
75.87
75.86
75.94
75.89
75.97
75.84
75.74
75.76
75.68
75.71
75.65
75.53
75.52
75.60
75.61
75.55
75.63
75.65
75.63
75.62
75.67
75.63
75.64
75.65
75.60
75.59
75.57
75.65
75.62
75.61
75.58
75.67
75.71
75.73
75.82
75.74
75.79
75.85
75.77
75.76
75.68
75.64
75.65
75.66
75.69
75.68
75.66
75.70
75.76
75.61
75.57
75.56
75.60
75.54
75.58
75.63
75.57
75.58
75.58
75.62
75.59
75.58
75.61
75.63
75.62
75.61
75.60
75.60
75.64
75.61
75.54
75.51
75.51
75.52
75.54
75.58
75.62
75.56
75.57
75.55
75.54
75.57
75.59
75.62
75.62
75.59
75.57
75.60
75.55
75.62
75.63
75.65
75.68
75.66
75.70
75.67
75.70
75.66
75.66
75.70
75.75
75.77
75.73
75.75
75.66
75.64
75.64
75.68
75.78
75.80
75.80
75.80
75.81
75.81
75.87
75.88
75.86
75.85
75.90
75.92
75.91
75.87
75.89
75.87
75.84
75.85
75.82
75.78
75.76
75.75
75.70
75.64
75.65
75.64
75.62
75.57
75.59
75.59
75.59
75.59
75.59
75.60
75.61
75.63
75.63
75.61
75.65
75.66
75.63
75.58
75.55
75.54
75.56
75.56
75.52
75.50
75.51
75.53
75.51
75.51
75.51
75.53
75.51
75.53
75.55
75.56
75.60
75.60
75.57
75.58
75.57
75.54
75.57
75.59
75.60
75.60
75.61
75.63
75.63
75.64
75.66
75.64
75.67
75.67
75.65
75.62
75.60
75.60
75.60
75.60
75.59
75.58
75.59
75.65
75.63
75.62
75.60
75.58
75.59
75.58
75.56
75.57
75.56
75.59
75.61
75.62
75.63
75.65
75.65
75.67
75.66
75.66
75.67
75.67
75.64
75.64
75.64
75.64
75.67
75.67
75.68
75.70
75.69
75.69
75.68
75.66
75.66
75.70
75.70
75.74
75.74
75.75
75.79
75.77
75.73
75.70
75.68
75.69
75.71
75.72
75.72
75.74
75.75
75.73
75.75
75.75
75.77
75.78
75.77
75.75
75.76
75.74
75.76
75.76
75.77
75.78
75.79
75.81
75.81
75.82
75.82
75.83
75.82
75.80
75.79
75.80
75.80
75.82
75.82
75.81
75.82
75.83
75.84
75.84
75.82
75.84
75.86
75.85
75.83
75.82
75.80
75.80
75.82
75.82
75.83
75.84
75.84
75.84
75.86
75.87
75.86
75.86
75.87
75.85
75.88
75.87
75.87
75.86
75.88
75.88
75.88
75.87
75.85
75.82
75.82
75.81
75.82
75.83
75.83
75.83
75.86
75.83
75.84
75.85
75.86
75.86
75.87
75.91
75.91
75.92
75.94
75.94
75.96
75.95
75.96
75.97
75.98
76.00
75.99
75.99
76.00
76.03
76.01
76.01
76.02
76.03
76.04
76.04
76.03
76.04
76.04
76.01
76.03
76.02
76.00
76.00
76.00
76.00
75.98
75.97
75.98
75.97
75.97
75.99
75.98
75.99
75.97
76.00
75.99
75.98
75.98
75.99
75.98
75.99
76.00
76.02
76.01
76.01
76.01
76.00
76.03
76.02
76.00
75.98
75.98
75.99
76.00
76.01
76.02
76.02
76.02
76.03
76.03
76.04
76.04
76.06
76.06
76.06
76.08
76.08
76.08
76.09
76.08
76.07
76.06
76.07
76.05
76.05
76.05
76.04
76.05
76.05
76.05
76.03
76.03
76.03
76.02
76.03
76.04
76.06
76.05
76.04
76.05
76.05
76.06
76.06
76.06
76.07
76.06
76.08
76.09
76.09
76.09
76.10
76.10
76.07
76.07
76.07
76.07
76.07
76.07
76.08
76.09
76.10
76.09
76.09
76.11
76.12
76.09
76.09
76.09
76.07
76.06
76.06
76.04
76.05
76.07
76.08
76.07
76.08
76.07
76.07
76.07
76.07
76.06
76.05
76.06
76.04
76.05
76.05
76.05
76.06
76.06
76.06
76.07
76.07
76.07
76.07
76.08
76.07
76.07
76.07
76.08
76.08
76.07
76.08
76.08
76.09
76.09
76.09
76.08
76.07
76.07
76.08
76.09
76.10
76.10
76.11
76.11
76.09
76.09
76.10
76.11
76.10
76.11
76.10
76.09
76.09
76.08
76.07
76.08
76.09
76.07
76.08
76.10
76.11
76.13
76.13
76.12
76.12
76.11
76.12
76.10
76.11
76.11
76.12
76.11
76.12
76.11
76.13
76.14
76.14
76.15
76.16
76.14
76.14
76.16
76.15
76.16
76.16
76.16
76.16
76.16
76.16
76.15
76.15
76.13
76.12
76.13
76.14
76.15
76.16
76.16
76.15
76.17
76.16
76.16
76.15
76.14
76.15
76.14
76.14
76.15
76.17
76.17
76.18
76.18
76.19
76.19
76.20
76.20
76.19
76.20
76.21
76.20
76.20
76.21
76.21
76.22
76.22
76.22
76.22
76.22
76.22
76.23
76.23
76.22
76.24
76.24
76.24
76.23
76.23
76.24
76.25
76.26
76.27
76.27
76.28
76.28
76.28
76.27
76.26
76.26
76.27
76.25
76.24
76.24
76.23
76.24
76.22
76.23
76.23
76.23
76.24
76.25
76.23
76.24
76.24
76.24
76.24
76.23
76.24
76.24
76.24
76.26
76.25
76.24
76.24
76.24
76.25
76.25
76.26
76.26
76.25
76.26
76.26
76.27
76.27
76.27
76.26
76.26
76.25
76.25
76.25
76.26
76.27
76.27
76.27
76.28
76.27
76.27
76.27
76.28
76.26
76.26
76.25
76.25
76.24
76.25
76.24
76.25
76.26
76.24
76.24
76.24
76.23
76.25
76.24
76.26
76.26
76.25
76.24
76.24
76.24
76.22
76.22
76.21
76.21
76.20
76.19
76.19
76.18
76.18
76.19
76.18
76.18
76.19
76.20
76.18
76.17
76.18
76.17
76.18
76.17
76.17
76.17
76.17
76.17
76.17
76.16
76.14
76.16
76.15
76.14
76.16
76.15
76.16
76.15
76.15
76.14
76.14
76.07
