73.44
77.34
76.04
71.48
72.81
73.18
72.77
72.66
73.09
73.28
73.44
73.70
74.52
74.89
74.27
74.90
74.72
75.35
75.25
75.47
75.89
75.85
75.88
75.59
75.31
75.06
75.06
75.06
74.84
75.10
75.45
75.39
75.28
75.55
75.62
75.91
75.76
75.74
75.76
75.70
75.27
75.30
75.18
75.32
75.17
75.07
75.00
74.97
74.90
74.84
74.88
74.79
74.62
74.68
74.86
74.97
75.08
75.24
75.34
75.34
75.41
75.35
75.35
75.29
75.29
75.36
75.33
75.53
75.61
75.67
75.75
75.78
75.79
75.84
75.73
75.84
75.81
75.86
75.85
75.76
75.71
75.72
75.66
75.73
75.81
75.82
75.84
75.73
75.72
75.71
75.65
75.73
75.76
75.76
75.77
75.73
75.84
75.80
75.93
76.02
75.94
75.97
76.00
75.95
75.91
75.99
75.96
76.01
76.02
76.02
76.00
75.96
75.91
75.85
75.84
75.74
75.73
75.74
75.76
75.72
75.74
75.82
75.88
75.82
75.80
75.76
75.73
75.74
75.63
75.58
75.55
75.59
75.65
75.70
75.67
75.68
75.64
75.61
75.53
75.54
75.55
75.59
75.60
75.61
75.65
75.66
75.68
75.60
75.63
75.59
75.63
75.58
75.58
75.58
75.60
75.59
75.55
75.60
75.60
75.51
75.47
75.46
75.46
75.49
75.49
75.48
75.47
75.42
75.40
75.43
75.41
75.42
75.46
75.43
75.44
75.46
75.48
75.51
75.52
75.49
75.53
75.57
75.56
75.58
75.57
75.55
75.53
75.55
75.58
75.58
75.52
75.56
75.57
75.60
75.66
75.71
75.75
75.77
75.77
75.82
75.86
75.89
75.94
75.97
75.97
75.97
75.99
75.96
75.93
75.91
75.91
75.91
75.90
75.90
75.92
75.96
75.92
75.88
75.90
75.89
75.93
75.93
75.93
75.94
75.92
75.95
75.91
75.93
75.94
75.94
75.94
75.97
75.93
75.97
75.97
75.99
75.97
75.96
76.00
76.02
76.00
75.99
76.03
76.04
76.01
76.03
76.05
76.05
76.03
76.01
76.05
76.06
76.05
76.04
76.01
76.00
75.97
75.96
75.98
75.99
75.97
75.95
75.95
75.95
75.97
76.02
76.02
76.06
76.09
76.11
76.10
76.07
76.06
76.07
76.08
76.09
76.09
76.10
76.11
76.11
76.10
76.08
76.09
76.09
76.10
76.08
76.09
76.11
76.10
76.09
76.07
76.04
76.07
76.05
76.04
76.04
76.02
76.02
76.03
76.03
76.02
76.02
76.03
76.01
76.05
76.04
76.05
76.03
76.04
76.08
76.04
76.03
76.06
76.07
76.07
76.07
76.08
76.11
76.10
76.11
76.09
76.09
76.08
76.12
76.11
76.10
76.08
76.07
76.08
76.07
76.08
76.10
76.12
76.11
76.11
76.10
76.08
76.06
76.10
76.09
76.11
76.12
76.12
76.11
76.11
76.11
76.10
76.10
76.11
76.10
76.09
76.09
76.10
76.11
76.13
76.15
76.16
76.14
76.14
76.12
76.14
76.15
76.18
76.18
76.18
76.20
76.18
76.19
76.19
76.20
76.19
76.18
76.18
76.18
76.18
76.18
76.17
76.19
76.21
76.22
76.23
76.23
76.22
76.20
76.21
76.21
76.22
76.22
76.20
76.17
76.18
76.20
76.18
76.16
76.16
76.16
76.16
76.18
76.17
76.17
76.18
76.20
76.21
76.21
76.21
76.22
76.24
76.23
76.23
76.21
76.22
76.24
76.25
76.26
76.25
76.25
76.24
76.24
76.23
76.23
76.22
76.18
76.19
76.20
76.20
76.20
76.19
76.18
76.17
76.19
76.15
76.18
76.18
76.18
76.17
76.17
76.16
76.14
76.14
76.14
76.16
76.16
76.16
76.16
76.18
76.18
76.18
76.20
76.18
76.16
76.17
76.17
76.18
76.18
76.17
76.17
76.17
76.16
76.18
76.18
76.19
76.19
76.17
76.17
76.18
76.19
76.18
76.17
76.17
76.17
76.17
76.18
76.19
76.18
76.19
76.21
76.19
76.19
76.21
76.22
76.21
76.24
76.25
76.25
76.26
76.27
76.24
76.25
76.26
76.24
76.24
76.24
76.25
76.23
76.23
76.23
76.23
76.23
76.24
76.26
76.25
76.25
76.25
76.25
76.24
76.25
76.25
76.23
76.23
76.22
76.22
76.20
76.21
76.21
76.21
76.19
76.18
76.20
76.18
76.16
76.16
76.16
76.15
76.15
76.15
76.14
76.14
76.15
76.15
76.15
76.14
76.13
76.15
76.15
76.16
76.15
76.16
76.16
76.16
76.16
76.17
76.18
76.18
76.18
76.18
76.19
76.17
76.16
76.17
76.16
76.17
76.16
76.15
76.13
76.12
76.12
76.12
76.11
76.11
76.12
76.12
76.11
76.11
76.12
76.12
76.12
76.12
76.12
76.12
76.11
76.11
76.11
76.12
76.11
76.13
76.12
76.11
76.11
76.11
76.12
76.12
76.11
76.11
76.12
76.12
76.13
76.12
76.12
76.12
76.12
76.12
76.12
76.11
76.12
76.13
76.12
76.13
76.13
76.13
76.13
76.14
76.14
76.14
76.15
76.14
76.14
76.15
76.14
76.15
76.14
76.14
76.14
76.14
76.14
76.14
76.14
76.14
76.14
76.14
76.14
76.14
76.15
76.15
76.13
76.15
76.15
76.13
76.13
76.13
76.13
76.12
76.12
76.12
76.13
76.12
76.13
76.14
76.14
76.14
76.14
76.14
76.14
76.13
76.14
76.14
76.13
76.14
76.14
76.15
76.14
76.15
76.15
76.15
76.15
76.15
76.16
76.15
76.14
76.14
76.13
76.11
76.12
76.12
76.11
76.09
76.11
76.12
76.11
76.11
76.11
76.10
76.10
76.10
76.11
76.11
76.10
76.10
76.11
76.11
76.11
76.11
76.12
76.13
76.13
76.15
76.15
76.15
76.15
76.15
76.15
76.16
76.17
76.18
76.18
76.19
76.18
76.18
76.17
76.16
76.16
76.16
76.15
76.14
76.15
76.15
76.15
76.16
76.17
76.17
76.16
76.15
76.15
76.15
76.14
76.15
76.15
76.16
76.14
76.15
76.17
76.16
76.17
76.18
76.18
76.20
76.20
76.20
76.21
76.20
76.21
76.19
76.19
76.20
76.20
76.20
76.20
76.19
76.19
76.20
76.21
76.20
76.19
76.19
76.19
76.20
76.19
76.18
76.17
76.18
76.18
76.18
76.17
76.17
76.15
76.14
76.15
76.14
76.14
76.14
76.14
76.13
76.12
76.12
76.11
76.11
76.12
76.12
76.12
76.12
76.11
76.11
76.12
76.12
76.11
76.11
76.11
76.10
76.12
76.12
76.13
76.13
76.06
