76.56
70.31
72.40
73.05
73.12
73.70
73.66
73.63
73.61
72.81
72.73
73.57
73.68
74.78
74.58
74.32
74.36
74.39
73.93
74.14
74.63
74.72
75.27
75.33
75.50
75.54
75.35
75.39
75.22
75.21
75.05
75.44
75.52
75.28
75.18
75.39
75.72
75.74
75.72
75.78
75.91
76.12
75.94
76.07
76.04
76.09
76.20
76.27
76.28
76.22
76.23
76.29
76.30
76.39
76.59
76.65
76.56
76.67
76.51
76.28
76.15
76.18
76.14
76.22
76.25
76.18
76.38
76.47
76.54
76.52
76.50
76.41
76.31
76.37
76.40
76.40
76.42
76.50
76.68
76.70
76.76
76.79
76.84
76.77
76.80
76.87
76.92
76.88
76.83
76.63
76.68
76.68
76.65
76.65
76.64
76.64
76.71
76.64
76.56
76.58
76.59
76.58
76.61
76.58
76.58
76.55
76.61
76.61
76.65
76.56
76.56
76.56
76.59
76.56
76.58
76.60
76.60
76.60
76.60
76.58
76.59
76.63
76.61
76.54
76.53
76.49
76.50
76.48
76.43
76.41
76.44
76.49
76.46
76.41
76.35
76.32
76.37
76.36
76.39
76.43
76.41
76.41
76.35
76.42
76.43
76.41
76.35
76.32
76.31
76.33
76.30
76.37
76.36
76.36
76.42
76.44
76.47
76.51
76.46
76.53
76.52
76.49
76.48
76.51
76.54
76.53
76.53
76.51
76.45
76.42
76.37
76.39
76.40
76.40
76.36
76.31
76.28
76.23
76.27
76.26
76.30
76.29
76.28
76.29
76.24
76.18
76.20
76.20
76.23
76.23
76.24
76.25
76.25
76.27
76.25
76.26
76.25
76.24
76.22
76.21
76.24
76.24
76.23
76.25
76.27
76.24
76.28
76.27
76.26
76.27
76.32
76.33
76.34
76.39
76.37
76.40
76.40
76.39
76.38
76.36
76.34
76.32
76.34
76.34
76.30
76.30
76.31
76.32
76.30
76.31
76.29
76.28
76.27
76.28
76.30
76.32
76.30
76.33
76.33
76.30
76.28
76.27
76.27
76.26
76.26
76.29
76.31
76.31
76.30
76.28
76.28
76.26
76.29
76.29
76.29
76.29
76.26
76.22
76.21
76.22
76.24
76.25
76.26
76.27
76.25
76.25
76.24
76.23
76.22
76.20
76.22
76.20
76.18
76.16
76.20
76.19
76.18
76.17
76.19
76.18
76.17
76.19
76.18
76.18
76.21
76.21
76.22
76.21
76.23
76.23
76.24
76.26
76.27
76.26
76.27
76.26
76.23
76.24
76.25
76.27
76.23
76.24
76.24
76.25
76.24
76.24
76.19
76.20
76.19
76.21
76.23
76.22
76.22
76.22
76.22
76.23
76.23
76.25
76.26
76.25
76.24
76.28
76.25
76.26
76.24
76.22
76.24
76.25
76.24
76.24
76.25
76.24
76.22
76.23
76.21
76.23
76.21
76.20
76.18
76.14
76.15
76.15
76.15
76.17
76.15
76.13
76.15
76.15
76.16
76.17
76.17
76.17
76.17
76.18
76.18
76.20
76.21
76.22
76.22
76.23
76.24
76.22
76.22
76.22
76.19
76.18
76.19
76.18
76.20
76.21
76.22
76.23
76.26
76.26
76.24
76.23
76.24
76.24
76.25
76.25
76.24
76.23
76.24
76.24
76.25
76.25
76.27
76.26
76.27
76.27
76.29
76.28
76.27
76.28
76.27
76.25
76.26
76.24
76.24
76.24
76.22
76.22
76.22
76.22
76.22
76.20
76.19
76.18
76.19
76.21
76.22
76.20
76.22
76.23
76.24
76.23
76.21
76.21
76.20
76.17
76.18
76.18
76.19
76.21
76.21
76.18
76.17
76.19
76.22
76.24
76.25
76.27
76.28
76.30
76.27
76.26
76.26
76.27
76.27
76.28
76.29
76.28
76.29
76.31
76.33
76.35
76.35
76.36
76.35
76.34
76.35
76.36
76.35
76.34
76.34
76.33
76.34
76.33
76.32
76.33
76.34
76.34
76.31
76.32
76.31
76.29
76.28
76.28
76.26
76.27
76.28
76.29
76.28
76.29
76.30
76.32
76.32
76.30
76.30
76.32
76.32
76.30
76.30
76.31
76.30
76.30
76.30
76.30
76.32
76.33
76.34
76.34
76.33
76.32
76.31
76.32
76.30
76.30
76.30
76.29
76.31
76.30
76.31
76.31
76.32
76.31
76.32
76.33
76.32
76.33
76.32
76.30
76.30
76.30
76.30
76.30
76.31
76.30
76.30
76.30
76.30
76.29
76.30
76.28
76.31
76.29
76.28
76.28
76.29
76.28
76.28
76.28
76.28
76.29
76.28
76.28
76.29
76.30
76.29
76.28
76.31
76.30
76.28
76.29
76.28
76.28
76.30
76.30
76.30
76.30
76.31
76.31
76.31
76.32
76.30
76.32
76.33
76.34
76.34
76.33
76.33
76.32
76.34
76.32
76.33
76.33
76.33
76.33
76.33
76.33
76.34
76.35
76.35
76.33
76.35
76.36
76.36
76.36
76.37
76.36
76.34
76.36
76.35
76.34
76.34
76.33
76.35
76.34
76.34
76.33
76.34
76.32
76.32
76.32
76.30
76.29
76.30
76.30
76.30
76.29
76.29
76.28
76.29
76.28
76.28
76.28
76.30
76.31
76.31
76.31
76.30
76.29
76.29
76.29
76.29
76.29
76.30
76.31
76.32
76.32
76.33
76.33
76.33
76.34
76.34
76.34
76.33
76.34
76.35
76.35
76.35
76.36
76.37
76.38
76.37
76.38
76.38
76.38
76.36
76.35
76.35
76.35
76.35
76.33
76.33
76.31
76.30
76.29
76.30
76.31
76.30
76.30
76.30
76.31
76.31
76.30
76.31
76.31
76.32
76.32
76.32
76.32
76.30
76.29
76.30
76.30
76.30
76.29
76.29
76.29
76.31
76.32
76.33
76.34
76.33
76.34
76.34
76.33
76.33
76.34
76.34
76.35
76.35
76.35
76.34
76.33
76.31
76.30
76.30
76.28
76.29
76.29
76.28
76.29
76.29
76.29
76.29
76.28
76.27
76.27
76.27
76.26
76.26
76.26
76.26
76.26
76.26
76.27
76.26
76.25
76.25
76.25
76.25
76.25
76.26
76.26
76.27
76.26
76.26
76.25
76.25
76.24
76.24
76.23
76.23
76.23
76.22
76.22
76.21
76.22
76.21
76.22
76.21
76.20
76.20
76.20
76.19
76.16
76.15
76.15
76.15
76.16
76.14
76.13
76.13
76.13
76.12
76.10
76.10
76.09
76.11
76.11
76.12
76.13
76.13
76.12
76.11
76.12
76.11
76.11
76.12
76.11
76.11
76.11
76.12
76.11
76.11
76.12
76.12
76.12
76.12
76.13
76.12
76.11
76.13
76.14
76.13
76.13
76.14
76.14
76.14
76.07
