79.69
75.78
71.88
71.09
73.12
73.18
74.33
74.41
74.65
74.69
74.57
74.09
74.04
73.66
74.06
74.41
74.72
74.57
75.00
75.23
75.15
75.36
75.34
75.26
75.06
75.06
74.94
75.11
74.89
74.90
75.00
75.20
75.38
75.41
75.67
75.78
75.76
75.86
75.72
75.70
75.46
75.56
75.76
75.82
75.97
75.99
75.96
75.94
76.02
75.91
76.01
75.87
75.85
75.93
75.97
76.03
76.04
76.08
75.93
75.89
75.82
75.83
75.79
75.73
75.58
75.36
75.21
75.28
75.38
75.45
75.44
75.46
75.51
75.55
75.63
75.60
75.69
75.68
75.69
75.72
75.75
75.78
75.72
75.76
75.68
75.64
75.70
75.59
75.54
75.54
75.50
75.56
75.55
75.48
75.44
75.49
75.32
75.27
75.30
75.20
75.15
75.23
75.23
75.30
75.27
75.22
75.31
75.38
75.37
75.47
75.51
75.46
75.47
75.41
75.42
75.43
75.36
75.38
75.46
75.40
75.43
75.49
75.52
75.58
75.55
75.53
75.53
75.61
75.63
75.58
75.63
75.69
75.63
75.68
75.65
75.60
75.63
75.57
75.58
75.58
75.58
75.58
75.61
75.66
75.65
75.63
75.56
75.52
75.51
75.51
75.48
75.56
75.59
75.64
75.69
75.72
75.71
75.75
75.80
75.79
75.81
75.80
75.81
75.79
75.80
75.78
75.78
75.80
75.77
75.79
75.83
75.83
75.81
75.85
75.88
75.91
75.88
75.91
75.91
75.88
75.86
75.86
75.85
75.85
75.82
75.81
75.84
75.83
75.82
75.80
75.76
75.78
75.77
75.77
75.79
75.81
75.80
75.83
75.80
75.77
75.75
75.77
75.76
75.74
75.73
75.76
75.77
75.82
75.76
75.78
75.77
75.81
75.82
75.83
75.84
75.86
75.91
75.90
75.89
75.85
75.81
75.79
75.81
75.79
75.77
75.76
75.79
75.77
75.75
75.77
75.78
75.80
75.80
75.81
75.78
75.74
75.74
75.74
75.76
75.76
75.77
75.75
75.73
75.72
75.71
75.69
75.73
75.74
75.73
75.73
75.72
75.71
75.71
75.68
75.70
75.70
75.65
75.66
75.63
75.65
75.66
75.65
75.65
75.67
75.67
75.68
75.68
75.68
75.66
75.67
75.69
75.69
75.69
75.69
75.69
75.69
75.67
75.67
75.67
75.70
75.71
75.70
75.70
75.68
75.69
75.70
75.70
75.71
75.72
75.73
75.72
75.73
75.75
75.73
75.73
75.75
75.75
75.75
75.75
75.76
75.75
75.72
75.73
75.75
75.75
75.75
75.73
75.72
75.73
75.71
75.71
75.72
75.71
75.72
75.74
75.72
75.73
75.72
75.72
75.73
75.75
75.71
75.70
75.68
75.70
75.69
75.69
75.67
75.66
75.66
75.63
75.64
75.64
75.65
75.63
75.62
75.60
75.63
75.62
75.64
75.65
75.67
75.67
75.69
75.70
75.66
75.69
75.71
75.71
75.75
75.74
75.74
75.75
75.73
75.70
75.70
75.70
75.69
75.69
75.69
75.71
75.72
75.72
75.72
75.72
75.71
75.72
75.72
75.74
75.75
75.77
75.76
75.73
75.74
75.75
75.76
75.74
75.74
75.73
75.76
75.77
75.77
75.78
75.77
75.76
75.76
75.76
75.76
75.77
75.76
75.76
75.75
75.75
75.76
75.78
75.77
75.75
75.76
75.77
75.77
75.76
75.75
75.75
75.74
75.74
75.75
75.75
75.75
75.76
75.79
75.78
75.78
75.77
75.80
75.82
75.82
75.82
75.81
75.82
75.83
75.84
75.84
75.86
75.85
75.87
75.87
75.86
75.87
75.87
75.86
75.86
75.86
75.87
75.86
75.87
75.87
75.87
75.87
75.87
75.89
75.91
75.92
75.91
75.91
75.90
75.88
75.87
75.87
75.86
75.88
75.88
75.88
75.88
75.89
75.90
75.90
75.89
75.87
75.87
75.87
75.86
75.85
75.84
75.84
75.83
75.86
75.84
75.87
75.86
75.85
75.84
75.84
75.84
75.86
75.87
75.87
75.87
75.88
75.90
75.90
75.90
75.90
75.92
75.90
75.92
75.92
75.93
75.93
75.93
75.92
75.90
75.89
75.88
75.89
75.87
75.89
75.87
75.88
75.89
75.88
75.90
75.88
75.90
75.90
75.89
75.88
75.87
75.86
75.86
75.85
75.85
75.85
75.84
75.84
75.84
75.84
75.85
75.84
75.84
75.83
75.82
75.83
75.84
75.84
75.85
75.83
75.85
75.86
75.87
75.88
75.88
75.87
75.88
75.88
75.88
75.88
75.86
75.85
75.85
75.82
75.79
75.80
75.81
75.82
75.82
75.83
75.83
75.82
75.82
75.83
75.83
75.84
75.84
75.84
75.85
75.85
75.84
75.85
75.84
75.85
75.86
75.87
75.88
75.89
75.90
75.91
75.93
75.93
75.93
75.94
75.94
75.94
75.94
75.95
75.96
75.97
75.99
75.98
75.99
75.99
76.00
76.01
76.02
76.02
76.03
76.04
76.04
76.02
76.03
76.02
76.02
76.02
76.02
76.04
76.05
76.04
76.04
76.03
76.02
76.01
76.02
76.04
76.05
76.05
76.04
76.04
76.04
76.05
76.05
76.05
76.05
76.04
76.04
76.05
76.05
76.04
76.05
76.06
76.04
76.05
76.04
76.03
76.04
76.03
76.03
76.02
76.02
76.02
76.01
76.03
76.03
76.02
76.00
76.01
76.00
76.01
76.01
76.01
76.01
76.03
76.02
76.02
76.03
76.03
76.03
76.02
76.01
76.01
76.01
76.02
76.01
76.02
76.02
76.01
76.01
76.00
76.01
76.00
76.00
75.99
75.99
75.99
75.99
75.97
75.97
75.96
75.96
75.95
75.96
75.96
75.96
75.96
75.97
75.96
75.97
75.95
75.95
75.95
75.95
75.95
75.94
75.94
75.94
75.94
75.95
75.97
75.96
75.95
75.95
75.94
75.94
75.93
75.93
75.93
75.93
75.92
75.92
75.91
75.91
75.91
75.91
75.91
75.90
75.92
75.93
75.94
75.94
75.95
75.95
75.95
75.95
75.95
75.95
75.94
75.94
75.94
75.94
75.94
75.93
75.93
75.94
75.94
75.95
75.96
75.97
75.97
75.97
75.97
75.98
75.98
75.98
75.98
75.98
75.98
75.98
75.99
75.99
75.99
76.00
76.00
75.99
75.99
76.00
75.99
75.98
75.98
75.98
75.99
75.99
75.99
75.99
76.00
76.01
76.00
75.99
75.99
75.98
75.98
75.97
75.96
75.97
75.96
75.95
75.95
75.95
75.95
75.93
75.93
75.93
75.94
75.93
75.94
75.94
75.94
75.95
75.94
75.94
75.94
75.94
75.94
75.94
75.87
