67.19
74.22
74.48
74.61
74.69
74.74
75.89
75.00
75.87
76.88
77.13
76.30
76.20
76.12
76.04
75.88
75.83
75.61
75.49
75.70
75.74
75.64
75.68
75.78
76.31
76.32
76.45
76.56
76.83
76.67
76.76
76.66
76.37
76.47
76.56
76.48
76.27
76.32
76.32
76.13
76.18
75.97
75.94
75.99
76.08
75.99
75.96
75.98
76.02
75.94
75.80
75.96
75.85
75.84
75.88
75.92
75.99
76.08
76.06
76.04
76.02
75.93
75.87
75.81
75.84
75.76
75.77
75.76
75.75
75.67
75.62
75.63
75.62
75.63
75.48
75.47
75.37
75.30
75.30
75.23
75.17
75.19
75.24
75.11
75.06
75.09
75.13
75.23
75.19
75.16
75.22
75.20
75.27
75.37
75.30
75.28
75.34
75.33
75.24
75.27
75.31
75.32
75.30
75.30
75.28
75.24
75.20
75.22
75.27
75.21
75.17
75.13
75.19
75.14
75.11
75.08
75.08
75.09
75.11
75.17
75.25
75.24
75.25
75.26
75.31
75.30
75.26
75.24
75.30
75.29
75.26
75.27
75.28
75.28
75.28
75.28
75.35
75.36
75.31
75.31
75.28
75.31
75.35
75.41
75.48
75.45
75.50
75.55
75.51
75.50
75.52
75.53
75.55
75.62
75.65
75.61
75.65
75.64
75.67
75.60
75.59
75.63
75.64
75.65
75.64
75.62
75.64
75.55
75.58
75.60
75.56
75.64
75.61
75.57
75.57
75.58
75.60
75.64
75.65
75.69
75.67
75.70
75.74
75.76
75.77
75.79
75.82
75.86
75.86
75.87
75.84
75.77
75.77
75.76
75.74
75.73
75.75
75.81
75.88
75.88
75.86
75.88
75.86
75.89
75.87
75.85
75.86
75.89
75.96
75.97
75.96
75.97
75.98
75.99
76.02
76.01
76.02
76.03
76.05
76.10
76.12
76.11
76.11
76.16
76.18
76.15
76.16
76.13
76.14
76.14
76.15
76.15
76.17
76.15
76.18
76.19
76.16
76.16
76.16
76.16
76.17
76.17
76.17
76.15
76.16
76.12
76.11
76.14
76.15
76.16
76.18
76.18
76.18
76.16
76.19
76.20
76.19
76.19
76.22
76.22
76.22
76.19
76.19
76.21
76.21
76.23
76.25
76.26
76.25
76.27
76.27
76.28
76.29
76.28
76.28
76.29
76.29
76.29
76.29
76.30
76.30
76.31
76.28
76.27
76.23
76.22
76.19
76.18
76.18
76.18
76.19
76.19
76.22
76.21
76.21
76.21
76.22
76.21
76.21
76.21
76.21
76.20
76.20
76.18
76.20
76.21
76.21
76.20
76.22
76.25
76.26
76.26
76.29
76.32
76.31
76.31
76.29
76.29
76.32
76.32
76.32
76.36
76.36
76.37
76.37
76.38
76.36
76.35
76.34
76.34
76.34
76.31
76.32
76.32
76.34
76.36
76.37
76.37
76.36
76.35
76.36
76.38
76.36
76.39
76.38
76.35
76.36
76.37
76.38
76.38
76.39
76.41
76.40
76.39
76.39
76.39
76.39
76.38
76.36
76.36
76.36
76.33
76.34
76.34
76.35
76.34
76.36
76.37
76.36
76.36
76.34
76.34
76.34
76.35
76.35
76.34
76.36
76.38
76.40
76.41
76.38
76.39
76.36
76.36
76.38
76.40
76.41
76.39
76.40
76.40
76.41
76.42
76.41
76.40
76.38
76.39
76.40
76.38
76.39
76.41
76.42
76.41
76.42
76.43
76.43
76.44
76.43
76.43
76.42
76.41
76.43
76.42
76.45
76.44
76.44
76.43
76.43
76.44
76.42
76.43
76.43
76.43
76.44
76.45
76.44
76.45
76.45
76.46
76.47
76.48
76.48
76.48
76.49
76.48
76.48
76.50
76.50
76.51
76.51
76.50
76.53
76.52
76.51
76.51
76.52
76.52
76.54
76.53
76.52
76.53
76.53
76.54
76.54
76.55
76.58
76.60
76.60
76.60
76.59
76.59
76.59
76.59
76.59
76.58
76.58
76.57
76.59
76.56
76.57
76.56
76.55
76.52
76.52
76.51
76.50
76.50
76.51
76.53
76.54
76.52
76.51
76.52
76.51
76.50
76.52
76.51
76.50
76.50
76.49
76.48
76.47
76.48
76.48
76.48
76.50
76.51
76.50
76.50
76.49
76.48
76.48
76.48
76.48
76.48
76.49
76.49
76.48
76.47
76.49
76.47
76.48
76.46
76.45
76.44
76.45
76.45
76.44
76.45
76.45
76.46
76.45
76.46
76.45
76.45
76.43
76.41
76.41
76.41
76.40
76.39
76.40
76.39
76.40
76.40
76.40
76.39
76.37
76.38
76.38
76.37
76.35
76.36
76.36
76.35
76.35
76.36
76.35
76.33
76.34
76.33
76.35
76.36
76.34
76.35
76.34
76.34
76.35
76.34
76.34
76.34
76.32
76.32
76.31
76.33
76.34
76.34
76.34
76.35
76.35
76.37
76.37
76.38
76.38
76.38
76.39
76.39
76.38
76.38
76.36
76.37
76.37
76.37
76.36
76.36
76.37
76.37
76.35
76.36
76.35
76.36
76.35
76.35
76.34
76.35
76.33
76.34
76.32
76.32
76.32
76.31
76.30
76.29
76.29
76.31
76.31
76.31
76.31
76.31
76.29
76.30
76.29
76.29
76.28
76.28
76.27
76.26
76.26
76.27
76.25
76.25
76.26
76.25
76.25
76.24
76.23
76.22
76.23
76.23
76.21
76.21
76.22
76.23
76.23
76.23
76.24
76.25
76.25
76.25
76.24
76.24
76.22
76.22
76.22
76.22
76.23
76.22
76.22
76.23
76.24
76.22
76.22
76.22
76.21
76.20
76.21
76.21
76.21
76.20
76.18
76.19
76.19
76.18
76.19
76.19
76.18
76.18
76.17
76.17
76.17
76.18
76.17
76.18
76.17
76.17
76.19
76.18
76.19
76.17
76.18
76.18
76.17
76.18
76.18
76.18
76.18
76.18
76.16
76.15
76.16
76.18
76.18
76.18
76.17
76.17
76.17
76.16
76.16
76.15
76.14
76.15
76.15
76.16
76.16
76.13
76.11
76.13
76.12
76.13
76.13
76.13
76.13
76.13
76.14
76.13
76.14
76.14
76.13
76.12
76.13
76.12
76.13
76.13
76.11
76.10
76.10
76.10
76.11
76.11
76.11
76.10
76.09
76.09
76.10
76.09
76.09
76.10
76.09
76.09
76.09
76.08
76.07
76.08
76.07
76.07
76.07
76.07
76.08
76.08
76.06
76.06
76.07
76.07
76.06
76.07
76.08
76.07
76.05
76.06
76.06
76.06
76.07
76.07
76.07
76.08
76.07
76.06
76.07
76.08
76.07
76.07
76.08
76.07
76.06
76.07
76.06
76.07
76.05
76.05
76.06
76.06
76.07
76.00
