79.69
75.78
73.44
74.22
76.25
76.30
76.56
75.98
75.35
75.62
75.71
76.30
76.32
76.45
76.56
76.46
76.10
76.22
76.81
76.88
76.86
76.99
77.04
76.89
77.12
77.16
77.26
77.12
77.26
77.24
77.17
77.05
76.89
76.84
77.01
77.17
76.98
77.10
77.00
76.84
76.75
76.75
76.82
76.78
76.81
76.80
76.93
76.86
76.85
76.84
76.75
76.62
76.50
76.48
76.53
76.48
76.43
76.45
76.51
76.46
76.43
76.49
76.56
76.76
76.78
76.82
76.80
76.86
76.79
76.76
76.74
76.69
76.82
76.84
76.83
76.85
76.87
76.78
76.76
76.80
76.74
76.70
76.69
76.77
76.69
76.64
76.78
76.78
76.74
76.81
76.85
76.77
76.85
76.75
76.69
76.69
76.63
76.56
76.52
76.55
76.49
76.47
76.38
76.35
76.29
76.33
76.42
76.33
76.32
76.32
76.30
76.26
76.24
76.33
76.28
76.33
76.26
76.22
76.27
76.30
76.27
76.33
76.30
76.31
76.24
76.28
76.30
76.25
76.28
76.35
76.35
76.35
76.34
76.40
76.44
76.47
76.44
76.42
76.47
76.53
76.51
76.53
76.56
76.48
76.54
76.49
76.53
76.57
76.55
76.58
76.58
76.52
76.56
76.52
76.58
76.55
76.61
76.68
76.65
76.63
76.53
76.53
76.56
76.52
76.55
76.57
76.60
76.60
76.60
76.57
76.56
76.54
76.47
76.43
76.46
76.48
76.47
76.40
76.41
76.40
76.39
76.36
76.38
76.38
76.34
76.33
76.32
76.32
76.25
76.21
76.19
76.22
76.18
76.18
76.15
76.16
76.16
76.19
76.19
76.21
76.22
76.28
76.28
76.32
76.31
76.30
76.31
76.33
76.37
76.38
76.34
76.36
76.36
76.37
76.40
76.45
76.43
76.43
76.42
76.44
76.41
76.41
76.41
76.39
76.40
76.38
76.34
76.34
76.34
76.37
76.35
76.38
76.36
76.39
76.40
76.40
76.39
76.38
76.41
76.39
76.41
76.40
76.38
76.39
76.40
76.40
76.39
76.42
76.41
76.44
76.40
76.43
76.38
76.35
76.29
76.29
76.31
76.34
76.35
76.35
76.36
76.32
76.34
76.34
76.33
76.30
76.26
76.27
76.26
76.23
76.21
76.24
76.23
76.22
76.21
76.22
76.23
76.23
76.25
76.26
76.22
76.21
76.25
76.25
76.23
76.23
76.21
76.25
76.25
76.24
76.25
76.26
76.31
76.29
76.30
76.33
76.33
76.35
76.34
76.34
76.38
76.40
76.43
76.44
76.44
76.43
76.45
76.45
76.47
76.46
76.47
76.45
76.45
76.43
76.42
76.43
76.43
76.42
76.42
76.39
76.39
76.41
76.40
76.39
76.41
76.41
76.42
76.44
76.44
76.45
76.45
76.44
76.44
76.45
76.41
76.44
76.42
76.43
76.46
76.48
76.47
76.49
76.52
76.54
76.56
76.57
76.57
76.58
76.57
76.58
76.56
76.54
76.54
76.51
76.52
76.54
76.52
76.51
76.51
76.51
76.47
76.47
76.49
76.46
76.43
76.42
76.42
76.44
76.43
76.42
76.42
76.43
76.41
76.42
76.43
76.43
76.43
76.45
76.47
76.45
76.42
76.43
76.42
76.44
76.46
76.46
76.45
76.43
76.43
76.44
76.45
76.46
76.42
76.45
76.46
76.46
76.47
76.47
76.48
76.48
76.48
76.48
76.46
76.47
76.45
76.46
76.46
76.45
76.46
76.47
76.48
76.49
76.47
76.48
76.47
76.48
76.47
76.48
76.48
76.48
76.48
76.48
76.48
76.48
76.47
76.46
76.46
76.47
76.45
76.46
76.49
76.49
76.49
76.48
76.49
76.48
76.50
76.51
76.49
76.50
76.51
76.50
76.50
76.50
76.52
76.55
76.54
76.54
76.56
76.55
76.56
76.57
76.57
76.57
76.56
76.57
76.57
76.57
76.58
76.58
76.58
76.58
76.59
76.59
76.56
76.58
76.57
76.56
76.56
76.56
76.55
76.56
76.57
76.56
76.57
76.56
76.58
76.57
76.56
76.55
76.56
76.56
76.56
76.55
76.55
76.55
76.56
76.55
76.55
76.54
76.56
76.54
76.54
76.52
76.51
76.48
76.50
76.50
76.49
76.49
76.49
76.48
76.48
76.46
76.44
76.45
76.45
76.44
76.46
76.47
76.46
76.45
76.45
76.46
76.45
76.45
76.45
76.45
76.45
76.46
76.47
76.47
76.48
76.49
76.48
76.49
76.50
76.49
76.48
76.50
76.50
76.50
76.50
76.50
76.50
76.51
76.51
76.51
76.48
76.49
76.49
76.48
76.48
76.47
76.46
76.44
76.43
76.41
76.42
76.41
76.43
76.44
76.45
76.46
76.46
76.48
76.48
76.47
76.48
76.48
76.48
76.47
76.45
76.45
76.45
76.45
76.46
76.47
76.47
76.47
76.47
76.47
76.46
76.47
76.47
76.46
76.47
76.48
76.47
76.46
76.47
76.48
76.48
76.48
76.48
76.48
76.50
76.51
76.53
76.53
76.54
76.53
76.51
76.51
76.50
76.49
76.47
76.47
76.47
76.47
76.47
76.48
76.48
76.48
76.47
76.47
76.48
76.49
76.49
76.48
76.48
76.48
76.49
76.50
76.50
76.51
76.51
76.50
76.50
76.50
76.49
76.49
76.48
76.46
76.45
76.46
76.46
76.45
76.45
76.44
76.44
76.44
76.44
76.44
76.44
76.42
76.42
76.42
76.41
76.41
76.41
76.39
76.40
76.41
76.40
76.39
76.38
76.38
76.38
76.38
76.38
76.37
76.35
76.35
76.34
76.34
76.33
76.32
76.32
76.33
76.32
76.32
76.32
76.32
76.32
76.33
76.32
76.30
76.30
76.28
76.27
76.27
76.27
76.26
76.26
76.23
76.23
76.24
76.23
76.23
76.23
76.23
76.23
76.22
76.22
76.23
76.23
76.24
76.23
76.23
76.23
76.23
76.23
76.24
76.22
76.22
76.21
76.21
76.22
76.22
76.22
76.21
76.21
76.19
76.17
76.17
76.16
76.15
76.16
76.15
76.16
76.17
76.17
76.17
76.16
76.15
76.15
76.16
76.16
76.17
76.17
76.18
76.18
76.17
76.17
76.17
76.17
76.17
76.16
76.16
76.15
76.16
76.17
76.17
76.16
76.16
76.15
76.14
76.14
76.14
76.16
76.17
76.16
76.15
76.16
76.17
76.17
76.17
76.16
76.17
76.16
76.16
76.16
76.16
76.16
76.16
76.15
76.15
76.15
76.17
76.18
76.18
76.16
76.15
76.15
76.15
76.14
76.14
76.13
76.13
76.14
76.15
76.16
76.16
76.15
76.16
76.15
76.14
76.15
76.15
76.15
76.07
