76.56
75.00
77.08
77.34
79.06
78.91
77.90
77.54
76.74
76.88
76.85
76.95
76.32
76.45
76.15
76.46
76.38
76.48
76.48
76.17
76.26
76.42
76.70
76.69
76.69
76.86
76.97
77.40
77.42
77.40
77.57
77.34
77.60
77.44
77.54
77.34
77.36
77.10
76.76
76.95
76.71
76.71
76.67
76.67
76.74
76.56
76.50
76.43
76.47
76.50
76.53
76.65
76.47
76.27
76.36
76.34
76.37
76.54
76.56
76.67
76.51
76.54
76.54
76.39
76.51
76.54
76.68
76.61
76.56
76.50
76.34
76.35
76.35
76.33
76.29
76.23
76.20
76.12
76.09
76.04
76.02
76.01
75.92
75.91
75.96
75.89
75.88
75.89
75.93
75.89
75.93
75.90
75.89
75.98
76.05
76.09
76.05
76.15
76.18
76.08
76.02
76.13
76.12
76.14
76.18
76.24
76.30
76.20
76.13
76.12
76.10
76.14
76.16
76.21
76.20
76.16
76.14
76.19
76.17
76.18
76.25
76.26
76.30
76.25
76.32
76.39
76.43
76.39
76.41
76.32
76.34
76.31
76.33
76.29
76.31
76.28
76.27
76.31
76.26
76.21
76.16
76.19
76.22
76.27
76.24
76.27
76.24
76.28
76.33
76.35
76.40
76.37
76.39
76.39
76.45
76.43
76.46
76.45
76.41
76.42
76.37
76.39
76.42
76.45
76.50
76.50
76.51
76.50
76.52
76.50
76.53
76.52
76.55
76.58
76.58
76.54
76.54
76.56
76.56
76.55
76.53
76.43
76.45
76.44
76.45
76.50
76.53
76.46
76.49
76.50
76.50
76.49
76.52
76.55
76.55
76.56
76.55
76.59
76.56
76.53
76.55
76.55
76.51
76.52
76.52
76.54
76.57
76.55
76.56
76.50
76.51
76.51
76.49
76.52
76.53
76.56
76.56
76.56
76.54
76.52
76.48
76.50
76.49
76.49
76.47
76.45
76.49
76.48
76.48
76.51
76.55
76.54
76.56
76.54
76.54
76.53
76.50
76.49
76.52
76.54
76.58
76.59
76.59
76.55
76.56
76.57
76.59
76.55
76.52
76.54
76.52
76.54
76.57
76.55
76.55
76.56
76.56
76.55
76.53
76.54
76.56
76.54
76.52
76.47
76.44
76.46
76.43
76.43
76.42
76.42
76.47
76.44
76.43
76.47
76.46
76.44
76.46
76.45
76.44
76.41
76.38
76.38
76.37
76.36
76.35
76.34
76.37
76.36
76.36
76.35
76.36
76.38
76.35
76.36
76.36
76.39
76.42
76.42
76.42
76.44
76.45
76.46
76.45
76.46
76.43
76.46
76.47
76.50
76.47
76.47
76.47
76.46
76.44
76.44
76.43
76.41
76.40
76.42
76.44
76.43
76.41
76.41
76.42
76.42
76.42
76.43
76.41
76.41
76.38
76.38
76.38
76.39
76.40
76.38
76.38
76.39
76.37
76.35
76.37
76.37
76.37
76.37
76.37
76.35
76.36
76.38
76.37
76.38
76.36
76.35
76.37
76.36
76.35
76.36
76.37
76.37
76.36
76.37
76.36
76.38
76.38
76.39
76.39
76.35
76.35
76.36
76.38
76.40
76.39
76.42
76.43
76.45
76.45
76.45
76.47
76.49
76.50
76.50
76.50
76.50
76.52
76.49
76.48
76.46
76.45
76.45
76.45
76.47
76.46
76.47
76.45
76.46
76.46
76.42
76.40
76.42
76.41
76.40
76.40
76.42
76.43
76.44
76.45
76.49
76.49
76.47
76.47
76.46
76.45
76.44
76.44
76.44
76.43
76.46
76.46
76.45
76.45
76.44
76.45
76.45
76.47
76.48
76.51
76.51
76.51
76.49
76.50
76.50
76.49
76.49
76.48
76.48
76.47
76.47
76.47
76.47
76.48
76.49
76.48
76.48
76.48
76.47
76.47
76.47
76.47
76.46
76.45
76.43
76.41
76.41
76.42
76.43
76.42
76.40
76.40
76.38
76.38
76.37
76.38
76.40
76.41
76.40
76.39
76.39
76.39
76.39
76.37
76.38
76.37
76.36
76.36
76.36
76.37
76.36
76.38
76.37
76.36
76.37
76.38
76.38
76.38
76.37
76.35
76.37
76.37
76.37
76.37
76.38
76.37
76.37
76.37
76.38
76.38
76.39
76.39
76.39
76.40
76.40
76.37
76.38
76.39
76.40
76.42
76.44
76.44
76.43
76.43
76.44
76.44
76.46
76.46
76.45
76.46
76.45
76.46
76.44
76.42
76.42
76.42
76.44
76.44
76.44
76.43
76.45
76.46
76.45
76.45
76.45
76.46
76.46
76.47
76.46
76.45
76.45
76.45
76.45
76.44
76.45
76.45
76.44
76.45
76.44
76.44
76.44
76.43
76.43
76.44
76.45
76.45
76.44
76.44
76.43
76.45
76.46
76.45
76.44
76.44
76.43
76.43
76.42
76.42
76.42
76.43
76.42
76.42
76.41
76.40
76.41
76.41
76.41
76.41
76.42
76.42
76.41
76.41
76.42
76.42
76.41
76.43
76.42
76.42
76.41
76.40
76.39
76.37
76.37
76.37
76.36
76.36
76.37
76.38
76.38
76.38
76.38
76.38
76.37
76.35
76.35
76.36
76.36
76.36
76.38
76.39
76.38
76.36
76.36
76.37
76.38
76.38
76.38
76.37
76.38
76.38
76.38
76.39
76.37
76.36
76.37
76.36
76.36
76.35
76.34
76.32
76.33
76.34
76.33
76.32
76.31
76.31
76.30
76.29
76.29
76.28
76.28
76.29
76.28
76.27
76.28
76.28
76.28
76.27
76.28
76.28
76.27
76.27
76.27
76.27
76.25
76.25
76.24
76.23
76.22
76.23
76.22
76.23
76.23
76.23
76.22
76.23
76.22
76.23
76.22
76.23
76.22
76.22
76.20
76.20
76.20
76.20
76.19
76.19
76.19
76.19
76.19
76.19
76.18
76.19
76.18
76.17
76.18
76.19
76.18
76.19
76.19
76.19
76.20
76.20
76.19
76.19
76.19
76.19
76.20
76.20
76.19
76.19
76.19
76.19
76.19
76.19
76.20
76.19
76.19
76.19
76.19
76.18
76.17
76.17
76.17
76.17
76.15
76.16
76.16
76.16
76.16
76.16
76.15
76.15
76.16
76.15
76.16
76.16
76.16
76.15
76.14
76.14
76.13
76.13
76.13
76.14
76.13
76.12
76.13
76.13
76.12
76.13
76.13
76.13
76.12
76.12
76.11
76.11
76.10
76.10
76.10
76.11
76.10
76.10
76.10
76.10
76.10
76.11
76.12
76.12
76.12
76.12
76.11
76.11
76.10
76.12
76.12
76.13
76.13
76.14
76.14
76.13
76.11
76.12
76.13
76.13
76.13
76.12
76.12
76.12
76.12
76.11
76.11
76.11
76.11
76.10
76.11
76.12
76.04
