89.06
81.25
79.69
79.30
77.50
77.60
78.35
78.52
78.12
77.34
77.56
77.47
77.52
78.01
77.92
78.32
78.03
77.52
77.22
77.03
76.79
77.13
77.45
77.47
77.06
76.86
77.20
77.18
76.62
76.67
76.31
76.17
76.14
76.29
76.21
76.26
76.22
76.27
76.40
76.29
76.37
76.30
76.31
76.38
76.32
76.05
76.16
76.30
76.31
76.31
76.35
76.44
76.56
76.36
76.11
76.09
76.32
76.32
76.30
76.30
76.36
76.26
76.24
76.22
76.27
76.37
76.40
76.45
76.56
76.58
76.65
76.74
76.78
76.69
76.65
76.64
76.60
76.70
76.66
76.76
76.70
76.73
76.69
76.64
76.58
76.60
76.60
76.56
76.60
76.56
76.63
76.66
76.73
76.71
76.69
76.68
76.58
76.58
76.44
76.44
76.49
76.52
76.50
76.52
76.46
76.39
76.46
76.43
76.48
76.55
76.60
76.70
76.73
76.73
76.74
76.72
76.64
76.68
76.64
76.64
76.67
76.75
76.71
76.71
76.76
76.77
76.72
76.61
76.55
76.54
76.44
76.47
76.39
76.42
76.44
76.47
76.53
76.56
76.58
76.57
76.58
76.54
76.52
76.52
76.51
76.46
76.47
76.48
76.45
76.43
76.43
76.38
76.33
76.30
76.33
76.31
76.29
76.34
76.26
76.20
76.20
76.16
76.22
76.24
76.19
76.25
76.25
76.22
76.28
76.23
76.22
76.24
76.24
76.29
76.29
76.31
76.34
76.38
76.41
76.39
76.38
76.40
76.41
76.38
76.37
76.38
76.35
76.35
76.35
76.37
76.40
76.40
76.39
76.42
76.42
76.37
76.38
76.40
76.41
76.45
76.45
76.48
76.52
76.51
76.55
76.52
76.55
76.56
76.59
76.58
76.57
76.56
76.55
76.58
76.63
76.63
76.65
76.60
76.61
76.60
76.60
76.57
76.58
76.58
76.55
76.58
76.58
76.61
76.56
76.54
76.54
76.51
76.53
76.50
76.52
76.55
76.58
76.59
76.59
76.59
76.58
76.57
76.58
76.58
76.58
76.58
76.61
76.57
76.58
76.62
76.61
76.63
76.63
76.64
76.69
76.70
76.65
76.64
76.62
76.62
76.56
76.58
76.60
76.59
76.62
76.60
76.62
76.60
76.60
76.58
76.59
76.60
76.62
76.63
76.62
76.62
76.59
76.58
76.58
76.58
76.58
76.58
76.57
76.57
76.58
76.58
76.60
76.59
76.57
76.59
76.58
76.61
76.60
76.57
76.55
76.59
76.56
76.58
76.57
76.59
76.59
76.57
76.57
76.59
76.58
76.57
76.55
76.57
76.56
76.58
76.59
76.60
76.59
76.62
76.62
76.62
76.60
76.58
76.57
76.54
76.55
76.55
76.55
76.52
76.48
76.50
76.50
76.47
76.47
76.48
76.48
76.51
76.46
76.47
76.47
76.47
76.48
76.49
76.51
76.49
76.49
76.51
76.49
76.50
76.50
76.51
76.52
76.52
76.52
76.53
76.54
76.54
76.54
76.54
76.55
76.56
76.54
76.54
76.51
76.54
76.54
76.53
76.54
76.55
76.57
76.56
76.54
76.55
76.56
76.57
76.57
76.58
76.57
76.58
76.59
76.58
76.57
76.57
76.58
76.58
76.59
76.60
76.60
76.61
76.62
76.61
76.59
76.57
76.53
76.53
76.52
76.50
76.51
76.52
76.52
76.51
76.50
76.49
76.47
76.50
76.49
76.49
76.48
76.50
76.49
76.47
76.47
76.49
76.48
76.48
76.49
76.49
76.48
76.48
76.47
76.46
76.48
76.49
76.50
76.50
76.50
76.50
76.50
76.49
76.51
76.52
76.51
76.52
76.49
76.48
76.47
76.46
76.45
76.46
76.45
76.45
76.48
76.46
76.46
76.46
76.46
76.44
76.46
76.46
76.47
76.48
76.47
76.47
76.48
76.48
76.47
76.48
76.46
76.48
76.50
76.48
76.46
76.47
76.45
76.45
76.45
76.45
76.45
76.46
76.44
76.46
76.44
76.43
76.45
76.45
76.47
76.49
76.50
76.51
76.50
76.48
76.49
76.48
76.48
76.47
76.46
76.46
76.47
76.46
76.48
76.49
76.50
76.50
76.50
76.49
76.49
76.50
76.51
76.51
76.50
76.50
76.49
76.48
76.47
76.46
76.46
76.46
76.46
76.46
76.46
76.45
76.46
76.45
76.44
76.45
76.44
76.46
76.46
76.47
76.46
76.45
76.44
76.45
76.45
76.45
76.45
76.45
76.44
76.46
76.43
76.43
76.43
76.45
76.44
76.42
76.42
76.42
76.43
76.43
76.44
76.45
76.45
76.46
76.47
76.46
76.46
76.48
76.47
76.46
76.45
76.43
76.43
76.43
76.42
76.42
76.41
76.42
76.41
76.41
76.41
76.41
76.42
76.43
76.43
76.43
76.44
76.44
76.44
76.43
76.40
76.40
76.41
76.41
76.41
76.43
76.43
76.44
76.42
76.41
76.43
76.41
76.40
76.41
76.41
76.41
76.39
76.37
76.36
76.36
76.35
76.35
76.35
76.35
76.33
76.34
76.34
76.32
76.32
76.32
76.33
76.32
76.32
76.31
76.31
76.30
76.30
76.30
76.30
76.30
76.30
76.30
76.28
76.28
76.28
76.27
76.28
76.29
76.29
76.30
76.30
76.29
76.29
76.29
76.28
76.29
76.29
76.29
76.30
76.30
76.28
76.28
76.29
76.29
76.29
76.27
76.26
76.27
76.28
76.28
76.26
76.26
76.26
76.24
76.24
76.23
76.23
76.23
76.23
76.23
76.23
76.22
76.23
76.24
76.24
76.26
76.25
76.23
76.22
76.22
76.21
76.21
76.21
76.23
76.21
76.21
76.22
76.20
76.20
76.20
76.20
76.19
76.19
76.19
76.19
76.19
76.19
76.17
76.18
76.19
76.19
76.19
76.17
76.18
76.18
76.18
76.17
76.17
76.17
76.17
76.18
76.18
76.18
76.19
76.19
76.20
76.21
76.21
76.23
76.23
76.23
76.23
76.22
76.22
76.22
76.21
76.21
76.21
76.22
76.21
76.21
76.20
76.20
76.20
76.20
76.21
76.22
76.22
76.23
76.21
76.21
76.20
76.20
76.19
76.18
76.19
76.19
76.19
76.19
76.20
76.18
76.18
76.18
76.20
76.20
76.20
76.21
76.21
76.21
76.21
76.21
76.21
76.21
76.20
76.21
76.21
76.20
76.19
76.17
76.17
76.17
76.16
76.17
76.18
76.17
76.17
76.17
76.18
76.17
76.18
76.18
76.18
76.18
76.19
76.18
76.20
76.19
76.20
76.19
76.18
76.18
76.19
76.18
76.18
76.18
76.17
76.18
76.18
76.18
76.19
76.18
76.17
76.16
76.16
76.16
76.15
76.15
76.08
