67.19
73.44
71.88
72.66
74.69
75.26
75.22
75.78
75.69
75.78
76.28
76.04
75.96
76.34
76.25
76.66
76.84
77.17
77.22
77.19
77.08
77.27
77.04
77.08
76.81
76.80
76.45
76.51
76.56
76.25
76.36
76.22
76.37
76.47
76.61
76.91
76.86
76.89
77.08
77.03
77.02
76.86
76.71
76.81
76.67
76.70
76.63
76.30
76.56
76.59
76.69
76.62
76.65
76.65
76.79
76.90
76.95
76.89
76.93
76.90
76.84
76.76
76.79
76.78
76.80
76.94
76.87
76.84
76.95
76.94
76.96
76.97
76.93
76.92
76.81
76.81
76.70
76.84
76.78
76.76
76.70
76.91
76.94
76.92
76.87
76.74
76.74
76.65
76.53
76.49
76.55
76.46
76.43
76.40
76.33
76.35
76.29
76.28
76.26
76.28
76.41
76.30
76.23
76.19
76.13
76.19
76.18
76.10
76.08
75.98
76.06
76.03
76.02
76.07
76.06
76.12
76.11
76.18
76.25
76.16
76.10
76.10
76.08
76.11
76.14
76.20
76.25
76.26
76.16
76.17
76.20
76.10
76.10
76.15
76.12
76.08
76.05
76.03
76.02
76.07
76.12
76.13
76.05
76.12
76.07
76.05
76.00
75.96
75.95
75.94
76.00
76.00
75.97
75.93
75.94
75.96
75.95
75.93
75.92
75.92
75.92
75.90
75.86
75.83
75.82
75.84
75.88
75.86
75.92
75.96
75.95
75.95
75.91
75.91
75.90
75.92
75.93
75.91
75.91
75.90
75.92
75.91
75.91
75.90
75.91
75.95
75.95
75.97
75.98
75.99
75.99
75.97
76.01
76.05
76.06
76.08
76.02
76.03
76.01
75.98
75.95
75.94
75.98
75.99
75.98
75.97
75.97
75.96
75.94
75.94
75.92
75.91
75.93
75.89
75.90
75.88
75.89
75.86
75.86
75.87
75.81
75.79
75.79
75.77
75.82
75.80
75.82
75.82
75.82
75.84
75.81
75.87
75.87
75.88
75.89
75.91
75.92
75.91
75.88
75.90
75.90
75.92
75.88
75.92
75.91
75.91
75.92
75.96
75.97
75.96
75.96
75.97
75.94
75.90
75.88
75.90
75.89
75.88
75.87
75.87
75.87
75.86
75.86
75.85
75.83
75.83
75.82
75.87
75.88
75.89
75.89
75.87
75.84
75.87
75.86
75.88
75.85
75.84
75.84
75.85
75.85
75.84
75.88
75.86
75.87
75.89
75.92
75.93
75.93
75.92
75.92
75.94
75.92
75.96
75.93
75.91
75.90
75.93
75.95
75.93
75.94
75.96
75.97
75.99
76.01
76.03
76.04
76.04
76.05
76.04
76.06
76.06
76.03
76.03
76.02
76.05
76.07
76.08
76.08
76.07
76.06
76.03
76.03
76.03
76.01
76.03
76.04
76.01
76.02
76.05
76.04
76.06
76.07
76.08
76.05
76.04
76.02
76.04
76.06
76.09
76.10
76.11
76.12
76.14
76.15
76.16
76.16
76.15
76.16
76.14
76.14
76.12
76.12
76.12
76.14
76.13
76.11
76.11
76.12
76.12
76.13
76.12
76.13
76.12
76.14
76.14
76.13
76.14
76.13
76.16
76.15
76.16
76.14
76.15
76.17
76.17
76.18
76.19
76.20
76.18
76.18
76.17
76.15
76.15
76.14
76.14
76.12
76.12
76.12
76.12
76.12
76.15
76.15
76.15
76.17
76.16
76.17
76.17
76.16
76.16
76.17
76.19
76.19
76.20
76.19
76.20
76.21
76.19
76.18
76.19
76.19
76.19
76.18
76.17
76.19
76.20
76.22
76.20
76.20
76.19
76.21
76.19
76.18
76.19
76.20
76.22
76.18
76.19
76.20
76.19
76.20
76.20
76.21
76.21
76.20
76.20
76.20
76.21
76.21
76.22
76.21
76.19
76.18
76.16
76.17
76.17
76.16
76.16
76.16
76.15
76.15
76.14
76.14
76.13
76.13
76.10
76.09
76.07
76.09
76.11
76.14
76.12
76.12
76.11
76.10
76.10
76.12
76.11
76.13
76.13
76.12
76.13
76.13
76.12
76.12
76.14
76.12
76.11
76.11
76.12
76.13
76.13
76.14
76.16
76.18
76.17
76.16
76.17
76.17
76.18
76.20
76.19
76.19
76.20
76.20
76.21
76.22
76.21
76.21
76.21
76.22
76.22
76.22
76.21
76.20
76.21
76.20
76.19
76.20
76.18
76.16
76.17
76.17
76.16
76.16
76.17
76.18
76.19
76.20
76.19
76.17
76.17
76.17
76.18
76.19
76.18
76.17
76.16
76.15
76.18
76.17
76.18
76.20
76.21
76.20
76.19
76.19
76.19
76.20
76.20
76.20
76.21
76.21
76.22
76.23
76.22
76.21
76.22
76.19
76.20
76.18
76.18
76.18
76.17
76.17
76.15
76.16
76.16
76.16
76.17
76.16
76.15
76.15
76.15
76.15
76.16
76.14
76.15
76.15
76.14
76.12
76.12
76.13
76.14
76.12
76.11
76.11
76.11
76.11
76.11
76.11
76.09
76.10
76.12
76.12
76.12
76.14
76.14
76.15
76.13
76.13
76.12
76.12
76.12
76.13
76.12
76.13
76.13
76.12
76.11
76.12
76.12
76.13
76.14
76.13
76.14
76.15
76.15
76.15
76.17
76.16
76.17
76.19
76.19
76.18
76.17
76.17
76.16
76.15
76.15
76.16
76.15
76.14
76.15
76.15
76.15
76.15
76.15
76.14
76.15
76.15
76.14
76.16
76.17
76.18
76.19
76.19
76.20
76.20
76.20
76.20
76.20
76.20
76.20
76.19
76.20
76.20
76.19
76.18
76.19
76.18
76.18
76.19
76.19
76.20
76.20
76.20
76.18
76.19
76.19
76.18
76.18
76.19
76.20
76.19
76.19
76.20
76.20
76.21
76.20
76.19
76.20
76.19
76.19
76.17
76.17
76.16
76.16
76.16
76.16
76.16
76.15
76.16
76.17
76.16
76.17
76.17
76.16
76.17
76.16
76.15
76.15
76.15
76.15
76.16
76.16
76.15
76.15
76.15
76.15
76.15
76.14
76.14
76.13
76.14
76.13
76.12
76.11
76.10
76.10
76.10
76.10
76.10
76.09
76.10
76.11
76.10
76.11
76.10
76.12
76.12
76.11
76.11
76.11
76.11
76.10
76.10
76.09
76.08
76.09
76.10
76.09
76.10
76.10
76.09
76.07
76.08
76.09
76.09
76.10
76.09
76.08
76.08
76.08
76.08
76.08
76.07
76.07
76.06
76.07
76.08
76.07
76.06
76.06
76.05
76.05
76.05
76.04
76.05
76.05
76.05
76.06
76.06
76.07
76.06
76.07
76.07
76.08
76.09
76.09
76.08
76.07
76.08
76.09
76.09
76.09
76.10
76.10
76.11
76.12
76.13
76.05
