87.50
83.59
79.69
78.91
78.12
77.86
77.68
79.10
77.95
78.28
76.99
77.34
77.16
77.57
77.19
77.54
77.30
77.52
77.47
77.50
77.46
77.56
77.04
77.21
77.06
77.10
77.08
76.95
76.99
76.61
76.61
76.61
76.52
76.24
76.38
76.09
76.01
76.15
76.12
76.17
76.07
76.12
76.02
76.17
75.97
75.88
75.86
75.98
75.89
75.88
75.77
75.93
75.85
75.93
75.99
76.03
76.01
76.00
76.03
76.20
76.15
76.26
76.24
76.29
76.25
76.28
76.26
76.38
76.38
76.45
76.41
76.35
76.33
76.22
76.25
76.32
76.28
76.32
76.15
76.04
76.04
76.09
76.22
76.25
76.16
76.13
76.17
76.08
76.11
76.13
75.96
75.90
75.79
75.76
75.74
75.80
75.74
75.65
75.63
75.59
75.63
75.63
75.61
75.62
75.67
75.68
75.64
75.65
75.60
75.62
75.61
75.63
75.69
75.67
75.60
75.67
75.68
75.64
75.58
75.62
75.62
75.65
75.74
75.74
75.79
75.78
75.78
75.66
75.67
75.54
75.61
75.62
75.65
75.69
75.72
75.64
75.58
75.59
75.58
75.57
75.62
75.67
75.72
75.71
75.70
75.76
75.71
75.73
75.70
75.71
75.70
75.67
75.67
75.68
75.72
75.71
75.76
75.75
75.76
75.75
75.74
75.72
75.71
75.71
75.72
75.75
75.76
75.73
75.75
75.73
75.71
75.71
75.70
75.70
75.69
75.71
75.74
75.77
75.81
75.84
75.85
75.92
75.90
75.88
75.88
75.87
75.88
75.88
75.93
75.92
75.93
75.91
75.86
75.87
75.91
75.91
75.87
75.83
75.79
75.84
75.86
75.84
75.85
75.83
75.82
75.80
75.81
75.81
75.84
75.87
75.87
75.92
75.94
75.93
75.97
75.98
76.02
76.00
76.01
76.07
76.09
76.11
76.09
76.10
76.07
76.11
76.16
76.15
76.15
76.17
76.18
76.18
76.15
76.16
76.16
76.17
76.19
76.17
76.20
76.23
76.23
76.25
76.27
76.31
76.35
76.34
76.34
76.34
76.29
76.21
76.24
76.21
76.22
76.21
76.19
76.18
76.19
76.21
76.20
76.20
76.23
76.17
76.15
76.15
76.16
76.16
76.16
76.13
76.09
76.05
76.00
75.99
75.98
76.00
75.99
75.97
75.94
75.94
75.95
75.96
75.97
75.94
75.93
75.94
75.94
75.91
75.89
75.90
75.90
75.91
75.90
75.92
75.89
75.89
75.91
75.91
75.90
75.91
75.92
75.90
75.90
75.92
75.92
75.93
75.92
75.89
75.89
75.89
75.92
75.92
75.92
75.93
75.95
75.93
75.96
75.95
75.92
75.92
75.94
75.95
75.94
75.96
75.98
75.99
75.97
75.98
75.97
75.98
75.97
75.97
75.97
75.99
75.99
75.98
76.00
76.01
76.01
76.00
76.00
75.99
75.98
75.96
75.98
75.99
76.00
75.99
76.02
76.03
76.00
76.00
76.00
75.97
75.98
75.97
75.95
75.95
75.94
75.93
75.94
75.94
75.94
75.94
75.96
75.96
75.95
75.94
75.95
75.95
75.94
75.92
75.92
75.95
75.96
75.96
75.94
75.95
75.96
75.96
75.96
75.98
75.98
76.02
76.02
76.04
76.05
76.06
76.06
76.05
76.05
76.03
76.00
76.00
76.00
76.01
76.01
76.02
75.99
75.98
75.98
75.98
75.99
75.97
75.94
75.95
75.95
75.94
75.91
75.91
75.93
75.96
75.98
75.99
75.99
76.00
76.00
76.01
76.01
76.00
75.98
75.96
75.96
75.98
75.99
76.00
76.00
76.03
76.02
76.01
76.03
76.04
76.04
76.05
76.06
76.05
76.02
76.04
76.04
76.06
76.05
76.05
76.06
76.07
76.06
76.08
76.06
76.07
76.08
76.07
76.06
76.06
76.04
76.05
76.07
76.08
76.06
76.03
76.03
76.01
76.00
75.99
75.99
75.98
75.99
76.00
75.98
75.97
75.98
75.98
75.99
76.00
75.99
76.01
76.00
76.00
75.99
75.97
75.99
75.99
76.00
75.99
75.99
76.00
76.01
76.00
76.01
75.99
75.99
75.98
75.95
75.97
75.97
75.97
75.99
75.99
76.00
75.99
75.99
76.00
75.99
75.99
75.99
76.01
75.99
75.99
75.99
75.99
76.00
76.00
76.01
76.01
76.01
76.02
76.03
76.02
76.02
76.03
76.03
76.04
76.03
76.03
76.03
76.01
76.02
76.01
76.00
76.00
76.01
75.99
76.00
75.99
75.99
75.99
75.99
75.99
76.00
75.99
76.00
75.99
75.98
75.98
75.98
75.97
75.97
75.97
75.98
76.00
76.01
76.01
76.01
76.01
76.03
76.04
76.03
76.03
76.02
76.02
76.00
76.01
76.00
76.00
75.99
75.98
75.97
75.96
75.97
75.96
75.97
75.98
75.99
76.00
76.00
75.98
76.00
76.00
75.99
75.98
75.98
76.00
76.00
76.00
75.99
76.00
75.98
76.00
76.00
76.01
76.01
76.02
76.01
76.02
76.02
76.03
76.04
76.05
76.07
76.05
76.06
76.08
76.08
76.06
76.06
76.08
76.07
76.06
76.06
76.07
76.07
76.07
76.07
76.07
76.06
76.05
76.06
76.06
76.05
76.05
76.05
76.05
76.04
76.05
76.05
76.04
76.04
76.04
76.03
76.03
76.01
76.01
76.01
76.02
76.03
76.03
76.05
76.05
76.04
76.06
76.07
76.06
76.05
76.05
76.05
76.05
76.04
76.02
76.02
76.02
76.01
76.01
76.01
76.01
76.02
76.01
76.01
76.00
76.00
76.00
76.01
76.01
76.01
76.02
76.00
76.01
76.01
76.02
76.02
76.03
76.02
76.02
76.01
76.01
76.00
76.01
76.02
76.02
76.02
76.01
76.01
75.99
76.00
76.01
76.01
76.01
75.99
75.99
75.98
75.97
75.96
75.97
75.96
75.96
75.97
75.98
75.97
75.97
75.96
75.95
75.95
75.95
75.95
75.95
75.96
75.96
75.96
75.97
75.96
75.96
75.98
75.98
75.97
75.96
75.96
75.95
75.95
75.94
75.93
75.92
75.93
75.93
75.92
75.92
75.93
75.92
75.92
75.92
75.93
75.93
75.93
75.93
75.94
75.94
75.95
75.95
75.94
75.94
75.93
75.93
75.93
75.93
75.92
75.92
75.91
75.90
75.90
75.92
75.92
75.92
75.92
75.92
75.93
75.93
75.93
75.93
75.93
75.92
75.93
75.93
75.93
75.93
75.92
75.92
75.91
75.91
75.93
75.93
75.93
75.92
75.92
75.92
75.92
75.91
75.91
75.91
75.92
75.92
75.91
75.90
75.91
75.92
75.91
75.91
75.93
75.85
