73.44
76.56
76.04
74.61
76.88
76.56
76.34
75.59
75.69
75.78
75.43
75.91
75.84
76.00
75.62
76.27
76.75
76.74
76.81
76.41
76.49
76.56
76.83
77.34
77.12
76.68
76.79
76.90
76.78
76.77
76.97
76.76
76.61
76.52
76.61
76.69
77.07
77.01
77.00
77.30
77.40
77.34
77.14
77.27
77.22
77.17
77.19
76.99
76.85
76.75
76.72
76.74
76.68
76.68
76.76
76.84
76.73
76.64
76.54
76.56
76.54
76.39
76.39
76.49
76.37
76.25
76.28
76.19
76.15
76.16
76.25
76.30
76.24
76.18
76.15
76.11
76.18
76.16
76.11
76.05
76.02
75.99
75.96
75.95
75.81
75.78
75.81
75.83
75.75
75.80
75.88
75.90
75.97
75.90
75.97
75.96
76.00
76.05
75.99
75.92
75.96
76.01
76.02
76.05
75.97
75.94
75.91
75.91
75.92
75.82
75.82
75.92
75.94
75.84
75.88
76.00
76.00
75.93
75.92
75.92
75.96
75.95
75.91
75.89
75.82
75.86
75.87
75.90
75.88
75.84
75.86
75.89
75.89
75.87
75.89
75.83
75.87
75.89
75.93
75.98
75.99
76.07
76.11
76.16
76.23
76.21
76.19
76.18
76.27
76.27
76.31
76.26
76.24
76.27
76.30
76.33
76.31
76.26
76.32
76.31
76.27
76.26
76.33
76.40
76.43
76.40
76.38
76.40
76.40
76.38
76.40
76.37
76.38
76.34
76.37
76.38
76.43
76.41
76.46
76.46
76.42
76.39
76.36
76.37
76.39
76.36
76.42
76.40
76.42
76.41
76.37
76.39
76.40
76.36
76.35
76.30
76.26
76.25
76.27
76.27
76.25
76.25
76.23
76.24
76.28
76.27
76.26
76.27
76.28
76.26
76.25
76.28
76.26
76.26
76.26
76.27
76.25
76.24
76.26
76.26
76.29
76.27
76.26
76.29
76.31
76.31
76.31
76.35
76.36
76.39
76.37
76.35
76.29
76.30
76.30
76.30
76.28
76.27
76.29
76.32
76.34
76.34
76.31
76.29
76.28
76.28
76.27
76.25
76.25
76.22
76.23
76.26
76.27
76.30
76.31
76.28
76.28
76.27
76.29
76.26
76.29
76.28
76.28
76.32
76.29
76.28
76.29
76.31
76.27
76.27
76.29
76.30
76.29
76.28
76.27
76.26
76.24
76.26
76.25
76.28
76.28
76.29
76.27
76.28
76.29
76.28
76.28
76.28
76.27
76.29
76.28
76.31
76.33
76.32
76.31
76.29
76.28
76.27
76.32
76.31
76.30
76.31
76.29
76.31
76.30
76.28
76.30
76.31
76.30
76.34
76.34
76.34
76.34
76.36
76.36
76.36
76.34
76.34
76.33
76.31
76.31
76.31
76.33
76.34
76.35
76.37
76.38
76.39
76.38
76.38
76.35
76.37
76.38
76.38
76.38
76.37
76.35
76.35
76.35
76.35
76.33
76.32
76.33
76.34
76.34
76.34
76.35
76.33
76.34
76.38
76.33
76.34
76.35
76.36
76.36
76.36
76.37
76.39
76.38
76.38
76.39
76.39
76.40
76.40
76.40
76.40
76.39
76.42
76.43
76.40
76.40
76.41
76.41
76.40
76.41
76.39
76.37
76.37
76.36
76.35
76.35
76.33
76.34
76.35
76.35
76.34
76.34
76.35
76.35
76.35
76.35
76.36
76.35
76.34
76.35
76.33
76.29
76.29
76.29
76.28
76.27
76.26
76.26
76.25
76.25
76.25
76.26
76.26
76.25
76.25
76.24
76.24
76.24
76.25
76.23
76.22
76.23
76.23
76.23
76.25
76.26
76.25
76.26
76.26
76.25
76.24
76.22
76.19
76.21
76.22
76.22
76.22
76.20
76.19
76.19
76.19
76.20
76.20
76.19
76.18
76.18
76.17
76.16
76.16
76.17
76.19
76.20
76.20
76.19
76.21
76.19
76.21
76.20
76.23
76.25
76.25
76.25
76.25
76.24
76.24
76.24
76.23
76.21
76.21
76.21
76.20
76.18
76.18
76.17
76.16
76.16
76.17
76.17
76.16
76.15
76.17
76.17
76.17
76.17
76.17
76.17
76.14
76.13
76.13
76.11
76.12
76.09
76.10
76.10
76.11
76.09
76.10
76.09
76.08
76.08
76.07
76.09
76.11
76.11
76.12
76.12
76.13
76.12
76.12
76.12
76.12
76.12
76.13
76.13
76.13
76.13
76.14
76.14
76.14
76.16
76.17
76.18
76.19
76.19
76.19
76.18
76.19
76.19
76.18
76.19
76.19
76.18
76.15
76.16
76.17
76.17
76.17
76.18
76.18
76.17
76.17
76.15
76.15
76.15
76.13
76.13
76.14
76.14
76.14
76.14
76.15
76.16
76.17
76.17
76.18
76.17
76.17
76.17
76.17
76.19
76.20
76.18
76.17
76.18
76.18
76.19
76.20
76.19
76.20
76.19
76.18
76.18
76.17
76.17
76.17
76.15
76.16
76.16
76.18
76.17
76.17
76.18
76.18
76.20
76.19
76.19
76.18
76.17
76.19
76.18
76.19
76.20
76.19
76.21
76.21
76.22
76.23
76.24
76.25
76.24
76.24
76.25
76.22
76.23
76.24
76.24
76.26
76.26
76.27
76.28
76.28
76.27
76.27
76.27
76.27
76.27
76.27
76.26
76.26
76.26
76.26
76.25
76.26
76.25
76.26
76.26
76.25
76.23
76.21
76.22
76.21
76.22
76.20
76.19
76.21
76.19
76.19
76.19
76.19
76.19
76.19
76.18
76.18
76.18
76.19
76.19
76.19
76.19
76.17
76.17
76.17
76.18
76.18
76.19
76.18
76.18
76.18
76.19
76.20
76.20
76.19
76.20
76.20
76.20
76.19
76.18
76.18
76.18
76.17
76.17
76.16
76.16
76.16
76.16
76.15
76.14
76.14
76.13
76.13
76.13
76.13
76.14
76.14
76.14
76.13
76.12
76.11
76.11
76.11
76.11
76.13
76.12
76.09
76.09
76.08
76.09
76.09
76.09
76.09
76.09
76.10
76.11
76.11
76.10
76.11
76.12
76.13
76.13
76.13
76.14
76.12
76.12
76.13
76.12
76.12
76.14
76.13
76.13
76.13
76.13
76.13
76.12
76.12
76.11
76.11
76.11
76.12
76.12
76.13
76.13
76.12
76.12
76.12
76.11
76.11
76.13
76.13
76.13
76.14
76.13
76.13
76.12
76.12
76.12
76.12
76.12
76.12
76.11
76.11
76.12
76.11
76.11
76.11
76.12
76.12
76.13
76.13
76.12
76.12
76.13
76.12
76.11
76.11
76.11
76.10
76.11
76.10
76.09
76.09
76.09
76.10
76.10
76.10
76.10
76.10
76.11
76.12
76.12
76.12
76.12
76.12
76.10
76.10
76.11
76.12
76.13
76.05
