79.69
78.12
74.48
75.78
75.62
76.56
75.67
74.41
73.09
72.03
73.58
73.57
74.40
74.11
74.38
74.22
74.36
75.00
75.08
75.31
75.45
75.57
75.54
75.59
75.44
75.48
75.29
75.33
75.32
75.57
75.60
75.73
75.71
75.78
75.67
75.78
76.10
75.99
76.04
75.90
75.91
75.78
75.80
75.67
75.59
75.54
75.53
75.42
75.48
75.50
75.55
75.54
75.62
75.69
75.85
75.86
75.88
75.97
76.01
75.99
76.05
76.06
76.12
76.03
76.06
75.99
76.03
75.94
76.06
76.18
76.10
76.06
76.16
76.14
76.04
76.05
76.03
76.04
76.09
76.17
76.22
76.22
76.28
76.36
76.36
76.34
76.15
76.15
76.16
76.18
76.05
76.10
76.13
76.13
76.22
76.19
76.13
76.02
75.99
75.98
75.90
75.92
75.83
75.81
75.80
75.84
75.76
75.77
75.72
75.70
75.69
75.74
75.77
75.81
75.86
75.84
75.88
75.83
75.84
75.83
75.84
75.86
75.86
75.78
75.86
75.79
75.78
75.72
75.74
75.73
75.70
75.70
75.80
75.79
75.83
75.76
75.74
75.69
75.61
75.52
75.48
75.52
75.48
75.48
75.45
75.41
75.39
75.42
75.43
75.49
75.44
75.43
75.50
75.52
75.53
75.52
75.51
75.52
75.55
75.59
75.57
75.59
75.55
75.53
75.55
75.56
75.61
75.63
75.62
75.65
75.66
75.62
75.60
75.63
75.65
75.62
75.62
75.64
75.60
75.60
75.58
75.57
75.53
75.53
75.50
75.49
75.46
75.48
75.48
75.48
75.49
75.53
75.55
75.56
75.50
75.52
75.53
75.55
75.53
75.58
75.61
75.63
75.62
75.62
75.61
75.58
75.62
75.60
75.62
75.62
75.61
75.63
75.65
75.66
75.68
75.64
75.66
75.65
75.65
75.66
75.64
75.65
75.67
75.71
75.69
75.71
75.74
75.71
75.73
75.71
75.72
75.74
75.72
75.73
75.68
75.69
75.68
75.70
75.71
75.72
75.71
75.70
75.68
75.70
75.70
75.72
75.69
75.68
75.70
75.69
75.68
75.69
75.67
75.70
75.71
75.71
75.73
75.71
75.73
75.75
75.75
75.76
75.78
75.79
75.75
75.73
75.74
75.72
75.72
75.72
75.73
75.73
75.73
75.72
75.69
75.68
75.64
75.69
75.67
75.67
75.67
75.66
75.67
75.68
75.71
75.69
75.67
75.67
75.69
75.69
75.70
75.70
75.73
75.71
75.71
75.70
75.69
75.68
75.70
75.70
75.72
75.73
75.71
75.69
75.70
75.69
75.70
75.71
75.70
75.68
75.62
75.64
75.62
75.63
75.63
75.63
75.65
75.68
75.68
75.69
75.65
75.63
75.60
75.62
75.62
75.59
75.60
75.57
75.58
75.57
75.59
75.61
75.60
75.60
75.61
75.59
75.59
75.58
75.61
75.61
75.64
75.64
75.63
75.64
75.65
75.65
75.66
75.66
75.67
75.67
75.66
75.67
75.65
75.66
75.63
75.66
75.68
75.70
75.71
75.72
75.75
75.76
75.77
75.78
75.78
75.79
75.78
75.81
75.80
75.82
75.83
75.84
75.83
75.81
75.79
75.79
75.80
75.76
75.76
75.74
75.77
75.78
75.75
75.77
75.79
75.80
75.82
75.83
75.83
75.84
75.84
75.84
75.83
75.83
75.83
75.83
75.82
75.80
75.80
75.81
75.80
75.81
75.82
75.82
75.83
75.82
75.84
75.82
75.84
75.85
75.86
75.84
75.84
75.85
75.87
75.86
75.88
75.87
75.87
75.85
75.84
75.83
75.82
75.81
75.80
75.80
75.82
75.83
75.82
75.84
75.86
75.85
75.84
75.86
75.86
75.87
75.86
75.87
75.86
75.85
75.86
75.86
75.86
75.83
75.84
75.86
75.85
75.86
75.85
75.85
75.83
75.83
75.80
75.81
75.81
75.82
75.80
75.81
75.81
75.82
75.83
75.85
75.83
75.84
75.85
75.84
75.86
75.86
75.87
75.87
75.88
75.87
75.86
75.88
75.87
75.86
75.87
75.86
75.86
75.88
75.87
75.86
75.85
75.84
75.85
75.86
75.86
75.85
75.86
75.85
75.86
75.85
75.87
75.86
75.86
75.85
75.86
75.88
75.89
75.89
75.88
75.86
75.85
75.85
75.86
75.86
75.86
75.86
75.86
75.87
75.87
75.88
75.89
75.88
75.88
75.88
75.87
75.88
75.88
75.89
75.91
75.94
75.94
75.94
75.94
75.92
75.92
75.91
75.91
75.91
75.90
75.90
75.90
75.90
75.89
75.87
75.86
75.85
75.84
75.84
75.86
75.86
75.86
75.86
75.86
75.86
75.85
75.84
75.86
75.86
75.85
75.84
75.85
75.84
75.85
75.84
75.84
75.83
75.86
75.86
75.86
75.85
75.83
75.82
75.79
75.80
75.78
75.79
75.78
75.77
75.77
75.79
75.80
75.80
75.80
75.82
75.82
75.82
75.80
75.82
75.83
75.82
75.82
75.82
75.83
75.83
75.84
75.83
75.83
75.83
75.83
75.83
75.82
75.81
75.83
75.83
75.82
75.83
75.83
75.83
75.83
75.83
75.83
75.84
75.83
75.84
75.84
75.83
75.85
75.85
75.86
75.87
75.87
75.86
75.85
75.86
75.86
75.85
75.86
75.86
75.87
75.87
75.86
75.86
75.85
75.86
75.88
75.88
75.88
75.87
75.88
75.88
75.89
75.90
75.91
75.90
75.91
75.92
75.92
75.92
75.92
75.93
75.94
75.94
75.94
75.95
75.94
75.94
75.93
75.94
75.92
75.92
75.93
75.92
75.94
75.93
75.94
75.94
75.94
75.94
75.94
75.96
75.95
75.95
75.94
75.94
75.94
75.94
75.95
75.95
75.96
75.98
75.98
75.99
76.00
76.00
76.00
76.00
76.01
76.00
76.00
76.01
76.03
76.03
76.04
76.04
76.04
76.04
76.05
76.06
76.07
76.06
76.05
76.05
76.04
76.04
76.05
76.03
76.03
76.03
76.03
76.02
76.03
76.03
76.04
76.05
76.04
76.05
76.04
76.06
76.05
76.04
76.05
76.06
76.05
76.06
76.05
76.05
76.05
76.03
76.03
76.03
76.02
76.02
76.03
76.04
76.03
76.03
76.04
76.04
76.05
76.05
76.06
76.07
76.07
76.07
76.07
76.07
76.07
76.07
76.08
76.08
76.08
76.09
76.09
76.10
76.10
76.10
76.08
76.10
76.10
76.09
76.10
76.08
76.07
76.07
76.06
76.06
76.06
76.06
76.06
76.05
76.05
76.06
76.05
76.05
76.04
76.05
76.04
76.04
76.04
76.05
76.05
76.03
76.02
76.03
76.05
76.05
76.05
76.06
76.07
76.00
