75.00
74.22
75.00
74.61
77.19
76.56
77.01
76.76
77.08
76.72
76.42
76.56
76.44
76.00
76.46
76.76
76.56
76.82
77.14
77.11
77.46
77.49
76.97
77.15
77.19
77.16
77.26
77.29
77.16
76.93
77.12
77.15
77.13
77.25
77.19
77.21
76.86
76.77
76.52
76.48
76.41
76.64
76.42
76.53
76.39
76.32
76.53
76.40
76.31
76.34
76.23
76.08
76.18
76.07
76.14
76.14
76.21
76.10
76.11
76.15
76.28
76.44
76.44
76.46
76.42
76.35
76.35
76.36
76.27
76.25
76.23
76.19
76.18
76.25
76.21
76.19
76.22
76.20
76.21
76.19
76.12
75.95
75.94
75.97
75.90
75.94
76.01
76.07
76.16
76.18
76.10
75.95
76.01
76.10
76.18
76.16
76.26
76.23
76.20
76.14
76.08
76.06
76.05
76.07
76.12
76.15
76.18
76.16
76.18
76.11
76.00
75.98
75.98
76.04
75.92
75.90
75.88
75.89
75.95
75.92
75.89
75.92
75.95
75.93
75.95
75.98
76.01
76.04
76.07
76.07
76.06
75.94
75.88
75.89
75.88
75.97
76.04
76.02
76.00
76.00
75.94
75.97
75.91
75.86
75.88
75.86
75.84
75.87
75.89
75.84
75.88
75.85
75.87
75.84
75.78
75.75
75.79
75.81
75.81
75.83
75.86
75.85
75.85
75.90
75.87
75.88
75.88
75.87
75.87
75.85
75.89
75.90
75.90
75.91
75.93
75.87
75.84
75.82
75.83
75.85
75.85
75.85
75.88
75.82
75.88
75.86
75.89
75.88
75.87
75.90
75.90
75.92
75.93
75.93
75.93
75.92
75.93
75.89
75.87
75.83
75.78
75.80
75.79
75.80
75.76
75.79
75.78
75.75
75.76
75.76
75.78
75.78
75.73
75.75
75.76
75.72
75.67
75.70
75.69
75.72
75.71
75.70
75.76
75.77
75.74
75.75
75.72
75.73
75.74
75.73
75.75
75.76
75.74
75.73
75.69
75.72
75.74
75.71
75.76
75.77
75.78
75.77
75.77
75.79
75.78
75.77
75.78
75.81
75.82
75.81
75.80
75.79
75.79
75.82
75.83
75.82
75.81
75.79
75.79
75.80
75.81
75.82
75.83
75.80
75.82
75.79
75.80
75.78
75.80
75.78
75.77
75.78
75.73
75.69
75.69
75.66
75.67
75.66
75.67
75.67
75.66
75.65
75.67
75.68
75.67
75.68
75.65
75.65
75.64
75.65
75.68
75.70
75.73
75.72
75.71
75.71
75.66
75.67
75.66
75.67
75.66
75.65
75.64
75.67
75.70
75.70
75.70
75.70
75.68
75.73
75.71
75.71
75.71
75.70
75.70
75.71
75.73
75.72
75.70
75.70
75.69
75.71
75.72
75.73
75.74
75.72
75.69
75.70
75.71
75.71
75.72
75.73
75.73
75.76
75.76
75.74
75.77
75.75
75.76
75.79
75.82
75.83
75.82
75.82
75.81
75.83
75.86
75.88
75.89
75.90
75.87
75.88
75.89
75.88
75.89
75.90
75.90
75.91
75.91
75.90
75.90
75.90
75.87
75.83
75.84
75.84
75.86
75.87
75.87
75.87
75.86
75.85
75.84
75.83
75.81
75.82
75.82
75.81
75.82
75.85
75.85
75.88
75.88
75.90
75.90
75.91
75.90
75.87
75.87
75.86
75.85
75.85
75.83
75.83
75.82
75.84
75.85
75.85
75.85
75.83
75.85
75.84
75.84
75.84
75.83
75.82
75.83
75.83
75.85
75.86
75.86
75.86
75.87
75.86
75.87
75.88
75.87
75.87
75.87
75.87
75.88
75.86
75.85
75.85
75.86
75.86
75.87
75.89
75.89
75.90
75.90
75.91
75.89
75.87
75.89
75.90
75.92
75.92
75.94
75.96
75.96
75.96
75.96
75.97
75.99
76.00
75.98
75.99
76.00
75.99
75.98
75.99
75.98
75.98
75.95
75.96
75.97
75.96
75.97
75.99
76.01
76.01
75.99
75.98
75.97
75.98
75.98
75.96
75.98
75.97
75.95
75.96
75.94
75.95
75.95
75.95
75.94
75.93
75.92
75.93
75.91
75.92
75.92
75.94
75.94
75.93
75.92
75.93
75.94
75.93
75.94
75.96
75.98
75.97
75.94
75.95
75.97
75.97
75.94
75.94
75.93
75.92
75.92
75.93
75.93
75.93
75.94
75.94
75.94
75.95
75.94
75.93
75.94
75.94
75.94
75.94
75.94
75.94
75.97
75.96
75.95
75.96
75.98
75.99
75.99
75.98
75.99
76.00
76.00
76.01
76.03
76.02
76.02
76.01
76.01
76.01
76.01
76.03
76.03
76.01
76.01
76.00
76.00
76.00
76.01
76.01
76.02
76.04
76.04
76.05
76.06
76.05
76.04
76.04
76.05
76.05
76.05
76.05
76.05
76.05
76.04
76.05
76.04
76.05
76.03
76.01
76.03
76.03
76.01
76.01
76.00
76.00
75.99
75.98
75.99
75.98
75.97
75.97
75.97
75.95
75.96
75.96
75.97
75.98
75.98
75.98
75.97
75.98
75.99
76.00
76.00
76.01
76.03
76.03
76.03
76.04
76.04
76.05
76.04
76.04
76.06
76.06
76.06
76.05
76.04
76.05
76.06
76.06
76.06
76.05
76.04
76.04
76.05
76.03
76.02
76.02
76.02
76.01
76.01
76.01
76.02
76.02
76.02
76.02
76.02
76.01
76.01
76.01
76.00
76.00
76.01
76.00
76.00
75.99
75.97
75.97
75.98
75.99
75.99
75.99
75.99
76.01
76.01
76.01
76.02
76.02
76.03
76.02
76.03
76.03
76.03
76.03
76.03
76.04
76.03
76.03
76.03
76.03
76.01
76.01
76.01
76.00
75.99
76.00
76.01
76.01
76.00
76.01
76.01
76.02
76.02
76.02
76.01
76.01
76.00
76.01
76.00
76.00
75.98
75.98
75.99
76.00
76.00
75.99
75.99
76.00
76.00
76.00
76.01
76.00
76.00
75.99
75.99
76.00
76.00
76.01
76.00
76.00
76.01
76.01
76.03
76.03
76.03
76.04
76.04
76.05
76.06
76.07
76.05
76.06
76.08
76.07
76.07
76.07
76.07
76.07
76.07
76.08
76.07
76.07
76.07
76.07
76.08
76.08
76.08
76.09
76.10
76.08
76.10
76.10
76.11
76.11
76.12
76.11
76.11
76.11
76.12
76.12
76.12
76.13
76.13
76.12
76.12
76.12
76.13
76.12
76.12
76.12
76.12
76.11
76.11
76.11
76.10
76.10
76.10
76.10
76.10
76.11
76.10
76.10
76.11
76.11
76.12
76.12
76.12
76.12
76.13
76.14
76.13
76.13
76.14
76.13
76.14
76.14
76.13
76.13
76.13
76.13
76.14
76.14
76.14
76.07
