76.56
79.69
78.12
77.34
75.62
76.30
76.56
75.98
76.04
75.62
75.43
76.43
77.04
77.90
77.50
77.15
76.84
77.17
77.14
77.11
77.16
77.13
77.45
77.28
76.88
76.92
77.03
77.34
76.99
76.88
76.92
76.81
76.89
76.70
76.65
76.74
76.73
76.48
76.32
76.33
76.37
76.23
76.38
76.42
76.32
76.15
76.20
76.40
76.37
76.44
76.59
76.62
76.59
76.45
76.34
76.17
76.15
76.21
76.24
76.04
76.02
76.08
76.22
76.20
76.30
76.21
76.19
76.15
76.22
76.21
76.25
76.19
76.18
76.14
76.21
76.13
76.10
76.04
76.05
76.07
76.08
76.07
76.07
76.02
76.03
76.09
76.10
76.21
76.28
76.28
76.24
76.21
76.23
76.05
75.97
75.99
76.01
76.08
75.92
75.95
75.94
75.84
75.88
75.95
75.88
75.91
75.92
75.94
75.92
76.02
76.08
76.05
76.02
76.06
76.05
76.02
75.99
75.97
75.95
75.92
75.94
76.01
75.99
76.08
76.15
76.10
76.14
76.21
76.16
76.15
76.20
76.18
76.21
76.21
76.23
76.17
76.15
76.20
76.24
76.28
76.21
76.19
76.21
76.22
76.23
76.28
76.28
76.28
76.30
76.35
76.35
76.35
76.36
76.36
76.31
76.31
76.31
76.34
76.34
76.32
76.32
76.32
76.27
76.25
76.16
76.13
76.10
76.15
76.13
76.14
76.17
76.14
76.17
76.16
76.16
76.19
76.15
76.12
76.09
76.07
76.09
76.06
76.11
76.12
76.11
76.09
76.11
76.10
76.17
76.19
76.18
76.19
76.24
76.25
76.25
76.29
76.30
76.32
76.35
76.32
76.31
76.33
76.38
76.37
76.39
76.43
76.43
76.43
76.40
76.43
76.43
76.42
76.45
76.39
76.43
76.39
76.40
76.40
76.35
76.36
76.32
76.32
76.35
76.35
76.30
76.31
76.31
76.32
76.30
76.34
76.29
76.25
76.20
76.23
76.25
76.22
76.23
76.23
76.22
76.18
76.17
76.21
76.21
76.24
76.24
76.24
76.26
76.25
76.23
76.22
76.23
76.26
76.28
76.25
76.24
76.25
76.27
76.29
76.32
76.32
76.30
76.33
76.36
76.37
76.39
76.43
76.41
76.42
76.39
76.38
76.38
76.36
76.35
76.35
76.36
76.32
76.33
76.35
76.32
76.33
76.31
76.32
76.33
76.35
76.35
76.35
76.31
76.29
76.29
76.30
76.29
76.32
76.32
76.33
76.35
76.35
76.34
76.37
76.37
76.40
76.36
76.37
76.35
76.33
76.35
76.32
76.33
76.31
76.32
76.33
76.32
76.33
76.34
76.34
76.34
76.36
76.36
76.38
76.37
76.36
76.36
76.35
76.33
76.30
76.29
76.31
76.32
76.31
76.33
76.30
76.30
76.29
76.29
76.26
76.27
76.25
76.25
76.26
76.26
76.29
76.31
76.34
76.35
76.37
76.39
76.40
76.40
76.42
76.42
76.41
76.39
76.39
76.40
76.39
76.41
76.41
76.39
76.37
76.35
76.33
76.33
76.33
76.33
76.33
76.32
76.32
76.34
76.36
76.35
76.34
76.32
76.34
76.32
76.31
76.31
76.31
76.28
76.30
76.32
76.32
76.30
76.27
76.25
76.25
76.26
76.26
76.27
76.27
76.25
76.27
76.27
76.28
76.30
76.28
76.27
76.28
76.29
76.27
76.26
76.23
76.24
76.22
76.21
76.20
76.19
76.21
76.21
76.21
76.21
76.21
76.22
76.21
76.21
76.21
76.19
76.19
76.19
76.19
76.21
76.24
76.23
76.24
76.24
76.26
76.28
76.29
76.30
76.29
76.26
76.26
76.29
76.31
76.31
76.32
76.32
76.32
76.31
76.26
76.26
76.25
76.25
76.23
76.23
76.24
76.23
76.22
76.18
76.19
76.19
76.19
76.18
76.17
76.17
76.19
76.20
76.21
76.19
76.18
76.16
76.16
76.16
76.15
76.15
76.14
76.14
76.13
76.14
76.13
76.14
76.14
76.13
76.14
76.13
76.13
76.13
76.11
76.12
76.11
76.10
76.11
76.14
76.15
76.16
76.17
76.17
76.17
76.16
76.15
76.16
76.17
76.16
76.17
76.17
76.16
76.16
76.17
76.17
76.16
76.15
76.15
76.16
76.16
76.15
76.14
76.15
76.14
76.16
76.14
76.16
76.14
76.13
76.13
76.13
76.13
76.14
76.14
76.14
76.13
76.13
76.14
76.14
76.12
76.11
76.11
76.12
76.13
76.14
76.13
76.10
76.11
76.12
76.12
76.11
76.12
76.12
76.11
76.11
76.11
76.13
76.12
76.13
76.16
76.15
76.13
76.13
76.14
76.15
76.15
76.14
76.14
76.12
76.13
76.13
76.14
76.13
76.13
76.14
76.14
76.13
76.14
76.14
76.14
76.16
76.16
76.18
76.18
76.17
76.15
76.16
76.16
76.14
76.15
76.13
76.14
76.13
76.13
76.14
76.14
76.15
76.15
76.14
76.14
76.13
76.11
76.12
76.13
76.13
76.13
76.13
76.15
76.16
76.15
76.16
76.15
76.15
76.16
76.16
76.18
76.17
76.17
76.17
76.18
76.18
76.19
76.19
76.18
76.17
76.18
76.18
76.19
76.18
76.18
76.18
76.18
76.17
76.17
76.18
76.17
76.17
76.17
76.18
76.18
76.19
76.18
76.19
76.20
76.22
76.21
76.23
76.23
76.23
76.24
76.24
76.25
76.26
76.25
76.24
76.25
76.26
76.25
76.26
76.26
76.25
76.25
76.25
76.24
76.24
76.23
76.22
76.23
76.22
76.23
76.23
76.23
76.24
76.24
76.23
76.22
76.22
76.22
76.22
76.22
76.22
76.21
76.22
76.21
76.21
76.21
76.21
76.23
76.23
76.23
76.21
76.21
76.20
76.18
76.18
76.19
76.20
76.21
76.22
76.21
76.21
76.21
76.22
76.22
76.23
76.24
76.22
76.21
76.20
76.19
76.19
76.18
76.18
76.17
76.18
76.19
76.18
76.17
76.16
76.16
76.17
76.16
76.16
76.15
76.15
76.15
76.17
76.18
76.18
76.18
76.17
76.16
76.16
76.16
76.16
76.16
76.16
76.17
76.17
76.17
76.16
76.17
76.17
76.17
76.15
76.15
76.14
76.14
76.14
76.15
76.15
76.15
76.15
76.13
76.14
76.15
76.15
76.15
76.17
76.17
76.17
76.17
76.16
76.15
76.15
76.15
76.15
76.15
76.15
76.14
76.15
76.15
76.15
76.16
76.15
76.15
76.15
76.15
76.15
76.15
76.14
76.14
76.15
76.13
76.14
76.15
76.14
76.14
76.14
76.15
76.15
76.15
76.15
76.16
76.15
76.14
76.15
76.14
76.14
76.07
