71.88
74.22
76.04
75.00
76.25
75.78
75.67
76.76
75.87
75.78
76.56
76.17
75.36
75.33
75.00
75.00
75.00
75.09
75.16
75.47
75.22
75.36
75.34
75.39
75.44
75.54
75.00
75.28
75.38
75.31
75.30
75.20
75.28
75.46
75.58
75.61
75.72
75.78
75.76
75.70
75.72
75.63
75.55
75.67
75.69
75.82
75.76
76.04
76.28
76.19
76.47
76.41
76.30
76.30
76.39
76.45
76.51
76.43
76.48
76.61
76.51
76.64
76.66
76.66
76.63
76.54
76.66
76.70
76.65
76.72
76.76
76.82
76.82
76.82
76.81
76.75
76.85
76.90
76.72
76.66
76.64
76.66
76.66
76.67
76.62
76.49
76.47
76.46
76.47
76.56
76.48
76.44
76.43
76.33
76.33
76.40
76.43
76.43
76.39
76.39
76.44
76.36
76.40
76.37
76.44
76.46
76.36
76.40
76.39
76.32
76.27
76.26
76.36
76.47
76.56
76.54
76.52
76.56
76.56
76.61
76.54
76.60
76.59
76.51
76.49
76.50
76.48
76.38
76.39
76.43
76.46
76.47
76.49
76.46
76.50
76.46
76.46
76.40
76.37
76.35
76.33
76.39
76.43
76.49
76.44
76.46
76.49
76.52
76.54
76.52
76.38
76.42
76.45
76.45
76.46
76.48
76.53
76.48
76.42
76.31
76.32
76.37
76.35
76.38
76.41
76.42
76.47
76.44
76.44
76.46
76.41
76.44
76.42
76.42
76.46
76.49
76.52
76.54
76.55
76.57
76.55
76.54
76.53
76.54
76.58
76.53
76.51
76.50
76.52
76.56
76.59
76.61
76.64
76.66
76.65
76.64
76.63
76.62
76.60
76.60
76.59
76.58
76.59
76.59
76.59
76.56
76.57
76.59
76.57
76.53
76.54
76.58
76.55
76.56
76.54
76.52
76.53
76.56
76.57
76.57
76.57
76.56
76.61
76.62
76.63
76.64
76.65
76.67
76.69
76.66
76.66
76.68
76.66
76.66
76.69
76.66
76.64
76.63
76.67
76.65
76.62
76.63
76.65
76.63
76.65
76.64
76.62
76.59
76.61
76.61
76.62
76.60
76.59
76.64
76.64
76.64
76.61
76.57
76.55
76.56
76.53
76.51
76.51
76.50
76.49
76.50
76.48
76.47
76.44
76.45
76.46
76.42
76.41
76.42
76.42
76.42
76.35
76.36
76.35
76.39
76.40
76.41
76.40
76.41
76.44
76.43
76.42
76.42
76.41
76.38
76.36
76.36
76.38
76.40
76.42
76.42
76.42
76.43
76.42
76.42
76.42
76.42
76.41
76.44
76.45
76.45
76.43
76.43
76.42
76.41
76.42
76.41
76.40
76.40
76.42
76.41
76.40
76.38
76.39
76.39
76.38
76.40
76.43
76.43
76.46
76.46
76.44
76.41
76.41
76.39
76.39
76.38
76.39
76.39
76.39
76.38
76.38
76.39
76.39
76.36
76.37
76.37
76.36
76.36
76.37
76.38
76.40
76.37
76.39
76.37
76.36
76.35
76.35
76.33
76.32
76.33
76.31
76.29
76.28
76.28
76.28
76.27
76.29
76.28
76.28
76.30
76.30
76.29
76.31
76.30
76.28
76.29
76.28
76.30
76.26
76.25
76.24
76.23
76.24
76.25
76.24
76.24
76.24
76.22
76.25
76.26
76.27
76.26
76.27
76.26
76.24
76.25
76.27
76.28
76.29
76.31
76.30
76.29
76.27
76.25
76.26
76.25
76.25
76.23
76.26
76.23
76.25
76.25
76.25
76.25
76.27
76.29
76.29
76.28
76.30
76.30
76.29
76.29
76.29
76.28
76.26
76.28
76.28
76.29
76.29
76.28
76.28
76.31
76.30
76.29
76.29
76.29
76.30
76.30
76.30
76.29
76.31
76.29
76.29
76.27
76.30
76.30
76.30
76.30
76.30
76.29
76.27
76.28
76.28
76.29
76.29
76.30
76.30
76.30
76.28
76.30
76.31
76.31
76.29
76.28
76.27
76.29
76.25
76.26
76.26
76.25
76.23
76.21
76.21
76.22
76.24
76.23
76.23
76.23
76.23
76.23
76.22
76.21
76.23
76.22
76.24
76.23
76.24
76.26
76.24
76.23
76.21
76.21
76.20
76.21
76.19
76.20
76.19
76.17
76.17
76.16
76.16
76.18
76.18
76.19
76.17
76.14
76.13
76.12
76.12
76.11
76.11
76.10
76.12
76.11
76.11
76.12
76.10
76.12
76.12
76.12
76.13
76.15
76.15
76.15
76.15
76.15
76.15
76.14
76.14
76.13
76.15
76.13
76.13
76.13
76.13
76.15
76.14
76.16
76.14
76.15
76.15
76.15
76.14
76.13
76.13
76.13
76.13
76.12
76.13
76.11
76.11
76.11
76.10
76.08
76.08
76.08
76.06
76.05
76.06
76.06
76.05
76.04
76.05
76.05
76.04
76.03
76.03
76.03
76.03
76.04
76.04
76.04
76.04
76.04
76.04
76.05
76.04
76.03
76.02
76.04
76.03
76.02
76.03
76.04
76.02
76.02
76.03
76.01
76.02
76.02
76.02
76.02
76.00
76.02
76.01
76.02
76.02
76.02
76.01
76.01
76.03
76.04
76.05
76.05
76.03
76.02
76.02
76.01
76.03
76.03
76.00
76.01
76.02
76.02
76.00
76.02
76.03
76.03
76.02
76.02
76.04
76.04
76.06
76.06
76.07
76.06
76.04
76.04
76.04
76.05
76.05
76.05
76.07
76.07
76.05
76.06
76.06
76.07
76.05
76.05
76.06
76.07
76.07
76.08
76.08
76.08
76.07
76.08
76.08
76.08
76.10
76.09
76.08
76.09
76.09
76.10
76.10
76.09
76.09
76.09
76.09
76.07
76.09
76.09
76.09
76.08
76.08
76.09
76.09
76.09
76.08
76.07
76.06
76.06
76.05
76.05
76.04
76.05
76.05
76.06
76.06
76.06
76.07
76.06
76.06
76.07
76.06
76.07
76.07
76.06
76.06
76.06
76.05
76.06
76.05
76.06
76.07
76.06
76.07
76.08
76.08
76.07
76.07
76.07
76.06
76.06
76.06
76.06
76.06
76.05
76.05
76.05
76.06
76.07
76.06
76.05
76.05
76.06
76.06
76.07
76.07
76.06
76.07
76.07
76.06
76.06
76.07
76.08
76.08
76.08
76.08
76.09
76.09
76.09
76.10
76.11
76.10
76.10
76.10
76.10
76.10
76.10
76.11
76.11
76.11
76.11
76.12
76.12
76.13
76.13
76.13
76.13
76.12
76.13
76.13
76.14
76.13
76.13
76.13
76.15
76.14
76.14
76.14
76.14
76.14
76.13
76.14
76.13
76.14
76.14
76.14
76.14
76.15
76.14
76.14
76.14
76.14
76.13
76.14
76.14
76.14
76.15
76.14
76.14
76.15
76.08
