79.69
74.22
74.48
76.17
76.88
76.56
76.56
77.54
77.43
74.69
75.00
75.00
75.48
75.78
75.94
75.98
75.83
75.69
75.74
75.62
75.82
75.36
75.07
75.20
75.25
75.60
75.35
74.83
74.89
74.84
74.90
74.80
74.67
74.82
74.87
75.04
75.08
75.08
74.92
74.96
74.92
75.11
74.93
75.14
75.17
75.07
75.17
75.33
75.22
75.00
75.15
75.18
75.18
75.14
75.14
75.20
75.14
75.11
75.08
75.13
75.08
75.15
75.17
75.24
75.24
75.38
75.42
75.41
75.43
75.45
75.46
75.46
75.51
75.53
75.50
75.39
75.43
75.48
75.49
75.45
75.44
75.44
75.49
75.54
75.50
75.60
75.75
75.78
75.86
75.82
75.79
75.76
75.79
75.83
75.81
75.83
75.89
75.91
75.99
75.98
75.90
75.83
75.77
75.84
75.86
75.81
75.76
75.82
75.95
75.97
76.03
76.00
76.05
76.14
76.20
76.14
76.19
76.22
76.25
76.29
76.32
76.34
76.32
76.37
76.41
76.41
76.44
76.34
76.41
76.38
76.38
76.37
76.35
76.32
76.32
76.30
76.24
76.22
76.28
76.27
76.25
76.30
76.30
76.31
76.22
76.24
76.29
76.29
76.24
76.24
76.18
76.17
76.18
76.17
76.21
76.16
76.17
76.19
76.22
76.17
76.16
76.16
76.11
76.12
76.10
76.04
76.07
76.10
76.06
76.05
76.09
76.07
76.07
76.04
76.04
76.03
76.01
75.98
75.97
75.91
75.92
75.94
75.92
75.91
75.92
75.97
75.96
76.00
75.99
76.03
76.01
75.99
75.98
76.00
76.00
76.03
76.02
76.04
76.02
76.05
76.02
76.03
76.06
76.07
76.05
76.04
76.01
76.03
76.04
76.09
76.10
76.10
76.06
76.02
76.01
76.03
76.03
76.02
76.00
75.99
75.97
75.96
75.97
75.97
75.96
75.96
75.94
75.93
75.95
75.93
75.99
75.98
76.01
75.99
75.99
75.99
75.99
76.02
76.01
76.02
76.04
76.03
76.05
76.01
76.04
76.04
76.06
76.02
75.99
75.98
76.00
75.99
75.98
76.00
75.99
75.98
75.98
75.99
75.98
76.02
75.99
75.98
75.98
75.99
76.02
76.04
76.04
76.03
76.03
76.05
76.04
76.03
76.03
76.04
76.01
76.00
76.03
76.05
76.05
76.05
76.03
76.03
76.05
76.07
76.08
76.11
76.12
76.05
76.04
76.02
76.05
76.00
76.02
76.01
75.96
75.96
75.95
75.93
75.88
75.85
75.88
75.87
75.86
75.86
75.86
75.86
75.87
75.86
75.84
75.85
75.84
75.84
75.85
75.88
75.90
75.90
75.90
75.90
75.90
75.87
75.87
75.87
75.86
75.83
75.85
75.86
75.86
75.89
75.92
75.92
75.93
75.95
75.96
75.98
76.00
76.00
75.97
75.96
75.98
76.00
75.98
75.98
75.95
75.96
75.98
75.99
75.99
75.99
76.01
76.00
76.02
76.03
76.02
76.02
76.02
76.02
76.02
76.05
76.04
76.03
76.06
76.08
76.07
76.09
76.12
76.13
76.13
76.13
76.11
76.12
76.11
76.09
76.10
76.09
76.07
76.08
76.07
76.09
76.09
76.11
76.11
76.12
76.11
76.11
76.08
76.08
76.09
76.06
76.06
76.05
76.05
76.04
76.03
76.05
76.04
76.03
76.02
76.01
76.00
75.99
75.99
75.99
76.01
76.02
76.03
76.02
76.00
76.01
76.02
76.01
76.00
76.00
75.97
75.95
75.95
75.96
75.99
75.99
76.00
76.01
76.02
76.03
76.02
76.04
76.03
76.02
76.01
76.01
76.02
76.02
76.01
76.00
76.00
76.00
76.01
76.00
76.01
76.02
76.02
76.02
76.03
76.01
76.01
76.03
76.00
75.99
76.00
76.00
76.00
75.98
75.98
75.97
75.98
75.98
75.99
76.01
76.01
76.02
76.01
75.99
75.98
75.98
75.97
75.96
75.97
75.96
75.93
75.94
75.94
75.94
75.95
75.94
75.94
75.95
75.95
75.94
75.93
75.94
75.93
75.92
75.92
75.91
75.91
75.90
75.90
75.90
75.92
75.93
75.92
75.91
75.93
75.93
75.92
75.92
75.92
75.92
75.91
75.92
75.92
75.93
75.93
75.93
75.92
75.92
75.93
75.93
75.93
75.92
75.93
75.91
75.92
75.92
75.93
75.92
75.91
75.91
75.89
75.89
75.89
75.89
75.89
75.89
75.91
75.92
75.90
75.90
75.88
75.88
75.89
75.90
75.89
75.87
75.87
75.88
75.89
75.90
75.90
75.89
75.88
75.87
75.86
75.87
75.87
75.87
75.87
75.88
75.89
75.90
75.89
75.89
75.88
75.87
75.86
75.85
75.86
75.88
75.86
75.87
75.88
75.89
75.89
75.90
75.90
75.89
75.90
75.91
75.92
75.93
75.93
75.94
75.95
75.96
75.96
75.96
75.95
75.93
75.94
75.94
75.94
75.94
75.93
75.93
75.93
75.94
75.95
75.96
75.96
75.97
75.99
76.01
76.00
75.99
76.00
76.01
76.00
76.01
76.01
76.02
76.02
76.01
76.00
75.99
76.00
76.00
76.01
76.01
76.00
76.00
75.99
75.98
75.98
75.98
75.98
75.98
75.98
75.98
75.97
75.97
75.98
75.97
75.97
75.97
75.95
75.95
75.94
75.95
75.95
75.96
75.95
75.94
75.93
75.93
75.93
75.92
75.92
75.92
75.92
75.94
75.94
75.94
75.92
75.92
75.91
75.91
75.91
75.90
75.91
75.91
75.90
75.89
75.88
75.88
75.87
75.86
75.87
75.87
75.87
75.87
75.86
75.87
75.86
75.86
75.86
75.86
75.87
75.87
75.86
75.87
75.87
75.87
75.87
75.88
75.89
75.88
75.88
75.87
75.87
75.88
75.90
75.89
75.89
75.90
75.92
75.90
75.92
75.93
75.94
75.94
75.93
75.92
75.93
75.93
75.93
75.94
75.95
75.94
75.96
75.96
75.97
75.96
75.96
75.96
75.95
75.96
75.97
75.98
75.99
75.98
75.97
75.97
75.98
75.99
75.98
75.98
75.99
76.00
76.00
76.00
75.98
75.99
75.99
76.00
76.00
76.01
76.02
76.03
76.03
76.05
76.06
76.07
76.07
76.07
76.06
76.07
76.09
76.08
76.09
76.09
76.09
76.09
76.10
76.11
76.11
76.12
76.11
76.11
76.10
76.10
76.11
76.11
76.09
76.10
76.10
76.12
76.13
76.13
76.12
76.12
76.13
76.13
76.14
76.13
76.13
76.13
76.14
76.14
76.14
76.15
76.15
76.15
76.16
76.16
76.15
76.15
76.16
76.16
76.17
76.17
76.18
76.17
76.16
76.09
