73.44
79.69
80.21
78.91
78.75
78.65
76.56
75.59
75.69
75.00
74.86
75.13
75.12
75.67
74.90
75.10
75.09
74.91
74.92
74.77
75.00
74.93
75.14
75.33
75.19
75.18
75.23
75.33
75.38
75.10
75.10
75.34
75.14
75.32
75.36
75.26
75.21
75.16
75.36
75.20
75.27
75.19
75.33
75.28
75.35
75.31
75.27
75.42
75.03
75.03
75.09
75.09
74.97
74.86
74.91
74.89
74.97
74.97
75.05
75.08
75.03
75.05
75.02
75.07
75.19
75.21
75.19
75.21
75.20
75.31
75.11
75.09
75.19
75.25
75.21
75.31
75.28
75.28
75.32
75.20
75.10
75.04
75.04
75.13
75.13
75.22
75.25
75.30
75.28
75.23
75.27
75.31
75.34
75.35
75.33
75.29
75.31
75.29
75.33
75.42
75.39
75.35
75.39
75.45
75.42
75.52
75.48
75.51
75.47
75.45
75.42
75.36
75.46
75.45
75.50
75.50
75.47
75.48
75.45
75.46
75.48
75.49
75.44
75.50
75.44
75.35
75.37
75.32
75.34
75.36
75.32
75.28
75.33
75.37
75.38
75.44
75.43
75.42
75.42
75.38
75.44
75.41
75.34
75.35
75.33
75.34
75.31
75.30
75.33
75.30
75.33
75.32
75.33
75.41
75.41
75.37
75.35
75.38
75.40
75.39
75.39
75.36
75.38
75.43
75.47
75.47
75.45
75.45
75.43
75.41
75.47
75.46
75.50
75.55
75.55
75.53
75.52
75.51
75.48
75.44
75.45
75.43
75.45
75.44
75.45
75.45
75.50
75.46
75.45
75.47
75.47
75.45
75.41
75.44
75.48
75.42
75.41
75.40
75.38
75.39
75.38
75.41
75.40
75.34
75.40
75.32
75.38
75.41
75.43
75.42
75.44
75.45
75.48
75.53
75.52
75.52
75.53
75.49
75.47
75.49
75.47
75.47
75.49
75.50
75.53
75.54
75.56
75.58
75.56
75.55
75.55
75.52
75.50
75.48
75.51
75.52
75.53
75.54
75.52
75.48
75.49
75.43
75.42
75.43
75.41
75.39
75.42
75.40
75.38
75.35
75.37
75.37
75.39
75.39
75.37
75.41
75.41
75.40
75.42
75.41
75.42
75.43
75.45
75.44
75.41
75.43
75.43
75.45
75.44
75.45
75.44
75.43
75.44
75.46
75.44
75.44
75.42
75.41
75.40
75.41
75.40
75.38
75.40
75.40
75.40
75.40
75.38
75.37
75.37
75.37
75.39
75.38
75.35
75.34
75.31
75.29
75.29
75.26
75.24
75.26
75.26
75.28
75.27
75.26
75.28
75.29
75.27
75.28
75.27
75.27
75.27
75.27
75.29
75.32
75.30
75.30
75.31
75.30
75.30
75.29
75.29
75.27
75.26
75.25
75.21
75.21
75.24
75.24
75.24
75.23
75.23
75.25
75.23
75.22
75.20
75.18
75.19
75.18
75.18
75.18
75.19
75.18
75.19
75.19
75.19
75.22
75.23
75.26
75.28
75.27
75.28
75.29
75.30
75.29
75.29
75.28
75.28
75.31
75.31
75.27
75.25
75.25
75.26
75.27
75.30
75.29
75.29
75.27
75.28
75.30
75.30
75.29
75.28
75.27
75.30
75.28
75.28
75.27
75.28
75.26
75.26
75.26
75.26
75.25
75.25
75.26
75.27
75.26
75.25
75.25
75.26
75.25
75.27
75.24
75.27
75.25
75.26
75.26
75.25
75.21
75.21
75.22
75.24
75.26
75.23
75.23
75.23
75.24
75.24
75.23
75.23
75.23
75.21
75.23
75.23
75.25
75.27
75.26
75.26
75.28
75.27
75.27
75.28
75.29
75.25
75.25
75.25
75.26
75.25
75.25
75.26
75.29
75.29
75.31
75.29
75.28
75.28
75.29
75.28
75.27
75.27
75.26
75.26
75.26
75.25
75.25
75.25
75.25
75.25
75.26
75.25
75.22
75.24
75.24
75.23
75.20
75.20
75.17
75.16
75.17
75.16
75.16
75.16
75.17
75.17
75.19
75.18
75.19
75.21
75.21
75.22
75.24
75.26
75.26
75.29
75.28
75.29
75.30
75.31
75.34
75.34
75.35
75.35
75.36
75.35
75.35
75.36
75.35
75.34
75.32
75.33
75.33
75.34
75.34
75.36
75.36
75.36
75.38
75.40
75.41
75.42
75.42
75.42
75.42
75.42
75.41
75.40
75.41
75.42
75.42
75.40
75.39
75.39
75.40
75.41
75.40
75.39
75.40
75.40
75.41
75.40
75.40
75.42
75.43
75.44
75.44
75.44
75.44
75.45
75.46
75.47
75.46
75.45
75.43
75.44
75.44
75.44
75.45
75.46
75.48
75.50
75.48
75.49
75.47
75.47
75.46
75.48
75.48
75.49
75.49
75.49
75.50
75.49
75.49
75.48
75.49
75.47
75.47
75.48
75.48
75.45
75.43
75.42
75.42
75.42
75.43
75.42
75.40
75.40
75.40
75.39
75.39
75.38
75.37
75.36
75.36
75.35
75.36
75.36
75.36
75.37
75.37
75.37
75.39
75.39
75.41
75.41
75.42
75.44
75.44
75.45
75.45
75.46
75.46
75.48
75.48
75.49
75.50
75.49
75.49
75.51
75.52
75.52
75.51
75.51
75.51
75.52
75.54
75.54
75.55
75.53
75.52
75.52
75.52
75.52
75.53
75.52
75.52
75.51
75.51
75.53
75.53
75.51
75.52
75.52
75.53
75.54
75.54
75.53
75.53
75.53
75.53
75.54
75.53
75.53
75.54
75.55
75.54
75.54
75.53
75.54
75.55
75.55
75.55
75.56
75.56
75.55
75.57
75.57
75.57
75.58
75.58
75.59
75.59
75.59
75.61
75.61
75.60
75.59
75.60
75.59
75.60
75.60
75.61
75.62
75.63
75.63
75.64
75.63
75.64
75.65
75.64
75.64
75.65
75.64
75.65
75.65
75.66
75.67
75.67
75.67
75.67
75.67
75.68
75.68
75.67
75.68
75.67
75.65
75.65
75.65
75.65
75.65
75.65
75.65
75.64
75.65
75.67
75.68
75.68
75.69
75.69
75.68
75.69
75.69
75.69
75.68
75.68
75.69
75.69
75.69
75.71
75.71
75.70
75.70
75.69
75.69
75.71
75.70
75.70
75.70
75.71
75.71
75.70
75.70
75.70
75.70
75.69
75.69
75.67
75.67
75.68
75.69
75.69
75.71
75.70
75.68
75.70
75.68
75.68
75.67
75.68
75.67
75.67
75.68
75.68
75.67
75.68
75.69
75.69
75.69
75.69
75.69
75.69
75.70
75.70
75.71
75.71
75.69
75.71
75.70
75.71
75.70
75.71
75.70
75.69
75.69
75.69
75.69
75.71
75.71
75.71
75.72
75.72
75.72
75.72
75.71
75.71
75.69
75.69
75.69
75.62
