7.81
10.16
7.29
7.03
7.81
8.59
8.04
8.59
8.85
9.06
9.09
9.24
9.38
9.93
9.90
9.86
10.02
9.98
9.87
10.16
10.42
10.37
10.39
10.22
10.25
10.16
9.95
9.99
10.13
10.42
10.58
10.79
10.70
10.66
10.54
10.76
10.73
10.81
10.98
10.94
10.94
10.90
10.83
11.01
10.97
10.87
11.07
11.00
11.07
10.97
10.94
10.91
10.82
10.85
10.99
11.05
11.02
11.10
11.12
11.09
11.17
11.24
11.16
11.28
11.25
11.25
11.17
11.12
11.07
11.03
11.11
11.07
11.04
11.00
10.94
10.96
11.00
10.94
10.94
10.96
10.96
10.99
11.01
11.05
11.07
11.05
11.15
11.13
11.13
11.13
11.14
11.14
11.17
11.19
11.20
11.18
11.18
11.14
11.22
11.31
11.32
11.29
11.30
11.36
11.32
11.31
11.32
11.30
11.30
11.29
11.35
11.36
11.37
11.38
11.39
11.37
11.34
11.35
11.33
11.33
11.30
11.31
11.36
11.35
11.36
11.36
11.29
11.36
11.36
11.35
11.39
11.36
11.38
11.38
11.41
11.43
11.42
11.42
11.42
11.41
11.41
11.40
11.37
11.35
11.36
11.30
11.30
11.29
11.29
11.31
11.36
11.35
11.35
11.35
11.38
11.40
11.40
11.40
11.34
11.36
11.39
11.36
11.34
11.36
11.35
11.39
11.35
11.35
11.34
11.32
11.32
11.32
11.32
11.33
11.33
11.35
11.39
11.36
11.35
11.35
11.35
11.38
11.39
11.37
11.34
11.35
11.35
11.34
11.31
11.29
11.28
11.30
11.34
11.33
11.33
11.31
11.33
11.28
11.28
11.28
11.29
11.27
11.25
11.26
11.27
11.28
11.29
11.28
11.27
11.30
11.29
11.28
11.27
11.30
11.30
11.30
11.29
11.28
11.31
11.31
11.31
11.32
11.38
11.38
11.38
11.39
11.38
11.37
11.38
11.38
11.39
11.40
11.41
11.42
11.44
11.44
11.44
11.44
11.45
11.45
11.48
11.49
11.47
11.45
11.47
11.46
11.47
11.47
11.45
11.47
11.45
11.45
11.45
11.47
11.44
11.45
11.45
11.44
11.46
11.48
11.48
11.47
11.48
11.48
11.47
11.46
11.47
11.46
11.48
11.48
11.49
11.49
11.49
11.48
11.46
11.45
11.46
11.46
11.46
11.48
11.47
11.50
11.47
11.47
11.49
11.47
11.45
11.45
11.44
11.43
11.43
11.42
11.41
11.42
11.41
11.41
11.40
11.40
11.39
11.40
11.38
11.38
11.38
11.37
11.38
11.37
11.37
11.37
11.36
11.34
11.31
11.32
11.34
11.35
11.34
11.35
11.33
11.36
11.37
11.38
11.36
11.36
11.35
11.35
11.36
11.37
11.35
11.37
11.37
11.37
11.37
11.37
11.37
11.36
11.38
11.37
11.37
11.40
11.39
11.39
11.39
11.40
11.37
11.39
11.42
11.40
11.40
11.39
11.38
11.36
11.36
11.36
11.34
11.35
11.37
11.38
11.38
11.39
11.40
11.40
11.40
11.41
11.41
11.40
11.40
11.41
11.42
11.43
11.41
11.41
11.40
11.40
11.39
11.38
11.40
11.39
11.39
11.40
11.42
11.41
11.42
11.43
11.43
11.44
11.42
11.42
11.42
11.43
11.44
11.44
11.45
11.45
11.45
11.45
11.44
11.44
11.43
11.44
11.43
11.44
11.46
11.46
11.46
11.46
11.46
11.45
11.45
11.45
11.44
11.44
11.43
11.45
11.44
11.43
11.43
11.45
11.44
11.44
11.44
11.44
11.45
11.45
11.45
11.47
11.47
11.49
11.49
11.50
11.49
11.51
11.50
11.49
11.48
11.48
11.49
11.49
11.49
11.50
11.51
11.51
11.50
11.48
11.49
11.49
11.49
11.48
11.50
11.52
11.51
11.50
11.50
11.53
11.53
11.52
11.52
11.52
11.53
11.52
11.51
11.50
11.50
11.50
11.50
11.49
11.49
11.48
11.49
11.51
11.52
11.52
11.51
11.49
11.51
11.50
11.49
11.49
11.50
11.49
11.49
11.50
11.50
11.49
11.50
11.50
11.49
11.51
11.50
11.50
11.49
11.49
11.49
11.47
11.48
11.47
11.46
11.46
11.46
11.45
11.46
11.47
11.47
11.48
11.48
11.48
11.50
11.51
11.50
11.51
11.51
11.50
11.51
11.51
11.51
11.49
11.49
11.49
11.48
11.50
11.52
11.52
11.53
11.54
11.54
11.54
11.55
11.55
11.55
11.56
11.55
11.56
11.56
11.56
11.57
11.58
11.58
11.59
11.58
11.58
11.58
11.58
11.57
11.57
11.58
11.59
11.59
11.58
11.57
11.56
11.56
11.57
11.56
11.56
11.54
11.56
11.55
11.53
11.53
11.54
11.53
11.53
11.53
11.52
11.51
11.51
11.52
11.52
11.52
11.52
11.52
11.53
11.53
11.54
11.54
11.55
11.55
11.55
11.55
11.54
11.53
11.52
11.52
11.51
11.52
11.51
11.51
11.51
11.51
11.50
11.50
11.50
11.49
11.49
11.49
11.48
11.48
11.47
11.47
11.48
11.48
11.48
11.48
11.48
11.47
11.47
11.47
11.47
11.48
11.47
11.47
11.48
11.48
11.48
11.47
11.47
11.48
11.47
11.46
11.47
11.47
11.48
11.48
11.47
11.47
11.46
11.46
11.46
11.47
11.46
11.46
11.46
11.46
11.46
11.48
11.48
11.47
11.48
11.46
11.47
11.46
11.45
11.47
11.47
11.46
11.46
11.46
11.47
11.46
11.47
11.47
11.46
11.48
11.47
11.47
11.47
11.47
11.47
11.47
11.47
11.47
11.48
11.49
11.48
11.49
11.48
11.48
11.47
11.47
11.46
11.45
11.45
11.45
11.45
11.45
11.45
11.46
11.46
11.46
11.46
11.46
11.46
11.46
11.47
11.47
11.47
11.46
11.46
11.46
11.46
11.45
11.45
11.46
11.45
11.46
11.46
11.46
11.46
11.45
11.45
11.46
11.46
11.46
11.46
11.46
11.46
11.46
11.47
11.47
11.47
11.47
11.47
11.47
11.46
11.47
11.46
11.46
11.47
11.46
11.46
11.47
11.46
11.45
11.45
11.44
11.43
11.43
11.43
11.44
11.44
11.43
11.43
11.44
11.44
11.44
11.44
11.43
11.43
11.43
11.43
11.43
11.43
11.43
11.43
11.43
11.44
11.45
11.44
11.44
11.45
11.44
11.45
11.45
11.45
11.46
11.45
11.45
11.45
11.46
11.46
11.46
11.46
11.46
11.47
11.46
11.47
11.47
11.48
11.48
11.47
11.48
11.48
11.49
11.48
11.48
11.48
11.48
11.47
11.46
11.46
11.46
11.46
11.47
11.45
