73.44
71.88
72.92
73.05
73.75
74.22
74.55
74.80
75.35
74.84
75.00
75.39
74.64
74.67
75.10
74.90
75.09
74.83
73.77
73.67
73.88
74.15
74.25
74.28
74.00
74.28
74.13
74.50
74.35
74.74
74.65
74.80
74.95
75.23
75.49
75.56
75.46
75.49
75.56
75.59
75.65
75.71
75.76
75.75
75.76
75.65
75.83
75.94
75.83
75.78
76.04
75.99
75.88
75.95
76.11
76.23
76.15
76.21
76.27
76.25
76.26
76.18
76.29
76.22
76.23
76.28
76.33
76.47
76.52
76.43
76.34
76.41
76.48
76.54
76.48
76.60
76.60
76.52
76.50
76.48
76.43
76.45
76.47
76.51
76.49
76.42
76.49
76.37
76.28
76.16
76.10
76.05
76.08
76.03
76.09
76.07
76.11
76.02
76.03
75.98
75.97
76.06
76.03
76.01
75.92
75.93
75.89
75.94
75.90
75.97
76.04
76.12
76.11
76.07
76.03
76.08
76.11
76.11
76.10
76.09
76.11
76.10
76.09
76.08
76.06
76.03
75.96
75.98
75.92
75.85
75.87
75.82
75.75
75.72
75.66
75.74
75.78
75.77
75.78
75.80
75.79
75.83
75.86
75.90
75.89
75.89
75.87
75.91
75.93
76.00
76.06
76.03
76.03
75.96
75.99
75.98
75.99
75.97
76.01
76.04
76.00
76.01
76.00
75.98
75.94
75.90
75.90
75.90
75.89
75.88
75.90
75.91
75.95
75.97
76.01
76.01
76.00
76.00
76.03
76.03
76.03
76.02
76.02
76.03
76.02
76.02
76.04
76.06
76.07
76.09
76.07
76.05
76.08
76.13
76.10
76.14
76.13
76.14
76.17
76.16
76.14
76.13
76.11
76.17
76.17
76.20
76.23
76.20
76.24
76.20
76.16
76.16
76.12
76.13
76.16
76.19
76.20
76.16
76.16
76.16
76.17
76.16
76.16
76.14
76.14
76.16
76.14
76.11
76.12
76.13
76.14
76.19
76.19
76.24
76.24
76.22
76.20
76.19
76.22
76.24
76.24
76.25
76.27
76.25
76.23
76.23
76.26
76.26
76.24
76.19
76.20
76.17
76.19
76.19
76.18
76.20
76.19
76.19
76.18
76.16
76.13
76.07
76.09
76.11
76.08
76.11
76.11
76.12
76.13
76.11
76.11
76.09
76.08
76.09
76.09
76.05
76.05
76.03
76.01
76.01
75.99
75.95
75.93
75.94
75.98
76.01
76.00
76.02
76.02
76.03
76.04
76.01
75.99
76.00
76.00
76.00
76.00
76.01
76.02
76.02
76.01
76.01
76.02
76.02
76.04
76.04
76.02
76.02
76.03
76.03
76.05
76.07
76.10
76.10
76.13
76.14
76.12
76.12
76.13
76.12
76.14
76.11
76.08
76.10
76.12
76.13
76.15
76.14
76.13
76.13
76.13
76.13
76.12
76.12
76.11
76.13
76.13
76.15
76.18
76.17
76.17
76.16
76.16
76.15
76.15
76.12
76.14
76.18
76.17
76.17
76.18
76.20
76.22
76.24
76.25
76.25
76.23
76.21
76.23
76.25
76.22
76.21
76.22
76.23
76.23
76.23
76.23
76.21
76.23
76.24
76.24
76.23
76.22
76.20
76.20
76.22
76.22
76.22
76.18
76.17
76.17
76.15
76.17
76.18
76.16
76.17
76.16
76.18
76.19
76.17
76.15
76.14
76.14
76.15
76.17
76.16
76.15
76.15
76.14
76.14
76.16
76.16
76.15
76.16
76.17
76.19
76.21
76.20
76.20
76.22
76.22
76.23
76.23
76.23
76.22
76.22
76.22
76.24
76.25
76.26
76.24
76.24
76.29
76.28
76.28
76.29
76.28
76.28
76.27
76.26
76.25
76.26
76.24
76.22
76.22
76.21
76.21
76.22
76.23
76.23
76.23
76.24
76.25
76.22
76.22
76.23
76.24
76.23
76.24
76.26
76.26
76.27
76.26
76.28
76.28
76.26
76.24
76.23
76.25
76.22
76.20
76.22
76.23
76.24
76.23
76.22
76.22
76.22
76.22
76.23
76.26
76.25
76.24
76.24
76.24
76.22
76.22
76.23
76.24
76.23
76.22
76.24
76.23
76.22
76.22
76.22
76.24
76.25
76.27
76.28
76.27
76.26
76.26
76.27
76.27
76.27
76.26
76.27
76.25
76.25
76.27
76.28
76.28
76.26
76.27
76.28
76.26
76.23
76.22
76.23
76.21
76.21
76.22
76.22
76.22
76.22
76.22
76.22
76.23
76.22
76.22
76.22
76.21
76.20
76.20
76.20
76.21
76.21
76.20
76.20
76.19
76.18
76.18
76.19
76.20
76.19
76.18
76.18
76.18
76.20
76.18
76.18
76.16
76.16
76.16
76.16
76.16
76.17
76.17
76.17
76.18
76.18
76.17
76.18
76.16
76.17
76.15
76.16
76.17
76.16
76.16
76.15
76.15
76.14
76.14
76.14
76.12
76.13
76.12
76.13
76.13
76.13
76.14
76.14
76.14
76.14
76.13
76.13
76.14
76.14
76.15
76.14
76.14
76.14
76.14
76.12
76.13
76.13
76.12
76.13
76.12
76.12
76.12
76.12
76.13
76.14
76.13
76.12
76.10
76.10
76.12
76.10
76.10
76.10
76.08
76.09
76.11
76.11
76.10
76.10
76.11
76.13
76.12
76.12
76.13
76.13
76.13
76.13
76.14
76.13
76.12
76.14
76.14
76.15
76.16
76.16
76.17
76.16
76.17
76.16
76.17
76.16
76.16
76.16
76.17
76.16
76.16
76.17
76.17
76.17
76.17
76.16
76.16
76.15
76.15
76.16
76.17
76.15
76.17
76.17
76.17
76.16
76.16
76.14
76.12
76.14
76.13
76.13
76.14
76.13
76.13
76.13
76.12
76.13
76.12
76.12
76.12
76.12
76.10
76.11
76.12
76.11
76.10
76.12
76.12
76.13
76.13
76.13
76.13
76.13
76.12
76.12
76.11
76.12
76.12
76.13
76.13
76.11
76.10
76.09
76.09
76.09
76.10
76.09
76.10
76.10
76.10
76.11
76.09
76.09
76.08
76.08
76.08
76.09
76.09
76.10
76.10
76.09
76.08
76.08
76.07
76.07
76.07
76.08
76.09
76.08
76.08
76.08
76.09
76.10
76.09
76.08
76.08
76.08
76.08
76.09
76.08
76.08
76.08
76.09
76.08
76.06
76.06
76.07
76.07
76.06
76.07
76.06
76.06
76.07
76.08
76.09
76.09
76.08
76.08
76.09
76.09
76.10
76.09
76.09
76.10
76.11
76.11
76.12
76.13
76.13
76.13
76.12
76.11
76.11
76.10
76.11
76.11
76.11
76.11
76.11
76.11
76.11
76.11
76.10
76.11
76.11
76.12
76.13
76.14
76.14
76.14
76.13
76.15
76.15
76.15
76.07
