89.06
85.16
82.81
79.69
79.38
79.17
76.79
77.54
77.78
77.97
78.12
78.26
77.88
78.01
77.60
77.64
77.67
77.86
77.96
78.05
77.75
77.98
77.85
77.80
77.75
77.64
77.78
77.57
77.69
77.76
77.72
77.73
77.84
77.99
77.99
77.99
78.17
77.92
77.68
77.77
77.71
77.90
77.54
77.63
77.57
77.48
77.33
77.31
77.14
77.16
77.27
77.28
77.42
77.46
77.22
77.29
77.11
77.07
77.12
77.08
77.28
77.19
77.16
77.15
77.02
76.78
76.77
76.70
76.63
76.74
76.76
76.74
76.78
76.56
76.58
76.60
76.56
76.56
76.56
76.64
76.62
76.62
76.66
76.60
76.65
76.71
76.80
76.76
76.81
76.72
76.58
76.53
76.50
76.55
76.55
76.51
76.45
76.47
76.40
76.38
76.35
76.29
76.37
76.28
76.28
76.21
76.18
76.20
76.15
76.12
76.18
76.16
76.16
76.18
76.13
76.10
76.03
76.02
76.09
76.09
76.08
76.06
76.08
76.11
76.15
76.15
76.14
76.15
76.17
76.11
76.13
76.16
76.19
76.13
76.09
76.16
76.16
76.21
76.27
76.26
76.22
76.12
76.10
76.05
76.01
76.04
76.09
76.08
76.11
76.07
76.07
76.02
76.00
76.03
76.01
75.98
76.04
76.01
75.99
75.99
76.01
76.04
76.06
76.06
76.05
76.01
76.02
75.95
75.92
75.90
75.89
75.87
75.85
75.83
75.88
75.89
75.88
75.83
75.81
75.79
75.77
75.78
75.82
75.84
75.84
75.81
75.84
75.86
75.86
75.93
75.86
75.90
75.93
75.93
76.01
76.08
76.03
76.02
75.98
75.94
75.96
75.96
75.94
75.99
76.03
76.01
76.02
76.03
76.04
76.02
76.03
76.00
76.03
75.99
76.02
76.04
75.99
76.01
75.99
75.99
75.98
76.00
75.99
75.97
75.96
75.95
75.96
75.99
75.98
75.98
75.99
76.00
75.97
75.94
75.93
75.95
75.96
75.98
75.95
75.96
75.97
75.97
75.96
75.96
75.96
75.96
75.93
75.96
75.96
75.95
75.94
75.92
75.88
75.86
75.86
75.86
75.86
75.82
75.83
75.82
75.83
75.83
75.83
75.84
75.85
75.86
75.85
75.84
75.82
75.80
75.80
75.83
75.85
75.85
75.88
75.86
75.87
75.87
75.89
75.90
75.94
75.94
75.94
75.95
75.95
75.95
76.00
76.00
76.04
76.03
76.01
76.01
76.04
76.04
76.03
76.02
76.04
76.05
76.05
76.05
76.06
76.05
76.06
76.07
76.07
76.10
76.10
76.13
76.11
76.11
76.11
76.12
76.14
76.14
76.17
76.17
76.19
76.18
76.18
76.18
76.19
76.20
76.19
76.20
76.21
76.18
76.17
76.16
76.15
76.17
76.16
76.17
76.18
76.19
76.18
76.16
76.16
76.18
76.18
76.19
76.19
76.22
76.23
76.23
76.25
76.23
76.22
76.22
76.21
76.22
76.24
76.24
76.27
76.28
76.28
76.28
76.27
76.28
76.29
76.31
76.32
76.36
76.36
76.36
76.37
76.35
76.35
76.37
76.35
76.33
76.28
76.26
76.25
76.23
76.24
76.27
76.26
76.25
76.26
76.24
76.25
76.26
76.27
76.26
76.26
76.27
76.28
76.28
76.28
76.27
76.30
76.28
76.29
76.27
76.26
76.25
76.22
76.22
76.20
76.20
76.18
76.19
76.18
76.20
76.18
76.18
76.18
76.17
76.17
76.19
76.20
76.21
76.23
76.24
76.24
76.24
76.24
76.23
76.24
76.24
76.22
76.22
76.22
76.23
76.24
76.24
76.24
76.24
76.25
76.22
76.22
76.24
76.25
76.25
76.24
76.23
76.25
76.23
76.23
76.22
76.20
76.19
76.18
76.16
76.16
76.16
76.15
76.16
76.16
76.16
76.16
76.18
76.17
76.16
76.17
76.19
76.20
76.20
76.20
76.18
76.20
76.22
76.19
76.22
76.21
76.20
76.20
76.22
76.22
76.21
76.21
76.22
76.22
76.22
76.22
76.19
76.20
76.17
76.17
76.18
76.18
76.17
76.17
76.14
76.12
76.14
76.16
76.15
76.15
76.17
76.19
76.19
76.21
76.21
76.20
76.19
76.19
76.18
76.17
76.18
76.19
76.20
76.20
76.18
76.18
76.18
76.19
76.18
76.19
76.18
76.18
76.18
76.18
76.18
76.17
76.18
76.18
76.19
76.18
76.16
76.18
76.20
76.19
76.20
76.20
76.17
76.15
76.14
76.16
76.17
76.17
76.16
76.16
76.16
76.15
76.14
76.14
76.14
76.15
76.15
76.14
76.14
76.16
76.15
76.15
76.16
76.16
76.15
76.16
76.15
76.15
76.16
76.16
76.16
76.17
76.16
76.16
76.17
76.19
76.19
76.18
76.19
76.20
76.19
76.18
76.20
76.19
76.18
76.17
76.17
76.17
76.17
76.17
76.16
76.16
76.15
76.15
76.14
76.14
76.14
76.14
76.16
76.15
76.17
76.16
76.15
76.15
76.15
76.15
76.15
76.16
76.14
76.15
76.15
76.15
76.16
76.17
76.17
76.18
76.18
76.19
76.19
76.20
76.21
76.22
76.21
76.20
76.21
76.20
76.21
76.20
76.21
76.21
76.21
76.21
76.22
76.24
76.24
76.26
76.25
76.25
76.25
76.25
76.24
76.24
76.23
76.23
76.23
76.24
76.24
76.22
76.21
76.21
76.22
76.23
76.23
76.24
76.23
76.23
76.23
76.21
76.22
76.21
76.20
76.21
76.21
76.22
76.22
76.22
76.21
76.21
76.21
76.19
76.17
76.17
76.17
76.17
76.17
76.18
76.17
76.16
76.15
76.15
76.15
76.16
76.15
76.14
76.15
76.16
76.16
76.16
76.15
76.15
76.17
76.16
76.16
76.16
76.14
76.13
76.13
76.12
76.12
76.13
76.12
76.13
76.13
76.14
76.13
76.11
76.11
76.10
76.12
76.13
76.12
76.12
76.10
76.10
76.09
76.09
76.09
76.08
76.08
76.08
76.08
76.08
76.08
76.08
76.08
76.08
76.08
76.09
76.10
76.12
76.12
76.13
76.13
76.14
76.13
76.14
76.13
76.14
76.14
76.14
76.15
76.16
76.16
76.16
76.16
76.16
76.15
76.16
76.15
76.15
76.15
76.15
76.15
76.14
76.13
76.12
76.12
76.12
76.12
76.12
76.13
76.13
76.13
76.13
76.13
76.12
76.11
76.10
76.11
76.11
76.11
76.12
76.13
76.12
76.14
76.14
76.13
76.14
76.14
76.13
76.11
76.12
76.11
76.11
76.11
76.12
76.12
76.12
76.11
76.11
76.11
76.11
76.10
76.11
76.11
76.11
76.11
76.11
76.04
