84.38
83.59
80.73
82.81
81.56
80.73
81.03
80.27
79.69
78.59
78.41
78.26
78.25
77.68
77.60
77.44
77.57
77.34
77.14
76.95
77.23
76.99
77.04
76.89
76.56
76.80
76.74
76.95
76.83
76.77
76.92
76.61
76.42
76.19
76.29
76.09
76.10
75.90
75.92
75.59
75.57
75.52
75.55
75.67
75.73
75.78
75.90
75.88
76.02
76.16
76.04
76.02
76.00
76.04
75.99
76.06
76.21
76.24
76.30
76.46
76.56
76.54
76.64
76.76
76.80
76.87
76.94
76.70
76.59
76.67
76.54
76.50
76.54
76.50
76.56
76.40
76.42
76.40
76.33
76.13
76.14
76.14
76.19
76.21
76.19
76.24
76.19
76.21
76.21
76.15
76.17
76.14
76.06
76.10
76.02
76.12
76.16
76.20
76.04
75.97
75.88
75.93
75.90
75.99
76.04
76.08
75.99
75.85
75.90
75.92
75.91
75.89
75.87
75.93
75.95
75.98
76.06
76.06
76.00
76.08
76.10
76.13
76.14
76.12
76.14
76.25
76.25
76.25
76.22
76.17
76.17
76.20
76.17
76.20
76.15
76.13
76.13
76.17
76.20
76.23
76.15
76.17
76.14
76.05
76.07
76.10
76.12
76.12
76.11
76.09
76.11
76.07
76.06
76.14
76.15
76.21
76.23
76.20
76.21
76.19
76.20
76.22
76.20
76.15
76.16
76.07
76.05
76.09
76.12
76.11
76.13
76.15
76.20
76.18
76.17
76.19
76.19
76.15
76.14
76.14
76.15
76.12
76.20
76.21
76.24
76.25
76.29
76.30
76.31
76.30
76.34
76.28
76.28
76.25
76.26
76.24
76.21
76.24
76.27
76.27
76.30
76.30
76.32
76.35
76.33
76.33
76.31
76.34
76.32
76.28
76.30
76.26
76.25
76.28
76.29
76.29
76.30
76.28
76.26
76.25
76.23
76.22
76.18
76.19
76.21
76.20
76.24
76.25
76.27
76.28
76.29
76.29
76.27
76.28
76.27
76.32
76.33
76.31
76.32
76.33
76.35
76.34
76.31
76.29
76.29
76.33
76.32
76.33
76.32
76.32
76.33
76.33
76.36
76.32
76.32
76.33
76.34
76.34
76.35
76.33
76.34
76.32
76.32
76.31
76.30
76.32
76.31
76.27
76.25
76.26
76.26
76.28
76.32
76.30
76.34
76.33
76.34
76.35
76.33
76.35
76.34
76.35
76.35
76.34
76.30
76.33
76.35
76.34
76.34
76.35
76.33
76.34
76.37
76.34
76.36
76.38
76.39
76.39
76.40
76.39
76.41
76.41
76.39
76.40
76.38
76.36
76.36
76.36
76.36
76.36
76.32
76.31
76.33
76.31
76.30
76.31
76.30
76.33
76.32
76.33
76.33
76.34
76.37
76.37
76.35
76.33
76.33
76.33
76.34
76.36
76.39
76.36
76.37
76.36
76.34
76.33
76.32
76.30
76.28
76.27
76.27
76.28
76.27
76.26
76.25
76.25
76.22
76.23
76.24
76.26
76.28
76.31
76.32
76.31
76.30
76.27
76.29
76.31
76.31
76.33
76.33
76.33
76.31
76.31
76.32
76.33
76.34
76.34
76.35
76.34
76.34
76.36
76.38
76.38
76.40
76.40
76.40
76.40
76.40
76.41
76.40
76.40
76.41
76.42
76.43
76.42
76.43
76.42
76.43
76.44
76.45
76.45
76.42
76.42
76.42
76.43
76.42
76.43
76.43
76.44
76.43
76.45
76.46
76.47
76.46
76.42
76.41
76.37
76.36
76.35
76.35
76.36
76.34
76.35
76.36
76.37
76.35
76.33
76.32
76.35
76.35
76.36
76.35
76.36
76.35
76.36
76.35
76.35
76.35
76.34
76.34
76.36
76.36
76.36
76.38
76.38
76.38
76.37
76.35
76.35
76.35
76.32
76.32
76.31
76.32
76.34
76.34
76.35
76.36
76.36
76.36
76.37
76.36
76.36
76.36
76.35
76.34
76.35
76.34
76.33
76.34
76.34
76.35
76.33
76.32
76.32
76.32
76.32
76.33
76.33
76.32
76.36
76.32
76.33
76.34
76.33
76.33
76.33
76.33
76.32
76.34
76.34
76.36
76.37
76.39
76.37
76.38
76.37
76.37
76.38
76.37
76.37
76.37
76.36
76.36
76.35
76.36
76.36
76.36
76.37
76.36
76.36
76.37
76.37
76.36
76.35
76.34
76.33
76.34
76.34
76.34
76.33
76.31
76.30
76.29
76.28
76.28
76.27
76.28
76.28
76.27
76.28
76.25
76.25
76.25
76.25
76.24
76.24
76.24
76.25
76.24
76.25
76.25
76.24
76.24
76.24
76.24
76.22
76.21
76.21
76.21
76.20
76.19
76.20
76.20
76.20
76.21
76.21
76.20
76.19
76.19
76.19
76.20
76.20
76.19
76.18
76.19
76.19
76.18
76.17
76.17
76.16
76.18
76.17
76.18
76.17
76.18
76.17
76.18
76.19
76.19
76.17
76.17
76.17
76.15
76.16
76.15
76.15
76.15
76.16
76.17
76.16
76.16
76.17
76.16
76.15
76.15
76.16
76.14
76.14
76.15
76.16
76.16
76.14
76.13
76.12
76.11
76.12
76.12
76.10
76.11
76.10
76.11
76.12
76.11
76.11
76.12
76.12
76.12
76.11
76.11
76.12
76.12
76.12
76.13
76.12
76.11
76.10
76.10
76.10
76.10
76.11
76.11
76.11
76.12
76.12
76.11
76.10
76.11
76.12
76.12
76.12
76.12
76.13
76.12
76.13
76.13
76.13
76.13
76.13
76.12
76.12
76.11
76.11
76.09
76.08
76.08
76.08
76.09
76.08
76.07
76.07
76.06
76.05
76.05
76.04
76.05
76.05
76.06
76.04
76.04
76.05
76.06
76.05
76.06
76.07
76.05
76.06
76.05
76.05
76.04
76.05
76.05
76.06
76.05
76.05
76.04
76.05
76.04
76.03
76.03
76.02
76.03
76.03
76.03
76.03
76.04
76.05
76.05
76.05
76.06
76.05
76.04
76.05
76.04
76.01
76.00
76.01
76.00
76.00
76.00
76.01
76.00
75.99
76.00
76.00
76.00
75.99
75.99
75.99
75.99
76.00
76.01
76.01
76.01
76.02
76.01
76.02
76.03
76.02
76.01
76.00
76.01
76.00
76.01
75.99
76.00
75.98
75.98
75.98
75.98
75.97
75.97
75.97
75.97
75.97
75.98
75.97
75.97
75.96
75.97
75.97
75.97
75.98
75.98
75.99
76.01
76.01
76.02
76.02
76.02
76.01
76.02
76.02
76.02
76.03
76.02
76.03
76.03
76.04
76.02
76.01
76.01
76.02
76.01
76.00
76.01
76.01
76.01
76.01
76.02
76.02
76.01
76.00
76.01
76.00
76.00
76.00
76.01
76.01
76.02
75.94
