82.81
82.03
81.25
82.03
81.56
81.77
81.47
82.03
80.73
80.47
79.69
78.78
78.97
78.35
77.71
77.64
77.85
77.95
77.55
77.58
77.38
77.34
77.31
77.28
77.00
76.80
76.79
76.90
76.83
76.77
76.71
76.71
76.80
76.65
76.79
76.74
76.82
77.06
77.08
76.99
76.91
76.82
76.67
76.56
76.53
76.56
76.63
76.73
76.69
76.56
76.53
76.53
76.56
76.68
76.48
76.45
76.51
76.54
76.56
76.54
76.38
76.39
76.51
76.51
76.47
76.47
76.33
76.29
76.27
76.23
76.21
76.22
76.24
76.31
76.25
76.09
76.10
76.04
76.07
76.13
76.10
76.12
76.15
76.13
76.21
76.20
76.20
76.14
76.00
76.01
76.00
75.95
75.94
75.98
75.99
75.96
75.98
76.02
75.96
76.05
75.97
75.93
75.99
75.96
75.98
76.02
75.95
75.98
75.99
75.98
76.01
76.10
76.09
76.07
75.91
75.89
75.91
75.89
75.87
75.83
75.83
75.85
75.89
75.82
75.82
75.73
75.73
75.81
75.81
75.83
75.80
75.80
75.82
75.77
75.81
75.87
75.88
75.92
75.94
75.95
75.93
75.92
75.93
75.97
75.92
75.92
75.88
75.89
75.89
75.96
75.96
75.99
75.96
75.94
75.97
75.98
75.96
76.00
76.02
76.04
76.07
76.11
76.12
76.11
76.14
76.14
76.10
76.11
76.04
76.04
75.99
75.99
76.04
76.04
76.06
76.06
76.08
76.08
76.05
76.06
76.05
76.12
76.08
76.09
76.12
76.11
76.04
76.07
76.03
76.00
76.01
76.02
75.98
75.99
75.97
75.97
75.93
75.94
75.94
75.93
75.95
75.95
75.92
75.87
75.88
75.89
75.86
75.90
75.92
75.96
75.93
75.91
75.95
75.93
75.92
75.91
75.95
75.97
75.98
75.96
76.00
75.99
76.00
76.02
76.01
76.01
75.97
75.96
76.00
76.00
76.02
76.06
76.06
76.05
76.06
76.07
76.11
76.11
76.10
76.10
76.12
76.14
76.14
76.14
76.17
76.16
76.16
76.19
76.22
76.16
76.15
76.16
76.19
76.19
76.19
76.21
76.22
76.23
76.21
76.23
76.25
76.24
76.24
76.24
76.24
76.25
76.22
76.20
76.20
76.17
76.21
76.19
76.22
76.24
76.26
76.22
76.22
76.20
76.16
76.16
76.15
76.14
76.17
76.17
76.15
76.16
76.16
76.13
76.12
76.13
76.18
76.17
76.18
76.17
76.20
76.20
76.23
76.24
76.23
76.24
76.25
76.25
76.20
76.20
76.20
76.17
76.20
76.19
76.19
76.18
76.19
76.21
76.20
76.21
76.22
76.21
76.23
76.24
76.24
76.21
76.23
76.23
76.23
76.23
76.22
76.24
76.25
76.27
76.24
76.20
76.18
76.20
76.19
76.19
76.18
76.18
76.17
76.16
76.17
76.19
76.16
76.14
76.16
76.16
76.15
76.16
76.16
76.17
76.20
76.16
76.15
76.14
76.10
76.08
76.08
76.06
76.05
76.06
76.10
76.08
76.09
76.09
76.10
76.09
76.08
76.08
76.10
76.08
76.08
76.08
76.09
76.09
76.08
76.08
76.06
76.07
76.08
76.07
76.07
76.08
76.07
76.07
76.07
76.08
76.10
76.08
76.10
76.10
76.09
76.10
76.09
76.10
76.10
76.10
76.08
76.06
76.07
76.08
76.08
76.06
76.05
76.08
76.09
76.09
76.08
76.09
76.07
76.06
76.07
76.06
76.04
76.04
76.03
76.03
76.05
76.04
76.03
76.02
76.04
76.04
76.03
76.03
76.05
76.04
76.05
76.03
76.02
76.03
76.03
76.03
76.05
76.06
76.06
76.05
76.06
76.05
76.05
76.03
76.03
76.03
76.04
76.05
76.03
76.03
76.04
76.05
76.03
75.98
76.00
76.00
76.02
76.02
76.01
76.02
76.03
76.01
75.99
75.99
76.00
76.00
75.97
75.96
75.96
75.97
75.97
75.95
75.96
75.96
75.96
75.97
75.99
76.01
76.02
76.01
76.02
76.01
76.02
76.01
75.99
75.97
75.97
75.97
75.99
75.98
75.99
75.98
75.97
75.98
75.97
75.97
75.98
75.98
75.97
75.96
75.98
75.97
75.96
75.98
75.98
75.98
75.98
75.98
75.98
75.97
75.99
75.98
75.99
75.98
75.97
75.98
75.98
75.97
75.99
76.00
76.00
76.01
76.01
76.02
76.03
76.02
76.03
76.03
76.02
76.00
76.01
76.01
76.01
76.03
76.01
76.00
75.99
75.99
75.99
76.01
76.00
76.00
76.00
76.00
76.01
76.03
76.03
76.03
76.04
76.06
76.07
76.06
76.07
76.09
76.08
76.08
76.07
76.07
76.06
76.06
76.07
76.07
76.07
76.07
76.08
76.08
76.07
76.08
76.09
76.07
76.08
76.09
76.11
76.10
76.11
76.10
76.09
76.09
76.08
76.07
76.07
76.07
76.09
76.08
76.10
76.10
76.11
76.11
76.11
76.12
76.12
76.11
76.11
76.11
76.11
76.09
76.09
76.10
76.11
76.12
76.12
76.12
76.13
76.12
76.12
76.12
76.13
76.12
76.11
76.09
76.09
76.11
76.10
76.10
76.10
76.10
76.10
76.11
76.11
76.11
76.11
76.11
76.10
76.11
76.12
76.12
76.11
76.11
76.11
76.12
76.13
76.12
76.11
76.10
76.11
76.11
76.09
76.08
76.06
76.04
76.05
76.05
76.05
76.06
76.05
76.06
76.07
76.07
76.06
76.05
76.06
76.05
76.06
76.07
76.07
76.06
76.06
76.06
76.06
76.06
76.07
76.09
76.09
76.08
76.09
76.10
76.12
76.11
76.11
76.12
76.12
76.11
76.12
76.13
76.13
76.13
76.14
76.14
76.14
76.13
76.14
76.13
76.13
76.12
76.12
76.13
76.13
76.13
76.13
76.13
76.12
76.13
76.14
76.13
76.14
76.13
76.13
76.12
76.12
76.12
76.12
76.13
76.13
76.13
76.14
76.13
76.13
76.12
76.11
76.13
76.13
76.14
76.13
76.11
76.11
76.11
76.11
76.12
76.12
76.14
76.13
76.14
76.15
76.14
76.14
76.13
76.14
76.13
76.13
76.13
76.14
76.14
76.14
76.15
76.16
76.17
76.16
76.17
76.17
76.17
76.16
76.16
76.17
76.16
76.17
76.17
76.17
76.17
76.17
76.16
76.17
76.16
76.17
76.17
76.17
76.16
76.17
76.17
76.18
76.19
76.18
76.18
76.18
76.19
76.17
76.18
76.18
76.18
76.19
76.17
76.18
76.19
76.18
76.18
76.18
76.18
76.17
76.17
76.16
76.17
76.16
76.15
76.16
76.15
76.16
76.15
76.15
76.07
