75.00
78.12
79.69
78.12
77.81
79.95
79.69
79.69
78.82
78.59
78.27
77.86
78.00
77.68
77.60
77.25
77.57
77.60
77.47
77.50
77.38
77.70
77.04
76.82
76.25
76.14
75.93
75.50
75.54
75.57
75.45
75.54
75.33
75.18
75.04
75.17
75.21
75.41
75.48
75.51
75.38
75.56
75.55
75.60
75.52
75.71
75.73
75.75
75.89
76.03
76.04
76.05
76.00
76.07
75.99
76.17
75.99
76.00
75.95
76.07
76.10
76.03
75.99
76.07
76.20
76.25
76.19
76.15
76.18
76.18
76.21
76.19
76.24
76.27
76.23
76.21
76.22
76.14
76.17
76.27
76.27
76.33
76.30
76.21
76.18
76.16
76.24
76.26
76.21
76.13
76.22
76.21
76.31
76.38
76.38
76.37
76.43
76.40
76.40
76.45
76.45
76.53
76.59
76.58
76.59
76.62
76.65
76.74
76.82
76.88
76.79
76.77
76.80
76.75
76.73
76.76
76.72
76.71
76.71
76.65
76.58
76.55
76.46
76.40
76.42
76.43
76.43
76.40
76.41
76.39
76.41
76.37
76.35
76.26
76.35
76.36
76.41
76.38
76.34
76.37
76.36
76.36
76.38
76.37
76.42
76.44
76.42
76.44
76.45
76.42
76.44
76.43
76.44
76.46
76.45
76.44
76.42
76.37
76.39
76.36
76.42
76.39
76.39
76.39
76.36
76.36
76.35
76.34
76.36
76.41
76.43
76.44
76.44
76.44
76.44
76.43
76.41
76.39
76.40
76.37
76.37
76.41
76.42
76.44
76.44
76.46
76.47
76.45
76.46
76.43
76.37
76.31
76.28
76.26
76.31
76.27
76.26
76.31
76.35
76.34
76.34
76.38
76.36
76.33
76.30
76.30
76.31
76.33
76.36
76.36
76.36
76.36
76.38
76.38
76.40
76.40
76.42
76.42
76.41
76.43
76.42
76.46
76.39
76.42
76.40
76.40
76.38
76.35
76.36
76.39
76.38
76.39
76.37
76.36
76.36
76.38
76.40
76.44
76.45
76.44
76.45
76.44
76.43
76.43
76.44
76.46
76.42
76.42
76.36
76.36
76.34
76.34
76.34
76.33
76.34
76.34
76.30
76.29
76.31
76.27
76.31
76.32
76.30
76.33
76.33
76.31
76.29
76.32
76.33
76.32
76.34
76.37
76.37
76.35
76.36
76.36
76.39
76.37
76.34
76.33
76.35
76.34
76.35
76.32
76.32
76.33
76.31
76.33
76.35
76.35
76.33
76.32
76.30
76.33
76.33
76.35
76.35
76.33
76.34
76.32
76.32
76.31
76.32
76.27
76.28
76.26
76.24
76.26
76.26
76.27
76.26
76.25
76.24
76.23
76.24
76.21
76.22
76.23
76.24
76.26
76.26
76.26
76.27
76.29
76.28
76.28
76.26
76.24
76.25
76.26
76.28
76.28
76.29
76.31
76.31
76.31
76.31
76.34
76.35
76.35
76.36
76.37
76.36
76.34
76.35
76.34
76.32
76.32
76.33
76.31
76.28
76.26
76.24
76.24
76.24
76.25
76.24
76.24
76.24
76.27
76.29
76.31
76.31
76.30
76.28
76.30
76.30
76.31
76.33
76.36
76.35
76.34
76.32
76.30
76.28
76.27
76.28
76.26
76.26
76.25
76.22
76.22
76.23
76.24
76.25
76.24
76.23
76.24
76.25
76.22
76.21
76.22
76.22
76.23
76.22
76.22
76.24
76.25
76.24
76.24
76.23
76.24
76.27
76.28
76.29
76.27
76.26
76.29
76.31
76.29
76.26
76.27
76.27
76.26
76.25
76.26
76.26
76.26
76.23
76.24
76.23
76.21
76.20
76.22
76.21
76.19
76.19
76.20
76.20
76.20
76.22
76.21
76.23
76.24
76.25
76.25
76.24
76.24
76.26
76.26
76.24
76.25
76.26
76.27
76.29
76.28
76.29
76.29
76.30
76.30
76.31
76.29
76.29
76.29
76.29
76.28
76.29
76.28
76.29
76.29
76.28
76.30
76.30
76.30
76.31
76.32
76.31
76.31
76.32
76.32
76.30
76.32
76.32
76.30
76.33
76.32
76.31
76.30
76.31
76.31
76.31
76.31
76.32
76.31
76.30
76.31
76.31
76.32
76.31
76.27
76.30
76.31
76.31
76.33
76.33
76.33
76.33
76.32
76.33
76.33
76.33
76.33
76.33
76.33
76.31
76.32
76.31
76.30
76.31
76.32
76.33
76.34
76.34
76.34
76.33
76.34
76.35
76.36
76.37
76.37
76.37
76.36
76.37
76.37
76.38
76.38
76.37
76.36
76.36
76.36
76.35
76.35
76.34
76.34
76.34
76.34
76.35
76.35
76.37
76.35
76.33
76.33
76.34
76.32
76.30
76.30
76.29
76.29
76.27
76.29
76.27
76.27
76.26
76.26
76.26
76.26
76.27
76.27
76.28
76.28
76.28
76.30
76.30
76.29
76.28
76.30
76.30
76.31
76.30
76.29
76.31
76.32
76.33
76.30
76.29
76.29
76.29
76.29
76.29
76.29
76.30
76.29
76.29
76.29
76.29
76.29
76.29
76.29
76.29
76.29
76.27
76.27
76.26
76.26
76.26
76.27
76.27
76.27
76.29
76.27
76.26
76.27
76.26
76.25
76.25
76.24
76.23
76.23
76.21
76.21
76.20
76.19
76.18
76.18
76.17
76.18
76.17
76.17
76.17
76.17
76.14
76.14
76.14
76.13
76.12
76.13
76.13
76.14
76.13
76.13
76.13
76.13
76.13
76.14
76.13
76.13
76.12
76.10
76.10
76.10
76.10
76.10
76.10
76.11
76.10
76.11
76.10
76.09
76.10
76.08
76.07
76.08
76.07
76.08
76.08
76.09
76.08
76.08
76.08
76.08
76.08
76.07
76.07
76.06
76.06
76.05
76.06
76.05
76.06
76.06
76.06
76.07
76.08
76.09
76.07
76.08
76.09
76.10
76.10
76.10
76.09
76.10
76.10
76.10
76.10
76.10
76.09
76.10
76.09
76.08
76.09
76.08
76.08
76.08
76.08
76.08
76.08
76.07
76.07
76.06
76.05
76.04
76.03
76.03
76.03
76.04
76.03
76.03
76.02
76.03
76.03
76.04
76.03
76.03
76.03
76.04
76.05
76.04
76.05
76.05
76.05
76.04
76.04
76.04
76.04
76.04
76.06
76.06
76.05
76.06
76.06
76.07
76.08
76.09
76.09
76.10
76.09
76.09
76.10
76.10
76.11
76.11
76.11
76.11
76.10
76.10
76.11
76.11
76.12
76.12
76.12
76.12
76.14
76.14
76.14
76.15
76.14
76.14
76.14
76.15
76.15
76.15
76.16
76.17
76.17
76.17
76.18
76.18
76.18
76.19
76.19
76.18
76.16
76.17
76.16
76.16
76.16
76.16
76.16
76.15
76.15
76.08
