75.00
77.34
74.48
74.61
74.69
74.74
74.78
75.00
74.31
75.62
75.43
74.87
74.28
74.22
74.48
74.61
74.45
74.48
74.18
74.14
74.26
74.29
74.39
74.22
74.50
74.70
74.59
74.27
74.52
74.48
74.55
74.90
74.62
74.40
74.42
74.70
74.58
74.59
74.28
74.22
74.43
74.29
74.38
74.36
74.38
74.56
74.47
74.51
74.39
74.53
74.54
74.61
74.59
74.62
74.74
74.67
74.56
74.57
74.55
74.69
74.72
74.70
74.63
74.76
74.78
74.93
75.00
74.95
75.11
75.02
75.13
75.26
75.24
75.13
75.15
75.23
75.28
75.42
75.49
75.55
75.50
75.50
75.53
75.63
75.59
75.71
75.72
75.73
75.72
75.68
75.64
75.65
75.72
75.75
75.79
75.85
75.82
75.80
75.82
75.75
75.80
75.78
75.79
75.84
75.83
75.77
75.82
75.77
75.79
75.78
75.80
75.84
75.91
75.93
75.90
75.88
75.91
75.86
75.93
75.95
75.89
75.86
75.81
75.77
75.75
75.71
75.74
75.71
75.71
75.75
75.86
75.84
75.90
75.86
75.81
75.90
75.92
75.95
75.97
76.04
76.04
76.05
76.06
76.01
76.03
76.09
76.08
76.06
76.07
76.08
76.10
76.10
76.12
76.11
76.12
76.12
76.09
76.11
76.14
76.10
76.06
76.06
76.04
76.07
76.08
76.13
76.11
76.12
76.11
76.08
76.10
76.16
76.18
76.19
76.17
76.14
76.14
76.16
76.16
76.14
76.20
76.21
76.26
76.27
76.25
76.24
76.24
76.26
76.24
76.18
76.20
76.16
76.20
76.18
76.15
76.12
76.12
76.18
76.17
76.10
76.12
76.11
76.06
75.99
76.01
75.99
75.97
75.99
76.01
76.00
76.03
76.02
76.03
76.01
76.05
76.05
76.07
76.05
76.07
76.06
76.05
76.06
76.03
76.04
75.99
76.00
76.05
76.03
76.02
76.02
76.06
76.04
76.05
76.04
76.06
76.06
76.07
76.07
76.07
76.09
76.06
76.08
76.06
76.03
76.01
76.01
76.02
76.03
76.07
76.09
76.10
76.08
76.06
76.05
76.07
76.06
76.05
76.05
76.01
76.00
75.96
75.97
75.96
75.94
75.91
75.91
75.90
75.90
75.91
75.89
75.88
75.91
75.91
75.89
75.88
75.91
75.90
75.90
75.88
75.88
75.90
75.86
75.85
75.85
75.84
75.86
75.83
75.84
75.82
75.84
75.85
75.80
75.82
75.78
75.76
75.75
75.76
75.73
75.76
75.79
75.79
75.79
75.80
75.80
75.79
75.81
75.79
75.77
75.77
75.78
75.78
75.76
75.73
75.75
75.74
75.74
75.74
75.72
75.70
75.70
75.68
75.69
75.67
75.65
75.65
75.66
75.63
75.64
75.66
75.66
75.69
75.71
75.71
75.71
75.72
75.73
75.74
75.78
75.78
75.81
75.81
75.80
75.80
75.80
75.79
75.79
75.81
75.80
75.80
75.81
75.85
75.84
75.82
75.81
75.80
75.79
75.78
75.79
75.80
75.79
75.79
75.79
75.78
75.79
75.77
75.79
75.80
75.82
75.83
75.82
75.83
75.82
75.83
75.83
75.84
75.85
75.86
75.87
75.89
75.89
75.89
75.90
75.88
75.92
75.91
75.91
75.90
75.90
75.91
75.94
75.95
75.94
75.95
75.94
75.95
75.95
75.96
75.98
75.97
75.95
75.97
75.95
75.96
75.97
75.99
76.02
76.00
75.99
75.99
75.99
75.98
75.99
75.98
75.99
76.00
76.00
75.99
76.00
75.98
75.98
75.97
75.94
75.94
75.92
75.94
75.93
75.91
75.92
75.91
75.90
75.90
75.89
75.87
75.86
75.87
75.86
75.87
75.85
75.84
75.82
75.82
75.81
75.81
75.81
75.82
75.81
75.80
75.79
75.79
75.81
75.81
75.82
75.84
75.85
75.85
75.85
75.84
75.84
75.85
75.84
75.84
75.83
75.81
75.82
75.84
75.84
75.83
75.83
75.84
75.81
75.82
75.82
75.82
75.83
75.83
75.82
75.82
75.84
75.80
75.80
75.82
75.82
75.82
75.80
75.82
75.79
75.77
75.76
75.74
75.75
75.76
75.77
75.76
75.78
75.75
75.75
75.74
75.74
75.73
75.73
75.71
75.70
75.69
75.70
75.72
75.72
75.72
75.72
75.70
75.72
75.72
75.73
75.74
75.74
75.75
75.74
75.73
75.74
75.73
75.72
75.73
75.74
75.74
75.72
75.71
75.69
75.68
75.65
75.66
75.67
75.68
75.69
75.70
75.70
75.70
75.69
75.70
75.70
75.70
75.71
75.72
75.73
75.74
75.73
75.73
75.73
75.73
75.72
75.72
75.73
75.73
75.72
75.71
75.71
75.72
75.71
75.70
75.72
75.71
75.69
75.70
75.71
75.71
75.72
75.71
75.71
75.72
75.74
75.73
75.74
75.74
75.74
75.74
75.75
75.75
75.74
75.75
75.74
75.75
75.74
75.73
75.74
75.74
75.74
75.75
75.75
75.73
75.72
75.71
75.71
75.69
75.69
75.69
75.68
75.69
75.68
75.67
75.68
75.69
75.70
75.70
75.71
75.73
75.72
75.71
75.73
75.72
75.71
75.72
75.72
75.72
75.73
75.72
75.72
75.73
75.73
75.72
75.71
75.70
75.70
75.69
75.70
75.71
75.72
75.74
75.74
75.74
75.74
75.74
75.76
75.78
75.78
75.78
75.77
75.77
75.77
75.76
75.75
75.75
75.73
75.73
75.71
75.71
75.70
75.70
75.71
75.71
75.71
75.71
75.71
75.71
75.72
75.71
75.72
75.72
75.72
75.72
75.73
75.73
75.74
75.75
75.76
75.78
75.77
75.75
75.75
75.75
75.75
75.75
75.75
75.75
75.77
75.78
75.77
75.76
75.76
75.76
75.75
75.76
75.75
75.75
75.74
75.73
75.73
75.73
75.71
75.71
75.72
75.71
75.71
75.70
75.69
75.69
75.70
75.69
75.69
75.68
75.70
75.71
75.71
75.70
75.69
75.68
75.68
75.68
75.68
75.69
75.69
75.69
75.69
75.67
75.66
75.66
75.65
75.65
75.65
75.65
75.64
75.64
75.64
75.64
75.64
75.64
75.64
75.64
75.63
75.64
75.64
75.64
75.64
75.64
75.64
75.64
75.64
75.63
75.63
75.64
75.62
75.63
75.63
75.62
75.63
75.64
75.65
75.65
75.65
75.64
75.64
75.63
75.64
75.64
75.65
75.66
75.66
75.66
75.66
75.67
75.68
75.68
75.68
75.69
75.69
75.68
75.68
75.68
75.68
75.68
75.68
75.67
75.68
75.68
75.68
75.67
75.67
75.67
75.67
75.66
75.65
75.65
75.65
75.63
75.56
