75.00
76.56
76.04
75.00
74.69
73.44
73.88
74.22
74.83
75.62
74.15
74.61
74.16
74.33
74.38
74.61
74.91
75.35
75.08
75.08
74.70
74.57
74.59
74.54
74.31
74.28
74.83
74.55
74.52
74.53
74.65
74.46
74.57
74.54
74.64
74.70
74.83
74.84
74.76
74.69
74.66
74.59
74.45
74.43
74.24
74.22
74.17
74.19
74.17
74.31
74.20
74.22
74.06
74.19
74.29
74.33
74.31
74.35
74.28
74.35
74.31
74.40
74.40
74.41
74.45
74.38
74.39
74.20
74.07
74.11
74.03
74.02
74.19
74.16
74.21
74.10
74.21
74.38
74.49
74.57
74.61
74.45
74.42
74.44
74.45
74.56
74.73
74.75
74.74
74.77
74.76
74.80
74.80
74.82
74.79
74.89
75.02
74.92
74.97
74.97
75.06
75.06
75.09
75.20
75.21
75.27
75.31
75.38
75.36
75.33
75.30
75.32
75.40
75.37
75.42
75.44
75.45
75.44
75.34
75.38
75.30
75.27
75.34
75.34
75.38
75.43
75.34
75.38
75.34
75.32
75.31
75.37
75.42
75.45
75.44
75.47
75.46
75.52
75.54
75.59
75.60
75.58
75.67
75.73
75.74
75.68
75.70
75.77
75.72
75.70
75.77
75.76
75.79
75.81
75.80
75.80
75.85
75.88
75.89
75.91
75.93
75.84
75.87
75.89
75.90
75.88
75.90
75.89
75.90
75.88
75.89
75.90
75.91
75.92
75.95
75.91
75.86
75.88
75.91
75.91
75.92
75.94
75.94
75.92
75.92
75.94
75.99
76.02
76.00
76.00
75.98
75.97
75.96
75.98
75.99
76.00
75.98
75.98
75.98
75.97
75.97
75.97
75.99
76.02
76.00
76.01
76.00
76.04
76.03
76.03
76.04
76.08
76.09
76.10
76.10
76.10
76.07
76.08
76.08
76.08
76.07
76.11
76.13
76.12
76.12
76.09
76.06
76.06
76.04
76.03
76.02
76.03
76.03
76.04
76.07
76.07
76.05
76.07
76.10
76.07
76.08
76.10
76.09
76.09
76.11
76.11
76.13
76.15
76.18
76.19
76.19
76.19
76.19
76.21
76.23
76.24
76.20
76.17
76.17
76.18
76.16
76.17
76.16
76.17
76.17
76.12
76.12
76.10
76.10
76.12
76.13
76.14
76.16
76.18
76.18
76.18
76.18
76.21
76.20
76.21
76.22
76.26
76.26
76.25
76.26
76.29
76.30
76.30
76.29
76.30
76.32
76.31
76.31
76.33
76.32
76.32
76.35
76.36
76.37
76.38
76.36
76.36
76.39
76.38
76.38
76.40
76.36
76.35
76.38
76.35
76.33
76.32
76.33
76.33
76.34
76.36
76.34
76.30
76.31
76.32
76.33
76.34
76.33
76.35
76.37
76.39
76.34
76.35
76.35
76.35
76.33
76.34
76.37
76.37
76.35
76.33
76.36
76.36
76.37
76.35
76.34
76.38
76.34
76.34
76.37
76.38
76.37
76.38
76.37
76.35
76.37
76.37
76.37
76.37
76.36
76.35
76.33
76.33
76.29
76.30
76.30
76.31
76.32
76.31
76.33
76.34
76.35
76.38
76.40
76.41
76.43
76.42
76.44
76.42
76.40
76.39
76.38
76.41
76.39
76.39
76.40
76.40
76.40
76.38
76.36
76.33
76.33
76.35
76.36
76.39
76.40
76.38
76.36
76.38
76.39
76.37
76.36
76.37
76.39
76.39
76.39
76.38
76.36
76.35
76.35
76.35
76.34
76.35
76.35
76.36
76.37
76.37
76.36
76.35
76.34
76.33
76.33
76.32
76.32
76.29
76.30
76.30
76.31
76.29
76.28
76.30
76.30
76.29
76.29
76.29
76.28
76.26
76.27
76.29
76.29
76.28
76.29
76.28
76.27
76.28
76.29
76.29
76.28
76.29
76.28
76.28
76.26
76.26
76.26
76.24
76.24
76.24
76.25
76.23
76.22
76.20
76.19
76.19
76.18
76.17
76.19
76.18
76.16
76.18
76.17
76.18
76.19
76.21
76.19
76.21
76.21
76.22
76.22
76.22
76.22
76.24
76.25
76.25
76.25
76.25
76.23
76.22
76.23
76.23
76.24
76.24
76.24
76.24
76.27
76.28
76.28
76.27
76.28
76.28
76.30
76.29
76.28
76.28
76.28
76.29
76.30
76.28
76.28
76.27
76.27
76.26
76.27
76.28
76.29
76.27
76.27
76.28
76.29
76.29
76.30
76.30
76.31
76.29
76.29
76.30
76.29
76.29
76.28
76.27
76.27
76.27
76.27
76.27
76.27
76.28
76.28
76.28
76.26
76.27
76.26
76.26
76.26
76.25
76.26
76.27
76.26
76.26
76.26
76.26
76.26
76.28
76.28
76.27
76.28
76.28
76.27
76.27
76.27
76.27
76.27
76.26
76.25
76.24
76.22
76.24
76.24
76.25
76.25
76.22
76.22
76.21
76.23
76.23
76.23
76.24
76.26
76.28
76.27
76.27
76.26
76.26
76.25
76.25
76.27
76.27
76.27
76.27
76.26
76.24
76.27
76.27
76.26
76.26
76.25
76.25
76.25
76.25
76.26
76.26
76.24
76.23
76.24
76.23
76.21
76.22
76.22
76.21
76.20
76.20
76.20
76.20
76.20
76.21
76.20
76.20
76.20
76.20
76.19
76.19
76.20
76.21
76.22
76.22
76.23
76.24
76.25
76.24
76.23
76.24
76.25
76.26
76.25
76.27
76.26
76.26
76.27
76.28
76.27
76.27
76.27
76.27
76.27
76.27
76.26
76.27
76.26
76.26
76.26
76.26
76.28
76.27
76.26
76.24
76.23
76.22
76.22
76.23
76.24
76.25
76.25
76.25
76.25
76.24
76.25
76.25
76.24
76.24
76.23
76.22
76.21
76.22
76.21
76.22
76.21
76.21
76.22
76.21
76.20
76.21
76.21
76.22
76.22
76.21
76.21
76.21
76.21
76.20
76.21
76.21
76.21
76.21
76.23
76.22
76.23
76.25
76.24
76.24
76.25
76.25
76.25
76.25
76.25
76.25
76.24
76.25
76.25
76.25
76.26
76.25
76.23
76.23
76.22
76.21
76.21
76.20
76.21
76.20
76.21
76.22
76.22
76.23
76.23
76.24
76.24
76.23
76.23
76.22
76.22
76.22
76.22
76.21
76.21
76.21
76.22
76.22
76.23
76.23
76.24
76.24
76.24
76.23
76.24
76.24
76.24
76.22
76.21
76.22
76.20
76.20
76.20
76.19
76.20
76.19
76.20
76.19
76.18
76.18
76.17
76.17
76.18
76.17
76.17
76.18
76.17
76.17
76.16
76.16
76.16
76.16
76.16
76.17
76.18
76.19
76.18
76.18
76.19
76.17
76.16
76.16
76.17
76.17
76.17
76.16
76.16
76.16
76.15
76.08
