79.69
75.78
76.04
76.56
77.50
75.78
75.89
75.78
76.22
75.78
75.85
75.91
76.20
75.67
75.42
75.20
74.63
74.65
75.00
75.08
75.60
74.86
74.66
74.41
74.75
74.82
75.00
75.11
75.32
75.36
75.45
75.39
75.52
75.51
75.85
75.61
75.63
75.78
75.64
75.70
75.61
75.71
75.65
75.67
75.83
75.99
76.13
76.01
75.83
75.78
75.67
75.78
75.59
75.43
75.34
75.25
75.11
75.08
75.05
75.08
75.05
75.03
75.17
75.17
75.14
75.26
75.33
75.25
75.16
75.07
75.07
75.15
75.24
75.30
75.19
75.14
75.08
75.16
75.12
75.12
75.14
75.10
75.04
74.93
75.02
75.11
75.13
75.18
75.18
75.17
75.22
75.20
75.20
75.28
75.28
75.34
75.32
75.30
75.24
75.30
75.37
75.32
75.30
75.20
75.12
75.19
75.18
75.20
75.26
75.20
75.08
75.04
74.99
75.01
75.04
75.04
75.09
75.04
75.08
75.03
75.01
75.03
75.04
75.01
75.00
75.05
75.02
74.93
74.89
74.84
74.83
74.79
74.80
74.81
74.87
74.92
74.91
74.89
74.79
74.79
74.76
74.83
74.83
74.85
74.82
74.74
74.73
74.77
74.77
74.75
74.68
74.67
74.69
74.71
74.68
74.71
74.73
74.75
74.79
74.83
74.84
74.74
74.78
74.78
74.82
74.83
74.79
74.80
74.78
74.75
74.74
74.75
74.76
74.74
74.78
74.78
74.77
74.75
74.73
74.73
74.70
74.68
74.69
74.69
74.70
74.71
74.67
74.68
74.71
74.70
74.70
74.67
74.62
74.64
74.66
74.67
74.71
74.75
74.78
74.77
74.76
74.70
74.66
74.65
74.64
74.64
74.63
74.62
74.64
74.63
74.64
74.60
74.58
74.54
74.55
74.53
74.49
74.49
74.47
74.49
74.48
74.48
74.45
74.45
74.49
74.49
74.48
74.51
74.50
74.52
74.55
74.54
74.58
74.63
74.65
74.64
74.65
74.64
74.59
74.57
74.55
74.54
74.51
74.54
74.52
74.57
74.59
74.54
74.52
74.53
74.51
74.52
74.54
74.54
74.49
74.51
74.53
74.55
74.54
74.53
74.54
74.53
74.53
74.53
74.54
74.52
74.51
74.52
74.54
74.56
74.56
74.55
74.55
74.56
74.55
74.56
74.55
74.58
74.59
74.61
74.62
74.60
74.59
74.58
74.57
74.59
74.60
74.60
74.58
74.57
74.55
74.56
74.55
74.53
74.52
74.48
74.45
74.45
74.45
74.46
74.47
74.46
74.45
74.46
74.45
74.44
74.46
74.50
74.48
74.50
74.49
74.45
74.45
74.47
74.45
74.43
74.41
74.40
74.40
74.39
74.38
74.37
74.38
74.38
74.38
74.39
74.40
74.38
74.39
74.41
74.40
74.38
74.38
74.37
74.35
74.34
74.36
74.37
74.35
74.35
74.36
74.36
74.34
74.33
74.35
74.35
74.35
74.38
74.40
74.41
74.38
74.40
74.38
74.42
74.42
74.41
74.38
74.38
74.36
74.36
74.37
74.34
74.32
74.33
74.32
74.32
74.34
74.32
74.33
74.35
74.37
74.39
74.37
74.38
74.40
74.40
74.41
74.39
74.39
74.39
74.40
74.42
74.42
74.42
74.40
74.41
74.40
74.42
74.43
74.41
74.40
74.40
74.41
74.41
74.42
74.43
74.43
74.43
74.42
74.41
74.41
74.43
74.41
74.42
74.41
74.43
74.42
74.46
74.44
74.44
74.43
74.43
74.45
74.46
74.46
74.45
74.45
74.42
74.40
74.38
74.36
74.35
74.34
74.33
74.35
74.35
74.36
74.35
74.36
74.34
74.32
74.34
74.33
74.31
74.32
74.31
74.31
74.32
74.33
74.35
74.36
74.36
74.36
74.34
74.33
74.32
74.30
74.29
74.29
74.30
74.28
74.28
74.29
74.29
74.29
74.29
74.30
74.28
74.25
74.26
74.27
74.27
74.28
74.27
74.28
74.27
74.28
74.28
74.28
74.29
74.30
74.30
74.31
74.30
74.30
74.29
74.32
74.33
74.31
74.30
74.30
74.30
74.32
74.32
74.32
74.33
74.32
74.32
74.33
74.35
74.35
74.35
74.33
74.32
74.34
74.33
74.32
74.33
74.34
74.35
74.35
74.35
74.35
74.35
74.38
74.36
74.37
74.37
74.38
74.36
74.37
74.34
74.34
74.35
74.35
74.37
74.37
74.36
74.35
74.33
74.32
74.33
74.32
74.30
74.32
74.33
74.31
74.31
74.31
74.31
74.31
74.30
74.31
74.30
74.30
74.28
74.29
74.27
74.27
74.28
74.29
74.31
74.31
74.29
74.30
74.29
74.27
74.28
74.29
74.27
74.28
74.30
74.29
74.30
74.29
74.30
74.32
74.32
74.31
74.31
74.33
74.32
74.31
74.31
74.32
74.31
74.30
74.31
74.31
74.31
74.31
74.31
74.32
74.31
74.31
74.31
74.31
74.31
74.32
74.32
74.31
74.32
74.31
74.32
74.32
74.33
74.32
74.33
74.32
74.32
74.32
74.32
74.31
74.31
74.30
74.30
74.30
74.31
74.31
74.33
74.32
74.31
74.31
74.31
74.31
74.32
74.32
74.31
74.31
74.30
74.30
74.32
74.30
74.30
74.29
74.30
74.30
74.30
74.31
74.32
74.33
74.32
74.31
74.31
74.31
74.32
74.32
74.31
74.32
74.34
74.34
74.33
74.33
74.33
74.33
74.33
74.32
74.31
74.31
74.31
74.32
74.31
74.32
74.32
74.31
74.32
74.33
74.34
74.34
74.34
74.36
74.36
74.36
74.37
74.38
74.38
74.38
74.38
74.38
74.36
74.35
74.36
74.35
74.37
74.37
74.37
74.37
74.37
74.39
74.41
74.43
74.44
74.45
74.45
74.45
74.45
74.44
74.44
74.45
74.45
74.46
74.46
74.47
74.44
74.44
74.44
74.43
74.42
74.41
74.41
74.39
74.38
74.38
74.39
74.39
74.38
74.38
74.37
74.37
74.37
74.37
74.37
74.38
74.38
74.38
74.38
74.39
74.39
74.40
74.39
74.40
74.39
74.40
74.40
74.38
74.38
74.40
74.39
74.37
74.37
74.36
74.37
74.38
74.38
74.39
74.39
74.39
74.39
74.40
74.40
74.40
74.40
74.40
74.40
74.39
74.38
74.40
74.40
74.41
74.41
74.41
74.41
74.40
74.40
74.39
74.40
74.40
74.40
74.41
74.41
74.41
74.40
74.41
74.40
74.40
74.41
74.40
74.40
74.42
74.42
74.42
74.43
74.43
74.42
74.42
74.42
74.43
74.43
74.43
74.43
74.44
74.44
74.43
74.43
74.43
74.44
74.44
74.43
74.43
74.44
74.44
74.37
