14.06
14.06
14.58
14.45
15.31
14.84
14.96
15.43
15.10
15.47
15.91
17.19
16.95
16.63
17.19
17.29
17.74
17.88
17.93
17.73
18.15
18.04
18.07
18.23
18.19
18.15
18.23
18.42
18.48
18.59
18.85
18.99
18.99
18.98
18.97
18.88
18.96
18.91
19.15
19.14
19.44
19.75
19.80
19.89
19.76
19.67
19.65
19.56
19.77
19.66
19.76
19.74
19.66
19.65
19.66
19.67
19.54
19.42
19.49
19.45
19.42
19.41
19.44
19.41
19.45
19.39
19.43
19.42
19.36
19.31
19.34
19.40
19.31
19.24
19.35
19.39
19.38
19.29
19.22
19.26
19.31
19.34
19.41
19.38
19.28
19.28
19.27
19.25
19.17
19.15
19.14
19.12
19.14
19.18
19.26
19.27
19.30
19.26
19.33
19.30
19.25
19.18
19.19
19.13
19.05
19.00
19.07
19.14
19.19
19.16
19.19
19.22
19.23
19.20
19.14
19.11
19.06
19.05
19.04
19.04
19.00
18.95
19.05
19.07
19.11
19.06
19.05
18.98
19.00
18.99
19.02
18.94
18.96
18.98
19.00
18.97
19.04
19.06
19.06
19.07
19.07
19.04
19.05
19.04
19.02
19.03
19.03
19.04
18.98
18.99
18.98
18.97
18.95
18.90
18.93
18.91
18.86
18.85
18.83
18.89
18.87
18.85
18.81
18.76
18.76
18.75
18.71
18.71
18.68
18.65
18.62
18.69
18.70
18.73
18.71
18.70
18.66
18.67
18.69
18.72
18.67
18.66
18.67
18.63
18.59
18.59
18.57
18.54
18.57
18.52
18.50
18.51
18.50
18.49
18.47
18.48
18.44
18.40
18.40
18.39
18.39
18.37
18.36
18.34
18.35
18.32
18.33
18.34
18.34
18.34
18.35
18.32
18.34
18.30
18.34
18.37
18.40
18.37
18.34
18.32
18.30
18.32
18.31
18.34
18.34
18.36
18.38
18.35
18.36
18.34
18.32
18.37
18.31
18.28
18.25
18.27
18.28
18.28
18.27
18.30
18.34
18.32
18.33
18.32
18.30
18.29
18.31
18.33
18.32
18.33
18.31
18.31
18.31
18.34
18.33
18.33
18.32
18.34
18.35
18.35
18.35
18.34
18.32
18.34
18.34
18.30
18.30
18.28
18.29
18.32
18.32
18.32
18.33
18.34
18.33
18.34
18.33
18.33
18.34
18.35
18.35
18.33
18.32
18.33
18.35
18.33
18.33
18.31
18.30
18.29
18.28
18.30
18.29
18.30
18.27
18.27
18.29
18.28
18.28
18.27
18.25
18.26
18.25
18.24
18.26
18.24
18.22
18.22
18.23
18.23
18.20
18.18
18.17
18.15
18.13
18.13
18.11
18.10
18.09
18.12
18.11
18.10
18.11
18.11
18.13
18.12
18.11
18.13
18.12
18.13
18.15
18.16
18.16
18.18
18.16
18.17
18.20
18.22
18.24
18.23
18.23
18.22
18.20
18.18
18.17
18.16
18.17
18.17
18.16
18.16
18.18
18.18
18.17
18.16
18.15
18.16
18.16
18.16
18.18
18.15
18.16
18.15
18.15
18.14
18.18
18.18
18.17
18.16
18.17
18.16
18.14
18.12
18.12
18.12
18.12
18.11
18.13
18.13
18.14
18.13
18.13
18.15
18.15
18.15
18.16
18.17
18.17
18.19
18.18
18.19
18.19
18.20
18.20
18.18
18.18
18.19
18.21
18.22
18.21
18.25
18.24
18.23
18.21
18.24
18.22
18.23
18.23
18.22
18.21
18.24
18.24
18.23
18.25
18.24
18.25
18.25
18.24
18.23
18.24
18.23
18.23
18.25
18.24
18.23
18.21
18.22
18.22
18.21
18.23
18.22
18.24
18.22
18.22
18.22
18.21
18.21
18.21
18.23
18.24
18.26
18.24
18.26
18.25
18.24
18.23
18.25
18.24
18.24
18.25
18.26
18.25
18.25
18.26
18.26
18.25
18.24
18.26
18.26
18.26
18.27
18.28
18.26
18.25
18.24
18.26
18.25
18.24
18.25
18.24
18.25
18.25
18.25
18.25
18.25
18.26
18.26
18.25
18.24
18.24
18.23
18.22
18.22
18.22
18.22
18.22
18.24
18.24
18.25
18.25
18.23
18.23
18.23
18.21
18.21
18.21
18.21
18.22
18.22
18.21
18.22
18.21
18.21
18.20
18.19
18.19
18.19
18.19
18.18
18.17
18.17
18.19
18.18
18.16
18.16
18.17
18.17
18.18
18.17
18.17
18.16
18.16
18.15
18.15
18.15
18.15
18.15
18.14
18.12
18.12
18.12
18.14
18.14
18.14
18.14
18.14
18.16
18.17
18.15
18.15
18.16
18.17
18.16
18.15
18.14
18.16
18.17
18.16
18.16
18.17
18.18
18.19
18.18
18.18
18.17
18.17
18.17
18.15
18.15
18.13
18.12
18.11
18.11
18.11
18.10
18.09
18.09
18.09
18.09
18.09
18.09
18.09
18.09
18.10
18.10
18.09
18.09
18.09
18.07
18.08
18.10
18.09
18.10
18.09
18.10
18.10
18.09
18.08
18.09
18.08
18.09
18.09
18.10
18.09
18.09
18.09
18.11
18.10
18.10
18.11
18.11
18.11
18.13
18.12
18.12
18.11
18.12
18.12
18.14
18.14
18.13
18.13
18.14
18.13
18.13
18.12
18.12
18.10
18.11
18.11
18.09
18.08
18.08
18.09
18.09
18.09
18.09
18.10
18.11
18.11
18.12
18.13
18.13
18.12
18.13
18.13
18.13
18.12
18.13
18.13
18.13
18.13
18.12
18.13
18.14
18.13
18.14
18.14
18.13
18.13
18.12
18.14
18.15
18.15
18.15
18.14
18.15
18.14
18.13
18.13
18.13
18.13
18.14
18.13
18.14
18.13
18.13
18.12
18.12
18.11
18.12
18.13
18.12
18.13
18.13
18.13
18.14
18.13
18.12
18.13
18.13
18.14
18.13
18.13
18.13
18.13
18.13
18.12
18.12
18.12
18.12
18.12
18.13
18.13
18.14
18.14
18.13
18.13
18.12
18.12
18.13
18.12
18.13
18.12
18.13
18.12
18.12
18.10
18.11
18.10
18.09
18.09
18.09
18.09
18.09
18.09
18.07
18.07
18.08
18.06
18.06
18.07
18.07
18.07
18.08
18.07
18.07
18.07
18.07
18.07
18.08
18.09
18.10
18.10
18.10
18.10
18.09
18.10
18.10
18.10
18.10
18.11
18.10
18.10
18.10
18.10
18.10
18.11
18.11
18.10
18.10
18.11
18.10
18.11
18.11
18.10
18.10
18.09
18.09
18.09
18.09
18.10
18.10
18.10
18.09
18.09
18.09
18.08
18.09
18.09
18.09
18.09
18.08
18.09
18.10
18.10
18.10
18.09
18.08
18.07
18.06
18.06
18.05
