71.88
72.66
72.92
73.05
73.12
73.44
73.21
72.46
72.22
73.12
73.58
74.35
74.16
74.44
74.58
74.22
73.90
74.13
74.18
74.69
74.63
74.79
74.59
74.54
74.75
74.70
74.88
74.67
74.41
74.53
74.75
74.61
74.53
74.63
74.69
74.35
74.37
74.30
74.52
74.41
74.62
74.55
74.49
74.47
74.34
74.42
74.30
74.22
74.23
74.34
74.45
74.61
74.41
74.42
74.32
74.36
74.23
74.16
74.18
74.35
74.46
74.47
74.58
74.41
74.33
74.36
74.30
74.31
74.28
74.31
74.38
74.52
74.64
74.56
74.54
74.55
74.59
74.60
74.51
74.55
74.58
74.64
74.62
74.63
74.67
74.64
74.60
74.57
74.58
74.58
74.61
74.66
74.76
74.67
74.65
74.74
74.77
74.74
74.73
74.67
74.74
74.72
74.73
74.77
74.82
74.87
74.80
74.90
74.90
74.93
74.93
74.96
75.00
75.00
74.96
74.97
74.93
74.92
74.91
74.95
74.99
75.09
75.17
75.14
75.11
75.07
75.02
74.98
74.90
74.89
75.01
75.07
75.02
75.02
74.94
74.95
74.97
74.92
74.90
74.87
74.82
74.88
74.86
74.93
74.94
74.86
74.86
74.84
74.82
74.72
74.69
74.74
74.77
74.75
74.77
74.78
74.85
74.88
74.90
74.90
74.86
74.88
74.88
74.90
74.86
74.83
74.85
74.85
74.83
74.91
74.98
74.98
74.93
74.93
74.90
74.92
74.89
74.84
74.85
74.88
74.87
74.85
74.91
74.92
74.99
74.98
74.97
74.98
74.98
74.98
75.00
74.98
74.97
74.98
74.94
74.97
74.94
74.97
74.95
74.95
74.92
74.94
74.92
74.95
74.94
74.89
74.91
74.94
74.93
74.93
75.00
74.98
75.03
75.04
75.01
75.05
75.06
75.10
75.09
75.09
75.12
75.14
75.13
75.11
75.10
75.13
75.12
75.12
75.10
75.10
75.09
75.05
75.04
75.04
75.09
75.11
75.13
75.16
75.21
75.20
75.19
75.18
75.17
75.15
75.13
75.13
75.13
75.14
75.16
75.14
75.12
75.14
75.12
75.10
75.08
75.04
75.01
74.98
74.99
75.02
75.03
75.04
75.02
75.01
75.01
75.05
75.08
75.05
75.05
75.05
75.02
75.01
75.01
74.99
74.98
74.99
74.96
74.99
74.98
75.01
74.98
74.95
74.95
74.95
74.97
74.91
74.87
74.89
74.91
74.93
74.91
74.88
74.86
74.85
74.85
74.83
74.81
74.82
74.80
74.83
74.82
74.82
74.81
74.80
74.78
74.78
74.78
74.79
74.80
74.83
74.81
74.82
74.82
74.81
74.83
74.84
74.88
74.87
74.86
74.83
74.82
74.83
74.81
74.83
74.84
74.81
74.79
74.78
74.78
74.78
74.78
74.78
74.77
74.78
74.80
74.80
74.81
74.77
74.76
74.78
74.77
74.78
74.81
74.82
74.83
74.83
74.83
74.81
74.83
74.85
74.86
74.89
74.88
74.90
74.91
74.92
74.93
74.91
74.91
74.93
74.96
74.97
74.97
74.97
74.97
74.96
74.93
74.94
74.93
74.95
74.92
74.89
74.87
74.85
74.86
74.85
74.84
74.84
74.84
74.84
74.85
74.86
74.89
74.89
74.88
74.87
74.88
74.89
74.88
74.90
74.90
74.90
74.91
74.90
74.91
74.91
74.91
74.92
74.93
74.92
74.92
74.93
74.93
74.95
74.96
74.96
74.96
74.96
74.96
74.95
74.93
74.94
74.92
74.92
74.92
74.92
74.91
74.90
74.89
74.88
74.86
74.85
74.84
74.86
74.86
74.86
74.86
74.83
74.85
74.85
74.84
74.83
74.82
74.85
74.87
74.87
74.87
74.88
74.89
74.91
74.91
74.92
74.92
74.93
74.93
74.92
74.94
74.93
74.93
74.94
74.94
74.96
74.97
74.96
74.95
74.95
74.95
74.96
74.97
74.99
74.96
74.98
74.98
74.98
74.95
74.95
74.97
74.97
74.97
74.98
74.98
74.97
74.96
74.95
74.96
74.97
74.97
74.96
74.93
74.93
74.94
74.92
74.91
74.92
74.91
74.92
74.92
74.91
74.91
74.93
74.94
74.93
74.94
74.97
74.96
74.94
74.93
74.93
74.94
74.94
74.92
74.92
74.90
74.90
74.91
74.92
74.93
74.91
74.91
74.91
74.89
74.91
74.89
74.91
74.92
74.92
74.91
74.92
74.92
74.91
74.92
74.91
74.93
74.92
74.93
74.93
74.93
74.95
74.95
74.95
74.95
74.96
74.96
74.97
74.96
74.93
74.92
74.91
74.91
74.93
74.93
74.92
74.92
74.92
74.91
74.91
74.91
74.91
74.90
74.89
74.92
74.92
74.94
74.94
74.94
74.96
74.96
74.97
74.97
74.97
74.97
74.97
74.97
74.97
74.97
74.98
74.97
74.97
74.96
74.96
74.94
74.94
74.93
74.93
74.95
74.96
74.98
74.98
74.98
74.98
74.98
74.97
74.96
74.97
74.95
74.93
74.94
74.94
74.94
74.95
74.94
74.95
74.93
74.93
74.93
74.94
74.96
74.98
74.98
75.01
75.02
75.02
75.00
75.01
75.00
74.99
74.99
75.00
75.00
75.01
75.01
75.00
75.00
74.98
74.98
74.97
74.96
74.97
74.97
74.97
74.98
74.99
74.99
75.00
75.01
75.00
74.99
74.98
74.98
74.97
74.98
74.98
74.97
74.98
75.00
75.00
74.99
74.99
74.98
74.99
74.98
75.00
75.01
75.01
75.01
75.01
75.02
75.02
75.01
75.03
75.05
75.05
75.04
75.04
75.03
75.03
75.03
75.03
75.02
75.03
75.03
75.03
75.04
75.03
75.05
75.04
75.04
75.05
75.05
75.04
75.05
75.05
75.05
75.06
75.06
75.06
75.05
75.06
75.05
75.06
75.07
75.07
75.07
75.09
75.10
75.10
75.09
75.10
75.09
75.10
75.10
75.12
75.12
75.12
75.12
75.12
75.11
75.12
75.13
75.13
75.14
75.14
75.14
75.12
75.13
75.14
75.14
75.13
75.13
75.13
75.13
75.13
75.12
75.12
75.11
75.11
75.12
75.11
75.12
75.12
75.11
75.11
75.12
75.12
75.12
75.12
75.11
75.11
75.10
75.09
75.09
75.10
75.11
75.10
75.10
75.09
75.09
75.08
75.09
75.08
75.07
75.08
75.07
75.07
75.08
75.08
75.08
75.08
75.08
75.09
75.10
75.10
75.10
75.09
75.09
75.09
75.09
75.10
75.09
75.10
75.10
75.10
75.10
75.11
75.12
75.12
75.11
75.12
75.11
75.11
75.11
75.11
75.10
75.10
75.11
75.10
75.10
75.11
75.12
75.11
75.10
75.03
