75.00
75.78
76.04
76.17
75.00
73.96
74.11
74.41
74.13
73.75
73.15
73.31
73.56
73.44
73.12
72.85
73.35
73.18
73.03
73.20
73.21
73.72
73.64
73.37
73.25
73.26
73.15
73.05
72.84
73.02
73.34
73.39
73.48
73.39
73.39
73.13
72.97
72.94
73.08
72.93
72.90
72.84
72.97
72.90
72.81
72.55
72.71
72.59
72.77
72.50
72.61
72.81
72.82
72.80
72.73
72.88
73.00
73.14
73.09
73.05
73.03
72.88
72.97
72.75
72.72
72.85
72.62
72.54
72.49
72.57
72.62
72.48
72.39
72.47
72.46
72.53
72.52
72.56
72.61
72.56
72.55
72.56
72.59
72.73
72.89
72.86
72.84
72.83
72.89
72.99
72.96
73.06
73.07
73.11
73.09
73.03
73.02
73.01
73.14
73.23
73.30
73.39
73.41
73.32
73.29
73.33
73.36
73.29
73.22
73.17
73.20
73.16
73.23
73.26
73.21
73.18
73.13
73.16
73.21
73.18
73.18
73.13
73.17
73.14
73.18
73.23
73.20
73.23
73.28
73.26
73.25
73.19
73.16
73.13
73.18
73.17
73.15
73.10
73.10
73.07
73.08
73.15
73.14
73.10
73.10
73.07
73.13
73.13
73.12
73.07
73.14
73.12
73.17
73.20
73.22
73.22
73.25
73.30
73.25
73.25
73.22
73.24
73.26
73.29
73.27
73.25
73.28
73.32
73.34
73.31
73.28
73.27
73.23
73.28
73.26
73.34
73.27
73.26
73.30
73.31
73.35
73.40
73.39
73.40
73.38
73.38
73.37
73.40
73.39
73.45
73.45
73.48
73.51
73.55
73.52
73.54
73.53
73.51
73.52
73.51
73.50
73.49
73.48
73.49
73.49
73.51
73.53
73.53
73.50
73.50
73.51
73.50
73.49
73.49
73.46
73.44
73.47
73.48
73.48
73.54
73.56
73.57
73.59
73.58
73.61
73.61
73.61
73.65
73.66
73.70
73.69
73.69
73.66
73.68
73.68
73.65
73.71
73.67
73.67
73.65
73.65
73.62
73.64
73.64
73.64
73.65
73.66
73.68
73.67
73.67
73.63
73.65
73.62
73.59
73.60
73.57
73.60
73.57
73.56
73.55
73.55
73.57
73.57
73.60
73.64
73.63
73.61
73.63
73.59
73.61
73.61
73.62
73.60
73.60
73.60
73.58
73.57
73.56
73.53
73.53
73.53
73.54
73.54
73.53
73.54
73.54
73.52
73.52
73.55
73.52
73.47
73.47
73.48
73.48
73.51
73.49
73.51
73.53
73.52
73.55
73.57
73.56
73.57
73.54
73.53
73.55
73.56
73.53
73.52
73.52
73.50
73.53
73.52
73.50
73.52
73.54
73.56
73.55
73.52
73.55
73.56
73.59
73.57
73.58
73.57
73.57
73.56
73.56
73.54
73.52
73.53
73.52
73.52
73.53
73.50
73.48
73.47
73.48
73.47
73.50
73.48
73.50
73.50
73.51
73.50
73.50
73.50
73.50
73.50
73.48
73.47
73.46
73.46
73.46
73.46
73.44
73.44
73.44
73.44
73.41
73.42
73.44
73.42
73.44
73.46
73.43
73.45
73.45
73.46
73.45
73.45
73.45
73.46
73.47
73.46
73.45
73.45
73.46
73.45
73.44
73.47
73.44
73.44
73.44
73.44
73.44
73.47
73.44
73.47
73.45
73.45
73.43
73.44
73.44
73.47
73.47
73.43
73.41
73.43
73.43
73.42
73.42
73.41
73.43
73.42
73.40
73.39
73.39
73.39
73.40
73.40
73.42
73.44
73.46
73.47
73.46
73.45
73.46
73.45
73.44
73.44
73.45
73.46
73.46
73.47
73.47
73.48
73.46
73.48
73.50
73.50
73.51
73.53
73.53
73.53
73.53
73.52
73.52
73.53
73.52
73.52
73.51
73.52
73.51
73.52
73.52
73.54
73.52
73.52
73.51
73.51
73.50
73.48
73.49
73.50
73.48
73.46
73.48
73.47
73.47
73.47
73.47
73.47
73.48
73.48
73.47
73.48
73.48
73.48
73.49
73.49
73.47
73.48
73.47
73.47
73.48
73.48
73.48
73.48
73.49
73.49
73.50
73.50
73.50
73.49
73.49
73.50
73.52
73.51
73.52
73.53
73.54
73.53
73.53
73.53
73.52
73.53
73.54
73.56
73.56
73.57
73.57
73.56
73.56
73.55
73.53
73.52
73.52
73.54
73.53
73.53
73.52
73.50
73.50
73.50
73.50
73.50
73.52
73.55
73.55
73.53
73.54
73.54
73.52
73.51
73.51
73.50
73.50
73.51
73.51
73.52
73.52
73.52
73.52
73.53
73.52
73.51
73.50
73.50
73.51
73.52
73.52
73.53
73.54
73.55
73.54
73.53
73.53
73.55
73.54
73.54
73.54
73.53
73.53
73.51
73.51
73.49
73.50
73.51
73.51
73.50
73.50
73.49
73.49
73.49
73.48
73.47
73.48
73.48
73.49
73.48
73.48
73.48
73.49
73.50
73.50
73.51
73.51
73.51
73.52
73.53
73.54
73.54
73.54
73.54
73.53
73.54
73.54
73.54
73.52
73.52
73.52
73.52
73.50
73.49
73.49
73.49
73.48
73.48
73.48
73.49
73.49
73.49
73.50
73.49
73.50
73.49
73.50
73.50
73.50
73.50
73.50
73.51
73.51
73.51
73.51
73.51
73.51
73.52
73.52
73.53
73.55
73.57
73.57
73.57
73.56
73.57
73.57
73.56
73.55
73.55
73.56
73.55
73.56
73.54
73.54
73.54
73.55
73.55
73.56
73.56
73.57
73.57
73.57
73.57
73.58
73.57
73.58
73.58
73.57
73.57
73.57
73.57
73.57
73.58
73.59
73.59
73.60
73.60
73.60
73.61
73.61
73.61
73.60
73.61
73.59
73.60
73.59
73.60
73.61
73.61
73.61
73.61
73.62
73.62
73.62
73.62
73.61
73.62
73.62
73.62
73.63
73.62
73.62
73.61
73.61
73.62
73.62
73.62
73.61
73.60
73.59
73.59
73.59
73.58
73.57
73.57
73.57
73.59
73.58
73.59
73.59
73.58
73.59
73.58
73.58
73.57
73.57
73.56
73.55
73.54
73.54
73.54
73.52
73.52
73.52
73.51
73.54
73.53
73.53
73.53
73.54
73.54
73.52
73.52
73.51
73.50
73.50
73.50
73.50
73.51
73.52
73.51
73.52
73.51
73.52
73.52
73.54
73.55
73.54
73.54
73.54
73.54
73.54
73.54
73.54
73.54
73.53
73.53
73.53
73.52
73.53
73.52
73.53
73.53
73.53
73.52
73.51
73.51
73.50
73.50
73.49
73.49
73.49
73.49
73.48
73.47
73.48
73.49
73.49
73.48
73.47
73.45
73.45
73.45
73.45
73.45
73.45
73.45
73.45
73.45
73.38
