70.31
68.75
68.75
68.75
68.44
69.27
68.30
67.38
67.01
66.25
66.48
65.62
65.26
64.84
65.42
65.72
66.45
66.06
66.12
65.86
65.48
65.62
65.69
65.69
65.94
65.93
66.09
65.90
66.06
65.94
65.83
65.87
65.96
65.95
65.80
65.84
65.88
66.12
65.79
65.63
65.78
66.07
65.73
65.80
65.87
65.93
65.76
65.76
65.82
65.84
65.84
65.78
65.89
65.80
65.80
65.79
65.71
65.44
65.41
65.42
65.55
65.62
65.65
65.70
65.55
65.58
65.53
65.53
65.56
65.49
65.45
65.45
65.37
65.46
65.48
65.36
65.44
65.36
65.43
65.47
65.59
65.55
65.68
65.59
65.68
65.70
65.68
65.71
65.78
65.71
65.78
65.73
65.68
65.71
65.72
65.71
65.75
65.77
65.80
65.81
65.89
65.90
65.90
65.94
65.98
66.02
66.12
66.10
66.11
66.05
66.06
66.02
66.04
66.02
65.96
65.99
65.97
65.97
65.90
65.95
66.00
65.93
65.90
65.85
65.85
65.80
65.75
65.76
65.73
65.66
65.66
65.66
65.68
65.69
65.76
65.76
65.78
65.74
65.68
65.64
65.55
65.55
65.53
65.52
65.50
65.53
65.57
65.58
65.66
65.59
65.56
65.60
65.63
65.69
65.68
65.58
65.57
65.55
65.54
65.50
65.56
65.52
65.43
65.42
65.42
65.45
65.43
65.47
65.45
65.43
65.49
65.49
65.46
65.47
65.49
65.48
65.47
65.41
65.43
65.43
65.43
65.51
65.52
65.54
65.62
65.61
65.56
65.50
65.50
65.52
65.52
65.52
65.45
65.44
65.43
65.41
65.36
65.36
65.34
65.34
65.37
65.35
65.35
65.33
65.34
65.34
65.31
65.34
65.37
65.36
65.37
65.38
65.36
65.38
65.42
65.40
65.42
65.43
65.48
65.48
65.46
65.45
65.47
65.52
65.52
65.51
65.49
65.52
65.52
65.49
65.47
65.49
65.46
65.47
65.44
65.38
65.39
65.39
65.37
65.42
65.40
65.39
65.34
65.36
65.35
65.32
65.36
65.35
65.37
65.38
65.38
65.37
65.37
65.34
65.35
65.34
65.33
65.34
65.34
65.36
65.39
65.37
65.39
65.39
65.40
65.40
65.41
65.42
65.39
65.38
65.37
65.37
65.37
65.38
65.34
65.38
65.41
65.41
65.40
65.41
65.41
65.42
65.40
65.41
65.41
65.38
65.38
65.40
65.37
65.37
65.32
65.32
65.29
65.27
65.29
65.31
65.29
65.26
65.29
65.28
65.28
65.30
65.28
65.28
65.29
65.27
65.29
65.28
65.27
65.26
65.25
65.23
65.25
65.24
65.23
65.27
65.28
65.29
65.29
65.26
65.27
65.30
65.30
65.28
65.31
65.30
65.26
65.29
65.29
65.32
65.34
65.36
65.33
65.35
65.32
65.33
65.31
65.29
65.26
65.25
65.26
65.24
65.25
65.24
65.24
65.25
65.27
65.28
65.31
65.31
65.30
65.31
65.35
65.37
65.38
65.34
65.37
65.36
65.33
65.33
65.35
65.34
65.35
65.35
65.37
65.36
65.37
65.37
65.37
65.37
65.35
65.37
65.38
65.40
65.41
65.40
65.40
65.41
65.40
65.39
65.41
65.41
65.42
65.40
65.40
65.39
65.40
65.39
65.42
65.43
65.43
65.41
65.40
65.43
65.44
65.46
65.48
65.48
65.47
65.48
65.50
65.52
65.53
65.53
65.54
65.56
65.56
65.56
65.57
65.58
65.57
65.57
65.58
65.57
65.57
65.55
65.55
65.55
65.53
65.54
65.55
65.55
65.55
65.54
65.58
65.56
65.57
65.55
65.54
65.55
65.52
65.49
65.49
65.50
65.50
65.50
65.52
65.51
65.52
65.53
65.52
65.50
65.52
65.55
65.54
65.56
65.57
65.58
65.60
65.60
65.61
65.59
65.63
65.62
65.62
65.62
65.61
65.60
65.61
65.60
65.59
65.58
65.57
65.57
65.57
65.57
65.56
65.56
65.55
65.54
65.52
65.48
65.48
65.49
65.50
65.50
65.49
65.49
65.49
65.49
65.48
65.48
65.48
65.46
65.49
65.46
65.46
65.47
65.47
65.48
65.47
65.46
65.46
65.47
65.46
65.46
65.48
65.49
65.49
65.50
65.50
65.52
65.52
65.54
65.54
65.54
65.56
65.57
65.56
65.58
65.56
65.57
65.57
65.58
65.58
65.57
65.59
65.58
65.56
65.56
65.54
65.54
65.53
65.54
65.52
65.50
65.51
65.49
65.50
65.49
65.48
65.47
65.48
65.48
65.47
65.47
65.48
65.47
65.47
65.46
65.46
65.45
65.45
65.45
65.44
65.43
65.41
65.43
65.43
65.43
65.44
65.46
65.45
65.44
65.45
65.47
65.46
65.45
65.45
65.44
65.44
65.43
65.42
65.43
65.44
65.43
65.42
65.43
65.45
65.46
65.47
65.46
65.48
65.48
65.48
65.49
65.51
65.52
65.54
65.55
65.54
65.53
65.52
65.53
65.54
65.55
65.54
65.54
65.54
65.54
65.54
65.53
65.53
65.54
65.53
65.51
65.51
65.52
65.51
65.50
65.51
65.51
65.51
65.52
65.53
65.52
65.53
65.52
65.52
65.54
65.54
65.54
65.54
65.55
65.55
65.55
65.54
65.53
65.53
65.52
65.54
65.55
65.54
65.54
65.56
65.55
65.55
65.54
65.54
65.55
65.53
65.52
65.53
65.54
65.54
65.52
65.51
65.49
65.50
65.50
65.51
65.50
65.51
65.50
65.50
65.49
65.49
65.48
65.48
65.48
65.49
65.48
65.48
65.48
65.49
65.49
65.48
65.48
65.49
65.50
65.51
65.51
65.50
65.49
65.49
65.48
65.47
65.47
65.47
65.47
65.47
65.46
65.47
65.47
65.47
65.47
65.46
65.46
65.46
65.45
65.45
65.45
65.46
65.46
65.47
65.47
65.47
65.47
65.46
65.46
65.46
65.48
65.47
65.48
65.49
65.48
65.48
65.47
65.46
65.46
65.45
65.45
65.45
65.46
65.47
65.48
65.48
65.48
65.49
65.49
65.50
65.51
65.52
65.52
65.52
65.51
65.50
65.50
65.51
65.50
65.49
65.51
65.51
65.50
65.50
65.49
65.50
65.50
65.50
65.50
65.50
65.51
65.52
65.53
65.53
65.54
65.55
65.56
65.56
65.56
65.55
65.54
65.55
65.54
65.55
65.54
65.54
65.53
65.54
65.53
65.54
65.53
65.52
65.52
65.52
65.53
65.53
65.51
65.50
65.50
65.49
65.50
65.49
65.48
65.47
65.47
65.48
65.48
65.47
65.47
65.47
65.47
65.46
65.46
65.47
65.47
65.47
65.46
65.46
65.46
65.45
65.40
