67.19
64.84
69.27
69.92
70.00
68.49
69.64
69.92
69.79
70.31
69.74
69.66
70.31
70.09
70.00
70.41
70.86
71.44
71.38
71.88
72.17
71.38
71.67
71.74
71.81
72.00
72.11
71.99
72.47
72.55
72.58
72.66
72.59
72.61
72.59
72.40
72.30
72.37
72.40
72.11
72.29
72.40
72.31
72.48
72.60
72.59
72.57
72.75
72.67
72.53
72.58
72.57
72.61
72.51
72.64
72.68
72.64
72.74
72.72
72.84
72.90
72.93
72.77
72.83
72.88
72.92
72.85
72.91
73.08
73.21
73.20
73.18
73.12
73.04
73.06
73.05
73.13
73.12
73.14
73.09
73.03
73.09
73.16
73.25
73.35
73.27
73.29
73.38
73.33
73.45
73.47
73.51
73.37
73.34
73.39
73.42
73.45
73.50
73.52
73.50
73.56
73.65
73.59
73.54
73.62
73.63
73.63
73.61
73.49
73.58
73.56
73.72
73.63
73.64
73.59
73.56
73.49
73.48
73.46
73.40
73.35
73.31
73.32
73.32
73.34
73.34
73.34
73.30
73.33
73.31
73.28
73.31
73.36
73.26
73.21
73.15
73.16
73.14
73.13
73.10
73.09
73.09
73.10
73.05
73.07
73.06
73.01
73.06
73.08
73.07
73.11
73.07
73.09
73.07
73.05
73.10
73.07
73.03
73.00
72.98
73.01
73.02
72.93
72.94
72.93
72.96
72.96
73.02
73.01
72.93
72.93
72.92
72.97
72.91
72.91
72.89
72.92
72.89
72.92
72.96
72.96
72.97
73.01
73.00
73.02
73.00
73.02
73.00
72.97
72.95
72.99
73.03
73.04
73.02
73.03
73.09
73.06
73.04
73.02
73.00
72.96
72.91
72.89
72.89
72.87
72.88
72.87
72.84
72.79
72.73
72.73
72.72
72.73
72.74
72.74
72.69
72.67
72.69
72.71
72.71
72.74
72.78
72.79
72.75
72.71
72.69
72.68
72.66
72.71
72.73
72.69
72.64
72.63
72.64
72.64
72.66
72.68
72.66
72.62
72.59
72.59
72.59
72.61
72.59
72.60
72.60
72.60
72.61
72.62
72.61
72.62
72.60
72.60
72.63
72.67
72.70
72.68
72.68
72.66
72.66
72.67
72.69
72.64
72.63
72.61
72.62
72.64
72.63
72.61
72.60
72.58
72.59
72.56
72.58
72.57
72.57
72.58
72.58
72.59
72.60
72.59
72.60
72.61
72.61
72.60
72.60
72.58
72.58
72.59
72.61
72.62
72.60
72.61
72.60
72.62
72.64
72.65
72.67
72.64
72.62
72.65
72.63
72.62
72.63
72.64
72.66
72.65
72.64
72.63
72.63
72.65
72.67
72.65
72.64
72.65
72.65
72.65
72.66
72.65
72.63
72.60
72.59
72.58
72.58
72.62
72.62
72.62
72.63
72.63
72.64
72.67
72.66
72.64
72.61
72.62
72.62
72.62
72.62
72.64
72.64
72.64
72.62
72.61
72.62
72.62
72.62
72.60
72.62
72.62
72.59
72.58
72.61
72.64
72.63
72.65
72.63
72.61
72.63
72.62
72.62
72.64
72.63
72.64
72.66
72.68
72.68
72.70
72.69
72.70
72.69
72.73
72.74
72.76
72.76
72.77
72.77
72.80
72.79
72.78
72.78
72.76
72.74
72.72
72.74
72.74
72.74
72.73
72.73
72.74
72.75
72.75
72.73
72.72
72.73
72.72
72.74
72.75
72.77
72.78
72.77
72.78
72.78
72.77
72.79
72.79
72.76
72.75
72.74
72.75
72.74
72.74
72.76
72.76
72.77
72.76
72.77
72.74
72.74
72.74
72.73
72.72
72.72
72.70
72.70
72.71
72.72
72.69
72.67
72.66
72.68
72.68
72.67
72.66
72.66
72.65
72.66
72.66
72.65
72.68
72.68
72.70
72.70
72.69
72.70
72.71
72.72
72.72
72.74
72.76
72.74
72.73
72.74
72.74
72.75
72.74
72.72
72.72
72.71
72.71
72.71
72.72
72.72
72.72
72.70
72.69
72.70
72.70
72.73
72.72
72.69
72.69
72.70
72.68
72.69
72.68
72.69
72.70
72.72
72.71
72.72
72.71
72.72
72.73
72.73
72.75
72.76
72.76
72.75
72.77
72.77
72.78
72.77
72.78
72.76
72.75
72.75
72.77
72.78
72.78
72.80
72.81
72.82
72.83
72.83
72.82
72.83
72.82
72.83
72.85
72.87
72.88
72.89
72.89
72.92
72.92
72.91
72.89
72.90
72.91
72.88
72.88
72.88
72.87
72.86
72.86
72.87
72.87
72.87
72.86
72.84
72.83
72.83
72.81
72.81
72.81
72.82
72.83
72.84
72.83
72.82
72.83
72.81
72.81
72.80
72.80
72.81
72.81
72.80
72.81
72.81
72.81
72.81
72.80
72.81
72.82
72.81
72.81
72.81
72.82
72.83
72.85
72.85
72.84
72.86
72.86
72.88
72.89
72.90
72.89
72.89
72.88
72.86
72.88
72.90
72.92
72.92
72.93
72.92
72.92
72.94
72.96
72.97
72.97
72.97
72.97
72.97
72.97
72.96
72.96
72.97
72.97
72.98
72.99
72.99
72.98
72.98
72.99
72.99
72.99
73.01
73.02
73.03
73.03
73.02
73.03
73.02
73.04
73.03
73.04
73.04
73.03
73.04
73.03
73.03
73.01
73.01
72.99
72.98
72.98
72.98
72.98
72.99
72.99
72.99
72.97
72.98
72.98
72.99
72.99
73.00
72.99
72.98
72.97
72.97
72.98
72.96
72.97
72.98
72.97
72.98
72.98
72.98
72.97
72.98
72.98
72.99
72.99
73.00
73.02
73.02
73.02
73.01
73.00
73.01
73.01
73.00
72.99
72.98
72.98
72.98
72.98
72.97
72.97
72.96
72.96
72.96
72.95
72.96
72.96
72.95
72.95
72.95
72.95
72.95
72.95
72.95
72.94
72.94
72.93
72.94
72.94
72.93
72.94
72.93
72.93
72.93
72.94
72.93
72.94
72.93
72.94
72.93
72.93
72.92
72.93
72.94
72.95
72.95
72.95
72.93
72.93
72.93
72.92
72.91
72.92
72.92
72.92
72.92
72.91
72.91
72.92
72.92
72.93
72.92
72.92
72.91
72.93
72.92
72.91
72.91
72.91
72.89
72.88
72.88
72.88
72.87
72.86
72.86
72.86
72.87
72.86
72.86
72.87
72.86
72.86
72.87
72.87
72.86
72.86
72.85
72.84
72.86
72.85
72.86
72.87
72.88
72.87
72.88
72.90
72.89
72.89
72.88
72.88
72.87
72.87
72.86
72.87
72.88
72.88
72.88
72.88
72.88
72.87
72.88
72.87
72.87
72.86
72.85
72.86
72.86
72.87
72.88
72.87
72.87
72.86
72.87
72.87
72.87
72.87
72.87
72.88
72.81
