0.00
0.00
0.52
0.78
0.62
0.52
0.45
0.98
0.87
1.41
1.70
1.69
1.56
1.45
1.56
1.46
1.38
1.30
1.23
1.17
1.19
1.28
1.22
1.17
1.25
1.32
1.45
1.40
1.40
1.35
1.31
1.37
1.33
1.33
1.34
1.39
1.39
1.36
1.32
1.29
1.30
1.26
1.27
1.31
1.28
1.29
1.30
1.30
1.28
1.25
1.32
1.29
1.30
1.27
1.25
1.28
1.29
1.27
1.24
1.22
1.23
1.23
1.22
1.20
1.23
1.23
1.21
1.22
1.20
1.21
1.19
1.17
1.18
1.18
1.19
1.17
1.22
1.22
1.21
1.21
1.22
1.26
1.24
1.25
1.23
1.24
1.26
1.24
1.25
1.23
1.24
1.24
1.24
1.23
1.22
1.24
1.22
1.24
1.26
1.27
1.28
1.32
1.32
1.32
1.31
1.31
1.33
1.32
1.32
1.32
1.31
1.31
1.31
1.30
1.32
1.35
1.36
1.35
1.35
1.34
1.36
1.34
1.36
1.36
1.35
1.36
1.37
1.35
1.34
1.36
1.35
1.35
1.34
1.34
1.33
1.32
1.32
1.36
1.35
1.35
1.34
1.33
1.32
1.32
1.33
1.32
1.32
1.32
1.32
1.31
1.32
1.34
1.35
1.35
1.34
1.34
1.34
1.36
1.37
1.36
1.35
1.34
1.34
1.34
1.34
1.35
1.34
1.33
1.33
1.32
1.32
1.34
1.35
1.35
1.35
1.36
1.36
1.35
1.36
1.35
1.36
1.35
1.34
1.33
1.34
1.34
1.36
1.35
1.36
1.37
1.37
1.38
1.37
1.38
1.38
1.40
1.39
1.39
1.40
1.40
1.41
1.42
1.42
1.42
1.43
1.43
1.42
1.41
1.41
1.41
1.41
1.42
1.42
1.41
1.40
1.42
1.41
1.41
1.41
1.41
1.40
1.39
1.39
1.38
1.38
1.38
1.38
1.38
1.37
1.37
1.37
1.37
1.38
1.38
1.38
1.38
1.39
1.39
1.39
1.38
1.39
1.39
1.40
1.39
1.40
1.40
1.40
1.40
1.41
1.40
1.41
1.41
1.40
1.40
1.40
1.41
1.42
1.41
1.41
1.41
1.41
1.41
1.40
1.40
1.40
1.40
1.40
1.40
1.39
1.39
1.39
1.38
1.40
1.40
1.40
1.40
1.40
1.40
1.39
1.39
1.38
1.38
1.38
1.38
1.38
1.38
1.37
1.37
1.37
1.37
1.36
1.37
1.37
1.37
1.36
1.36
1.37
1.37
1.37
1.36
1.36
1.36
1.36
1.36
1.35
1.35
1.35
1.35
1.36
1.35
1.35
1.36
1.36
1.37
1.36
1.36
1.36
1.37
1.37
1.37
1.37
1.36
1.36
1.36
1.37
1.36
1.37
1.38
1.37
1.37
1.37
1.37
1.38
1.38
1.37
1.37
1.38
1.37
1.37
1.37
1.37
1.37
1.37
1.37
1.36
1.36
1.36
1.36
1.36
1.36
1.35
1.35
1.35
1.35
1.35
1.35
1.35
1.35
1.34
1.36
1.35
1.36
1.35
1.36
1.37
1.37
1.37
1.37
1.36
1.36
1.37
1.37
1.37
1.37
1.38
1.38
1.38
1.39
1.39
1.39
1.38
1.38
1.38
1.38
1.38
1.38
1.38
1.37
1.37
1.37
1.36
1.36
1.36
1.36
1.35
1.35
1.35
1.35
1.35
1.36
1.35
1.35
1.35
1.35
1.36
1.35
1.35
1.35
1.35
1.35
1.34
1.34
1.34
1.34
1.34
1.34
1.35
1.34
1.35
1.34
1.34
1.34
1.34
1.34
1.34
1.34
1.34
1.34
1.34
1.34
1.34
1.35
1.34
1.34
1.35
1.35
1.35
1.34
1.34
1.34
1.34
1.34
1.35
1.35
1.35
1.35
1.35
1.35
1.35
1.35
1.34
1.34
1.34
1.34
1.34
1.33
1.33
1.33
1.32
1.33
1.33
1.33
1.33
1.33
1.33
1.33
1.33
1.33
1.33
1.33
1.33
1.33
1.33
1.34
1.34
1.33
1.33
1.33
1.33
1.33
1.34
1.33
1.33
1.34
1.34
1.34
1.34
1.34
1.35
1.35
1.35
1.35
1.35
1.36
1.36
1.36
1.36
1.36
1.36
1.36
1.36
1.36
1.36
1.36
1.36
1.36
1.37
1.36
1.36
1.36
1.36
1.36
1.36
1.36
1.36
1.36
1.36
1.36
1.36
1.36
1.37
1.37
1.37
1.37
1.37
1.37
1.38
1.38
1.38
1.38
1.38
1.38
1.38
1.38
1.38
1.38
1.39
1.40
1.39
1.39
1.40
1.41
1.40
1.40
1.40
1.41
1.41
1.40
1.41
1.41
1.41
1.41
1.41
1.41
1.41
1.41
1.41
1.41
1.41
1.41
1.41
1.41
1.41
1.40
1.40
1.41
1.41
1.41
1.41
1.41
1.41
1.41
1.41
1.41
1.41
1.41
1.41
1.41
1.41
1.41
1.41
1.41
1.42
1.41
1.42
1.42
1.42
1.41
1.41
1.41
1.41
1.41
1.40
1.40
1.40
1.40
1.39
1.39
1.40
1.40
1.40
1.40
1.40
1.40
1.40
1.40
1.40
1.40
1.40
1.40
1.40
1.40
1.40
1.40
1.40
1.40
1.40
1.41
1.40
1.40
1.40
1.40
1.40
1.40
1.40
1.40
1.40
1.40
1.40
1.40
1.40
1.40
1.40
1.40
1.40
1.40
1.40
1.40
1.41
1.41
1.41
1.40
1.40
1.41
1.41
1.41
1.41
1.41
1.41
1.41
1.41
1.41
1.41
1.41
1.41
1.41
1.41
1.41
1.41
1.41
1.41
1.41
1.41
1.40
1.41
1.41
1.41
1.41
1.41
1.41
1.41
1.40
1.40
1.40
1.40
1.40
1.41
1.40
1.40
1.40
1.40
1.40
1.40
1.40
1.41
1.41
1.41
1.42
1.42
1.42
1.42
1.42
1.42
1.42
1.41
1.42
1.41
1.41
1.41
1.41
1.41
1.41
1.41
1.41
1.41
1.40
1.40
1.40
1.40
1.40
1.40
1.41
1.41
1.41
1.41
1.41
1.41
1.41
1.41
1.40
1.40
1.40
1.40
1.40
1.40
1.40
1.40
1.40
1.40
1.39
1.40
1.39
1.40
1.39
1.39
1.39
1.40
1.40
1.40
1.40
1.40
1.40
1.40
1.40
1.40
1.40
1.40
1.40
1.40
1.39
1.40
1.39
1.39
1.40
1.39
1.40
1.39
1.40
1.39
1.39
1.39
1.39
1.39
1.39
1.39
1.39
1.39
1.39
1.39
1.38
1.39
1.39
1.38
1.38
1.39
1.39
1.39
1.39
1.39
1.39
1.39
1.39
