68.75
64.06
66.15
64.06
63.13
63.28
62.28
63.09
62.15
62.03
62.50
61.85
61.66
61.27
61.15
60.16
59.74
60.76
60.69
60.16
59.90
59.73
59.71
59.51
60.00
60.28
60.30
60.49
60.40
60.36
60.53
60.64
61.03
61.03
61.12
60.98
60.98
60.90
61.02
61.17
61.05
60.94
61.05
61.04
60.94
61.01
60.84
60.94
60.94
60.97
60.94
60.91
61.08
61.17
61.14
61.19
61.21
61.31
61.15
61.15
61.27
61.47
61.53
61.67
61.63
61.77
61.75
61.76
61.75
61.87
61.82
61.83
61.88
61.85
61.85
61.90
61.99
62.02
62.10
62.27
62.21
62.16
62.26
62.17
62.22
61.99
62.07
62.11
62.10
62.17
62.21
62.09
62.08
62.05
61.92
61.90
61.87
61.89
61.95
61.91
61.85
61.80
61.79
61.67
61.55
61.65
61.70
61.79
61.85
61.86
61.95
61.90
61.95
61.97
61.93
61.87
61.93
61.96
61.95
61.90
61.96
61.91
61.98
61.93
61.84
61.89
61.87
61.82
61.77
61.77
61.81
61.84
61.87
61.86
61.91
61.87
61.82
61.87
61.84
61.81
61.77
61.71
61.66
61.76
61.81
61.87
61.94
61.92
61.88
61.97
61.90
61.88
61.92
61.94
61.87
61.92
61.90
61.95
62.02
61.94
61.95
61.97
61.95
61.94
61.97
61.96
61.99
61.96
61.98
61.97
61.96
62.00
62.00
62.04
62.03
62.05
62.05
62.00
61.99
61.94
61.96
62.05
62.05
62.02
62.04
62.06
62.07
62.06
62.00
61.97
61.95
61.96
62.01
62.02
62.04
62.01
62.00
61.94
62.01
62.02
62.01
61.94
61.93
61.93
61.94
61.95
61.95
61.91
61.91
61.93
61.97
61.99
61.98
62.00
62.01
62.04
62.02
62.01
62.03
62.02
62.04
62.02
62.02
62.02
62.00
61.99
61.93
61.90
61.86
61.85
61.88
61.87
61.87
61.85
61.84
61.83
61.83
61.83
61.84
61.84
61.83
61.84
61.86
61.88
61.93
61.90
61.86
61.86
61.89
61.92
61.94
61.96
61.98
62.03
62.08
62.08
62.05
62.05
62.07
62.07
62.07
62.09
62.10
62.09
62.08
62.07
62.06
62.05
62.11
62.11
62.14
62.11
62.09
62.12
62.14
62.14
62.13
62.13
62.09
62.13
62.09
62.08
62.12
62.09
62.07
62.08
62.10
62.10
62.09
62.07
62.09
62.08
62.09
62.10
62.06
62.05
62.06
62.06
62.04
62.03
62.04
62.07
62.02
62.02
62.02
62.01
61.99
62.00
62.00
62.02
61.98
61.99
61.98
62.02
62.01
62.02
61.99
61.99
61.99
61.96
61.95
61.97
61.98
61.97
61.97
61.97
61.97
61.97
61.97
61.99
61.98
61.97
61.98
62.01
61.97
61.96
61.96
61.97
61.97
61.99
62.03
62.05
62.07
62.09
62.09
62.08
62.08
62.09
62.05
62.03
62.00
61.97
61.98
62.02
62.01
62.03
62.07
62.09
62.09
62.12
62.12
62.12
62.12
62.12
62.14
62.15
62.14
62.13
62.11
62.10
62.07
62.05
62.04
62.08
62.07
62.12
62.10
62.11
62.08
62.08
62.10
62.09
62.10
62.11
62.13
62.14
62.16
62.19
62.19
62.18
62.18
62.19
62.21
62.22
62.23
62.24
62.21
62.23
62.23
62.24
62.24
62.22
62.23
62.25
62.22
62.20
62.23
62.23
62.26
62.28
62.26
62.26
62.25
62.25
62.24
62.24
62.25
62.25
62.22
62.22
62.21
62.23
62.22
62.20
62.22
62.24
62.25
62.26
62.23
62.24
62.25
62.25
62.25
62.25
62.25
62.27
62.27
62.27
62.25
62.24
62.24
62.21
62.22
62.19
62.20
62.19
62.20
62.18
62.18
62.19
62.19
62.19
62.21
62.19
62.20
62.21
62.21
62.18
62.19
62.16
62.16
62.17
62.15
62.15
62.14
62.11
62.13
62.14
62.13
62.13
62.10
62.09
62.09
62.07
62.07
62.08
62.06
62.07
62.08
62.06
62.07
62.10
62.12
62.13
62.09
62.10
62.09
62.10
62.12
62.14
62.15
62.16
62.15
62.14
62.14
62.14
62.15
62.17
62.14
62.13
62.15
62.18
62.18
62.17
62.19
62.19
62.20
62.20
62.21
62.19
62.17
62.16
62.16
62.18
62.18
62.19
62.18
62.19
62.18
62.17
62.18
62.17
62.16
62.17
62.16
62.17
62.17
62.18
62.19
62.17
62.17
62.17
62.17
62.17
62.18
62.16
62.18
62.18
62.18
62.20
62.21
62.20
62.19
62.19
62.20
62.20
62.21
62.20
62.19
62.19
62.19
62.20
62.21
62.22
62.23
62.23
62.22
62.22
62.23
62.23
62.22
62.22
62.23
62.25
62.23
62.23
62.24
62.22
62.23
62.23
62.23
62.24
62.25
62.25
62.24
62.25
62.25
62.24
62.22
62.24
62.25
62.26
62.25
62.26
62.26
62.25
62.25
62.24
62.23
62.21
62.23
62.23
62.23
62.22
62.21
62.21
62.21
62.20
62.20
62.21
62.22
62.23
62.23
62.23
62.23
62.24
62.25
62.24
62.24
62.24
62.26
62.23
62.22
62.23
62.21
62.21
62.21
62.21
62.21
62.20
62.21
62.21
62.19
62.18
62.17
62.17
62.18
62.18
62.16
62.15
62.14
62.14
62.15
62.14
62.16
62.16
62.16
62.16
62.16
62.16
62.17
62.17
62.17
62.16
62.17
62.15
62.15
62.15
62.15
62.16
62.15
62.13
62.13
62.14
62.12
62.13
62.13
62.13
62.12
62.12
62.11
62.12
62.13
62.13
62.11
62.12
62.12
62.13
62.11
62.11
62.12
62.12
62.13
62.14
62.13
62.13
62.12
62.10
62.10
62.09
62.08
62.08
62.09
62.09
62.09
62.07
62.08
62.09
62.10
62.10
62.10
62.09
62.08
62.09
62.07
62.06
62.07
62.08
62.08
62.08
62.07
62.07
62.10
62.08
62.05
62.05
62.05
62.07
62.08
62.08
62.08
62.08
62.09
62.10
62.10
62.10
62.11
62.11
62.11
62.11
62.12
62.12
62.13
62.12
62.12
62.11
62.13
62.14
62.13
62.12
62.12
62.10
62.11
62.10
62.10
62.11
62.10
62.09
62.08
62.08
62.08
62.10
62.10
62.10
62.10
62.09
62.09
62.10
62.10
62.09
62.10
62.12
62.13
62.12
62.13
62.11
62.10
62.10
62.09
62.08
62.09
62.09
62.07
62.07
62.07
62.07
62.07
62.07
62.07
62.07
62.07
62.07
62.08
62.07
62.07
62.07
62.05
62.06
62.06
62.07
62.07
62.01
