68.75
71.09
67.71
69.92
69.38
69.27
68.53
68.95
69.27
68.91
70.17
69.79
70.31
70.20
68.96
68.55
68.57
68.49
68.50
68.20
68.38
68.68
68.95
68.95
69.25
69.47
69.21
69.25
68.91
68.85
69.10
69.04
68.94
69.03
69.11
69.10
68.96
69.24
69.15
69.22
69.40
69.08
69.11
69.03
69.24
69.02
69.15
69.01
69.10
68.81
69.06
69.05
69.04
68.84
68.81
68.89
69.00
68.99
68.86
68.83
68.70
68.62
68.70
68.73
68.73
68.58
68.56
68.64
68.68
68.71
68.68
68.58
68.56
68.58
68.52
68.61
68.71
68.73
68.71
68.67
68.58
68.69
68.75
68.77
68.73
68.73
68.64
68.73
68.64
68.68
68.65
68.75
68.65
68.73
68.78
68.78
68.77
68.83
68.78
68.72
68.78
68.73
68.73
68.57
68.53
68.50
68.62
68.53
68.52
68.52
68.62
68.58
68.74
68.71
68.76
68.78
68.71
68.71
68.71
68.67
68.76
68.78
68.83
68.85
68.80
68.79
68.80
68.84
68.83
68.85
68.75
68.71
68.70
68.76
68.78
68.80
68.83
68.84
68.87
68.83
68.87
68.79
68.84
68.87
68.91
68.91
68.91
68.96
68.99
69.00
69.00
68.95
68.89
68.83
68.88
68.92
68.95
68.95
68.96
68.93
68.96
68.95
68.93
68.92
68.86
68.86
68.88
68.88
68.93
68.91
68.91
68.92
68.82
68.87
68.88
68.84
68.86
68.86
68.90
68.86
68.84
68.84
68.84
68.79
68.83
68.78
68.78
68.81
68.86
68.89
68.91
68.92
68.88
68.81
68.85
68.84
68.85
68.81
68.78
68.77
68.77
68.80
68.83
68.80
68.82
68.79
68.79
68.80
68.76
68.79
68.80
68.79
68.76
68.79
68.80
68.77
68.79
68.76
68.76
68.71
68.75
68.71
68.69
68.65
68.65
68.66
68.68
68.63
68.67
68.69
68.68
68.71
68.71
68.70
68.66
68.64
68.62
68.64
68.59
68.63
68.59
68.59
68.58
68.60
68.64
68.65
68.66
68.68
68.69
68.69
68.67
68.61
68.60
68.58
68.60
68.55
68.55
68.53
68.51
68.49
68.50
68.46
68.47
68.46
68.48
68.48
68.46
68.46
68.47
68.49
68.48
68.51
68.48
68.48
68.45
68.48
68.43
68.42
68.37
68.38
68.38
68.41
68.40
68.39
68.41
68.37
68.37
68.36
68.38
68.38
68.39
68.38
68.40
68.40
68.40
68.39
68.36
68.37
68.37
68.35
68.36
68.36
68.36
68.35
68.36
68.33
68.33
68.29
68.32
68.34
68.31
68.31
68.33
68.33
68.36
68.36
68.32
68.33
68.33
68.33
68.30
68.30
68.29
68.27
68.28
68.28
68.27
68.25
68.26
68.28
68.28
68.30
68.29
68.27
68.28
68.26
68.29
68.28
68.27
68.25
68.25
68.26
68.23
68.24
68.22
68.26
68.25
68.25
68.25
68.24
68.24
68.26
68.26
68.26
68.28
68.28
68.26
68.29
68.28
68.27
68.25
68.26
68.29
68.29
68.30
68.34
68.34
68.34
68.33
68.32
68.33
68.33
68.34
68.35
68.34
68.37
68.39
68.39
68.40
68.41
68.43
68.44
68.43
68.43
68.42
68.44
68.44
68.45
68.44
68.42
68.43
68.44
68.44
68.43
68.43
68.42
68.41
68.40
68.37
68.38
68.37
68.37
68.37
68.36
68.36
68.33
68.33
68.32
68.30
68.30
68.31
68.31
68.31
68.32
68.31
68.29
68.27
68.29
68.29
68.30
68.29
68.32
68.34
68.33
68.32
68.30
68.30
68.30
68.28
68.27
68.24
68.23
68.24
68.24
68.23
68.25
68.25
68.28
68.28
68.30
68.30
68.30
68.31
68.29
68.30
68.29
68.29
68.28
68.27
68.28
68.29
68.29
68.28
68.27
68.28
68.28
68.27
68.29
68.27
68.25
68.25
68.26
68.26
68.28
68.27
68.27
68.29
68.29
68.29
68.29
68.30
68.30
68.30
68.29
68.28
68.27
68.28
68.28
68.30
68.30
68.32
68.32
68.32
68.31
68.30
68.29
68.28
68.27
68.28
68.27
68.26
68.27
68.30
68.29
68.29
68.28
68.28
68.27
68.29
68.29
68.30
68.28
68.29
68.28
68.28
68.29
68.30
68.30
68.31
68.31
68.32
68.32
68.31
68.30
68.29
68.27
68.28
68.26
68.27
68.27
68.26
68.27
68.27
68.26
68.24
68.25
68.26
68.27
68.29
68.29
68.30
68.27
68.27
68.27
68.27
68.26
68.27
68.27
68.27
68.27
68.26
68.25
68.23
68.24
68.24
68.24
68.25
68.25
68.26
68.28
68.28
68.29
68.29
68.28
68.29
68.30
68.28
68.30
68.30
68.31
68.30
68.30
68.28
68.27
68.26
68.26
68.25
68.25
68.25
68.25
68.24
68.25
68.24
68.26
68.26
68.25
68.26
68.24
68.25
68.24
68.24
68.23
68.24
68.24
68.24
68.23
68.24
68.25
68.26
68.26
68.25
68.24
68.24
68.24
68.24
68.24
68.23
68.23
68.24
68.21
68.21
68.19
68.20
68.19
68.19
68.19
68.20
68.19
68.18
68.18
68.17
68.17
68.17
68.19
68.18
68.17
68.18
68.20
68.20
68.20
68.19
68.18
68.18
68.16
68.17
68.16
68.16
68.17
68.18
68.19
68.21
68.20
68.21
68.21
68.19
68.19
68.21
68.22
68.22
68.21
68.20
68.19
68.20
68.19
68.19
68.18
68.19
68.20
68.21
68.22
68.22
68.21
68.20
68.20
68.20
68.18
68.18
68.18
68.18
68.19
68.20
68.19
68.20
68.21
68.22
68.23
68.23
68.24
68.24
68.24
68.24
68.24
68.23
68.23
68.24
68.24
68.23
68.25
68.24
68.22
68.24
68.23
68.21
68.21
68.21
68.19
68.20
68.19
68.19
68.19
68.18
68.17
68.16
68.17
68.19
68.17
68.17
68.17
68.18
68.19
68.20
68.18
68.17
68.18
68.18
68.19
68.19
68.19
68.19
68.18
68.19
68.18
68.20
68.19
68.19
68.20
68.18
68.19
68.18
68.19
68.20
68.20
68.19
68.20
68.18
68.18
68.18
68.18
68.17
68.19
68.19
68.19
68.19
68.19
68.18
68.19
68.18
68.19
68.18
68.17
68.17
68.18
68.18
68.18
68.18
68.18
68.19
68.20
68.20
68.21
68.22
68.22
68.23
68.23
68.22
68.22
68.23
68.24
68.24
68.25
68.25
68.25
68.27
68.28
68.27
68.26
68.26
68.26
68.25
68.26
68.27
68.27
68.27
68.27
68.27
68.27
68.26
68.25
68.26
68.27
68.26
68.20
