4.69
6.25
5.21
3.91
4.69
5.21
5.36
5.08
4.86
4.84
4.83
4.95
5.05
5.02
5.31
5.57
5.42
5.47
5.43
5.62
5.73
5.68
5.84
5.73
5.81
5.77
5.79
5.58
5.55
5.42
5.39
5.37
5.40
5.42
5.36
5.30
5.28
5.26
5.25
5.16
5.22
5.17
5.27
5.33
5.31
5.33
5.29
5.24
5.26
5.25
5.21
5.20
5.25
5.24
5.23
5.19
5.24
5.20
5.16
5.21
5.20
5.24
5.26
5.25
5.22
5.21
5.22
5.28
5.28
5.27
5.26
5.25
5.18
5.15
5.10
5.08
5.11
5.13
5.16
5.16
5.13
5.14
5.20
5.15
5.20
5.20
5.21
5.18
5.18
5.19
5.19
5.18
5.29
5.29
5.26
5.29
5.28
5.28
5.32
5.34
5.31
5.32
5.31
5.29
5.31
5.31
5.34
5.31
5.30
5.27
5.26
5.26
5.25
5.26
5.30
5.31
5.33
5.31
5.28
5.27
5.29
5.30
5.27
5.29
5.30
5.30
5.30
5.30
5.34
5.34
5.36
5.34
5.37
5.39
5.38
5.42
5.41
5.39
5.36
5.33
5.34
5.33
5.30
5.33
5.32
5.37
5.37
5.37
5.38
5.41
5.39
5.40
5.38
5.39
5.35
5.39
5.36
5.36
5.36
5.40
5.38
5.38
5.41
5.43
5.44
5.45
5.51
5.50
5.48
5.47
5.47
5.48
5.50
5.50
5.50
5.50
5.52
5.56
5.54
5.60
5.62
5.61
5.60
5.58
5.57
5.60
5.59
5.63
5.65
5.67
5.67
5.69
5.70
5.69
5.70
5.68
5.69
5.70
5.69
5.71
5.72
5.72
5.72
5.74
5.73
5.72
5.75
5.74
5.73
5.74
5.75
5.75
5.77
5.77
5.76
5.77
5.76
5.78
5.76
5.74
5.76
5.75
5.75
5.77
5.77
5.78
5.78
5.77
5.75
5.74
5.72
5.70
5.69
5.68
5.69
5.67
5.67
5.68
5.67
5.70
5.69
5.68
5.67
5.67
5.70
5.69
5.70
5.69
5.69
5.68
5.68
5.66
5.66
5.65
5.65
5.64
5.64
5.63
5.63
5.62
5.60
5.61
5.61
5.62
5.61
5.61
5.62
5.62
5.61
5.61
5.60
5.62
5.63
5.63
5.64
5.65
5.63
5.63
5.64
5.64
5.63
5.62
5.60
5.61
5.60
5.61
5.62
5.64
5.63
5.63
5.64
5.63
5.64
5.65
5.65
5.64
5.64
5.64
5.62
5.61
5.61
5.61
5.62
5.62
5.64
5.65
5.64
5.66
5.65
5.66
5.65
5.65
5.66
5.66
5.65
5.64
5.64
5.63
5.62
5.61
5.61
5.59
5.59
5.58
5.57
5.57
5.57
5.55
5.56
5.57
5.55
5.57
5.60
5.60
5.60
5.61
5.62
5.61
5.60
5.60
5.61
5.62
5.61
5.61
5.61
5.61
5.62
5.63
5.63
5.62
5.63
5.63
5.63
5.64
5.64
5.62
5.62
5.63
5.62
5.62
5.61
5.62
5.61
5.62
5.61
5.61
5.59
5.60
5.60
5.62
5.63
5.63
5.62
5.62
5.62
5.62
5.62
5.62
5.62
5.63
5.63
5.63
5.65
5.64
5.64
5.63
5.63
5.62
5.62
5.60
5.60
5.59
5.59
5.59
5.60
5.60
5.61
5.61
5.61
5.61
5.60
5.59
5.59
5.58
5.59
5.59
5.59
5.59
5.60
5.61
5.60
5.61
5.60
5.60
5.59
5.60
5.59
5.58
5.60
5.61
5.61
5.61
5.61
5.61
5.61
5.60
5.61
5.60
5.59
5.60
5.60
5.60
5.60
5.59
5.60
5.59
5.58
5.59
5.60
5.59
5.58
5.58
5.58
5.58
5.59
5.58
5.59
5.59
5.58
5.60
5.59
5.59
5.58
5.57
5.58
5.57
5.56
5.56
5.56
5.55
5.56
5.56
5.56
5.56
5.56
5.58
5.58
5.57
5.57
5.57
5.57
5.57
5.57
5.57
5.58
5.57
5.57
5.57
5.58
5.58
5.58
5.57
5.57
5.57
5.57
5.56
5.56
5.56
5.56
5.56
5.56
5.56
5.57
5.58
5.57
5.58
5.57
5.57
5.56
5.57
5.57
5.57
5.57
5.58
5.58
5.57
5.57
5.57
5.56
5.57
5.57
5.58
5.58
5.58
5.59
5.59
5.59
5.59
5.58
5.58
5.59
5.59
5.61
5.60
5.60
5.59
5.59
5.59
5.58
5.58
5.58
5.57
5.58
5.57
5.57
5.58
5.58
5.59
5.59
5.59
5.59
5.59
5.59
5.59
5.59
5.59
5.60
5.60
5.60
5.60
5.61
5.61
5.61
5.62
5.61
5.62
5.62
5.62
5.62
5.61
5.61
5.61
5.62
5.62
5.62
5.62
5.62
5.63
5.63
5.63
5.63
5.62
5.62
5.62
5.62
5.62
5.62
5.62
5.61
5.61
5.62
5.62
5.62
5.62
5.61
5.62
5.61
5.61
5.62
5.63
5.62
5.62
5.63
5.62
5.62
5.62
5.63
5.63
5.63
5.62
5.62
5.62
5.62
5.63
5.63
5.63
5.63
5.63
5.64
5.64
5.63
5.63
5.63
5.63
5.63
5.63
5.63
5.63
5.63
5.63
5.63
5.63
5.62
5.63
5.63
5.63
5.63
5.63
5.63
5.63
5.64
5.64
5.63
5.63
5.62
5.62
5.61
5.61
5.61
5.61
5.61
5.61
5.61
5.61
5.61
5.61
5.61
5.61
5.60
5.60
5.60
5.60
5.60
5.60
5.61
5.61
5.60
5.61
5.61
5.60
5.60
5.59
5.59
5.60
5.60
5.60
5.61
5.60
5.60
5.60
5.59
5.59
5.59
5.60
5.59
5.60
5.60
5.61
5.61
5.61
5.61
5.61
5.61
5.61
5.61
5.61
5.60
5.60
5.61
5.61
5.61
5.62
5.62
5.62
5.62
5.62
5.63
5.63
5.63
5.63
5.63
5.63
5.63
5.63
5.62
5.63
5.63
5.62
5.63
5.63
5.64
5.64
5.63
5.63
5.63
5.63
5.63
5.63
5.63
5.63
5.63
5.64
5.63
5.63
5.62
5.63
5.64
5.64
5.65
5.65
5.65
5.65
5.64
5.65
5.64
5.64
5.63
5.64
5.64
5.64
5.64
5.64
5.64
5.64
5.64
5.64
5.65
5.64
5.64
5.64
5.64
5.64
5.63
5.63
5.63
5.63
5.64
5.64
5.63
5.63
5.63
5.63
5.64
5.64
5.64
5.64
5.63
5.63
5.62
5.63
5.63
5.63
5.63
5.63
5.62
5.63
5.62
5.63
5.63
5.63
5.63
5.63
