82.81
75.78
70.31
71.88
70.31
69.79
68.75
69.14
69.44
68.75
68.89
68.75
69.11
68.97
68.85
68.36
68.29
68.40
69.00
68.75
68.97
69.46
69.23
69.40
69.44
69.59
69.44
69.64
69.29
69.27
69.41
69.19
69.41
69.53
69.33
69.31
69.43
69.53
69.55
69.69
69.55
69.72
69.73
69.71
69.69
69.90
69.95
69.99
69.99
70.16
70.10
69.92
69.78
69.79
69.74
69.64
69.79
69.67
69.52
69.69
69.54
69.63
69.54
69.65
69.59
69.48
69.31
69.28
69.34
69.29
69.34
69.27
69.26
69.19
69.21
69.16
69.20
69.39
69.46
69.45
69.39
69.28
69.35
69.35
69.34
69.37
69.43
69.28
69.35
69.41
69.35
69.31
69.22
69.32
69.33
69.34
69.30
69.32
69.29
69.30
69.32
69.30
69.39
69.41
69.42
69.50
69.49
69.42
69.42
69.47
69.40
69.43
69.40
69.37
69.42
69.41
69.52
69.48
69.50
69.48
69.49
69.48
69.46
69.51
69.51
69.51
69.55
69.60
69.67
69.71
69.78
69.74
69.73
69.72
69.70
69.66
69.56
69.53
69.48
69.46
69.49
69.51
69.53
69.60
69.59
69.65
69.58
69.58
69.60
69.56
69.58
69.65
69.64
69.62
69.63
69.66
69.76
69.76
69.78
69.74
69.69
69.75
69.76
69.77
69.78
69.75
69.80
69.78
69.79
69.82
69.78
69.77
69.82
69.85
69.80
69.87
69.88
69.90
69.90
69.90
69.88
69.89
69.90
70.00
70.00
70.01
70.03
70.05
70.05
70.09
70.06
70.05
70.05
69.98
69.98
69.95
69.96
70.03
70.02
70.05
70.09
70.08
70.08
70.08
70.11
70.10
70.12
70.14
70.18
70.18
70.13
70.14
70.13
70.13
70.11
70.10
70.10
70.12
70.13
70.12
70.08
70.07
70.07
70.11
70.12
70.13
70.14
70.15
70.16
70.17
70.16
70.22
70.21
70.21
70.19
70.19
70.18
70.20
70.23
70.20
70.20
70.22
70.21
70.20
70.17
70.15
70.12
70.09
70.11
70.11
70.09
70.13
70.12
70.14
70.16
70.12
70.06
70.08
70.05
70.04
70.09
70.13
70.14
70.13
70.15
70.18
70.15
70.13
70.16
70.18
70.18
70.15
70.13
70.13
70.11
70.14
70.15
70.18
70.18
70.22
70.21
70.22
70.20
70.17
70.18
70.18
70.15
70.14
70.13
70.12
70.12
70.11
70.15
70.14
70.15
70.16
70.18
70.15
70.12
70.12
70.10
70.11
70.10
70.11
70.13
70.13
70.11
70.11
70.14
70.11
70.13
70.16
70.14
70.13
70.15
70.16
70.16
70.17
70.18
70.17
70.16
70.14
70.14
70.13
70.15
70.13
70.13
70.15
70.17
70.14
70.15
70.15
70.15
70.16
70.16
70.17
70.18
70.12
70.11
70.11
70.11
70.13
70.13
70.10
70.07
70.06
70.06
70.06
70.08
70.08
70.06
70.06
70.08
70.11
70.10
70.10
70.11
70.13
70.13
70.13
70.14
70.14
70.15
70.15
70.16
70.16
70.20
70.21
70.22
70.22
70.22
70.20
70.20
70.21
70.21
70.20
70.21
70.21
70.21
70.19
70.18
70.19
70.19
70.21
70.24
70.26
70.25
70.24
70.25
70.25
70.26
70.27
70.29
70.30
70.31
70.28
70.28
70.28
70.29
70.26
70.24
70.25
70.25
70.25
70.26
70.27
70.27
70.26
70.24
70.24
70.23
70.21
70.24
70.26
70.29
70.32
70.29
70.29
70.30
70.28
70.30
70.31
70.29
70.29
70.28
70.28
70.28
70.29
70.31
70.29
70.28
70.27
70.27
70.27
70.24
70.23
70.21
70.21
70.22
70.22
70.22
70.21
70.21
70.20
70.19
70.18
70.17
70.17
70.18
70.19
70.21
70.21
70.18
70.17
70.16
70.17
70.17
70.16
70.16
70.15
70.14
70.15
70.15
70.16
70.15
70.14
70.13
70.10
70.10
70.07
70.07
70.05
70.06
70.06
70.06
70.06
70.05
70.06
70.06
70.06
70.06
70.04
70.04
70.04
70.04
70.03
70.01
70.00
69.99
69.97
69.97
69.99
69.99
69.99
70.00
70.01
70.00
69.99
69.99
69.99
69.96
69.96
69.96
69.97
69.97
69.95
69.95
69.94
69.93
69.94
69.93
69.94
69.94
69.95
69.95
69.94
69.95
69.97
69.97
69.97
69.97
69.97
69.96
69.96
69.95
69.96
69.97
69.95
69.96
69.95
69.92
69.93
69.94
69.94
69.95
69.94
69.94
69.95
69.96
69.95
69.97
69.97
69.96
69.94
69.95
69.97
69.98
69.98
69.98
69.98
70.00
70.02
70.03
70.01
70.00
70.01
70.02
70.02
69.98
69.98
69.98
69.98
69.99
70.00
70.00
70.00
70.00
70.00
69.99
69.98
69.97
69.98
70.00
70.00
70.00
70.00
70.01
70.01
70.00
70.00
70.01
70.01
70.02
70.02
70.02
70.03
70.04
70.07
70.07
70.07
70.09
70.09
70.08
70.07
70.07
70.07
70.08
70.09
70.09
70.09
70.11
70.12
70.12
70.13
70.14
70.13
70.13
70.12
70.12
70.11
70.10
70.11
70.10
70.10
70.09
70.10
70.10
70.11
70.09
70.08
70.07
70.06
70.07
70.07
70.07
70.07
70.06
70.08
70.07
70.08
70.06
70.08
70.08
70.09
70.09
70.10
70.09
70.10
70.11
70.13
70.12
70.13
70.14
70.13
70.13
70.14
70.14
70.14
70.14
70.15
70.16
70.14
70.15
70.15
70.15
70.16
70.14
70.13
70.10
70.10
70.10
70.10
70.11
70.10
70.11
70.11
70.13
70.14
70.14
70.14
70.14
70.15
70.15
70.16
70.15
70.14
70.14
70.14
70.14
70.14
70.14
70.14
70.14
70.15
70.16
70.16
70.17
70.18
70.18
70.16
70.17
70.16
70.16
70.16
70.17
70.16
70.15
70.15
70.15
70.16
70.16
70.16
70.16
70.16
70.16
70.16
70.16
70.16
70.16
70.17
70.17
70.17
70.17
70.17
70.17
70.16
70.16
70.16
70.17
70.18
70.18
70.18
70.17
70.16
70.16
70.15
70.14
70.15
70.13
70.12
70.12
70.13
70.12
70.13
70.12
70.13
70.14
70.16
70.15
70.13
70.14
70.15
70.15
70.14
70.14
70.15
70.14
70.15
70.14
70.15
70.13
70.13
70.14
70.15
70.15
70.16
70.15
70.14
70.12
70.13
70.13
70.13
70.12
70.13
70.13
70.14
70.15
70.15
70.15
70.13
70.14
70.15
70.15
70.16
70.16
70.17
70.18
70.18
70.17
70.17
70.17
70.11
