70.31
71.09
72.40
73.05
71.88
71.09
71.21
70.70
70.14
70.47
70.45
70.70
70.31
70.20
70.10
69.92
69.76
69.53
69.00
69.92
69.87
69.82
69.43
69.47
69.94
69.89
70.20
69.87
69.94
70.16
69.86
69.92
70.36
70.31
70.40
70.14
69.93
69.74
69.83
69.77
69.93
69.90
70.02
70.13
69.83
69.57
69.55
69.60
69.45
69.59
69.55
69.62
69.40
69.56
69.66
69.67
69.71
69.80
69.70
69.79
69.75
69.71
69.57
69.56
69.66
69.55
69.61
69.62
69.47
69.58
69.54
69.49
69.56
69.51
69.42
69.47
69.44
69.49
69.52
69.57
69.64
69.68
69.75
69.81
69.82
69.59
69.56
69.55
69.61
69.55
69.56
69.67
69.71
69.70
69.75
69.71
69.68
69.69
69.68
69.72
69.77
69.76
69.84
69.79
69.81
69.83
69.86
69.84
69.88
69.97
69.96
69.88
69.95
69.89
69.88
69.81
69.93
69.85
69.77
69.78
69.74
69.68
69.63
69.59
69.61
69.62
69.61
69.64
69.59
69.52
69.56
69.57
69.56
69.55
69.65
69.65
69.61
69.64
69.59
69.54
69.54
69.51
69.48
69.40
69.44
69.48
69.40
69.38
69.41
69.45
69.51
69.45
69.45
69.40
69.41
69.41
69.44
69.46
69.47
69.44
69.44
69.43
69.47
69.47
69.47
69.48
69.48
69.48
69.55
69.56
69.61
69.63
69.65
69.63
69.62
69.62
69.62
69.65
69.68
69.66
69.67
69.64
69.64
69.69
69.65
69.63
69.64
69.63
69.63
69.63
69.60
69.59
69.62
69.62
69.67
69.66
69.69
69.70
69.68
69.72
69.75
69.72
69.66
69.66
69.70
69.72
69.72
69.70
69.70
69.65
69.65
69.63
69.64
69.66
69.64
69.64
69.61
69.59
69.63
69.65
69.65
69.60
69.64
69.65
69.65
69.66
69.69
69.73
69.73
69.74
69.75
69.77
69.80
69.77
69.75
69.76
69.78
69.76
69.76
69.77
69.79
69.83
69.84
69.85
69.82
69.84
69.81
69.80
69.80
69.74
69.75
69.72
69.69
69.67
69.71
69.71
69.67
69.66
69.67
69.68
69.68
69.69
69.72
69.74
69.72
69.70
69.73
69.73
69.75
69.70
69.71
69.72
69.66
69.62
69.58
69.58
69.59
69.59
69.55
69.54
69.54
69.52
69.51
69.51
69.52
69.52
69.52
69.53
69.54
69.56
69.59
69.61
69.60
69.58
69.59
69.57
69.60
69.59
69.61
69.62
69.60
69.56
69.54
69.54
69.55
69.58
69.55
69.51
69.47
69.49
69.52
69.55
69.52
69.51
69.53
69.53
69.54
69.57
69.54
69.56
69.56
69.56
69.58
69.56
69.52
69.55
69.56
69.55
69.53
69.55
69.54
69.57
69.54
69.51
69.49
69.50
69.52
69.52
69.54
69.54
69.53
69.49
69.50
69.52
69.56
69.55
69.55
69.55
69.56
69.55
69.56
69.57
69.56
69.54
69.55
69.55
69.58
69.59
69.58
69.61
69.60
69.57
69.56
69.57
69.57
69.58
69.59
69.58
69.59
69.61
69.62
69.62
69.58
69.54
69.55
69.54
69.51
69.51
69.50
69.51
69.52
69.52
69.53
69.52
69.50
69.52
69.51
69.52
69.53
69.55
69.54
69.56
69.56
69.56
69.56
69.54
69.53
69.55
69.52
69.49
69.51
69.52
69.49
69.50
69.50
69.51
69.50
69.50
69.50
69.49
69.48
69.49
69.50
69.49
69.50
69.52
69.51
69.50
69.50
69.52
69.54
69.55
69.56
69.55
69.53
69.54
69.53
69.53
69.55
69.55
69.53
69.52
69.54
69.55
69.55
69.56
69.53
69.54
69.57
69.56
69.56
69.55
69.57
69.57
69.55
69.57
69.55
69.53
69.53
69.51
69.52
69.53
69.52
69.53
69.49
69.49
69.49
69.49
69.48
69.46
69.46
69.45
69.44
69.46
69.47
69.47
69.45
69.44
69.45
69.45
69.45
69.44
69.43
69.45
69.44
69.42
69.43
69.45
69.45
69.46
69.44
69.43
69.43
69.44
69.46
69.47
69.48
69.49
69.49
69.50
69.50
69.50
69.48
69.47
69.48
69.49
69.50
69.50
69.51
69.50
69.50
69.51
69.50
69.51
69.51
69.50
69.51
69.51
69.51
69.51
69.51
69.49
69.47
69.49
69.48
69.48
69.48
69.48
69.49
69.51
69.50
69.50
69.49
69.49
69.49
69.51
69.52
69.54
69.54
69.53
69.54
69.53
69.51
69.52
69.52
69.53
69.55
69.53
69.52
69.52
69.50
69.48
69.48
69.49
69.50
69.50
69.49
69.48
69.50
69.50
69.49
69.48
69.48
69.51
69.50
69.52
69.52
69.50
69.50
69.50
69.49
69.50
69.51
69.51
69.52
69.51
69.52
69.51
69.53
69.53
69.52
69.53
69.53
69.51
69.51
69.50
69.51
69.51
69.53
69.51
69.51
69.51
69.50
69.50
69.51
69.51
69.51
69.50
69.51
69.52
69.51
69.51
69.50
69.50
69.49
69.46
69.46
69.44
69.44
69.45
69.46
69.47
69.49
69.50
69.50
69.51
69.50
69.51
69.50
69.50
69.50
69.51
69.50
69.51
69.51
69.51
69.52
69.53
69.53
69.54
69.53
69.53
69.53
69.53
69.53
69.52
69.50
69.50
69.51
69.51
69.51
69.51
69.51
69.51
69.52
69.50
69.50
69.50
69.50
69.49
69.47
69.46
69.46
69.46
69.48
69.49
69.50
69.50
69.50
69.50
69.50
69.50
69.51
69.52
69.53
69.53
69.52
69.53
69.52
69.53
69.52
69.52
69.53
69.53
69.52
69.53
69.52
69.52
69.52
69.51
69.50
69.50
69.50
69.50
69.51
69.52
69.52
69.52
69.52
69.52
69.53
69.52
69.53
69.52
69.52
69.52
69.53
69.52
69.52
69.50
69.49
69.50
69.50
69.51
69.53
69.54
69.53
69.53
69.52
69.52
69.51
69.51
69.51
69.53
69.52
69.50
69.51
69.52
69.50
69.51
69.50
69.51
69.50
69.49
69.48
69.46
69.45
69.43
69.40
69.40
69.38
69.38
69.39
69.39
69.39
69.40
69.38
69.37
69.39
69.39
69.40
69.39
69.39
69.38
69.38
69.40
69.39
69.39
69.39
69.40
69.40
69.40
69.40
69.40
69.40
69.40
69.39
69.38
69.38
69.38
69.40
69.40
69.40
69.40
69.40
69.41
69.40
69.42
69.42
69.42
69.42
69.42
69.41
69.41
69.41
69.41
69.41
69.42
69.43
69.44
69.44
69.45
69.44
69.46
69.46
69.46
69.45
69.45
69.45
69.45
69.44
69.37
