50.00
46.09
47.40
46.48
46.56
46.61
46.21
46.88
46.18
46.09
46.59
46.22
45.91
46.09
46.15
46.78
46.51
46.79
46.63
46.95
46.88
47.09
46.81
46.81
47.12
46.75
46.82
46.71
46.77
46.88
47.08
47.17
47.16
47.20
47.23
46.88
47.04
47.16
47.00
46.91
47.26
47.36
47.53
47.73
47.64
47.59
47.67
47.75
47.67
47.72
47.70
47.72
47.76
47.60
47.73
47.80
47.81
47.90
47.85
48.02
48.05
48.06
48.16
48.19
48.39
48.41
48.44
48.55
48.48
48.35
48.20
48.18
48.31
48.27
48.21
48.25
48.32
48.22
48.30
48.20
48.28
48.30
48.44
48.33
48.36
48.44
48.46
48.51
48.60
48.59
48.54
48.64
48.64
48.59
48.49
48.44
48.44
48.49
48.56
48.62
48.69
48.76
48.73
48.63
48.68
48.66
48.79
48.73
48.77
48.89
48.82
48.79
48.80
48.73
48.74
48.69
48.70
48.69
48.71
48.76
48.81
48.86
48.79
48.77
48.79
48.77
48.84
48.79
48.86
48.89
48.78
48.76
48.81
48.75
48.67
48.64
48.70
48.66
48.68
48.71
48.67
48.71
48.72
48.75
48.79
48.82
48.84
48.82
48.79
48.88
48.97
48.97
49.00
48.92
48.93
48.98
48.94
48.94
48.94
48.95
48.96
48.95
48.95
48.96
48.96
48.96
48.93
48.84
48.84
48.79
48.81
48.81
48.75
48.81
48.83
48.84
48.83
48.84
48.83
48.80
48.77
48.77
48.74
48.73
48.68
48.69
48.69
48.73
48.68
48.65
48.68
48.71
48.70
48.65
48.69
48.68
48.68
48.68
48.68
48.66
48.62
48.62
48.59
48.58
48.60
48.60
48.63
48.60
48.59
48.56
48.62
48.64
48.63
48.60
48.60
48.57
48.52
48.51
48.51
48.50
48.54
48.59
48.61
48.59
48.58
48.58
48.52
48.52
48.55
48.53
48.54
48.53
48.50
48.53
48.55
48.54
48.54
48.53
48.55
48.53
48.51
48.52
48.53
48.53
48.53
48.49
48.48
48.52
48.51
48.53
48.54
48.56
48.55
48.50
48.49
48.49
48.50
48.45
48.44
48.43
48.46
48.43
48.44
48.40
48.41
48.41
48.38
48.37
48.43
48.42
48.40
48.41
48.45
48.42
48.40
48.42
48.44
48.44
48.44
48.44
48.43
48.47
48.47
48.47
48.48
48.51
48.50
48.49
48.50
48.50
48.48
48.45
48.43
48.45
48.49
48.49
48.50
48.51
48.47
48.49
48.47
48.45
48.47
48.44
48.43
48.44
48.42
48.43
48.45
48.45
48.42
48.45
48.44
48.44
48.41
48.45
48.46
48.42
48.41
48.39
48.39
48.38
48.39
48.42
48.39
48.36
48.36
48.36
48.37
48.35
48.36
48.36
48.31
48.30
48.30
48.31
48.33
48.31
48.32
48.35
48.33
48.32
48.30
48.27
48.26
48.23
48.28
48.28
48.31
48.31
48.31
48.34
48.33
48.31
48.29
48.29
48.31
48.28
48.27
48.31
48.32
48.32
48.28
48.24
48.23
48.23
48.22
48.26
48.26
48.26
48.25
48.26
48.27
48.27
48.26
48.26
48.25
48.29
48.28
48.29
48.31
48.32
48.33
48.36
48.35
48.37
48.37
48.40
48.43
48.41
48.41
48.37
48.39
48.39
48.38
48.36
48.37
48.39
48.39
48.38
48.39
48.39
48.39
48.35
48.34
48.36
48.38
48.40
48.35
48.33
48.33
48.32
48.31
48.29
48.28
48.29
48.30
48.28
48.30
48.31
48.32
48.31
48.30
48.32
48.32
48.35
48.34
48.32
48.31
48.30
48.29
48.30
48.29
48.30
48.28
48.28
48.27
48.28
48.30
48.32
48.31
48.31
48.32
48.31
48.30
48.30
48.29
48.28
48.27
48.25
48.25
48.24
48.25
48.23
48.21
48.22
48.22
48.21
48.20
48.20
48.21
48.23
48.23
48.23
48.24
48.26
48.24
48.21
48.22
48.22
48.23
48.22
48.20
48.20
48.19
48.18
48.18
48.20
48.21
48.23
48.20
48.20
48.20
48.19
48.19
48.18
48.18
48.17
48.18
48.20
48.21
48.19
48.18
48.20
48.22
48.21
48.20
48.17
48.20
48.22
48.24
48.24
48.21
48.19
48.18
48.17
48.16
48.17
48.18
48.17
48.17
48.19
48.18
48.18
48.20
48.18
48.19
48.17
48.19
48.19
48.18
48.17
48.18
48.20
48.21
48.21
48.22
48.25
48.26
48.25
48.25
48.26
48.28
48.28
48.26
48.28
48.30
48.32
48.31
48.29
48.29
48.29
48.30
48.30
48.30
48.30
48.29
48.29
48.31
48.31
48.32
48.31
48.32
48.34
48.35
48.34
48.36
48.36
48.35
48.33
48.31
48.30
48.30
48.30
48.30
48.32
48.33
48.33
48.36
48.37
48.39
48.39
48.39
48.39
48.37
48.38
48.38
48.39
48.38
48.39
48.40
48.40
48.41
48.40
48.40
48.40
48.38
48.37
48.38
48.38
48.40
48.39
48.38
48.38
48.39
48.41
48.42
48.41
48.43
48.44
48.46
48.46
48.46
48.47
48.47
48.48
48.47
48.46
48.46
48.45
48.46
48.44
48.43
48.43
48.44
48.42
48.42
48.43
48.43
48.45
48.46
48.45
48.46
48.46
48.46
48.46
48.47
48.46
48.45
48.45
48.46
48.46
48.46
48.46
48.48
48.49
48.50
48.50
48.48
48.48
48.50
48.49
48.48
48.49
48.49
48.48
48.48
48.47
48.47
48.46
48.46
48.46
48.46
48.46
48.48
48.47
48.48
48.47
48.48
48.48
48.46
48.46
48.46
48.47
48.46
48.46
48.44
48.44
48.44
48.43
48.43
48.43
48.44
48.44
48.43
48.42
48.42
48.43
48.44
48.43
48.43
48.43
48.43
48.43
48.42
48.42
48.42
48.42
48.42
48.42
48.41
48.41
48.41
48.41
48.43
48.44
48.44
48.44
48.44
48.44
48.42
48.43
48.44
48.44
48.45
48.46
48.46
48.45
48.44
48.44
48.44
48.45
48.46
48.46
48.46
48.46
48.48
48.50
48.50
48.52
48.51
48.51
48.51
48.51
48.52
48.52
48.53
48.53
48.53
48.56
48.56
48.56
48.57
48.55
48.56
48.56
48.57
48.57
48.58
48.60
48.60
48.60
48.60
48.59
48.59
48.60
48.62
48.63
48.63
48.62
48.61
48.61
48.61
48.61
48.62
48.63
48.64
48.64
48.65
48.64
48.65
48.63
48.62
48.62
48.63
48.63
48.64
48.63
48.65
48.66
48.65
48.65
48.65
48.64
48.63
48.61
48.60
48.60
48.60
48.59
48.61
48.56
