70.31
65.62
65.62
67.97
67.50
67.19
65.85
65.82
64.58
65.16
64.20
64.06
64.30
63.95
63.96
64.06
63.97
64.24
64.39
64.38
64.51
64.70
64.74
64.84
64.69
64.66
64.53
64.62
64.22
64.06
63.96
63.82
64.11
64.02
64.11
64.11
64.40
64.19
64.22
64.06
64.18
64.43
64.35
64.60
64.58
64.47
64.76
64.62
64.38
64.25
64.12
64.30
64.15
64.29
64.29
64.45
64.31
64.25
64.09
64.11
64.14
64.14
64.24
64.26
64.16
64.25
64.18
64.11
64.18
64.29
64.24
64.19
64.34
64.36
64.33
64.47
64.49
64.38
64.44
64.49
64.26
64.31
64.31
64.36
64.54
64.48
64.58
64.58
64.55
64.44
64.47
64.50
64.48
64.49
64.49
64.52
64.51
64.59
64.52
64.62
64.67
64.68
64.67
64.75
64.72
64.74
64.84
64.84
64.82
64.90
64.92
64.89
64.85
64.87
64.86
64.82
64.92
64.92
64.85
64.91
64.94
65.01
65.03
65.10
65.12
65.10
65.07
65.05
65.06
65.08
64.97
64.94
64.91
64.90
64.87
64.83
64.91
64.89
64.91
64.98
64.98
65.02
65.02
65.07
65.14
65.15
65.22
65.22
65.26
65.30
65.29
65.28
65.30
65.28
65.25
65.27
65.19
65.18
65.18
65.14
65.15
65.16
65.15
65.13
65.12
65.11
65.15
65.16
65.17
65.23
65.21
65.24
65.22
65.21
65.21
65.23
65.27
65.28
65.34
65.32
65.37
65.42
65.38
65.34
65.34
65.35
65.38
65.38
65.39
65.38
65.38
65.42
65.44
65.40
65.38
65.35
65.37
65.38
65.37
65.38
65.42
65.42
65.37
65.37
65.39
65.41
65.38
65.43
65.44
65.44
65.46
65.48
65.47
65.52
65.55
65.57
65.57
65.57
65.57
65.57
65.55
65.60
65.60
65.58
65.56
65.54
65.56
65.57
65.52
65.54
65.54
65.54
65.54
65.52
65.54
65.54
65.53
65.55
65.51
65.49
65.48
65.46
65.46
65.45
65.45
65.42
65.41
65.40
65.42
65.41
65.44
65.46
65.48
65.48
65.45
65.46
65.47
65.52
65.52
65.52
65.51
65.52
65.49
65.50
65.53
65.53
65.54
65.56
65.56
65.57
65.60
65.56
65.58
65.56
65.55
65.56
65.55
65.55
65.55
65.55
65.49
65.48
65.51
65.48
65.50
65.50
65.49
65.51
65.50
65.52
65.51
65.50
65.47
65.43
65.41
65.42
65.44
65.44
65.41
65.40
65.39
65.40
65.40
65.38
65.41
65.38
65.39
65.36
65.36
65.35
65.37
65.37
65.38
65.39
65.41
65.38
65.39
65.39
65.38
65.38
65.38
65.40
65.42
65.44
65.42
65.44
65.45
65.44
65.45
65.43
65.45
65.46
65.47
65.49
65.48
65.46
65.46
65.47
65.46
65.45
65.45
65.46
65.42
65.42
65.40
65.42
65.40
65.39
65.39
65.36
65.37
65.36
65.35
65.35
65.33
65.34
65.34
65.37
65.39
65.43
65.42
65.43
65.44
65.41
65.39
65.40
65.38
65.39
65.38
65.38
65.40
65.38
65.39
65.40
65.40
65.39
65.41
65.41
65.40
65.39
65.38
65.40
65.39
65.38
65.39
65.35
65.35
65.35
65.34
65.34
65.31
65.31
65.32
65.32
65.34
65.33
65.32
65.33
65.34
65.36
65.32
65.30
65.30
65.29
65.29
65.32
65.32
65.33
65.31
65.30
65.28
65.26
65.27
65.29
65.30
65.28
65.27
65.28
65.27
65.29
65.32
65.28
65.25
65.26
65.24
65.23
65.21
65.22
65.20
65.21
65.20
65.20
65.21
65.22
65.23
65.20
65.20
65.19
65.19
65.19
65.18
65.18
65.19
65.17
65.17
65.16
65.18
65.18
65.18
65.18
65.18
65.21
65.22
65.23
65.23
65.23
65.23
65.23
65.24
65.21
65.21
65.21
65.22
65.19
65.20
65.21
65.21
65.22
65.22
65.20
65.19
65.19
65.19
65.18
65.19
65.18
65.17
65.17
65.17
65.18
65.17
65.15
65.15
65.15
65.13
65.16
65.14
65.15
65.17
65.19
65.20
65.21
65.22
65.22
65.21
65.21
65.20
65.21
65.24
65.25
65.25
65.25
65.24
65.23
65.20
65.20
65.16
65.17
65.18
65.17
65.18
65.17
65.18
65.19
65.20
65.20
65.20
65.20
65.18
65.17
65.17
65.16
65.17
65.18
65.17
65.17
65.15
65.15
65.15
65.17
65.16
65.15
65.12
65.13
65.14
65.14
65.13
65.15
65.15
65.16
65.16
65.17
65.18
65.18
65.17
65.18
65.19
65.19
65.19
65.18
65.18
65.20
65.22
65.21
65.20
65.20
65.20
65.22
65.21
65.21
65.22
65.22
65.23
65.24
65.24
65.23
65.23
65.23
65.24
65.24
65.24
65.25
65.25
65.23
65.25
65.24
65.23
65.22
65.21
65.22
65.22
65.22
65.21
65.22
65.22
65.23
65.25
65.26
65.26
65.26
65.25
65.25
65.24
65.23
65.22
65.24
65.26
65.26
65.26
65.28
65.28
65.27
65.28
65.27
65.26
65.25
65.24
65.26
65.26
65.26
65.26
65.25
65.23
65.23
65.23
65.23
65.21
65.22
65.21
65.19
65.20
65.21
65.23
65.22
65.22
65.22
65.20
65.19
65.19
65.20
65.19
65.19
65.20
65.22
65.24
65.24
65.24
65.25
65.24
65.24
65.25
65.26
65.25
65.25
65.26
65.27
65.28
65.27
65.27
65.27
65.27
65.27
65.26
65.27
65.27
65.28
65.27
65.27
65.26
65.26
65.25
65.26
65.26
65.27
65.26
65.26
65.25
65.24
65.24
65.26
65.27
65.26
65.26
65.27
65.26
65.27
65.27
65.26
65.26
65.27
65.29
65.29
65.28
65.27
65.27
65.27
65.27
65.26
65.27
65.26
65.27
65.27
65.28
65.28
65.27
65.27
65.27
65.28
65.29
65.29
65.28
65.29
65.29
65.29
65.30
65.29
65.28
65.27
65.27
65.28
65.27
65.27
65.26
65.26
65.26
65.26
65.25
65.25
65.26
65.26
65.27
65.26
65.26
65.26
65.26
65.27
65.28
65.28
65.28
65.28
65.29
65.28
65.28
65.28
65.27
65.27
65.29
65.29
65.30
65.29
65.30
65.30
65.30
65.30
65.31
65.29
65.28
65.27
65.28
65.29
65.28
65.28
65.27
65.27
65.28
65.28
65.28
65.29
65.30
65.30
65.29
65.30
65.30
65.30
65.28
65.28
65.29
65.28
65.28
65.28
65.27
65.27
65.26
65.26
65.25
65.23
65.22
65.22
65.23
65.23
65.24
65.17
