37.50
41.41
42.71
41.41
39.38
39.06
39.06
38.87
39.93
39.53
40.20
39.84
39.54
39.51
38.96
37.99
37.22
37.41
37.83
38.20
38.62
38.49
38.25
38.74
38.62
38.82
39.12
39.40
39.17
39.17
38.71
38.72
38.64
38.65
38.97
38.98
38.77
38.98
39.06
39.30
39.18
39.03
38.92
38.92
38.85
38.79
38.90
38.77
38.74
38.78
38.69
38.79
38.94
38.83
38.89
38.81
38.98
38.93
38.96
38.88
38.93
39.26
39.29
39.23
39.13
39.18
39.13
39.04
39.06
39.08
39.04
39.26
39.30
39.25
39.12
39.17
39.08
39.00
38.92
38.87
38.99
38.99
39.01
39.01
39.12
39.17
39.24
39.17
39.29
39.34
39.25
39.32
39.38
39.48
39.42
39.39
39.43
39.48
39.36
39.34
39.20
39.20
39.27
39.30
39.29
39.34
39.25
39.31
39.28
39.40
39.40
39.37
39.44
39.43
39.58
39.57
39.53
39.57
39.56
39.48
39.36
39.36
39.32
39.29
39.29
39.35
39.30
39.36
39.30
39.34
39.34
39.32
39.24
39.24
39.32
39.30
39.32
39.30
39.29
39.32
39.31
39.37
39.32
39.39
39.33
39.45
39.49
39.47
39.46
39.46
39.42
39.35
39.40
39.40
39.29
39.31
39.37
39.41
39.42
39.38
39.37
39.44
39.43
39.44
39.46
39.48
39.49
39.50
39.42
39.42
39.46
39.43
39.45
39.48
39.44
39.45
39.45
39.49
39.52
39.54
39.61
39.65
39.64
39.67
39.70
39.67
39.65
39.66
39.72
39.76
39.80
39.79
39.76
39.77
39.78
39.72
39.73
39.76
39.82
39.80
39.83
39.80
39.84
39.86
39.83
39.87
39.86
39.82
39.83
39.84
39.78
39.77
39.73
39.68
39.69
39.68
39.70
39.68
39.74
39.73
39.71
39.72
39.74
39.77
39.80
39.76
39.75
39.71
39.68
39.72
39.73
39.72
39.72
39.73
39.75
39.74
39.77
39.73
39.76
39.76
39.72
39.69
39.66
39.68
39.64
39.67
39.63
39.62
39.63
39.61
39.62
39.59
39.57
39.57
39.56
39.58
39.60
39.61
39.62
39.59
39.58
39.63
39.61
39.64
39.67
39.70
39.67
39.68
39.67
39.66
39.68
39.72
39.73
39.70
39.69
39.70
39.70
39.68
39.67
39.70
39.71
39.71
39.72
39.71
39.71
39.67
39.61
39.61
39.61
39.62
39.60
39.59
39.58
39.50
39.48
39.47
39.44
39.42
39.44
39.45
39.45
39.45
39.43
39.44
39.37
39.40
39.40
39.43
39.43
39.44
39.43
39.45
39.46
39.44
39.46
39.45
39.40
39.41
39.45
39.47
39.48
39.49
39.53
39.51
39.50
39.52
39.52
39.51
39.51
39.51
39.51
39.52
39.55
39.55
39.53
39.50
39.54
39.55
39.57
39.59
39.64
39.64
39.61
39.62
39.62
39.63
39.65
39.62
39.61
39.58
39.55
39.55
39.54
39.52
39.50
39.48
39.49
39.47
39.48
39.47
39.45
39.43
39.42
39.41
39.41
39.40
39.40
39.39
39.39
39.36
39.37
39.36
39.35
39.35
39.38
39.39
39.38
39.40
39.40
39.39
39.38
39.38
39.40
39.40
39.39
39.40
39.40
39.38
39.39
39.38
39.37
39.35
39.36
39.34
39.35
39.35
39.37
39.38
39.38
39.38
39.39
39.36
39.34
39.34
39.33
39.33
39.36
39.36
39.34
39.34
39.33
39.34
39.35
39.33
39.34
39.35
39.35
39.35
39.36
39.36
39.35
39.37
39.37
39.37
39.38
39.39
39.39
39.37
39.37
39.37
39.37
39.40
39.41
39.39
39.37
39.37
39.38
39.36
39.36
39.37
39.34
39.31
39.31
39.33
39.32
39.32
39.34
39.32
39.33
39.33
39.31
39.28
39.27
39.28
39.28
39.26
39.24
39.25
39.25
39.26
39.27
39.27
39.27
39.27
39.29
39.30
39.31
39.30
39.31
39.33
39.32
39.35
39.35
39.35
39.33
39.33
39.31
39.31
39.29
39.28
39.28
39.29
39.28
39.28
39.27
39.26
39.24
39.26
39.26
39.27
39.27
39.26
39.26
39.25
39.27
39.26
39.25
39.25
39.24
39.25
39.27
39.26
39.25
39.26
39.27
39.27
39.29
39.28
39.29
39.28
39.31
39.32
39.32
39.30
39.27
39.27
39.28
39.28
39.28
39.27
39.27
39.28
39.29
39.28
39.29
39.28
39.29
39.28
39.30
39.30
39.31
39.28
39.28
39.27
39.29
39.29
39.30
39.30
39.31
39.34
39.34
39.34
39.34
39.32
39.30
39.31
39.29
39.30
39.30
39.30
39.30
39.29
39.28
39.28
39.27
39.26
39.24
39.25
39.24
39.23
39.21
39.21
39.20
39.20
39.20
39.21
39.20
39.19
39.17
39.19
39.20
39.20
39.20
39.20
39.21
39.19
39.17
39.15
39.15
39.13
39.14
39.14
39.15
39.15
39.15
39.12
39.13
39.13
39.13
39.14
39.14
39.15
39.15
39.14
39.16
39.14
39.14
39.12
39.13
39.13
39.11
39.11
39.11
39.08
39.10
39.10
39.10
39.10
39.08
39.07
39.08
39.10
39.11
39.11
39.11
39.10
39.09
39.09
39.09
39.09
39.10
39.11
39.10
39.10
39.08
39.07
39.06
39.06
39.07
39.07
39.07
39.06
39.07
39.06
39.06
39.05
39.04
39.04
39.03
39.03
39.02
39.02
39.01
39.01
39.01
39.01
39.02
39.01
38.99
38.99
38.99
39.00
39.00
39.01
39.01
39.01
39.01
39.02
39.02
39.01
39.02
39.02
39.02
39.02
39.02
39.01
39.01
39.02
39.02
39.02
39.02
39.01
39.01
39.02
39.01
39.03
39.01
39.02
39.01
38.99
39.00
39.00
38.99
38.99
38.98
38.98
38.99
38.98
38.97
38.97
38.96
38.95
38.95
38.94
38.95
38.96
38.96
38.98
38.97
38.96
38.97
38.98
38.98
38.98
38.97
38.98
38.97
38.95
38.95
38.94
38.92
38.91
38.92
38.92
38.93
38.94
38.93
38.93
38.92
38.91
38.92
38.92
38.94
38.94
38.93
38.94
38.93
38.94
38.96
38.96
38.96
38.95
38.94
38.94
38.93
38.95
38.96
38.98
38.97
38.97
38.98
38.98
38.98
38.98
38.98
38.98
38.98
38.98
38.99
39.00
38.99
38.99
38.99
39.01
39.01
39.02
39.02
39.03
39.02
39.02
39.03
39.03
39.03
39.03
39.04
39.04
39.04
39.04
39.02
39.01
39.02
39.03
39.04
39.02
39.03
39.03
39.02
39.01
39.02
39.03
39.04
39.00
