75.00
70.31
68.75
66.41
65.31
64.84
66.07
66.99
67.53
67.50
66.76
65.76
65.14
65.51
65.31
64.65
64.25
64.06
64.06
63.91
64.14
64.13
63.79
63.61
63.25
63.10
63.25
63.17
63.42
63.49
63.76
63.82
63.87
63.65
63.57
63.76
63.72
63.90
63.94
63.95
63.99
64.03
64.10
63.96
63.99
64.06
64.13
64.10
64.16
64.06
64.06
64.00
64.00
63.92
63.95
64.17
64.31
64.25
64.19
64.19
64.19
64.24
64.31
64.16
64.11
64.04
64.06
64.09
63.99
63.97
64.02
64.04
64.04
64.00
63.96
63.90
63.92
63.92
64.00
64.06
64.00
63.99
63.93
63.86
63.84
63.86
63.88
63.87
63.83
63.68
63.62
63.54
63.56
63.63
63.73
63.77
63.79
63.81
63.67
63.62
63.61
63.71
63.74
63.79
63.87
63.89
63.90
63.74
63.75
63.81
63.85
63.91
63.84
63.88
63.89
63.87
63.89
63.94
63.90
63.82
63.88
63.84
63.86
63.90
63.91
63.98
63.99
64.07
64.05
63.92
63.90
63.86
63.78
63.74
63.75
63.79
63.78
63.75
63.71
63.77
63.79
63.82
63.82
63.85
63.83
63.86
63.79
63.86
63.88
63.89
63.85
63.81
63.84
63.84
63.82
63.83
63.86
63.77
63.86
63.82
63.86
63.85
63.82
63.81
63.88
63.84
63.83
63.77
63.84
63.87
63.87
63.85
63.88
63.91
63.89
63.84
63.85
63.88
63.91
63.93
63.93
63.89
63.87
63.88
63.91
63.92
63.90
63.92
63.91
63.87
63.85
63.81
63.84
63.84
63.81
63.80
63.77
63.75
63.76
63.77
63.80
63.79
63.76
63.79
63.86
63.81
63.81
63.83
63.86
63.84
63.82
63.84
63.84
63.86
63.87
63.85
63.82
63.84
63.79
63.78
63.77
63.75
63.74
63.78
63.76
63.72
63.73
63.74
63.70
63.69
63.74
63.75
63.77
63.76
63.78
63.79
63.78
63.79
63.81
63.81
63.76
63.78
63.82
63.81
63.83
63.82
63.87
63.89
63.88
63.91
63.92
63.96
63.93
63.93
63.89
63.92
63.90
63.91
63.88
63.91
63.94
63.96
63.96
63.99
64.02
64.00
64.00
64.02
64.02
64.02
64.00
64.00
63.98
63.97
63.99
63.98
63.98
63.98
63.99
63.94
63.94
63.93
63.93
63.91
63.89
63.89
63.91
63.94
63.92
63.94
63.91
63.92
63.92
63.94
63.96
63.97
63.96
63.94
63.93
63.92
63.92
63.91
63.91
63.93
63.97
63.98
63.97
63.96
63.96
63.94
63.94
63.91
63.89
63.86
63.83
63.84
63.86
63.88
63.89
63.88
63.87
63.83
63.82
63.84
63.82
63.85
63.86
63.84
63.82
63.79
63.81
63.84
63.84
63.86
63.86
63.88
63.86
63.85
63.84
63.85
63.83
63.82
63.83
63.84
63.85
63.86
63.86
63.87
63.88
63.91
63.88
63.84
63.82
63.84
63.85
63.83
63.83
63.83
63.82
63.84
63.86
63.85
63.85
63.83
63.84
63.81
63.81
63.81
63.82
63.83
63.83
63.84
63.85
63.83
63.86
63.88
63.87
63.88
63.90
63.90
63.92
63.93
63.94
63.96
63.97
63.99
63.99
63.97
63.97
63.98
63.97
63.94
63.92
63.91
63.91
63.91
63.91
63.92
63.93
63.93
63.94
63.94
63.94
63.95
63.96
63.96
63.97
63.97
63.97
63.98
63.98
63.99
64.00
64.01
64.01
64.01
64.01
64.02
64.03
64.03
64.03
64.01
63.99
63.98
64.01
64.01
63.99
63.99
64.00
64.00
64.01
64.02
64.02
64.02
64.04
64.04
64.04
64.06
64.05
64.06
64.04
64.02
64.02
64.02
64.03
64.03
64.02
64.01
64.00
64.00
64.00
64.00
64.02
63.99
63.97
63.97
63.97
63.96
63.97
63.97
63.98
64.00
64.02
64.01
63.98
63.99
63.96
63.95
63.95
63.97
63.96
63.97
63.97
63.97
63.96
63.96
63.96
63.97
63.98
63.98
63.99
64.00
63.99
63.98
63.99
63.99
64.00
64.00
64.00
63.98
63.99
64.00
64.03
64.03
64.03
64.01
64.01
64.01
63.99
63.96
63.95
63.94
63.94
63.95
63.98
63.98
63.95
63.92
63.94
63.94
63.94
63.95
63.94
63.97
63.97
63.97
63.97
63.97
63.96
63.98
63.99
63.99
64.01
64.03
64.03
64.04
64.02
64.01
64.04
64.03
64.03
64.05
64.05
64.06
64.07
64.08
64.08
64.09
64.09
64.09
64.09
64.10
64.11
64.12
64.12
64.13
64.12
64.11
64.11
64.10
64.07
64.09
64.09
64.09
64.09
64.08
64.08
64.07
64.07
64.08
64.08
64.09
64.11
64.09
64.09
64.10
64.11
64.10
64.10
64.12
64.10
64.10
64.08
64.08
64.07
64.08
64.08
64.08
64.07
64.08
64.07
64.05
64.06
64.05
64.03
64.03
64.04
64.04
64.05
64.05
64.08
64.08
64.09
64.09
64.11
64.10
64.08
64.09
64.07
64.06
64.04
64.04
64.04
64.05
64.05
64.04
64.03
64.02
64.02
64.03
64.04
64.05
64.05
64.05
64.05
64.05
64.05
64.04
64.04
64.04
64.05
64.02
64.03
64.03
64.02
64.02
64.02
64.02
64.03
64.03
64.04
64.05
64.05
64.05
64.06
64.07
64.07
64.06
64.07
64.06
64.08
64.07
64.06
64.07
64.07
64.07
64.06
64.06
64.07
64.06
64.05
64.06
64.07
64.07
64.08
64.09
64.08
64.08
64.08
64.08
64.08
64.10
64.11
64.11
64.10
64.10
64.09
64.09
64.09
64.08
64.08
64.07
64.08
64.07
64.06
64.06
64.06
64.05
64.06
64.07
64.06
64.05
64.06
64.07
64.08
64.07
64.06
64.04
64.04
64.06
64.06
64.06
64.06
64.05
64.04
64.03
64.03
64.03
64.02
64.02
64.02
64.03
64.02
64.03
64.02
64.02
64.02
64.01
64.02
64.01
64.01
64.02
64.00
64.00
64.00
64.00
64.00
63.99
63.98
63.97
63.98
63.97
63.97
63.97
63.96
63.96
63.95
63.96
63.97
63.97
63.97
63.99
63.98
63.97
63.98
63.96
63.96
63.97
63.97
63.98
64.00
64.01
64.01
64.01
64.02
64.02
64.03
64.03
64.03
64.03
64.03
64.03
64.03
64.02
64.03
64.04
64.04
64.03
64.04
64.05
64.05
64.04
64.04
64.03
64.04
64.03
64.04
64.05
64.04
64.04
64.05
64.05
64.05
64.05
64.07
64.08
64.08
64.07
64.08
64.07
64.07
64.00
