56.25
58.59
52.60
51.56
52.50
53.65
54.02
53.91
54.51
55.31
55.68
55.47
55.41
55.92
55.73
55.66
55.15
55.47
55.84
56.09
55.58
55.89
55.84
55.53
54.94
54.81
54.80
55.30
54.96
55.05
55.04
54.98
54.73
54.64
54.69
54.56
54.48
54.48
54.53
54.88
55.14
55.02
55.23
55.36
55.10
55.37
55.45
55.47
55.42
55.28
54.96
55.02
55.13
55.24
55.28
55.39
55.21
55.20
55.24
55.18
55.17
55.17
55.26
55.15
55.22
55.33
55.29
55.33
55.25
55.22
55.24
55.25
55.27
55.41
55.40
55.49
55.54
55.55
55.46
55.39
55.44
55.49
55.57
55.56
55.39
55.40
55.28
55.29
55.27
55.33
55.29
55.38
55.39
55.39
55.36
55.34
55.35
55.33
55.32
55.27
55.23
55.28
55.22
55.20
55.24
55.20
55.24
55.32
55.32
55.31
55.41
55.40
55.34
55.30
55.31
55.31
55.37
55.40
55.40
55.39
55.41
55.39
55.40
55.43
55.44
55.41
55.39
55.41
55.33
55.25
55.22
55.21
55.22
55.24
55.25
55.25
55.27
55.17
55.13
55.09
55.03
55.05
55.09
55.11
55.13
55.09
55.05
55.00
55.03
55.01
55.04
55.05
55.01
55.03
54.94
54.92
54.93
54.94
54.91
54.91
54.90
54.84
54.85
54.86
54.91
54.88
54.87
54.86
54.85
54.85
54.86
54.89
54.91
54.88
54.84
54.80
54.82
54.77
54.75
54.75
54.83
54.82
54.84
54.83
54.84
54.91
54.90
54.87
54.87
54.86
54.85
54.81
54.78
54.76
54.78
54.83
54.85
54.88
54.84
54.84
54.81
54.78
54.79
54.75
54.74
54.74
54.73
54.74
54.73
54.72
54.71
54.69
54.71
54.72
54.77
54.75
54.73
54.71
54.72
54.73
54.77
54.74
54.73
54.72
54.66
54.68
54.65
54.67
54.72
54.73
54.73
54.69
54.68
54.65
54.72
54.72
54.68
54.67
54.66
54.71
54.71
54.64
54.65
54.63
54.66
54.66
54.66
54.64
54.59
54.59
54.61
54.61
54.59
54.60
54.60
54.59
54.58
54.58
54.58
54.58
54.57
54.61
54.63
54.63
54.59
54.58
54.59
54.59
54.57
54.57
54.60
54.60
54.64
54.63
54.69
54.66
54.70
54.70
54.69
54.68
54.67
54.68
54.68
54.63
54.63
54.64
54.61
54.65
54.64
54.64
54.66
54.70
54.65
54.64
54.64
54.67
54.68
54.67
54.68
54.69
54.66
54.65
54.68
54.67
54.69
54.67
54.65
54.66
54.65
54.65
54.65
54.62
54.60
54.57
54.57
54.57
54.56
54.60
54.62
54.63
54.62
54.64
54.61
54.63
54.65
54.65
54.63
54.62
54.62
54.61
54.59
54.57
54.56
54.60
54.63
54.62
54.64
54.64
54.62
54.63
54.64
54.63
54.62
54.62
54.63
54.66
54.66
54.67
54.65
54.64
54.64
54.61
54.65
54.65
54.66
54.66
54.69
54.68
54.67
54.66
54.70
54.71
54.74
54.73
54.74
54.74
54.76
54.76
54.74
54.74
54.73
54.75
54.73
54.73
54.75
54.76
54.75
54.75
54.76
54.76
54.78
54.78
54.77
54.75
54.75
54.76
54.76
54.76
54.76
54.76
54.74
54.75
54.78
54.78
54.77
54.77
54.78
54.79
54.79
54.78
54.78
54.79
54.81
54.81
54.80
54.80
54.83
54.84
54.87
54.86
54.87
54.84
54.84
54.84
54.85
54.87
54.86
54.86
54.88
54.88
54.87
54.87
54.85
54.84
54.83
54.83
54.82
54.82
54.81
54.80
54.82
54.82
54.80
54.83
54.83
54.83
54.82
54.85
54.84
54.83
54.81
54.79
54.81
54.80
54.80
54.81
54.81
54.83
54.81
54.82
54.83
54.81
54.79
54.80
54.80
54.80
54.81
54.81
54.82
54.83
54.83
54.84
54.84
54.85
54.85
54.86
54.82
54.84
54.84
54.83
54.84
54.83
54.82
54.84
54.83
54.81
54.81
54.83
54.84
54.83
54.86
54.87
54.88
54.88
54.88
54.88
54.88
54.88
54.88
54.89
54.90
54.90
54.90
54.89
54.91
54.90
54.90
54.91
54.92
54.92
54.91
54.91
54.90
54.90
54.90
54.90
54.89
54.90
54.90
54.88
54.87
54.86
54.85
54.85
54.87
54.86
54.86
54.88
54.90
54.89
54.89
54.88
54.87
54.85
54.83
54.85
54.85
54.86
54.86
54.87
54.85
54.85
54.85
54.82
54.83
54.83
54.83
54.83
54.82
54.83
54.81
54.81
54.82
54.82
54.82
54.83
54.80
54.80
54.79
54.79
54.79
54.78
54.77
54.74
54.75
54.75
54.75
54.76
54.77
54.78
54.78
54.79
54.82
54.83
54.82
54.83
54.80
54.77
54.76
54.77
54.77
54.78
54.80
54.81
54.79
54.79
54.78
54.79
54.80
54.79
54.79
54.80
54.79
54.79
54.79
54.82
54.81
54.83
54.83
54.83
54.80
54.80
54.79
54.78
54.78
54.78
54.77
54.78
54.78
54.77
54.76
54.75
54.76
54.77
54.76
54.77
54.76
54.76
54.78
54.78
54.78
54.80
54.78
54.79
54.79
54.78
54.79
54.78
54.79
54.79
54.79
54.80
54.79
54.78
54.77
54.76
54.75
54.75
54.73
54.74
54.73
54.72
54.73
54.73
54.73
54.73
54.74
54.72
54.72
54.72
54.72
54.71
54.72
54.72
54.74
54.75
54.74
54.72
54.72
54.69
54.69
54.68
54.66
54.65
54.64
54.65
54.65
54.64
54.65
54.65
54.65
54.64
54.64
54.64
54.63
54.64
54.64
54.62
54.62
54.61
54.60
54.60
54.60
54.59
54.59
54.59
54.59
54.59
54.59
54.59
54.59
54.59
54.60
54.61
54.61
54.60
54.59
54.59
54.61
54.59
54.59
54.59
54.62
54.62
54.62
54.63
54.62
54.62
54.61
54.62
54.61
54.63
54.63
54.62
54.61
54.61
54.62
54.63
54.65
54.66
54.66
54.67
54.67
54.69
54.68
54.69
54.69
54.69
54.69
54.69
54.67
54.68
54.68
54.68
54.69
54.69
54.69
54.69
54.67
54.66
54.65
54.64
54.64
54.63
54.64
54.63
54.63
54.64
54.63
54.62
54.61
54.61
54.59
54.59
54.58
54.57
54.57
54.57
54.59
54.60
54.59
54.59
54.59
54.57
54.56
54.54
54.54
54.55
54.54
54.55
54.54
54.52
54.52
54.54
54.53
54.54
54.54
54.54
54.54
54.55
54.55
54.53
54.53
54.52
54.53
54.51
54.51
54.50
54.50
54.51
54.50
54.45
