70.31
66.41
66.15
66.41
64.38
64.84
64.73
64.06
63.72
64.06
64.06
64.58
65.26
64.73
64.48
64.45
64.80
64.84
64.72
64.53
64.14
64.20
64.20
63.80
63.69
63.76
63.77
63.67
63.95
63.80
63.96
63.87
63.64
63.69
63.44
63.19
63.22
63.16
63.02
62.77
62.88
63.02
62.97
63.07
62.95
62.64
62.47
62.43
62.37
62.44
62.47
62.44
62.56
62.47
62.50
62.39
62.25
62.20
62.13
62.14
62.12
62.05
61.86
61.87
61.80
61.84
61.80
61.70
61.68
61.81
61.93
61.94
61.79
61.72
61.73
61.78
61.77
61.84
61.91
62.09
62.06
62.02
62.03
62.09
62.08
62.08
62.00
62.11
62.11
61.98
62.05
61.99
61.98
61.98
62.04
62.16
62.15
62.23
62.17
62.25
62.21
62.22
62.14
62.15
62.13
62.21
62.18
62.17
62.20
62.23
62.30
62.39
62.31
62.35
62.32
62.39
62.37
62.35
62.33
62.36
62.42
62.44
62.50
62.44
62.39
62.44
62.51
62.56
62.56
62.52
62.52
62.54
62.56
62.60
62.60
62.64
62.61
62.61
62.57
62.57
62.60
62.63
62.65
62.71
62.68
62.63
62.61
62.64
62.66
62.58
62.61
62.61
62.59
62.67
62.66
62.64
62.71
62.67
62.73
62.73
62.76
62.77
62.83
62.80
62.77
62.83
62.81
62.79
62.78
62.77
62.82
62.87
62.88
62.86
62.87
62.88
62.86
62.84
62.81
62.81
62.78
62.85
62.90
62.90
62.85
62.84
62.88
62.87
62.89
62.83
62.84
62.84
62.82
62.78
62.71
62.64
62.60
62.60
62.61
62.65
62.60
62.58
62.59
62.53
62.53
62.52
62.52
62.55
62.56
62.53
62.56
62.55
62.52
62.56
62.54
62.54
62.50
62.51
62.47
62.46
62.47
62.51
62.52
62.50
62.51
62.55
62.56
62.57
62.60
62.62
62.61
62.59
62.51
62.51
62.55
62.54
62.55
62.48
62.49
62.49
62.50
62.49
62.49
62.50
62.47
62.46
62.44
62.45
62.42
62.42
62.43
62.43
62.40
62.38
62.38
62.38
62.37
62.36
62.36
62.36
62.38
62.39
62.38
62.35
62.36
62.33
62.35
62.34
62.35
62.35
62.33
62.33
62.32
62.30
62.30
62.30
62.32
62.34
62.39
62.41
62.40
62.38
62.37
62.36
62.34
62.33
62.34
62.40
62.40
62.42
62.41
62.41
62.43
62.41
62.42
62.43
62.44
62.47
62.46
62.44
62.45
62.42
62.42
62.42
62.42
62.44
62.42
62.43
62.43
62.42
62.42
62.45
62.46
62.48
62.47
62.47
62.47
62.50
62.50
62.51
62.50
62.50
62.50
62.50
62.50
62.54
62.54
62.53
62.51
62.54
62.57
62.54
62.55
62.53
62.53
62.52
62.49
62.48
62.48
62.48
62.50
62.51
62.51
62.52
62.51
62.49
62.47
62.46
62.48
62.49
62.50
62.51
62.53
62.51
62.50
62.50
62.48
62.47
62.48
62.48
62.48
62.47
62.47
62.47
62.47
62.48
62.46
62.47
62.48
62.50
62.49
62.49
62.50
62.52
62.50
62.46
62.46
62.46
62.50
62.50
62.47
62.48
62.48
62.50
62.51
62.50
62.48
62.47
62.47
62.48
62.49
62.48
62.51
62.51
62.51
62.51
62.51
62.50
62.46
62.46
62.45
62.44
62.44
62.46
62.47
62.47
62.47
62.48
62.46
62.47
62.49
62.52
62.50
62.48
62.50
62.51
62.53
62.54
62.53
62.54
62.57
62.57
62.58
62.59
62.58
62.61
62.60
62.60
62.61
62.60
62.59
62.60
62.60
62.62
62.61
62.61
62.63
62.62
62.64
62.65
62.66
62.65
62.64
62.63
62.63
62.64
62.65
62.64
62.63
62.60
62.60
62.60
62.62
62.61
62.61
62.63
62.63
62.65
62.68
62.66
62.68
62.69
62.68
62.70
62.69
62.69
62.69
62.69
62.68
62.66
62.68
62.68
62.68
62.66
62.63
62.63
62.60
62.61
62.61
62.63
62.62
62.61
62.61
62.60
62.62
62.61
62.63
62.64
62.65
62.66
62.65
62.66
62.67
62.68
62.70
62.71
62.72
62.72
62.73
62.73
62.74
62.74
62.74
62.72
62.72
62.72
62.75
62.75
62.74
62.76
62.76
62.77
62.75
62.76
62.77
62.77
62.77
62.77
62.76
62.75
62.75
62.74
62.75
62.75
62.75
62.76
62.77
62.78
62.79
62.77
62.76
62.76
62.76
62.75
62.75
62.77
62.76
62.76
62.76
62.77
62.78
62.79
62.80
62.81
62.80
62.80
62.80
62.80
62.82
62.82
62.82
62.84
62.83
62.85
62.86
62.86
62.85
62.84
62.85
62.84
62.86
62.86
62.86
62.89
62.89
62.88
62.90
62.89
62.88
62.88
62.87
62.88
62.89
62.89
62.90
62.89
62.88
62.90
62.90
62.90
62.90
62.90
62.89
62.90
62.90
62.89
62.89
62.89
62.90
62.92
62.93
62.94
62.95
62.94
62.93
62.93
62.94
62.94
62.95
62.95
62.94
62.94
62.94
62.95
62.93
62.94
62.92
62.92
62.90
62.89
62.89
62.89
62.90
62.89
62.90
62.91
62.91
62.91
62.91
62.91
62.90
62.89
62.89
62.88
62.88
62.86
62.87
62.87
62.87
62.86
62.86
62.87
62.87
62.87
62.86
62.86
62.85
62.85
62.83
62.81
62.81
62.81
62.81
62.82
62.83
62.83
62.83
62.82
62.81
62.82
62.82
62.82
62.83
62.82
62.82
62.82
62.81
62.80
62.81
62.80
62.79
62.78
62.77
62.74
62.76
62.75
62.76
62.75
62.74
62.73
62.74
62.73
62.74
62.74
62.74
62.74
62.72
62.71
62.70
62.70
62.69
62.70
62.72
62.72
62.70
62.70
62.69
62.68
62.67
62.65
62.65
62.64
62.64
62.62
62.62
62.62
62.61
62.62
62.62
62.61
62.60
62.61
62.61
62.61
62.61
62.62
62.62
62.61
62.61
62.62
62.61
62.62
62.61
62.62
62.62
62.62
62.62
62.62
62.62
62.62
62.63
62.62
62.63
62.63
62.63
62.62
62.62
62.62
62.62
62.63
62.62
62.63
62.64
62.64
62.65
62.63
62.64
62.64
62.63
62.64
62.64
62.65
62.66
62.64
62.65
62.66
62.66
62.65
62.65
62.66
62.67
62.67
62.67
62.67
62.69
62.68
62.68
62.68
62.66
62.67
62.67
62.67
62.67
62.67
62.66
62.67
62.68
62.67
62.67
62.68
62.68
62.68
62.66
62.66
62.67
62.66
62.66
62.66
62.67
62.67
62.68
62.62
