71.88
76.56
77.08
76.17
75.94
76.30
76.79
76.17
75.69
76.09
75.71
75.91
76.20
75.89
75.73
75.20
75.09
74.74
75.00
75.31
75.07
74.64
75.20
75.46
75.44
75.24
74.94
74.78
74.89
75.05
74.95
74.95
74.91
74.77
74.78
74.96
74.87
74.67
74.80
74.92
75.15
75.07
75.29
75.32
75.62
75.78
75.66
75.68
75.61
75.47
75.43
75.33
75.24
75.17
75.09
75.36
75.41
75.51
75.50
75.52
75.41
75.25
75.32
75.32
75.38
75.43
75.42
75.51
75.59
75.62
75.53
75.41
75.39
75.38
75.35
75.29
75.39
75.52
75.59
75.61
75.71
75.76
75.75
75.82
75.83
75.78
75.79
75.73
75.67
75.66
75.58
75.61
75.57
75.63
75.66
75.63
75.74
75.78
75.73
75.73
75.71
75.80
75.90
75.92
75.94
75.87
75.91
75.87
75.83
75.81
75.77
75.78
75.86
75.86
75.95
75.89
75.95
75.97
75.98
75.95
75.92
75.93
75.94
75.88
75.95
75.98
75.95
75.92
75.88
75.84
75.79
75.70
75.74
75.72
75.74
75.71
75.70
75.69
75.65
75.73
75.74
75.74
75.76
75.76
75.73
75.74
75.75
75.72
75.69
75.67
75.60
75.57
75.53
75.56
75.55
75.55
75.52
75.45
75.49
75.57
75.54
75.57
75.57
75.55
75.57
75.61
75.60
75.60
75.58
75.60
75.62
75.58
75.61
75.59
75.61
75.64
75.62
75.61
75.63
75.62
75.60
75.60
75.59
75.62
75.64
75.61
75.58
75.59
75.56
75.58
75.58
75.58
75.60
75.52
75.54
75.56
75.55
75.53
75.53
75.56
75.54
75.51
75.54
75.51
75.53
75.53
75.48
75.44
75.42
75.45
75.47
75.44
75.49
75.53
75.53
75.54
75.54
75.54
75.58
75.57
75.53
75.49
75.46
75.46
75.45
75.45
75.44
75.45
75.46
75.46
75.46
75.49
75.50
75.47
75.49
75.46
75.45
75.47
75.44
75.42
75.41
75.42
75.39
75.37
75.40
75.43
75.48
75.46
75.46
75.47
75.49
75.49
75.41
75.42
75.47
75.47
75.50
75.49
75.49
75.46
75.45
75.43
75.46
75.43
75.45
75.45
75.44
75.43
75.42
75.42
75.42
75.42
75.38
75.37
75.36
75.37
75.37
75.35
75.33
75.31
75.33
75.35
75.34
75.29
75.25
75.22
75.20
75.18
75.20
75.16
75.14
75.12
75.12
75.11
75.12
75.11
75.13
75.13
75.15
75.16
75.18
75.17
75.18
75.17
75.19
75.20
75.21
75.20
75.19
75.21
75.23
75.25
75.24
75.25
75.27
75.26
75.25
75.28
75.27
75.27
75.26
75.25
75.25
75.28
75.29
75.31
75.30
75.31
75.30
75.31
75.32
75.31
75.33
75.35
75.35
75.36
75.35
75.32
75.33
75.32
75.34
75.36
75.35
75.35
75.37
75.39
75.41
75.43
75.43
75.42
75.44
75.42
75.42
75.43
75.42
75.43
75.42
75.43
75.43
75.42
75.45
75.44
75.45
75.43
75.40
75.39
75.41
75.38
75.39
75.41
75.41
75.40
75.41
75.39
75.36
75.37
75.38
75.37
75.39
75.38
75.37
75.38
75.38
75.41
75.42
75.43
75.42
75.45
75.47
75.48
75.47
75.47
75.45
75.44
75.44
75.41
75.43
75.45
75.46
75.47
75.48
75.46
75.45
75.48
75.46
75.45
75.45
75.44
75.44
75.42
75.42
75.41
75.39
75.40
75.42
75.45
75.45
75.46
75.46
75.48
75.50
75.50
75.51
75.50
75.50
75.51
75.53
75.53
75.52
75.52
75.51
75.54
75.55
75.56
75.55
75.54
75.53
75.52
75.53
75.54
75.54
75.57
75.57
75.57
75.58
75.58
75.60
75.62
75.62
75.61
75.61
75.60
75.59
75.59
75.59
75.60
75.59
75.58
75.58
75.56
75.54
75.53
75.53
75.54
75.54
75.55
75.55
75.53
75.54
75.52
75.54
75.53
75.52
75.52
75.53
75.52
75.52
75.51
75.51
75.50
75.52
75.52
75.52
75.52
75.51
75.51
75.51
75.52
75.50
75.50
75.50
75.51
75.53
75.54
75.55
75.53
75.52
75.52
75.53
75.54
75.54
75.54
75.56
75.56
75.55
75.54
75.52
75.52
75.52
75.52
75.53
75.52
75.53
75.54
75.53
75.56
75.56
75.55
75.54
75.54
75.54
75.54
75.54
75.55
75.55
75.53
75.52
75.53
75.52
75.51
75.52
75.52
75.52
75.52
75.51
75.52
75.53
75.53
75.53
75.54
75.54
75.53
75.53
75.53
75.53
75.52
75.51
75.50
75.49
75.47
75.46
75.47
75.47
75.45
75.44
75.44
75.41
75.41
75.42
75.41
75.42
75.41
75.40
75.40
75.39
75.42
75.41
75.43
75.43
75.44
75.44
75.46
75.46
75.47
75.47
75.47
75.46
75.48
75.49
75.50
75.48
75.48
75.48
75.47
75.48
75.47
75.47
75.48
75.47
75.48
75.49
75.49
75.50
75.50
75.51
75.50
75.48
75.49
75.49
75.49
75.48
75.47
75.48
75.49
75.48
75.48
75.50
75.50
75.49
75.50
75.50
75.50
75.51
75.51
75.51
75.50
75.49
75.50
75.50
75.49
75.50
75.50
75.49
75.50
75.52
75.53
75.53
75.53
75.52
75.53
75.53
75.54
75.55
75.55
75.55
75.57
75.57
75.57
75.56
75.57
75.58
75.59
75.59
75.59
75.59
75.61
75.60
75.59
75.57
75.56
75.55
75.55
75.54
75.55
75.56
75.57
75.56
75.55
75.53
75.52
75.52
75.52
75.52
75.53
75.54
75.53
75.54
75.51
75.52
75.52
75.51
75.51
75.50
75.50
75.52
75.52
75.53
75.54
75.53
75.52
75.53
75.53
75.53
75.53
75.54
75.54
75.55
75.56
75.58
75.58
75.58
75.60
75.59
75.59
75.58
75.58
75.58
75.58
75.57
75.58
75.57
75.55
75.56
75.57
75.58
75.58
75.58
75.58
75.57
75.57
75.58
75.58
75.59
75.59
75.59
75.58
75.59
75.58
75.59
75.59
75.59
75.59
75.59
75.59
75.60
75.60
75.59
75.59
75.59
75.58
75.59
75.59
75.58
75.60
75.60
75.61
75.60
75.60
75.59
75.60
75.60
75.59
75.57
75.57
75.57
75.57
75.57
75.58
75.58
75.59
75.59
75.60
75.60
75.59
75.58
75.59
75.59
75.61
75.61
75.61
75.61
75.60
75.61
75.61
75.61
75.61
75.61
75.60
75.59
75.58
75.59
75.59
75.58
75.58
75.59
75.60
75.59
75.59
75.58
75.58
75.59
75.51
