70.31
75.78
73.44
73.05
75.00
74.74
75.22
73.83
74.83
75.94
75.71
75.65
75.24
75.78
76.15
76.46
76.10
75.52
75.74
75.78
76.04
75.99
76.02
76.50
76.81
76.62
76.39
76.28
76.08
76.04
76.41
76.61
76.94
76.61
76.56
76.43
76.39
76.36
76.36
76.13
76.07
75.89
75.62
75.46
75.35
75.37
75.20
75.16
75.03
75.19
75.46
75.36
75.38
75.41
75.34
75.31
75.22
75.08
75.00
75.00
75.10
74.90
74.83
74.63
74.66
74.74
74.81
74.86
74.71
74.75
74.89
74.98
74.98
74.98
75.04
74.98
74.90
74.88
74.84
74.94
75.00
74.96
74.96
74.91
74.85
74.87
74.93
74.80
74.74
74.79
74.83
74.71
74.65
74.72
74.85
74.72
74.71
74.74
74.83
74.84
74.77
74.79
74.80
74.68
74.67
74.65
74.62
74.67
74.71
74.79
74.76
74.73
74.74
74.71
74.66
74.64
74.61
74.60
74.58
74.57
74.54
74.46
74.48
74.48
74.55
74.57
74.57
74.58
74.58
74.60
74.63
74.61
74.62
74.62
74.63
74.61
74.64
74.60
74.63
74.64
74.66
74.60
74.60
74.60
74.61
74.60
74.62
74.61
74.66
74.67
74.63
74.65
74.69
74.66
74.60
74.60
74.53
74.50
74.53
74.55
74.51
74.47
74.42
74.38
74.40
74.41
74.45
74.51
74.42
74.42
74.42
74.41
74.44
74.48
74.48
74.47
74.46
74.47
74.50
74.44
74.43
74.50
74.55
74.50
74.51
74.55
74.59
74.63
74.61
74.57
74.53
74.58
74.59
74.56
74.56
74.47
74.52
74.57
74.57
74.59
74.57
74.60
74.61
74.60
74.61
74.66
74.67
74.67
74.69
74.69
74.70
74.68
74.68
74.70
74.72
74.73
74.76
74.75
74.73
74.77
74.77
74.77
74.75
74.78
74.77
74.79
74.79
74.83
74.81
74.80
74.80
74.76
74.79
74.80
74.81
74.80
74.79
74.80
74.74
74.75
74.75
74.75
74.76
74.75
74.73
74.73
74.70
74.74
74.74
74.73
74.74
74.74
74.75
74.74
74.75
74.76
74.75
74.76
74.76
74.77
74.73
74.74
74.71
74.69
74.66
74.66
74.70
74.68
74.68
74.70
74.70
74.72
74.74
74.73
74.70
74.71
74.72
74.69
74.70
74.72
74.73
74.75
74.72
74.72
74.74
74.76
74.78
74.81
74.82
74.81
74.83
74.85
74.86
74.86
74.86
74.85
74.87
74.83
74.80
74.81
74.82
74.82
74.81
74.84
74.85
74.85
74.88
74.88
74.86
74.85
74.84
74.82
74.82
74.83
74.83
74.81
74.82
74.85
74.86
74.86
74.86
74.86
74.87
74.86
74.88
74.87
74.84
74.83
74.82
74.81
74.79
74.80
74.82
74.84
74.86
74.83
74.83
74.82
74.82
74.84
74.83
74.83
74.85
74.87
74.89
74.90
74.90
74.91
74.91
74.91
74.92
74.91
74.89
74.90
74.91
74.86
74.83
74.83
74.84
74.83
74.83
74.84
74.86
74.90
74.92
74.96
74.97
74.98
74.97
74.99
74.96
74.94
74.93
74.93
74.94
74.94
74.95
74.97
74.98
74.96
74.96
74.94
74.96
74.99
74.99
74.99
75.01
75.00
74.96
74.96
74.99
74.98
74.99
74.98
74.94
74.94
74.94
74.97
74.96
74.96
74.97
74.99
74.98
74.99
74.98
74.98
75.00
75.00
74.99
74.98
74.97
74.99
75.00
75.00
75.00
74.99
75.00
75.01
75.01
75.01
75.01
75.02
75.01
75.02
75.02
75.01
75.00
75.00
75.01
75.02
75.04
75.03
75.04
75.03
75.03
75.03
75.02
75.02
75.01
75.03
75.03
75.03
75.03
75.02
75.02
75.00
74.98
74.98
74.94
74.95
74.98
74.98
74.96
74.96
74.98
74.97
74.98
74.98
74.97
74.98
74.99
74.99
74.99
75.00
75.00
75.01
75.02
75.03
75.04
75.04
75.02
75.01
75.01
74.99
75.00
75.00
75.00
74.98
74.97
74.93
74.92
74.91
74.90
74.88
74.89
74.89
74.89
74.88
74.89
74.91
74.90
74.87
74.86
74.85
74.85
74.86
74.86
74.84
74.84
74.82
74.80
74.80
74.81
74.80
74.81
74.81
74.82
74.82
74.83
74.83
74.82
74.81
74.81
74.79
74.78
74.79
74.78
74.79
74.79
74.80
74.81
74.81
74.81
74.80
74.82
74.81
74.82
74.82
74.83
74.84
74.86
74.86
74.85
74.82
74.82
74.82
74.83
74.84
74.85
74.84
74.84
74.84
74.83
74.85
74.83
74.83
74.84
74.83
74.84
74.83
74.83
74.82
74.82
74.80
74.80
74.78
74.80
74.80
74.79
74.77
74.75
74.74
74.75
74.76
74.74
74.73
74.74
74.75
74.75
74.73
74.72
74.73
74.73
74.74
74.75
74.76
74.75
74.76
74.77
74.76
74.77
74.78
74.79
74.78
74.79
74.78
74.77
74.78
74.78
74.79
74.79
74.78
74.79
74.78
74.77
74.75
74.74
74.72
74.73
74.71
74.70
74.70
74.71
74.71
74.71
74.69
74.68
74.69
74.70
74.68
74.69
74.69
74.69
74.68
74.70
74.69
74.69
74.70
74.67
74.67
74.66
74.65
74.65
74.66
74.67
74.67
74.67
74.67
74.67
74.68
74.69
74.69
74.68
74.69
74.68
74.68
74.67
74.67
74.67
74.67
74.67
74.67
74.68
74.67
74.67
74.65
74.66
74.66
74.65
74.65
74.66
74.65
74.66
74.66
74.65
74.64
74.66
74.66
74.67
74.65
74.66
74.68
74.68
74.69
74.68
74.69
74.67
74.66
74.65
74.64
74.64
74.64
74.63
74.64
74.63
74.64
74.64
74.64
74.64
74.64
74.63
74.64
74.65
74.65
74.67
74.67
74.67
74.67
74.67
74.66
74.66
74.67
74.66
74.65
74.64
74.64
74.63
74.64
74.64
74.64
74.64
74.65
74.66
74.65
74.64
74.64
74.64
74.64
74.64
74.62
74.63
74.63
74.63
74.62
74.63
74.63
74.65
74.66
74.66
74.65
74.66
74.66
74.65
74.65
74.66
74.66
74.66
74.66
74.65
74.66
74.66
74.65
74.64
74.65
74.65
74.65
74.65
74.67
74.67
74.68
74.68
74.67
74.68
74.68
74.68
74.69
74.70
74.70
74.70
74.70
74.70
74.69
74.69
74.70
74.70
74.70
74.69
74.69
74.69
74.69
74.69
74.68
74.68
74.68
74.69
74.70
74.70
74.71
74.70
74.70
74.70
74.70
74.70
74.69
74.67
74.68
74.68
74.67
74.67
74.66
74.66
74.59
