82.81
72.66
73.96
74.22
74.06
73.96
74.11
73.44
73.26
72.81
73.58
73.96
73.68
73.21
73.54
73.44
73.25
72.66
72.45
72.19
72.25
72.44
72.21
72.14
72.31
72.42
72.34
72.77
72.74
72.34
72.23
72.31
72.54
72.75
72.63
72.48
72.26
72.00
71.96
71.88
71.84
71.73
71.58
71.70
71.77
71.84
71.88
71.68
71.84
71.84
71.78
71.51
71.70
71.47
71.39
71.40
71.35
71.34
71.35
71.22
71.23
71.22
71.38
71.31
71.37
71.43
71.46
71.51
71.51
71.52
71.54
71.64
71.55
71.47
71.25
71.30
71.29
71.27
71.18
71.23
71.24
71.19
71.08
71.17
71.14
71.09
71.12
71.08
71.08
71.16
71.10
71.18
71.17
71.03
71.00
71.03
71.13
71.19
71.12
71.09
71.07
71.09
71.01
70.96
70.95
70.96
70.88
70.91
70.90
70.94
70.88
70.86
70.88
70.89
70.94
71.03
71.06
71.07
71.11
71.05
71.09
71.08
71.05
71.11
71.14
71.14
71.22
71.20
71.21
71.26
71.27
71.29
71.32
71.34
71.39
71.38
71.43
71.39
71.39
71.43
71.41
71.39
71.33
71.25
71.17
71.17
71.17
71.20
71.24
71.23
71.22
71.20
71.22
71.19
71.14
71.16
71.19
71.19
71.23
71.20
71.18
71.16
71.14
71.11
71.04
71.10
71.06
71.08
71.06
71.01
71.06
71.08
71.08
71.07
71.06
71.09
71.08
71.05
71.03
71.05
71.03
71.03
71.05
71.03
71.02
71.01
71.05
71.07
71.13
71.13
71.15
71.15
71.16
71.20
71.18
71.18
71.22
71.24
71.28
71.30
71.33
71.36
71.35
71.35
71.32
71.29
71.34
71.36
71.42
71.40
71.41
71.40
71.40
71.39
71.37
71.32
71.33
71.33
71.38
71.41
71.44
71.42
71.46
71.44
71.44
71.47
71.50
71.46
71.47
71.43
71.44
71.42
71.41
71.41
71.42
71.37
71.31
71.31
71.34
71.35
71.34
71.34
71.34
71.26
71.27
71.25
71.24
71.25
71.27
71.28
71.30
71.30
71.29
71.28
71.29
71.26
71.25
71.26
71.27
71.27
71.29
71.30
71.29
71.32
71.32
71.26
71.28
71.29
71.31
71.33
71.36
71.34
71.32
71.30
71.30
71.33
71.32
71.34
71.34
71.36
71.33
71.30
71.29
71.30
71.33
71.33
71.34
71.35
71.38
71.38
71.38
71.37
71.40
71.42
71.42
71.43
71.44
71.44
71.44
71.43
71.44
71.43
71.43
71.42
71.42
71.45
71.45
71.45
71.46
71.43
71.43
71.41
71.43
71.42
71.40
71.41
71.44
71.43
71.44
71.44
71.42
71.40
71.38
71.38
71.38
71.38
71.38
71.37
71.35
71.35
71.36
71.35
71.34
71.37
71.37
71.38
71.39
71.40
71.42
71.45
71.46
71.48
71.50
71.49
71.48
71.50
71.51
71.52
71.53
71.54
71.53
71.53
71.50
71.51
71.51
71.50
71.49
71.49
71.47
71.47
71.44
71.42
71.43
71.42
71.43
71.46
71.45
71.45
71.43
71.44
71.43
71.44
71.44
71.44
71.46
71.47
71.48
71.48
71.49
71.50
71.50
71.49
71.51
71.50
71.49
71.48
71.51
71.50
71.50
71.49
71.50
71.51
71.51
71.51
71.50
71.50
71.48
71.50
71.50
71.50
71.53
71.54
71.55
71.56
71.56
71.57
71.56
71.56
71.56
71.55
71.56
71.58
71.56
71.57
71.57
71.57
71.57
71.58
71.58
71.58
71.60
71.57
71.58
71.59
71.59
71.60
71.60
71.59
71.58
71.59
71.60
71.60
71.62
71.64
71.66
71.66
71.67
71.66
71.68
71.68
71.68
71.68
71.69
71.69
71.69
71.67
71.67
71.68
71.68
71.67
71.66
71.67
71.67
71.68
71.67
71.69
71.68
71.68
71.69
71.67
71.69
71.68
71.68
71.69
71.68
71.69
71.70
71.71
71.73
71.73
71.73
71.72
71.71
71.72
71.73
71.73
71.71
71.70
71.72
71.73
71.74
71.72
71.73
71.72
71.72
71.70
71.71
71.72
71.72
71.71
71.71
71.70
71.69
71.69
71.69
71.68
71.66
71.64
71.62
71.63
71.65
71.64
71.65
71.65
71.65
71.67
71.67
71.66
71.65
71.66
71.67
71.64
71.64
71.64
71.64
71.64
71.66
71.65
71.66
71.67
71.67
71.68
71.71
71.71
71.70
71.68
71.69
71.72
71.72
71.71
71.72
71.72
71.71
71.72
71.72
71.72
71.70
71.71
71.69
71.70
71.73
71.73
71.74
71.74
71.75
71.75
71.75
71.75
71.75
71.75
71.76
71.75
71.75
71.76
71.74
71.75
71.75
71.73
71.74
71.74
71.73
71.74
71.75
71.76
71.76
71.77
71.76
71.78
71.78
71.78
71.77
71.76
71.76
71.76
71.76
71.75
71.75
71.75
71.75
71.75
71.75
71.74
71.73
71.73
71.75
71.76
71.74
71.75
71.75
71.75
71.74
71.73
71.72
71.73
71.72
71.70
71.70
71.71
71.69
71.69
71.69
71.68
71.68
71.68
71.66
71.66
71.67
71.68
71.69
71.68
71.69
71.69
71.67
71.68
71.67
71.65
71.64
71.64
71.64
71.65
71.64
71.65
71.65
71.66
71.65
71.67
71.68
71.68
71.67
71.68
71.69
71.68
71.69
71.68
71.68
71.69
71.70
71.71
71.72
71.71
71.69
71.70
71.71
71.72
71.71
71.71
71.70
71.70
71.69
71.70
71.70
71.71
71.71
71.71
71.70
71.70
71.70
71.70
71.71
71.72
71.71
71.70
71.70
71.69
71.70
71.69
71.69
71.69
71.70
71.68
71.66
71.66
71.67
71.68
71.66
71.66
71.68
71.68
71.68
71.68
71.70
71.70
71.72
71.73
71.73
71.74
71.74
71.74
71.73
71.73
71.72
71.71
71.72
71.72
71.73
71.73
71.73
71.73
71.71
71.71
71.70
71.70
71.69
71.69
71.70
71.70
71.71
71.71
71.70
71.70
71.70
71.68
71.68
71.68
71.69
71.70
71.71
71.71
71.72
71.74
71.74
71.74
71.74
71.73
71.72
71.72
71.72
71.72
71.72
71.71
71.71
71.71
71.72
71.72
71.71
71.71
71.72
71.72
71.72
71.71
71.71
71.71
71.71
71.70
71.71
71.72
71.74
71.74
71.74
71.73
71.73
71.72
71.70
71.70
71.70
71.70
71.71
71.71
71.71
71.72
71.71
71.72
71.73
71.72
71.71
71.72
71.72
71.70
71.70
71.70
71.71
71.71
71.71
71.71
71.71
71.69
71.68
71.68
71.68
71.67
71.67
71.60
