73.44
78.91
76.56
77.34
77.19
77.08
76.12
76.37
76.04
76.72
77.98
77.08
76.56
76.23
76.15
76.07
76.19
76.13
76.15
76.56
76.41
76.49
76.63
76.63
76.62
76.38
76.33
76.40
76.45
76.30
76.71
76.51
76.42
76.42
76.47
76.39
76.22
76.56
76.48
76.37
76.52
76.53
76.45
76.46
76.42
76.26
76.10
76.14
76.05
76.09
76.01
76.02
76.09
75.95
75.99
76.09
76.10
76.24
76.35
76.46
76.31
76.34
76.36
76.34
76.37
76.42
76.49
76.59
76.59
76.56
76.61
76.54
76.48
76.41
76.25
76.32
76.46
76.48
76.46
76.50
76.45
76.35
76.47
76.47
76.45
76.38
76.47
76.62
76.56
76.44
76.36
76.29
76.14
76.11
76.15
76.17
76.26
76.21
76.18
76.11
76.16
76.15
76.11
76.13
76.16
76.14
76.12
76.07
75.99
75.94
75.89
75.86
75.87
75.89
75.80
75.79
75.83
75.85
75.80
75.66
75.54
75.59
75.58
75.59
75.64
75.69
75.73
75.71
75.67
75.72
75.72
75.75
75.75
75.77
75.82
75.78
75.71
75.65
75.63
75.66
75.65
75.62
75.63
75.54
75.53
75.52
75.51
75.45
75.55
75.64
75.61
75.61
75.63
75.63
75.67
75.73
75.76
75.76
75.77
75.76
75.80
75.84
75.85
75.83
75.81
75.82
75.82
75.88
75.87
75.87
75.93
75.91
75.92
75.93
75.89
75.88
75.86
75.87
75.89
75.84
75.85
75.90
75.92
75.93
75.90
75.92
75.92
75.91
75.88
75.92
75.84
75.86
75.84
75.83
75.80
75.80
75.79
75.78
75.80
75.79
75.79
75.77
75.78
75.77
75.79
75.77
75.75
75.75
75.71
75.74
75.75
75.75
75.76
75.77
75.78
75.78
75.81
75.80
75.76
75.78
75.76
75.73
75.72
75.74
75.75
75.77
75.74
75.74
75.76
75.79
75.77
75.76
75.75
75.73
75.74
75.78
75.76
75.77
75.75
75.76
75.76
75.79
75.77
75.75
75.74
75.74
75.75
75.75
75.70
75.69
75.69
75.69
75.70
75.72
75.70
75.70
75.69
75.73
75.72
75.74
75.77
75.73
75.70
75.71
75.70
75.69
75.68
75.69
75.68
75.69
75.72
75.71
75.74
75.76
75.76
75.75
75.72
75.74
75.77
75.79
75.81
75.79
75.80
75.83
75.79
75.79
75.79
75.80
75.79
75.81
75.81
75.79
75.76
75.78
75.75
75.77
75.74
75.72
75.74
75.74
75.73
75.74
75.75
75.76
75.75
75.73
75.73
75.71
75.71
75.70
75.69
75.70
75.69
75.70
75.72
75.70
75.68
75.69
75.69
75.71
75.71
75.71
75.73
75.71
75.71
75.69
75.69
75.68
75.69
75.68
75.68
75.64
75.63
75.65
75.64
75.65
75.66
75.63
75.66
75.68
75.69
75.68
75.68
75.68
75.67
75.68
75.66
75.65
75.65
75.65
75.63
75.66
75.67
75.69
75.70
75.73
75.74
75.73
75.71
75.71
75.74
75.74
75.75
75.78
75.79
75.78
75.77
75.79
75.79
75.79
75.82
75.81
75.81
75.80
75.82
75.82
75.82
75.84
75.85
75.85
75.84
75.86
75.87
75.88
75.88
75.87
75.85
75.83
75.83
75.83
75.80
75.80
75.80
75.83
75.84
75.85
75.86
75.86
75.86
75.86
75.87
75.84
75.85
75.84
75.83
75.85
75.88
75.89
75.89
75.90
75.87
75.89
75.89
75.88
75.88
75.89
75.86
75.86
75.87
75.89
75.88
75.88
75.86
75.86
75.85
75.85
75.84
75.85
75.84
75.84
75.85
75.86
75.87
75.88
75.89
75.89
75.85
75.84
75.86
75.85
75.84
75.85
75.85
75.84
75.84
75.84
75.83
75.86
75.86
75.85
75.84
75.82
75.83
75.84
75.83
75.83
75.84
75.85
75.84
75.83
75.83
75.84
75.84
75.84
75.84
75.83
75.82
75.81
75.80
75.80
75.79
75.78
75.78
75.79
75.79
75.79
75.80
75.79
75.79
75.78
75.77
75.78
75.80
75.79
75.77
75.78
75.78
75.77
75.78
75.77
75.79
75.79
75.79
75.79
75.79
75.80
75.80
75.80
75.79
75.78
75.80
75.79
75.80
75.80
75.80
75.81
75.83
75.84
75.84
75.85
75.85
75.84
75.84
75.84
75.83
75.82
75.82
75.82
75.83
75.83
75.83
75.84
75.84
75.84
75.84
75.83
75.84
75.83
75.84
75.84
75.85
75.85
75.86
75.87
75.85
75.86
75.85
75.84
75.84
75.83
75.83
75.83
75.85
75.84
75.86
75.85
75.85
75.85
75.83
75.82
75.84
75.82
75.82
75.82
75.82
75.83
75.84
75.85
75.86
75.86
75.86
75.87
75.87
75.88
75.86
75.86
75.85
75.86
75.83
75.83
75.82
75.81
75.83
75.81
75.82
75.82
75.82
75.81
75.82
75.83
75.83
75.83
75.82
75.81
75.81
75.80
75.81
75.80
75.80
75.80
75.78
75.77
75.78
75.78
75.77
75.77
75.77
75.77
75.77
75.77
75.76
75.76
75.77
75.77
75.77
75.77
75.77
75.76
75.75
75.76
75.75
75.75
75.75
75.75
75.75
75.76
75.77
75.77
75.77
75.77
75.77
75.76
75.76
75.76
75.76
75.75
75.76
75.78
75.78
75.78
75.77
75.78
75.78
75.79
75.79
75.79
75.78
75.78
75.78
75.79
75.79
75.78
75.78
75.79
75.77
75.77
75.78
75.78
75.79
75.79
75.80
75.79
75.78
75.76
75.77
75.76
75.76
75.76
75.76
75.78
75.76
75.76
75.76
75.76
75.77
75.78
75.78
75.78
75.76
75.76
75.76
75.76
75.77
75.79
75.79
75.79
75.78
75.77
75.76
75.76
75.76
75.75
75.75
75.75
75.74
75.73
75.73
75.74
75.73
75.73
75.73
75.72
75.72
75.72
75.74
75.72
75.73
75.73
75.73
75.73
75.74
75.74
75.74
75.74
75.74
75.74
75.74
75.73
75.75
75.74
75.74
75.74
75.74
75.74
75.74
75.76
75.76
75.75
75.75
75.75
75.74
75.74
75.73
75.71
75.70
75.70
75.70
75.71
75.72
75.72
75.72
75.72
75.73
75.70
75.70
75.68
75.67
75.68
75.69
75.68
75.69
75.69
75.69
75.69
75.70
75.71
75.70
75.70
75.69
75.68
75.68
75.70
75.70
75.70
75.71
75.70
75.70
75.69
75.70
75.71
75.71
75.71
75.70
75.69
75.71
75.70
75.69
75.68
75.69
75.69
75.70
75.69
75.68
75.69
75.70
75.70
75.70
75.71
75.70
75.70
75.70
75.64
