84.38
76.56
76.56
73.44
72.81
72.66
72.32
73.05
72.40
72.97
73.44
72.66
73.20
73.44
73.44
73.14
73.25
73.35
73.36
73.44
73.29
73.22
73.03
72.27
72.19
72.18
72.22
72.04
71.77
71.51
71.47
71.53
71.64
71.69
71.79
71.88
71.79
71.79
71.83
71.99
72.18
72.21
72.09
72.02
72.01
72.21
72.34
72.33
72.32
72.44
72.27
72.18
72.20
72.31
72.41
72.46
72.48
72.58
72.38
72.47
72.44
72.43
72.45
72.49
72.57
72.54
72.55
72.56
72.62
72.75
72.82
72.83
72.92
72.89
72.92
73.09
73.19
73.18
73.24
73.22
73.11
73.17
73.17
73.29
73.31
73.38
73.37
73.42
73.51
73.52
73.56
73.56
73.59
73.62
73.49
73.50
73.55
73.49
73.44
73.39
73.45
73.53
73.57
73.54
73.50
73.56
73.57
73.57
73.51
73.48
73.47
73.51
73.51
73.48
73.56
73.60
73.54
73.52
73.57
73.54
73.55
73.50
73.50
73.44
73.45
73.49
73.49
73.46
73.52
73.61
73.56
73.52
73.57
73.59
73.67
73.64
73.65
73.60
73.62
73.59
73.56
73.57
73.59
73.59
73.57
73.61
73.69
73.67
73.70
73.70
73.67
73.70
73.72
73.69
73.72
73.75
73.75
73.72
73.69
73.67
73.68
73.68
73.70
73.69
73.68
73.70
73.68
73.70
73.71
73.70
73.71
73.71
73.72
73.77
73.73
73.69
73.71
73.74
73.73
73.71
73.69
73.69
73.72
73.73
73.72
73.71
73.68
73.67
73.68
73.71
73.74
73.76
73.75
73.79
73.83
73.82
73.83
73.78
73.77
73.80
73.80
73.80
73.81
73.84
73.83
73.85
73.86
73.81
73.79
73.82
73.82
73.83
73.81
73.77
73.81
73.84
73.88
73.90
73.92
73.92
73.88
73.89
73.86
73.81
73.79
73.77
73.77
73.77
73.77
73.78
73.75
73.73
73.73
73.77
73.77
73.78
73.75
73.78
73.76
73.78
73.78
73.78
73.78
73.76
73.79
73.81
73.83
73.84
73.81
73.81
73.79
73.79
73.79
73.79
73.78
73.81
73.83
73.85
73.81
73.79
73.81
73.78
73.78
73.76
73.81
73.83
73.84
73.84
73.87
73.87
73.82
73.78
73.79
73.80
73.81
73.82
73.81
73.85
73.86
73.85
73.85
73.84
73.84
73.82
73.85
73.86
73.90
73.91
73.92
73.95
73.96
73.94
73.91
73.93
73.95
73.94
73.95
73.93
73.94
73.93
73.92
73.92
73.92
73.92
73.89
73.90
73.88
73.89
73.88
73.88
73.91
73.89
73.89
73.90
73.87
73.88
73.87
73.86
73.86
73.86
73.84
73.83
73.84
73.85
73.84
73.84
73.83
73.84
73.84
73.85
73.85
73.81
73.82
73.83
73.81
73.85
73.85
73.85
73.87
73.88
73.88
73.88
73.85
73.87
73.88
73.88
73.88
73.89
73.89
73.87
73.88
73.83
73.82
73.79
73.77
73.78
73.76
73.77
73.76
73.75
73.74
73.72
73.70
73.73
73.70
73.68
73.67
73.69
73.67
73.68
73.68
73.68
73.67
73.68
73.68
73.70
73.69
73.69
73.67
73.67
73.66
73.65
73.65
73.63
73.63
73.62
73.62
73.61
73.62
73.59
73.60
73.59
73.59
73.57
73.58
73.55
73.56
73.53
73.55
73.55
73.53
73.55
73.55
73.56
73.56
73.60
73.60
73.58
73.59
73.58
73.58
73.57
73.57
73.55
73.53
73.53
73.52
73.53
73.53
73.54
73.56
73.55
73.55
73.54
73.58
73.60
73.59
73.59
73.63
73.64
73.62
73.62
73.61
73.61
73.62
73.61
73.62
73.61
73.62
73.63
73.64
73.63
73.63
73.61
73.59
73.59
73.58
73.56
73.55
73.56
73.57
73.58
73.56
73.55
73.57
73.58
73.57
73.57
73.60
73.60
73.59
73.56
73.55
73.55
73.53
73.52
73.52
73.52
73.53
73.55
73.53
73.53
73.52
73.52
73.52
73.52
73.52
73.51
73.53
73.52
73.53
73.53
73.54
73.54
73.54
73.56
73.57
73.58
73.58
73.57
73.57
73.58
73.59
73.57
73.57
73.57
73.58
73.58
73.57
73.56
73.57
73.57
73.56
73.56
73.57
73.60
73.62
73.62
73.62
73.63
73.63
73.63
73.63
73.64
73.65
73.66
73.66
73.67
73.67
73.67
73.65
73.66
73.67
73.66
73.67
73.68
73.67
73.66
73.66
73.65
73.65
73.65
73.64
73.64
73.64
73.64
73.64
73.64
73.62
73.63
73.62
73.61
73.61
73.62
73.61
73.62
73.62
73.62
73.61
73.61
73.60
73.59
73.57
73.55
73.55
73.56
73.56
73.55
73.53
73.52
73.52
73.52
73.52
73.52
73.51
73.50
73.50
73.51
73.50
73.50
73.51
73.51
73.51
73.53
73.54
73.54
73.53
73.52
73.52
73.52
73.50
73.50
73.50
73.53
73.51
73.51
73.52
73.53
73.52
73.51
73.52
73.52
73.52
73.52
73.51
73.51
73.51
73.51
73.50
73.50
73.50
73.48
73.47
73.46
73.47
73.47
73.46
73.45
73.46
73.47
73.46
73.48
73.48
73.48
73.48
73.49
73.47
73.46
73.45
73.44
73.44
73.45
73.46
73.46
73.46
73.46
73.46
73.46
73.44
73.44
73.44
73.45
73.47
73.48
73.47
73.46
73.46
73.47
73.47
73.47
73.45
73.45
73.44
73.45
73.45
73.45
73.45
73.45
73.45
73.44
73.44
73.44
73.43
73.43
73.43
73.42
73.42
73.40
73.40
73.40
73.40
73.41
73.42
73.42
73.44
73.44
73.43
73.43
73.44
73.44
73.44
73.45
73.45
73.45
73.45
73.45
73.45
73.45
73.45
73.45
73.44
73.44
73.43
73.44
73.42
73.43
73.44
73.44
73.44
73.42
73.43
73.42
73.41
73.41
73.42
73.41
73.39
73.40
73.39
73.37
73.38
73.39
73.39
73.38
73.39
73.38
73.39
73.39
73.39
73.39
73.40
73.40
73.39
73.39
73.38
73.39
73.38
73.38
73.39
73.39
73.39
73.39
73.40
73.40
73.41
73.41
73.40
73.41
73.41
73.41
73.41
73.41
73.40
73.40
73.40
73.40
73.40
73.42
73.42
73.43
73.43
73.43
73.42
73.42
73.42
73.42
73.41
73.42
73.43
73.42
73.41
73.40
73.40
73.41
73.41
73.39
73.39
73.38
73.38
73.38
73.39
73.39
73.38
73.39
73.39
73.39
73.39
73.38
73.37
73.38
73.37
73.37
73.36
73.36
73.35
73.35
73.35
73.35
73.36
73.36
73.35
73.28
