75.00
77.34
76.04
73.83
74.38
75.78
75.67
75.59
76.91
76.41
75.57
75.52
74.40
74.67
73.96
73.63
73.71
73.78
73.52
73.83
74.26
74.15
74.12
74.35
74.00
74.40
74.42
74.27
74.35
74.74
75.00
75.15
75.05
75.32
75.27
75.35
75.59
75.41
75.28
75.27
75.42
75.19
75.00
74.89
75.00
75.10
75.03
75.23
75.26
75.31
75.37
75.45
75.53
75.46
75.54
75.36
75.49
75.46
75.50
75.44
75.59
75.68
75.69
75.63
75.53
75.66
75.68
75.67
75.75
75.85
75.77
75.67
75.73
75.80
75.81
75.78
75.65
75.78
75.83
75.88
75.87
75.97
76.00
76.02
76.03
76.05
76.06
75.94
75.90
75.90
75.88
75.92
75.94
75.90
75.99
75.98
75.98
75.91
75.92
75.97
76.04
76.04
76.08
76.10
76.07
76.03
76.02
76.06
76.03
75.97
76.01
76.02
76.00
75.97
76.06
76.05
76.06
75.97
76.04
76.09
76.14
76.09
76.04
76.06
76.09
76.08
76.09
76.10
76.16
76.17
76.24
76.22
76.22
76.19
76.10
76.05
76.04
76.04
76.06
76.06
76.03
76.05
76.09
76.07
76.03
75.95
75.97
75.94
75.88
75.84
75.86
75.82
75.84
75.82
75.86
75.90
75.89
75.88
75.87
75.88
75.90
75.85
75.89
75.88
75.86
75.88
75.93
75.97
76.00
76.02
76.03
76.04
76.06
76.03
76.03
76.00
75.94
75.94
75.90
75.89
75.89
75.90
75.94
75.92
75.95
75.92
75.95
75.96
75.95
75.96
75.95
75.97
75.96
75.93
75.96
75.92
75.90
75.84
75.84
75.80
75.82
75.78
75.79
75.77
75.79
75.82
75.84
75.85
75.87
75.86
75.85
75.83
75.81
75.83
75.82
75.83
75.78
75.80
75.78
75.77
75.76
75.80
75.80
75.80
75.76
75.75
75.75
75.75
75.72
75.73
75.75
75.69
75.70
75.73
75.72
75.72
75.75
75.78
75.74
75.74
75.71
75.72
75.70
75.67
75.69
75.63
75.63
75.60
75.59
75.64
75.57
75.58
75.54
75.54
75.56
75.55
75.58
75.61
75.62
75.60
75.60
75.58
75.59
75.60
75.62
75.65
75.66
75.62
75.59
75.57
75.55
75.54
75.56
75.56
75.55
75.50
75.49
75.47
75.50
75.48
75.48
75.50
75.51
75.50
75.48
75.49
75.49
75.46
75.46
75.43
75.43
75.47
75.45
75.47
75.48
75.43
75.44
75.42
75.44
75.45
75.42
75.42
75.43
75.44
75.44
75.41
75.41
75.42
75.41
75.40
75.44
75.44
75.43
75.43
75.41
75.37
75.38
75.41
75.43
75.42
75.41
75.39
75.43
75.44
75.40
75.38
75.40
75.41
75.40
75.42
75.39
75.40
75.39
75.38
75.35
75.32
75.31
75.32
75.34
75.34
75.33
75.32
75.29
75.32
75.34
75.36
75.38
75.37
75.36
75.38
75.36
75.38
75.40
75.42
75.39
75.41
75.39
75.41
75.37
75.39
75.39
75.41
75.42
75.42
75.43
75.45
75.44
75.44
75.46
75.47
75.48
75.47
75.47
75.46
75.46
75.46
75.47
75.48
75.49
75.48
75.49
75.52
75.51
75.49
75.48
75.49
75.49
75.48
75.47
75.46
75.46
75.48
75.47
75.48
75.48
75.51
75.51
75.50
75.51
75.51
75.50
75.51
75.53
75.53
75.56
75.57
75.57
75.58
75.57
75.56
75.53
75.52
75.53
75.55
75.53
75.53
75.53
75.53
75.55
75.53
75.53
75.53
75.52
75.52
75.52
75.52
75.51
75.53
75.52
75.52
75.52
75.52
75.49
75.50
75.49
75.51
75.50
75.51
75.51
75.51
75.50
75.49
75.50
75.50
75.52
75.51
75.49
75.49
75.50
75.51
75.53
75.52
75.53
75.54
75.54
75.56
75.56
75.57
75.57
75.57
75.56
75.58
75.59
75.58
75.59
75.60
75.63
75.62
75.61
75.62
75.63
75.63
75.64
75.64
75.64
75.65
75.65
75.65
75.66
75.67
75.69
75.67
75.67
75.68
75.71
75.71
75.71
75.70
75.72
75.73
75.73
75.73
75.73
75.74
75.74
75.75
75.74
75.76
75.77
75.76
75.73
75.73
75.73
75.73
75.74
75.76
75.77
75.78
75.75
75.76
75.75
75.74
75.74
75.75
75.74
75.74
75.73
75.75
75.76
75.75
75.76
75.78
75.77
75.75
75.76
75.77
75.75
75.75
75.76
75.75
75.75
75.76
75.76
75.76
75.76
75.76
75.76
75.77
75.75
75.76
75.75
75.74
75.75
75.75
75.76
75.75
75.75
75.75
75.75
75.72
75.73
75.74
75.74
75.75
75.77
75.77
75.76
75.76
75.76
75.76
75.76
75.77
75.77
75.77
75.76
75.77
75.77
75.76
75.76
75.75
75.74
75.73
75.72
75.72
75.74
75.75
75.75
75.76
75.77
75.78
75.78
75.78
75.77
75.75
75.75
75.76
75.76
75.76
75.77
75.78
75.77
75.76
75.76
75.77
75.76
75.76
75.74
75.75
75.74
75.75
75.75
75.77
75.76
75.78
75.80
75.79
75.77
75.78
75.79
75.77
75.77
75.78
75.78
75.77
75.77
75.77
75.77
75.78
75.77
75.77
75.77
75.76
75.74
75.74
75.74
75.73
75.71
75.70
75.70
75.69
75.70
75.69
75.71
75.71
75.71
75.71
75.70
75.71
75.70
75.70
75.69
75.71
75.71
75.71
75.70
75.70
75.68
75.69
75.70
75.70
75.69
75.69
75.70
75.71
75.73
75.71
75.71
75.70
75.68
75.68
75.68
75.70
75.69
75.68
75.68
75.69
75.70
75.70
75.69
75.69
75.70
75.71
75.71
75.71
75.72
75.72
75.72
75.74
75.75
75.74
75.75
75.74
75.74
75.75
75.76
75.74
75.75
75.76
75.76
75.75
75.76
75.77
75.77
75.79
75.78
75.77
75.78
75.79
75.78
75.79
75.78
75.78
75.78
75.77
75.78
75.79
75.77
75.78
75.77
75.76
75.75
75.75
75.75
75.74
75.71
75.72
75.71
75.71
75.71
75.72
75.71
75.71
75.70
75.70
75.71
75.71
75.70
75.70
75.69
75.69
75.69
75.69
75.70
75.69
75.69
75.68
75.68
75.69
75.70
75.70
75.69
75.68
75.68
75.68
75.68
75.67
75.67
75.66
75.66
75.66
75.66
75.66
75.67
75.67
75.66
75.67
75.67
75.68
75.68
75.68
75.68
75.68
75.69
75.69
75.69
75.70
75.70
75.69
75.69
75.69
75.69
75.70
75.70
75.71
75.69
75.68
75.68
75.69
75.70
75.70
75.70
75.63
