73.44
73.44
71.35
71.48
72.19
72.92
73.21
72.27
71.70
71.72
71.45
71.88
72.00
72.10
72.29
72.07
72.06
71.79
71.96
71.17
71.58
71.59
71.74
71.88
72.06
72.00
71.93
72.32
72.58
72.45
72.33
72.22
72.30
72.10
71.92
72.14
72.38
72.45
72.36
72.42
72.41
72.43
72.53
72.48
72.40
72.59
72.64
72.59
72.42
72.53
72.37
72.48
72.52
72.25
72.10
72.04
72.07
72.12
72.27
72.27
72.41
72.25
72.25
72.14
72.04
71.90
71.88
72.01
72.19
72.21
72.23
72.18
72.07
71.98
71.90
72.00
71.90
71.79
71.80
71.91
71.95
71.99
71.95
71.91
71.84
71.87
71.87
71.89
71.96
72.07
72.08
72.08
71.99
72.02
72.04
72.05
72.02
71.97
72.00
72.05
72.22
72.17
72.18
72.24
72.22
72.14
72.11
71.99
72.08
72.03
72.02
71.97
71.97
71.92
72.04
72.06
71.93
71.86
71.94
71.88
71.85
71.81
71.80
71.82
71.86
71.80
71.78
71.74
71.74
71.72
71.74
71.76
71.76
71.76
71.72
71.75
71.75
71.75
71.77
71.80
71.86
71.86
71.85
71.89
71.88
71.91
71.90
71.94
71.93
71.95
71.90
71.93
71.90
71.83
71.91
71.88
71.81
71.88
71.89
71.88
71.85
71.79
71.81
71.77
71.82
71.84
71.82
71.81
71.82
71.87
71.92
71.88
71.88
71.91
71.88
71.83
71.80
71.80
71.81
71.83
71.80
71.79
71.83
71.76
71.76
71.67
71.67
71.67
71.65
71.64
71.65
71.69
71.70
71.70
71.68
71.69
71.68
71.68
71.69
71.68
71.70
71.70
71.70
71.67
71.63
71.65
71.67
71.70
71.72
71.74
71.73
71.70
71.65
71.63
71.63
71.68
71.69
71.72
71.73
71.74
71.75
71.76
71.74
71.75
71.76
71.75
71.69
71.68
71.67
71.68
71.71
71.68
71.67
71.69
71.70
71.72
71.73
71.73
71.71
71.70
71.69
71.71
71.69
71.65
71.65
71.66
71.69
71.73
71.75
71.73
71.75
71.76
71.75
71.78
71.76
71.80
71.79
71.79
71.78
71.80
71.78
71.79
71.78
71.77
71.79
71.80
71.79
71.77
71.78
71.80
71.79
71.78
71.77
71.74
71.74
71.78
71.77
71.78
71.76
71.76
71.78
71.74
71.75
71.74
71.76
71.77
71.81
71.78
71.79
71.79
71.80
71.80
71.82
71.77
71.83
71.83
71.83
71.83
71.81
71.84
71.84
71.86
71.83
71.82
71.79
71.79
71.81
71.81
71.80
71.81
71.80
71.76
71.75
71.74
71.74
71.76
71.75
71.76
71.72
71.70
71.68
71.67
71.67
71.65
71.67
71.67
71.66
71.66
71.65
71.67
71.69
71.66
71.66
71.62
71.61
71.61
71.64
71.63
71.63
71.63
71.64
71.61
71.63
71.61
71.63
71.62
71.63
71.61
71.62
71.63
71.63
71.62
71.61
71.61
71.56
71.55
71.54
71.55
71.55
71.55
71.55
71.56
71.57
71.53
71.52
71.50
71.50
71.48
71.49
71.51
71.53
71.53
71.54
71.54
71.55
71.55
71.54
71.52
71.50
71.50
71.50
71.51
71.51
71.54
71.53
71.53
71.54
71.52
71.50
71.51
71.53
71.53
71.54
71.56
71.55
71.55
71.57
71.57
71.56
71.55
71.56
71.60
71.62
71.63
71.64
71.65
71.65
71.65
71.63
71.62
71.63
71.64
71.60
71.60
71.63
71.64
71.66
71.66
71.67
71.67
71.69
71.70
71.69
71.71
71.69
71.69
71.69
71.69
71.71
71.72
71.72
71.74
71.74
71.76
71.76
71.75
71.75
71.73
71.73
71.73
71.72
71.70
71.68
71.67
71.69
71.68
71.67
71.68
71.68
71.69
71.70
71.67
71.68
71.67
71.69
71.68
71.66
71.67
71.66
71.67
71.68
71.67
71.70
71.69
71.69
71.68
71.67
71.66
71.67
71.66
71.65
71.63
71.65
71.65
71.62
71.62
71.62
71.63
71.64
71.64
71.63
71.64
71.65
71.67
71.69
71.69
71.68
71.70
71.70
71.70
71.70
71.70
71.72
71.73
71.72
71.70
71.71
71.71
71.72
71.72
71.72
71.70
71.72
71.72
71.70
71.70
71.69
71.71
71.70
71.67
71.68
71.69
71.70
71.68
71.69
71.70
71.69
71.68
71.67
71.66
71.64
71.65
71.64
71.64
71.65
71.65
71.66
71.66
71.67
71.66
71.65
71.65
71.64
71.65
71.64
71.62
71.63
71.65
71.65
71.65
71.64
71.63
71.63
71.64
71.63
71.63
71.63
71.63
71.64
71.63
71.63
71.64
71.64
71.66
71.67
71.68
71.66
71.65
71.62
71.64
71.62
71.62
71.63
71.63
71.62
71.61
71.61
71.61
71.59
71.59
71.58
71.59
71.59
71.58
71.58
71.58
71.60
71.59
71.61
71.60
71.61
71.61
71.60
71.58
71.59
71.60
71.60
71.59
71.59
71.59
71.59
71.60
71.59
71.59
71.60
71.61
71.61
71.61
71.60
71.60
71.60
71.59
71.59
71.59
71.58
71.57
71.58
71.58
71.59
71.58
71.57
71.57
71.57
71.55
71.55
71.55
71.55
71.55
71.55
71.54
71.53
71.53
71.52
71.51
71.49
71.49
71.48
71.47
71.46
71.47
71.47
71.49
71.48
71.49
71.50
71.50
71.49
71.49
71.49
71.50
71.50
71.52
71.51
71.53
71.53
71.53
71.52
71.53
71.53
71.54
71.51
71.52
71.53
71.53
71.54
71.54
71.55
71.56
71.56
71.56
71.56
71.56
71.54
71.54
71.54
71.54
71.55
71.55
71.55
71.56
71.56
71.55
71.55
71.56
71.56
71.57
71.57
71.57
71.59
71.58
71.59
71.59
71.60
71.60
71.60
71.59
71.60
71.60
71.60
71.60
71.61
71.61
71.60
71.60
71.61
71.60
71.59
71.59
71.60
71.59
71.57
71.59
71.58
71.58
71.58
71.58
71.57
71.58
71.58
71.58
71.58
71.59
71.58
71.59
71.60
71.60
71.61
71.59
71.61
71.62
71.61
71.62
71.63
71.63
71.63
71.63
71.61
71.60
71.60
71.60
71.60
71.59
71.59
71.59
71.59
71.60
71.60
71.59
71.61
71.61
71.62
71.61
71.60
71.60
71.60
71.60
71.60
71.61
71.60
71.62
71.62
71.60
71.61
71.61
71.60
71.62
71.61
71.61
71.61
71.62
71.62
71.61
71.61
71.61
71.62
71.61
71.61
71.61
71.61
71.61
71.62
71.62
71.62
71.63
71.63
71.63
71.61
71.60
71.61
71.59
71.60
71.54
