60.94
65.62
62.50
65.62
63.75
63.02
61.38
61.33
60.42
60.16
60.94
60.94
60.70
61.05
60.73
61.23
60.85
60.42
60.12
60.00
60.34
60.30
60.26
59.96
59.81
59.74
59.72
59.60
59.91
60.00
60.18
60.21
60.27
60.57
60.27
60.29
60.35
60.28
60.26
60.31
60.14
60.27
60.50
60.62
60.56
60.36
60.34
60.48
60.43
60.47
60.42
60.61
60.79
60.88
60.85
60.66
60.69
60.72
60.67
60.68
60.71
60.69
60.57
60.52
60.65
60.68
60.68
60.62
60.62
60.60
60.74
60.89
61.04
61.21
61.21
61.20
61.12
61.12
61.12
61.05
61.01
60.96
61.03
61.10
61.21
61.30
61.24
61.22
61.22
61.28
61.14
61.14
61.24
61.29
61.33
61.30
61.23
61.14
61.14
61.14
61.06
60.98
61.03
61.03
61.06
61.06
61.19
61.14
61.17
61.12
61.06
61.02
61.05
60.95
60.96
60.98
60.95
61.06
61.03
61.05
60.99
61.03
61.06
61.05
61.09
61.11
61.15
61.12
61.08
61.06
61.04
61.01
61.02
61.00
60.96
60.93
60.90
60.85
60.84
60.81
60.85
60.83
60.85
60.80
60.80
60.85
60.87
60.91
60.93
60.98
60.98
60.94
60.93
60.94
60.93
60.92
60.88
60.88
60.87
60.89
60.90
60.90
60.89
60.87
60.90
60.85
60.86
60.86
60.82
60.85
60.84
60.85
60.87
60.85
60.85
60.85
60.85
60.87
60.87
60.89
60.95
60.95
60.92
60.89
60.86
60.79
60.79
60.80
60.85
60.83
60.81
60.78
60.78
60.77
60.83
60.82
60.84
60.90
60.88
60.84
60.81
60.79
60.83
60.85
60.85
60.82
60.81
60.83
60.82
60.81
60.82
60.84
60.90
60.88
60.89
60.94
60.90
60.92
60.96
60.99
61.00
60.97
60.99
60.99
61.00
60.97
60.94
60.94
60.98
61.00
60.98
61.02
61.04
61.00
61.04
61.00
60.98
60.94
60.96
60.98
60.93
60.98
61.01
61.03
61.05
61.03
61.05
61.03
61.01
61.03
61.01
61.04
61.04
61.03
61.00
61.02
61.02
61.03
61.03
61.05
61.07
61.07
61.04
61.03
61.06
61.05
61.08
61.09
61.07
61.06
61.05
61.05
61.07
61.10
61.10
61.12
61.11
61.18
61.14
61.17
61.14
61.19
61.20
61.14
61.15
61.18
61.17
61.17
61.16
61.14
61.17
61.13
61.14
61.13
61.11
61.14
61.14
61.14
61.16
61.19
61.20
61.21
61.19
61.19
61.18
61.17
61.17
61.21
61.20
61.21
61.21
61.20
61.18
61.19
61.18
61.18
61.21
61.22
61.19
61.20
61.22
61.22
61.23
61.26
61.24
61.29
61.28
61.27
61.25
61.27
61.26
61.27
61.26
61.25
61.25
61.27
61.29
61.27
61.30
61.28
61.29
61.28
61.26
61.23
61.23
61.23
61.20
61.21
61.19
61.15
61.13
61.14
61.16
61.16
61.15
61.13
61.13
61.15
61.12
61.13
61.14
61.14
61.17
61.19
61.19
61.18
61.18
61.19
61.18
61.18
61.17
61.17
61.21
61.23
61.25
61.27
61.28
61.25
61.27
61.26
61.25
61.24
61.24
61.23
61.25
61.26
61.25
61.24
61.25
61.26
61.25
61.25
61.24
61.24
61.23
61.21
61.20
61.19
61.20
61.21
61.24
61.24
61.23
61.22
61.20
61.21
61.22
61.22
61.22
61.23
61.25
61.24
61.22
61.24
61.23
61.25
61.25
61.22
61.22
61.22
61.23
61.23
61.25
61.25
61.25
61.25
61.27
61.28
61.27
61.27
61.29
61.31
61.31
61.32
61.34
61.35
61.36
61.37
61.36
61.37
61.38
61.37
61.37
61.38
61.38
61.38
61.37
61.36
61.36
61.36
61.33
61.36
61.34
61.34
61.33
61.35
61.31
61.33
61.35
61.34
61.33
61.34
61.35
61.37
61.36
61.36
61.35
61.36
61.36
61.38
61.39
61.41
61.39
61.40
61.41
61.39
61.41
61.40
61.40
61.40
61.41
61.42
61.42
61.43
61.44
61.42
61.41
61.40
61.38
61.38
61.36
61.37
61.37
61.37
61.38
61.40
61.39
61.39
61.38
61.38
61.35
61.35
61.37
61.39
61.37
61.38
61.38
61.39
61.39
61.39
61.38
61.38
61.37
61.39
61.38
61.38
61.39
61.39
61.39
61.37
61.39
61.38
61.38
61.39
61.40
61.41
61.39
61.39
61.39
61.38
61.39
61.40
61.40
61.40
61.43
61.43
61.41
61.40
61.38
61.40
61.39
61.40
61.40
61.42
61.41
61.42
61.42
61.42
61.42
61.41
61.42
61.44
61.43
61.45
61.45
61.45
61.46
61.47
61.46
61.44
61.44
61.44
61.43
61.43
61.44
61.43
61.42
61.41
61.37
61.39
61.39
61.42
61.40
61.41
61.39
61.39
61.35
61.36
61.37
61.38
61.37
61.37
61.39
61.38
61.37
61.36
61.36
61.37
61.38
61.39
61.39
61.39
61.38
61.37
61.38
61.36
61.36
61.34
61.35
61.36
61.35
61.36
61.38
61.37
61.39
61.37
61.38
61.39
61.39
61.39
61.39
61.38
61.39
61.39
61.40
61.40
61.39
61.39
61.39
61.38
61.37
61.38
61.37
61.36
61.37
61.37
61.38
61.39
61.39
61.38
61.39
61.38
61.40
61.41
61.42
61.41
61.43
61.44
61.46
61.44
61.43
61.43
61.42
61.42
61.40
61.40
61.40
61.40
61.40
61.40
61.40
61.40
61.40
61.39
61.39
61.40
61.40
61.41
61.42
61.41
61.42
61.43
61.43
61.44
61.45
61.43
61.43
61.42
61.42
61.43
61.44
61.43
61.44
61.44
61.45
61.47
61.47
61.45
61.45
61.46
61.47
61.48
61.48
61.47
61.48
61.48
61.48
61.47
61.46
61.47
61.47
61.46
61.46
61.45
61.45
61.46
61.46
61.46
61.47
61.46
61.46
61.45
61.46
61.47
61.47
61.48
61.47
61.47
61.47
61.47
61.48
61.46
61.46
61.44
61.44
61.46
61.46
61.45
61.44
61.44
61.44
61.45
61.46
61.45
61.45
61.45
61.47
61.47
61.47
61.48
61.50
61.50
61.48
61.46
61.46
61.47
61.48
61.49
61.50
61.50
61.50
61.50
61.49
61.50
61.49
61.48
61.48
61.48
61.48
61.48
61.49
61.49
61.48
61.49
61.49
61.48
61.48
61.47
61.48
61.47
61.47
61.46
61.48
61.48
61.47
61.46
61.46
61.46
61.45
61.46
61.46
61.46
61.47
61.47
61.48
61.49
61.48
61.49
61.49
61.50
61.49
61.44
