28.12
30.47
32.81
31.25
30.62
31.51
31.47
31.05
31.42
31.72
31.25
31.64
31.73
32.03
32.40
32.13
32.63
32.55
32.73
32.73
32.59
32.39
32.34
32.10
32.31
32.63
32.58
32.59
32.44
32.40
32.46
32.52
32.39
32.44
32.37
32.03
32.14
32.03
32.05
32.07
32.05
32.14
32.12
31.92
31.84
31.76
31.58
31.61
31.57
31.44
31.28
31.25
31.34
31.16
31.11
31.08
31.06
31.30
31.30
31.33
31.33
31.30
31.20
31.23
31.35
31.34
31.34
31.36
31.50
31.43
31.32
31.47
31.51
31.46
31.52
31.50
31.37
31.51
31.49
31.46
31.37
31.35
31.17
31.21
31.14
31.25
31.36
31.41
31.41
31.35
31.32
31.27
31.27
31.30
31.27
31.15
31.14
31.19
31.23
31.22
31.27
31.33
31.30
31.34
31.38
31.46
31.51
31.52
31.62
31.62
31.62
31.56
31.50
31.47
31.44
31.40
31.36
31.34
31.42
31.51
31.40
31.47
31.44
31.39
31.42
31.36
31.43
31.52
31.52
31.51
31.49
31.40
31.38
31.38
31.39
31.38
31.33
31.33
31.36
31.37
31.44
31.46
31.44
31.46
31.41
31.40
31.42
31.41
31.37
31.41
31.39
31.36
31.38
31.34
31.34
31.36
31.32
31.32
31.30
31.23
31.25
31.30
31.27
31.35
31.35
31.32
31.28
31.31
31.26
31.20
31.20
31.23
31.21
31.19
31.21
31.20
31.19
31.20
31.23
31.28
31.29
31.26
31.26
31.23
31.22
31.22
31.25
31.24
31.23
31.20
31.21
31.23
31.22
31.27
31.27
31.27
31.28
31.26
31.23
31.22
31.19
31.20
31.21
31.17
31.17
31.15
31.17
31.15
31.15
31.15
31.09
31.11
31.06
31.08
31.10
31.07
31.06
31.04
31.08
31.08
31.08
31.06
31.06
31.03
30.98
31.04
31.04
31.04
31.00
30.98
30.99
30.97
31.00
31.00
31.02
31.04
31.03
31.04
31.07
31.06
31.07
31.10
31.09
31.08
31.06
31.07
31.07
31.07
31.07
31.09
31.10
31.08
31.10
31.08
31.12
31.13
31.09
31.10
31.12
31.12
31.15
31.14
31.14
31.13
31.10
31.11
31.09
31.10
31.12
31.15
31.11
31.14
31.14
31.15
31.17
31.17
31.17
31.18
31.17
31.17
31.19
31.19
31.19
31.15
31.11
31.14
31.09
31.08
31.07
31.06
31.06
31.07
31.07
31.09
31.05
31.04
31.05
31.05
31.05
31.04
31.03
31.00
30.98
30.97
30.93
30.93
30.97
30.97
30.96
30.96
30.97
30.96
30.96
30.93
30.92
30.92
30.91
30.92
30.93
30.91
30.89
30.90
30.87
30.85
30.85
30.84
30.82
30.84
30.84
30.86
30.86
30.89
30.91
30.90
30.90
30.90
30.91
30.89
30.92
30.91
30.88
30.91
30.92
30.92
30.89
30.90
30.90
30.88
30.89
30.88
30.89
30.88
30.89
30.88
30.87
30.87
30.86
30.89
30.87
30.90
30.93
30.93
30.92
30.92
30.93
30.92
30.95
30.94
30.92
30.93
30.92
30.91
30.91
30.92
30.92
30.93
30.95
30.92
30.90
30.91
30.90
30.90
30.93
30.92
30.91
30.90
30.89
30.90
30.89
30.93
30.91
30.91
30.93
30.96
30.97
30.96
30.95
30.94
30.95
30.98
31.00
31.01
31.01
31.01
31.00
31.01
31.00
31.00
30.99
31.00
31.00
31.00
30.99
31.02
31.02
31.00
31.00
30.99
31.00
31.00
31.01
31.01
30.98
30.98
30.94
30.96
30.97
30.97
30.99
30.98
30.97
30.97
30.99
31.00
30.99
30.99
30.99
30.99
31.02
31.00
30.98
30.96
30.96
30.97
30.98
30.97
30.96
31.01
31.01
31.02
31.03
31.04
31.04
31.04
31.03
31.02
31.02
31.02
31.04
31.06
31.08
31.07
31.09
31.09
31.07
31.06
31.08
31.06
31.03
31.03
31.04
31.05
31.07
31.08
31.11
31.11
31.10
31.10
31.12
31.13
31.12
31.14
31.15
31.15
31.14
31.13
31.15
31.15
31.18
31.19
31.19
31.18
31.19
31.21
31.22
31.21
31.19
31.20
31.20
31.21
31.21
31.22
31.24
31.27
31.26
31.26
31.27
31.28
31.27
31.28
31.29
31.29
31.29
31.29
31.29
31.28
31.28
31.28
31.30
31.30
31.29
31.28
31.31
31.31
31.31
31.30
31.31
31.33
31.34
31.35
31.34
31.34
31.36
31.38
31.39
31.41
31.42
31.40
31.42
31.41
31.42
31.41
31.42
31.41
31.39
31.40
31.38
31.38
31.38
31.39
31.40
31.41
31.41
31.42
31.42
31.42
31.42
31.40
31.40
31.40
31.39
31.41
31.42
31.41
31.40
31.39
31.39
31.40
31.40
31.41
31.41
31.41
31.40
31.39
31.37
31.38
31.37
31.36
31.36
31.36
31.35
31.35
31.34
31.34
31.31
31.32
31.33
31.32
31.32
31.32
31.32
31.34
31.34
31.34
31.32
31.32
31.32
31.33
31.34
31.35
31.34
31.34
31.34
31.34
31.34
31.34
31.35
31.35
31.36
31.35
31.34
31.34
31.35
31.36
31.36
31.35
31.36
31.36
31.36
31.35
31.36
31.35
31.35
31.34
31.35
31.34
31.32
31.33
31.33
31.33
31.33
31.33
31.34
31.33
31.32
31.31
31.33
31.34
31.35
31.36
31.36
31.36
31.36
31.37
31.35
31.34
31.34
31.35
31.36
31.36
31.35
31.34
31.34
31.36
31.34
31.34
31.34
31.33
31.33
31.31
31.32
31.32
31.31
31.31
31.32
31.32
31.32
31.32
31.32
31.32
31.31
31.30
31.30
31.31
31.32
31.32
31.32
31.31
31.31
31.30
31.29
31.28
31.29
31.30
31.31
31.30
31.30
31.28
31.27
31.27
31.28
31.29
31.28
31.28
31.27
31.28
31.28
31.28
31.30
31.31
31.31
31.31
31.29
31.29
31.30
31.29
31.29
31.29
31.29
31.27
31.28
31.28
31.29
31.29
31.28
31.29
31.30
31.29
31.29
31.28
31.27
31.28
31.27
31.27
31.27
31.27
31.27
31.27
31.26
31.26
31.27
31.27
31.26
31.26
31.27
31.27
31.27
31.26
31.28
31.29
31.29
31.29
31.30
31.28
31.28
31.27
31.27
31.27
31.28
31.29
31.28
31.27
31.27
31.26
31.25
31.25
31.25
31.25
31.26
31.26
31.26
31.26
31.25
31.26
31.25
31.25
31.25
31.24
31.24
31.23
31.23
31.23
31.22
31.21
31.21
31.19
31.20
31.20
31.20
31.19
31.17
31.14
