71.88
71.88
72.92
71.48
72.19
73.18
74.11
73.63
73.26
73.44
72.87
73.44
73.80
73.77
74.06
73.24
72.70
73.00
73.27
73.67
73.88
74.08
74.18
74.15
73.88
73.86
74.07
74.11
73.87
73.75
73.69
73.78
73.63
73.58
73.48
73.31
73.10
72.82
72.60
72.70
72.71
72.84
72.82
72.83
72.78
72.96
72.97
73.05
72.96
72.84
72.70
72.75
72.64
72.45
72.30
72.46
72.45
72.52
72.35
72.34
72.46
72.61
72.57
72.58
72.43
72.47
72.46
72.52
72.55
72.59
72.65
72.48
72.50
72.40
72.46
72.45
72.44
72.44
72.57
72.62
72.49
72.35
72.35
72.45
72.48
72.49
72.36
72.37
72.33
72.29
72.32
72.27
72.14
72.17
72.14
72.18
72.18
72.18
72.05
72.02
71.95
71.89
71.92
71.98
72.02
71.95
71.93
71.90
71.92
71.90
71.92
71.89
71.88
71.88
72.02
72.05
71.97
71.95
71.97
72.02
72.07
72.22
72.18
72.19
72.21
72.20
72.23
72.27
72.23
72.24
72.30
72.35
72.31
72.24
72.19
72.23
72.17
72.23
72.22
72.23
72.22
72.18
72.18
72.21
72.26
72.27
72.30
72.31
72.25
72.24
72.23
72.21
72.23
72.23
72.20
72.17
72.12
72.12
72.15
72.15
72.15
72.18
72.19
72.19
72.17
72.17
72.17
72.15
72.17
72.21
72.23
72.20
72.23
72.22
72.21
72.19
72.15
72.13
72.14
72.15
72.17
72.18
72.11
72.14
72.19
72.24
72.28
72.29
72.26
72.28
72.27
72.29
72.26
72.25
72.30
72.32
72.36
72.36
72.35
72.36
72.40
72.38
72.32
72.35
72.34
72.28
72.24
72.27
72.28
72.28
72.29
72.33
72.34
72.31
72.30
72.34
72.33
72.32
72.32
72.34
72.32
72.34
72.34
72.34
72.35
72.31
72.28
72.29
72.25
72.25
72.28
72.27
72.29
72.29
72.30
72.31
72.32
72.32
72.31
72.32
72.34
72.34
72.34
72.32
72.32
72.34
72.34
72.33
72.31
72.29
72.28
72.27
72.29
72.24
72.25
72.21
72.22
72.18
72.15
72.15
72.13
72.13
72.12
72.11
72.13
72.13
72.13
72.13
72.12
72.15
72.18
72.17
72.20
72.20
72.22
72.24
72.25
72.20
72.21
72.21
72.16
72.17
72.16
72.18
72.20
72.20
72.19
72.17
72.18
72.16
72.15
72.15
72.13
72.15
72.15
72.15
72.13
72.13
72.10
72.09
72.09
72.09
72.10
72.11
72.11
72.11
72.10
72.10
72.08
72.08
72.08
72.13
72.11
72.11
72.15
72.13
72.11
72.11
72.08
72.05
72.06
72.04
72.04
72.03
72.04
72.05
72.08
72.06
72.06
72.05
72.05
72.04
72.05
72.02
72.03
72.03
72.02
72.03
72.01
72.04
72.05
72.06
72.05
72.07
72.06
72.06
72.09
72.06
72.08
72.09
72.11
72.12
72.13
72.13
72.14
72.15
72.15
72.18
72.18
72.18
72.20
72.21
72.21
72.19
72.20
72.20
72.21
72.22
72.23
72.23
72.20
72.23
72.23
72.23
72.23
72.24
72.24
72.25
72.25
72.25
72.26
72.25
72.25
72.26
72.25
72.24
72.25
72.23
72.22
72.20
72.19
72.19
72.19
72.20
72.20
72.17
72.19
72.19
72.20
72.21
72.20
72.20
72.19
72.21
72.19
72.20
72.19
72.16
72.15
72.14
72.13
72.14
72.15
72.15
72.13
72.12
72.11
72.10
72.08
72.07
72.06
72.06
72.07
72.08
72.08
72.06
72.05
72.03
72.04
72.06
72.04
72.03
72.02
72.01
72.00
71.99
71.99
72.01
72.01
72.04
72.05
72.07
72.06
72.07
72.08
72.06
72.06
72.06
72.07
72.07
72.07
72.05
72.03
72.04
72.05
72.05
72.04
72.04
72.05
72.05
72.05
72.04
72.06
72.06
72.07
72.05
72.06
72.07
72.07
72.05
72.07
72.06
72.06
72.08
72.08
72.07
72.06
72.06
72.07
72.07
72.05
72.05
72.04
72.03
72.03
72.06
72.05
72.07
72.06
72.08
72.09
72.12
72.10
72.11
72.11
72.11
72.11
72.10
72.09
72.11
72.12
72.13
72.14
72.13
72.13
72.12
72.11
72.12
72.11
72.12
72.13
72.12
72.11
72.08
72.08
72.09
72.09
72.09
72.10
72.09
72.08
72.07
72.08
72.06
72.07
72.07
72.09
72.10
72.09
72.10
72.09
72.11
72.12
72.12
72.14
72.14
72.16
72.14
72.14
72.16
72.15
72.14
72.14
72.16
72.16
72.16
72.15
72.16
72.16
72.15
72.16
72.16
72.16
72.17
72.18
72.18
72.20
72.20
72.19
72.20
72.20
72.21
72.21
72.19
72.17
72.17
72.16
72.14
72.14
72.14
72.12
72.10
72.11
72.12
72.13
72.12
72.12
72.13
72.14
72.13
72.12
72.12
72.11
72.12
72.11
72.09
72.10
72.11
72.08
72.08
72.09
72.10
72.09
72.09
72.09
72.11
72.11
72.12
72.12
72.10
72.12
72.11
72.11
72.11
72.11
72.11
72.12
72.13
72.13
72.13
72.13
72.13
72.13
72.13
72.12
72.13
72.14
72.14
72.15
72.16
72.18
72.19
72.19
72.18
72.19
72.18
72.19
72.18
72.20
72.19
72.18
72.18
72.19
72.19
72.19
72.17
72.17
72.18
72.19
72.19
72.18
72.19
72.18
72.18
72.16
72.16
72.16
72.18
72.18
72.18
72.18
72.18
72.19
72.20
72.20
72.21
72.22
72.20
72.20
72.21
72.21
72.21
72.22
72.21
72.21
72.19
72.20
72.21
72.21
72.21
72.20
72.19
72.19
72.18
72.16
72.17
72.17
72.18
72.18
72.18
72.18
72.18
72.17
72.18
72.19
72.19
72.18
72.18
72.19
72.19
72.20
72.19
72.19
72.19
72.18
72.18
72.19
72.19
72.20
72.20
72.21
72.21
72.20
72.21
72.21
72.20
72.20
72.21
72.21
72.22
72.22
72.22
72.21
72.22
72.22
72.22
72.21
72.20
72.21
72.21
72.20
72.18
72.18
72.18
72.18
72.17
72.16
72.16
72.17
72.19
72.18
72.17
72.18
72.18
72.20
72.21
72.22
72.22
72.22
72.23
72.24
72.24
72.23
72.23
72.24
72.24
72.23
72.23
72.22
72.21
72.21
72.21
72.20
72.21
72.20
72.20
72.20
72.20
72.20
72.20
72.18
72.18
72.18
72.19
72.20
72.20
72.18
72.19
72.19
72.20
72.20
72.20
72.19
72.19
72.19
72.19
72.18
72.18
72.19
72.20
72.21
72.14
