62.50
60.16
59.38
57.42
56.56
57.03
57.14
56.45
55.73
55.62
55.97
55.47
56.13
56.36
55.94
56.05
56.89
56.77
56.33
56.09
56.40
56.39
56.18
56.12
55.87
55.95
56.25
56.64
56.68
56.77
57.11
57.03
57.24
57.31
57.19
56.99
56.76
56.54
56.65
56.76
56.55
56.44
56.65
56.68
56.87
57.03
56.91
57.00
57.08
57.16
57.14
57.00
56.84
56.89
56.96
57.00
56.88
56.90
56.99
56.98
56.97
57.03
57.09
57.03
56.95
56.94
56.95
56.99
57.00
56.92
56.89
56.81
56.66
56.57
56.58
56.66
56.68
56.77
56.78
56.82
56.75
56.88
56.89
56.86
56.86
56.99
56.79
56.82
56.71
56.70
56.66
56.71
56.64
56.50
56.64
56.64
56.73
56.79
56.85
56.86
56.87
56.77
56.72
56.75
56.76
56.78
56.73
56.68
56.72
56.72
56.80
56.78
56.60
56.70
56.70
56.67
56.64
56.62
56.60
56.67
56.65
56.65
56.58
56.60
56.61
56.65
56.69
56.74
56.75
56.79
56.79
56.84
56.84
56.86
56.79
56.78
56.80
56.78
56.80
56.73
56.79
56.81
56.82
56.77
56.75
56.80
56.78
56.79
56.75
56.85
56.80
56.87
56.92
56.99
56.99
56.97
56.97
56.94
56.96
56.94
56.99
57.01
57.03
57.08
57.09
57.13
57.12
57.08
57.11
57.10
57.11
57.07
57.05
56.98
56.96
56.94
56.97
57.01
56.98
57.06
57.08
57.06
57.06
57.00
57.00
57.01
56.99
56.98
56.97
56.94
57.00
57.06
57.03
56.99
56.95
56.93
56.90
56.93
56.92
56.88
56.87
56.90
56.89
56.89
56.89
56.90
56.93
56.91
56.95
56.96
56.97
56.97
56.98
56.99
57.02
57.04
57.04
57.06
57.04
57.02
57.03
57.05
57.04
57.02
56.99
56.99
56.96
56.97
56.97
56.98
56.99
57.04
57.03
56.98
56.96
56.97
56.99
56.99
57.03
57.02
56.98
56.99
56.96
56.97
56.98
57.01
56.98
57.00
57.00
56.98
57.01
57.00
57.02
57.04
56.99
56.97
56.97
56.98
56.95
56.95
56.98
56.98
56.97
56.97
56.97
56.99
56.95
56.95
56.94
56.94
56.98
57.00
57.00
56.97
56.98
56.97
56.93
56.91
56.92
56.91
56.91
56.89
56.91
56.92
56.90
56.88
56.89
56.88
56.91
56.95
56.96
56.98
56.99
56.95
56.99
56.99
57.00
56.98
57.00
57.02
56.98
56.98
56.99
57.01
56.98
56.98
56.97
56.98
56.97
56.99
56.97
56.99
57.00
56.99
56.98
56.98
56.99
56.96
56.96
56.95
56.95
56.95
56.97
56.95
56.96
56.98
56.98
56.95
56.95
56.96
56.93
56.94
56.94
56.95
56.94
56.92
56.95
56.94
56.92
56.94
56.91
56.91
56.92
56.91
56.91
56.91
56.90
56.90
56.90
56.92
56.94
56.94
56.97
56.97
57.01
57.00
56.99
57.02
57.04
57.04
57.05
57.04
57.05
57.05
57.05
57.04
57.08
57.08
57.10
57.09
57.10
57.08
57.08
57.04
57.03
57.05
57.04
57.01
57.03
57.02
57.04
57.03
57.03
57.04
57.02
57.04
57.02
57.01
57.01
57.00
57.03
57.02
57.02
57.03
57.03
57.03
57.03
57.02
57.00
57.00
57.02
57.02
57.03
57.03
57.04
57.02
57.03
57.04
57.03
57.04
57.03
57.02
57.01
57.02
57.00
57.00
57.00
57.01
57.01
57.01
57.02
57.03
57.04
57.03
57.05
57.05
57.08
57.08
57.08
57.08
57.08
57.10
57.11
57.12
57.12
57.12
57.11
57.10
57.11
57.10
57.09
57.07
57.09
57.08
57.06
57.07
57.06
57.04
57.02
57.02
57.02
56.99
56.98
56.98
56.98
56.98
56.97
56.96
56.95
56.93
56.94
56.96
56.97
56.94
56.96
56.96
56.97
56.95
56.95
56.94
56.96
56.97
56.97
56.98
56.98
56.97
56.96
56.97
56.98
56.96
56.97
56.98
56.99
57.03
57.04
57.04
57.01
57.00
56.99
57.00
57.01
57.04
57.04
57.05
57.03
57.06
57.08
57.07
57.06
57.08
57.09
57.10
57.09
57.10
57.10
57.10
57.09
57.09
57.07
57.06
57.08
57.10
57.10
57.10
57.09
57.08
57.09
57.10
57.14
57.15
57.15
57.15
57.16
57.18
57.19
57.19
57.20
57.21
57.22
57.23
57.24
57.26
57.27
57.29
57.28
57.28
57.28
57.28
57.28
57.29
57.29
57.29
57.29
57.27
57.26
57.24
57.23
57.24
57.24
57.27
57.27
57.27
57.28
57.28
57.27
57.26
57.28
57.26
57.26
57.25
57.26
57.26
57.27
57.26
57.25
57.25
57.25
57.25
57.26
57.26
57.27
57.27
57.26
57.25
57.26
57.26
57.26
57.25
57.24
57.23
57.22
57.23
57.24
57.24
57.23
57.24
57.26
57.27
57.26
57.27
57.27
57.27
57.27
57.27
57.27
57.27
57.27
57.28
57.28
57.29
57.28
57.29
57.29
57.30
57.31
57.31
57.31
57.32
57.31
57.32
57.30
57.30
57.29
57.29
57.30
57.30
57.30
57.30
57.30
57.31
57.31
57.32
57.32
57.33
57.34
57.34
57.34
57.33
57.33
57.33
57.33
57.33
57.30
57.29
57.28
57.29
57.28
57.27
57.27
57.28
57.28
57.29
57.29
57.29
57.30
57.29
57.30
57.30
57.29
57.30
57.31
57.31
57.31
57.32
57.33
57.34
57.34
57.34
57.33
57.34
57.34
57.34
57.33
57.32
57.31
57.30
57.29
57.28
57.27
57.26
57.26
57.26
57.25
57.25
57.24
57.26
57.25
57.26
57.27
57.27
57.26
57.26
57.26
57.27
57.27
57.27
57.28
57.27
57.28
57.27
57.28
57.28
57.30
57.31
57.30
57.29
57.29
57.31
57.31
57.31
57.30
57.32
57.32
57.33
57.34
57.33
57.34
57.34
57.34
57.34
57.33
57.33
57.34
57.35
57.34
57.35
57.36
57.35
57.36
57.36
57.37
57.39
57.39
57.39
57.39
57.37
57.37
57.36
57.37
57.37
57.36
57.37
57.37
57.38
57.39
57.39
57.38
57.37
57.36
57.38
57.38
57.39
57.39
57.38
57.38
57.37
57.38
57.38
57.37
57.36
57.38
57.39
57.37
57.38
57.38
57.39
57.40
57.40
57.38
57.39
57.39
57.39
57.38
57.39
57.39
57.38
57.39
57.38
57.38
57.39
57.37
57.39
57.40
57.39
57.39
57.38
57.37
57.37
57.36
57.37
57.37
57.31
