68.75
67.97
67.19
67.19
69.06
69.01
68.75
68.75
68.92
69.38
70.03
70.18
70.31
70.42
70.52
70.61
70.40
70.75
70.72
70.70
70.76
70.88
70.86
70.90
70.69
70.85
70.83
71.15
71.28
71.25
71.12
71.09
71.31
71.28
71.52
71.57
71.62
71.59
71.55
71.29
71.38
71.47
71.48
71.48
71.63
71.64
71.81
71.91
72.00
72.12
72.12
72.15
72.29
72.34
72.27
72.18
72.18
72.06
72.17
72.14
72.31
72.33
72.40
72.27
72.28
72.23
72.25
72.20
72.15
72.10
72.21
72.20
72.13
72.17
72.15
72.16
72.12
72.10
72.11
72.17
72.30
72.37
72.38
72.43
72.43
72.40
72.38
72.39
72.33
72.29
72.36
72.32
72.35
72.36
72.27
72.23
72.23
72.16
72.19
72.17
72.09
72.14
72.10
72.03
72.07
72.10
72.23
72.15
72.20
72.19
72.31
72.27
72.22
72.30
72.35
72.32
72.36
72.42
72.45
72.37
72.29
72.23
72.23
72.23
72.23
72.20
72.24
72.25
72.26
72.25
72.24
72.24
72.20
72.21
72.31
72.28
72.33
72.37
72.38
72.37
72.34
72.41
72.42
72.55
72.51
72.52
72.50
72.52
72.46
72.45
72.48
72.50
72.52
72.55
72.56
72.59
72.53
72.54
72.54
72.55
72.60
72.60
72.58
72.62
72.64
72.65
72.71
72.68
72.71
72.75
72.80
72.78
72.67
72.71
72.69
72.67
72.67
72.68
72.72
72.74
72.73
72.73
72.71
72.64
72.67
72.70
72.73
72.70
72.70
72.66
72.68
72.66
72.65
72.66
72.69
72.68
72.70
72.74
72.79
72.77
72.77
72.71
72.77
72.76
72.77
72.82
72.79
72.75
72.74
72.77
72.77
72.80
72.76
72.78
72.80
72.72
72.78
72.76
72.75
72.78
72.73
72.68
72.65
72.62
72.62
72.61
72.62
72.61
72.63
72.64
72.61
72.60
72.62
72.60
72.61
72.61
72.60
72.59
72.59
72.54
72.50
72.53
72.56
72.58
72.57
72.60
72.58
72.56
72.53
72.51
72.53
72.56
72.56
72.55
72.57
72.60
72.60
72.62
72.63
72.65
72.65
72.66
72.69
72.73
72.75
72.77
72.78
72.77
72.79
72.80
72.78
72.78
72.79
72.77
72.76
72.75
72.74
72.71
72.73
72.69
72.69
72.71
72.70
72.69
72.71
72.71
72.75
72.73
72.71
72.70
72.68
72.69
72.67
72.65
72.65
72.65
72.67
72.69
72.70
72.69
72.68
72.68
72.68
72.71
72.69
72.72
72.72
72.72
72.73
72.75
72.75
72.77
72.80
72.78
72.77
72.76
72.74
72.75
72.73
72.71
72.71
72.70
72.70
72.72
72.71
72.72
72.75
72.71
72.69
72.67
72.69
72.70
72.72
72.75
72.78
72.78
72.76
72.77
72.75
72.78
72.79
72.80
72.79
72.79
72.79
72.78
72.78
72.79
72.82
72.82
72.81
72.82
72.81
72.84
72.83
72.83
72.82
72.83
72.83
72.86
72.84
72.83
72.86
72.85
72.80
72.82
72.82
72.83
72.85
72.85
72.85
72.87
72.86
72.88
72.86
72.86
72.88
72.86
72.84
72.82
72.79
72.80
72.77
72.76
72.79
72.77
72.76
72.74
72.72
72.72
72.70
72.72
72.73
72.72
72.72
72.72
72.73
72.71
72.70
72.71
72.72
72.73
72.75
72.73
72.72
72.73
72.73
72.73
72.74
72.76
72.76
72.77
72.79
72.79
72.81
72.82
72.82
72.82
72.81
72.82
72.82
72.81
72.78
72.79
72.79
72.80
72.78
72.78
72.79
72.78
72.78
72.78
72.78
72.79
72.81
72.76
72.78
72.78
72.79
72.79
72.81
72.82
72.80
72.79
72.81
72.80
72.80
72.82
72.80
72.79
72.78
72.76
72.76
72.77
72.77
72.77
72.77
72.79
72.78
72.77
72.77
72.79
72.81
72.82
72.82
72.84
72.84
72.83
72.84
72.84
72.84
72.84
72.84
72.84
72.84
72.85
72.87
72.87
72.88
72.90
72.89
72.89
72.89
72.91
72.90
72.90
72.90
72.90
72.90
72.90
72.91
72.92
72.92
72.93
72.93
72.92
72.93
72.93
72.93
72.94
72.94
72.93
72.93
72.91
72.89
72.90
72.88
72.87
72.89
72.90
72.89
72.89
72.90
72.89
72.89
72.88
72.89
72.90
72.91
72.92
72.93
72.91
72.89
72.91
72.90
72.91
72.89
72.89
72.89
72.91
72.91
72.91
72.92
72.89
72.91
72.91
72.92
72.91
72.90
72.89
72.88
72.88
72.88
72.88
72.88
72.87
72.88
72.88
72.87
72.87
72.88
72.86
72.84
72.84
72.85
72.86
72.86
72.85
72.86
72.86
72.88
72.88
72.90
72.91
72.91
72.90
72.91
72.91
72.91
72.91
72.90
72.91
72.91
72.93
72.91
72.92
72.92
72.92
72.92
72.91
72.91
72.91
72.90
72.90
72.89
72.89
72.90
72.88
72.88
72.88
72.89
72.89
72.88
72.89
72.89
72.89
72.89
72.88
72.89
72.89
72.90
72.92
72.91
72.92
72.94
72.93
72.94
72.93
72.92
72.93
72.93
72.93
72.94
72.94
72.93
72.93
72.94
72.95
72.96
72.96
72.96
72.96
72.96
72.95
72.96
72.95
72.96
72.95
72.95
72.95
72.93
72.93
72.92
72.92
72.93
72.92
72.92
72.91
72.90
72.90
72.90
72.93
72.93
72.92
72.91
72.90
72.90
72.90
72.90
72.92
72.92
72.92
72.92
72.93
72.94
72.94
72.94
72.91
72.90
72.91
72.91
72.91
72.92
72.92
72.92
72.93
72.93
72.93
72.91
72.93
72.92
72.92
72.92
72.91
72.91
72.90
72.90
72.90
72.89
72.89
72.89
72.87
72.87
72.89
72.88
72.87
72.87
72.87
72.88
72.88
72.88
72.87
72.88
72.87
72.88
72.88
72.88
72.88
72.88
72.88
72.88
72.88
72.87
72.87
72.87
72.87
72.88
72.85
72.86
72.85
72.86
72.86
72.86
72.84
72.84
72.84
72.85
72.83
72.83
72.83
72.84
72.84
72.84
72.84
72.84
72.84
72.85
72.86
72.85
72.85
72.85
72.85
72.85
72.84
72.86
72.85
72.84
72.84
72.84
72.84
72.84
72.84
72.83
72.83
72.83
72.83
72.83
72.84
72.84
72.84
72.86
72.85
72.85
72.85
72.85
72.84
72.84
72.85
72.84
72.85
72.86
72.86
72.87
72.86
72.86
72.86
72.86
72.86
72.85
72.86
72.85
72.85
72.86
72.85
72.86
72.86
72.85
72.85
72.84
72.85
72.84
72.77
