70.31
74.22
76.04
77.73
76.25
72.92
74.11
75.20
74.13
73.75
74.01
74.09
74.52
74.11
73.85
74.02
74.45
74.39
74.84
74.61
74.40
74.43
74.80
74.61
75.00
74.88
74.83
74.94
75.05
75.16
75.50
75.59
75.47
75.51
75.45
75.35
75.51
75.41
75.28
75.04
74.96
75.11
75.04
74.96
74.90
74.93
75.03
75.26
75.06
75.03
75.25
75.12
75.12
75.20
75.17
75.08
75.22
75.13
75.16
75.18
75.18
75.28
75.12
75.12
75.12
75.21
75.16
75.02
74.89
74.80
74.87
74.91
74.87
74.75
74.56
74.51
74.43
74.40
74.53
74.57
74.65
74.70
74.68
74.70
74.71
74.76
74.77
74.77
74.67
74.74
74.74
74.76
74.82
74.87
74.82
74.76
74.79
74.84
74.86
74.83
74.80
74.79
74.82
74.94
74.90
74.87
74.81
74.74
74.71
74.63
74.61
74.60
74.52
74.53
74.50
74.49
74.44
74.47
74.50
74.45
74.43
74.49
74.45
74.47
74.49
74.47
74.56
74.52
74.59
74.56
74.57
74.61
74.60
74.65
74.68
74.70
74.73
74.75
74.70
74.64
74.75
74.79
74.85
74.88
74.89
74.96
74.99
74.98
74.98
74.85
74.84
74.86
74.79
74.75
74.75
74.74
74.74
74.76
74.77
74.78
74.76
74.73
74.72
74.70
74.74
74.74
74.77
74.76
74.77
74.77
74.75
74.78
74.73
74.67
74.68
74.69
74.64
74.59
74.53
74.50
74.46
74.42
74.43
74.45
74.40
74.45
74.45
74.45
74.43
74.42
74.41
74.40
74.36
74.32
74.33
74.30
74.32
74.34
74.36
74.41
74.42
74.40
74.41
74.37
74.38
74.40
74.41
74.41
74.43
74.41
74.42
74.41
74.42
74.45
74.43
74.46
74.43
74.42
74.41
74.42
74.39
74.41
74.45
74.43
74.47
74.46
74.47
74.44
74.43
74.42
74.38
74.39
74.38
74.39
74.39
74.42
74.41
74.41
74.40
74.39
74.40
74.43
74.40
74.41
74.38
74.38
74.36
74.38
74.40
74.40
74.40
74.37
74.36
74.32
74.31
74.32
74.35
74.34
74.36
74.35
74.36
74.34
74.32
74.31
74.32
74.34
74.34
74.35
74.35
74.34
74.35
74.33
74.34
74.33
74.29
74.26
74.28
74.31
74.31
74.33
74.33
74.33
74.34
74.36
74.35
74.37
74.37
74.39
74.41
74.43
74.44
74.40
74.40
74.41
74.43
74.46
74.48
74.48
74.48
74.50
74.47
74.49
74.46
74.42
74.41
74.42
74.41
74.44
74.43
74.45
74.46
74.45
74.46
74.47
74.47
74.46
74.45
74.43
74.42
74.40
74.41
74.43
74.41
74.44
74.43
74.42
74.41
74.43
74.44
74.43
74.42
74.41
74.43
74.43
74.43
74.44
74.41
74.37
74.37
74.38
74.38
74.38
74.37
74.37
74.36
74.37
74.37
74.35
74.35
74.33
74.35
74.34
74.34
74.36
74.38
74.39
74.40
74.39
74.41
74.41
74.41
74.40
74.41
74.38
74.39
74.39
74.40
74.39
74.40
74.38
74.40
74.40
74.39
74.42
74.42
74.43
74.43
74.42
74.44
74.44
74.43
74.42
74.40
74.41
74.42
74.40
74.41
74.40
74.41
74.39
74.38
74.39
74.42
74.42
74.38
74.39
74.39
74.37
74.35
74.36
74.38
74.39
74.38
74.38
74.37
74.35
74.31
74.30
74.27
74.26
74.26
74.29
74.30
74.30
74.28
74.29
74.28
74.28
74.28
74.29
74.29
74.29
74.31
74.34
74.34
74.33
74.34
74.34
74.32
74.33
74.32
74.33
74.32
74.31
74.30
74.32
74.33
74.35
74.37
74.38
74.37
74.37
74.38
74.40
74.42
74.41
74.41
74.41
74.42
74.44
74.46
74.49
74.50
74.53
74.52
74.53
74.53
74.54
74.55
74.53
74.54
74.55
74.54
74.54
74.51
74.51
74.51
74.52
74.51
74.54
74.52
74.51
74.52
74.51
74.52
74.53
74.53
74.52
74.51
74.51
74.52
74.51
74.50
74.49
74.52
74.50
74.49
74.51
74.51
74.52
74.52
74.51
74.52
74.53
74.55
74.55
74.54
74.55
74.54
74.54
74.53
74.52
74.52
74.52
74.52
74.53
74.54
74.55
74.55
74.57
74.57
74.58
74.60
74.61
74.60
74.60
74.60
74.60
74.58
74.59
74.60
74.59
74.59
74.59
74.58
74.61
74.59
74.59
74.59
74.59
74.58
74.58
74.59
74.59
74.59
74.60
74.59
74.60
74.61
74.62
74.63
74.64
74.62
74.62
74.62
74.65
74.65
74.65
74.65
74.66
74.67
74.67
74.67
74.67
74.66
74.66
74.68
74.68
74.67
74.67
74.67
74.66
74.65
74.64
74.64
74.63
74.63
74.63
74.63
74.62
74.63
74.61
74.60
74.61
74.61
74.61
74.61
74.60
74.61
74.59
74.59
74.59
74.59
74.58
74.58
74.57
74.58
74.59
74.59
74.61
74.60
74.61
74.62
74.63
74.64
74.64
74.64
74.63
74.63
74.61
74.62
74.61
74.61
74.61
74.61
74.62
74.63
74.64
74.65
74.64
74.64
74.63
74.63
74.63
74.62
74.62
74.62
74.63
74.63
74.64
74.65
74.65
74.64
74.64
74.64
74.65
74.66
74.66
74.65
74.67
74.67
74.66
74.67
74.67
74.66
74.67
74.66
74.66
74.68
74.68
74.68
74.69
74.70
74.71
74.71
74.70
74.70
74.70
74.70
74.70
74.71
74.71
74.72
74.71
74.70
74.70
74.70
74.70
74.71
74.71
74.72
74.71
74.73
74.72
74.72
74.71
74.72
74.71
74.72
74.73
74.73
74.73
74.73
74.73
74.72
74.71
74.70
74.71
74.70
74.70
74.70
74.71
74.72
74.71
74.70
74.68
74.69
74.69
74.69
74.68
74.68
74.67
74.66
74.66
74.67
74.66
74.66
74.65
74.66
74.66
74.66
74.66
74.66
74.67
74.68
74.69
74.68
74.68
74.68
74.69
74.68
74.69
74.67
74.67
74.67
74.67
74.68
74.68
74.69
74.70
74.70
74.70
74.70
74.70
74.71
74.72
74.70
74.69
74.68
74.67
74.67
74.67
74.67
74.68
74.67
74.67
74.67
74.67
74.67
74.67
74.67
74.67
74.67
74.68
74.68
74.68
74.68
74.68
74.68
74.68
74.69
74.70
74.70
74.71
74.71
74.71
74.71
74.71
74.71
74.70
74.69
74.68
74.68
74.69
74.70
74.70
74.70
74.70
74.71
74.70
74.71
74.71
74.71
74.71
74.70
74.71
74.70
74.70
74.70
74.71
74.72
74.65
