65.62
71.88
72.92
72.27
72.50
73.18
73.66
73.44
74.31
74.38
74.57
74.87
74.52
74.67
74.48
74.61
75.00
75.00
74.67
75.08
75.30
75.64
75.68
75.78
75.50
75.78
75.87
75.78
75.70
75.57
75.40
75.49
75.43
75.55
75.22
75.22
75.30
75.41
75.44
75.31
75.34
75.63
75.87
75.89
75.97
75.82
75.66
75.85
75.99
75.94
76.04
76.05
76.21
76.16
76.14
76.06
75.93
75.81
75.79
75.89
75.87
75.91
75.87
75.78
75.70
75.66
75.68
75.62
75.43
75.47
75.53
75.59
75.68
75.61
75.65
75.66
75.57
75.60
75.71
75.64
75.69
75.69
75.66
75.56
75.55
75.60
75.45
75.30
75.39
75.28
75.26
75.22
75.32
75.23
75.23
75.24
75.23
75.22
75.27
75.25
75.29
75.26
75.35
75.45
75.39
75.43
75.39
75.45
75.43
75.50
75.46
75.39
75.43
75.47
75.50
75.48
75.44
75.42
75.45
75.44
75.46
75.50
75.46
75.45
75.50
75.46
75.46
75.35
75.36
75.34
75.27
75.34
75.36
75.40
75.39
75.40
75.48
75.49
75.53
75.58
75.52
75.57
75.57
75.60
75.67
75.64
75.66
75.68
75.65
75.71
75.73
75.71
75.75
75.78
75.75
75.78
75.74
75.71
75.71
75.72
75.73
75.72
75.76
75.73
75.71
75.65
75.71
75.70
75.76
75.77
75.79
75.82
75.88
75.84
75.86
75.85
75.83
75.84
75.86
75.82
75.83
75.86
75.85
75.87
75.87
75.90
75.89
75.90
75.86
75.88
75.83
75.81
75.80
75.77
75.76
75.77
75.75
75.71
75.65
75.63
75.63
75.63
75.58
75.63
75.63
75.67
75.69
75.71
75.70
75.71
75.70
75.68
75.66
75.69
75.71
75.73
75.78
75.75
75.73
75.75
75.76
75.79
75.83
75.84
75.81
75.83
75.86
75.86
75.87
75.88
75.85
75.82
75.85
75.78
75.78
75.79
75.81
75.83
75.84
75.84
75.82
75.84
75.85
75.87
75.85
75.86
75.83
75.81
75.84
75.88
75.85
75.83
75.84
75.84
75.85
75.83
75.83
75.79
75.80
75.82
75.80
75.82
75.81
75.80
75.81
75.79
75.80
75.78
75.78
75.78
75.78
75.79
75.80
75.75
75.78
75.76
75.74
75.76
75.77
75.79
75.78
75.78
75.78
75.75
75.75
75.74
75.74
75.75
75.78
75.81
75.83
75.84
75.86
75.89
75.88
75.90
75.88
75.89
75.86
75.85
75.85
75.87
75.87
75.85
75.85
75.83
75.81
75.80
75.79
75.82
75.82
75.86
75.87
75.88
75.85
75.86
75.89
75.90
75.92
75.90
75.91
75.88
75.89
75.89
75.87
75.87
75.86
75.86
75.83
75.87
75.85
75.88
75.88
75.88
75.85
75.87
75.87
75.88
75.92
75.91
75.94
75.96
75.96
75.96
75.97
75.98
75.98
75.97
75.98
76.00
76.02
76.03
76.03
76.04
76.05
76.04
76.04
76.03
76.03
76.02
76.01
76.01
76.01
76.01
76.01
76.00
76.00
75.99
75.98
75.98
75.96
75.95
75.96
75.97
75.97
75.98
75.99
75.99
75.98
75.96
75.94
75.94
75.92
75.93
75.93
75.93
75.94
75.95
75.97
75.97
75.96
75.97
75.94
75.93
75.93
75.91
75.91
75.92
75.92
75.91
75.94
75.94
75.95
75.93
75.95
75.94
75.93
75.92
75.91
75.92
75.90
75.88
75.87
75.87
75.85
75.83
75.84
75.85
75.84
75.85
75.84
75.83
75.80
75.81
75.82
75.83
75.85
75.85
75.86
75.86
75.90
75.87
75.88
75.89
75.89
75.90
75.89
75.88
75.85
75.85
75.84
75.85
75.86
75.87
75.87
75.88
75.86
75.87
75.86
75.84
75.84
75.83
75.81
75.80
75.79
75.79
75.79
75.79
75.78
75.75
75.76
75.77
75.78
75.79
75.78
75.78
75.79
75.78
75.80
75.79
75.80
75.79
75.79
75.82
75.82
75.80
75.80
75.79
75.80
75.79
75.80
75.79
75.79
75.80
75.81
75.79
75.81
75.81
75.83
75.85
75.85
75.85
75.84
75.84
75.85
75.84
75.84
75.83
75.84
75.86
75.87
75.85
75.86
75.87
75.88
75.88
75.88
75.90
75.89
75.89
75.89
75.89
75.89
75.88
75.86
75.86
75.86
75.85
75.85
75.83
75.82
75.83
75.85
75.85
75.83
75.80
75.81
75.82
75.79
75.79
75.80
75.80
75.79
75.81
75.81
75.82
75.81
75.79
75.79
75.79
75.79
75.79
75.78
75.77
75.79
75.79
75.79
75.79
75.78
75.79
75.80
75.79
75.78
75.77
75.78
75.78
75.77
75.76
75.75
75.75
75.76
75.76
75.76
75.76
75.76
75.75
75.76
75.74
75.74
75.73
75.74
75.72
75.72
75.73
75.74
75.75
75.76
75.77
75.75
75.75
75.74
75.75
75.75
75.74
75.74
75.74
75.75
75.75
75.75
75.75
75.74
75.75
75.76
75.76
75.77
75.78
75.77
75.76
75.75
75.74
75.74
75.75
75.75
75.76
75.76
75.77
75.76
75.77
75.77
75.75
75.76
75.74
75.74
75.73
75.74
75.74
75.75
75.75
75.75
75.75
75.75
75.76
75.75
75.75
75.76
75.77
75.77
75.77
75.78
75.78
75.78
75.77
75.78
75.77
75.78
75.78
75.78
75.80
75.80
75.79
75.79
75.78
75.77
75.76
75.77
75.77
75.78
75.77
75.77
75.77
75.76
75.75
75.73
75.73
75.72
75.71
75.72
75.71
75.71
75.70
75.71
75.71
75.72
75.71
75.71
75.72
75.72
75.73
75.71
75.71
75.71
75.71
75.71
75.71
75.72
75.72
75.72
75.71
75.70
75.69
75.70
75.70
75.70
75.72
75.71
75.72
75.72
75.73
75.74
75.75
75.73
75.73
75.73
75.73
75.71
75.72
75.72
75.71
75.71
75.71
75.73
75.73
75.74
75.73
75.73
75.74
75.74
75.73
75.73
75.72
75.72
75.73
75.74
75.73
75.72
75.72
75.72
75.72
75.72
75.71
75.72
75.72
75.73
75.74
75.74
75.74
75.74
75.75
75.75
75.75
75.75
75.74
75.75
75.74
75.75
75.76
75.76
75.77
75.77
75.76
75.75
75.75
75.77
75.76
75.76
75.76
75.78
75.77
75.78
75.77
75.77
75.78
75.78
75.77
75.78
75.77
75.77
75.77
75.77
75.76
75.76
75.76
75.76
75.76
75.77
75.76
75.76
75.76
75.76
75.76
75.77
75.77
75.77
75.77
75.76
75.76
75.76
75.77
75.77
75.78
75.78
75.72
