82.81
82.81
83.33
82.81
79.69
79.43
77.90
78.91
78.82
77.97
77.84
77.47
77.04
76.23
76.04
76.17
75.92
75.35
75.74
76.02
76.26
76.56
76.63
76.24
76.12
75.90
75.69
75.50
75.54
75.89
75.76
75.54
75.43
75.28
75.49
75.43
75.42
75.37
75.40
75.39
75.46
75.78
75.73
75.57
75.66
75.61
75.66
75.65
75.70
75.75
75.74
75.75
75.83
75.58
75.57
75.47
75.60
75.59
75.66
75.70
75.74
75.86
75.79
75.83
75.77
75.76
75.70
75.69
75.63
75.49
75.55
75.46
75.49
75.63
75.65
75.58
75.69
75.74
75.67
75.55
75.54
75.63
75.68
75.73
75.77
75.87
75.93
75.92
76.04
76.04
76.01
75.99
75.97
75.91
75.95
75.98
75.97
76.04
76.06
76.06
76.02
76.18
76.23
76.25
76.25
76.21
76.27
76.27
76.23
76.29
76.21
76.16
76.06
75.95
75.94
75.97
75.92
75.87
75.92
75.87
75.87
75.87
75.85
75.84
75.80
75.71
75.70
75.66
75.70
75.66
75.70
75.71
75.75
75.72
75.69
75.63
75.59
75.52
75.52
75.50
75.48
75.50
75.43
75.43
75.44
75.43
75.50
75.43
75.41
75.36
75.38
75.38
75.40
75.43
75.45
75.48
75.48
75.48
75.52
75.50
75.49
75.46
75.34
75.30
75.28
75.30
75.31
75.27
75.25
75.26
75.26
75.27
75.27
75.26
75.29
75.26
75.27
75.27
75.27
75.25
75.26
75.30
75.33
75.31
75.32
75.30
75.33
75.30
75.31
75.27
75.30
75.31
75.31
75.35
75.29
75.29
75.29
75.32
75.35
75.35
75.37
75.33
75.28
75.23
75.18
75.16
75.10
75.09
75.07
75.07
75.04
75.08
75.12
75.11
75.13
75.14
75.16
75.16
75.14
75.17
75.21
75.21
75.19
75.18
75.19
75.21
75.21
75.25
75.27
75.26
75.24
75.28
75.24
75.19
75.15
75.19
75.18
75.14
75.12
75.10
75.10
75.07
75.10
75.12
75.14
75.11
75.11
75.09
75.09
75.09
75.08
75.04
75.04
75.02
74.99
74.99
74.96
74.94
74.95
74.93
74.93
74.96
74.97
74.96
74.95
74.98
74.99
75.03
75.03
75.05
75.06
75.05
75.04
75.06
75.07
75.07
75.07
75.08
75.06
75.05
75.07
75.05
75.01
75.04
75.05
75.07
75.07
75.07
75.06
75.07
75.05
75.07
75.09
75.09
75.07
75.07
75.06
75.02
75.03
75.01
75.02
75.01
75.02
75.03
75.01
75.01
75.02
75.02
75.07
75.07
75.04
75.04
75.05
75.07
75.09
75.09
75.09
75.06
75.05
75.07
75.08
75.06
75.04
75.03
75.01
75.01
75.04
75.03
75.05
75.05
75.04
75.08
75.09
75.10
75.10
75.10
75.12
75.11
75.10
75.12
75.12
75.11
75.14
75.16
75.18
75.19
75.20
75.19
75.19
75.20
75.16
75.18
75.19
75.16
75.18
75.17
75.13
75.14
75.15
75.15
75.15
75.14
75.16
75.18
75.19
75.17
75.20
75.18
75.19
75.19
75.20
75.14
75.18
75.18
75.16
75.16
75.15
75.15
75.15
75.14
75.13
75.12
75.13
75.13
75.13
75.15
75.15
75.15
75.16
75.17
75.16
75.17
75.18
75.18
75.17
75.17
75.13
75.14
75.13
75.13
75.12
75.12
75.13
75.12
75.14
75.13
75.12
75.11
75.11
75.08
75.06
75.08
75.09
75.09
75.08
75.09
75.09
75.09
75.09
75.08
75.06
75.06
75.06
75.07
75.05
75.05
75.05
75.05
75.07
75.08
75.08
75.05
75.07
75.08
75.07
75.06
75.05
75.05
75.05
75.06
75.07
75.09
75.08
75.09
75.08
75.09
75.09
75.10
75.10
75.09
75.09
75.08
75.08
75.09
75.09
75.11
75.12
75.12
75.13
75.12
75.12
75.13
75.13
75.14
75.12
75.12
75.13
75.14
75.15
75.14
75.15
75.14
75.15
75.12
75.13
75.13
75.12
75.14
75.17
75.16
75.15
75.14
75.14
75.15
75.15
75.17
75.17
75.17
75.18
75.18
75.17
75.17
75.16
75.16
75.15
75.15
75.16
75.16
75.17
75.18
75.17
75.17
75.16
75.16
75.15
75.14
75.13
75.12
75.11
75.13
75.13
75.13
75.14
75.15
75.15
75.16
75.18
75.17
75.17
75.17
75.16
75.17
75.18
75.18
75.16
75.16
75.15
75.15
75.15
75.15
75.14
75.14
75.16
75.17
75.16
75.18
75.17
75.17
75.17
75.15
75.17
75.18
75.17
75.18
75.19
75.20
75.19
75.18
75.19
75.18
75.18
75.20
75.21
75.20
75.20
75.21
75.20
75.20
75.21
75.20
75.18
75.19
75.19
75.19
75.19
75.19
75.20
75.20
75.20
75.21
75.20
75.21
75.21
75.22
75.22
75.22
75.23
75.23
75.24
75.24
75.24
75.24
75.24
75.26
75.26
75.26
75.26
75.26
75.25
75.24
75.25
75.26
75.25
75.25
75.25
75.25
75.26
75.27
75.27
75.28
75.29
75.30
75.31
75.31
75.30
75.31
75.31
75.31
75.30
75.30
75.31
75.31
75.31
75.29
75.27
75.28
75.28
75.28
75.28
75.28
75.27
75.27
75.27
75.25
75.26
75.25
75.24
75.25
75.25
75.24
75.23
75.24
75.25
75.26
75.25
75.26
75.26
75.26
75.26
75.26
75.26
75.26
75.26
75.27
75.27
75.26
75.26
75.27
75.28
75.28
75.29
75.29
75.29
75.29
75.30
75.30
75.31
75.31
75.32
75.32
75.33
75.34
75.33
75.34
75.34
75.34
75.34
75.33
75.32
75.33
75.33
75.34
75.32
75.32
75.31
75.32
75.31
75.31
75.32
75.31
75.31
75.33
75.33
75.33
75.33
75.33
75.33
75.34
75.33
75.32
75.32
75.32
75.32
75.32
75.32
75.33
75.32
75.31
75.33
75.33
75.33
75.33
75.33
75.34
75.33
75.33
75.34
75.33
75.34
75.34
75.35
75.35
75.35
75.35
75.35
75.36
75.36
75.36
75.36
75.36
75.36
75.35
75.34
75.35
75.34
75.34
75.34
75.34
75.33
75.34
75.34
75.33
75.34
75.35
75.36
75.37
75.36
75.38
75.39
75.38
75.38
75.37
75.35
75.36
75.36
75.36
75.37
75.37
75.36
75.36
75.36
75.37
75.36
75.35
75.36
75.36
75.34
75.35
75.36
75.36
75.35
75.35
75.36
75.37
75.38
75.37
75.39
75.39
75.39
75.38
75.38
75.39
75.40
75.40
75.39
75.37
75.38
75.38
75.39
75.39
75.40
75.34
