60.94
64.06
60.94
58.20
60.62
59.64
60.27
59.96
59.20
58.75
59.23
58.98
58.65
58.93
58.23
57.71
57.35
57.47
56.66
56.33
55.88
55.89
56.18
56.45
56.19
56.43
56.66
56.64
56.36
55.99
55.75
56.01
55.97
56.02
56.16
55.64
55.74
55.59
55.41
55.31
55.22
55.25
55.16
55.01
55.17
55.30
55.19
55.44
55.58
55.62
55.70
55.59
55.57
55.58
55.45
55.36
55.32
55.44
55.56
55.68
55.61
55.49
55.46
55.44
55.36
55.23
55.22
55.17
55.28
55.22
55.33
55.12
55.16
55.15
55.25
55.28
55.38
55.29
55.38
55.39
55.38
55.34
55.37
55.36
55.22
55.23
55.28
55.33
55.37
55.26
55.32
55.32
55.34
55.29
55.33
55.27
55.20
55.10
55.02
54.98
54.95
54.89
54.99
55.09
55.27
55.20
55.10
55.12
55.12
55.21
55.14
55.16
55.21
55.17
55.18
55.20
55.19
55.24
55.25
55.29
55.36
55.34
55.31
55.28
55.40
55.42
55.35
55.31
55.33
55.35
55.30
55.17
55.09
54.97
54.88
54.85
54.88
54.82
54.83
54.88
54.89
54.89
54.91
54.92
55.01
55.05
55.07
55.05
55.09
55.14
55.17
55.17
55.13
55.13
55.18
55.19
55.11
55.08
55.12
55.07
55.06
55.03
55.08
55.05
55.14
55.17
55.17
55.21
55.22
55.22
55.22
55.17
55.18
55.22
55.24
55.21
55.25
55.26
55.24
55.23
55.27
55.22
55.21
55.21
55.19
55.14
55.14
55.17
55.13
55.11
55.03
55.03
55.02
55.02
55.01
55.01
54.98
55.03
55.06
55.05
55.05
55.07
55.00
55.02
54.99
54.98
54.95
54.96
54.93
54.95
54.90
54.92
54.94
54.96
54.99
54.99
54.93
54.93
54.93
54.89
54.90
54.91
54.88
54.85
54.83
54.89
54.87
54.87
54.84
54.78
54.80
54.80
54.74
54.71
54.65
54.62
54.63
54.62
54.60
54.59
54.58
54.59
54.57
54.60
54.62
54.64
54.65
54.70
54.72
54.71
54.74
54.79
54.79
54.78
54.77
54.80
54.83
54.86
54.90
54.87
54.85
54.85
54.85
54.89
54.86
54.86
54.80
54.81
54.82
54.80
54.82
54.77
54.82
54.86
54.84
54.87
54.85
54.86
54.85
54.88
54.91
54.93
54.90
54.90
54.93
54.96
54.99
54.94
54.96
55.02
55.00
54.99
55.00
55.02
55.03
55.03
55.05
55.05
55.04
55.08
55.08
55.08
55.09
55.10
55.14
55.16
55.12
55.15
55.11
55.10
55.10
55.08
55.09
55.10
55.09
55.13
55.17
55.17
55.15
55.15
55.11
55.10
55.12
55.12
55.12
55.12
55.12
55.16
55.16
55.19
55.18
55.19
55.19
55.21
55.21
55.20
55.20
55.22
55.18
55.17
55.18
55.22
55.21
55.20
55.21
55.21
55.21
55.20
55.20
55.18
55.20
55.18
55.18
55.18
55.19
55.17
55.20
55.20
55.22
55.23
55.23
55.21
55.21
55.22
55.20
55.19
55.18
55.20
55.20
55.21
55.19
55.18
55.19
55.15
55.17
55.18
55.19
55.18
55.16
55.17
55.15
55.15
55.18
55.19
55.20
55.21
55.23
55.23
55.21
55.21
55.20
55.21
55.20
55.19
55.17
55.19
55.20
55.17
55.18
55.18
55.18
55.18
55.18
55.18
55.18
55.17
55.18
55.17
55.18
55.19
55.20
55.19
55.20
55.18
55.17
55.16
55.16
55.16
55.15
55.14
55.12
55.12
55.12
55.10
55.11
55.09
55.10
55.11
55.11
55.12
55.11
55.10
55.11
55.08
55.07
55.07
55.10
55.09
55.12
55.11
55.11
55.12
55.12
55.13
55.12
55.10
55.11
55.11
55.12
55.13
55.11
55.10
55.08
55.10
55.11
55.13
55.11
55.14
55.14
55.15
55.15
55.18
55.18
55.18
55.16
55.14
55.13
55.16
55.17
55.15
55.14
55.14
55.14
55.15
55.14
55.12
55.12
55.12
55.11
55.12
55.14
55.12
55.14
55.15
55.15
55.15
55.14
55.13
55.13
55.14
55.15
55.16
55.16
55.17
55.17
55.19
55.17
55.16
55.17
55.15
55.17
55.15
55.15
55.15
55.15
55.16
55.18
55.19
55.20
55.20
55.21
55.21
55.21
55.21
55.19
55.18
55.17
55.15
55.15
55.14
55.14
55.15
55.14
55.14
55.16
55.17
55.16
55.16
55.16
55.16
55.17
55.15
55.15
55.15
55.16
55.15
55.15
55.15
55.13
55.14
55.14
55.15
55.16
55.15
55.13
55.12
55.12
55.12
55.12
55.12
55.13
55.12
55.11
55.12
55.12
55.12
55.12
55.11
55.11
55.12
55.10
55.11
55.11
55.09
55.08
55.06
55.06
55.08
55.09
55.09
55.10
55.09
55.10
55.10
55.11
55.10
55.09
55.09
55.08
55.07
55.09
55.10
55.10
55.09
55.09
55.10
55.08
55.09
55.09
55.09
55.09
55.07
55.07
55.07
55.08
55.07
55.05
55.05
55.06
55.04
55.06
55.07
55.08
55.09
55.10
55.10
55.10
55.10
55.11
55.10
55.09
55.09
55.10
55.11
55.11
55.11
55.09
55.09
55.11
55.10
55.10
55.11
55.11
55.09
55.08
55.09
55.09
55.10
55.10
55.11
55.12
55.13
55.14
55.14
55.15
55.15
55.15
55.15
55.15
55.16
55.16
55.16
55.16
55.16
55.16
55.17
55.16
55.15
55.15
55.15
55.16
55.15
55.15
55.13
55.13
55.12
55.12
55.12
55.10
55.11
55.11
55.10
55.10
55.09
55.07
55.08
55.08
55.07
55.07
55.05
55.03
55.03
55.03
55.03
55.04
55.04
55.04
55.04
55.01
55.02
55.01
55.02
55.03
55.02
55.03
55.04
55.04
55.03
55.04
55.05
55.07
55.09
55.09
55.10
55.11
55.10
55.10
55.09
55.10
55.09
55.11
55.11
55.11
55.12
55.12
55.13
55.13
55.13
55.13
55.13
55.15
55.14
55.13
55.13
55.12
55.11
55.12
55.13
55.13
55.12
55.12
55.14
55.15
55.16
55.17
55.18
55.19
55.20
55.21
55.21
55.19
55.18
55.19
55.19
55.17
55.18
55.18
55.17
55.18
55.20
55.20
55.20
55.21
55.22
55.23
55.24
55.24
55.23
55.23
55.22
55.22
55.22
55.23
55.23
55.22
55.22
55.21
55.21
55.21
55.22
55.22
55.21
55.21
55.21
55.21
55.22
55.23
55.25
55.24
55.23
55.23
55.24
55.23
55.24
55.22
55.21
55.21
55.21
55.19
55.19
55.18
55.13
