62.50
66.41
65.62
67.19
68.12
68.49
67.19
66.41
67.01
66.88
66.48
67.19
67.43
67.86
68.12
68.46
68.38
67.88
67.85
67.66
67.93
68.11
68.41
68.29
68.00
68.21
68.34
68.42
68.16
68.44
68.65
68.55
68.28
68.29
68.39
68.58
68.54
68.38
68.39
68.48
68.37
68.23
68.10
68.29
68.47
68.44
68.48
68.65
68.62
68.72
68.90
69.08
69.07
69.04
69.09
69.00
69.00
68.91
68.94
68.91
68.98
68.90
69.00
68.75
68.89
68.84
68.89
68.91
68.95
68.86
68.73
68.79
68.84
68.88
68.69
68.67
68.73
68.65
68.55
68.55
68.34
68.24
68.13
68.08
68.11
68.10
68.19
68.16
68.22
68.26
68.27
68.29
68.28
68.18
68.26
68.23
68.23
68.13
67.99
67.97
68.12
68.26
68.16
68.25
68.26
68.18
68.30
68.33
68.41
68.42
68.43
68.44
68.39
68.37
68.32
68.29
68.30
68.27
68.09
68.06
68.00
67.98
67.99
68.07
68.06
68.08
68.04
68.05
68.12
68.17
68.26
68.13
68.15
68.14
68.16
68.14
68.10
68.16
68.18
68.12
68.13
68.08
68.08
68.04
68.00
67.95
67.91
67.94
67.81
67.80
67.80
67.80
67.80
67.76
67.81
67.84
67.85
67.84
67.80
67.76
67.82
67.79
67.73
67.77
67.79
67.85
67.83
67.82
67.82
67.83
67.77
67.75
67.71
67.69
67.71
67.73
67.77
67.84
67.78
67.73
67.77
67.76
67.80
67.83
67.90
67.92
67.87
67.79
67.79
67.78
67.80
67.76
67.79
67.78
67.80
67.75
67.72
67.72
67.69
67.65
67.65
67.66
67.69
67.72
67.79
67.81
67.75
67.72
67.71
67.72
67.68
67.63
67.61
67.60
67.59
67.56
67.58
67.58
67.57
67.59
67.61
67.66
67.68
67.70
67.74
67.75
67.72
67.70
67.69
67.72
67.65
67.60
67.60
67.61
67.60
67.62
67.62
67.66
67.66
67.65
67.61
67.63
67.64
67.61
67.63
67.65
67.67
67.66
67.68
67.73
67.68
67.68
67.66
67.66
67.62
67.62
67.61
67.59
67.56
67.58
67.59
67.60
67.59
67.63
67.64
67.65
67.69
67.68
67.69
67.71
67.69
67.68
67.67
67.67
67.66
67.65
67.65
67.64
67.65
67.65
67.63
67.65
67.63
67.66
67.68
67.68
67.65
67.68
67.67
67.61
67.60
67.62
67.64
67.62
67.62
67.62
67.64
67.64
67.63
67.66
67.67
67.67
67.69
67.71
67.68
67.68
67.69
67.69
67.69
67.72
67.75
67.74
67.73
67.74
67.76
67.77
67.78
67.77
67.77
67.75
67.75
67.78
67.81
67.82
67.81
67.80
67.79
67.80
67.81
67.83
67.83
67.82
67.82
67.82
67.81
67.80
67.79
67.79
67.78
67.78
67.77
67.76
67.78
67.76
67.74
67.72
67.73
67.72
67.74
67.75
67.75
67.75
67.76
67.78
67.79
67.78
67.77
67.76
67.72
67.69
67.68
67.68
67.67
67.68
67.70
67.70
67.69
67.68
67.67
67.68
67.68
67.68
67.63
67.61
67.60
67.59
67.59
67.60
67.60
67.62
67.63
67.63
67.62
67.62
67.62
67.61
67.60
67.60
67.59
67.59
67.61
67.59
67.58
67.58
67.60
67.61
67.60
67.60
67.60
67.62
67.63
67.62
67.63
67.62
67.61
67.60
67.59
67.58
67.57
67.56
67.54
67.53
67.51
67.50
67.52
67.50
67.50
67.51
67.50
67.51
67.49
67.50
67.52
67.53
67.54
67.54
67.53
67.52
67.52
67.52
67.52
67.51
67.49
67.51
67.52
67.52
67.52
67.52
67.51
67.50
67.50
67.50
67.49
67.50
67.50
67.49
67.49
67.49
67.48
67.49
67.47
67.45
67.46
67.45
67.47
67.48
67.47
67.47
67.48
67.50
67.50
67.52
67.51
67.50
67.50
67.49
67.50
67.50
67.53
67.53
67.54
67.55
67.54
67.54
67.52
67.53
67.53
67.52
67.51
67.52
67.52
67.53
67.54
67.55
67.59
67.59
67.59
67.60
67.60
67.61
67.60
67.61
67.58
67.58
67.59
67.62
67.61
67.60
67.62
67.62
67.62
67.61
67.60
67.61
67.63
67.63
67.63
67.61
67.60
67.59
67.61
67.62
67.62
67.62
67.61
67.62
67.63
67.63
67.63
67.63
67.64
67.64
67.63
67.62
67.64
67.62
67.62
67.63
67.63
67.62
67.63
67.63
67.62
67.64
67.63
67.63
67.63
67.60
67.61
67.60
67.59
67.58
67.59
67.59
67.60
67.61
67.63
67.64
67.62
67.62
67.63
67.63
67.63
67.64
67.62
67.62
67.62
67.61
67.63
67.62
67.64
67.62
67.62
67.63
67.62
67.62
67.63
67.65
67.63
67.64
67.65
67.64
67.63
67.63
67.63
67.65
67.63
67.62
67.61
67.63
67.64
67.63
67.61
67.61
67.60
67.62
67.59
67.59
67.59
67.58
67.57
67.56
67.56
67.57
67.58
67.57
67.56
67.56
67.55
67.55
67.54
67.54
67.53
67.54
67.55
67.57
67.58
67.58
67.58
67.58
67.59
67.59
67.60
67.61
67.59
67.59
67.59
67.57
67.57
67.57
67.56
67.57
67.56
67.56
67.57
67.57
67.56
67.55
67.57
67.56
67.58
67.60
67.58
67.60
67.59
67.58
67.58
67.59
67.59
67.60
67.60
67.60
67.59
67.60
67.59
67.59
67.60
67.61
67.63
67.64
67.64
67.64
67.64
67.65
67.64
67.63
67.62
67.61
67.61
67.61
67.62
67.61
67.61
67.60
67.59
67.59
67.56
67.55
67.55
67.54
67.54
67.55
67.56
67.57
67.58
67.58
67.57
67.55
67.54
67.52
67.52
67.52
67.51
67.51
67.51
67.52
67.52
67.52
67.53
67.53
67.52
67.51
67.51
67.50
67.50
67.49
67.48
67.48
67.48
67.48
67.48
67.48
67.48
67.48
67.48
67.48
67.47
67.48
67.48
67.48
67.47
67.47
67.48
67.47
67.46
67.45
67.46
67.46
67.46
67.45
67.45
67.46
67.47
67.46
67.45
67.44
67.45
67.46
67.44
67.44
67.43
67.43
67.42
67.41
67.41
67.42
67.42
67.42
67.42
67.42
67.42
67.43
67.43
67.43
67.42
67.43
67.43
67.43
67.43
67.43
67.42
67.42
67.41
67.41
67.41
67.40
67.42
67.41
67.41
67.41
67.41
67.40
67.41
67.42
67.42
67.41
67.41
67.40
67.39
67.39
67.40
67.40
67.40
67.40
67.41
67.41
67.41
67.42
67.43
67.43
67.42
67.36
