75.00
71.88
72.92
72.27
74.38
75.00
74.55
74.61
73.78
73.75
73.72
73.44
74.40
74.44
74.69
74.51
74.45
74.31
74.34
74.06
74.03
74.08
73.98
73.89
73.81
73.32
73.50
73.77
73.76
73.59
73.59
73.54
73.77
73.94
73.97
74.13
74.20
74.42
74.28
74.26
74.16
74.26
74.56
74.68
74.72
74.73
74.60
74.48
74.46
74.44
74.51
74.43
74.44
74.45
74.32
74.36
74.42
74.57
74.50
74.69
74.69
74.72
74.73
74.73
74.78
74.74
74.81
74.91
74.75
74.84
74.78
74.83
74.79
74.66
74.67
74.67
74.70
74.62
74.68
74.57
74.61
74.66
74.62
74.74
74.78
74.73
74.80
74.73
74.74
74.76
74.78
74.81
74.90
74.85
74.87
74.92
74.84
74.84
74.79
74.81
74.88
74.79
74.80
74.70
74.70
74.68
74.65
74.62
74.57
74.62
74.63
74.65
74.53
74.42
74.35
74.41
74.45
74.51
74.59
74.64
74.70
74.72
74.71
74.76
74.71
74.69
74.72
74.72
74.78
74.76
74.73
74.69
74.67
74.69
74.63
74.64
74.58
74.58
74.60
74.55
74.55
74.56
74.53
74.58
74.56
74.56
74.52
74.56
74.55
74.54
74.57
74.57
74.59
74.62
74.64
74.66
74.68
74.73
74.74
74.78
74.81
74.79
74.73
74.68
74.66
74.68
74.71
74.70
74.66
74.68
74.74
74.77
74.75
74.78
74.79
74.83
74.84
74.83
74.88
74.93
74.96
74.97
74.94
74.97
75.01
75.03
75.02
74.98
74.97
74.98
74.93
74.93
74.91
74.92
74.92
74.90
74.87
74.84
74.83
74.88
74.84
74.88
74.90
74.88
74.82
74.80
74.82
74.86
74.84
74.83
74.82
74.85
74.85
74.82
74.82
74.83
74.83
74.78
74.78
74.79
74.77
74.75
74.73
74.74
74.74
74.72
74.72
74.71
74.66
74.66
74.68
74.66
74.68
74.65
74.67
74.68
74.68
74.68
74.71
74.71
74.70
74.65
74.65
74.67
74.66
74.59
74.60
74.61
74.62
74.62
74.63
74.58
74.57
74.56
74.60
74.60
74.59
74.57
74.55
74.57
74.56
74.55
74.55
74.55
74.54
74.57
74.56
74.55
74.52
74.52
74.52
74.53
74.56
74.58
74.60
74.55
74.53
74.52
74.53
74.56
74.58
74.55
74.54
74.58
74.56
74.57
74.58
74.61
74.59
74.59
74.57
74.56
74.58
74.55
74.56
74.55
74.55
74.54
74.56
74.55
74.55
74.56
74.57
74.58
74.58
74.58
74.55
74.56
74.54
74.53
74.53
74.54
74.56
74.56
74.53
74.53
74.54
74.52
74.50
74.52
74.52
74.52
74.55
74.58
74.59
74.56
74.55
74.52
74.54
74.57
74.58
74.58
74.54
74.53
74.50
74.53
74.52
74.53
74.53
74.55
74.54
74.54
74.54
74.52
74.52
74.50
74.51
74.52
74.52
74.52
74.54
74.56
74.52
74.53
74.51
74.50
74.49
74.48
74.50
74.48
74.49
74.46
74.43
74.43
74.46
74.46
74.45
74.43
74.44
74.44
74.41
74.39
74.41
74.41
74.45
74.45
74.45
74.44
74.45
74.45
74.46
74.47
74.46
74.45
74.44
74.43
74.40
74.42
74.43
74.46
74.47
74.47
74.45
74.43
74.45
74.44
74.43
74.43
74.42
74.41
74.40
74.40
74.40
74.40
74.41
74.40
74.42
74.41
74.42
74.41
74.41
74.41
74.40
74.43
74.43
74.42
74.42
74.44
74.46
74.50
74.52
74.52
74.51
74.51
74.49
74.50
74.51
74.50
74.53
74.51
74.51
74.52
74.51
74.50
74.49
74.49
74.50
74.50
74.50
74.49
74.49
74.46
74.46
74.46
74.45
74.47
74.48
74.48
74.49
74.49
74.47
74.46
74.46
74.46
74.45
74.46
74.43
74.44
74.45
74.45
74.43
74.42
74.43
74.43
74.46
74.46
74.44
74.44
74.45
74.41
74.41
74.43
74.44
74.46
74.44
74.43
74.42
74.41
74.41
74.42
74.42
74.42
74.42
74.40
74.38
74.38
74.38
74.37
74.37
74.39
74.40
74.40
74.41
74.38
74.38
74.39
74.40
74.43
74.44
74.44
74.45
74.46
74.46
74.45
74.46
74.47
74.48
74.49
74.48
74.48
74.47
74.47
74.47
74.46
74.45
74.45
74.45
74.47
74.48
74.50
74.48
74.49
74.50
74.51
74.50
74.47
74.48
74.49
74.51
74.51
74.50
74.49
74.50
74.52
74.54
74.55
74.53
74.54
74.54
74.54
74.56
74.58
74.59
74.60
74.61
74.60
74.61
74.61
74.60
74.61
74.60
74.59
74.58
74.60
74.59
74.57
74.57
74.57
74.57
74.57
74.57
74.57
74.57
74.55
74.55
74.54
74.55
74.54
74.54
74.54
74.53
74.54
74.55
74.55
74.57
74.56
74.55
74.53
74.51
74.50
74.52
74.52
74.53
74.52
74.51
74.50
74.52
74.50
74.50
74.50
74.52
74.51
74.52
74.52
74.52
74.51
74.53
74.53
74.52
74.52
74.50
74.49
74.49
74.48
74.47
74.48
74.46
74.46
74.45
74.43
74.43
74.41
74.42
74.43
74.43
74.44
74.45
74.45
74.44
74.45
74.46
74.47
74.47
74.46
74.48
74.48
74.48
74.48
74.46
74.44
74.44
74.44
74.43
74.42
74.41
74.41
74.40
74.41
74.41
74.41
74.41
74.40
74.40
74.41
74.40
74.41
74.41
74.40
74.41
74.41
74.41
74.42
74.40
74.40
74.40
74.40
74.39
74.39
74.39
74.39
74.38
74.39
74.40
74.39
74.40
74.40
74.40
74.40
74.40
74.39
74.38
74.37
74.39
74.39
74.39
74.40
74.41
74.41
74.42
74.42
74.41
74.41
74.43
74.42
74.43
74.42
74.43
74.44
74.44
74.44
74.43
74.42
74.42
74.43
74.42
74.42
74.42
74.42
74.42
74.42
74.43
74.42
74.41
74.40
74.40
74.40
74.41
74.41
74.41
74.40
74.40
74.40
74.40
74.41
74.41
74.40
74.40
74.38
74.39
74.39
74.39
74.38
74.38
74.39
74.39
74.38
74.39
74.38
74.38
74.38
74.39
74.39
74.39
74.39
74.39
74.39
74.39
74.39
74.38
74.38
74.37
74.38
74.39
74.39
74.39
74.38
74.38
74.39
74.39
74.39
74.38
74.38
74.40
74.39
74.37
74.36
74.37
74.36
74.36
74.36
74.36
74.37
74.38
74.40
74.41
74.41
74.40
74.40
74.40
74.40
74.39
74.39
74.40
74.40
74.40
74.39
74.38
74.38
74.38
74.38
74.36
74.28
