76.56
77.34
77.60
75.78
75.62
76.04
75.89
75.39
75.52
76.25
76.70
76.30
76.56
76.90
76.56
76.46
75.64
75.69
75.41
74.84
75.07
74.93
74.80
74.80
74.94
75.12
75.29
75.28
75.43
75.68
75.76
75.49
75.43
75.41
75.45
75.39
75.59
75.70
75.72
75.70
75.42
75.22
75.00
74.93
75.03
74.93
74.87
75.03
75.13
75.16
75.06
75.03
75.09
75.00
75.00
75.06
75.00
74.97
74.89
74.97
75.05
75.05
75.12
75.17
75.00
75.14
75.12
75.07
75.09
75.11
75.20
75.15
75.19
75.13
75.19
75.39
75.49
75.58
75.57
75.64
75.62
75.63
75.75
75.74
75.74
75.76
75.77
75.85
75.90
75.97
75.88
75.99
75.96
75.95
75.89
75.78
75.82
75.89
75.90
75.94
75.88
75.89
75.88
75.78
75.77
75.75
75.74
75.81
75.77
75.80
75.76
75.74
75.72
75.75
75.71
75.74
75.80
75.86
75.89
75.96
76.07
76.06
76.07
76.05
76.07
75.99
75.97
76.01
76.05
76.06
76.07
76.01
76.03
76.00
75.98
75.97
75.95
75.91
75.94
75.97
76.03
76.08
76.09
76.03
76.09
76.09
76.05
76.01
76.05
76.01
75.98
76.01
76.04
76.00
76.02
76.06
76.04
76.00
75.98
76.04
76.06
76.05
76.03
76.05
76.07
76.10
76.07
76.05
76.04
76.05
76.02
76.08
76.08
76.09
76.06
76.03
76.04
76.00
75.96
75.95
75.96
75.97
75.95
75.88
75.93
75.90
75.90
75.89
75.87
75.81
75.82
75.80
75.80
75.80
75.83
75.83
75.87
75.87
75.87
75.90
75.94
75.94
75.96
75.96
75.95
75.98
75.95
75.93
75.96
75.94
75.90
75.89
75.90
75.87
75.88
75.88
75.87
75.85
75.86
75.86
75.89
75.92
75.93
75.90
75.89
75.88
75.94
75.94
75.88
75.91
75.92
75.93
75.94
75.95
75.94
75.94
75.94
75.91
75.91
75.90
75.90
75.87
75.88
75.85
75.87
75.86
75.86
75.85
75.83
75.85
75.87
75.91
75.91
75.88
75.86
75.85
75.86
75.82
75.81
75.81
75.82
75.83
75.80
75.84
75.83
75.86
75.84
75.79
75.83
75.83
75.82
75.84
75.86
75.90
75.95
75.93
75.95
75.92
75.91
75.92
75.92
75.94
75.95
75.95
75.98
75.98
75.96
75.94
75.92
75.90
75.90
75.87
75.88
75.87
75.87
75.85
75.84
75.86
75.87
75.84
75.81
75.80
75.81
75.83
75.85
75.82
75.82
75.81
75.82
75.81
75.82
75.86
75.88
75.89
75.88
75.87
75.88
75.88
75.88
75.87
75.91
75.90
75.89
75.88
75.87
75.86
75.86
75.86
75.88
75.88
75.88
75.86
75.84
75.83
75.83
75.79
75.78
75.76
75.77
75.75
75.75
75.71
75.72
75.70
75.70
75.71
75.69
75.70
75.72
75.71
75.73
75.70
75.68
75.68
75.67
75.68
75.67
75.67
75.67
75.68
75.68
75.70
75.71
75.72
75.71
75.73
75.71
75.70
75.72
75.71
75.69
75.68
75.69
75.69
75.69
75.70
75.71
75.73
75.75
75.76
75.79
75.81
75.79
75.80
75.80
75.79
75.82
75.81
75.78
75.77
75.77
75.78
75.79
75.79
75.78
75.75
75.74
75.73
75.72
75.70
75.71
75.71
75.72
75.72
75.71
75.69
75.70
75.69
75.70
75.70
75.71
75.69
75.69
75.69
75.68
75.67
75.67
75.66
75.66
75.67
75.67
75.67
75.66
75.64
75.63
75.61
75.61
75.63
75.64
75.62
75.61
75.59
75.58
75.60
75.61
75.59
75.61
75.60
75.58
75.59
75.58
75.60
75.58
75.59
75.57
75.57
75.57
75.56
75.56
75.55
75.55
75.56
75.56
75.57
75.57
75.57
75.57
75.57
75.57
75.57
75.56
75.56
75.56
75.54
75.53
75.53
75.53
75.52
75.52
75.51
75.49
75.48
75.48
75.47
75.48
75.47
75.49
75.50
75.50
75.49
75.50
75.49
75.50
75.47
75.47
75.48
75.50
75.48
75.48
75.49
75.47
75.48
75.48
75.46
75.44
75.43
75.44
75.43
75.41
75.42
75.41
75.41
75.42
75.40
75.40
75.40
75.39
75.38
75.39
75.39
75.39
75.38
75.38
75.37
75.37
75.37
75.37
75.36
75.37
75.36
75.37
75.36
75.34
75.33
75.35
75.35
75.36
75.36
75.37
75.37
75.38
75.39
75.40
75.41
75.42
75.43
75.43
75.44
75.43
75.42
75.40
75.39
75.40
75.39
75.40
75.40
75.40
75.41
75.42
75.43
75.44
75.43
75.44
75.45
75.46
75.46
75.46
75.45
75.45
75.45
75.45
75.45
75.45
75.43
75.42
75.43
75.42
75.43
75.42
75.42
75.43
75.45
75.46
75.45
75.45
75.44
75.45
75.45
75.45
75.46
75.46
75.47
75.46
75.47
75.47
75.47
75.47
75.48
75.49
75.50
75.50
75.51
75.50
75.49
75.49
75.51
75.51
75.51
75.50
75.48
75.49
75.49
75.48
75.48
75.50
75.51
75.52
75.52
75.52
75.54
75.54
75.55
75.53
75.53
75.54
75.54
75.54
75.53
75.54
75.53
75.54
75.55
75.55
75.56
75.56
75.56
75.55
75.55
75.56
75.55
75.55
75.54
75.55
75.55
75.56
75.55
75.55
75.58
75.58
75.59
75.59
75.59
75.59
75.60
75.58
75.59
75.59
75.59
75.61
75.61
75.60
75.60
75.59
75.60
75.59
75.59
75.58
75.59
75.59
75.59
75.58
75.58
75.58
75.59
75.58
75.58
75.58
75.59
75.58
75.57
75.57
75.56
75.58
75.58
75.58
75.57
75.58
75.57
75.57
75.58
75.58
75.58
75.57
75.58
75.58
75.59
75.60
75.60
75.60
75.60
75.59
75.61
75.61
75.61
75.62
75.61
75.61
75.61
75.61
75.62
75.61
75.61
75.60
75.62
75.60
75.60
75.59
75.58
75.59
75.59
75.59
75.58
75.59
75.58
75.58
75.57
75.58
75.58
75.57
75.57
75.58
75.58
75.58
75.59
75.59
75.59
75.58
75.59
75.59
75.59
75.59
75.60
75.61
75.61
75.61
75.60
75.61
75.61
75.61
75.61
75.61
75.63
75.62
75.63
75.62
75.63
75.63
75.61
75.62
75.61
75.61
75.61
75.60
75.59
75.60
75.59
75.59
75.59
75.59
75.59
75.59
75.59
75.59
75.60
75.60
75.59
75.59
75.59
75.60
75.58
75.57
75.57
75.57
75.59
75.59
75.60
75.60
75.59
75.60
75.60
75.60
75.52
