73.44
78.12
77.60
76.95
77.19
77.86
76.56
77.73
78.30
77.81
78.84
78.39
78.00
77.12
77.50
78.22
78.12
77.52
77.47
77.03
77.16
77.34
77.79
77.60
77.62
77.52
77.31
77.57
77.48
77.81
77.47
77.59
77.70
77.48
77.59
77.39
77.24
77.30
77.00
76.87
76.87
76.86
76.93
76.99
76.94
76.77
76.80
76.95
77.04
76.97
76.75
76.71
76.53
76.53
76.65
76.51
76.56
76.59
76.67
76.69
76.66
76.54
76.59
76.56
76.59
76.66
76.47
76.29
76.31
76.27
76.36
76.37
76.26
76.25
76.12
76.19
76.12
76.08
76.19
76.21
76.10
75.97
76.00
76.02
76.05
76.00
76.02
76.08
76.00
76.04
76.08
76.02
76.01
75.96
75.81
75.80
75.89
75.86
75.76
75.73
75.77
75.77
75.85
75.84
75.82
75.81
75.76
75.77
75.76
75.78
75.80
75.78
75.84
75.79
75.82
75.74
75.80
75.82
75.88
75.89
75.90
75.83
75.76
75.78
75.81
75.84
75.78
75.76
75.79
75.84
75.82
75.86
75.83
75.86
75.86
75.90
75.97
75.94
75.99
76.09
76.13
76.14
76.13
76.14
76.15
76.13
76.19
76.24
76.23
76.18
76.24
76.16
76.22
76.22
76.19
76.15
76.19
76.21
76.19
76.21
76.20
76.26
76.27
76.29
76.31
76.34
76.38
76.33
76.31
76.33
76.30
76.33
76.28
76.25
76.24
76.19
76.14
76.14
76.12
76.15
76.14
76.16
76.18
76.15
76.16
76.18
76.15
76.16
76.20
76.23
76.23
76.20
76.15
76.13
76.17
76.15
76.08
76.08
76.07
76.05
76.07
76.11
76.09
76.13
76.12
76.15
76.17
76.16
76.17
76.15
76.16
76.17
76.15
76.17
76.20
76.23
76.20
76.20
76.21
76.22
76.22
76.20
76.23
76.26
76.27
76.31
76.31
76.33
76.30
76.30
76.32
76.33
76.35
76.38
76.37
76.36
76.37
76.37
76.36
76.32
76.33
76.31
76.31
76.32
76.35
76.36
76.34
76.35
76.32
76.31
76.30
76.31
76.34
76.33
76.31
76.28
76.28
76.26
76.27
76.25
76.24
76.26
76.30
76.33
76.33
76.33
76.32
76.32
76.30
76.27
76.24
76.23
76.19
76.19
76.18
76.17
76.18
76.17
76.17
76.14
76.13
76.17
76.21
76.23
76.24
76.26
76.23
76.25
76.27
76.31
76.32
76.33
76.35
76.34
76.35
76.35
76.34
76.36
76.34
76.32
76.33
76.37
76.37
76.36
76.36
76.33
76.35
76.33
76.33
76.35
76.34
76.33
76.32
76.32
76.31
76.31
76.32
76.34
76.34
76.30
76.29
76.28
76.29
76.29
76.28
76.30
76.30
76.30
76.29
76.30
76.31
76.33
76.33
76.32
76.30
76.28
76.29
76.28
76.27
76.25
76.23
76.23
76.25
76.28
76.28
76.30
76.32
76.29
76.28
76.28
76.26
76.25
76.27
76.30
76.31
76.31
76.30
76.30
76.29
76.31
76.31
76.32
76.32
76.32
76.31
76.32
76.33
76.30
76.32
76.34
76.34
76.34
76.33
76.33
76.35
76.35
76.34
76.35
76.36
76.39
76.38
76.39
76.39
76.39
76.39
76.41
76.41
76.41
76.40
76.36
76.37
76.35
76.36
76.34
76.34
76.33
76.37
76.37
76.36
76.35
76.35
76.36
76.36
76.37
76.37
76.38
76.38
76.38
76.38
76.40
76.36
76.35
76.35
76.35
76.35
76.34
76.32
76.32
76.35
76.35
76.34
76.33
76.31
76.29
76.28
76.27
76.26
76.23
76.26
76.29
76.29
76.28
76.29
76.27
76.28
76.27
76.29
76.31
76.30
76.29
76.30
76.30
76.33
76.31
76.31
76.31
76.32
76.31
76.30
76.30
76.31
76.31
76.30
76.28
76.27
76.27
76.28
76.28
76.29
76.32
76.31
76.30
76.28
76.29
76.27
76.27
76.29
76.29
76.30
76.30
76.30
76.31
76.31
76.33
76.34
76.33
76.33
76.32
76.33
76.34
76.33
76.33
76.33
76.33
76.33
76.32
76.33
76.32
76.31
76.31
76.32
76.31
76.29
76.27
76.26
76.26
76.26
76.26
76.27
76.26
76.26
76.25
76.24
76.24
76.25
76.25
76.25
76.25
76.25
76.25
76.25
76.26
76.25
76.23
76.23
76.24
76.25
76.25
76.23
76.24
76.25
76.25
76.25
76.28
76.27
76.27
76.26
76.27
76.28
76.29
76.30
76.29
76.28
76.27
76.28
76.27
76.27
76.28
76.29
76.29
76.30
76.30
76.28
76.30
76.29
76.27
76.26
76.25
76.26
76.25
76.26
76.26
76.25
76.24
76.22
76.22
76.21
76.22
76.22
76.21
76.20
76.20
76.20
76.21
76.20
76.20
76.18
76.18
76.15
76.12
76.14
76.13
76.13
76.14
76.14
76.13
76.13
76.12
76.11
76.11
76.12
76.12
76.13
76.13
76.15
76.13
76.13
76.13
76.11
76.11
76.10
76.11
76.11
76.10
76.09
76.10
76.10
76.11
76.12
76.14
76.14
76.13
76.12
76.14
76.13
76.13
76.12
76.11
76.12
76.12
76.11
76.11
76.12
76.11
76.12
76.12
76.13
76.11
76.11
76.11
76.12
76.13
76.13
76.12
76.13
76.13
76.13
76.12
76.12
76.12
76.13
76.13
76.12
76.13
76.12
76.12
76.13
76.13
76.13
76.11
76.11
76.09
76.08
76.08
76.08
76.08
76.07
76.07
76.06
76.07
76.07
76.06
76.06
76.06
76.07
76.07
76.07
76.08
76.07
76.07
76.07
76.08
76.08
76.08
76.08
76.08
76.08
76.08
76.09
76.08
76.08
76.09
76.10
76.11
76.12
76.11
76.11
76.11
76.10
76.11
76.11
76.10
76.09
76.09
76.09
76.07
76.07
76.07
76.06
76.06
76.06
76.05
76.04
76.06
76.05
76.06
76.06
76.06
76.07
76.06
76.05
76.05
76.05
76.06
76.05
76.06
76.07
76.06
76.05
76.06
76.06
76.06
76.05
76.06
76.06
76.05
76.05
76.05
76.06
76.06
76.06
76.07
76.05
76.05
76.04
76.04
76.03
76.03
76.03
76.04
76.04
76.04
76.04
76.05
76.04
76.04
76.05
76.05
76.06
76.06
76.05
76.05
76.05
76.04
76.04
76.04
76.05
76.05
76.06
76.05
76.05
76.05
76.05
76.06
76.06
76.06
76.08
76.07
76.06
76.07
76.07
76.07
76.09
76.08
76.07
76.08
76.08
76.08
76.08
76.09
76.08
76.09
76.09
76.09
76.09
76.10
76.10
76.10
76.09
76.09
76.08
76.01
