78.12
71.88
70.31
69.53
70.31
71.88
71.88
72.27
73.78
74.38
74.57
75.13
74.88
75.56
75.73
75.59
75.46
75.35
75.25
75.31
75.07
75.28
75.41
75.78
75.81
75.60
75.75
76.06
75.86
75.83
75.76
75.73
75.80
75.78
75.80
75.82
75.68
75.78
75.80
75.59
75.42
75.33
75.22
75.28
75.38
75.44
75.40
75.42
75.41
75.53
75.52
75.51
75.59
75.58
75.60
75.70
75.71
75.67
75.72
75.70
75.74
75.76
75.64
75.73
75.82
75.88
75.84
75.78
75.72
75.87
75.84
75.85
75.75
75.72
75.71
75.76
75.71
75.76
75.65
75.72
75.73
75.71
75.66
75.63
75.61
75.67
75.70
75.71
75.75
75.76
75.72
75.63
75.67
75.60
75.62
75.70
75.79
75.85
75.80
75.80
75.88
75.80
75.77
75.84
75.86
75.87
75.86
75.87
75.80
75.80
75.86
75.85
75.94
75.84
75.84
75.90
75.93
75.91
75.93
75.83
75.75
75.76
75.79
75.78
75.77
75.87
75.94
75.92
75.93
75.82
75.83
75.80
75.82
75.76
75.75
75.65
75.62
75.63
75.63
75.64
75.61
75.61
75.64
75.63
75.67
75.64
75.71
75.72
75.72
75.72
75.77
75.74
75.73
75.70
75.68
75.65
75.69
75.65
75.64
75.68
75.66
75.62
75.66
75.69
75.68
75.65
75.66
75.68
75.73
75.73
75.71
75.70
75.70
75.73
75.73
75.70
75.71
75.71
75.71
75.70
75.66
75.66
75.71
75.66
75.71
75.71
75.69
75.70
75.70
75.67
75.65
75.64
75.65
75.64
75.66
75.69
75.66
75.66
75.66
75.66
75.68
75.71
75.72
75.66
75.64
75.61
75.60
75.53
75.55
75.54
75.50
75.53
75.54
75.52
75.56
75.56
75.60
75.58
75.62
75.61
75.63
75.65
75.65
75.67
75.70
75.69
75.71
75.72
75.74
75.75
75.71
75.69
75.73
75.77
75.72
75.72
75.72
75.74
75.76
75.79
75.80
75.78
75.75
75.72
75.71
75.69
75.66
75.69
75.73
75.74
75.73
75.68
75.69
75.71
75.71
75.72
75.72
75.72
75.74
75.76
75.77
75.73
75.72
75.72
75.71
75.73
75.71
75.71
75.69
75.68
75.69
75.67
75.66
75.67
75.68
75.69
75.68
75.69
75.71
75.69
75.68
75.70
75.70
75.70
75.72
75.69
75.67
75.68
75.68
75.66
75.64
75.65
75.63
75.61
75.62
75.64
75.62
75.63
75.64
75.61
75.61
75.61
75.61
75.63
75.65
75.65
75.65
75.64
75.62
75.64
75.63
75.65
75.64
75.65
75.64
75.68
75.67
75.67
75.67
75.66
75.66
75.62
75.62
75.63
75.61
75.63
75.65
75.66
75.64
75.65
75.67
75.66
75.67
75.65
75.66
75.68
75.70
75.68
75.67
75.68
75.65
75.66
75.67
75.68
75.69
75.70
75.69
75.68
75.70
75.69
75.68
75.68
75.68
75.68
75.69
75.67
75.67
75.69
75.71
75.70
75.69
75.68
75.69
75.70
75.68
75.67
75.68
75.69
75.68
75.66
75.65
75.66
75.67
75.67
75.69
75.69
75.69
75.68
75.66
75.65
75.64
75.65
75.65
75.65
75.67
75.65
75.65
75.65
75.67
75.68
75.67
75.67
75.68
75.66
75.66
75.63
75.64
75.64
75.63
75.64
75.64
75.64
75.64
75.64
75.66
75.64
75.64
75.63
75.62
75.62
75.62
75.61
75.59
75.60
75.58
75.54
75.53
75.54
75.54
75.57
75.57
75.58
75.60
75.61
75.61
75.61
75.61
75.60
75.60
75.60
75.60
75.59
75.59
75.60
75.61
75.63
75.63
75.60
75.61
75.61
75.61
75.59
75.59
75.59
75.62
75.63
75.63
75.63
75.64
75.64
75.65
75.68
75.68
75.68
75.66
75.66
75.65
75.64
75.64
75.66
75.65
75.66
75.65
75.67
75.68
75.69
75.70
75.70
75.71
75.72
75.72
75.71
75.70
75.71
75.71
75.71
75.69
75.70
75.70
75.69
75.70
75.68
75.68
75.67
75.66
75.67
75.70
75.70
75.71
75.72
75.74
75.74
75.74
75.74
75.75
75.75
75.75
75.74
75.76
75.77
75.76
75.76
75.77
75.75
75.76
75.77
75.76
75.77
75.76
75.74
75.72
75.70
75.69
75.68
75.69
75.69
75.69
75.69
75.70
75.69
75.71
75.73
75.72
75.73
75.72
75.73
75.74
75.74
75.74
75.75
75.76
75.77
75.77
75.76
75.77
75.78
75.80
75.82
75.81
75.83
75.82
75.82
75.83
75.83
75.83
75.82
75.81
75.81
75.81
75.82
75.81
75.82
75.80
75.82
75.80
75.80
75.79
75.82
75.82
75.83
75.82
75.82
75.82
75.80
75.80
75.81
75.80
75.80
75.79
75.79
75.79
75.77
75.77
75.78
75.78
75.78
75.78
75.80
75.80
75.81
75.81
75.82
75.83
75.83
75.83
75.84
75.84
75.84
75.83
75.84
75.84
75.82
75.81
75.80
75.80
75.81
75.82
75.82
75.82
75.80
75.79
75.79
75.78
75.80
75.80
75.80
75.80
75.80
75.81
75.81
75.79
75.79
75.81
75.79
75.80
75.80
75.80
75.81
75.82
75.82
75.84
75.84
75.84
75.84
75.83
75.82
75.82
75.82
75.82
75.84
75.84
75.85
75.85
75.86
75.86
75.87
75.88
75.88
75.88
75.89
75.89
75.89
75.88
75.88
75.89
75.89
75.89
75.89
75.89
75.89
75.88
75.88
75.88
75.88
75.90
75.89
75.90
75.91
75.92
75.93
75.91
75.90
75.89
75.89
75.89
75.89
75.89
75.89
75.88
75.89
75.89
75.89
75.88
75.88
75.88
75.88
75.87
75.86
75.87
75.88
75.88
75.87
75.87
75.87
75.86
75.87
75.88
75.89
75.89
75.88
75.88
75.88
75.87
75.89
75.89
75.89
75.89
75.87
75.88
75.87
75.87
75.87
75.88
75.90
75.90
75.89
75.89
75.89
75.89
75.90
75.90
75.90
75.89
75.90
75.90
75.90
75.91
75.90
75.91
75.90
75.91
75.90
75.89
75.89
75.91
75.91
75.91
75.91
75.92
75.94
75.93
75.95
75.94
75.94
75.94
75.94
75.94
75.94
75.94
75.94
75.94
75.94
75.94
75.95
75.95
75.95
75.95
75.95
75.96
75.97
75.95
75.96
75.95
75.95
75.94
75.95
75.95
75.94
75.94
75.93
75.93
75.93
75.94
75.94
75.94
75.94
75.94
75.92
75.93
75.93
75.92
75.92
75.93
75.93
75.94
75.93
75.95
75.95
75.95
75.95
75.95
75.88
