71.88
73.44
75.00
76.17
75.00
73.44
74.55
75.20
74.65
75.94
75.85
76.04
76.20
76.34
76.15
76.07
75.74
75.78
75.25
75.23
75.67
75.78
76.02
75.85
75.88
75.66
75.52
75.28
75.22
75.47
75.35
75.39
75.24
75.28
75.31
75.52
75.25
75.25
75.28
75.08
74.92
74.93
74.89
74.93
74.90
74.86
75.07
74.93
75.06
75.22
75.09
75.21
75.21
75.06
74.91
74.80
74.73
74.76
74.76
74.77
74.85
74.82
74.90
74.95
75.00
74.98
74.95
74.98
75.05
75.04
75.02
75.11
75.15
75.30
75.29
75.29
75.32
75.38
75.34
75.35
75.29
75.34
75.34
75.28
75.18
75.13
75.13
75.11
75.07
75.12
75.14
75.19
75.18
75.25
75.30
75.26
75.26
75.13
75.08
75.22
75.23
75.21
75.21
75.21
75.22
75.21
75.19
75.13
75.16
75.18
75.30
75.27
75.25
75.25
75.26
75.34
75.36
75.32
75.28
75.26
75.21
75.17
75.17
75.11
75.06
75.01
75.01
74.96
74.98
74.98
74.99
75.02
75.04
75.03
75.08
75.06
75.02
75.05
75.03
75.06
75.10
75.08
75.08
75.04
75.09
75.15
75.13
75.15
75.14
75.06
75.03
75.06
75.00
75.01
75.03
75.00
75.03
75.00
74.97
74.97
75.00
75.04
75.08
75.09
75.06
75.06
75.07
75.06
75.06
75.05
75.02
75.02
75.02
75.02
75.03
75.04
75.06
75.08
75.04
75.10
75.11
75.12
75.09
75.14
75.13
75.13
75.16
75.15
75.13
75.08
75.04
75.08
75.05
75.04
75.02
74.99
75.02
75.04
75.02
74.98
74.98
74.94
74.94
74.92
74.93
74.93
74.98
75.00
75.00
75.01
75.02
74.98
74.97
74.98
74.98
74.97
74.94
75.00
75.01
75.01
75.02
74.99
75.00
74.95
74.99
75.03
75.00
75.01
74.99
74.99
74.97
74.94
74.93
74.95
74.97
74.95
75.01
75.04
75.00
74.99
75.00
74.99
75.00
74.99
74.99
74.99
74.97
74.97
74.98
74.99
75.01
75.02
75.00
75.01
75.01
74.98
74.96
74.98
74.99
74.99
74.99
75.00
75.01
74.99
75.02
75.00
75.02
74.97
75.01
74.99
74.98
75.00
75.01
75.02
75.02
75.03
75.02
75.02
75.02
74.99
75.00
75.00
75.01
74.99
74.98
74.96
74.97
74.97
74.97
74.98
75.02
75.02
74.99
75.00
74.99
74.98
75.00
74.99
75.00
75.02
75.03
75.02
75.03
75.02
75.04
75.06
75.05
75.05
75.06
75.08
75.10
75.10
75.12
75.12
75.11
75.11
75.14
75.14
75.16
75.14
75.15
75.15
75.16
75.14
75.12
75.14
75.14
75.14
75.13
75.11
75.09
75.10
75.08
75.06
75.06
75.10
75.13
75.14
75.15
75.17
75.18
75.19
75.19
75.20
75.22
75.23
75.24
75.24
75.23
75.24
75.25
75.25
75.24
75.23
75.26
75.25
75.25
75.24
75.23
75.25
75.26
75.24
75.25
75.26
75.26
75.28
75.29
75.31
75.31
75.33
75.35
75.35
75.36
75.34
75.35
75.35
75.34
75.31
75.31
75.32
75.30
75.29
75.29
75.29
75.30
75.32
75.35
75.36
75.37
75.36
75.36
75.38
75.38
75.39
75.40
75.38
75.38
75.40
75.39
75.42
75.41
75.39
75.40
75.40
75.41
75.41
75.41
75.38
75.39
75.40
75.40
75.39
75.39
75.40
75.41
75.40
75.42
75.41
75.41
75.39
75.39
75.41
75.42
75.43
75.43
75.45
75.46
75.46
75.47
75.48
75.47
75.46
75.48
75.49
75.51
75.52
75.52
75.52
75.53
75.50
75.51
75.52
75.50
75.50
75.50
75.50
75.48
75.48
75.48
75.48
75.46
75.46
75.47
75.47
75.48
75.46
75.44
75.44
75.45
75.45
75.46
75.47
75.47
75.48
75.46
75.44
75.46
75.46
75.45
75.43
75.45
75.46
75.46
75.47
75.47
75.47
75.46
75.45
75.47
75.47
75.47
75.47
75.47
75.47
75.46
75.44
75.42
75.43
75.43
75.43
75.44
75.45
75.46
75.46
75.45
75.46
75.46
75.47
75.48
75.47
75.47
75.47
75.47
75.47
75.48
75.50
75.51
75.50
75.49
75.50
75.49
75.51
75.51
75.50
75.50
75.51
75.51
75.51
75.51
75.52
75.53
75.52
75.51
75.52
75.51
75.51
75.52
75.52
75.51
75.51
75.51
75.52
75.52
75.51
75.51
75.52
75.52
75.52
75.52
75.50
75.52
75.54
75.55
75.56
75.56
75.57
75.57
75.56
75.56
75.58
75.57
75.57
75.56
75.57
75.58
75.57
75.58
75.57
75.56
75.57
75.57
75.56
75.56
75.57
75.57
75.56
75.58
75.58
75.58
75.60
75.61
75.61
75.62
75.62
75.61
75.61
75.61
75.62
75.62
75.63
75.62
75.63
75.62
75.62
75.62
75.62
75.62
75.62
75.63
75.63
75.65
75.63
75.64
75.63
75.64
75.64
75.64
75.63
75.62
75.62
75.62
75.63
75.62
75.62
75.64
75.64
75.62
75.62
75.62
75.62
75.62
75.61
75.61
75.61
75.61
75.61
75.61
75.60
75.61
75.61
75.60
75.61
75.59
75.59
75.58
75.60
75.59
75.60
75.58
75.58
75.57
75.58
75.58
75.58
75.57
75.57
75.57
75.57
75.56
75.57
75.57
75.56
75.56
75.56
75.57
75.57
75.55
75.54
75.55
75.55
75.54
75.54
75.54
75.53
75.52
75.53
75.52
75.52
75.52
75.52
75.53
75.52
75.53
75.53
75.53
75.54
75.53
75.54
75.54
75.55
75.55
75.54
75.54
75.54
75.54
75.54
75.55
75.55
75.54
75.53
75.54
75.54
75.55
75.55
75.56
75.57
75.58
75.59
75.59
75.59
75.59
75.60
75.60
75.61
75.61
75.61
75.61
75.60
75.59
75.59
75.59
75.58
75.57
75.57
75.57
75.58
75.58
75.57
75.59
75.58
75.58
75.58
75.58
75.60
75.59
75.60
75.60
75.59
75.61
75.61
75.60
75.60
75.58
75.57
75.57
75.57
75.56
75.56
75.56
75.55
75.57
75.57
75.57
75.57
75.56
75.56
75.57
75.57
75.56
75.56
75.54
75.53
75.53
75.54
75.53
75.54
75.55
75.55
75.55
75.56
75.55
75.56
75.55
75.56
75.55
75.56
75.57
75.55
75.55
75.55
75.55
75.55
75.55
75.55
75.56
75.55
75.55
75.54
75.55
75.55
75.55
75.55
75.56
75.56
75.56
75.57
75.58
75.57
75.58
75.58
75.58
75.51
