67.19
74.22
72.92
73.44
72.19
72.66
73.66
73.63
73.78
73.28
73.86
73.96
73.68
74.22
74.27
74.32
74.36
75.00
74.84
74.53
74.26
74.36
74.25
74.35
74.31
74.52
74.59
74.67
74.52
74.69
75.00
75.00
75.09
74.86
75.00
74.78
74.83
74.92
74.96
75.00
75.00
74.96
74.82
74.82
74.97
75.00
74.90
74.97
74.87
74.91
75.06
75.12
75.15
75.20
75.14
75.22
75.27
75.30
75.16
75.13
75.10
75.03
74.88
74.95
74.95
75.07
75.16
75.02
74.95
75.00
75.09
75.20
75.15
75.08
75.12
75.06
75.02
74.96
74.96
75.04
75.04
75.08
75.09
75.07
75.11
75.11
75.20
75.16
75.09
75.09
75.17
75.25
75.29
75.28
75.28
75.29
75.27
75.26
75.22
75.27
75.19
75.26
75.29
75.27
75.30
75.34
75.39
75.35
75.36
75.40
75.45
75.45
75.39
75.38
75.39
75.38
75.39
75.41
75.43
75.51
75.50
75.49
75.44
75.45
75.44
75.52
75.57
75.54
75.57
75.61
75.62
75.63
75.65
75.59
75.63
75.61
75.59
75.61
75.63
75.52
75.57
75.56
75.58
75.63
75.60
75.59
75.61
75.60
75.63
75.58
75.58
75.56
75.60
75.57
75.57
75.55
75.59
75.60
75.60
75.62
75.58
75.64
75.66
75.68
75.64
75.67
75.68
75.69
75.69
75.69
75.63
75.62
75.61
75.59
75.62
75.65
75.66
75.73
75.72
75.75
75.75
75.72
75.75
75.75
75.73
75.73
75.69
75.67
75.70
75.70
75.71
75.70
75.72
75.72
75.68
75.70
75.68
75.72
75.70
75.69
75.71
75.72
75.72
75.76
75.79
75.75
75.76
75.78
75.77
75.74
75.73
75.78
75.78
75.83
75.84
75.85
75.84
75.83
75.85
75.83
75.83
75.82
75.83
75.88
75.80
75.83
75.84
75.82
75.83
75.86
75.88
75.88
75.87
75.90
75.90
75.91
75.86
75.87
75.87
75.86
75.89
75.92
75.91
75.90
75.91
75.95
75.96
75.96
75.95
75.96
75.96
75.96
75.93
75.90
75.94
75.93
75.94
75.92
75.93
75.93
75.93
75.93
75.90
75.91
75.88
75.88
75.87
75.89
75.89
75.92
75.93
75.94
75.93
75.91
75.93
75.91
75.93
75.92
75.93
75.94
75.91
75.89
75.93
75.92
75.94
75.91
75.93
75.93
75.93
75.95
75.92
75.93
75.95
75.96
75.96
75.98
75.95
75.97
75.95
75.96
75.97
75.98
75.98
75.99
75.98
75.99
76.00
76.02
75.97
76.00
76.01
76.00
75.99
75.99
75.97
75.98
75.99
75.99
75.97
76.00
76.01
76.01
76.01
76.02
76.03
76.04
76.02
76.04
76.05
76.06
76.06
76.06
76.07
76.05
76.06
76.08
76.07
76.08
76.09
76.08
76.10
76.11
76.09
76.09
76.07
76.09
76.05
76.07
76.06
76.04
76.06
76.06
76.06
76.07
76.07
76.08
76.08
76.06
76.05
76.06
76.02
76.04
76.04
76.06
76.07
76.07
76.06
76.07
76.06
76.04
76.05
76.05
76.06
76.03
76.02
76.02
76.02
76.03
76.03
76.04
76.05
76.06
76.06
76.01
76.02
76.04
76.05
76.05
76.04
76.04
76.04
76.02
76.02
76.02
76.00
76.01
76.00
75.99
75.99
75.98
75.97
75.98
75.97
75.99
76.00
75.99
75.97
75.98
75.99
75.98
75.97
75.99
75.97
75.98
75.98
75.97
75.97
75.98
76.00
76.01
76.01
76.01
76.01
76.02
76.02
76.04
76.05
76.05
76.05
76.05
76.06
76.05
76.04
76.03
76.03
76.01
75.99
76.00
76.00
76.00
76.00
75.99
75.97
75.97
75.97
75.97
75.97
75.97
75.95
75.94
75.95
75.94
75.96
75.97
75.97
75.97
75.97
76.00
76.00
76.01
76.02
76.03
76.04
76.04
76.03
76.03
76.03
76.05
76.07
76.06
76.04
76.06
76.05
76.04
76.06
76.07
76.09
76.10
76.11
76.12
76.12
76.14
76.14
76.13
76.10
76.09
76.08
76.09
76.08
76.08
76.09
76.07
76.06
76.07
76.06
76.06
76.04
76.04
76.05
76.05
76.06
76.06
76.06
76.06
76.05
76.05
76.08
76.08
76.08
76.10
76.09
76.10
76.09
76.07
76.07
76.07
76.06
76.07
76.08
76.08
76.09
76.09
76.10
76.10
76.09
76.08
76.10
76.10
76.11
76.12
76.13
76.13
76.13
76.15
76.17
76.17
76.18
76.19
76.17
76.14
76.14
76.15
76.16
76.16
76.18
76.19
76.19
76.19
76.20
76.20
76.19
76.19
76.20
76.20
76.20
76.21
76.21
76.20
76.22
76.21
76.18
76.18
76.17
76.17
76.18
76.18
76.18
76.19
76.19
76.20
76.21
76.21
76.21
76.21
76.20
76.21
76.22
76.22
76.21
76.21
76.22
76.22
76.22
76.21
76.22
76.23
76.22
76.22
76.20
76.20
76.20
76.21
76.20
76.20
76.19
76.20
76.19
76.19
76.19
76.20
76.19
76.18
76.19
76.20
76.19
76.18
76.19
76.18
76.18
76.16
76.17
76.17
76.16
76.16
76.16
76.17
76.16
76.18
76.17
76.17
76.18
76.19
76.18
76.18
76.17
76.17
76.17
76.17
76.16
76.17
76.17
76.17
76.16
76.15
76.15
76.16
76.16
76.14
76.13
76.13
76.13
76.13
76.12
76.12
76.13
76.14
76.15
76.15
76.15
76.15
76.15
76.16
76.15
76.15
76.15
76.15
76.14
76.13
76.13
76.14
76.13
76.13
76.14
76.14
76.14
76.14
76.14
76.13
76.14
76.13
76.13
76.13
76.14
76.15
76.15
76.13
76.13
76.14
76.13
76.13
76.13
76.11
76.12
76.12
76.12
76.11
76.11
76.11
76.10
76.10
76.09
76.10
76.09
76.09
76.09
76.09
76.09
76.09
76.09
76.10
76.11
76.11
76.11
76.12
76.12
76.12
76.13
76.13
76.12
76.11
76.10
76.11
76.11
76.11
76.11
76.10
76.09
76.09
76.08
76.07
76.08
76.09
76.09
76.08
76.10
76.10
76.10
76.10
76.10
76.11
76.10
76.11
76.11
76.10
76.09
76.10
76.10
76.11
76.11
76.10
76.11
76.11
76.12
76.13
76.14
76.14
76.14
76.13
76.13
76.15
76.14
76.15
76.15
76.14
76.13
76.12
76.12
76.12
76.12
76.11
76.12
76.11
76.11
76.12
76.10
76.11
76.10
76.10
76.09
76.08
76.08
76.08
76.07
76.07
76.07
76.08
76.07
76.06
76.06
76.05
76.04
75.97
