68.75
71.09
71.35
71.09
73.75
73.44
73.88
74.61
74.65
74.69
74.01
73.96
74.16
74.11
74.17
74.32
73.90
73.87
74.10
74.06
74.26
74.64
74.46
74.09
74.25
74.28
74.19
74.55
74.41
74.53
74.55
74.51
74.43
74.54
74.82
74.74
74.83
74.79
74.84
75.08
74.96
75.00
75.04
75.18
75.24
75.14
75.17
75.20
75.22
75.09
75.15
75.21
75.12
75.32
75.37
75.42
75.36
75.46
75.16
75.23
75.33
75.45
75.22
75.37
75.43
75.54
75.44
75.55
75.54
75.62
75.70
75.50
75.47
75.32
75.27
75.23
75.24
75.32
75.24
75.29
75.17
75.23
75.17
75.22
75.22
75.29
75.27
75.23
75.18
75.28
75.27
75.24
75.18
75.18
75.21
75.18
75.06
75.13
75.13
75.27
75.37
75.34
75.42
75.45
75.48
75.47
75.47
75.52
75.52
75.58
75.61
75.61
75.62
75.62
75.65
75.67
75.67
75.64
75.58
75.62
75.66
75.70
75.70
75.72
75.75
75.68
75.70
75.71
75.76
75.79
75.82
75.77
75.73
75.76
75.80
75.76
75.80
75.74
75.71
75.66
75.62
75.63
75.64
75.67
75.68
75.70
75.65
75.65
75.66
75.70
75.73
75.75
75.83
75.80
75.84
75.88
75.90
75.86
75.86
75.91
75.88
75.92
75.92
75.92
75.95
75.89
75.95
75.93
75.88
75.96
75.93
75.94
75.89
75.88
75.90
75.92
75.94
75.93
75.93
75.92
75.92
75.98
75.98
76.06
76.11
76.12
76.12
76.09
76.15
76.10
76.10
76.07
76.05
76.01
75.95
75.92
75.90
75.90
75.91
75.92
75.90
75.94
75.92
75.90
75.94
75.97
75.97
75.96
75.99
76.00
75.98
75.98
76.01
76.04
76.04
76.04
76.06
76.06
76.09
76.06
76.05
76.08
76.10
76.10
76.10
76.05
76.05
76.08
76.06
76.05
76.02
75.98
76.03
76.00
76.00
76.02
76.05
76.05
76.02
76.02
76.02
75.99
75.98
76.03
76.05
76.06
76.06
76.03
76.06
76.07
76.08
76.09
76.09
76.08
76.11
76.10
76.11
76.13
76.09
76.11
76.13
76.13
76.15
76.15
76.14
76.17
76.18
76.19
76.18
76.19
76.20
76.18
76.20
76.20
76.20
76.15
76.15
76.14
76.15
76.18
76.15
76.12
76.12
76.12
76.12
76.15
76.15
76.16
76.16
76.17
76.17
76.18
76.17
76.18
76.18
76.16
76.15
76.16
76.16
76.14
76.16
76.16
76.17
76.17
76.15
76.15
76.13
76.13
76.15
76.14
76.14
76.13
76.17
76.17
76.16
76.17
76.16
76.16
76.17
76.21
76.17
76.15
76.15
76.11
76.11
76.11
76.13
76.12
76.11
76.10
76.09
76.10
76.08
76.10
76.08
76.07
76.08
76.06
76.05
76.04
76.02
76.05
76.04
76.03
76.04
76.03
76.06
76.08
76.08
76.07
76.07
76.10
76.12
76.15
76.13
76.15
76.15
76.14
76.16
76.17
76.16
76.15
76.16
76.15
76.16
76.13
76.12
76.10
76.10
76.10
76.10
76.10
76.11
76.10
76.11
76.11
76.12
76.11
76.09
76.09
76.08
76.10
76.11
76.11
76.10
76.11
76.12
76.12
76.12
76.10
76.11
76.12
76.12
76.13
76.13
76.15
76.16
76.18
76.18
76.18
76.19
76.17
76.15
76.18
76.20
76.19
76.16
76.14
76.12
76.12
76.14
76.15
76.14
76.14
76.16
76.15
76.15
76.15
76.16
76.14
76.15
76.15
76.14
76.13
76.13
76.15
76.15
76.15
76.14
76.14
76.14
76.14
76.14
76.17
76.18
76.18
76.18
76.18
76.20
76.19
76.20
76.20
76.20
76.18
76.18
76.18
76.18
76.18
76.21
76.21
76.21
76.20
76.18
76.16
76.17
76.17
76.18
76.18
76.18
76.18
76.17
76.17
76.19
76.17
76.16
76.16
76.15
76.17
76.15
76.15
76.13
76.14
76.13
76.13
76.11
76.10
76.10
76.10
76.10
76.11
76.10
76.10
76.10
76.09
76.09
76.08
76.09
76.09
76.10
76.11
76.10
76.09
76.09
76.08
76.09
76.08
76.07
76.06
76.06
76.04
76.06
76.06
76.07
76.08
76.08
76.08
76.09
76.09
76.09
76.06
76.07
76.07
76.07
76.06
76.06
76.06
76.06
76.07
76.06
76.05
76.06
76.06
76.06
76.06
76.05
76.05
76.05
76.04
76.05
76.05
76.04
76.05
76.04
76.04
76.03
76.04
76.03
76.03
76.02
76.02
76.03
76.02
76.02
76.02
76.02
76.03
76.04
76.04
76.03
76.04
76.04
76.05
76.05
76.04
76.04
76.02
76.03
76.04
76.05
76.05
76.05
76.05
76.05
76.06
76.05
76.07
76.06
76.06
76.06
76.05
76.04
76.05
76.05
76.04
76.05
76.06
76.06
76.05
76.06
76.06
76.07
76.07
76.07
76.07
76.06
76.06
76.07
76.07
76.06
76.06
76.05
76.05
76.06
76.05
76.05
76.05
76.04
76.04
76.04
76.04
76.04
76.03
76.02
76.03
76.05
76.05
76.06
76.06
76.08
76.08
76.06
76.07
76.07
76.08
76.07
76.07
76.05
76.04
76.03
76.02
76.01
76.01
76.00
76.01
76.01
76.01
76.01
76.02
76.02
76.00
75.99
75.98
75.98
75.99
75.99
75.99
76.00
75.99
76.00
76.00
76.01
76.00
76.01
76.01
76.00
76.01
75.99
76.00
76.01
76.01
76.00
76.00
76.00
76.01
76.01
76.01
76.00
76.01
76.01
76.02
76.00
76.01
76.01
76.00
75.98
75.99
76.00
75.99
76.00
75.98
75.99
75.98
75.97
75.96
75.97
75.97
75.97
75.97
75.97
75.97
75.95
75.95
75.95
75.95
75.95
75.95
75.94
75.94
75.94
75.94
75.93
75.94
75.95
75.96
75.96
75.95
75.95
75.96
75.96
75.96
75.97
75.97
75.98
75.99
75.99
75.97
75.97
75.96
75.97
75.97
75.97
75.97
75.98
75.98
75.99
75.99
75.98
75.98
75.96
75.96
75.96
75.96
75.97
75.98
75.98
75.97
75.97
75.97
75.97
75.97
75.98
75.98
75.98
75.97
75.98
75.98
75.98
75.98
75.99
76.00
76.00
76.00
76.00
76.00
76.00
76.00
76.00
76.00
76.01
76.00
76.00
76.01
76.01
76.02
76.02
76.03
76.03
76.03
76.03
76.05
76.04
76.05
76.05
76.07
76.06
76.06
76.06
76.05
76.06
76.07
76.07
76.07
76.07
76.06
76.06
76.05
76.06
76.06
76.05
76.05
76.05
75.98
