78.12
75.78
74.48
73.05
73.44
73.18
72.99
72.85
72.74
72.50
73.30
73.05
72.36
72.66
72.71
72.46
72.79
73.18
73.19
73.28
73.66
73.72
73.91
73.50
73.31
73.62
73.61
73.27
73.28
73.54
73.69
73.39
73.39
73.58
73.57
73.65
73.69
73.52
73.72
73.83
73.59
73.55
73.58
73.44
73.26
73.27
73.34
73.40
73.47
73.50
73.56
73.50
73.58
73.55
73.64
73.63
73.57
73.63
73.68
73.80
73.87
73.87
73.83
73.83
73.77
73.86
73.93
74.01
74.03
74.17
74.32
74.26
74.12
74.13
74.25
74.26
74.25
74.10
74.19
74.14
74.07
74.05
74.00
74.00
73.99
74.13
74.23
74.25
74.32
74.25
74.31
74.30
74.16
74.19
74.18
74.10
74.11
74.15
74.23
74.30
74.26
74.33
74.29
74.32
74.33
74.40
74.28
74.29
74.24
74.18
74.13
74.16
74.13
74.19
74.14
74.14
74.23
74.23
74.26
74.26
74.19
74.14
74.21
74.21
74.18
74.18
74.22
74.24
74.19
74.23
74.24
74.27
74.22
74.25
74.25
74.30
74.30
74.34
74.31
74.33
74.36
74.32
74.29
74.31
74.29
74.27
74.28
74.35
74.35
74.28
74.27
74.30
74.22
74.29
74.27
74.32
74.31
74.33
74.36
74.34
74.33
74.33
74.36
74.36
74.36
74.34
74.33
74.33
74.36
74.33
74.32
74.32
74.36
74.36
74.37
74.42
74.37
74.39
74.35
74.33
74.37
74.41
74.37
74.35
74.38
74.39
74.44
74.43
74.45
74.44
74.44
74.47
74.43
74.44
74.44
74.39
74.40
74.35
74.38
74.39
74.41
74.37
74.40
74.36
74.34
74.32
74.30
74.26
74.27
74.26
74.26
74.26
74.22
74.17
74.16
74.17
74.16
74.15
74.10
74.12
74.11
74.10
74.08
74.07
74.11
74.11
74.14
74.16
74.15
74.17
74.15
74.16
74.18
74.15
74.17
74.13
74.12
74.13
74.11
74.09
74.09
74.08
74.06
74.06
74.07
74.06
74.08
74.07
74.13
74.13
74.15
74.12
74.11
74.13
74.15
74.16
74.12
74.10
74.13
74.12
74.16
74.15
74.16
74.17
74.15
74.11
74.13
74.15
74.16
74.20
74.21
74.21
74.23
74.25
74.26
74.25
74.22
74.21
74.26
74.27
74.28
74.25
74.26
74.30
74.29
74.29
74.28
74.29
74.31
74.32
74.31
74.33
74.35
74.35
74.34
74.36
74.32
74.30
74.29
74.30
74.29
74.28
74.29
74.30
74.27
74.26
74.30
74.33
74.31
74.30
74.28
74.27
74.26
74.28
74.31
74.30
74.29
74.27
74.28
74.29
74.30
74.30
74.31
74.33
74.34
74.32
74.35
74.36
74.38
74.38
74.37
74.36
74.37
74.35
74.35
74.37
74.39
74.41
74.43
74.44
74.45
74.45
74.44
74.41
74.41
74.42
74.44
74.42
74.41
74.40
74.41
74.41
74.39
74.39
74.39
74.38
74.39
74.39
74.36
74.34
74.37
74.34
74.35
74.33
74.32
74.31
74.31
74.32
74.33
74.35
74.37
74.38
74.38
74.39
74.38
74.41
74.42
74.40
74.42
74.42
74.43
74.42
74.43
74.43
74.44
74.43
74.43
74.44
74.45
74.45
74.42
74.41
74.40
74.42
74.44
74.42
74.42
74.42
74.41
74.45
74.43
74.43
74.41
74.40
74.42
74.44
74.44
74.44
74.45
74.44
74.45
74.46
74.46
74.46
74.46
74.46
74.46
74.48
74.45
74.45
74.45
74.45
74.47
74.48
74.50
74.50
74.51
74.50
74.53
74.52
74.50
74.48
74.48
74.49
74.46
74.46
74.46
74.45
74.44
74.46
74.47
74.46
74.45
74.44
74.44
74.43
74.43
74.42
74.44
74.44
74.44
74.44
74.46
74.46
74.45
74.44
74.44
74.45
74.47
74.46
74.44
74.44
74.43
74.43
74.42
74.42
74.42
74.43
74.46
74.48
74.49
74.48
74.47
74.47
74.48
74.47
74.48
74.47
74.45
74.43
74.42
74.42
74.40
74.38
74.38
74.38
74.38
74.39
74.38
74.40
74.41
74.40
74.41
74.41
74.41
74.41
74.41
74.43
74.42
74.42
74.44
74.45
74.46
74.47
74.45
74.46
74.47
74.46
74.46
74.42
74.41
74.40
74.38
74.39
74.39
74.38
74.40
74.40
74.41
74.41
74.40
74.40
74.40
74.39
74.39
74.40
74.39
74.39
74.39
74.38
74.39
74.39
74.38
74.38
74.35
74.35
74.35
74.35
74.34
74.33
74.34
74.35
74.34
74.34
74.34
74.34
74.35
74.34
74.34
74.34
74.33
74.33
74.33
74.33
74.34
74.33
74.33
74.32
74.32
74.32
74.33
74.33
74.33
74.32
74.32
74.32
74.32
74.34
74.34
74.33
74.35
74.36
74.37
74.38
74.38
74.36
74.36
74.36
74.37
74.38
74.39
74.39
74.38
74.38
74.38
74.38
74.38
74.38
74.37
74.37
74.39
74.41
74.41
74.40
74.41
74.40
74.40
74.40
74.42
74.41
74.42
74.42
74.40
74.40
74.41
74.40
74.39
74.39
74.37
74.37
74.37
74.38
74.39
74.40
74.41
74.40
74.40
74.40
74.41
74.40
74.41
74.40
74.41
74.42
74.42
74.43
74.42
74.40
74.40
74.40
74.40
74.39
74.40
74.40
74.40
74.40
74.40
74.40
74.42
74.42
74.42
74.44
74.44
74.43
74.44
74.43
74.43
74.42
74.42
74.43
74.42
74.43
74.43
74.43
74.44
74.44
74.44
74.45
74.43
74.43
74.44
74.43
74.42
74.41
74.41
74.41
74.40
74.41
74.42
74.41
74.41
74.41
74.41
74.42
74.42
74.42
74.41
74.42
74.42
74.42
74.41
74.42
74.42
74.42
74.43
74.43
74.43
74.42
74.42
74.42
74.43
74.44
74.43
74.44
74.44
74.44
74.45
74.42
74.43
74.43
74.43
74.42
74.40
74.42
74.41
74.40
74.41
74.42
74.42
74.41
74.41
74.40
74.40
74.41
74.42
74.41
74.41
74.41
74.42
74.42
74.42
74.42
74.42
74.42
74.44
74.45
74.44
74.44
74.43
74.43
74.43
74.42
74.43
74.42
74.41
74.39
74.40
74.40
74.40
74.39
74.39
74.39
74.39
74.39
74.40
74.37
74.36
74.36
74.37
74.37
74.37
74.36
74.38
74.37
74.38
74.37
74.37
74.37
74.37
74.37
74.36
74.36
74.36
74.34
74.33
74.34
74.34
74.33
74.33
74.34
74.33
74.33
74.33
74.34
74.32
74.33
74.33
74.33
74.32
74.33
74.32
74.25
