10.94
15.62
17.19
19.53
18.75
18.49
18.08
18.16
17.71
17.50
17.76
18.62
19.23
19.20
18.65
18.46
18.20
18.49
18.17
18.20
18.68
19.11
18.95
18.88
19.00
19.41
19.27
19.36
19.07
19.01
18.95
18.70
18.80
18.52
18.48
18.49
18.45
18.42
18.35
18.20
17.99
18.01
18.24
18.11
18.19
18.21
18.12
18.13
18.24
18.25
18.17
18.15
18.13
18.14
18.10
18.22
18.28
18.24
18.27
18.31
18.16
18.20
18.23
18.31
18.51
18.73
18.73
18.73
18.84
18.84
18.95
18.92
18.86
18.86
18.92
19.06
19.03
19.11
19.15
19.02
18.96
18.86
18.77
18.75
18.75
18.82
18.80
18.93
18.98
19.03
19.01
18.89
18.88
18.97
18.95
18.90
18.81
18.85
18.94
18.95
19.00
18.98
18.95
19.01
18.96
18.94
18.90
18.91
18.89
18.91
18.86
18.86
18.90
18.90
18.89
18.86
18.83
18.88
18.88
18.87
18.93
18.95
19.00
19.00
19.01
18.96
18.91
18.91
18.96
18.97
19.05
19.07
19.13
19.12
19.07
19.06
19.04
19.02
19.04
19.12
19.10
19.17
19.15
19.14
19.12
19.12
19.08
19.08
19.06
19.06
19.06
19.04
19.06
18.99
19.00
18.97
18.94
18.95
18.98
18.96
18.98
19.00
18.95
18.90
18.90
18.89
18.91
18.93
18.94
18.93
18.96
18.94
18.99
19.01
19.01
18.98
18.94
18.93
18.94
18.93
18.97
18.97
19.01
19.00
19.01
18.99
18.95
18.93
18.97
19.00
19.04
19.01
18.98
18.96
18.95
18.94
18.92
18.92
18.96
18.94
18.94
18.94
18.95
18.95
18.97
18.95
18.96
18.97
18.98
18.99
18.98
18.98
18.99
19.01
19.01
19.04
19.03
19.04
19.00
19.01
18.98
18.97
18.99
19.00
19.00
19.03
19.02
19.02
19.00
18.96
19.01
19.05
19.04
19.06
19.03
19.03
19.06
19.07
19.09
19.10
19.10
19.07
19.09
19.07
19.06
19.07
19.09
19.09
19.09
19.13
19.12
19.13
19.15
19.13
19.12
19.13
19.11
19.16
19.11
19.13
19.09
19.06
19.06
19.08
19.05
19.03
19.01
19.02
19.02
19.02
19.01
19.03
19.00
19.01
19.03
19.03
19.04
19.04
19.02
19.05
19.06
19.04
19.04
19.06
19.06
19.06
19.07
19.08
19.05
19.07
19.08
19.09
19.10
19.07
19.08
19.10
19.10
19.10
19.10
19.07
19.05
19.06
19.04
19.05
19.08
19.09
19.08
19.08
19.09
19.11
19.09
19.07
19.07
19.05
19.04
19.03
19.03
19.03
19.00
18.97
18.98
18.99
19.00
18.99
18.98
19.00
18.98
19.00
18.99
18.99
19.00
19.00
18.98
18.98
18.98
18.99
18.99
18.97
18.99
18.99
18.97
18.96
18.97
18.98
18.98
19.00
19.02
19.01
19.01
18.99
18.99
18.99
18.98
18.99
18.97
19.00
19.01
19.00
19.00
19.02
19.02
19.01
19.00
19.05
19.05
19.05
19.08
19.13
19.13
19.11
19.11
19.10
19.10
19.11
19.10
19.10
19.12
19.13
19.13
19.12
19.14
19.13
19.14
19.15
19.18
19.16
19.16
19.14
19.15
19.13
19.13
19.15
19.14
19.15
19.17
19.16
19.16
19.20
19.19
19.20
19.22
19.25
19.23
19.23
19.24
19.22
19.23
19.23
19.21
19.20
19.20
19.18
19.17
19.17
19.19
19.20
19.18
19.19
19.20
19.21
19.21
19.21
19.21
19.22
19.24
19.24
19.24
19.25
19.25
19.26
19.26
19.23
19.23
19.24
19.23
19.23
19.25
19.26
19.26
19.26
19.28
19.28
19.28
19.30
19.29
19.30
19.29
19.30
19.29
19.29
19.29
19.29
19.29
19.29
19.30
19.28
19.29
19.28
19.27
19.29
19.29
19.30
19.29
19.28
19.27
19.29
19.28
19.27
19.27
19.27
19.27
19.28
19.27
19.26
19.25
19.26
19.25
19.25
19.25
19.27
19.27
19.27
19.26
19.28
19.28
19.26
19.25
19.26
19.25
19.26
19.29
19.30
19.32
19.31
19.31
19.30
19.30
19.31
19.31
19.33
19.34
19.35
19.35
19.36
19.38
19.38
19.37
19.36
19.36
19.37
19.36
19.35
19.35
19.35
19.35
19.35
19.33
19.33
19.33
19.33
19.33
19.33
19.33
19.34
19.34
19.36
19.34
19.37
19.36
19.35
19.36
19.37
19.37
19.38
19.39
19.39
19.40
19.41
19.39
19.40
19.39
19.40
19.39
19.41
19.42
19.42
19.42
19.41
19.41
19.41
19.41
19.41
19.39
19.39
19.39
19.38
19.39
19.42
19.42
19.44
19.43
19.43
19.42
19.42
19.42
19.42
19.42
19.43
19.42
19.42
19.41
19.42
19.41
19.42
19.41
19.40
19.38
19.40
19.38
19.38
19.39
19.38
19.39
19.38
19.38
19.37
19.38
19.38
19.38
19.37
19.38
19.39
19.39
19.39
19.39
19.39
19.39
19.39
19.39
19.39
19.39
19.39
19.39
19.39
19.39
19.39
19.39
19.40
19.41
19.40
19.39
19.40
19.39
19.39
19.38
19.39
19.40
19.40
19.39
19.39
19.38
19.39
19.39
19.38
19.38
19.38
19.38
19.39
19.39
19.40
19.38
19.38
19.38
19.39
19.39
19.39
19.39
19.40
19.40
19.40
19.39
19.40
19.39
19.39
19.37
19.37
19.37
19.37
19.36
19.36
19.36
19.37
19.37
19.36
19.38
19.38
19.39
19.39
19.38
19.38
19.39
19.38
19.37
19.37
19.38
19.37
19.37
19.38
19.37
19.37
19.37
19.38
19.38
19.38
19.37
19.36
19.36
19.36
19.37
19.37
19.37
19.36
19.36
19.36
19.36
19.35
19.34
19.35
19.34
19.34
19.33
19.33
19.32
19.32
19.33
19.34
19.34
19.34
19.34
19.34
19.34
19.34
19.33
19.32
19.31
19.31
19.31
19.31
19.32
19.33
19.33
19.33
19.33
19.33
19.32
19.32
19.31
19.32
19.32
19.31
19.30
19.31
19.32
19.32
19.32
19.32
19.32
19.32
19.32
19.33
19.31
19.31
19.32
19.32
19.32
19.33
19.33
19.32
19.31
19.31
19.31
19.31
19.30
19.31
19.31
19.31
19.29
19.29
19.29
19.30
19.29
19.28
19.28
19.26
19.25
19.26
19.25
19.25
19.25
19.25
19.25
19.25
19.23
19.23
19.22
19.23
19.22
19.22
19.22
19.22
19.20
19.21
19.20
19.20
19.20
19.20
19.20
19.20
19.20
19.21
19.20
19.18
