60.94
60.16
59.38
57.81
58.75
58.33
58.48
59.96
60.24
60.47
59.80
60.55
61.06
61.27
61.46
61.33
61.40
61.63
62.01
61.56
61.90
62.00
62.16
62.17
62.25
62.38
62.04
62.00
61.80
61.93
61.69
61.77
61.60
61.63
61.70
62.07
62.25
61.92
61.98
62.11
62.04
62.13
62.14
62.22
62.08
62.06
62.10
62.27
62.31
62.31
62.29
62.11
62.21
62.12
62.13
62.17
62.34
62.31
62.29
62.27
62.32
62.20
62.08
62.06
61.92
61.93
61.87
61.79
61.73
61.50
61.60
61.72
61.73
61.63
61.65
61.64
61.83
61.86
61.79
61.91
61.96
61.87
61.90
61.94
62.00
61.99
62.03
62.13
61.99
62.08
62.05
62.02
62.00
61.88
61.89
61.78
61.87
61.93
61.84
61.86
61.88
61.73
61.79
61.84
61.76
61.67
61.59
61.59
61.54
61.55
61.59
61.55
61.57
61.53
61.56
61.62
61.63
61.68
61.67
61.65
61.65
61.59
61.61
61.62
61.55
61.55
61.50
61.51
61.45
61.44
61.43
61.38
61.33
61.43
61.40
61.40
61.29
61.23
61.32
61.31
61.36
61.40
61.41
61.44
61.50
61.41
61.39
61.37
61.36
61.39
61.39
61.40
61.49
61.54
61.57
61.58
61.68
61.67
61.62
61.58
61.56
61.50
61.51
61.56
61.56
61.54
61.60
61.58
61.65
61.61
61.60
61.57
61.61
61.58
61.63
61.61
61.65
61.67
61.67
61.63
61.64
61.65
61.63
61.60
61.55
61.58
61.57
61.55
61.58
61.62
61.67
61.65
61.63
61.65
61.64
61.68
61.65
61.66
61.63
61.57
61.54
61.53
61.52
61.57
61.62
61.57
61.61
61.63
61.59
61.60
61.66
61.65
61.61
61.65
61.62
61.59
61.53
61.50
61.51
61.48
61.51
61.51
61.52
61.50
61.47
61.48
61.45
61.51
61.50
61.49
61.48
61.44
61.42
61.47
61.52
61.50
61.50
61.48
61.51
61.49
61.44
61.42
61.42
61.41
61.37
61.36
61.34
61.35
61.36
61.34
61.30
61.35
61.38
61.42
61.41
61.40
61.44
61.42
61.43
61.44
61.45
61.44
61.43
61.42
61.40
61.39
61.38
61.37
61.38
61.39
61.40
61.40
61.38
61.38
61.40
61.38
61.38
61.41
61.45
61.46
61.48
61.46
61.46
61.48
61.51
61.53
61.55
61.55
61.56
61.54
61.52
61.52
61.51
61.51
61.51
61.55
61.54
61.57
61.59
61.61
61.63
61.63
61.63
61.67
61.65
61.67
61.66
61.66
61.65
61.63
61.64
61.64
61.63
61.64
61.64
61.66
61.69
61.67
61.68
61.67
61.66
61.67
61.67
61.64
61.63
61.63
61.64
61.67
61.66
61.66
61.67
61.69
61.67
61.64
61.62
61.60
61.60
61.59
61.61
61.60
61.61
61.61
61.59
61.58
61.60
61.60
61.60
61.61
61.60
61.58
61.59
61.57
61.59
61.60
61.62
61.59
61.58
61.60
61.62
61.61
61.63
61.63
61.62
61.61
61.59
61.59
61.59
61.57
61.56
61.58
61.57
61.59
61.57
61.58
61.57
61.58
61.56
61.56
61.55
61.57
61.56
61.57
61.57
61.56
61.57
61.59
61.59
61.57
61.57
61.60
61.62
61.62
61.63
61.64
61.63
61.61
61.62
61.63
61.62
61.60
61.63
61.64
61.67
61.66
61.69
61.66
61.65
61.65
61.66
61.62
61.62
61.62
61.62
61.62
61.61
61.60
61.58
61.58
61.57
61.58
61.57
61.57
61.59
61.57
61.57
61.59
61.60
61.60
61.57
61.58
61.62
61.61
61.62
61.64
61.64
61.64
61.64
61.64
61.65
61.65
61.65
61.66
61.65
61.64
61.65
61.63
61.64
61.65
61.65
61.67
61.67
61.69
61.72
61.71
61.71
61.72
61.70
61.71
61.71
61.70
61.69
61.70
61.71
61.70
61.71
61.70
61.69
61.71
61.71
61.70
61.72
61.72
61.71
61.70
61.68
61.69
61.68
61.71
61.71
61.71
61.70
61.68
61.67
61.68
61.69
61.67
61.68
61.68
61.68
61.68
61.68
61.67
61.70
61.67
61.69
61.67
61.69
61.69
61.70
61.72
61.72
61.73
61.73
61.72
61.72
61.71
61.72
61.72
61.70
61.71
61.72
61.71
61.71
61.74
61.73
61.74
61.73
61.74
61.73
61.71
61.71
61.69
61.67
61.67
61.68
61.68
61.68
61.68
61.68
61.65
61.64
61.66
61.64
61.64
61.65
61.66
61.65
61.66
61.66
61.66
61.66
61.66
61.64
61.64
61.65
61.65
61.66
61.68
61.67
61.68
61.70
61.70
61.69
61.71
61.71
61.70
61.71
61.71
61.73
61.74
61.73
61.72
61.73
61.74
61.75
61.73
61.73
61.74
61.74
61.74
61.74
61.74
61.72
61.72
61.69
61.68
61.67
61.67
61.67
61.66
61.66
61.68
61.66
61.67
61.66
61.67
61.66
61.65
61.65
61.66
61.65
61.66
61.68
61.67
61.67
61.68
61.68
61.65
61.66
61.64
61.64
61.63
61.62
61.62
61.62
61.62
61.63
61.64
61.63
61.64
61.64
61.63
61.63
61.64
61.64
61.63
61.65
61.65
61.64
61.62
61.62
61.62
61.61
61.61
61.61
61.60
61.59
61.57
61.57
61.57
61.58
61.57
61.57
61.56
61.57
61.58
61.59
61.60
61.60
61.62
61.62
61.63
61.64
61.64
61.65
61.66
61.66
61.67
61.69
61.68
61.68
61.68
61.68
61.68
61.67
61.66
61.65
61.65
61.64
61.64
61.64
61.63
61.61
61.61
61.61
61.60
61.60
61.59
61.59
61.59
61.59
61.57
61.57
61.57
61.56
61.56
61.57
61.56
61.56
61.57
61.56
61.55
61.56
61.57
61.59
61.59
61.59
61.60
61.60
61.58
61.60
61.60
61.62
61.61
61.62
61.63
61.64
61.65
61.65
61.67
61.67
61.69
61.69
61.69
61.70
61.69
61.69
61.69
61.70
61.69
61.70
61.69
61.69
61.68
61.69
61.69
61.69
61.69
61.68
61.68
61.69
61.69
61.69
61.69
61.68
61.68
61.69
61.71
61.71
61.73
61.72
61.72
61.72
61.72
61.70
61.70
61.70
61.69
61.69
61.69
61.69
61.68
61.68
61.67
61.68
61.68
61.67
61.68
61.67
61.67
61.68
61.69
61.68
61.69
61.69
61.70
61.70
61.69
61.70
61.70
61.70
61.69
61.68
61.69
61.69
61.69
61.69
61.68
61.69
61.68
61.70
61.69
61.69
61.68
61.68
61.68
61.70
61.69
61.70
61.70
61.68
61.63
