79.69
79.69
77.08
76.56
74.69
75.78
75.22
75.98
75.69
76.41
75.57
75.78
75.84
75.89
75.73
75.68
75.64
76.04
76.23
75.86
75.82
75.92
76.09
75.85
75.62
75.36
75.58
75.89
75.86
75.57
75.76
75.88
75.76
75.78
76.03
76.30
76.14
76.15
76.12
76.21
76.11
76.15
76.09
76.17
76.04
76.19
76.16
76.01
75.99
76.06
76.04
76.05
76.03
76.04
76.05
76.06
76.04
75.94
75.98
75.99
75.97
76.16
76.17
76.12
76.18
76.21
76.26
76.22
76.13
76.07
76.17
76.13
76.16
76.27
76.27
76.30
76.30
76.38
76.34
76.43
76.50
76.52
76.58
76.56
76.58
76.53
76.49
76.53
76.49
76.48
76.41
76.39
76.38
76.31
76.27
76.37
76.47
76.36
76.42
76.52
76.52
76.56
76.50
76.55
76.46
76.43
76.40
76.30
76.35
76.29
76.27
76.16
76.27
76.26
76.33
76.32
76.36
76.31
76.31
76.32
76.32
76.37
76.41
76.40
76.32
76.35
76.33
76.21
76.25
76.24
76.28
76.20
76.22
76.22
76.23
76.17
76.22
76.29
76.33
76.35
76.37
76.34
76.37
76.39
76.35
76.33
76.32
76.38
76.41
76.44
76.45
76.43
76.44
76.46
76.47
76.53
76.55
76.59
76.56
76.48
76.47
76.46
76.40
76.38
76.38
76.37
76.35
76.37
76.35
76.34
76.34
76.30
76.30
76.26
76.24
76.26
76.25
76.19
76.20
76.14
76.12
76.15
76.11
76.11
76.15
76.12
76.11
76.12
76.09
76.06
76.06
76.10
76.08
76.05
76.07
76.08
76.08
76.03
76.03
75.92
75.92
75.93
75.92
75.97
76.00
76.00
76.00
75.98
75.93
75.96
75.95
75.97
75.99
76.06
76.07
76.03
76.04
76.02
76.05
76.03
75.99
75.99
75.99
75.98
76.01
76.06
76.04
76.08
76.08
76.11
76.10
76.08
76.11
76.15
76.16
76.10
76.11
76.10
76.14
76.13
76.14
76.15
76.15
76.09
76.09
76.05
76.09
76.11
76.09
76.06
76.08
76.08
76.07
76.10
76.11
76.09
76.09
76.12
76.12
76.12
76.10
76.08
76.09
76.07
76.08
76.08
76.04
76.03
76.02
75.95
75.96
75.93
75.93
75.95
75.93
75.91
75.90
75.89
75.89
75.86
75.85
75.84
75.86
75.84
75.84
75.84
75.84
75.86
75.88
75.87
75.89
75.89
75.90
75.88
75.88
75.88
75.88
75.92
75.92
75.93
75.90
75.91
75.92
75.94
75.92
75.95
75.95
75.92
75.90
75.88
75.89
75.90
75.90
75.92
75.93
75.94
75.92
75.93
75.95
75.95
75.95
75.96
75.95
75.94
75.92
75.92
75.93
75.93
75.95
76.00
75.99
75.99
76.01
76.02
76.00
76.01
76.03
76.00
76.00
76.00
76.01
75.99
76.02
76.03
76.02
76.01
76.03
76.03
76.03
76.01
76.01
76.01
76.01
76.00
76.00
76.02
76.03
76.03
76.02
76.06
76.07
76.07
76.06
76.08
76.09
76.06
76.03
76.04
76.03
76.03
76.04
76.06
76.05
76.04
76.04
76.05
76.02
76.01
76.01
76.02
76.00
76.02
76.03
76.04
76.02
76.00
75.99
76.00
76.00
75.96
75.97
75.96
75.98
76.00
76.00
75.99
75.98
75.98
75.99
76.00
75.99
76.01
76.00
75.99
75.99
75.97
75.99
76.02
76.02
76.04
76.03
76.03
76.02
76.03
76.03
76.04
76.03
76.01
76.01
76.03
76.05
76.05
76.06
76.04
76.04
76.05
76.05
76.05
76.08
76.08
76.08
76.09
76.11
76.10
76.11
76.09
76.12
76.12
76.12
76.12
76.12
76.12
76.13
76.13
76.13
76.12
76.12
76.12
76.12
76.12
76.13
76.13
76.12
76.13
76.13
76.13
76.16
76.16
76.17
76.17
76.18
76.17
76.17
76.14
76.16
76.16
76.15
76.16
76.15
76.14
76.13
76.16
76.15
76.15
76.16
76.17
76.15
76.16
76.16
76.16
76.15
76.15
76.16
76.18
76.18
76.18
76.19
76.19
76.19
76.19
76.17
76.16
76.15
76.16
76.15
76.14
76.16
76.14
76.14
76.15
76.17
76.20
76.20
76.19
76.19
76.20
76.21
76.21
76.22
76.21
76.20
76.18
76.19
76.19
76.20
76.19
76.18
76.17
76.17
76.16
76.15
76.14
76.14
76.13
76.14
76.13
76.12
76.09
76.09
76.10
76.10
76.10
76.11
76.11
76.11
76.10
76.10
76.09
76.09
76.09
76.09
76.07
76.07
76.06
76.07
76.08
76.09
76.10
76.09
76.09
76.09
76.10
76.10
76.11
76.10
76.11
76.11
76.11
76.10
76.10
76.09
76.09
76.08
76.07
76.08
76.08
76.07
76.09
76.10
76.09
76.09
76.09
76.10
76.09
76.09
76.09
76.08
76.09
76.07
76.07
76.07
76.07
76.07
76.06
76.06
76.07
76.09
76.10
76.09
76.09
76.09
76.08
76.08
76.07
76.07
76.07
76.08
76.08
76.07
76.07
76.07
76.07
76.07
76.07
76.07
76.07
76.08
76.08
76.09
76.06
76.05
76.06
76.05
76.05
76.05
76.05
76.06
76.06
76.06
76.05
76.05
76.05
76.06
76.05
76.05
76.05
76.05
76.04
76.05
76.06
76.06
76.08
76.09
76.09
76.10
76.10
76.10
76.12
76.11
76.12
76.10
76.10
76.10
76.10
76.09
76.09
76.10
76.09
76.08
76.09
76.08
76.07
76.08
76.08
76.08
76.07
76.06
76.06
76.07
76.07
76.07
76.04
76.04
76.05
76.04
76.04
76.06
76.06
76.07
76.07
76.07
76.07
76.07
76.08
76.09
76.10
76.10
76.09
76.09
76.10
76.10
76.10
76.10
76.10
76.10
76.10
76.10
76.10
76.11
76.11
76.10
76.11
76.10
76.10
76.10
76.11
76.12
76.11
76.11
76.12
76.12
76.12
76.13
76.13
76.13
76.13
76.12
76.12
76.11
76.11
76.11
76.10
76.10
76.10
76.11
76.12
76.12
76.11
76.11
76.11
76.11
76.11
76.10
76.10
76.09
76.08
76.07
76.08
76.08
76.08
76.08
76.07
76.06
76.07
76.07
76.07
76.08
76.07
76.07
76.07
76.08
76.06
76.06
76.06
76.05
76.06
76.06
76.06
76.06
76.04
76.03
76.03
76.04
76.05
76.04
76.04
76.04
76.03
76.02
76.02
76.02
76.02
76.03
76.04
76.04
76.03
76.02
76.02
76.01
76.01
76.01
76.02
76.01
76.01
76.01
76.00
76.01
76.00
76.00
76.00
76.01
75.94
