73.44
72.66
72.92
73.83
73.44
75.00
75.00
74.61
74.65
74.53
74.57
74.35
74.16
74.55
74.58
74.61
74.08
74.22
74.34
74.22
74.33
74.36
74.52
74.67
75.06
75.18
75.12
75.39
75.43
75.52
75.25
75.49
75.66
76.06
76.12
76.04
76.10
75.86
75.84
75.66
75.69
75.67
75.69
75.60
75.52
75.61
75.40
75.49
75.51
75.66
75.58
75.57
75.53
75.41
75.23
75.25
75.22
75.22
75.26
75.16
74.97
75.08
75.17
75.22
75.24
75.26
75.26
75.39
75.29
75.22
75.22
75.15
75.04
75.00
75.02
75.02
75.02
74.90
74.88
74.90
74.86
74.89
74.89
74.93
74.96
75.05
75.11
75.11
75.09
75.03
75.10
75.15
75.08
75.17
75.12
75.11
75.08
74.98
75.06
75.14
75.17
75.15
75.17
75.12
75.16
75.21
75.29
75.26
75.29
75.21
75.21
75.13
75.12
75.08
75.08
75.09
75.03
75.07
75.09
75.07
75.05
75.06
75.01
74.97
74.93
74.86
74.85
74.80
74.84
74.83
74.79
74.74
74.78
74.77
74.76
74.78
74.79
74.85
74.85
74.84
74.90
74.89
74.90
74.91
74.87
74.85
74.84
74.84
74.84
74.94
74.93
74.90
74.82
74.77
74.73
74.69
74.69
74.70
74.68
74.73
74.72
74.69
74.67
74.70
74.73
74.77
74.74
74.69
74.71
74.71
74.65
74.62
74.65
74.64
74.64
74.64
74.59
74.59
74.62
74.64
74.66
74.62
74.61
74.63
74.65
74.65
74.67
74.70
74.70
74.72
74.75
74.79
74.77
74.79
74.75
74.76
74.81
74.81
74.80
74.81
74.75
74.78
74.75
74.75
74.77
74.77
74.74
74.74
74.78
74.81
74.81
74.82
74.79
74.77
74.77
74.75
74.73
74.76
74.76
74.77
74.75
74.74
74.75
74.72
74.76
74.76
74.75
74.75
74.77
74.76
74.77
74.77
74.81
74.79
74.85
74.89
74.91
74.93
74.92
74.88
74.92
74.97
74.98
74.97
74.97
74.91
74.91
74.91
74.91
74.96
74.98
74.99
75.01
75.03
75.02
75.04
75.04
75.08
75.10
75.07
75.05
75.07
75.05
75.08
75.11
75.12
75.10
75.09
75.04
75.02
75.06
75.05
75.02
75.01
75.03
75.05
75.06
75.06
75.04
75.02
75.02
75.01
74.99
74.98
74.97
74.97
74.96
74.98
74.99
74.99
75.01
75.00
75.02
75.03
75.04
75.05
75.04
75.02
75.02
74.99
75.00
74.99
74.99
75.04
75.04
75.03
75.02
75.04
75.05
75.04
75.02
75.03
75.04
75.04
75.06
75.06
75.06
75.07
75.10
75.08
75.07
75.04
75.04
75.05
75.05
75.04
75.01
75.00
75.01
75.00
75.00
75.00
74.98
74.99
74.99
74.99
75.00
75.00
75.03
75.03
75.04
75.03
75.00
75.03
75.04
75.02
75.05
75.05
75.05
75.05
75.06
75.07
75.08
75.08
75.08
75.08
75.09
75.09
75.10
75.13
75.13
75.12
75.10
75.10
75.08
75.09
75.07
75.09
75.09
75.11
75.11
75.10
75.10
75.12
75.11
75.12
75.14
75.15
75.14
75.14
75.14
75.16
75.18
75.19
75.19
75.21
75.22
75.19
75.18
75.18
75.20
75.21
75.20
75.21
75.22
75.23
75.24
75.25
75.26
75.27
75.27
75.28
75.26
75.26
75.24
75.25
75.23
75.24
75.23
75.26
75.27
75.29
75.28
75.29
75.29
75.32
75.29
75.29
75.26
75.26
75.25
75.23
75.22
75.21
75.18
75.20
75.18
75.17
75.18
75.17
75.17
75.18
75.19
75.19
75.19
75.16
75.17
75.16
75.15
75.16
75.16
75.17
75.17
75.20
75.18
75.18
75.19
75.19
75.19
75.17
75.18
75.18
75.17
75.18
75.19
75.19
75.17
75.18
75.18
75.17
75.16
75.16
75.17
75.16
75.16
75.15
75.16
75.19
75.19
75.20
75.20
75.21
75.20
75.21
75.20
75.22
75.21
75.20
75.19
75.19
75.18
75.18
75.18
75.16
75.17
75.16
75.13
75.12
75.11
75.12
75.12
75.11
75.12
75.13
75.14
75.14
75.14
75.14
75.13
75.14
75.14
75.15
75.13
75.13
75.13
75.11
75.10
75.12
75.13
75.13
75.14
75.14
75.13
75.12
75.13
75.12
75.13
75.15
75.13
75.12
75.13
75.14
75.14
75.15
75.15
75.16
75.17
75.16
75.17
75.16
75.17
75.16
75.16
75.16
75.16
75.15
75.16
75.17
75.15
75.16
75.18
75.18
75.19
75.17
75.16
75.16
75.16
75.16
75.18
75.18
75.17
75.17
75.17
75.17
75.17
75.16
75.15
75.16
75.17
75.19
75.18
75.17
75.18
75.20
75.21
75.22
75.22
75.21
75.21
75.20
75.19
75.19
75.20
75.21
75.20
75.20
75.20
75.20
75.21
75.22
75.20
75.20
75.21
75.20
75.19
75.20
75.20
75.19
75.19
75.20
75.20
75.20
75.19
75.19
75.18
75.19
75.20
75.20
75.20
75.21
75.20
75.21
75.20
75.21
75.21
75.22
75.22
75.23
75.23
75.23
75.22
75.20
75.20
75.20
75.20
75.21
75.20
75.20
75.20
75.19
75.20
75.22
75.22
75.21
75.20
75.20
75.19
75.19
75.19
75.19
75.19
75.20
75.20
75.21
75.22
75.21
75.22
75.22
75.23
75.23
75.24
75.26
75.26
75.25
75.25
75.25
75.24
75.24
75.25
75.25
75.25
75.25
75.25
75.25
75.26
75.26
75.25
75.26
75.25
75.25
75.24
75.25
75.25
75.24
75.23
75.22
75.22
75.21
75.20
75.20
75.20
75.20
75.18
75.16
75.16
75.15
75.15
75.16
75.17
75.16
75.17
75.17
75.19
75.20
75.20
75.19
75.20
75.19
75.19
75.19
75.21
75.19
75.20
75.21
75.22
75.23
75.22
75.22
75.21
75.21
75.21
75.20
75.21
75.21
75.20
75.20
75.19
75.21
75.20
75.20
75.19
75.19
75.19
75.19
75.19
75.20
75.20
75.20
75.21
75.21
75.21
75.22
75.22
75.22
75.21
75.20
75.19
75.19
75.19
75.19
75.20
75.19
75.19
75.19
75.18
75.18
75.20
75.20
75.19
75.19
75.19
75.20
75.20
75.20
75.19
75.20
75.19
75.18
75.18
75.17
75.17
75.18
75.18
75.17
75.18
75.18
75.19
75.18
75.17
75.19
75.19
75.19
75.17
75.16
75.17
75.17
75.17
75.17
75.17
75.17
75.17
75.17
75.17
75.17
75.17
75.17
75.17
75.16
75.15
75.16
75.15
75.07
