82.81
79.69
79.69
78.52
76.88
76.04
76.56
75.78
77.08
76.72
76.42
76.04
75.84
75.89
76.04
75.78
75.83
75.78
75.66
75.16
75.15
75.57
75.00
75.00
74.56
73.86
73.73
73.77
73.71
73.54
73.24
73.34
72.96
72.93
72.86
72.96
72.97
72.94
73.08
72.89
72.83
72.66
72.64
72.59
72.71
72.72
72.64
72.66
72.74
72.62
72.82
72.93
73.02
73.12
73.24
73.24
73.33
73.25
73.31
73.18
73.10
73.06
73.04
73.10
73.08
73.18
73.23
73.14
73.19
73.04
73.09
73.09
73.03
72.93
73.04
73.07
73.15
73.06
72.98
73.09
73.09
73.13
73.14
73.18
73.12
73.20
73.17
73.15
73.21
73.18
73.09
73.03
73.00
73.02
72.96
72.92
72.94
72.99
73.03
72.94
72.87
72.92
72.94
72.90
72.95
72.92
72.84
72.70
72.62
72.47
72.49
72.54
72.62
72.71
72.64
72.68
72.68
72.63
72.51
72.45
72.46
72.52
72.54
72.51
72.50
72.57
72.58
72.51
72.47
72.42
72.35
72.42
72.43
72.49
72.57
72.56
72.58
72.59
72.49
72.53
72.54
72.55
72.52
72.59
72.54
72.56
72.54
72.59
72.56
72.56
72.54
72.58
72.55
72.53
72.50
72.47
72.49
72.42
72.42
72.42
72.50
72.47
72.46
72.45
72.47
72.44
72.42
72.41
72.37
72.38
72.40
72.42
72.41
72.40
72.43
72.42
72.40
72.37
72.36
72.32
72.30
72.29
72.31
72.34
72.33
72.32
72.33
72.37
72.40
72.44
72.41
72.42
72.42
72.39
72.44
72.50
72.49
72.47
72.42
72.45
72.42
72.43
72.46
72.40
72.45
72.42
72.40
72.40
72.40
72.43
72.47
72.46
72.48
72.46
72.42
72.36
72.36
72.33
72.37
72.39
72.44
72.43
72.46
72.48
72.47
72.48
72.47
72.49
72.47
72.43
72.43
72.45
72.45
72.46
72.43
72.40
72.40
72.43
72.47
72.48
72.45
72.41
72.43
72.44
72.40
72.41
72.39
72.42
72.39
72.42
72.42
72.44
72.46
72.48
72.49
72.52
72.53
72.50
72.50
72.51
72.52
72.51
72.52
72.51
72.56
72.56
72.55
72.55
72.54
72.53
72.50
72.50
72.52
72.57
72.57
72.58
72.58
72.57
72.59
72.63
72.63
72.64
72.65
72.65
72.66
72.62
72.61
72.61
72.60
72.62
72.61
72.59
72.60
72.60
72.57
72.59
72.61
72.63
72.63
72.65
72.64
72.62
72.64
72.67
72.67
72.67
72.66
72.65
72.63
72.64
72.67
72.70
72.69
72.65
72.66
72.65
72.68
72.70
72.69
72.70
72.70
72.69
72.70
72.70
72.72
72.72
72.73
72.73
72.73
72.73
72.73
72.75
72.73
72.74
72.71
72.72
72.73
72.73
72.71
72.72
72.72
72.70
72.69
72.69
72.69
72.68
72.68
72.67
72.67
72.68
72.69
72.70
72.71
72.73
72.74
72.72
72.72
72.73
72.72
72.76
72.78
72.78
72.79
72.79
72.81
72.84
72.82
72.83
72.82
72.85
72.84
72.83
72.85
72.84
72.83
72.80
72.80
72.82
72.80
72.80
72.81
72.79
72.78
72.79
72.76
72.75
72.75
72.74
72.73
72.72
72.71
72.72
72.73
72.75
72.74
72.75
72.76
72.76
72.78
72.78
72.78
72.77
72.77
72.78
72.77
72.78
72.80
72.79
72.80
72.82
72.83
72.84
72.85
72.83
72.82
72.83
72.83
72.83
72.86
72.87
72.89
72.90
72.89
72.89
72.88
72.89
72.89
72.90
72.89
72.90
72.89
72.89
72.90
72.89
72.91
72.90
72.92
72.92
72.91
72.90
72.92
72.90
72.90
72.89
72.88
72.86
72.86
72.86
72.86
72.85
72.84
72.83
72.85
72.86
72.84
72.85
72.87
72.85
72.85
72.85
72.85
72.87
72.87
72.85
72.86
72.82
72.83
72.82
72.84
72.84
72.82
72.82
72.82
72.79
72.79
72.80
72.80
72.79
72.78
72.79
72.79
72.78
72.77
72.77
72.78
72.78
72.77
72.76
72.75
72.76
72.76
72.77
72.78
72.79
72.79
72.79
72.79
72.80
72.80
72.82
72.81
72.80
72.81
72.82
72.81
72.82
72.83
72.84
72.84
72.82
72.82
72.80
72.79
72.80
72.81
72.82
72.82
72.82
72.82
72.82
72.82
72.82
72.83
72.83
72.83
72.84
72.83
72.82
72.82
72.82
72.84
72.84
72.85
72.83
72.82
72.84
72.83
72.81
72.83
72.84
72.84
72.84
72.84
72.84
72.83
72.82
72.82
72.81
72.80
72.78
72.78
72.76
72.76
72.76
72.78
72.77
72.77
72.77
72.78
72.78
72.79
72.80
72.80
72.81
72.81
72.80
72.80
72.81
72.82
72.82
72.82
72.83
72.84
72.85
72.86
72.86
72.85
72.85
72.86
72.86
72.85
72.85
72.85
72.84
72.84
72.84
72.83
72.82
72.82
72.82
72.81
72.82
72.84
72.85
72.84
72.82
72.83
72.82
72.81
72.80
72.79
72.79
72.80
72.79
72.80
72.79
72.78
72.79
72.79
72.79
72.79
72.78
72.76
72.77
72.76
72.77
72.76
72.76
72.76
72.75
72.77
72.77
72.77
72.78
72.77
72.77
72.77
72.79
72.78
72.78
72.78
72.78
72.79
72.79
72.79
72.79
72.79
72.78
72.78
72.79
72.78
72.79
72.79
72.78
72.76
72.77
72.77
72.77
72.78
72.78
72.78
72.79
72.77
72.76
72.77
72.77
72.76
72.78
72.79
72.78
72.79
72.77
72.77
72.77
72.78
72.79
72.79
72.79
72.79
72.80
72.79
72.79
72.80
72.81
72.80
72.81
72.81
72.80
72.80
72.81
72.80
72.79
72.80
72.79
72.78
72.79
72.80
72.79
72.77
72.77
72.77
72.74
72.73
72.74
72.74
72.75
72.75
72.74
72.74
72.73
72.72
72.73
72.73
72.72
72.72
72.72
72.73
72.73
72.74
72.74
72.74
72.74
72.75
72.74
72.74
72.73
72.73
72.73
72.73
72.71
72.71
72.71
72.71
72.70
72.71
72.71
72.72
72.72
72.72
72.72
72.74
72.74
72.74
72.73
72.74
72.74
72.73
72.73
72.72
72.73
72.73
72.73
72.73
72.73
72.74
72.74
72.75
72.75
72.75
72.75
72.75
72.73
72.73
72.73
72.73
72.74
72.73
72.73
72.73
72.74
72.75
72.74
72.74
72.74
72.73
72.73
72.73
72.73
72.72
72.72
72.73
72.74
72.72
72.72
72.73
72.73
72.75
72.75
72.75
72.75
72.75
72.67
