71.88
69.53
72.40
69.53
69.69
69.53
69.20
69.53
69.27
69.69
70.45
70.96
71.27
71.54
71.25
71.29
70.50
70.14
69.74
69.61
69.79
69.53
69.57
69.86
70.00
70.37
69.91
69.70
69.61
69.53
69.30
69.19
69.27
69.53
69.46
69.23
69.34
69.28
69.27
69.57
69.25
69.20
69.04
68.93
68.89
69.12
69.08
69.17
69.23
69.28
69.39
69.41
69.19
69.07
68.98
68.78
68.70
68.70
68.78
68.78
68.83
68.90
68.82
68.97
69.01
69.01
68.91
68.89
68.82
68.79
68.71
68.55
68.58
68.67
68.58
68.59
68.49
68.57
68.61
68.75
68.85
68.71
68.54
68.45
68.42
68.35
68.35
68.27
68.26
68.33
68.37
68.24
68.16
68.28
68.29
68.33
68.30
68.29
68.31
68.30
68.36
68.38
68.31
68.31
68.41
68.35
68.33
68.34
68.33
68.31
68.36
68.30
68.27
68.31
68.36
68.28
68.27
68.30
68.29
68.31
68.34
68.37
68.43
68.37
68.45
68.35
68.42
68.40
68.40
68.41
68.42
68.45
68.43
68.44
68.50
68.54
68.50
68.48
68.48
68.54
68.47
68.46
68.53
68.53
68.58
68.58
68.64
68.68
68.73
68.70
68.70
68.70
68.69
68.64
68.60
68.55
68.56
68.52
68.53
68.46
68.50
68.52
68.51
68.45
68.47
68.51
68.49
68.50
68.54
68.56
68.58
68.58
68.52
68.51
68.55
68.59
68.61
68.63
68.69
68.70
68.70
68.69
68.64
68.59
68.53
68.51
68.53
68.49
68.50
68.52
68.55
68.53
68.56
68.54
68.54
68.55
68.58
68.56
68.59
68.57
68.57
68.56
68.57
68.56
68.57
68.52
68.54
68.56
68.53
68.52
68.53
68.52
68.55
68.55
68.59
68.57
68.58
68.56
68.55
68.52
68.54
68.52
68.50
68.46
68.44
68.51
68.54
68.49
68.50
68.51
68.53
68.52
68.53
68.52
68.52
68.51
68.56
68.57
68.54
68.51
68.48
68.49
68.49
68.52
68.51
68.55
68.57
68.57
68.57
68.60
68.61
68.60
68.62
68.60
68.63
68.62
68.62
68.65
68.65
68.68
68.72
68.70
68.71
68.70
68.69
68.68
68.66
68.65
68.65
68.66
68.65
68.65
68.70
68.72
68.69
68.70
68.72
68.78
68.78
68.81
68.79
68.76
68.74
68.77
68.77
68.73
68.74
68.76
68.74
68.74
68.76
68.71
68.70
68.71
68.70
68.72
68.70
68.71
68.72
68.77
68.77
68.76
68.73
68.74
68.76
68.77
68.77
68.78
68.78
68.78
68.79
68.81
68.78
68.77
68.79
68.82
68.82
68.81
68.82
68.82
68.82
68.83
68.85
68.82
68.83
68.85
68.85
68.88
68.91
68.92
68.89
68.87
68.87
68.85
68.84
68.82
68.80
68.78
68.76
68.77
68.78
68.80
68.80
68.80
68.79
68.78
68.76
68.78
68.75
68.76
68.75
68.76
68.75
68.77
68.76
68.77
68.77
68.78
68.79
68.78
68.79
68.81
68.82
68.81
68.81
68.81
68.79
68.79
68.82
68.82
68.81
68.80
68.78
68.79
68.78
68.79
68.81
68.82
68.80
68.82
68.80
68.77
68.75
68.75
68.75
68.74
68.73
68.75
68.77
68.78
68.80
68.81
68.81
68.79
68.77
68.78
68.75
68.75
68.75
68.78
68.77
68.77
68.79
68.80
68.81
68.82
68.82
68.81
68.80
68.81
68.81
68.81
68.82
68.78
68.77
68.76
68.74
68.73
68.74
68.75
68.78
68.79
68.80
68.81
68.82
68.82
68.82
68.80
68.79
68.78
68.79
68.79
68.81
68.78
68.75
68.74
68.75
68.77
68.76
68.75
68.75
68.76
68.75
68.76
68.75
68.77
68.76
68.75
68.73
68.73
68.73
68.71
68.71
68.69
68.66
68.69
68.71
68.69
68.68
68.67
68.66
68.67
68.64
68.63
68.63
68.63
68.62
68.63
68.63
68.62
68.60
68.62
68.63
68.65
68.65
68.65
68.64
68.63
68.63
68.62
68.63
68.63
68.61
68.61
68.61
68.61
68.62
68.63
68.63
68.64
68.64
68.63
68.63
68.66
68.65
68.63
68.63
68.62
68.64
68.65
68.65
68.65
68.66
68.66
68.64
68.64
68.64
68.66
68.67
68.67
68.66
68.68
68.69
68.70
68.71
68.72
68.72
68.71
68.71
68.70
68.70
68.69
68.69
68.69
68.68
68.70
68.69
68.67
68.67
68.68
68.69
68.68
68.71
68.73
68.72
68.72
68.72
68.72
68.72
68.72
68.70
68.70
68.70
68.70
68.70
68.70
68.71
68.70
68.73
68.72
68.72
68.69
68.68
68.67
68.67
68.64
68.65
68.65
68.64
68.64
68.65
68.67
68.66
68.66
68.66
68.66
68.67
68.67
68.65
68.64
68.65
68.65
68.64
68.64
68.63
68.63
68.63
68.64
68.63
68.63
68.63
68.62
68.60
68.60
68.61
68.62
68.63
68.62
68.60
68.60
68.62
68.60
68.61
68.61
68.61
68.63
68.64
68.63
68.64
68.64
68.64
68.65
68.66
68.65
68.65
68.63
68.62
68.63
68.63
68.64
68.64
68.64
68.65
68.65
68.64
68.66
68.67
68.68
68.68
68.68
68.68
68.68
68.70
68.71
68.71
68.72
68.72
68.71
68.71
68.70
68.69
68.67
68.66
68.68
68.68
68.68
68.68
68.68
68.68
68.68
68.67
68.66
68.65
68.65
68.66
68.67
68.65
68.66
68.67
68.67
68.65
68.65
68.64
68.63
68.63
68.64
68.64
68.66
68.66
68.67
68.68
68.69
68.69
68.68
68.68
68.68
68.67
68.67
68.65
68.67
68.66
68.68
68.67
68.65
68.65
68.65
68.64
68.64
68.63
68.61
68.61
68.62
68.61
68.61
68.60
68.60
68.61
68.61
68.61
68.62
68.62
68.62
68.61
68.61
68.62
68.60
68.61
68.61
68.60
68.61
68.60
68.59
68.59
68.58
68.58
68.58
68.59
68.59
68.58
68.57
68.57
68.56
68.57
68.57
68.57
68.56
68.55
68.55
68.55
68.57
68.57
68.59
68.57
68.57
68.58
68.57
68.58
68.58
68.58
68.57
68.58
68.58
68.58
68.59
68.58
68.58
68.57
68.56
68.56
68.57
68.56
68.56
68.57
68.56
68.55
68.54
68.54
68.54
68.54
68.51
68.52
68.51
68.50
68.50
68.51
68.51
68.51
68.51
68.51
68.51
68.51
68.51
68.51
68.51
68.52
68.52
68.52
68.54
68.53
68.54
68.54
68.54
68.54
68.54
68.54
68.55
68.55
68.57
68.58
68.59
68.59
68.53
