1.56
3.12
2.60
2.73
3.12
3.12
3.35
3.12
3.12
3.12
3.12
3.12
2.88
3.12
2.92
3.03
3.03
3.04
3.04
3.28
3.35
3.20
3.19
3.06
3.12
3.00
3.12
3.12
3.02
3.02
2.97
2.98
2.89
3.03
3.04
3.04
3.00
3.04
3.08
3.09
3.01
2.98
3.02
2.95
2.99
2.96
2.89
2.90
2.93
2.94
2.97
3.03
3.01
3.01
3.01
3.04
3.10
3.07
3.07
3.02
2.97
2.95
2.93
2.95
2.93
2.94
2.92
2.90
2.85
2.90
2.88
2.89
2.89
2.85
2.81
2.80
2.78
2.80
2.77
2.77
2.82
2.80
2.77
2.79
2.78
2.82
2.80
2.81
2.81
2.81
2.80
2.79
2.82
2.83
2.83
2.83
2.82
2.87
2.87
2.89
2.88
2.86
2.87
2.88
2.86
2.86
2.85
2.88
2.87
2.86
2.84
2.85
2.90
2.93
2.98
2.98
2.95
2.94
2.91
2.90
2.89
2.88
2.87
2.87
2.89
2.90
2.92
2.93
2.92
2.92
2.96
2.98
2.97
2.96
2.96
2.96
2.95
2.97
3.00
2.98
2.99
2.98
2.98
2.97
3.01
3.00
3.01
3.01
3.01
3.00
2.98
2.99
3.01
2.99
2.99
2.99
2.99
2.99
2.98
2.97
2.97
2.97
2.96
2.95
2.97
2.97
2.98
2.96
2.95
2.94
2.93
2.93
2.94
2.95
2.96
2.96
2.97
2.96
2.97
2.98
2.98
2.98
2.98
3.00
3.00
2.99
2.98
2.98
2.98
2.97
2.97
2.95
2.94
2.95
2.94
2.96
2.96
2.98
2.98
3.00
2.99
2.99
3.01
3.00
3.00
3.00
3.00
3.00
3.01
3.00
2.99
2.99
2.98
2.96
2.97
2.96
2.97
2.97
2.96
2.95
2.96
2.96
2.96
2.96
2.94
2.96
2.97
2.97
2.99
2.99
3.00
3.00
2.99
3.00
3.01
3.01
3.01
3.02
3.03
3.06
3.06
3.05
3.05
3.05
3.04
3.07
3.07
3.06
3.07
3.08
3.08
3.07
3.08
3.08
3.07
3.06
3.06
3.06
3.05
3.05
3.05
3.05
3.05
3.05
3.04
3.04
3.03
3.03
3.04
3.04
3.03
3.04
3.03
3.02
3.03
3.03
3.02
3.02
3.02
3.02
3.01
3.00
3.01
3.01
3.02
3.01
3.01
3.00
3.01
3.00
3.00
3.00
3.00
3.00
3.00
3.02
3.02
3.02
3.02
3.03
3.04
3.03
3.02
3.02
3.02
3.01
3.00
3.00
3.02
3.01
3.01
3.00
3.00
2.99
2.99
2.99
3.00
3.00
3.01
3.00
3.00
3.00
3.00
3.00
3.00
3.01
3.00
3.00
2.99
2.98
2.98
2.98
2.99
2.99
2.99
2.99
2.99
2.98
2.97
2.97
2.98
2.98
2.98
2.99
2.99
2.99
2.99
2.99
2.98
2.99
2.99
3.00
2.99
2.98
2.98
2.98
2.97
2.97
2.97
2.98
2.98
2.98
2.98
2.97
2.97
2.97
2.96
2.97
2.97
2.97
2.96
2.95
2.95
2.97
2.96
2.96
2.97
2.96
2.96
2.96
2.95
2.95
2.97
2.97
2.97
2.97
2.97
2.96
2.97
2.96
2.97
2.99
2.98
2.97
2.97
2.98
2.98
2.97
2.98
2.98
2.98
2.97
2.98
2.98
2.99
2.99
2.99
2.98
2.98
2.98
2.98
2.98
2.97
2.98
2.99
2.99
2.99
2.99
2.99
2.99
2.99
2.99
2.99
2.99
2.99
2.99
2.99
2.99
2.99
2.98
2.98
2.97
2.97
2.97
2.97
2.97
2.97
2.97
2.98
2.98
2.97
2.98
2.98
2.98
2.98
2.98
2.98
2.98
2.98
2.97
2.97
2.96
2.96
2.96
2.96
2.95
2.95
2.96
2.97
2.97
2.98
2.98
2.97
2.97
2.96
2.96
2.96
2.95
2.96
2.95
2.94
2.94
2.94
2.95
2.95
2.95
2.95
2.95
2.95
2.95
2.96
2.96
2.96
2.96
2.96
2.96
2.96
2.96
2.96
2.96
2.96
2.97
2.98
2.97
2.97
2.97
2.97
2.97
2.97
2.97
2.96
2.96
2.96
2.95
2.95
2.96
2.95
2.96
2.95
2.95
2.95
2.95
2.95
2.95
2.95
2.96
2.95
2.95
2.95
2.95
2.95
2.95
2.95
2.95
2.96
2.95
2.95
2.96
2.97
2.96
2.96
2.96
2.96
2.96
2.96
2.96
2.97
2.97
2.97
2.97
2.97
2.96
2.96
2.96
2.96
2.96
2.95
2.95
2.95
2.96
2.96
2.96
2.96
2.96
2.97
2.96
2.97
2.97
2.97
2.97
2.97
2.96
2.96
2.96
2.96
2.96
2.97
2.96
2.97
2.96
2.97
2.96
2.97
2.97
2.97
2.98
2.98
2.98
2.98
2.98
2.98
2.98
2.98
2.98
2.98
2.97
2.97
2.96
2.97
2.96
2.97
2.97
2.96
2.96
2.96
2.96
2.96
2.96
2.95
2.95
2.95
2.95
2.95
2.95
2.95
2.95
2.95
2.95
2.95
2.95
2.95
2.95
2.95
2.95
2.95
2.96
2.96
2.96
2.96
2.96
2.96
2.96
2.95
2.95
2.95
2.95
2.95
2.95
2.94
2.94
2.94
2.94
2.94
2.93
2.93
2.93
2.93
2.93
2.94
2.94
2.94
2.95
2.95
2.94
2.94
2.94
2.93
2.94
2.94
2.94
2.94
2.94
2.94
2.94
2.94
2.94
2.94
2.94
2.94
2.94
2.94
2.94
2.94
2.94
2.94
2.93
2.94
2.93
2.93
2.94
2.94
2.94
2.94
2.94
2.94
2.94
2.94
2.94
2.93
2.93
2.94
2.94
2.94
2.93
2.94
2.93
2.93
2.93
2.93
2.93
2.92
2.92
2.92
2.92
2.92
2.92
2.92
2.92
2.92
2.92
2.92
2.92
2.91
2.91
2.92
2.92
2.92
2.92
2.92
2.91
2.91
2.91
2.91
2.91
2.91
2.91
2.92
2.91
2.91
2.91
2.91
2.91
2.91
2.90
2.90
2.90
2.90
2.90
2.90
2.90
2.90
2.90
2.90
2.90
2.90
2.89
2.89
2.89
2.89
2.89
2.90
2.90
2.91
2.90
2.91
2.91
2.91
2.91
2.91
2.92
2.92
2.92
2.93
2.92
2.92
2.93
2.93
2.93
2.93
2.93
2.93
2.92
2.92
2.92
2.92
2.92
2.92
2.91
2.91
2.91
2.92
2.91
2.91
2.92
2.92
2.92
2.92
2.92
2.92
2.92
2.92
2.92
