71.88
74.22
73.44
74.22
75.62
74.48
74.11
75.20
75.69
76.09
76.28
76.17
76.32
75.89
75.21
75.29
75.18
74.83
74.34
74.30
74.33
74.50
74.73
74.28
74.38
74.34
74.25
74.22
74.62
74.90
74.75
74.76
74.67
74.40
74.38
74.48
74.41
74.67
74.76
74.65
74.50
74.70
74.49
74.47
74.48
74.35
74.57
74.54
74.68
74.84
74.94
74.91
75.00
75.03
75.03
75.06
75.05
74.97
74.95
74.90
74.92
74.87
74.88
75.10
75.07
75.21
75.09
75.05
74.93
75.00
75.02
74.91
74.89
75.00
75.00
75.06
75.08
75.06
75.12
75.04
75.10
75.04
75.09
75.24
75.33
75.33
75.32
75.32
75.28
75.21
75.07
75.08
75.07
75.05
75.03
74.97
74.89
74.84
74.84
75.02
74.95
74.94
74.95
74.89
74.87
74.84
74.72
74.75
74.70
74.77
74.75
74.67
74.71
74.70
74.69
74.66
74.68
74.66
74.58
74.60
74.57
74.59
74.64
74.60
74.68
74.63
74.62
74.67
74.67
74.65
74.62
74.55
74.53
74.49
74.49
74.51
74.50
74.50
74.55
74.58
74.61
74.67
74.60
74.57
74.58
74.61
74.60
74.61
74.57
74.56
74.64
74.67
74.68
74.67
74.60
74.56
74.54
74.49
74.48
74.51
74.52
74.58
74.57
74.58
74.67
74.65
74.65
74.64
74.71
74.67
74.67
74.68
74.77
74.78
74.75
74.77
74.78
74.79
74.75
74.84
74.83
74.85
74.84
74.86
74.87
74.91
74.87
74.88
74.90
74.88
74.89
74.89
74.90
74.92
74.94
74.98
74.94
74.94
74.92
74.95
74.91
74.94
74.92
74.91
74.85
74.82
74.84
74.87
74.88
74.90
74.92
74.91
74.90
74.86
74.85
74.87
74.87
74.83
74.84
74.82
74.83
74.82
74.82
74.78
74.76
74.74
74.72
74.71
74.71
74.74
74.74
74.73
74.75
74.71
74.72
74.72
74.72
74.74
74.68
74.71
74.71
74.76
74.78
74.73
74.73
74.77
74.75
74.75
74.76
74.74
74.76
74.73
74.73
74.72
74.68
74.68
74.65
74.65
74.64
74.69
74.66
74.66
74.66
74.67
74.66
74.63
74.62
74.63
74.66
74.67
74.67
74.66
74.68
74.65
74.63
74.62
74.65
74.63
74.61
74.64
74.64
74.65
74.65
74.64
74.65
74.68
74.66
74.67
74.67
74.69
74.73
74.76
74.75
74.77
74.76
74.75
74.74
74.73
74.79
74.80
74.80
74.76
74.76
74.77
74.77
74.76
74.77
74.78
74.79
74.81
74.83
74.83
74.85
74.84
74.81
74.81
74.81
74.76
74.77
74.79
74.81
74.83
74.85
74.86
74.89
74.90
74.88
74.88
74.86
74.83
74.82
74.82
74.83
74.83
74.82
74.81
74.80
74.82
74.84
74.84
74.85
74.84
74.83
74.81
74.82
74.80
74.82
74.83
74.83
74.83
74.84
74.87
74.88
74.90
74.89
74.87
74.84
74.84
74.85
74.82
74.81
74.84
74.83
74.85
74.83
74.84
74.83
74.85
74.84
74.84
74.81
74.77
74.79
74.78
74.78
74.77
74.78
74.79
74.79
74.79
74.79
74.78
74.79
74.82
74.81
74.83
74.87
74.86
74.88
74.88
74.86
74.86
74.86
74.85
74.86
74.83
74.83
74.84
74.84
74.84
74.86
74.86
74.86
74.88
74.88
74.88
74.88
74.87
74.89
74.88
74.89
74.91
74.89
74.89
74.90
74.92
74.92
74.92
74.92
74.92
74.92
74.94
74.94
74.93
74.93
74.93
74.93
74.93
74.92
74.91
74.91
74.93
74.92
74.90
74.90
74.89
74.89
74.91
74.93
74.96
74.97
74.96
74.97
74.98
74.96
74.96
74.95
74.97
74.98
74.98
74.98
74.97
74.97
74.96
74.96
74.95
74.93
74.92
74.92
74.92
74.94
74.93
74.93
74.92
74.93
74.94
74.93
74.90
74.89
74.89
74.89
74.91
74.88
74.89
74.89
74.90
74.91
74.91
74.92
74.92
74.93
74.91
74.89
74.90
74.92
74.92
74.93
74.94
74.94
74.93
74.93
74.95
74.95
74.96
74.96
74.96
74.95
74.98
74.99
74.99
74.97
74.98
74.98
74.98
74.99
75.00
75.00
74.99
75.00
74.99
74.98
74.96
74.95
74.96
74.95
74.96
74.97
74.97
74.96
74.96
74.94
74.94
74.93
74.94
74.93
74.93
74.92
74.90
74.91
74.91
74.91
74.92
74.92
74.92
74.91
74.92
74.91
74.90
74.91
74.91
74.93
74.93
74.92
74.91
74.90
74.91
74.90
74.90
74.89
74.90
74.90
74.90
74.90
74.90
74.91
74.91
74.92
74.90
74.90
74.90
74.90
74.90
74.93
74.94
74.93
74.93
74.94
74.92
74.90
74.87
74.87
74.86
74.84
74.84
74.83
74.82
74.81
74.80
74.79
74.80
74.77
74.78
74.76
74.78
74.79
74.79
74.80
74.81
74.82
74.80
74.79
74.79
74.79
74.80
74.81
74.80
74.77
74.80
74.80
74.80
74.79
74.81
74.80
74.80
74.79
74.79
74.78
74.78
74.78
74.78
74.78
74.79
74.79
74.78
74.78
74.78
74.77
74.78
74.76
74.76
74.76
74.74
74.73
74.73
74.71
74.72
74.73
74.73
74.71
74.72
74.73
74.73
74.74
74.74
74.74
74.74
74.74
74.75
74.74
74.73
74.73
74.73
74.74
74.74
74.74
74.75
74.76
74.75
74.76
74.75
74.75
74.76
74.75
74.75
74.75
74.75
74.75
74.75
74.76
74.77
74.78
74.80
74.78
74.79
74.78
74.78
74.77
74.76
74.77
74.77
74.77
74.78
74.77
74.77
74.78
74.78
74.78
74.77
74.77
74.78
74.79
74.78
74.78
74.78
74.77
74.77
74.77
74.76
74.77
74.77
74.78
74.77
74.76
74.75
74.76
74.76
74.77
74.76
74.76
74.75
74.76
74.77
74.77
74.78
74.77
74.77
74.79
74.79
74.79
74.79
74.78
74.77
74.78
74.77
74.77
74.76
74.77
74.77
74.76
74.76
74.75
74.74
74.75
74.74
74.75
74.75
74.75
74.75
74.76
74.76
74.78
74.77
74.75
74.75
74.76
74.76
74.75
74.75
74.75
74.75
74.76
74.76
74.76
74.76
74.77
74.76
74.77
74.76
74.76
74.76
74.75
74.75
74.74
74.75
74.75
74.76
74.76
74.74
74.75
74.75
74.76
74.76
74.76
74.74
74.74
74.73
74.74
74.74
74.75
74.75
74.75
74.76
74.75
74.76
74.76
74.75
74.76
74.76
74.77
74.78
74.79
74.72
