75.00
72.66
73.96
76.56
76.88
75.52
74.78
75.78
75.35
75.31
74.86
75.26
75.24
76.12
76.46
77.05
77.30
77.08
76.97
77.03
77.01
77.06
76.90
76.69
76.69
76.68
76.97
76.90
76.94
76.67
76.71
76.56
76.66
76.65
76.79
76.65
76.48
76.77
76.52
76.37
76.26
76.15
76.16
76.24
76.11
76.05
76.16
76.01
76.18
76.09
75.92
75.93
75.91
75.87
75.94
75.75
75.82
75.81
75.87
75.81
75.87
75.91
75.92
75.90
75.84
75.80
75.79
75.76
75.86
75.85
75.73
75.69
75.68
75.61
75.69
75.78
75.81
75.94
75.89
75.90
75.93
75.97
75.94
75.91
75.88
75.76
75.77
75.67
75.70
75.75
75.70
75.70
75.77
75.90
75.90
75.94
75.89
75.97
75.96
76.00
76.01
76.04
75.96
75.96
76.00
76.00
75.98
75.95
75.89
75.84
75.79
75.77
75.79
75.77
75.84
75.85
75.89
75.91
75.93
75.96
76.01
76.05
75.94
76.05
75.99
75.98
75.97
75.95
75.93
75.95
76.00
75.98
75.95
75.90
75.91
75.94
75.94
75.93
75.91
75.96
75.94
76.02
75.97
75.95
75.93
75.88
75.84
75.81
75.85
75.83
75.87
75.88
75.86
75.79
75.81
75.83
75.87
75.81
75.80
75.84
75.84
75.87
75.86
75.93
75.89
75.89
75.85
75.85
75.82
75.75
75.72
75.72
75.73
75.73
75.75
75.75
75.74
75.73
75.72
75.72
75.67
75.70
75.74
75.74
75.76
75.71
75.71
75.71
75.71
75.74
75.71
75.70
75.67
75.69
75.71
75.68
75.67
75.67
75.71
75.73
75.74
75.79
75.69
75.71
75.66
75.64
75.61
75.64
75.64
75.68
75.67
75.66
75.68
75.68
75.68
75.65
75.66
75.70
75.68
75.63
75.59
75.60
75.60
75.59
75.59
75.56
75.53
75.51
75.53
75.53
75.55
75.57
75.56
75.55
75.57
75.62
75.61
75.64
75.65
75.68
75.69
75.72
75.72
75.70
75.71
75.74
75.75
75.79
75.80
75.76
75.79
75.80
75.82
75.81
75.78
75.78
75.79
75.80
75.83
75.85
75.84
75.81
75.83
75.82
75.83
75.82
75.83
75.82
75.80
75.84
75.84
75.85
75.90
75.90
75.87
75.87
75.86
75.85
75.87
75.89
75.91
75.89
75.89
75.85
75.84
75.82
75.81
75.78
75.79
75.78
75.78
75.80
75.79
75.80
75.79
75.79
75.79
75.77
75.74
75.77
75.77
75.77
75.79
75.81
75.81
75.83
75.84
75.80
75.79
75.79
75.80
75.78
75.80
75.80
75.80
75.81
75.81
75.80
75.79
75.77
75.76
75.78
75.77
75.78
75.80
75.78
75.80
75.82
75.83
75.85
75.85
75.87
75.84
75.85
75.85
75.86
75.86
75.88
75.88
75.85
75.85
75.86
75.87
75.86
75.86
75.84
75.85
75.84
75.84
75.85
75.84
75.84
75.85
75.84
75.86
75.86
75.86
75.85
75.82
75.83
75.84
75.85
75.86
75.85
75.86
75.86
75.87
75.87
75.87
75.87
75.86
75.86
75.85
75.84
75.85
75.88
75.89
75.87
75.85
75.88
75.86
75.88
75.89
75.88
75.87
75.86
75.86
75.87
75.90
75.91
75.90
75.90
75.92
75.93
75.92
75.93
75.94
75.92
75.93
75.92
75.94
75.93
75.92
75.90
75.91
75.90
75.88
75.87
75.86
75.83
75.85
75.86
75.87
75.86
75.86
75.88
75.88
75.88
75.89
75.86
75.87
75.86
75.84
75.83
75.82
75.84
75.81
75.81
75.82
75.81
75.80
75.82
75.80
75.78
75.80
75.82
75.79
75.80
75.82
75.82
75.82
75.82
75.80
75.81
75.79
75.80
75.80
75.81
75.81
75.81
75.81
75.80
75.81
75.81
75.81
75.81
75.81
75.79
75.82
75.84
75.85
75.86
75.85
75.84
75.84
75.86
75.85
75.83
75.82
75.82
75.82
75.82
75.84
75.86
75.85
75.85
75.85
75.87
75.87
75.87
75.87
75.86
75.87
75.87
75.86
75.86
75.86
75.85
75.85
75.87
75.88
75.85
75.85
75.85
75.85
75.85
75.85
75.86
75.85
75.86
75.85
75.85
75.85
75.83
75.84
75.83
75.81
75.81
75.80
75.79
75.78
75.78
75.78
75.78
75.80
75.82
75.82
75.84
75.84
75.84
75.84
75.85
75.83
75.83
75.84
75.85
75.85
75.85
75.86
75.86
75.86
75.87
75.85
75.84
75.84
75.84
75.84
75.83
75.83
75.82
75.82
75.83
75.82
75.83
75.83
75.84
75.85
75.84
75.84
75.84
75.83
75.83
75.83
75.84
75.85
75.86
75.85
75.85
75.85
75.85
75.86
75.86
75.87
75.87
75.86
75.88
75.88
75.89
75.89
75.89
75.88
75.88
75.86
75.86
75.87
75.89
75.89
75.88
75.87
75.87
75.88
75.88
75.88
75.87
75.87
75.87
75.87
75.87
75.87
75.88
75.89
75.90
75.90
75.91
75.92
75.91
75.91
75.91
75.92
75.91
75.91
75.90
75.88
75.88
75.88
75.89
75.89
75.87
75.87
75.89
75.89
75.88
75.89
75.90
75.90
75.89
75.89
75.88
75.88
75.88
75.88
75.87
75.87
75.87
75.86
75.86
75.86
75.85
75.85
75.86
75.87
75.87
75.88
75.87
75.87
75.87
75.87
75.86
75.86
75.84
75.85
75.84
75.86
75.85
75.84
75.84
75.85
75.86
75.86
75.86
75.83
75.81
75.81
75.81
75.80
75.79
75.80
75.80
75.80
75.78
75.78
75.78
75.78
75.77
75.76
75.77
75.78
75.78
75.78
75.76
75.76
75.76
75.76
75.75
75.76
75.76
75.75
75.75
75.75
75.74
75.73
75.72
75.72
75.72
75.72
75.71
75.72
75.72
75.72
75.72
75.71
75.71
75.71
75.70
75.71
75.73
75.73
75.73
75.74
75.75
75.76
75.75
75.75
75.75
75.76
75.76
75.76
75.77
75.77
75.77
75.78
75.78
75.78
75.76
75.76
75.75
75.75
75.75
75.75
75.76
75.75
75.74
75.74
75.74
75.74
75.74
75.75
75.74
75.75
75.74
75.74
75.74
75.72
75.73
75.72
75.72
75.73
75.72
75.72
75.72
75.72
75.70
75.70
75.70
75.69
75.69
75.69
75.70
75.70
75.70
75.72
75.70
75.70
75.70
75.69
75.70
75.71
75.71
75.72
75.71
75.72
75.72
75.73
75.73
75.73
75.73
75.72
75.72
75.72
75.73
75.73
75.75
75.75
75.76
75.75
75.74
75.75
75.75
75.75
75.75
75.77
75.69
