82.81
79.69
81.25
77.73
76.25
75.52
76.12
76.76
77.60
77.34
78.12
77.60
77.28
77.34
77.50
77.73
77.48
77.52
77.63
77.50
77.60
77.63
77.24
77.41
77.50
77.70
77.66
77.85
77.26
77.24
77.17
76.90
76.94
76.93
76.96
76.95
76.94
76.89
76.92
76.84
76.71
76.56
76.56
76.70
76.42
76.29
76.16
76.33
76.37
76.44
76.50
76.50
76.53
76.42
76.48
76.37
76.18
76.37
76.43
76.38
76.28
76.34
76.34
76.34
76.35
76.28
76.33
76.26
76.22
76.32
76.17
76.22
76.26
76.25
76.17
76.07
76.03
76.12
76.17
76.25
76.22
76.22
76.26
76.28
76.27
76.22
76.22
76.21
76.09
76.11
76.12
76.12
76.21
76.20
76.20
76.09
76.01
76.07
76.03
76.06
76.05
76.01
76.11
76.14
76.16
76.14
76.17
76.22
76.28
76.26
76.22
76.23
76.22
76.26
76.25
76.35
76.34
76.28
76.22
76.24
76.18
76.10
76.11
76.02
75.99
76.07
76.02
76.04
76.09
76.15
76.19
76.21
76.21
76.24
76.20
76.25
76.23
76.26
76.28
76.26
76.25
76.28
76.21
76.18
76.20
76.16
76.16
76.14
76.13
76.19
76.24
76.27
76.25
76.27
76.22
76.20
76.18
76.23
76.29
76.28
76.25
76.21
76.14
76.12
76.08
76.07
76.07
76.08
76.06
76.09
76.06
76.08
76.07
76.05
76.02
76.01
76.02
76.02
76.01
76.02
75.94
75.89
75.85
75.83
75.78
75.78
75.79
75.79
75.75
75.73
75.73
75.72
75.74
75.73
75.73
75.77
75.79
75.84
75.84
75.80
75.80
75.84
75.82
75.79
75.76
75.77
75.76
75.74
75.72
75.70
75.69
75.72
75.73
75.74
75.74
75.78
75.78
75.79
75.79
75.82
75.80
75.80
75.78
75.80
75.83
75.78
75.77
75.79
75.74
75.73
75.72
75.78
75.78
75.77
75.79
75.78
75.78
75.75
75.75
75.74
75.73
75.72
75.72
75.72
75.77
75.81
75.82
75.81
75.82
75.86
75.86
75.89
75.90
75.91
75.93
75.91
75.91
75.92
75.92
75.90
75.91
75.90
75.91
75.89
75.87
75.87
75.84
75.85
75.80
75.82
75.81
75.82
75.82
75.82
75.82
75.81
75.81
75.80
75.82
75.83
75.85
75.85
75.84
75.82
75.82
75.84
75.84
75.86
75.88
75.88
75.89
75.92
75.94
75.95
75.95
75.95
75.97
75.94
75.98
75.96
75.96
76.00
76.01
76.02
76.01
76.00
76.01
76.01
76.00
75.98
75.98
76.00
75.99
75.97
75.97
75.97
75.96
75.97
75.98
75.96
75.92
75.94
75.94
75.94
75.95
75.96
75.97
76.00
75.99
75.97
75.97
75.97
75.97
75.98
75.97
75.98
75.97
75.96
75.98
75.98
75.99
76.01
76.02
76.04
76.05
76.06
76.04
76.05
76.08
76.09
76.10
76.12
76.12
76.12
76.14
76.14
76.12
76.12
76.15
76.16
76.12
76.11
76.10
76.10
76.11
76.12
76.12
76.12
76.11
76.10
76.09
76.09
76.09
76.06
76.05
76.06
76.06
76.07
76.08
76.08
76.10
76.10
76.09
76.12
76.13
76.11
76.10
76.08
76.07
76.07
76.04
76.04
76.02
76.03
76.01
76.02
76.02
76.01
76.01
75.99
75.99
76.01
76.00
76.01
76.01
76.01
76.02
76.01
75.99
75.99
75.98
76.00
76.01
76.00
76.00
76.00
75.97
75.97
75.97
75.96
75.95
75.94
75.93
75.95
75.96
75.94
75.94
75.95
75.94
75.94
75.94
75.95
75.93
75.92
75.92
75.94
75.94
75.93
75.94
75.92
75.91
75.91
75.92
75.92
75.92
75.89
75.88
75.88
75.87
75.88
75.87
75.86
75.86
75.85
75.86
75.87
75.88
75.88
75.89
75.89
75.90
75.92
75.93
75.91
75.91
75.91
75.91
75.89
75.89
75.88
75.88
75.88
75.90
75.89
75.88
75.88
75.88
75.88
75.88
75.88
75.88
75.88
75.90
75.90
75.90
75.90
75.89
75.89
75.88
75.88
75.89
75.90
75.91
75.90
75.92
75.92
75.92
75.92
75.92
75.94
75.93
75.95
75.93
75.92
75.91
75.92
75.93
75.94
75.95
75.96
75.97
75.97
75.96
75.95
75.95
75.95
75.96
75.94
75.94
75.96
75.95
75.95
75.96
75.98
75.95
75.96
75.94
75.94
75.95
75.96
75.97
75.97
75.97
75.99
75.99
75.99
75.99
75.98
75.98
75.99
75.98
75.98
75.99
75.99
75.99
75.99
75.99
76.00
76.00
76.01
76.01
76.02
76.01
76.01
76.01
76.01
76.00
76.00
76.00
75.98
75.98
75.97
75.96
75.96
75.96
75.96
75.96
75.95
75.94
75.95
75.94
75.94
75.95
75.97
75.98
75.98
75.97
75.97
75.98
75.99
76.00
76.00
75.99
76.00
75.99
75.99
76.00
76.00
76.01
76.02
76.03
76.03
76.04
76.05
76.06
76.06
76.08
76.08
76.09
76.08
76.08
76.06
76.07
76.07
76.06
76.06
76.07
76.05
76.05
76.06
76.07
76.07
76.07
76.07
76.08
76.08
76.07
76.07
76.07
76.07
76.07
76.08
76.06
76.05
76.04
76.02
76.02
76.03
76.03
76.03
76.01
76.02
76.01
76.00
76.01
76.01
76.01
76.00
76.01
76.01
76.01
76.01
75.99
75.98
75.97
75.98
75.97
75.95
75.95
75.95
75.95
75.93
75.93
75.93
75.93
75.95
75.94
75.95
75.94
75.94
75.95
75.95
75.96
75.97
75.98
75.97
75.96
75.97
75.98
75.99
75.99
75.98
75.99
75.99
75.99
75.99
75.98
75.99
75.99
75.99
75.98
75.98
75.97
75.98
75.99
75.97
75.97
75.97
75.96
75.98
75.96
75.94
75.95
75.95
75.95
75.95
75.94
75.93
75.93
75.92
75.93
75.93
75.94
75.95
75.95
75.95
75.95
75.94
75.94
75.95
75.95
75.95
75.95
75.97
75.97
75.96
75.94
75.95
75.95
75.95
75.95
75.97
75.97
75.98
75.98
75.98
75.99
75.99
76.00
76.00
76.00
76.01
76.00
76.01
76.01
76.02
76.00
76.01
76.01
76.00
76.00
76.00
76.00
76.01
76.02
76.01
76.00
75.99
76.00
76.00
75.99
76.00
76.00
75.99
76.00
76.02
76.02
76.01
76.01
76.00
76.00
75.99
75.99
75.99
75.99
76.00
76.00
76.01
76.01
76.01
75.99
75.99
75.99
75.99
75.99
75.99
75.99
76.00
76.00
76.01
76.01
75.94
