70.31
74.22
75.00
75.78
76.25
76.56
75.22
74.80
75.35
74.69
74.15
74.48
74.88
75.00
74.79
74.12
74.17
74.39
74.59
74.69
74.55
74.57
74.46
74.74
74.44
74.34
74.25
74.00
73.81
74.11
73.99
73.93
73.96
74.22
74.15
74.05
74.24
74.26
74.36
74.57
74.73
74.93
74.85
75.11
75.21
75.17
75.23
75.33
75.16
75.16
75.09
75.18
75.32
75.32
75.26
75.33
75.41
75.40
75.32
75.44
75.46
75.50
75.47
75.66
75.77
75.80
75.75
75.78
75.84
75.96
76.01
75.98
75.96
76.01
76.12
76.25
76.30
76.26
76.29
76.25
76.27
76.35
76.34
76.40
76.40
76.34
76.42
76.30
76.28
76.32
76.43
76.49
76.44
76.55
76.40
76.37
76.24
76.24
76.34
76.33
76.27
76.33
76.44
76.37
76.38
76.36
76.39
76.40
76.39
76.35
76.30
76.30
76.29
76.23
76.18
76.21
76.15
76.22
76.26
76.26
76.25
76.26
76.23
76.25
76.35
76.39
76.38
76.37
76.37
76.41
76.36
76.30
76.29
76.19
76.18
76.15
76.15
76.15
76.18
76.22
76.21
76.17
76.16
76.16
76.19
76.18
76.17
76.19
76.23
76.23
76.21
76.22
76.28
76.26
76.27
76.30
76.32
76.34
76.37
76.44
76.45
76.48
76.50
76.51
76.54
76.53
76.51
76.53
76.58
76.54
76.55
76.57
76.57
76.59
76.58
76.59
76.54
76.54
76.48
76.44
76.42
76.40
76.45
76.41
76.39
76.40
76.38
76.39
76.39
76.36
76.36
76.38
76.35
76.35
76.39
76.41
76.43
76.45
76.47
76.45
76.41
76.41
76.45
76.49
76.50
76.46
76.45
76.39
76.40
76.36
76.39
76.39
76.37
76.37
76.38
76.35
76.35
76.36
76.38
76.39
76.41
76.43
76.39
76.37
76.38
76.35
76.36
76.35
76.36
76.36
76.37
76.39
76.37
76.37
76.40
76.41
76.40
76.42
76.43
76.41
76.41
76.39
76.38
76.38
76.36
76.35
76.32
76.28
76.25
76.26
76.26
76.25
76.23
76.24
76.23
76.23
76.23
76.21
76.21
76.23
76.20
76.20
76.20
76.18
76.20
76.17
76.19
76.21
76.20
76.18
76.19
76.17
76.17
76.17
76.21
76.22
76.21
76.22
76.24
76.27
76.27
76.26
76.26
76.25
76.26
76.28
76.29
76.27
76.29
76.30
76.29
76.32
76.33
76.33
76.33
76.32
76.33
76.32
76.33
76.31
76.30
76.30
76.31
76.31
76.30
76.30
76.31
76.30
76.27
76.24
76.25
76.25
76.29
76.30
76.30
76.32
76.32
76.31
76.29
76.28
76.29
76.29
76.29
76.24
76.24
76.23
76.24
76.25
76.25
76.22
76.20
76.17
76.16
76.15
76.16
76.18
76.19
76.18
76.14
76.14
76.14
76.12
76.12
76.10
76.11
76.13
76.14
76.13
76.16
76.15
76.14
76.14
76.12
76.11
76.12
76.10
76.12
76.12
76.15
76.14
76.15
76.15
76.14
76.11
76.10
76.11
76.13
76.13
76.13
76.12
76.12
76.12
76.11
76.12
76.10
76.10
76.05
76.03
76.04
76.03
76.03
76.04
76.02
76.02
76.01
76.00
75.98
75.97
75.96
75.97
75.98
75.98
75.98
75.98
75.99
75.99
76.00
76.02
76.01
76.01
76.03
76.00
75.99
75.98
76.00
75.99
75.98
75.99
75.97
75.98
75.98
76.00
76.00
76.01
76.01
76.01
76.00
76.01
76.00
75.97
75.98
75.98
75.98
75.99
75.99
75.96
75.97
75.96
75.95
75.96
75.97
75.96
75.96
75.95
75.94
75.94
75.95
75.96
75.93
75.94
75.92
75.94
75.96
75.97
75.96
75.95
75.96
75.99
75.99
76.00
75.99
75.97
75.96
75.96
75.97
75.98
76.00
75.98
75.97
75.98
75.97
75.97
75.97
75.97
75.97
75.95
75.93
75.95
75.94
75.94
75.94
75.95
75.94
75.94
75.94
75.96
75.93
75.93
75.94
75.94
75.94
75.95
75.96
75.96
75.93
75.92
75.91
75.92
75.93
75.92
75.94
75.93
75.93
75.95
75.94
75.94
75.93
75.94
75.94
75.92
75.93
75.93
75.94
75.92
75.93
75.92
75.92
75.92
75.91
75.91
75.90
75.89
75.89
75.88
75.91
75.91
75.92
75.94
75.95
75.95
75.96
75.96
75.96
75.97
75.98
75.98
75.96
75.97
75.97
75.97
75.97
75.98
75.96
75.97
75.96
75.96
75.97
75.96
75.96
75.96
75.96
75.96
75.96
75.94
75.94
75.96
75.95
75.95
75.97
75.95
75.95
75.93
75.94
75.93
75.94
75.95
75.95
75.94
75.94
75.95
75.96
75.97
75.97
75.96
75.97
75.97
75.98
75.99
75.99
75.98
75.98
75.99
75.98
75.98
75.98
75.99
75.98
75.98
75.97
75.96
75.95
75.96
75.96
75.94
75.94
75.92
75.93
75.94
75.92
75.91
75.91
75.89
75.90
75.90
75.88
75.87
75.87
75.87
75.88
75.87
75.88
75.90
75.89
75.88
75.87
75.87
75.87
75.88
75.86
75.86
75.86
75.86
75.86
75.87
75.87
75.87
75.88
75.88
75.89
75.89
75.88
75.87
75.88
75.89
75.88
75.86
75.87
75.87
75.87
75.85
75.85
75.85
75.83
75.83
75.82
75.81
75.83
75.84
75.84
75.84
75.86
75.87
75.87
75.88
75.88
75.87
75.88
75.89
75.89
75.90
75.90
75.91
75.90
75.89
75.89
75.89
75.89
75.90
75.91
75.92
75.91
75.90
75.90
75.88
75.89
75.88
75.89
75.88
75.87
75.88
75.88
75.86
75.88
75.89
75.88
75.88
75.89
75.89
75.89
75.89
75.90
75.91
75.91
75.91
75.92
75.92
75.91
75.91
75.90
75.90
75.89
75.91
75.90
75.91
75.91
75.90
75.90
75.90
75.90
75.90
75.92
75.90
75.91
75.92
75.91
75.91
75.91
75.91
75.93
75.92
75.91
75.91
75.91
75.92
75.92
75.92
75.92
75.93
75.92
75.94
75.93
75.93
75.94
75.95
75.95
75.95
75.94
75.95
75.96
75.97
75.96
75.96
75.96
75.97
75.97
75.96
75.95
75.96
75.95
75.95
75.94
75.93
75.94
75.95
75.94
75.93
75.93
75.94
75.93
75.93
75.92
75.91
75.91
75.92
75.93
75.93
75.93
75.92
75.90
75.89
75.89
75.89
75.89
75.89
75.89
75.88
75.86
75.87
75.86
75.86
75.86
75.85
75.85
75.84
75.83
75.82
75.82
75.81
75.82
75.83
75.84
75.76
