78.12
75.78
76.56
77.34
76.25
76.04
74.33
74.61
75.00
74.53
75.00
75.00
75.48
75.67
76.25
76.56
77.02
77.34
77.38
77.97
78.05
77.98
77.79
77.73
78.00
77.82
78.01
78.07
78.12
78.02
78.18
77.98
78.08
77.62
77.68
77.43
77.49
77.43
77.52
77.42
77.44
77.34
77.11
77.06
77.05
77.11
77.13
77.08
76.98
76.94
76.96
76.92
76.77
76.94
76.96
76.93
76.75
76.83
76.77
76.90
76.82
76.66
76.64
76.73
76.63
76.63
76.49
76.49
76.47
76.50
76.32
76.39
76.43
76.44
76.33
76.34
76.38
76.36
76.34
76.35
76.29
76.30
76.30
76.34
76.32
76.36
76.35
76.33
76.30
76.25
76.27
76.15
76.06
76.06
76.00
76.07
76.05
76.05
76.03
76.05
76.02
76.00
76.05
76.11
76.16
76.21
76.29
76.24
76.25
76.25
76.25
76.34
76.26
76.30
76.33
76.24
76.27
76.30
76.21
76.17
76.19
76.22
76.18
76.13
76.12
76.14
76.11
76.15
76.20
76.23
76.24
76.24
76.19
76.21
76.23
76.15
76.16
76.19
76.18
76.12
76.16
76.17
76.21
76.14
76.20
76.18
76.20
76.24
76.25
76.23
76.23
76.28
76.28
76.26
76.27
76.30
76.25
76.23
76.23
76.13
76.12
76.07
76.11
76.11
76.09
76.09
76.09
76.04
76.05
76.05
76.01
76.00
76.03
75.99
75.97
75.99
76.01
76.03
76.00
76.00
76.04
76.02
76.02
76.01
76.03
76.02
76.02
76.02
76.01
76.00
76.01
76.04
76.04
76.03
76.06
76.09
76.11
76.12
76.08
76.05
76.03
76.02
76.02
75.98
75.96
75.99
75.97
76.02
76.00
76.00
76.00
75.97
75.97
75.95
75.98
75.98
75.94
75.97
75.96
75.94
75.94
75.96
75.93
75.93
76.00
76.02
75.98
75.96
76.00
75.95
75.99
75.99
75.99
75.99
76.00
75.99
75.96
75.92
75.90
75.87
75.89
75.88
75.91
75.91
75.91
75.92
75.90
75.86
75.85
75.84
75.84
75.87
75.88
75.87
75.83
75.82
75.83
75.79
75.78
75.78
75.77
75.76
75.75
75.73
75.75
75.72
75.71
75.69
75.66
75.69
75.70
75.71
75.73
75.79
75.82
75.76
75.76
75.77
75.80
75.83
75.82
75.79
75.75
75.76
75.76
75.74
75.76
75.76
75.77
75.77
75.77
75.77
75.79
75.78
75.78
75.80
75.81
75.82
75.82
75.83
75.83
75.84
75.86
75.85
75.86
75.88
75.87
75.86
75.85
75.84
75.80
75.80
75.77
75.78
75.78
75.78
75.76
75.75
75.76
75.77
75.75
75.74
75.75
75.72
75.71
75.74
75.70
75.70
75.70
75.69
75.70
75.72
75.72
75.69
75.68
75.68
75.70
75.70
75.71
75.70
75.72
75.71
75.72
75.73
75.72
75.73
75.74
75.75
75.75
75.77
75.77
75.77
75.76
75.77
75.77
75.77
75.76
75.76
75.77
75.77
75.78
75.78
75.76
75.75
75.74
75.75
75.74
75.76
75.76
75.76
75.75
75.73
75.71
75.71
75.73
75.75
75.74
75.75
75.76
75.75
75.75
75.75
75.78
75.79
75.80
75.82
75.84
75.83
75.84
75.83
75.81
75.79
75.82
75.82
75.82
75.80
75.80
75.78
75.78
75.79
75.79
75.78
75.78
75.80
75.77
75.81
75.82
75.82
75.81
75.80
75.79
75.79
75.79
75.78
75.77
75.79
75.78
75.78
75.77
75.77
75.78
75.78
75.77
75.77
75.76
75.76
75.78
75.79
75.80
75.81
75.80
75.78
75.78
75.80
75.79
75.79
75.79
75.78
75.78
75.79
75.79
75.81
75.81
75.81
75.79
75.82
75.82
75.81
75.82
75.82
75.80
75.82
75.82
75.83
75.84
75.85
75.84
75.85
75.85
75.84
75.84
75.85
75.84
75.84
75.83
75.83
75.82
75.81
75.82
75.82
75.81
75.78
75.79
75.77
75.78
75.78
75.80
75.80
75.80
75.80
75.82
75.84
75.82
75.83
75.82
75.82
75.82
75.82
75.81
75.80
75.80
75.80
75.79
75.80
75.80
75.79
75.79
75.79
75.76
75.75
75.75
75.73
75.72
75.73
75.72
75.71
75.71
75.71
75.71
75.71
75.72
75.72
75.72
75.73
75.72
75.70
75.70
75.69
75.70
75.68
75.69
75.69
75.70
75.69
75.69
75.71
75.72
75.72
75.72
75.73
75.74
75.75
75.76
75.75
75.75
75.75
75.75
75.76
75.77
75.77
75.77
75.77
75.79
75.77
75.77
75.77
75.77
75.78
75.78
75.76
75.77
75.75
75.75
75.74
75.74
75.75
75.74
75.73
75.73
75.74
75.74
75.72
75.71
75.70
75.71
75.70
75.72
75.72
75.71
75.72
75.72
75.72
75.71
75.71
75.71
75.70
75.70
75.70
75.72
75.72
75.71
75.73
75.72
75.72
75.72
75.72
75.72
75.72
75.72
75.72
75.72
75.73
75.72
75.72
75.72
75.72
75.70
75.70
75.71
75.72
75.71
75.71
75.70
75.72
75.71
75.71
75.72
75.71
75.72
75.72
75.71
75.71
75.72
75.73
75.73
75.74
75.75
75.74
75.75
75.73
75.73
75.72
75.73
75.71
75.71
75.71
75.71
75.72
75.71
75.71
75.70
75.71
75.71
75.71
75.72
75.72
75.73
75.75
75.75
75.73
75.73
75.74
75.73
75.73
75.73
75.74
75.74
75.74
75.74
75.76
75.76
75.77
75.77
75.76
75.76
75.76
75.75
75.74
75.73
75.73
75.73
75.72
75.72
75.72
75.73
75.73
75.73
75.72
75.73
75.73
75.72
75.72
75.73
75.71
75.72
75.71
75.71
75.71
75.71
75.71
75.72
75.73
75.73
75.72
75.73
75.73
75.73
75.74
75.75
75.75
75.74
75.74
75.73
75.72
75.71
75.72
75.71
75.72
75.72
75.71
75.71
75.71
75.71
75.72
75.73
75.74
75.74
75.74
75.74
75.73
75.73
75.73
75.73
75.73
75.74
75.74
75.74
75.75
75.75
75.76
75.75
75.76
75.75
75.76
75.76
75.76
75.76
75.75
75.74
75.74
75.75
75.74
75.74
75.75
75.73
75.74
75.75
75.76
75.76
75.76
75.77
75.77
75.78
75.79
75.79
75.79
75.80
75.81
75.81
75.81
75.82
75.81
75.80
75.80
75.80
75.81
75.81
75.81
75.81
75.81
75.81
75.81
75.81
75.82
75.81
75.80
75.81
75.81
75.80
75.81
75.81
75.81
75.82
75.82
75.82
75.82
75.82
75.80
75.81
75.81
75.81
75.74
