75.00
76.56
75.52
75.78
71.88
69.79
68.53
69.73
69.79
67.81
68.18
68.62
68.63
69.42
69.48
70.12
70.40
70.49
70.15
69.84
69.57
69.39
69.09
69.14
69.12
69.05
69.21
69.42
69.13
69.17
68.90
69.09
68.94
68.80
68.88
69.01
68.96
68.83
68.99
69.45
69.40
69.38
69.30
69.32
69.34
69.29
69.22
69.17
69.26
69.16
69.24
69.23
69.37
69.27
69.40
69.39
69.27
69.37
69.33
69.38
69.39
69.30
69.32
69.31
69.30
69.44
69.38
69.28
69.09
69.13
69.12
69.12
69.07
69.05
68.96
69.00
68.99
68.97
68.87
68.83
68.89
68.88
68.92
68.90
68.92
68.91
68.95
68.86
68.93
68.92
68.97
69.04
69.14
69.13
69.11
69.16
69.10
69.01
69.03
69.05
69.03
69.10
69.05
69.05
69.02
68.99
68.98
69.04
69.07
69.08
69.13
69.10
69.07
69.07
69.04
69.01
68.95
68.90
68.84
68.85
68.93
68.92
68.98
68.98
68.96
68.97
69.03
69.02
69.02
69.00
69.00
69.00
68.97
68.96
68.92
68.88
68.83
68.87
68.93
68.92
68.94
68.97
68.92
68.89
68.86
68.88
68.87
68.86
68.89
68.97
68.94
69.02
69.04
69.07
69.12
69.21
69.23
69.24
69.22
69.25
69.28
69.34
69.37
69.41
69.40
69.40
69.44
69.46
69.45
69.49
69.51
69.51
69.52
69.46
69.46
69.43
69.39
69.34
69.32
69.34
69.37
69.34
69.36
69.33
69.32
69.27
69.23
69.23
69.22
69.20
69.22
69.19
69.13
69.14
69.19
69.17
69.19
69.19
69.17
69.20
69.17
69.16
69.14
69.13
69.14
69.22
69.21
69.22
69.23
69.23
69.22
69.20
69.25
69.32
69.32
69.31
69.33
69.32
69.26
69.26
69.24
69.28
69.25
69.25
69.24
69.25
69.25
69.24
69.21
69.21
69.20
69.19
69.15
69.14
69.17
69.16
69.13
69.15
69.19
69.19
69.20
69.22
69.24
69.27
69.29
69.25
69.22
69.23
69.21
69.21
69.18
69.17
69.19
69.18
69.16
69.16
69.20
69.23
69.20
69.18
69.16
69.19
69.18
69.22
69.22
69.21
69.19
69.19
69.16
69.18
69.17
69.20
69.22
69.22
69.22
69.23
69.25
69.28
69.26
69.25
69.26
69.27
69.27
69.28
69.28
69.27
69.29
69.30
69.34
69.32
69.31
69.32
69.30
69.31
69.31
69.29
69.31
69.29
69.31
69.31
69.31
69.32
69.31
69.29
69.26
69.25
69.24
69.23
69.25
69.25
69.25
69.25
69.27
69.28
69.26
69.27
69.28
69.25
69.22
69.22
69.23
69.23
69.24
69.27
69.26
69.26
69.28
69.31
69.33
69.38
69.40
69.39
69.39
69.39
69.40
69.39
69.41
69.39
69.42
69.41
69.40
69.40
69.41
69.39
69.40
69.39
69.38
69.39
69.38
69.38
69.42
69.41
69.39
69.38
69.36
69.38
69.38
69.39
69.39
69.38
69.36
69.37
69.37
69.39
69.39
69.40
69.41
69.41
69.43
69.43
69.44
69.46
69.46
69.47
69.47
69.48
69.48
69.47
69.47
69.45
69.45
69.45
69.47
69.45
69.45
69.44
69.43
69.42
69.42
69.42
69.40
69.41
69.45
69.44
69.38
69.36
69.37
69.35
69.36
69.38
69.37
69.34
69.35
69.37
69.39
69.38
69.36
69.35
69.35
69.36
69.35
69.34
69.36
69.38
69.39
69.41
69.42
69.43
69.42
69.41
69.42
69.42
69.44
69.44
69.45
69.44
69.44
69.44
69.45
69.44
69.45
69.46
69.48
69.50
69.49
69.50
69.52
69.51
69.52
69.50
69.49
69.52
69.51
69.51
69.52
69.50
69.49
69.51
69.53
69.53
69.55
69.57
69.56
69.53
69.53
69.53
69.55
69.54
69.53
69.56
69.57
69.56
69.55
69.52
69.53
69.53
69.52
69.52
69.52
69.53
69.54
69.54
69.54
69.55
69.54
69.55
69.56
69.56
69.55
69.53
69.52
69.51
69.51
69.51
69.52
69.50
69.49
69.48
69.50
69.49
69.45
69.46
69.48
69.49
69.48
69.49
69.50
69.51
69.52
69.52
69.51
69.49
69.50
69.51
69.52
69.50
69.49
69.48
69.49
69.47
69.47
69.46
69.44
69.42
69.43
69.43
69.43
69.43
69.44
69.45
69.45
69.44
69.44
69.42
69.41
69.42
69.43
69.42
69.41
69.42
69.41
69.43
69.44
69.46
69.46
69.47
69.47
69.45
69.45
69.45
69.47
69.47
69.48
69.48
69.47
69.47
69.46
69.46
69.45
69.45
69.44
69.43
69.43
69.43
69.43
69.44
69.44
69.46
69.47
69.45
69.44
69.44
69.46
69.47
69.47
69.49
69.50
69.49
69.48
69.46
69.46
69.45
69.43
69.42
69.42
69.43
69.42
69.42
69.41
69.40
69.41
69.42
69.41
69.42
69.42
69.44
69.45
69.45
69.45
69.46
69.45
69.47
69.48
69.48
69.47
69.46
69.46
69.49
69.49
69.50
69.49
69.50
69.51
69.52
69.52
69.53
69.52
69.52
69.53
69.53
69.54
69.54
69.55
69.55
69.54
69.54
69.54
69.54
69.52
69.51
69.50
69.51
69.51
69.50
69.50
69.50
69.50
69.49
69.49
69.47
69.49
69.48
69.48
69.48
69.50
69.49
69.50
69.49
69.49
69.49
69.48
69.48
69.48
69.49
69.50
69.49
69.48
69.49
69.50
69.48
69.48
69.47
69.47
69.46
69.48
69.47
69.48
69.48
69.48
69.48
69.48
69.49
69.49
69.48
69.48
69.49
69.49
69.49
69.49
69.50
69.50
69.50
69.49
69.49
69.51
69.51
69.51
69.52
69.52
69.52
69.53
69.53
69.53
69.52
69.53
69.52
69.51
69.52
69.51
69.52
69.51
69.51
69.50
69.51
69.52
69.53
69.52
69.52
69.52
69.52
69.51
69.50
69.49
69.49
69.50
69.50
69.51
69.51
69.50
69.50
69.51
69.52
69.52
69.52
69.52
69.52
69.50
69.52
69.53
69.53
69.54
69.53
69.53
69.52
69.52
69.53
69.53
69.53
69.51
69.52
69.53
69.53
69.53
69.52
69.52
69.54
69.55
69.54
69.54
69.53
69.53
69.51
69.50
69.50
69.50
69.50
69.49
69.49
69.48
69.49
69.49
69.48
69.47
69.48
69.47
69.46
69.47
69.47
69.46
69.46
69.46
69.45
69.44
69.45
69.45
69.43
69.42
69.41
69.40
69.41
69.41
69.40
69.40
69.41
69.41
69.41
69.42
69.42
69.41
69.41
69.40
69.33
