73.44
69.53
68.23
68.36
69.69
71.09
71.65
73.24
74.83
75.78
75.71
76.69
76.32
76.00
74.79
75.20
75.55
75.17
75.49
75.39
75.74
75.64
75.82
75.98
76.31
76.38
76.22
76.17
75.86
75.99
75.96
75.88
75.85
75.87
75.71
75.78
75.72
75.62
75.76
75.70
75.69
75.67
75.62
75.60
75.80
75.92
75.76
75.75
75.77
75.66
75.67
75.78
75.56
75.78
75.88
75.84
75.74
75.75
75.95
75.86
76.02
75.88
75.92
75.81
75.70
75.57
75.51
75.60
75.57
75.60
75.64
75.76
75.73
75.70
75.62
75.60
75.61
75.66
75.65
75.68
75.66
75.65
75.66
75.73
75.72
75.64
75.56
75.57
75.58
75.56
75.46
75.48
75.49
75.45
75.51
75.60
75.60
75.67
75.63
75.56
75.54
75.57
75.59
75.65
75.67
75.75
75.76
75.72
75.70
75.68
75.69
75.64
75.64
75.70
75.54
75.50
75.49
75.50
75.54
75.60
75.57
75.50
75.48
75.48
75.49
75.48
75.48
75.48
75.47
75.55
75.58
75.64
75.67
75.69
75.74
75.71
75.82
75.79
75.83
75.83
75.83
75.86
75.82
75.81
75.80
75.87
75.88
75.79
75.76
75.75
75.76
75.72
75.75
75.70
75.74
75.72
75.74
75.73
75.77
75.78
75.77
75.73
75.73
75.76
75.78
75.85
75.84
75.80
75.82
75.77
75.75
75.77
75.79
75.81
75.83
75.79
75.79
75.79
75.79
75.76
75.69
75.71
75.66
75.67
75.72
75.73
75.74
75.75
75.74
75.76
75.79
75.79
75.79
75.81
75.79
75.82
75.78
75.77
75.84
75.80
75.82
75.85
75.84
75.87
75.91
75.92
75.93
75.91
75.93
75.92
75.90
75.91
75.92
75.91
75.94
75.92
75.94
75.95
75.94
75.97
76.01
75.96
75.95
75.92
75.90
75.86
75.88
75.91
75.91
75.90
75.92
75.93
75.94
75.90
75.90
75.92
75.92
75.94
75.94
75.96
75.97
75.96
75.99
75.97
76.00
76.01
75.99
75.98
75.95
75.95
75.93
75.91
75.91
75.92
75.91
75.90
75.90
75.91
75.96
76.01
75.99
76.00
76.05
76.08
76.07
76.05
76.06
76.04
76.05
76.04
76.04
76.03
76.00
75.96
75.98
75.97
75.98
75.99
76.00
76.03
76.06
76.09
76.08
76.07
76.09
76.07
76.08
76.07
76.09
76.07
76.07
76.08
76.10
76.12
76.12
76.11
76.10
76.09
76.07
76.08
76.09
76.08
76.06
76.09
76.11
76.09
76.08
76.06
76.05
76.04
76.04
76.07
76.10
76.10
76.12
76.13
76.12
76.14
76.15
76.15
76.15
76.14
76.12
76.15
76.14
76.17
76.17
76.15
76.14
76.11
76.12
76.12
76.12
76.13
76.13
76.11
76.13
76.10
76.13
76.17
76.14
76.11
76.10
76.11
76.11
76.10
76.06
76.06
76.08
76.10
76.09
76.09
76.06
76.06
76.07
76.10
76.10
76.08
76.07
76.09
76.07
76.08
76.09
76.04
76.07
76.06
76.06
76.07
76.08
76.08
76.07
76.09
76.08
76.07
76.08
76.08
76.07
76.06
76.06
76.03
76.00
76.00
76.00
75.99
75.99
75.96
75.97
75.95
75.95
75.95
75.96
75.94
75.95
75.95
75.93
75.93
75.94
75.96
75.96
75.97
75.96
75.98
75.98
75.99
75.99
75.98
75.99
75.98
75.95
75.93
75.94
75.95
75.97
75.99
76.00
75.99
75.99
76.02
76.01
76.02
76.02
76.01
75.99
75.98
75.99
76.01
76.00
76.01
76.02
76.03
76.04
76.04
76.03
76.05
76.05
76.06
76.05
76.06
76.07
76.04
76.02
76.03
76.03
76.02
76.03
76.02
76.01
76.02
76.02
76.01
75.99
75.97
75.99
76.00
75.98
75.98
75.97
75.99
76.00
76.00
76.00
75.99
75.99
76.01
76.00
76.02
76.03
76.03
76.03
76.03
76.02
76.02
76.00
75.99
75.99
75.99
76.00
75.99
75.98
75.98
75.98
75.99
75.99
75.99
76.01
76.03
76.03
76.02
76.03
76.03
76.04
76.04
76.06
76.04
76.03
76.02
76.03
76.01
76.01
75.99
76.00
75.98
76.00
76.01
76.01
76.01
76.01
76.03
76.02
76.03
76.03
76.05
76.04
76.05
76.06
76.06
76.05
76.03
76.03
76.04
76.03
76.04
76.02
76.01
76.00
75.98
75.99
76.01
76.02
76.03
76.02
76.02
76.01
75.97
75.98
75.99
76.00
75.99
76.00
76.00
76.00
76.00
76.00
76.01
76.01
76.03
76.04
76.04
76.06
76.07
76.07
76.07
76.07
76.07
76.09
76.09
76.08
76.09
76.07
76.08
76.07
76.09
76.09
76.10
76.10
76.10
76.09
76.09
76.08
76.09
76.09
76.10
76.10
76.10
76.10
76.10
76.10
76.11
76.10
76.11
76.12
76.11
76.12
76.11
76.12
76.11
76.10
76.10
76.10
76.11
76.10
76.10
76.11
76.11
76.10
76.11
76.12
76.13
76.13
76.13
76.14
76.13
76.13
76.12
76.13
76.14
76.13
76.15
76.15
76.15
76.14
76.15
76.15
76.17
76.18
76.18
76.19
76.19
76.20
76.20
76.19
76.19
76.20
76.20
76.22
76.23
76.23
76.23
76.23
76.23
76.23
76.23
76.21
76.20
76.21
76.21
76.21
76.21
76.22
76.22
76.22
76.23
76.23
76.23
76.24
76.24
76.25
76.24
76.24
76.24
76.23
76.24
76.24
76.25
76.24
76.23
76.23
76.21
76.21
76.22
76.20
76.20
76.20
76.21
76.22
76.22
76.21
76.21
76.22
76.21
76.21
76.21
76.21
76.20
76.19
76.20
76.19
76.18
76.18
76.19
76.20
76.19
76.19
76.18
76.17
76.18
76.18
76.18
76.17
76.18
76.17
76.18
76.17
76.16
76.16
76.15
76.14
76.14
76.14
76.13
76.14
76.14
76.13
76.11
76.11
76.11
76.12
76.11
76.12
76.12
76.13
76.14
76.14
76.15
76.15
76.15
76.16
76.16
76.16
76.16
76.16
76.17
76.16
76.15
76.16
76.16
76.17
76.17
76.18
76.17
76.17
76.16
76.16
76.17
76.16
76.16
76.16
76.14
76.13
76.14
76.14
76.13
76.12
76.12
76.11
76.11
76.11
76.12
76.13
76.13
76.12
76.12
76.13
76.12
76.12
76.11
76.11
76.10
76.10
76.11
76.12
76.13
76.12
76.12
76.12
76.12
76.11
76.11
76.10
76.11
76.10
76.10
76.10
76.10
76.11
76.11
76.11
76.11
76.12
76.12
76.10
76.03
