73.44
76.56
76.56
76.56
75.31
75.26
74.78
75.39
75.52
76.25
75.85
75.13
75.00
75.56
75.00
74.61
74.54
74.74
74.42
74.92
75.15
74.57
74.80
74.74
74.31
74.40
74.36
74.39
74.41
74.27
74.50
74.51
74.76
74.68
74.38
74.22
74.24
74.22
74.16
73.98
73.93
74.00
74.02
73.90
73.65
73.54
73.50
73.63
73.72
73.78
73.99
74.01
74.03
74.07
74.18
74.30
74.34
74.27
74.18
74.06
74.13
73.87
73.83
73.97
73.92
74.03
73.90
74.01
74.07
74.00
74.03
74.07
74.10
74.11
74.21
74.14
74.09
74.12
74.21
74.28
74.27
74.26
74.30
74.39
74.47
74.55
74.55
74.57
74.53
74.48
74.50
74.49
74.46
74.47
74.49
74.48
74.50
74.51
74.56
74.62
74.64
74.68
74.68
74.68
74.75
74.79
74.77
74.81
74.78
74.70
74.73
74.69
74.71
74.74
74.76
74.77
74.73
74.75
74.67
74.64
74.68
74.56
74.59
74.55
74.54
74.52
74.48
74.51
74.48
74.50
74.56
74.56
74.65
74.69
74.73
74.76
74.79
74.69
74.66
74.69
74.69
74.68
74.74
74.74
74.76
74.76
74.78
74.78
74.81
74.81
74.75
74.76
74.72
74.80
74.86
74.86
74.88
74.87
74.85
74.78
74.79
74.81
74.81
74.82
74.87
74.86
74.84
74.83
74.83
74.78
74.80
74.80
74.74
74.78
74.79
74.83
74.80
74.85
74.84
74.82
74.84
74.86
74.88
74.86
74.88
74.83
74.82
74.86
74.89
74.91
74.93
74.98
74.95
74.94
74.94
74.98
74.95
74.98
75.00
75.02
75.03
75.03
75.05
75.05
75.03
75.02
75.02
75.01
75.01
75.04
75.06
75.07
75.07
75.06
75.07
75.09
75.05
75.09
75.07
75.11
75.10
75.09
75.12
75.12
75.12
75.15
75.17
75.20
75.20
75.19
75.18
75.20
75.17
75.19
75.15
75.13
75.13
75.12
75.13
75.15
75.16
75.17
75.17
75.16
75.15
75.16
75.13
75.11
75.14
75.14
75.17
75.13
75.12
75.09
75.09
75.09
75.07
75.05
75.02
75.01
75.01
75.03
75.05
75.05
75.06
75.05
75.05
75.02
75.02
75.03
74.99
74.96
74.94
74.95
74.91
74.92
74.91
74.89
74.86
74.83
74.84
74.83
74.85
74.86
74.87
74.89
74.87
74.85
74.86
74.87
74.86
74.86
74.85
74.85
74.87
74.89
74.89
74.88
74.90
74.89
74.89
74.88
74.88
74.87
74.84
74.82
74.82
74.82
74.81
74.82
74.83
74.85
74.86
74.87
74.88
74.92
74.92
74.91
74.91
74.92
74.89
74.88
74.90
74.91
74.92
74.95
74.96
74.93
74.89
74.91
74.89
74.90
74.89
74.89
74.91
74.93
74.94
74.94
74.95
74.94
74.95
74.96
74.92
74.92
74.90
74.87
74.89
74.90
74.89
74.85
74.86
74.88
74.88
74.87
74.89
74.90
74.91
74.89
74.89
74.90
74.90
74.92
74.90
74.92
74.93
74.93
74.93
74.92
74.92
74.94
74.93
74.95
74.95
74.96
74.98
74.99
74.99
75.00
75.01
75.00
74.98
75.00
74.99
74.98
74.99
74.96
74.97
74.96
74.94
74.96
74.96
74.94
74.94
74.96
74.96
74.96
74.97
74.97
74.96
74.97
74.98
74.98
74.97
74.98
74.99
74.97
74.97
74.95
74.93
74.92
74.92
74.91
74.91
74.91
74.92
74.90
74.88
74.90
74.91
74.93
74.93
74.93
74.94
74.93
74.93
74.93
74.95
74.94
74.93
74.94
74.94
74.93
74.91
74.93
74.93
74.94
74.96
74.95
74.97
74.98
75.00
75.01
75.01
75.01
75.00
75.00
75.00
75.00
75.01
75.02
75.04
75.04
75.02
75.02
75.03
75.03
75.02
75.01
75.01
74.98
74.99
75.01
75.02
75.02
75.01
75.04
75.04
75.05
75.06
75.06
75.06
75.09
75.11
75.12
75.11
75.09
75.09
75.08
75.09
75.09
75.09
75.09
75.08
75.08
75.07
75.07
75.06
75.05
75.04
75.03
75.01
75.00
75.01
75.02
75.03
75.05
75.07
75.06
75.06
75.05
75.04
75.02
75.03
75.04
75.03
75.05
75.03
75.04
75.03
75.03
75.03
75.05
75.06
75.06
75.07
75.08
75.08
75.09
75.09
75.10
75.10
75.11
75.10
75.10
75.08
75.07
75.06
75.06
75.07
75.06
75.07
75.05
75.04
75.04
75.03
75.01
75.02
75.02
75.03
75.03
75.03
75.02
75.01
75.02
75.04
75.03
75.04
75.01
75.00
74.97
74.98
74.96
74.96
74.97
74.97
74.98
74.99
74.99
74.98
74.99
74.98
74.98
74.98
74.98
74.98
74.98
74.99
74.97
74.96
74.97
74.98
74.98
74.98
74.97
74.98
74.96
74.96
74.94
74.95
74.95
74.95
74.95
74.95
74.93
74.92
74.93
74.92
74.90
74.90
74.89
74.90
74.90
74.91
74.90
74.90
74.90
74.89
74.89
74.90
74.90
74.92
74.91
74.91
74.91
74.92
74.92
74.92
74.90
74.90
74.89
74.90
74.91
74.93
74.93
74.92
74.91
74.90
74.90
74.90
74.91
74.90
74.90
74.90
74.90
74.91
74.89
74.90
74.90
74.89
74.90
74.91
74.91
74.91
74.90
74.91
74.91
74.92
74.90
74.90
74.90
74.90
74.91
74.91
74.93
74.91
74.91
74.91
74.92
74.91
74.90
74.90
74.90
74.90
74.90
74.90
74.89
74.87
74.88
74.88
74.89
74.91
74.92
74.92
74.93
74.92
74.93
74.93
74.93
74.93
74.93
74.92
74.92
74.93
74.92
74.92
74.92
74.92
74.91
74.92
74.93
74.94
74.94
74.93
74.92
74.92
74.92
74.92
74.92
74.92
74.92
74.92
74.91
74.91
74.91
74.93
74.93
74.94
74.93
74.93
74.92
74.93
74.94
74.93
74.93
74.93
74.93
74.92
74.90
74.89
74.89
74.88
74.89
74.91
74.90
74.89
74.89
74.90
74.91
74.91
74.90
74.89
74.90
74.91
74.92
74.92
74.91
74.91
74.91
74.91
74.92
74.92
74.92
74.91
74.91
74.91
74.90
74.91
74.91
74.90
74.91
74.91
74.91
74.92
74.91
74.92
74.92
74.93
74.92
74.91
74.93
74.93
74.94
74.94
74.95
74.94
74.93
74.94
74.95
74.95
74.96
74.96
74.97
74.98
74.99
74.98
74.98
74.98
74.99
74.99
75.00
75.00
75.00
75.01
75.01
75.02
75.02
75.01
75.02
75.02
75.01
75.02
74.95
