75.00
69.53
69.79
71.88
72.50
73.96
74.11
74.22
74.48
74.38
74.43
73.18
73.44
73.77
73.85
73.63
73.99
73.61
73.68
73.83
74.03
73.79
73.78
73.83
74.25
73.92
73.90
74.11
74.30
74.27
74.34
74.32
74.48
74.68
74.55
74.65
74.62
74.71
74.72
74.84
74.81
74.70
74.60
74.64
74.72
74.86
74.97
74.97
74.90
74.94
74.88
74.79
74.65
74.62
74.74
74.83
74.73
74.68
74.89
75.00
74.95
74.95
74.85
74.80
74.83
74.91
74.91
75.00
75.05
74.93
74.96
75.02
75.02
75.06
75.08
75.04
75.14
75.20
75.32
75.29
75.29
75.30
75.40
75.39
75.40
75.44
75.43
75.50
75.44
75.35
75.31
75.32
75.27
75.15
75.16
75.16
75.21
75.22
75.09
75.09
75.12
75.09
75.09
75.17
75.16
75.18
75.20
75.30
75.33
75.30
75.28
75.24
75.22
75.15
75.20
75.27
75.36
75.38
75.41
75.47
75.57
75.59
75.50
75.52
75.51
75.53
75.54
75.59
75.64
75.66
75.63
75.58
75.56
75.57
75.57
75.54
75.54
75.51
75.48
75.39
75.44
75.42
75.47
75.43
75.44
75.45
75.44
75.44
75.38
75.42
75.43
75.37
75.39
75.33
75.36
75.35
75.35
75.37
75.36
75.33
75.29
75.25
75.30
75.25
75.33
75.34
75.34
75.37
75.38
75.40
75.39
75.35
75.33
75.37
75.41
75.33
75.37
75.35
75.38
75.38
75.35
75.39
75.34
75.34
75.37
75.36
75.37
75.41
75.45
75.45
75.45
75.46
75.50
75.49
75.46
75.48
75.48
75.48
75.43
75.42
75.39
75.42
75.43
75.45
75.46
75.46
75.42
75.40
75.39
75.43
75.38
75.41
75.40
75.40
75.41
75.39
75.38
75.34
75.31
75.31
75.31
75.30
75.32
75.33
75.34
75.35
75.41
75.41
75.42
75.46
75.44
75.48
75.48
75.50
75.46
75.46
75.49
75.52
75.55
75.57
75.57
75.59
75.60
75.60
75.64
75.65
75.68
75.70
75.72
75.73
75.79
75.78
75.76
75.73
75.68
75.67
75.67
75.69
75.71
75.73
75.72
75.70
75.68
75.64
75.67
75.66
75.67
75.66
75.68
75.66
75.68
75.68
75.71
75.72
75.71
75.74
75.76
75.75
75.77
75.80
75.78
75.78
75.75
75.75
75.77
75.78
75.77
75.75
75.76
75.75
75.76
75.74
75.76
75.77
75.76
75.76
75.77
75.79
75.81
75.81
75.79
75.81
75.79
75.79
75.78
75.78
75.74
75.73
75.72
75.72
75.71
75.68
75.70
75.70
75.71
75.69
75.70
75.71
75.72
75.72
75.73
75.71
75.72
75.73
75.73
75.74
75.73
75.72
75.72
75.70
75.68
75.70
75.70
75.68
75.66
75.65
75.64
75.66
75.66
75.65
75.62
75.62
75.61
75.65
75.64
75.64
75.61
75.62
75.64
75.64
75.64
75.65
75.68
75.66
75.64
75.65
75.65
75.65
75.65
75.65
75.65
75.65
75.62
75.63
75.62
75.62
75.62
75.62
75.63
75.63
75.64
75.62
75.60
75.60
75.58
75.60
75.62
75.61
75.61
75.64
75.64
75.63
75.63
75.64
75.67
75.67
75.69
75.70
75.68
75.69
75.69
75.71
75.71
75.72
75.71
75.71
75.71
75.73
75.73
75.73
75.73
75.73
75.74
75.72
75.72
75.72
75.73
75.74
75.73
75.73
75.73
75.73
75.76
75.77
75.78
75.77
75.76
75.76
75.76
75.77
75.76
75.77
75.78
75.77
75.76
75.78
75.77
75.77
75.78
75.78
75.77
75.77
75.78
75.78
75.79
75.80
75.77
75.77
75.76
75.76
75.76
75.77
75.77
75.76
75.76
75.74
75.76
75.75
75.76
75.78
75.80
75.80
75.80
75.82
75.82
75.84
75.83
75.84
75.84
75.85
75.85
75.85
75.84
75.82
75.83
75.82
75.83
75.80
75.79
75.80
75.79
75.79
75.78
75.78
75.79
75.81
75.79
75.79
75.78
75.77
75.78
75.76
75.75
75.74
75.74
75.74
75.74
75.73
75.71
75.69
75.69
75.70
75.68
75.68
75.68
75.68
75.68
75.69
75.69
75.69
75.70
75.70
75.71
75.70
75.71
75.72
75.73
75.73
75.73
75.72
75.71
75.71
75.72
75.71
75.71
75.71
75.70
75.70
75.68
75.69
75.68
75.68
75.68
75.66
75.65
75.63
75.63
75.63
75.63
75.64
75.63
75.62
75.64
75.65
75.64
75.64
75.65
75.64
75.65
75.64
75.64
75.65
75.63
75.65
75.64
75.63
75.63
75.62
75.61
75.62
75.61
75.62
75.61
75.60
75.61
75.62
75.61
75.61
75.62
75.60
75.62
75.62
75.61
75.62
75.63
75.61
75.60
75.59
75.58
75.58
75.58
75.56
75.56
75.56
75.57
75.56
75.55
75.55
75.57
75.57
75.56
75.56
75.57
75.57
75.57
75.57
75.57
75.58
75.59
75.60
75.60
75.61
75.61
75.62
75.61
75.60
75.59
75.59
75.60
75.61
75.62
75.62
75.62
75.63
75.63
75.62
75.62
75.63
75.64
75.64
75.62
75.62
75.63
75.63
75.62
75.62
75.62
75.62
75.59
75.59
75.60
75.59
75.59
75.59
75.61
75.58
75.58
75.56
75.57
75.55
75.54
75.53
75.53
75.53
75.53
75.55
75.54
75.55
75.56
75.56
75.57
75.57
75.57
75.57
75.56
75.56
75.55
75.55
75.55
75.55
75.56
75.56
75.57
75.56
75.57
75.58
75.57
75.57
75.56
75.57
75.56
75.58
75.57
75.57
75.58
75.59
75.58
75.58
75.57
75.57
75.55
75.55
75.55
75.55
75.56
75.55
75.53
75.53
75.53
75.52
75.51
75.51
75.51
75.52
75.52
75.51
75.51
75.51
75.50
75.51
75.51
75.52
75.51
75.52
75.52
75.51
75.51
75.51
75.51
75.53
75.52
75.52
75.52
75.52
75.52
75.51
75.52
75.52
75.52
75.51
75.51
75.51
75.51
75.52
75.53
75.51
75.52
75.52
75.53
75.53
75.54
75.55
75.56
75.54
75.54
75.54
75.54
75.52
75.52
75.52
75.51
75.52
75.54
75.54
75.54
75.53
75.54
75.54
75.55
75.55
75.55
75.55
75.55
75.55
75.54
75.54
75.55
75.55
75.55
75.55
75.54
75.54
75.53
75.54
75.55
75.56
75.57
75.57
75.57
75.58
75.58
75.59
75.59
75.58
75.58
75.59
75.58
75.57
75.57
75.57
75.57
75.57
75.57
75.57
75.57
75.57
75.57
75.57
75.58
75.57
75.57
75.50
