71.88
70.31
69.27
69.92
69.06
69.79
69.42
69.34
69.44
69.22
68.89
68.88
69.35
70.20
70.21
70.12
70.13
70.66
70.64
70.86
70.98
70.60
70.24
70.64
70.56
70.55
70.37
69.98
70.53
70.31
70.56
70.85
70.69
70.50
70.71
70.75
70.73
70.64
70.91
70.82
70.69
70.61
70.53
70.28
69.90
69.97
69.85
69.92
69.93
69.81
69.88
70.04
69.81
69.79
69.97
70.03
70.07
70.15
70.26
70.16
70.01
69.98
69.97
69.78
69.66
69.72
69.64
69.67
69.52
69.60
69.56
69.53
69.54
69.72
69.79
69.72
69.81
69.77
69.84
69.86
69.83
69.72
69.73
69.72
69.65
69.59
69.61
69.60
69.66
69.67
69.63
69.74
69.88
69.81
69.80
69.82
69.78
69.74
69.81
69.88
69.96
69.94
69.87
69.83
69.88
69.90
69.95
70.01
70.08
70.04
70.02
70.08
70.06
69.96
69.99
70.02
69.99
69.99
70.00
69.88
69.86
69.84
69.86
69.90
69.94
69.93
69.97
70.04
70.14
70.14
70.15
70.13
70.18
70.11
70.03
70.06
70.14
70.11
70.17
70.17
70.15
70.14
70.16
70.26
70.22
70.21
70.18
70.20
70.20
70.15
70.14
70.16
70.13
70.11
70.09
70.03
70.07
70.07
70.07
70.04
70.06
70.08
70.11
70.09
70.13
70.07
70.07
70.05
70.06
70.06
70.05
70.09
70.02
70.03
70.05
70.12
70.11
70.09
70.14
70.16
70.14
70.09
70.03
70.04
70.05
70.06
70.10
70.10
70.11
70.08
70.08
70.00
70.01
69.95
69.93
69.87
69.84
69.80
69.81
69.74
69.77
69.79
69.80
69.74
69.71
69.71
69.69
69.66
69.68
69.66
69.71
69.72
69.72
69.79
69.79
69.79
69.80
69.80
69.81
69.77
69.76
69.81
69.77
69.75
69.74
69.76
69.79
69.76
69.77
69.76
69.76
69.79
69.83
69.82
69.78
69.80
69.80
69.79
69.81
69.80
69.75
69.77
69.77
69.79
69.82
69.81
69.86
69.85
69.85
69.85
69.85
69.86
69.90
69.91
69.95
69.94
69.97
69.99
69.98
69.98
70.01
70.02
70.04
70.03
70.08
70.08
70.13
70.11
70.13
70.12
70.15
70.16
70.13
70.14
70.14
70.15
70.17
70.17
70.19
70.19
70.16
70.17
70.17
70.15
70.13
70.11
70.11
70.10
70.08
70.08
70.08
70.08
70.04
70.05
70.04
70.06
70.08
70.07
70.10
70.10
70.06
70.07
70.07
70.07
70.09
70.07
70.05
70.05
70.07
70.08
70.09
70.08
70.08
70.04
70.02
70.01
70.02
70.03
70.01
70.00
69.99
69.99
69.97
69.96
69.95
69.95
69.95
69.99
70.02
70.04
70.05
70.05
70.06
70.07
70.06
70.05
70.05
70.07
70.09
70.07
70.07
70.08
70.08
70.07
70.08
70.06
70.10
70.09
70.07
70.09
70.09
70.06
70.08
70.10
70.11
70.09
70.08
70.11
70.09
70.10
70.11
70.11
70.12
70.10
70.07
70.09
70.09
70.07
70.07
70.04
70.08
70.07
70.06
70.06
70.09
70.08
70.12
70.11
70.09
70.12
70.14
70.14
70.12
70.11
70.11
70.13
70.16
70.18
70.17
70.17
70.18
70.18
70.17
70.17
70.17
70.15
70.14
70.16
70.20
70.21
70.20
70.20
70.23
70.25
70.25
70.24
70.25
70.27
70.27
70.27
70.29
70.30
70.31
70.32
70.32
70.32
70.32
70.31
70.32
70.32
70.33
70.33
70.31
70.31
70.28
70.26
70.26
70.25
70.24
70.23
70.22
70.24
70.23
70.23
70.22
70.20
70.19
70.16
70.15
70.15
70.15
70.14
70.11
70.10
70.08
70.08
70.06
70.07
70.05
70.04
70.06
70.07
70.08
70.10
70.10
70.10
70.08
70.08
70.07
70.07
70.05
70.06
70.05
70.04
70.04
70.04
70.04
70.06
70.07
70.06
70.06
70.05
70.05
70.06
70.05
70.03
70.03
70.02
70.04
70.05
70.05
70.06
70.04
70.05
70.04
70.05
70.03
70.05
70.05
70.05
70.07
70.05
70.04
70.03
70.04
70.04
70.03
70.04
70.03
70.01
70.01
69.98
70.00
70.01
70.02
70.03
70.05
70.06
70.08
70.08
70.07
70.07
70.07
70.06
70.07
70.08
70.09
70.10
70.08
70.09
70.11
70.11
70.13
70.10
70.10
70.09
70.09
70.10
70.09
70.11
70.13
70.13
70.10
70.09
70.09
70.11
70.12
70.12
70.13
70.13
70.13
70.12
70.11
70.11
70.10
70.10
70.10
70.10
70.08
70.09
70.09
70.10
70.09
70.09
70.09
70.08
70.08
70.06
70.06
70.04
70.03
70.03
70.04
70.04
70.04
70.02
70.03
70.03
70.03
70.04
70.05
70.06
70.04
70.05
70.06
70.05
70.07
70.07
70.08
70.07
70.07
70.07
70.07
70.08
70.07
70.06
70.05
70.05
70.05
70.06
70.06
70.05
70.06
70.06
70.07
70.09
70.10
70.11
70.11
70.10
70.09
70.08
70.08
70.10
70.12
70.08
70.08
70.10
70.10
70.12
70.12
70.13
70.15
70.14
70.16
70.16
70.16
70.17
70.18
70.18
70.19
70.19
70.21
70.20
70.19
70.19
70.18
70.18
70.17
70.16
70.17
70.17
70.18
70.17
70.17
70.16
70.17
70.17
70.18
70.19
70.19
70.18
70.19
70.18
70.18
70.18
70.19
70.19
70.19
70.17
70.17
70.18
70.17
70.16
70.14
70.14
70.15
70.13
70.14
70.14
70.14
70.14
70.15
70.14
70.15
70.15
70.13
70.12
70.13
70.14
70.13
70.13
70.14
70.13
70.12
70.13
70.13
70.14
70.13
70.12
70.12
70.11
70.10
70.09
70.09
70.10
70.10
70.11
70.11
70.11
70.13
70.12
70.12
70.13
70.13
70.13
70.12
70.12
70.11
70.12
70.12
70.13
70.12
70.11
70.11
70.11
70.11
70.11
70.10
70.10
70.09
70.10
70.10
70.12
70.12
70.11
70.12
70.12
70.11
70.11
70.12
70.11
70.11
70.10
70.11
70.13
70.13
70.13
70.12
70.13
70.12
70.13
70.14
70.15
70.16
70.17
70.17
70.17
70.17
70.17
70.16
70.17
70.17
70.17
70.17
70.17
70.16
70.16
70.16
70.16
70.16
70.15
70.16
70.15
70.15
70.16
70.15
70.15
70.15
70.14
70.15
70.14
70.15
70.14
70.13
70.14
70.12
70.13
70.11
70.10
70.09
70.09
70.08
70.08
70.07
70.06
70.06
70.08
70.07
70.07
70.07
70.00
