68.75
75.78
78.65
76.95
77.19
75.78
75.89
75.98
76.91
76.56
76.70
77.21
76.68
76.45
75.94
75.68
75.55
75.78
75.90
76.25
75.97
75.99
76.09
75.59
75.56
75.84
76.10
76.34
76.08
75.99
76.01
75.83
75.71
75.74
75.89
75.95
75.84
75.74
75.68
75.55
75.46
75.52
75.69
75.50
75.38
75.37
75.27
75.20
75.19
75.22
75.09
75.24
75.29
75.29
75.20
75.28
75.22
75.13
75.32
75.26
75.28
75.13
75.12
75.10
75.17
75.19
75.23
75.23
75.32
75.29
75.29
75.41
75.51
75.49
75.48
75.51
75.51
75.52
75.53
75.64
75.66
75.76
75.70
75.63
75.66
75.76
75.74
75.69
75.72
75.64
75.57
75.41
75.34
75.37
75.33
75.28
75.24
75.19
75.21
75.16
75.15
75.17
75.18
75.12
75.13
75.13
75.19
75.22
75.20
75.27
75.30
75.28
75.22
75.22
75.24
75.23
75.23
75.15
75.17
75.09
75.15
75.12
75.08
75.08
75.10
75.10
75.11
75.21
75.18
75.12
75.12
75.14
75.14
75.16
75.19
75.13
75.02
75.01
75.07
75.08
75.10
75.13
75.14
75.12
75.05
75.09
75.11
75.12
75.09
75.12
75.12
75.12
75.07
75.06
75.11
75.07
75.07
75.07
75.09
75.06
75.03
75.00
75.02
75.02
75.02
75.04
75.06
75.04
75.04
75.03
75.04
75.06
75.09
75.10
75.12
75.13
75.19
75.22
75.18
75.18
75.18
75.19
75.13
75.14
75.17
75.17
75.18
75.14
75.11
75.12
75.10
75.12
75.11
75.14
75.11
75.09
75.08
75.06
75.08
75.03
75.03
75.04
75.02
75.02
75.03
75.05
75.08
75.08
75.07
75.06
75.06
75.07
75.09
75.12
75.11
75.13
75.14
75.17
75.16
75.18
75.16
75.20
75.20
75.20
75.20
75.24
75.21
75.16
75.16
75.16
75.18
75.18
75.20
75.21
75.23
75.21
75.26
75.24
75.24
75.29
75.31
75.29
75.28
75.26
75.28
75.31
75.32
75.31
75.32
75.32
75.32
75.30
75.33
75.34
75.32
75.32
75.33
75.34
75.34
75.35
75.37
75.35
75.37
75.36
75.40
75.39
75.39
75.37
75.37
75.38
75.40
75.38
75.41
75.40
75.41
75.42
75.42
75.37
75.40
75.38
75.39
75.39
75.40
75.40
75.39
75.39
75.41
75.39
75.38
75.36
75.34
75.37
75.36
75.37
75.38
75.42
75.42
75.42
75.43
75.47
75.46
75.48
75.48
75.48
75.49
75.47
75.48
75.45
75.43
75.40
75.39
75.41
75.40
75.43
75.45
75.42
75.43
75.40
75.38
75.38
75.36
75.36
75.35
75.38
75.36
75.34
75.33
75.35
75.37
75.39
75.38
75.40
75.40
75.42
75.42
75.45
75.43
75.43
75.45
75.47
75.47
75.50
75.50
75.49
75.52
75.51
75.55
75.55
75.55
75.55
75.57
75.58
75.57
75.57
75.57
75.54
75.54
75.54
75.56
75.57
75.57
75.57
75.59
75.58
75.57
75.58
75.56
75.55
75.54
75.52
75.52
75.50
75.51
75.52
75.54
75.55
75.56
75.56
75.56
75.56
75.54
75.53
75.55
75.52
75.51
75.53
75.50
75.50
75.49
75.50
75.48
75.47
75.46
75.45
75.45
75.47
75.48
75.48
75.48
75.47
75.48
75.49
75.49
75.48
75.49
75.49
75.48
75.47
75.45
75.44
75.45
75.47
75.46
75.48
75.47
75.49
75.49
75.48
75.49
75.47
75.47
75.46
75.47
75.48
75.48
75.49
75.46
75.46
75.46
75.47
75.45
75.46
75.46
75.48
75.48
75.51
75.51
75.52
75.52
75.51
75.52
75.53
75.53
75.52
75.54
75.53
75.52
75.51
75.51
75.52
75.52
75.51
75.51
75.49
75.48
75.50
75.50
75.51
75.49
75.47
75.48
75.47
75.47
75.48
75.50
75.52
75.53
75.51
75.51
75.50
75.50
75.50
75.52
75.52
75.53
75.54
75.56
75.58
75.57
75.56
75.56
75.57
75.58
75.59
75.58
75.54
75.57
75.57
75.56
75.54
75.54
75.55
75.54
75.54
75.55
75.53
75.53
75.52
75.51
75.52
75.52
75.52
75.50
75.51
75.51
75.52
75.54
75.53
75.52
75.51
75.51
75.52
75.53
75.53
75.52
75.51
75.50
75.50
75.51
75.52
75.50
75.50
75.50
75.50
75.50
75.53
75.53
75.54
75.54
75.56
75.53
75.54
75.54
75.51
75.51
75.51
75.50
75.51
75.50
75.48
75.50
75.50
75.50
75.51
75.50
75.53
75.52
75.53
75.54
75.54
75.56
75.57
75.57
75.57
75.57
75.57
75.57
75.57
75.58
75.56
75.57
75.56
75.56
75.56
75.56
75.57
75.58
75.58
75.59
75.59
75.58
75.57
75.57
75.57
75.57
75.56
75.55
75.53
75.53
75.53
75.54
75.52
75.51
75.51
75.50
75.50
75.51
75.51
75.52
75.51
75.50
75.50
75.50
75.50
75.50
75.50
75.51
75.49
75.49
75.49
75.49
75.51
75.50
75.48
75.48
75.50
75.48
75.50
75.50
75.49
75.47
75.47
75.48
75.48
75.48
75.48
75.47
75.47
75.48
75.48
75.48
75.47
75.47
75.47
75.48
75.47
75.47
75.48
75.47
75.48
75.48
75.48
75.48
75.48
75.48
75.48
75.48
75.49
75.47
75.48
75.47
75.47
75.48
75.48
75.49
75.47
75.47
75.47
75.47
75.48
75.49
75.48
75.48
75.49
75.49
75.49
75.48
75.48
75.47
75.46
75.45
75.45
75.45
75.44
75.44
75.44
75.44
75.44
75.44
75.45
75.45
75.45
75.46
75.46
75.46
75.45
75.46
75.46
75.47
75.47
75.47
75.46
75.46
75.46
75.45
75.45
75.46
75.47
75.47
75.47
75.46
75.45
75.46
75.47
75.46
75.47
75.46
75.47
75.49
75.49
75.50
75.49
75.49
75.49
75.49
75.47
75.48
75.48
75.49
75.50
75.49
75.50
75.49
75.50
75.50
75.51
75.51
75.51
75.53
75.53
75.53
75.53
75.52
75.52
75.51
75.51
75.51
75.51
75.50
75.50
75.50
75.50
75.50
75.51
75.51
75.52
75.51
75.51
75.51
75.52
75.52
75.51
75.51
75.50
75.51
75.51
75.53
75.53
75.53
75.53
75.51
75.51
75.51
75.51
75.49
75.49
75.49
75.48
75.47
75.47
75.47
75.47
75.46
75.46
75.45
75.44
75.44
75.45
75.45
75.45
75.46
75.47
75.46
75.46
75.45
75.45
75.45
75.46
75.46
75.47
75.48
75.41
