73.44
72.66
71.88
73.05
75.62
77.34
77.01
77.73
78.12
78.75
78.98
79.04
78.37
78.68
78.65
78.03
77.48
77.69
77.47
77.66
77.75
77.70
77.51
77.54
78.06
78.19
78.01
78.01
77.86
78.02
77.97
77.83
77.75
77.71
77.90
77.86
77.74
77.55
77.36
77.34
77.25
77.19
77.22
77.06
77.19
77.11
77.19
77.18
77.20
77.06
76.93
76.86
76.71
76.85
77.10
77.15
76.97
76.91
77.01
76.95
77.02
76.99
77.18
77.10
77.00
77.04
76.98
76.93
76.97
77.03
77.02
77.02
76.97
77.05
77.12
76.99
76.99
77.04
77.02
76.91
76.89
76.85
76.94
76.99
76.78
76.78
76.87
76.86
76.90
76.89
76.91
76.85
76.90
76.89
76.91
76.95
76.88
76.74
76.70
76.75
76.75
76.82
76.87
76.85
76.89
76.89
76.91
76.82
76.95
76.88
76.86
76.79
76.77
76.75
76.68
76.63
76.68
76.75
76.72
76.73
76.72
76.74
76.77
76.76
76.75
76.72
76.70
76.68
76.65
76.68
76.59
76.62
76.63
76.59
76.66
76.69
76.71
76.74
76.64
76.56
76.53
76.55
76.56
76.52
76.55
76.51
76.51
76.51
76.47
76.45
76.42
76.46
76.46
76.46
76.39
76.38
76.33
76.34
76.36
76.37
76.33
76.34
76.33
76.35
76.37
76.37
76.34
76.33
76.31
76.34
76.32
76.32
76.35
76.36
76.30
76.34
76.31
76.28
76.25
76.26
76.29
76.24
76.21
76.21
76.22
76.20
76.17
76.18
76.16
76.20
76.21
76.25
76.26
76.21
76.22
76.21
76.20
76.21
76.20
76.19
76.18
76.17
76.15
76.11
76.17
76.18
76.15
76.13
76.12
76.13
76.11
76.12
76.13
76.10
76.11
76.11
76.12
76.13
76.11
76.09
76.07
76.05
76.09
76.06
75.99
75.97
75.95
75.94
75.93
75.92
75.93
75.94
75.92
75.95
75.94
75.93
75.96
75.93
75.97
75.96
75.97
75.97
76.00
76.05
76.04
76.06
76.06
76.06
76.06
76.05
76.05
76.10
76.09
76.10
76.15
76.16
76.17
76.20
76.20
76.21
76.23
76.20
76.22
76.20
76.21
76.22
76.23
76.27
76.23
76.20
76.23
76.24
76.22
76.20
76.19
76.22
76.24
76.23
76.21
76.20
76.22
76.22
76.20
76.19
76.15
76.16
76.18
76.19
76.17
76.16
76.18
76.19
76.19
76.17
76.15
76.13
76.15
76.13
76.09
76.13
76.12
76.12
76.14
76.12
76.13
76.13
76.15
76.13
76.13
76.13
76.15
76.15
76.15
76.14
76.13
76.15
76.15
76.15
76.15
76.12
76.15
76.16
76.17
76.16
76.16
76.16
76.14
76.14
76.12
76.10
76.13
76.12
76.12
76.10
76.10
76.09
76.10
76.11
76.14
76.14
76.14
76.16
76.16
76.16
76.15
76.15
76.17
76.15
76.15
76.14
76.13
76.14
76.13
76.11
76.14
76.15
76.16
76.18
76.19
76.21
76.21
76.20
76.22
76.21
76.22
76.22
76.22
76.21
76.18
76.21
76.20
76.18
76.16
76.15
76.13
76.13
76.14
76.16
76.15
76.14
76.14
76.12
76.10
76.11
76.11
76.11
76.10
76.09
76.06
76.06
76.05
76.06
76.05
76.04
76.04
76.04
76.05
76.05
76.06
76.05
76.04
76.03
76.04
76.02
76.02
76.01
76.01
76.01
76.00
76.00
76.01
76.00
76.02
76.03
76.03
76.01
75.99
75.99
76.01
76.00
76.00
75.99
76.01
76.01
76.02
76.02
76.02
76.01
76.00
76.01
76.01
76.02
76.04
76.03
76.01
75.96
75.97
75.94
75.93
75.93
75.96
75.95
75.97
75.97
75.99
76.02
76.03
76.04
76.03
76.04
76.03
76.02
76.00
75.99
75.98
75.99
75.99
76.02
76.00
76.01
75.98
75.97
75.96
75.96
75.95
75.95
75.95
75.96
75.98
75.99
76.00
76.01
76.02
76.02
76.03
76.03
76.03
76.01
76.02
76.04
76.02
76.01
76.00
75.99
76.00
76.00
75.98
75.98
75.96
75.97
75.96
75.96
75.97
75.97
75.98
75.97
75.98
75.98
76.00
75.99
76.00
76.01
76.02
76.03
76.03
76.04
76.03
76.04
76.05
76.06
76.05
76.04
76.04
76.03
76.04
76.04
76.05
76.05
76.04
76.03
76.03
76.04
76.05
76.04
76.04
76.04
76.03
76.03
76.02
76.04
76.05
76.04
76.04
76.04
76.02
76.02
76.02
76.01
76.01
76.00
76.02
76.02
76.02
76.02
76.04
76.02
76.03
76.03
76.03
76.04
76.04
76.04
76.06
76.05
76.05
76.05
76.06
76.06
76.06
76.06
76.07
76.06
76.07
76.07
76.07
76.07
76.07
76.06
76.06
76.06
76.06
76.05
76.04
76.04
76.04
76.02
76.04
76.04
76.05
76.06
76.05
76.05
76.05
76.04
76.06
76.07
76.06
76.08
76.08
76.10
76.08
76.08
76.09
76.08
76.09
76.09
76.09
76.10
76.10
76.09
76.07
76.07
76.08
76.09
76.08
76.08
76.06
76.07
76.07
76.07
76.07
76.07
76.07
76.07
76.06
76.06
76.06
76.06
76.07
76.07
76.06
76.08
76.08
76.08
76.09
76.09
76.10
76.10
76.09
76.09
76.10
76.08
76.07
76.08
76.08
76.08
76.06
76.06
76.07
76.09
76.09
76.08
76.07
76.06
76.07
76.07
76.08
76.06
76.06
76.05
76.04
76.05
76.06
76.05
76.04
76.04
76.04
76.05
76.06
76.06
76.05
76.05
76.06
76.04
76.05
76.05
76.05
76.04
76.03
76.05
76.04
76.04
76.06
76.05
76.05
76.05
76.05
76.04
76.04
76.05
76.06
76.07
76.08
76.07
76.06
76.06
76.05
76.05
76.05
76.06
76.05
76.04
76.05
76.05
76.04
76.05
76.06
76.05
76.05
76.05
76.03
76.03
76.02
76.03
76.05
76.04
76.05
76.05
76.05
76.05
76.05
76.05
76.04
76.04
76.03
76.03
76.02
76.02
76.02
76.02
76.03
76.02
76.03
76.02
76.02
76.02
76.02
76.02
76.01
76.02
76.00
76.01
76.01
76.02
76.01
76.02
76.02
76.02
76.02
76.03
76.02
76.01
76.01
76.01
76.01
76.00
76.00
75.99
75.99
75.99
76.00
76.00
76.01
76.00
76.00
76.00
76.01
76.01
76.00
76.01
76.00
76.01
76.01
76.01
76.02
76.03
76.03
76.02
76.02
76.01
76.00
76.01
76.02
76.03
76.04
76.04
76.03
76.04
76.04
76.03
76.03
75.96
