79.69
80.47
80.73
81.25
80.94
78.65
77.68
75.98
76.22
77.03
77.13
77.47
77.28
77.23
77.29
77.64
77.39
77.08
77.30
76.80
76.56
76.56
76.15
76.37
75.88
75.84
75.93
75.73
75.75
75.57
75.25
75.39
75.47
75.32
75.31
75.22
75.00
75.08
75.16
75.08
75.19
75.19
75.07
75.00
75.17
75.10
75.13
75.07
74.94
74.94
74.91
75.03
75.03
75.14
75.17
75.17
75.16
75.11
75.11
75.18
75.20
75.33
75.47
75.37
75.43
75.50
75.49
75.53
75.59
75.62
75.68
75.69
75.68
75.72
75.69
75.88
75.83
75.88
75.89
75.92
75.93
75.99
76.09
76.02
76.01
75.98
75.93
75.92
75.98
76.01
76.00
75.95
75.99
75.98
75.94
75.91
75.82
75.88
75.90
75.88
75.94
75.98
76.02
75.96
75.98
75.94
75.92
75.85
75.92
75.89
75.86
75.91
75.94
75.92
75.87
75.92
75.96
75.93
75.89
75.87
75.96
75.88
75.93
75.91
75.81
75.82
75.87
75.76
75.71
75.76
75.81
75.72
75.73
75.70
75.69
75.77
75.68
75.67
75.64
75.65
75.65
75.61
75.52
75.51
75.53
75.52
75.54
75.55
75.53
75.52
75.52
75.51
75.53
75.58
75.64
75.65
75.67
75.66
75.63
75.64
75.65
75.69
75.68
75.71
75.77
75.81
75.78
75.81
75.83
75.80
75.84
75.81
75.78
75.79
75.83
75.84
75.80
75.79
75.78
75.81
75.79
75.79
75.80
75.80
75.79
75.72
75.70
75.73
75.75
75.72
75.66
75.67
75.65
75.64
75.63
75.65
75.62
75.65
75.68
75.63
75.61
75.62
75.59
75.59
75.59
75.62
75.66
75.61
75.61
75.60
75.59
75.62
75.62
75.60
75.60
75.61
75.55
75.51
75.52
75.50
75.50
75.53
75.55
75.57
75.59
75.62
75.63
75.64
75.67
75.61
75.63
75.67
75.64
75.59
75.61
75.61
75.65
75.66
75.66
75.64
75.68
75.74
75.71
75.68
75.68
75.66
75.65
75.67
75.65
75.68
75.67
75.67
75.68
75.66
75.69
75.67
75.66
75.67
75.67
75.69
75.71
75.72
75.75
75.75
75.79
75.82
75.83
75.85
75.86
75.83
75.80
75.77
75.74
75.74
75.74
75.75
75.74
75.74
75.72
75.71
75.67
75.70
75.72
75.72
75.70
75.70
75.69
75.69
75.67
75.66
75.70
75.70
75.71
75.71
75.69
75.69
75.70
75.70
75.68
75.66
75.64
75.64
75.65
75.64
75.66
75.63
75.64
75.62
75.64
75.63
75.63
75.62
75.63
75.65
75.69
75.71
75.69
75.70
75.69
75.67
75.67
75.66
75.65
75.66
75.63
75.61
75.60
75.63
75.64
75.62
75.60
75.60
75.59
75.60
75.62
75.65
75.64
75.61
75.62
75.64
75.64
75.61
75.60
75.60
75.61
75.60
75.59
75.61
75.61
75.60
75.64
75.63
75.64
75.65
75.63
75.61
75.62
75.63
75.66
75.67
75.67
75.68
75.68
75.69
75.70
75.70
75.67
75.65
75.65
75.66
75.67
75.64
75.63
75.64
75.65
75.62
75.62
75.62
75.62
75.59
75.59
75.60
75.61
75.63
75.62
75.61
75.62
75.62
75.63
75.64
75.64
75.62
75.62
75.62
75.59
75.61
75.65
75.65
75.67
75.66
75.65
75.64
75.66
75.62
75.62
75.63
75.61
75.60
75.63
75.61
75.63
75.61
75.64
75.65
75.63
75.64
75.63
75.63
75.63
75.62
75.63
75.63
75.63
75.64
75.67
75.67
75.67
75.68
75.70
75.68
75.69
75.69
75.68
75.67
75.64
75.62
75.62
75.62
75.63
75.61
75.61
75.60
75.60
75.59
75.60
75.60
75.63
75.63
75.63
75.65
75.64
75.65
75.64
75.63
75.60
75.58
75.58
75.55
75.54
75.56
75.56
75.55
75.57
75.59
75.58
75.57
75.57
75.58
75.59
75.56
75.58
75.57
75.56
75.55
75.55
75.55
75.55
75.56
75.57
75.56
75.55
75.53
75.53
75.52
75.51
75.49
75.49
75.47
75.47
75.46
75.46
75.47
75.48
75.46
75.48
75.48
75.49
75.50
75.50
75.47
75.49
75.49
75.50
75.49
75.50
75.49
75.50
75.51
75.50
75.51
75.51
75.50
75.50
75.53
75.52
75.52
75.53
75.52
75.52
75.50
75.49
75.50
75.49
75.50
75.49
75.50
75.50
75.51
75.50
75.50
75.49
75.49
75.50
75.50
75.51
75.52
75.51
75.53
75.52
75.53
75.53
75.50
75.52
75.52
75.50
75.51
75.49
75.48
75.48
75.49
75.48
75.49
75.51
75.51
75.50
75.49
75.47
75.47
75.47
75.48
75.48
75.48
75.49
75.50
75.51
75.51
75.52
75.52
75.53
75.54
75.54
75.54
75.52
75.52
75.53
75.54
75.54
75.53
75.52
75.52
75.50
75.50
75.48
75.50
75.50
75.50
75.49
75.49
75.47
75.47
75.47
75.47
75.46
75.45
75.46
75.44
75.44
75.45
75.46
75.44
75.43
75.43
75.42
75.42
75.42
75.42
75.41
75.41
75.42
75.41
75.41
75.42
75.43
75.43
75.44
75.43
75.43
75.43
75.43
75.42
75.42
75.44
75.43
75.42
75.43
75.44
75.44
75.42
75.40
75.41
75.41
75.41
75.40
75.39
75.40
75.40
75.41
75.40
75.40
75.41
75.41
75.42
75.41
75.42
75.43
75.42
75.43
75.43
75.42
75.40
75.41
75.41
75.40
75.40
75.38
75.38
75.38
75.38
75.38
75.39
75.38
75.38
75.36
75.36
75.36
75.36
75.37
75.37
75.37
75.37
75.38
75.39
75.40
75.41
75.40
75.38
75.38
75.39
75.39
75.37
75.37
75.37
75.37
75.34
75.35
75.37
75.36
75.36
75.35
75.35
75.38
75.39
75.38
75.38
75.39
75.39
75.39
75.40
75.40
75.41
75.41
75.41
75.41
75.41
75.42
75.42
75.42
75.42
75.41
75.41
75.42
75.42
75.41
75.41
75.41
75.42
75.42
75.40
75.40
75.40
75.39
75.39
75.39
75.38
75.39
75.39
75.40
75.39
75.40
75.40
75.38
75.38
75.38
75.38
75.37
75.38
75.38
75.36
75.37
75.38
75.38
75.38
75.37
75.38
75.38
75.38
75.39
75.39
75.39
75.39
75.39
75.39
75.38
75.38
75.38
75.39
75.39
75.39
75.39
75.39
75.40
75.39
75.38
75.38
75.38
75.39
75.39
75.38
75.37
75.37
75.36
75.36
75.35
75.35
75.35
75.35
75.33
75.34
75.34
75.34
75.35
75.28
