73.44
74.22
68.75
68.36
70.94
71.88
72.10
73.63
73.44
74.06
75.00
74.22
74.16
74.78
75.31
75.59
75.92
75.87
76.32
76.33
76.19
75.99
75.88
75.72
75.88
75.84
75.98
76.28
76.40
76.56
76.31
76.51
76.56
76.88
76.79
76.69
76.65
76.56
76.56
76.52
76.33
76.34
76.38
76.49
76.42
76.49
76.56
76.37
76.40
76.38
76.44
76.35
76.36
76.16
76.19
76.37
76.34
76.24
76.27
76.33
76.36
76.23
76.31
76.27
76.47
76.33
76.33
76.22
76.27
76.38
76.36
76.43
76.43
76.37
76.40
76.44
76.34
76.30
76.34
76.29
76.33
76.26
76.17
76.21
76.23
76.22
76.20
76.23
76.32
76.37
76.43
76.39
76.41
76.26
76.28
76.35
76.39
76.45
76.44
76.39
76.35
76.24
76.29
76.26
76.21
76.24
76.17
76.22
76.19
76.15
76.21
76.24
76.23
76.27
76.28
76.37
76.31
76.35
76.37
76.33
76.42
76.45
76.49
76.49
76.54
76.51
76.48
76.49
76.50
76.51
76.50
76.44
76.46
76.49
76.48
76.51
76.48
76.44
76.39
76.41
76.32
76.28
76.29
76.22
76.15
76.15
76.11
76.09
76.15
76.17
76.19
76.20
76.16
76.19
76.20
76.23
76.22
76.24
76.26
76.25
76.25
76.28
76.26
76.26
76.25
76.22
76.25
76.28
76.36
76.33
76.33
76.34
76.33
76.34
76.38
76.35
76.34
76.30
76.26
76.29
76.27
76.32
76.36
76.38
76.39
76.39
76.33
76.34
76.34
76.32
76.34
76.32
76.28
76.25
76.24
76.24
76.22
76.21
76.22
76.24
76.26
76.28
76.27
76.27
76.31
76.29
76.31
76.32
76.30
76.26
76.27
76.21
76.20
76.19
76.20
76.23
76.22
76.23
76.23
76.22
76.21
76.21
76.18
76.17
76.17
76.17
76.16
76.17
76.17
76.16
76.15
76.13
76.15
76.13
76.12
76.11
76.13
76.17
76.19
76.19
76.19
76.18
76.22
76.23
76.21
76.19
76.19
76.18
76.21
76.22
76.19
76.20
76.18
76.12
76.12
76.12
76.13
76.14
76.11
76.12
76.11
76.10
76.11
76.11
76.10
76.08
76.06
76.08
76.09
76.11
76.07
76.09
76.10
76.09
76.07
76.06
76.04
76.03
76.05
76.07
76.07
76.09
76.04
76.02
76.00
76.03
76.00
76.01
76.01
76.02
76.03
76.05
76.06
76.06
76.06
76.06
76.06
76.05
76.08
76.05
76.05
76.04
76.03
76.02
76.01
76.03
76.02
75.99
76.01
76.01
75.95
75.95
75.94
75.97
75.99
75.98
75.98
75.97
75.97
75.97
75.96
75.96
75.97
75.97
75.96
75.99
75.98
75.99
75.96
75.97
75.98
75.98
76.00
76.00
75.98
75.98
75.98
75.98
75.96
75.97
75.96
75.97
75.98
75.99
75.96
75.97
75.95
75.97
75.94
75.94
75.95
75.95
75.96
75.96
75.94
75.97
75.95
75.95
75.97
75.96
75.96
75.97
75.95
75.95
75.95
75.96
75.95
75.99
75.95
75.94
75.94
75.92
75.93
75.94
75.92
75.91
75.92
75.93
75.92
75.90
75.90
75.91
75.92
75.92
75.92
75.92
75.91
75.91
75.93
75.92
75.92
75.91
75.92
75.91
75.90
75.90
75.92
75.93
75.93
75.92
75.92
75.91
75.90
75.92
75.92
75.92
75.90
75.90
75.91
75.91
75.90
75.90
75.90
75.90
75.91
75.91
75.90
75.88
75.88
75.89
75.88
75.87
75.88
75.89
75.89
75.92
75.93
75.94
75.95
75.96
75.97
75.97
75.96
75.95
75.96
75.95
75.98
75.97
75.99
75.98
75.98
75.98
75.99
75.97
75.99
75.99
75.99
75.99
76.00
76.01
76.00
76.00
75.99
75.97
75.96
75.97
75.95
75.96
75.94
75.93
75.95
75.95
75.95
75.96
75.93
75.95
75.94
75.96
75.96
75.98
75.99
75.99
76.01
76.01
76.00
76.03
76.04
76.04
76.03
76.05
76.05
76.07
76.07
76.08
76.10
76.08
76.09
76.07
76.07
76.07
76.05
76.05
76.03
76.02
76.03
76.02
76.02
76.03
76.02
76.03
76.03
76.03
76.04
76.05
76.05
76.07
76.08
76.08
76.08
76.09
76.09
76.09
76.09
76.08
76.09
76.10
76.11
76.13
76.12
76.12
76.13
76.12
76.11
76.12
76.12
76.11
76.12
76.11
76.12
76.13
76.14
76.12
76.12
76.11
76.12
76.14
76.13
76.12
76.13
76.10
76.09
76.11
76.10
76.12
76.12
76.14
76.15
76.15
76.16
76.17
76.17
76.15
76.15
76.14
76.13
76.14
76.13
76.12
76.12
76.10
76.09
76.08
76.09
76.09
76.10
76.09
76.08
76.08
76.10
76.11
76.11
76.11
76.10
76.10
76.11
76.13
76.11
76.11
76.12
76.13
76.12
76.12
76.13
76.12
76.11
76.11
76.12
76.12
76.12
76.13
76.12
76.12
76.10
76.11
76.12
76.11
76.09
76.09
76.10
76.09
76.08
76.08
76.09
76.07
76.07
76.06
76.07
76.08
76.09
76.09
76.10
76.09
76.09
76.08
76.08
76.08
76.07
76.06
76.06
76.04
76.03
76.04
76.04
76.05
76.05
76.06
76.07
76.08
76.08
76.08
76.06
76.05
76.04
76.04
76.03
76.04
76.04
76.02
76.03
76.03
76.02
76.01
76.02
76.02
76.02
76.02
76.02
76.03
76.04
76.03
76.03
76.03
76.03
76.02
76.02
76.02
76.02
76.03
76.04
76.04
76.05
76.04
76.05
76.05
76.06
76.06
76.06
76.05
76.05
76.05
76.05
76.05
76.05
76.06
76.06
76.07
76.08
76.08
76.09
76.08
76.07
76.07
76.06
76.06
76.07
76.05
76.05
76.05
76.05
76.05
76.05
76.04
76.04
76.05
76.05
76.04
76.04
76.03
76.03
76.03
76.03
76.03
76.03
76.03
76.03
76.03
76.03
76.03
76.04
76.02
76.03
76.02
76.02
76.02
76.02
76.04
76.04
76.05
76.07
76.07
76.07
76.06
76.05
76.06
76.06
76.06
76.06
76.06
76.05
76.06
76.05
76.05
76.05
76.05
76.05
76.06
76.07
76.06
76.07
76.07
76.06
76.07
76.07
76.08
76.08
76.07
76.08
76.08
76.08
76.07
76.07
76.08
76.08
76.08
76.07
76.07
76.08
76.08
76.08
76.07
76.07
76.07
76.07
76.07
76.07
76.09
76.10
76.09
76.08
76.08
76.07
76.07
76.07
76.06
76.07
76.07
76.06
76.06
76.06
76.06
76.08
76.01
