10.94
12.50
9.90
9.38
9.38
9.90
9.82
10.16
10.42
10.62
10.65
10.68
10.70
10.27
10.62
11.13
10.66
10.76
11.35
11.72
11.68
11.72
11.82
11.72
11.56
11.48
11.46
11.38
11.26
11.20
11.24
11.08
11.08
10.89
10.89
10.98
11.02
10.94
10.94
10.86
10.82
10.75
10.79
10.80
10.90
10.84
10.87
10.94
10.97
11.09
11.18
11.21
11.29
11.23
11.11
11.16
11.10
11.13
11.02
11.04
10.96
11.04
11.04
11.06
11.08
11.01
10.94
10.85
10.91
10.85
10.76
10.85
10.81
10.71
10.81
10.83
10.80
10.74
10.80
10.88
10.92
10.90
10.88
10.84
10.85
10.90
10.92
10.92
10.94
10.89
10.87
10.90
10.87
10.92
10.89
10.90
10.87
10.89
10.89
10.94
10.95
11.00
10.97
11.01
11.09
11.10
11.07
11.07
11.02
11.01
11.06
11.10
11.14
11.13
11.13
11.10
11.20
11.20
11.19
11.18
11.14
11.08
11.10
11.14
11.11
11.15
11.17
11.17
11.14
11.15
11.12
11.12
11.10
11.10
11.06
11.06
11.07
11.07
11.07
11.08
11.05
11.00
10.98
10.95
10.98
10.96
10.97
10.98
11.01
11.01
11.00
11.03
11.01
11.03
11.01
11.04
11.03
11.02
11.03
11.04
11.02
11.05
11.08
11.11
11.11
11.13
11.13
11.14
11.19
11.18
11.21
11.18
11.15
11.11
11.12
11.13
11.14
11.13
11.12
11.10
11.08
11.09
11.10
11.10
11.13
11.13
11.17
11.18
11.23
11.19
11.17
11.20
11.20
11.20
11.19
11.19
11.18
11.17
11.18
11.20
11.23
11.21
11.19
11.18
11.20
11.18
11.18
11.20
11.21
11.23
11.20
11.21
11.22
11.20
11.24
11.26
11.25
11.23
11.20
11.18
11.16
11.18
11.15
11.15
11.15
11.19
11.19
11.20
11.20
11.24
11.26
11.25
11.25
11.26
11.28
11.29
11.27
11.30
11.30
11.30
11.29
11.27
11.26
11.26
11.26
11.27
11.27
11.27
11.27
11.27
11.29
11.28
11.27
11.29
11.30
11.33
11.33
11.32
11.32
11.33
11.33
11.30
11.32
11.35
11.35
11.38
11.39
11.38
11.40
11.40
11.41
11.44
11.42
11.42
11.42
11.44
11.41
11.40
11.40
11.41
11.42
11.40
11.38
11.36
11.35
11.35
11.34
11.33
11.34
11.36
11.35
11.35
11.34
11.33
11.30
11.31
11.31
11.32
11.34
11.34
11.37
11.35
11.35
11.36
11.36
11.35
11.35
11.36
11.37
11.39
11.37
11.36
11.39
11.38
11.36
11.35
11.33
11.36
11.36
11.34
11.33
11.35
11.34
11.33
11.34
11.34
11.34
11.35
11.34
11.32
11.32
11.31
11.33
11.34
11.36
11.35
11.35
11.35
11.33
11.34
11.35
11.36
11.33
11.33
11.32
11.33
11.33
11.32
11.30
11.30
11.29
11.29
11.28
11.28
11.29
11.27
11.27
11.28
11.29
11.27
11.27
11.28
11.29
11.29
11.28
11.28
11.27
11.27
11.27
11.27
11.28
11.28
11.29
11.31
11.31
11.31
11.30
11.31
11.30
11.32
11.31
11.31
11.32
11.31
11.31
11.31
11.31
11.30
11.29
11.29
11.27
11.27
11.27
11.29
11.27
11.28
11.28
11.28
11.30
11.30
11.31
11.32
11.31
11.31
11.30
11.29
11.28
11.29
11.28
11.29
11.31
11.30
11.30
11.29
11.28
11.27
11.27
11.27
11.25
11.26
11.27
11.27
11.26
11.25
11.26
11.27
11.27
11.28
11.27
11.26
11.26
11.26
11.25
11.25
11.26
11.26
11.25
11.26
11.27
11.26
11.25
11.25
11.24
11.24
11.24
11.23
11.21
11.22
11.24
11.25
11.24
11.23
11.22
11.22
11.23
11.22
11.22
11.22
11.24
11.25
11.25
11.24
11.24
11.23
11.23
11.24
11.24
11.23
11.23
11.23
11.22
11.23
11.23
11.23
11.23
11.24
11.23
11.24
11.24
11.25
11.25
11.24
11.24
11.25
11.25
11.24
11.24
11.22
11.23
11.24
11.24
11.24
11.23
11.23
11.22
11.22
11.23
11.23
11.25
11.25
11.24
11.23
11.24
11.24
11.23
11.23
11.22
11.21
11.22
11.23
11.23
11.23
11.24
11.25
11.25
11.26
11.26
11.26
11.26
11.26
11.27
11.28
11.28
11.28
11.27
11.28
11.27
11.27
11.28
11.29
11.29
11.28
11.28
11.29
11.29
11.28
11.28
11.30
11.29
11.28
11.28
11.28
11.27
11.28
11.29
11.29
11.30
11.30
11.30
11.31
11.31
11.31
11.31
11.34
11.33
11.32
11.33
11.33
11.31
11.33
11.33
11.32
11.32
11.31
11.30
11.30
11.29
11.31
11.33
11.33
11.33
11.33
11.34
11.35
11.34
11.33
11.34
11.35
11.35
11.35
11.35
11.34
11.33
11.33
11.32
11.33
11.31
11.31
11.32
11.31
11.31
11.32
11.31
11.30
11.30
11.30
11.29
11.30
11.30
11.30
11.30
11.30
11.29
11.31
11.31
11.31
11.31
11.31
11.32
11.33
11.33
11.32
11.31
11.31
11.31
11.31
11.31
11.30
11.31
11.31
11.31
11.32
11.31
11.31
11.31
11.31
11.31
11.33
11.32
11.32
11.32
11.32
11.32
11.32
11.33
11.33
11.32
11.32
11.33
11.32
11.33
11.32
11.32
11.32
11.33
11.32
11.31
11.31
11.31
11.30
11.31
11.30
11.31
11.31
11.31
11.30
11.30
11.30
11.29
11.29
11.29
11.29
11.29
11.30
11.29
11.30
11.30
11.30
11.30
11.30
11.29
11.29
11.29
11.28
11.27
11.27
11.27
11.27
11.27
11.27
11.29
11.29
11.28
11.28
11.29
11.29
11.28
11.29
11.29
11.29
11.29
11.28
11.28
11.28
11.28
11.29
11.28
11.27
11.27
11.27
11.27
11.28
11.29
11.29
11.29
11.30
11.30
11.30
11.29
11.29
11.29
11.30
11.30
11.30
11.30
11.30
11.30
11.30
11.31
11.31
11.31
11.30
11.30
11.30
11.30
11.30
11.29
11.30
11.30
11.30
11.29
11.30
11.30
11.31
11.31
11.31
11.32
11.30
11.31
11.31
11.31
11.31
11.31
11.31
11.31
11.31
11.32
11.33
11.33
11.32
11.32
11.31
11.31
11.30
11.30
11.31
11.31
11.31
11.31
11.31
11.31
11.31
11.31
11.31
11.32
11.32
11.32
11.32
11.31
11.31
11.32
11.32
11.31
11.31
11.32
11.32
11.33
11.33
11.33
11.33
11.33
11.32
