68.75
74.22
72.92
73.44
73.12
73.44
73.66
74.02
74.13
73.44
73.58
73.31
73.56
72.88
73.33
72.85
72.89
72.83
72.37
72.66
72.17
71.95
71.94
71.68
71.75
71.69
71.59
71.71
71.71
71.98
71.93
71.83
71.88
71.74
71.70
71.44
71.28
71.18
71.39
71.25
71.23
71.17
71.15
71.24
71.18
71.13
70.94
70.96
70.85
70.69
70.62
70.43
70.52
70.57
70.45
70.54
70.53
70.55
70.55
70.55
70.54
70.56
70.51
70.53
70.58
70.62
70.57
70.54
70.49
70.54
70.38
70.38
70.38
70.27
70.31
70.39
70.37
70.43
70.45
70.35
70.43
70.60
70.46
70.46
70.53
70.60
70.53
70.54
70.59
70.61
70.64
70.75
70.73
70.69
70.61
70.64
70.54
70.55
70.60
70.66
70.62
70.71
70.77
70.75
70.76
70.80
70.87
70.88
70.81
70.74
70.76
70.77
70.84
70.89
70.84
70.82
70.79
70.68
70.61
70.59
70.57
70.47
70.49
70.53
70.42
70.40
70.34
70.37
70.42
70.37
70.40
70.35
70.35
70.36
70.38
70.42
70.40
70.40
70.42
70.52
70.51
70.52
70.56
70.63
70.57
70.56
70.53
70.57
70.60
70.58
70.54
70.57
70.56
70.55
70.55
70.59
70.71
70.72
70.72
70.79
70.82
70.84
70.87
70.87
70.87
70.88
70.86
70.82
70.78
70.83
70.78
70.77
70.74
70.73
70.71
70.74
70.73
70.72
70.71
70.67
70.68
70.68
70.71
70.67
70.71
70.72
70.74
70.69
70.75
70.78
70.78
70.79
70.76
70.77
70.76
70.77
70.83
70.85
70.83
70.80
70.74
70.68
70.64
70.60
70.61
70.58
70.53
70.52
70.51
70.56
70.59
70.59
70.54
70.51
70.50
70.49
70.53
70.53
70.53
70.53
70.52
70.52
70.55
70.58
70.60
70.61
70.64
70.61
70.59
70.57
70.57
70.58
70.56
70.61
70.56
70.52
70.51
70.49
70.51
70.49
70.47
70.50
70.52
70.54
70.59
70.59
70.59
70.58
70.59
70.58
70.61
70.62
70.60
70.61
70.61
70.62
70.62
70.63
70.60
70.61
70.63
70.59
70.62
70.61
70.60
70.59
70.61
70.62
70.61
70.64
70.64
70.66
70.66
70.64
70.69
70.70
70.67
70.69
70.67
70.66
70.69
70.72
70.73
70.72
70.72
70.72
70.68
70.70
70.69
70.68
70.68
70.68
70.65
70.64
70.62
70.65
70.67
70.64
70.63
70.62
70.60
70.60
70.59
70.60
70.58
70.59
70.60
70.59
70.57
70.58
70.60
70.60
70.60
70.60
70.61
70.62
70.60
70.63
70.61
70.59
70.56
70.55
70.50
70.47
70.51
70.49
70.46
70.46
70.46
70.44
70.40
70.38
70.39
70.39
70.37
70.35
70.34
70.34
70.33
70.30
70.29
70.28
70.30
70.31
70.30
70.31
70.32
70.31
70.29
70.26
70.25
70.26
70.28
70.29
70.25
70.27
70.27
70.29
70.29
70.30
70.30
70.33
70.31
70.34
70.37
70.37
70.38
70.36
70.34
70.33
70.33
70.29
70.30
70.30
70.32
70.32
70.34
70.32
70.29
70.28
70.27
70.26
70.28
70.26
70.26
70.24
70.25
70.24
70.24
70.24
70.25
70.26
70.27
70.28
70.29
70.28
70.25
70.23
70.24
70.27
70.25
70.25
70.25
70.22
70.20
70.21
70.22
70.21
70.23
70.24
70.26
70.26
70.26
70.25
70.24
70.26
70.25
70.27
70.25
70.23
70.23
70.25
70.25
70.26
70.29
70.31
70.31
70.31
70.29
70.31
70.33
70.33
70.33
70.34
70.34
70.33
70.33
70.33
70.35
70.36
70.37
70.36
70.36
70.33
70.32
70.33
70.33
70.33
70.36
70.35
70.36
70.35
70.35
70.37
70.35
70.33
70.35
70.36
70.34
70.35
70.36
70.36
70.35
70.36
70.37
70.37
70.37
70.34
70.34
70.32
70.33
70.33
70.33
70.30
70.30
70.28
70.28
70.27
70.26
70.27
70.26
70.26
70.26
70.24
70.24
70.23
70.24
70.22
70.23
70.24
70.23
70.23
70.21
70.21
70.21
70.22
70.22
70.25
70.24
70.24
70.22
70.22
70.22
70.23
70.24
70.25
70.24
70.25
70.27
70.26
70.25
70.25
70.26
70.25
70.24
70.23
70.23
70.24
70.26
70.27
70.26
70.25
70.26
70.26
70.25
70.27
70.28
70.27
70.26
70.24
70.22
70.22
70.24
70.24
70.23
70.23
70.23
70.22
70.23
70.23
70.23
70.23
70.24
70.25
70.26
70.27
70.27
70.25
70.25
70.24
70.26
70.26
70.26
70.27
70.27
70.28
70.29
70.28
70.28
70.28
70.29
70.31
70.30
70.30
70.30
70.30
70.31
70.31
70.31
70.33
70.32
70.32
70.33
70.31
70.30
70.30
70.29
70.28
70.29
70.28
70.27
70.27
70.27
70.28
70.27
70.27
70.27
70.25
70.25
70.25
70.25
70.26
70.25
70.27
70.26
70.25
70.24
70.24
70.24
70.24
70.25
70.25
70.25
70.25
70.25
70.25
70.25
70.24
70.23
70.22
70.23
70.24
70.24
70.24
70.22
70.22
70.22
70.21
70.20
70.20
70.18
70.19
70.18
70.19
70.18
70.18
70.17
70.18
70.17
70.16
70.14
70.13
70.14
70.14
70.15
70.15
70.15
70.17
70.15
70.14
70.13
70.14
70.15
70.15
70.14
70.14
70.14
70.15
70.14
70.13
70.13
70.14
70.14
70.14
70.13
70.14
70.14
70.14
70.15
70.14
70.14
70.14
70.13
70.13
70.13
70.13
70.15
70.15
70.16
70.17
70.17
70.16
70.16
70.15
70.15
70.15
70.15
70.14
70.14
70.13
70.12
70.13
70.14
70.15
70.14
70.14
70.14
70.14
70.15
70.15
70.16
70.15
70.15
70.16
70.16
70.17
70.18
70.18
70.17
70.17
70.17
70.18
70.20
70.20
70.20
70.18
70.18
70.19
70.19
70.20
70.20
70.20
70.20
70.19
70.20
70.20
70.20
70.21
70.20
70.20
70.21
70.21
70.21
70.20
70.20
70.19
70.18
70.18
70.18
70.18
70.17
70.18
70.17
70.18
70.18
70.20
70.20
70.21
70.21
70.20
70.19
70.18
70.18
70.18
70.17
70.17
70.16
70.16
70.16
70.17
70.17
70.17
70.18
70.18
70.17
70.18
70.18
70.19
70.18
70.17
70.19
70.17
70.18
70.18
70.17
70.18
70.17
70.18
70.18
70.18
70.18
70.18
70.18
70.19
70.18
70.18
70.19
70.19
70.19
70.20
70.20
70.13
