78.12
75.78
74.48
75.00
75.31
74.48
75.89
75.20
74.31
74.22
74.43
75.39
75.60
75.67
75.52
75.68
75.92
76.48
76.40
76.41
76.56
76.92
76.43
76.30
75.69
76.02
76.22
75.95
75.70
75.73
75.81
75.93
75.95
75.97
76.12
76.13
76.22
76.36
76.48
76.29
76.18
76.30
76.16
76.21
76.28
76.36
76.36
76.37
76.40
76.44
76.59
76.41
76.39
76.42
76.36
76.23
76.21
76.19
76.06
76.02
76.10
76.06
76.12
76.12
76.08
76.07
75.98
75.92
75.86
75.80
75.79
75.87
75.83
75.76
75.79
75.64
75.65
75.70
75.73
75.72
75.73
75.80
75.73
75.73
75.61
75.53
75.57
75.51
75.42
75.47
75.45
75.42
75.35
75.32
75.33
75.26
75.24
75.24
75.28
75.33
75.39
75.41
75.39
75.30
75.36
75.35
75.38
75.42
75.47
75.44
75.44
75.42
75.39
75.40
75.42
75.47
75.43
75.52
75.54
75.55
75.54
75.63
75.64
75.58
75.55
75.55
75.44
75.44
75.47
75.48
75.44
75.40
75.39
75.37
75.35
75.39
75.34
75.31
75.36
75.40
75.45
75.44
75.42
75.43
75.51
75.49
75.48
75.52
75.49
75.50
75.54
75.48
75.50
75.53
75.54
75.49
75.40
75.43
75.41
75.42
75.40
75.37
75.37
75.39
75.41
75.43
75.47
75.46
75.44
75.43
75.48
75.46
75.45
75.48
75.54
75.52
75.54
75.54
75.60
75.60
75.60
75.61
75.66
75.66
75.69
75.66
75.69
75.71
75.71
75.75
75.75
75.71
75.68
75.72
75.74
75.74
75.70
75.70
75.67
75.70
75.68
75.70
75.71
75.71
75.73
75.75
75.79
75.83
75.80
75.77
75.82
75.85
75.86
75.86
75.86
75.88
75.92
75.91
75.93
75.92
75.95
75.95
75.95
75.96
75.97
75.97
75.96
75.97
75.95
75.94
75.93
75.96
75.93
75.95
75.98
75.99
76.00
76.01
76.01
76.00
75.99
75.97
75.95
75.94
75.94
75.97
75.97
76.00
76.02
76.01
76.02
76.02
76.03
76.03
76.01
75.99
76.02
75.99
75.97
75.93
75.92
75.89
75.92
75.94
75.97
75.99
75.99
75.97
75.96
75.98
75.96
75.98
75.97
76.02
76.01
75.99
76.02
76.00
76.00
76.00
76.01
76.01
76.04
76.04
76.06
76.02
76.02
76.02
76.03
76.03
76.02
76.03
76.03
76.03
76.03
75.99
75.98
75.98
76.00
76.02
76.01
75.99
75.98
76.01
75.99
75.99
76.00
76.01
75.99
76.00
76.01
76.01
76.04
76.04
76.06
76.06
76.06
76.06
76.06
76.06
76.05
76.03
76.04
76.02
76.01
75.99
75.99
76.00
75.99
75.98
75.96
75.96
75.96
75.99
75.99
75.98
75.98
75.98
75.98
75.99
75.99
75.96
75.94
75.94
75.94
75.94
75.94
75.95
75.95
75.96
75.97
75.95
75.96
75.96
75.96
75.98
75.96
75.98
75.99
76.00
75.99
75.98
75.96
75.99
75.98
75.99
75.98
75.99
75.98
75.97
75.96
75.98
76.00
76.00
76.00
76.01
76.00
75.98
75.96
75.99
75.98
75.98
75.97
75.97
75.98
76.00
76.00
76.01
76.01
76.03
76.02
76.02
76.02
76.02
76.02
76.03
76.04
76.04
76.05
76.05
76.08
76.07
76.07
76.05
76.04
75.99
75.99
76.01
76.01
76.00
76.00
76.01
76.02
76.02
76.01
76.00
76.01
76.00
75.99
75.99
76.01
76.00
76.02
76.01
76.03
76.03
76.02
76.01
76.02
76.01
76.00
76.00
75.99
76.01
75.99
76.00
75.99
75.99
76.01
76.02
76.03
76.05
76.05
76.07
76.10
76.09
76.09
76.11
76.12
76.11
76.11
76.10
76.09
76.09
76.08
76.07
76.09
76.10
76.09
76.07
76.07
76.07
76.07
76.06
76.07
76.09
76.09
76.10
76.13
76.13
76.14
76.14
76.14
76.14
76.14
76.17
76.18
76.19
76.18
76.17
76.15
76.17
76.16
76.16
76.16
76.16
76.15
76.14
76.14
76.14
76.12
76.14
76.15
76.13
76.12
76.12
76.13
76.12
76.12
76.13
76.12
76.13
76.13
76.15
76.15
76.15
76.16
76.15
76.16
76.15
76.17
76.17
76.16
76.16
76.17
76.17
76.17
76.17
76.16
76.16
76.16
76.17
76.17
76.17
76.18
76.18
76.20
76.21
76.20
76.20
76.19
76.20
76.21
76.21
76.21
76.22
76.23
76.22
76.21
76.21
76.20
76.20
76.20
76.21
76.21
76.22
76.21
76.22
76.23
76.23
76.23
76.23
76.23
76.23
76.23
76.24
76.24
76.24
76.23
76.23
76.22
76.23
76.24
76.22
76.23
76.24
76.25
76.25
76.25
76.25
76.25
76.25
76.25
76.25
76.24
76.21
76.21
76.21
76.21
76.21
76.24
76.23
76.22
76.22
76.23
76.23
76.23
76.22
76.21
76.20
76.21
76.21
76.21
76.21
76.21
76.20
76.20
76.17
76.17
76.17
76.17
76.16
76.16
76.17
76.18
76.17
76.19
76.18
76.18
76.17
76.17
76.17
76.17
76.18
76.16
76.17
76.17
76.18
76.17
76.17
76.17
76.16
76.16
76.17
76.16
76.16
76.16
76.15
76.15
76.15
76.15
76.14
76.15
76.15
76.14
76.14
76.13
76.12
76.13
76.11
76.12
76.13
76.12
76.12
76.12
76.12
76.12
76.10
76.11
76.12
76.13
76.13
76.15
76.15
76.15
76.15
76.15
76.13
76.14
76.15
76.15
76.14
76.15
76.16
76.14
76.14
76.12
76.13
76.14
76.13
76.14
76.15
76.17
76.17
76.17
76.17
76.18
76.17
76.16
76.15
76.15
76.15
76.16
76.15
76.15
76.16
76.15
76.14
76.14
76.14
76.14
76.14
76.15
76.13
76.13
76.14
76.14
76.13
76.13
76.14
76.14
76.14
76.13
76.14
76.15
76.13
76.13
76.13
76.13
76.13
76.12
76.12
76.12
76.11
76.12
76.11
76.11
76.10
76.08
76.10
76.10
76.10
76.10
76.11
76.10
76.10
76.09
76.10
76.10
76.11
76.11
76.12
76.11
76.10
76.10
76.09
76.09
76.09
76.09
76.09
76.10
76.09
76.10
76.09
76.08
76.09
76.09
76.09
76.10
76.11
76.11
76.12
76.12
76.12
76.12
76.11
76.11
76.11
76.11
76.12
76.11
76.11
76.11
76.11
76.11
76.12
76.12
76.11
76.12
76.10
76.09
76.10
76.10
76.10
76.09
76.10
76.10
76.11
76.11
76.10
76.10
76.03
