20.31
21.88
17.71
17.97
15.62
16.15
15.40
16.02
16.15
15.47
15.48
16.15
16.47
16.96
17.08
17.29
17.37
17.53
18.01
17.58
17.93
17.61
17.73
17.77
17.69
17.19
17.30
17.30
17.13
17.34
17.19
17.09
17.09
17.19
17.32
17.23
17.27
17.48
17.19
17.27
17.26
17.19
17.08
16.97
16.84
16.75
16.92
16.73
16.84
16.75
16.88
16.95
16.92
16.87
16.82
16.74
16.64
16.59
16.63
16.61
16.57
16.56
16.67
16.63
16.80
16.74
16.74
16.70
16.78
16.85
16.86
16.95
16.99
16.87
16.88
16.86
16.86
16.97
16.97
16.97
16.88
16.84
16.85
16.85
16.86
16.81
16.72
16.64
16.68
16.63
16.64
16.64
16.55
16.56
16.55
16.49
16.46
16.50
16.52
16.59
16.52
16.53
16.52
16.57
16.55
16.60
16.65
16.71
16.67
16.62
16.64
16.67
16.72
16.72
16.67
16.68
16.73
16.84
16.92
16.94
16.98
17.00
17.04
17.09
17.18
17.18
17.21
17.21
17.20
17.15
17.16
17.14
17.09
17.08
17.09
17.07
17.05
17.04
17.02
16.93
16.92
16.92
16.98
16.93
16.99
17.01
17.04
17.11
17.12
17.14
17.15
17.16
17.18
17.18
17.21
17.22
17.28
17.25
17.29
17.35
17.35
17.34
17.36
17.33
17.38
17.35
17.38
17.36
17.29
17.31
17.27
17.25
17.26
17.25
17.28
17.27
17.28
17.26
17.22
17.23
17.24
17.24
17.23
17.24
17.21
17.25
17.23
17.24
17.28
17.27
17.27
17.29
17.28
17.30
17.26
17.27
17.31
17.34
17.31
17.31
17.32
17.33
17.31
17.34
17.36
17.35
17.36
17.38
17.37
17.34
17.34
17.36
17.35
17.36
17.39
17.35
17.34
17.34
17.34
17.34
17.35
17.35
17.36
17.33
17.31
17.28
17.30
17.29
17.30
17.28
17.27
17.30
17.30
17.28
17.27
17.29
17.28
17.25
17.29
17.28
17.27
17.26
17.26
17.25
17.24
17.25
17.22
17.20
17.19
17.19
17.21
17.19
17.20
17.18
17.21
17.20
17.19
17.21
17.22
17.20
17.19
17.16
17.16
17.15
17.14
17.14
17.12
17.12
17.16
17.16
17.14
17.14
17.13
17.15
17.18
17.19
17.24
17.26
17.26
17.25
17.25
17.25
17.25
17.25
17.26
17.24
17.27
17.26
17.27
17.28
17.26
17.25
17.21
17.20
17.17
17.20
17.20
17.22
17.20
17.22
17.19
17.22
17.23
17.22
17.22
17.20
17.19
17.22
17.22
17.23
17.23
17.21
17.20
17.20
17.20
17.21
17.20
17.19
17.17
17.16
17.17
17.17
17.17
17.19
17.17
17.19
17.18
17.20
17.21
17.20
17.21
17.21
17.21
17.20
17.18
17.20
17.18
17.17
17.17
17.19
17.20
17.18
17.17
17.17
17.17
17.16
17.14
17.15
17.14
17.16
17.17
17.15
17.13
17.15
17.16
17.15
17.14
17.16
17.15
17.15
17.15
17.16
17.14
17.13
17.13
17.15
17.14
17.17
17.18
17.19
17.20
17.19
17.18
17.18
17.17
17.17
17.17
17.15
17.18
17.18
17.22
17.21
17.20
17.20
17.20
17.18
17.19
17.18
17.16
17.17
17.19
17.19
17.20
17.18
17.17
17.16
17.16
17.16
17.15
17.13
17.12
17.13
17.13
17.13
17.14
17.12
17.13
17.15
17.14
17.14
17.15
17.15
17.13
17.12
17.13
17.13
17.12
17.12
17.11
17.14
17.12
17.12
17.12
17.11
17.11
17.12
17.11
17.11
17.12
17.11
17.09
17.10
17.11
17.09
17.09
17.09
17.09
17.07
17.06
17.07
17.06
17.05
17.05
17.05
17.05
17.04
17.05
17.05
17.05
17.04
17.06
17.07
17.05
17.06
17.06
17.05
17.06
17.06
17.05
17.04
17.06
17.06
17.06
17.06
17.04
17.06
17.06
17.05
17.05
17.05
17.04
17.03
17.03
17.03
17.02
17.02
17.05
17.05
17.06
17.08
17.07
17.07
17.07
17.08
17.06
17.07
17.08
17.09
17.10
17.10
17.10
17.11
17.11
17.12
17.13
17.14
17.15
17.14
17.15
17.17
17.18
17.16
17.15
17.15
17.15
17.15
17.14
17.14
17.15
17.15
17.15
17.14
17.14
17.13
17.13
17.13
17.14
17.13
17.14
17.13
17.14
17.14
17.14
17.14
17.13
17.13
17.13
17.15
17.16
17.16
17.16
17.15
17.15
17.14
17.14
17.14
17.14
17.14
17.13
17.13
17.12
17.11
17.10
17.11
17.10
17.09
17.10
17.10
17.12
17.12
17.11
17.11
17.11
17.09
17.08
17.07
17.07
17.08
17.09
17.08
17.08
17.08
17.09
17.08
17.06
17.05
17.04
17.05
17.04
17.03
17.04
17.04
17.03
17.05
17.04
17.03
17.03
17.04
17.02
17.02
17.02
17.02
17.01
17.01
17.01
17.00
17.00
17.00
17.01
17.00
16.99
16.99
16.98
17.00
17.00
16.99
16.99
16.99
16.99
16.98
16.98
16.97
16.96
16.96
16.96
16.96
16.96
16.96
16.95
16.95
16.95
16.94
16.94
16.94
16.93
16.94
16.94
16.94
16.96
16.96
16.97
16.97
16.97
16.96
16.96
16.97
16.96
16.97
16.97
16.98
16.98
16.97
16.97
16.96
16.95
16.95
16.95
16.96
16.96
16.96
16.97
16.98
16.98
16.98
16.97
16.97
16.97
16.96
16.97
16.98
16.97
16.96
16.96
16.97
16.97
16.96
16.97
16.97
16.96
16.95
16.96
16.97
16.98
16.99
17.00
17.00
17.00
16.99
16.99
16.98
16.99
16.97
16.99
16.98
16.99
16.99
17.00
16.99
17.00
17.00
16.99
16.99
16.98
16.99
16.99
16.98
16.99
16.99
16.98
16.99
16.99
16.98
16.99
16.98
16.98
16.98
16.99
16.98
17.01
17.00
17.00
16.99
16.99
17.00
16.99
16.99
17.00
17.00
17.00
17.00
17.01
17.00
16.99
17.00
17.01
16.99
16.98
16.97
16.98
16.98
16.98
16.97
16.97
16.96
16.97
16.96
16.97
16.98
16.98
16.97
16.98
16.98
16.98
16.99
16.99
16.99
17.00
17.00
17.00
17.00
16.99
16.99
16.99
16.99
17.00
17.00
17.00
17.00
17.00
16.99
17.00
16.98
16.99
16.99
16.99
16.98
16.98
16.98
16.98
16.98
16.97
16.98
16.98
16.98
16.98
16.98
16.97
16.97
16.98
16.97
16.97
16.97
16.98
16.97
16.97
16.97
16.96
16.95
16.94
16.94
16.95
16.93
