73.44
68.75
68.75
69.53
70.94
70.83
70.98
71.48
72.57
72.97
73.15
73.57
74.16
74.22
74.06
74.02
73.71
73.78
73.52
73.36
73.44
73.65
73.71
73.50
73.44
73.62
73.78
73.72
73.81
73.85
73.69
73.63
73.67
73.67
73.88
73.83
73.90
74.10
73.96
74.18
74.20
74.00
74.02
73.97
74.17
74.08
74.10
74.06
74.11
74.28
74.26
74.25
74.29
74.42
74.40
74.33
74.40
74.60
74.60
74.45
74.62
74.65
74.50
74.56
74.66
74.72
74.67
74.61
74.71
74.87
74.89
74.83
74.91
75.00
74.90
74.88
74.98
75.04
75.02
75.02
75.02
75.08
75.04
75.04
75.09
75.20
75.09
75.12
75.14
75.12
75.02
75.07
74.98
74.92
74.93
74.95
75.06
75.08
75.08
75.09
75.11
75.18
75.18
75.12
74.99
74.90
74.91
74.93
74.91
74.93
75.03
75.08
75.11
75.12
75.19
75.19
75.15
75.15
75.25
75.26
75.25
75.23
75.20
75.18
75.07
75.09
75.07
75.11
75.12
75.18
75.19
75.22
75.26
75.31
75.30
75.26
75.27
75.33
75.25
75.17
75.19
75.13
75.11
75.14
75.18
75.18
75.17
75.17
75.17
75.19
75.18
75.17
75.17
75.13
75.14
75.15
75.13
75.13
75.12
75.14
75.19
75.22
75.23
75.27
75.29
75.29
75.34
75.30
75.30
75.35
75.37
75.38
75.41
75.40
75.35
75.35
75.38
75.37
75.36
75.35
75.35
75.33
75.32
75.29
75.31
75.24
75.24
75.25
75.26
75.21
75.17
75.15
75.19
75.24
75.19
75.22
75.24
75.26
75.31
75.33
75.30
75.28
75.31
75.29
75.24
75.26
75.25
75.26
75.19
75.20
75.19
75.17
75.14
75.16
75.19
75.13
75.12
75.10
75.09
75.09
75.08
75.11
75.05
75.03
75.02
75.03
75.06
75.03
75.03
75.01
75.02
75.05
75.03
75.02
75.01
75.02
75.03
75.01
75.05
75.07
75.08
75.10
75.11
75.14
75.18
75.17
75.20
75.16
75.17
75.16
75.13
75.11
75.07
75.11
75.12
75.11
75.10
75.09
75.12
75.11
75.09
75.09
75.11
75.11
75.12
75.11
75.15
75.17
75.16
75.17
75.16
75.16
75.17
75.18
75.19
75.18
75.21
75.24
75.22
75.20
75.19
75.23
75.22
75.24
75.23
75.25
75.25
75.24
75.26
75.26
75.24
75.26
75.30
75.29
75.30
75.33
75.33
75.33
75.33
75.35
75.36
75.36
75.32
75.31
75.32
75.33
75.30
75.30
75.33
75.33
75.32
75.32
75.34
75.33
75.32
75.30
75.31
75.30
75.31
75.33
75.33
75.33
75.33
75.31
75.31
75.33
75.32
75.31
75.33
75.37
75.39
75.40
75.41
75.40
75.41
75.39
75.41
75.41
75.40
75.43
75.44
75.44
75.43
75.46
75.47
75.46
75.46
75.47
75.48
75.50
75.50
75.49
75.47
75.47
75.48
75.48
75.48
75.48
75.45
75.47
75.49
75.49
75.51
75.52
75.51
75.46
75.43
75.46
75.43
75.44
75.45
75.45
75.44
75.44
75.45
75.45
75.45
75.46
75.45
75.42
75.42
75.42
75.40
75.39
75.38
75.40
75.42
75.43
75.45
75.46
75.47
75.48
75.47
75.46
75.47
75.49
75.49
75.49
75.52
75.52
75.49
75.47
75.46
75.44
75.45
75.48
75.49
75.49
75.49
75.51
75.51
75.51
75.52
75.54
75.53
75.54
75.52
75.52
75.51
75.49
75.51
75.52
75.52
75.53
75.53
75.52
75.53
75.53
75.54
75.55
75.55
75.56
75.54
75.57
75.57
75.56
75.57
75.57
75.56
75.56
75.56
75.57
75.57
75.55
75.56
75.56
75.55
75.53
75.52
75.52
75.51
75.50
75.47
75.46
75.47
75.47
75.47
75.48
75.48
75.48
75.47
75.48
75.49
75.48
75.48
75.48
75.47
75.47
75.47
75.50
75.49
75.50
75.51
75.52
75.52
75.52
75.52
75.49
75.49
75.49
75.49
75.49
75.49
75.47
75.48
75.47
75.47
75.46
75.47
75.48
75.47
75.49
75.48
75.48
75.48
75.49
75.49
75.50
75.52
75.52
75.54
75.56
75.57
75.59
75.59
75.59
75.60
75.61
75.60
75.62
75.60
75.59
75.59
75.58
75.58
75.59
75.57
75.57
75.58
75.56
75.55
75.55
75.56
75.56
75.56
75.56
75.56
75.57
75.57
75.57
75.56
75.56
75.56
75.54
75.55
75.54
75.55
75.53
75.53
75.53
75.51
75.52
75.52
75.53
75.54
75.55
75.54
75.52
75.52
75.54
75.54
75.53
75.51
75.50
75.49
75.49
75.50
75.49
75.50
75.49
75.50
75.50
75.49
75.50
75.50
75.48
75.47
75.48
75.51
75.50
75.51
75.52
75.51
75.50
75.51
75.51
75.51
75.51
75.52
75.53
75.54
75.54
75.55
75.54
75.56
75.57
75.57
75.57
75.57
75.57
75.59
75.59
75.60
75.59
75.60
75.59
75.58
75.59
75.58
75.59
75.58
75.58
75.59
75.60
75.59
75.60
75.60
75.59
75.59
75.60
75.59
75.60
75.61
75.62
75.61
75.59
75.58
75.58
75.60
75.59
75.60
75.59
75.58
75.58
75.58
75.59
75.60
75.60
75.59
75.59
75.58
75.58
75.57
75.57
75.55
75.55
75.55
75.56
75.56
75.55
75.56
75.55
75.53
75.54
75.55
75.54
75.55
75.54
75.56
75.56
75.57
75.57
75.56
75.55
75.55
75.55
75.55
75.57
75.58
75.57
75.57
75.56
75.56
75.56
75.58
75.58
75.58
75.57
75.56
75.57
75.56
75.56
75.57
75.57
75.57
75.56
75.56
75.56
75.56
75.56
75.58
75.58
75.58
75.59
75.59
75.58
75.56
75.57
75.57
75.56
75.55
75.54
75.53
75.53
75.52
75.53
75.53
75.54
75.54
75.52
75.52
75.54
75.55
75.55
75.55
75.55
75.54
75.55
75.54
75.54
75.55
75.57
75.58
75.58
75.58
75.59
75.59
75.59
75.58
75.59
75.58
75.58
75.59
75.60
75.61
75.62
75.61
75.61
75.62
75.61
75.61
75.61
75.61
75.62
75.62
75.62
75.62
75.63
75.63
75.63
75.62
75.61
75.62
75.63
75.64
75.64
75.63
75.64
75.64
75.64
75.64
75.64
75.63
75.62
75.63
75.64
75.64
75.63
75.63
75.63
75.62
75.63
75.63
75.62
75.62
75.61
75.62
75.62
75.62
75.62
75.62
75.62
75.62
75.63
75.63
75.64
75.64
75.64
75.66
75.66
75.66
75.59
