73.44
71.88
72.92
71.88
72.19
72.92
74.55
73.83
72.74
72.50
72.44
72.53
72.48
72.88
73.12
73.05
73.07
73.09
73.19
72.97
73.07
73.44
73.23
73.05
73.00
72.36
72.05
71.99
71.98
71.88
71.67
71.68
71.73
71.46
71.21
71.22
71.11
71.18
71.11
71.25
71.07
70.94
71.04
71.13
71.18
71.30
71.41
71.52
71.46
71.38
71.35
71.42
71.40
71.35
71.39
71.34
71.19
71.20
71.27
71.30
71.18
71.24
71.21
71.09
71.18
71.31
71.39
71.53
71.44
71.63
71.63
71.51
71.51
71.45
71.50
71.44
71.47
71.51
71.56
71.54
71.59
71.55
71.65
71.78
71.73
71.80
71.82
71.77
71.61
71.70
71.77
71.74
71.74
71.78
71.74
71.78
71.73
71.60
71.62
71.62
71.70
71.75
71.75
71.84
71.79
71.89
71.89
71.93
71.82
71.82
71.80
71.74
71.75
71.82
71.86
71.87
71.94
71.95
71.89
71.89
71.81
71.82
71.82
71.81
71.77
71.74
71.67
71.64
71.64
71.72
71.64
71.69
71.72
71.68
71.64
71.55
71.59
71.55
71.63
71.62
71.62
71.62
71.62
71.57
71.59
71.60
71.56
71.53
71.52
71.48
71.55
71.61
71.56
71.65
71.69
71.73
71.76
71.69
71.70
71.76
71.81
71.83
71.80
71.79
71.76
71.75
71.73
71.77
71.71
71.72
71.70
71.70
71.71
71.72
71.75
71.78
71.82
71.76
71.82
71.81
71.82
71.81
71.77
71.71
71.68
71.65
71.63
71.63
71.63
71.63
71.59
71.57
71.58
71.61
71.64
71.62
71.64
71.62
71.57
71.58
71.54
71.55
71.57
71.60
71.59
71.62
71.57
71.54
71.60
71.57
71.59
71.57
71.57
71.55
71.56
71.57
71.56
71.52
71.53
71.51
71.54
71.53
71.50
71.48
71.44
71.46
71.48
71.49
71.49
71.47
71.51
71.45
71.45
71.41
71.36
71.40
71.43
71.44
71.43
71.46
71.52
71.51
71.55
71.57
71.51
71.53
71.53
71.53
71.52
71.55
71.57
71.56
71.58
71.59
71.56
71.56
71.53
71.59
71.58
71.61
71.60
71.64
71.61
71.63
71.61
71.61
71.62
71.65
71.67
71.65
71.65
71.63
71.65
71.62
71.64
71.63
71.63
71.61
71.64
71.62
71.63
71.60
71.59
71.59
71.58
71.56
71.55
71.55
71.56
71.54
71.53
71.51
71.46
71.44
71.42
71.38
71.38
71.40
71.39
71.38
71.40
71.39
71.38
71.36
71.35
71.37
71.37
71.36
71.35
71.34
71.35
71.34
71.33
71.31
71.33
71.28
71.27
71.27
71.24
71.24
71.23
71.24
71.26
71.23
71.23
71.21
71.21
71.18
71.16
71.16
71.15
71.16
71.16
71.16
71.16
71.14
71.11
71.09
71.12
71.07
71.09
71.08
71.09
71.09
71.09
71.08
71.07
71.08
71.07
71.08
71.10
71.07
71.10
71.09
71.09
71.10
71.10
71.10
71.09
71.09
71.11
71.13
71.10
71.12
71.12
71.11
71.09
71.09
71.08
71.06
71.09
71.11
71.10
71.10
71.08
71.08
71.11
71.09
71.10
71.09
71.08
71.08
71.09
71.08
71.10
71.10
71.07
71.08
71.09
71.09
71.11
71.11
71.10
71.11
71.10
71.10
71.08
71.07
71.07
71.07
71.08
71.08
71.08
71.10
71.12
71.12
71.10
71.09
71.09
71.09
71.08
71.06
71.07
71.06
71.05
71.07
71.07
71.06
71.06
71.09
71.10
71.11
71.11
71.10
71.10
71.12
71.11
71.12
71.13
71.11
71.12
71.11
71.11
71.10
71.07
71.08
71.08
71.11
71.10
71.10
71.10
71.10
71.11
71.10
71.10
71.13
71.11
71.11
71.11
71.10
71.11
71.13
71.13
71.13
71.11
71.16
71.16
71.14
71.12
71.11
71.11
71.13
71.13
71.13
71.13
71.12
71.11
71.11
71.11
71.12
71.13
71.15
71.13
71.14
71.14
71.15
71.15
71.14
71.15
71.16
71.15
71.14
71.15
71.13
71.13
71.13
71.13
71.14
71.17
71.16
71.17
71.18
71.18
71.18
71.19
71.19
71.19
71.19
71.18
71.17
71.19
71.18
71.18
71.17
71.16
71.16
71.16
71.14
71.14
71.14
71.12
71.12
71.12
71.09
71.10
71.11
71.12
71.11
71.10
71.11
71.11
71.13
71.14
71.14
71.15
71.15
71.15
71.15
71.16
71.18
71.17
71.15
71.15
71.16
71.17
71.16
71.16
71.16
71.16
71.17
71.19
71.21
71.20
71.21
71.21
71.22
71.23
71.20
71.21
71.22
71.21
71.21
71.23
71.26
71.26
71.25
71.26
71.26
71.26
71.25
71.23
71.24
71.23
71.26
71.26
71.26
71.28
71.29
71.29
71.29
71.28
71.29
71.29
71.27
71.27
71.28
71.28
71.26
71.27
71.26
71.28
71.27
71.25
71.26
71.26
71.24
71.27
71.29
71.31
71.32
71.30
71.30
71.30
71.29
71.30
71.30
71.31
71.31
71.29
71.29
71.29
71.30
71.29
71.29
71.30
71.29
71.30
71.29
71.29
71.31
71.31
71.31
71.31
71.30
71.29
71.31
71.31
71.32
71.30
71.30
71.30
71.29
71.29
71.28
71.29
71.28
71.30
71.31
71.29
71.28
71.29
71.28
71.29
71.27
71.26
71.25
71.25
71.25
71.27
71.27
71.28
71.27
71.27
71.27
71.28
71.29
71.30
71.30
71.31
71.32
71.32
71.32
71.32
71.29
71.30
71.29
71.29
71.29
71.29
71.30
71.31
71.29
71.30
71.28
71.28
71.27
71.28
71.29
71.28
71.29
71.31
71.31
71.31
71.29
71.29
71.30
71.30
71.29
71.29
71.28
71.28
71.29
71.28
71.27
71.27
71.26
71.26
71.26
71.25
71.26
71.26
71.27
71.27
71.27
71.27
71.27
71.26
71.28
71.28
71.29
71.29
71.29
71.27
71.28
71.28
71.27
71.28
71.28
71.28
71.29
71.31
71.30
71.29
71.30
71.29
71.29
71.28
71.29
71.29
71.29
71.28
71.28
71.28
71.28
71.29
71.29
71.29
71.30
71.29
71.29
71.29
71.29
71.28
71.27
71.26
71.26
71.26
71.26
71.26
71.26
71.28
71.27
71.28
71.27
71.28
71.28
71.28
71.29
71.30
71.30
71.29
71.29
71.28
71.27
71.29
71.29
71.30
71.30
71.29
71.29
71.29
71.30
71.30
71.30
71.31
71.30
71.31
71.31
71.31
71.32
71.32
71.32
71.32
71.32
71.30
71.31
71.31
71.31
71.31
71.31
71.30
71.23
