73.44
73.44
73.44
74.22
73.75
74.48
75.00
73.83
73.26
73.59
73.58
72.53
73.08
73.44
73.12
73.63
73.81
74.05
73.68
73.67
73.96
74.29
74.12
74.15
74.19
74.22
73.84
74.05
74.08
74.06
74.09
74.07
74.53
74.49
74.69
74.91
75.21
75.21
75.12
74.84
74.89
74.93
75.18
75.07
74.83
74.83
75.03
74.97
75.03
74.94
74.94
74.97
75.09
75.12
75.20
75.25
75.22
75.16
75.34
75.42
75.36
75.40
75.42
75.49
75.38
75.54
75.63
75.67
75.77
75.78
75.75
75.80
75.86
75.91
75.88
75.82
75.83
75.76
75.75
75.76
75.81
75.71
75.62
75.61
75.59
75.55
75.56
75.41
75.46
75.40
75.45
75.37
75.45
75.45
75.49
75.42
75.40
75.41
75.49
75.41
75.26
75.18
75.23
75.23
75.18
75.21
75.22
75.25
75.26
75.26
75.30
75.31
75.33
75.30
75.33
75.26
75.32
75.37
75.37
75.46
75.43
75.49
75.46
75.45
75.47
75.46
75.47
75.49
75.52
75.56
75.57
75.59
75.51
75.57
75.62
75.63
75.66
75.68
75.65
75.65
75.65
75.68
75.61
75.65
75.67
75.66
75.66
75.65
75.70
75.73
75.78
75.78
75.82
75.83
75.75
75.78
75.78
75.78
75.77
75.80
75.84
75.89
75.88
75.83
75.83
75.85
75.87
75.84
75.80
75.80
75.85
75.84
75.88
75.83
75.79
75.79
75.80
75.82
75.79
75.77
75.79
75.80
75.78
75.78
75.78
75.77
75.78
75.76
75.75
75.76
75.75
75.77
75.74
75.71
75.71
75.73
75.72
75.73
75.72
75.73
75.68
75.63
75.61
75.61
75.61
75.61
75.63
75.62
75.64
75.57
75.60
75.59
75.58
75.57
75.55
75.52
75.53
75.55
75.55
75.55
75.54
75.51
75.52
75.50
75.53
75.51
75.52
75.54
75.54
75.56
75.58
75.57
75.62
75.59
75.59
75.61
75.63
75.60
75.61
75.59
75.62
75.62
75.64
75.62
75.64
75.62
75.63
75.64
75.58
75.57
75.52
75.51
75.50
75.49
75.52
75.55
75.52
75.56
75.56
75.57
75.56
75.55
75.53
75.56
75.59
75.62
75.63
75.65
75.63
75.64
75.65
75.61
75.58
75.57
75.58
75.59
75.56
75.57
75.58
75.57
75.58
75.57
75.58
75.56
75.55
75.54
75.53
75.53
75.50
75.50
75.48
75.47
75.49
75.45
75.45
75.43
75.43
75.40
75.40
75.40
75.38
75.38
75.39
75.38
75.39
75.40
75.41
75.40
75.39
75.42
75.41
75.42
75.44
75.44
75.48
75.48
75.48
75.50
75.48
75.50
75.49
75.50
75.52
75.52
75.53
75.53
75.54
75.58
75.60
75.57
75.56
75.53
75.53
75.52
75.54
75.53
75.55
75.53
75.53
75.53
75.51
75.51
75.47
75.49
75.49
75.50
75.53
75.54
75.55
75.54
75.55
75.55
75.55
75.55
75.57
75.57
75.58
75.58
75.59
75.62
75.64
75.64
75.65
75.66
75.68
75.69
75.70
75.71
75.70
75.71
75.71
75.71
75.69
75.69
75.69
75.67
75.72
75.71
75.72
75.72
75.74
75.72
75.73
75.72
75.73
75.71
75.72
75.72
75.72
75.74
75.73
75.73
75.73
75.73
75.73
75.74
75.75
75.75
75.77
75.75
75.74
75.75
75.75
75.74
75.71
75.72
75.73
75.75
75.74
75.73
75.76
75.76
75.75
75.77
75.77
75.78
75.79
75.79
75.79
75.81
75.79
75.76
75.75
75.76
75.79
75.81
75.79
75.79
75.78
75.76
75.78
75.77
75.79
75.79
75.79
75.80
75.79
75.78
75.77
75.77
75.76
75.74
75.74
75.74
75.72
75.72
75.74
75.74
75.73
75.73
75.72
75.73
75.72
75.72
75.69
75.69
75.67
75.63
75.63
75.65
75.66
75.67
75.68
75.68
75.68
75.68
75.66
75.65
75.65
75.65
75.66
75.68
75.69
75.70
75.72
75.72
75.72
75.73
75.75
75.74
75.73
75.73
75.72
75.71
75.72
75.73
75.74
75.76
75.76
75.76
75.77
75.78
75.79
75.78
75.79
75.78
75.79
75.78
75.79
75.78
75.78
75.79
75.78
75.77
75.76
75.77
75.75
75.75
75.76
75.79
75.78
75.77
75.76
75.78
75.76
75.76
75.74
75.74
75.75
75.75
75.76
75.77
75.77
75.78
75.79
75.80
75.79
75.79
75.79
75.78
75.78
75.79
75.78
75.77
75.76
75.78
75.77
75.75
75.76
75.74
75.73
75.73
75.75
75.73
75.73
75.74
75.75
75.76
75.76
75.75
75.75
75.75
75.75
75.75
75.76
75.76
75.76
75.75
75.75
75.74
75.74
75.74
75.73
75.73
75.73
75.74
75.74
75.75
75.75
75.76
75.76
75.75
75.75
75.75
75.74
75.74
75.74
75.74
75.75
75.75
75.74
75.74
75.75
75.75
75.75
75.74
75.72
75.71
75.72
75.72
75.73
75.73
75.72
75.71
75.71
75.71
75.72
75.72
75.71
75.72
75.73
75.74
75.74
75.75
75.76
75.77
75.77
75.77
75.77
75.78
75.77
75.78
75.76
75.75
75.75
75.75
75.73
75.72
75.70
75.70
75.70
75.70
75.71
75.71
75.72
75.72
75.73
75.73
75.73
75.72
75.72
75.73
75.73
75.72
75.72
75.71
75.69
75.71
75.72
75.73
75.72
75.73
75.73
75.74
75.74
75.74
75.74
75.75
75.75
75.74
75.75
75.73
75.73
75.73
75.71
75.72
75.71
75.72
75.73
75.72
75.72
75.73
75.72
75.72
75.71
75.70
75.71
75.71
75.71
75.72
75.73
75.73
75.74
75.72
75.72
75.72
75.72
75.73
75.74
75.73
75.74
75.76
75.76
75.76
75.76
75.77
75.77
75.77
75.78
75.78
75.80
75.80
75.81
75.80
75.79
75.79
75.80
75.80
75.80
75.80
75.80
75.81
75.80
75.81
75.82
75.82
75.83
75.84
75.84
75.83
75.84
75.83
75.82
75.82
75.82
75.82
75.82
75.81
75.81
75.81
75.80
75.80
75.81
75.78
75.79
75.80
75.80
75.79
75.78
75.78
75.77
75.77
75.77
75.78
75.78
75.78
75.79
75.79
75.79
75.80
75.79
75.79
75.79
75.79
75.80
75.80
75.80
75.79
75.79
75.80
75.81
75.80
75.81
75.81
75.81
75.81
75.81
75.82
75.82
75.82
75.82
75.82
75.80
75.81
75.81
75.81
75.81
75.81
75.81
75.80
75.80
75.80
75.80
75.79
75.78
75.78
75.79
75.78
75.80
75.79
75.80
75.73
