81.25
81.25
79.17
80.08
78.44
78.12
77.23
77.15
77.60
77.50
76.70
76.30
76.20
77.01
77.40
77.15
77.48
77.52
77.47
77.50
77.46
77.77
77.38
77.34
77.25
77.34
77.03
77.18
76.94
76.82
76.51
76.37
76.23
76.10
76.12
76.17
75.97
75.86
75.68
75.70
75.65
75.41
75.55
75.67
75.62
75.75
75.86
75.81
75.86
75.91
76.01
76.02
76.03
75.84
75.91
75.98
76.12
76.21
76.32
76.28
76.38
76.39
76.41
76.46
76.44
76.37
76.31
76.36
76.25
76.23
76.30
76.30
76.33
76.25
76.38
76.38
76.34
76.34
76.36
76.37
76.37
76.31
76.34
76.28
76.18
76.16
76.19
76.19
76.04
75.99
76.00
75.87
75.84
75.90
75.90
75.90
75.90
75.85
75.85
75.83
75.91
75.90
75.93
75.93
75.86
75.90
75.95
75.94
75.92
75.94
76.00
76.00
76.04
76.10
76.09
76.10
76.10
76.14
76.05
75.95
75.99
76.04
75.97
75.88
75.88
75.87
75.85
75.87
75.82
75.88
75.85
75.83
75.90
75.92
75.88
75.83
75.84
75.84
75.83
75.80
75.85
75.90
75.89
75.85
75.86
75.90
75.89
75.95
75.92
75.97
75.94
75.93
75.97
76.00
76.01
75.93
75.98
75.99
76.02
76.06
76.06
76.11
76.09
76.05
76.08
76.06
76.08
76.11
76.11
76.03
76.01
75.98
76.02
75.99
76.02
76.01
76.03
76.05
76.06
76.12
76.16
76.19
76.19
76.19
76.17
76.15
76.16
76.11
76.11
76.12
76.14
76.02
76.00
76.03
76.03
76.03
76.05
76.07
76.05
76.05
76.03
76.00
76.01
76.04
76.07
76.03
76.04
76.03
76.04
76.03
76.04
76.02
76.01
76.02
76.05
76.03
76.02
76.02
76.04
76.05
76.06
76.01
76.00
75.99
76.01
76.00
75.95
75.97
75.93
75.92
75.94
75.97
75.97
75.98
75.97
75.97
75.96
75.95
75.92
75.92
75.95
75.96
75.98
75.97
75.98
75.96
75.94
75.93
75.89
75.88
75.90
75.87
75.85
75.86
75.89
75.89
75.86
75.87
75.83
75.83
75.83
75.85
75.83
75.80
75.85
75.85
75.85
75.86
75.84
75.87
75.89
75.91
75.95
75.96
75.95
75.96
75.95
75.98
75.97
75.99
75.96
75.95
75.96
75.97
75.94
75.94
75.96
75.96
75.98
76.01
75.99
75.98
75.94
75.96
75.94
75.93
75.90
75.94
75.93
75.94
75.96
75.95
75.94
75.92
75.91
75.93
75.94
75.94
75.98
75.99
76.00
76.02
76.04
76.01
75.98
75.99
75.98
76.00
75.99
76.00
76.02
76.00
76.00
76.00
76.01
76.03
76.04
76.03
76.02
76.02
76.01
75.99
75.98
75.99
75.97
76.00
75.99
76.00
76.00
76.00
75.96
75.99
75.99
76.01
76.03
76.03
76.05
76.08
76.06
76.05
76.05
76.06
76.04
76.02
76.04
76.04
76.06
76.06
76.05
76.02
76.03
76.02
75.99
76.00
75.99
75.98
75.96
75.96
75.97
75.98
75.98
75.97
75.93
75.94
75.93
75.91
75.92
75.91
75.88
75.90
75.91
75.91
75.91
75.89
75.90
75.91
75.89
75.91
75.90
75.91
75.93
75.93
75.92
75.92
75.95
75.95
75.95
75.97
75.98
75.99
75.97
75.97
75.99
75.99
75.98
75.99
75.97
75.96
75.95
75.98
75.97
75.96
75.96
75.96
75.95
75.95
75.96
75.95
75.93
75.93
75.92
75.90
75.90
75.90
75.92
75.92
75.91
75.92
75.89
75.91
75.89
75.88
75.85
75.84
75.84
75.86
75.85
75.84
75.85
75.85
75.83
75.82
75.83
75.82
75.80
75.79
75.79
75.78
75.78
75.77
75.76
75.75
75.74
75.75
75.75
75.75
75.73
75.75
75.74
75.73
75.74
75.75
75.73
75.73
75.73
75.73
75.76
75.75
75.74
75.75
75.76
75.75
75.74
75.74
75.74
75.76
75.77
75.77
75.78
75.78
75.76
75.74
75.75
75.75
75.76
75.76
75.76
75.77
75.76
75.77
75.78
75.78
75.78
75.79
75.79
75.80
75.80
75.80
75.80
75.80
75.78
75.78
75.78
75.78
75.79
75.77
75.78
75.78
75.79
75.78
75.78
75.77
75.77
75.77
75.76
75.75
75.76
75.74
75.73
75.73
75.71
75.70
75.71
75.72
75.73
75.73
75.74
75.73
75.73
75.73
75.73
75.74
75.74
75.73
75.73
75.72
75.73
75.74
75.74
75.73
75.75
75.74
75.74
75.74
75.74
75.74
75.74
75.74
75.76
75.75
75.74
75.74
75.73
75.74
75.74
75.74
75.73
75.73
75.74
75.74
75.74
75.74
75.74
75.73
75.75
75.74
75.76
75.78
75.78
75.78
75.79
75.79
75.77
75.77
75.77
75.76
75.76
75.75
75.74
75.74
75.75
75.74
75.73
75.72
75.72
75.73
75.72
75.73
75.73
75.74
75.74
75.73
75.73
75.73
75.73
75.74
75.76
75.75
75.75
75.74
75.75
75.75
75.74
75.76
75.77
75.77
75.77
75.78
75.78
75.79
75.79
75.81
75.82
75.84
75.85
75.84
75.84
75.84
75.84
75.86
75.87
75.87
75.87
75.88
75.88
75.88
75.87
75.86
75.86
75.85
75.86
75.86
75.86
75.85
75.85
75.85
75.85
75.85
75.86
75.86
75.87
75.86
75.87
75.87
75.87
75.87
75.88
75.87
75.86
75.86
75.84
75.83
75.82
75.81
75.81
75.81
75.80
75.81
75.80
75.80
75.80
75.81
75.80
75.81
75.81
75.81
75.82
75.83
75.82
75.82
75.82
75.82
75.84
75.85
75.86
75.86
75.86
75.87
75.88
75.87
75.88
75.87
75.86
75.87
75.86
75.85
75.84
75.84
75.85
75.85
75.85
75.85
75.84
75.85
75.85
75.84
75.85
75.86
75.85
75.86
75.85
75.86
75.87
75.87
75.88
75.87
75.87
75.86
75.86
75.86
75.87
75.87
75.87
75.87
75.86
75.86
75.87
75.86
75.86
75.88
75.88
75.89
75.89
75.90
75.90
75.90
75.90
75.91
75.92
75.93
75.92
75.92
75.92
75.93
75.93
75.93
75.94
75.94
75.94
75.94
75.94
75.94
75.95
75.95
75.95
75.94
75.94
75.94
75.94
75.95
75.94
75.94
75.94
75.96
75.96
75.96
75.97
75.97
75.98
75.97
75.98
75.99
75.98
75.98
75.98
75.98
75.98
75.98
75.97
75.96
75.96
75.97
75.97
75.96
75.96
75.96
75.96
75.96
75.94
75.95
75.95
75.88
