75.00
74.22
72.40
73.83
75.62
76.30
76.12
75.20
75.87
76.56
76.28
76.56
76.08
75.67
75.21
75.68
75.55
75.43
75.33
75.55
75.15
75.43
75.41
75.46
75.69
75.42
75.29
75.00
75.00
75.00
75.00
75.05
75.05
75.23
75.22
75.22
75.34
75.29
75.48
75.55
75.65
75.63
75.58
75.53
75.45
75.37
75.40
75.20
75.29
75.22
75.28
75.21
75.35
75.38
75.17
75.11
75.08
74.97
74.97
75.00
75.13
75.23
75.22
75.39
75.41
75.52
75.47
75.48
75.57
75.65
75.70
75.74
75.64
75.70
75.77
75.82
75.95
76.06
75.91
76.00
76.12
76.12
76.09
76.13
76.19
76.18
76.13
76.01
75.98
75.94
75.91
75.88
75.92
75.86
75.82
75.90
75.87
75.85
75.88
75.97
76.01
76.06
75.94
76.02
76.04
76.06
76.02
75.95
76.00
76.07
76.14
76.14
76.11
76.07
76.03
76.06
76.14
76.17
76.16
76.18
76.15
76.18
76.16
76.20
76.14
76.19
76.24
76.33
76.27
76.24
76.24
76.27
76.23
76.25
76.24
76.19
76.22
76.22
76.24
76.16
76.15
76.16
76.10
76.14
76.11
76.04
76.02
75.99
76.03
76.10
76.11
76.10
76.09
76.09
76.12
76.12
76.13
76.16
76.14
76.15
76.13
76.10
76.12
76.11
76.05
76.06
76.12
76.12
76.14
76.15
76.22
76.24
76.15
76.12
76.12
76.11
76.09
76.08
76.09
76.07
76.08
76.06
76.08
76.10
76.06
76.05
75.98
75.99
75.97
76.00
75.99
76.03
76.03
76.02
76.07
76.06
76.02
76.09
76.15
76.16
76.17
76.18
76.15
76.19
76.17
76.14
76.13
76.11
76.11
76.15
76.16
76.17
76.15
76.16
76.18
76.17
76.17
76.17
76.22
76.18
76.15
76.15
76.12
76.14
76.16
76.15
76.17
76.18
76.18
76.16
76.18
76.17
76.20
76.19
76.22
76.22
76.19
76.16
76.14
76.15
76.16
76.17
76.17
76.17
76.15
76.14
76.12
76.10
76.11
76.08
76.11
76.06
76.05
76.02
76.04
76.05
76.05
76.06
76.04
76.05
76.03
76.03
76.03
76.01
76.03
76.02
75.99
76.01
76.00
75.99
75.97
75.96
75.96
75.99
75.96
75.99
75.98
76.00
76.00
76.02
76.00
75.96
75.99
75.98
75.96
75.91
75.93
75.92
75.91
75.91
75.90
75.88
75.88
75.87
75.89
75.90
75.91
75.92
75.94
75.91
75.90
75.88
75.84
75.83
75.86
75.84
75.87
75.89
75.88
75.87
75.87
75.89
75.89
75.90
75.91
75.91
75.91
75.91
75.91
75.92
75.92
75.92
75.92
75.92
75.91
75.91
75.88
75.89
75.87
75.88
75.86
75.87
75.86
75.87
75.89
75.89
75.89
75.88
75.87
75.88
75.88
75.88
75.88
75.88
75.88
75.87
75.84
75.84
75.84
75.83
75.83
75.84
75.84
75.83
75.81
75.81
75.80
75.81
75.81
75.80
75.80
75.82
75.80
75.81
75.80
75.79
75.78
75.80
75.78
75.81
75.80
75.80
75.80
75.81
75.80
75.83
75.82
75.79
75.78
75.79
75.80
75.81
75.80
75.80
75.78
75.78
75.76
75.73
75.75
75.75
75.77
75.79
75.76
75.75
75.75
75.75
75.77
75.75
75.76
75.75
75.75
75.77
75.78
75.80
75.79
75.81
75.80
75.78
75.79
75.79
75.78
75.79
75.78
75.77
75.79
75.80
75.81
75.81
75.82
75.83
75.81
75.78
75.77
75.77
75.76
75.74
75.72
75.74
75.71
75.69
75.68
75.68
75.67
75.67
75.66
75.67
75.67
75.70
75.69
75.69
75.67
75.65
75.67
75.68
75.69
75.69
75.70
75.71
75.70
75.69
75.69
75.69
75.69
75.70
75.71
75.70
75.71
75.71
75.72
75.72
75.73
75.74
75.75
75.73
75.74
75.73
75.71
75.68
75.70
75.68
75.68
75.67
75.67
75.66
75.66
75.65
75.66
75.66
75.66
75.67
75.67
75.66
75.66
75.64
75.64
75.63
75.65
75.66
75.68
75.67
75.68
75.69
75.69
75.70
75.68
75.68
75.67
75.67
75.67
75.69
75.68
75.69
75.71
75.71
75.71
75.71
75.70
75.72
75.71
75.72
75.72
75.73
75.73
75.72
75.72
75.71
75.73
75.74
75.74
75.75
75.75
75.76
75.76
75.77
75.76
75.76
75.76
75.77
75.75
75.74
75.75
75.76
75.79
75.78
75.79
75.81
75.81
75.82
75.83
75.84
75.85
75.86
75.85
75.85
75.84
75.84
75.85
75.86
75.86
75.86
75.87
75.89
75.90
75.89
75.90
75.88
75.88
75.87
75.86
75.85
75.86
75.86
75.85
75.85
75.86
75.85
75.85
75.84
75.81
75.80
75.80
75.80
75.80
75.79
75.79
75.79
75.81
75.81
75.81
75.82
75.83
75.81
75.80
75.80
75.80
75.80
75.80
75.80
75.79
75.79
75.79
75.79
75.78
75.78
75.76
75.77
75.77
75.77
75.76
75.76
75.75
75.74
75.74
75.75
75.75
75.75
75.75
75.75
75.75
75.76
75.76
75.76
75.75
75.76
75.76
75.77
75.77
75.77
75.76
75.75
75.77
75.77
75.75
75.76
75.75
75.76
75.76
75.76
75.76
75.76
75.77
75.77
75.77
75.77
75.77
75.76
75.77
75.75
75.74
75.74
75.75
75.75
75.76
75.75
75.75
75.73
75.73
75.73
75.73
75.73
75.74
75.74
75.74
75.74
75.76
75.77
75.78
75.77
75.77
75.77
75.76
75.76
75.76
75.75
75.76
75.77
75.75
75.77
75.78
75.79
75.79
75.79
75.78
75.77
75.78
75.76
75.76
75.76
75.74
75.74
75.75
75.75
75.74
75.76
75.75
75.76
75.75
75.76
75.77
75.75
75.75
75.76
75.76
75.74
75.74
75.72
75.73
75.73
75.73
75.73
75.73
75.73
75.71
75.71
75.71
75.71
75.69
75.70
75.70
75.71
75.70
75.71
75.71
75.70
75.69
75.69
75.70
75.69
75.69
75.69
75.69
75.68
75.69
75.69
75.68
75.68
75.68
75.68
75.69
75.68
75.68
75.67
75.67
75.66
75.67
75.67
75.68
75.68
75.68
75.68
75.68
75.69
75.70
75.71
75.72
75.72
75.72
75.72
75.72
75.71
75.72
75.73
75.73
75.72
75.72
75.72
75.72
75.74
75.75
75.75
75.75
75.76
75.76
75.75
75.77
75.78
75.78
75.79
75.78
75.78
75.77
75.77
75.78
75.78
75.77
75.77
75.76
75.76
75.76
75.75
75.76
75.69
