76.56
75.00
76.56
78.52
77.50
76.30
77.46
77.34
76.74
77.34
77.13
76.04
75.48
75.22
75.42
75.00
75.09
74.91
75.33
75.78
75.67
75.28
74.93
75.46
75.44
75.48
75.52
75.28
75.05
75.26
75.45
75.39
75.47
75.60
75.45
75.48
75.59
75.53
75.72
75.47
75.15
75.19
75.25
75.25
75.21
75.31
75.17
75.20
75.26
75.28
75.52
75.57
75.47
75.46
75.37
75.36
75.44
75.32
75.32
75.42
75.13
75.23
75.17
75.22
75.31
75.31
75.28
75.34
75.34
75.33
75.35
75.52
75.56
75.55
75.62
75.62
75.69
75.64
75.59
75.64
75.56
75.53
75.51
75.50
75.59
75.53
75.57
75.60
75.54
75.59
75.53
75.56
75.55
75.55
75.49
75.47
75.47
75.40
75.39
75.42
75.36
75.29
75.39
75.42
75.42
75.34
75.23
75.27
75.22
75.16
75.11
75.07
75.10
75.14
75.22
75.31
75.27
75.29
75.30
75.31
75.32
75.41
75.47
75.44
75.50
75.52
75.52
75.57
75.57
75.55
75.63
75.69
75.69
75.68
75.63
75.67
75.76
75.78
75.75
75.81
75.86
75.84
75.86
75.88
75.82
75.87
75.89
75.91
75.89
75.94
75.93
75.93
75.90
75.89
75.92
75.90
75.97
76.00
76.02
76.04
76.03
76.03
76.01
76.02
76.04
76.02
75.99
75.94
75.91
75.89
75.86
75.89
75.90
75.96
75.98
75.94
75.96
75.93
75.91
75.93
75.90
75.92
75.91
75.88
75.92
75.92
75.90
75.93
75.93
75.91
75.89
75.87
75.88
75.88
75.92
75.88
75.86
75.86
75.88
75.88
75.86
75.87
75.81
75.88
75.86
75.88
75.90
75.91
75.91
75.89
75.90
75.91
75.93
75.93
75.93
75.95
75.95
75.93
75.96
75.97
75.97
75.98
75.94
75.92
75.96
75.95
75.96
75.97
75.98
75.93
75.95
75.95
75.92
75.87
75.89
75.90
75.93
75.92
75.95
75.93
75.95
75.96
75.93
75.94
75.92
75.93
75.87
75.89
75.87
75.88
75.88
75.88
75.87
75.87
75.86
75.89
75.89
75.87
75.84
75.82
75.85
75.83
75.86
75.87
75.85
75.82
75.82
75.82
75.79
75.78
75.78
75.78
75.76
75.76
75.81
75.83
75.84
75.85
75.87
75.89
75.90
75.93
75.94
75.95
75.95
75.96
75.95
75.94
75.91
75.91
75.88
75.90
75.90
75.88
75.87
75.84
75.85
75.85
75.83
75.82
75.79
75.81
75.82
75.84
75.84
75.87
75.87
75.85
75.84
75.85
75.82
75.85
75.83
75.81
75.78
75.80
75.80
75.80
75.78
75.80
75.80
75.81
75.82
75.82
75.83
75.83
75.84
75.87
75.84
75.85
75.85
75.86
75.85
75.84
75.84
75.83
75.84
75.86
75.88
75.84
75.83
75.85
75.86
75.84
75.87
75.86
75.87
75.85
75.86
75.86
75.85
75.87
75.90
75.91
75.93
75.90
75.90
75.89
75.87
75.88
75.87
75.88
75.87
75.89
75.88
75.89
75.89
75.90
75.91
75.90
75.88
75.90
75.90
75.89
75.90
75.91
75.92
75.93
75.94
75.91
75.92
75.91
75.93
75.92
75.92
75.93
75.91
75.91
75.92
75.92
75.90
75.90
75.88
75.88
75.86
75.86
75.87
75.88
75.89
75.88
75.88
75.88
75.87
75.87
75.86
75.85
75.84
75.84
75.87
75.87
75.85
75.85
75.86
75.84
75.83
75.83
75.83
75.83
75.82
75.83
75.83
75.84
75.86
75.85
75.86
75.85
75.85
75.84
75.83
75.81
75.82
75.83
75.85
75.85
75.85
75.84
75.81
75.82
75.80
75.78
75.77
75.76
75.78
75.77
75.77
75.78
75.78
75.76
75.78
75.77
75.78
75.78
75.78
75.76
75.76
75.76
75.80
75.78
75.78
75.78
75.78
75.77
75.76
75.75
75.76
75.77
75.77
75.77
75.76
75.78
75.78
75.79
75.79
75.78
75.79
75.80
75.82
75.81
75.80
75.79
75.82
75.82
75.85
75.87
75.87
75.86
75.85
75.86
75.87
75.86
75.87
75.86
75.87
75.89
75.87
75.88
75.89
75.88
75.90
75.90
75.91
75.92
75.92
75.91
75.91
75.92
75.92
75.92
75.92
75.91
75.92
75.92
75.93
75.94
75.94
75.93
75.93
75.94
75.93
75.93
75.93
75.94
75.94
75.92
75.92
75.93
75.94
75.94
75.96
75.97
75.97
75.98
76.00
76.01
76.03
76.04
76.05
76.04
76.05
76.05
76.04
76.03
76.04
76.04
76.02
76.03
76.03
76.03
76.02
76.01
76.01
76.01
76.00
75.98
75.98
75.99
76.00
76.00
75.98
75.98
75.97
75.97
75.97
75.97
75.97
75.98
75.96
75.95
75.96
75.94
75.92
75.93
75.93
75.93
75.93
75.94
75.94
75.95
75.94
75.93
75.94
75.94
75.95
75.95
75.94
75.94
75.94
75.95
75.94
75.93
75.94
75.96
75.95
75.94
75.94
75.94
75.94
75.96
75.97
75.97
75.97
75.98
75.98
75.98
75.97
75.97
75.96
75.98
75.99
76.00
76.00
76.00
76.00
75.99
75.98
75.99
76.00
76.00
76.00
75.99
75.99
75.98
75.99
75.99
75.99
76.00
75.98
75.98
75.99
76.00
75.99
75.98
76.00
76.02
76.01
76.02
76.03
76.01
76.00
76.02
76.01
76.01
76.00
75.99
75.99
75.98
75.98
75.98
75.98
75.98
75.99
75.98
75.96
75.95
75.94
75.95
75.95
75.95
75.97
75.98
75.98
75.97
75.97
75.97
75.97
75.96
75.95
75.94
75.94
75.94
75.92
75.92
75.92
75.91
75.91
75.91
75.90
75.88
75.87
75.86
75.85
75.85
75.86
75.87
75.86
75.87
75.88
75.89
75.90
75.90
75.89
75.89
75.88
75.88
75.89
75.89
75.88
75.88
75.87
75.87
75.88
75.86
75.86
75.86
75.87
75.86
75.86
75.87
75.87
75.87
75.87
75.87
75.87
75.87
75.87
75.87
75.88
75.90
75.90
75.91
75.90
75.90
75.90
75.90
75.89
75.89
75.89
75.90
75.91
75.91
75.92
75.91
75.90
75.91
75.91
75.91
75.90
75.90
75.88
75.88
75.89
75.87
75.87
75.88
75.88
75.88
75.89
75.87
75.89
75.88
75.88
75.89
75.88
75.88
75.89
75.89
75.89
75.88
75.88
75.88
75.89
75.89
75.89
75.88
75.89
75.89
75.90
75.90
75.90
75.88
75.88
75.87
75.87
75.87
75.86
75.88
75.88
75.88
75.87
75.87
75.87
75.80
