76.56
73.44
73.96
73.83
73.75
73.44
72.32
73.44
73.61
73.44
74.72
74.87
74.88
74.67
74.69
75.10
75.74
75.43
75.66
75.70
75.82
75.71
75.27
75.46
75.62
75.84
76.04
75.67
75.97
76.04
75.91
75.88
75.66
75.78
75.80
75.82
75.38
75.62
75.60
75.51
75.61
75.82
75.80
75.96
76.04
76.09
76.10
75.88
75.89
75.69
75.61
75.60
75.65
75.90
75.94
76.00
76.01
76.10
76.22
76.17
76.05
76.01
75.84
75.93
75.84
75.92
75.89
75.83
75.84
75.92
75.86
75.93
75.92
76.01
75.98
76.11
76.10
76.12
76.15
76.21
76.25
76.35
76.28
76.32
76.21
76.27
76.33
76.26
76.39
76.42
76.46
76.49
76.46
76.45
76.38
76.33
76.37
76.45
76.47
76.45
76.50
76.49
76.49
76.58
76.58
76.53
76.55
76.55
76.58
76.66
76.63
76.63
76.58
76.63
76.60
76.59
76.62
76.62
76.55
76.59
76.51
76.51
76.45
76.40
76.28
76.39
76.39
76.40
76.31
76.30
76.23
76.22
76.16
76.15
76.25
76.30
76.35
76.28
76.23
76.25
76.19
76.22
76.10
76.12
76.08
76.07
76.13
76.11
76.15
76.16
76.17
76.15
76.14
76.09
76.06
76.11
76.09
76.09
76.12
76.17
76.17
76.15
76.16
76.17
76.12
76.08
76.09
76.08
76.10
76.09
76.15
76.19
76.19
76.21
76.23
76.23
76.22
76.20
76.15
76.18
76.22
76.22
76.27
76.24
76.22
76.15
76.14
76.13
76.05
76.03
76.05
76.02
76.04
75.97
75.95
75.97
75.96
75.94
75.93
75.98
76.03
76.03
76.00
75.98
75.98
75.97
76.00
75.99
76.01
76.01
76.03
76.01
75.97
75.97
75.96
75.98
76.01
75.97
75.96
75.94
75.95
75.94
75.93
75.96
75.98
76.01
76.00
75.97
75.97
75.99
75.99
75.97
75.95
75.93
75.94
75.93
75.90
75.89
75.90
75.90
75.85
75.87
75.89
75.88
75.86
75.87
75.85
75.86
75.85
75.84
75.83
75.84
75.88
75.92
75.90
75.93
75.90
75.88
75.87
75.85
75.89
75.86
75.86
75.86
75.86
75.86
75.85
75.84
75.82
75.82
75.85
75.88
75.88
75.88
75.90
75.88
75.87
75.83
75.86
75.88
75.86
75.89
75.83
75.84
75.86
75.86
75.84
75.85
75.87
75.88
75.91
75.93
75.95
75.99
75.97
75.95
75.95
75.93
75.94
75.92
75.92
75.92
75.93
75.93
75.95
75.97
75.96
75.97
76.00
76.00
76.02
75.99
76.01
76.01
76.00
75.99
76.00
76.02
76.01
76.00
76.00
75.99
75.99
75.98
75.98
75.99
75.98
75.99
75.95
75.93
75.93
75.91
75.93
75.94
75.95
75.97
75.98
75.98
75.95
75.94
75.93
75.95
75.94
75.95
75.94
75.94
75.96
75.97
75.99
76.02
76.03
76.04
76.02
76.03
76.05
76.02
76.03
76.03
76.01
76.00
75.99
75.99
75.99
75.99
75.98
75.96
75.96
75.94
75.92
75.94
75.92
75.91
75.90
75.90
75.88
75.86
75.88
75.91
75.93
75.93
75.92
75.92
75.94
75.96
75.94
75.95
75.92
75.90
75.90
75.93
75.94
75.95
75.95
75.94
75.94
75.94
75.92
75.90
75.92
75.91
75.92
75.92
75.93
75.92
75.94
75.94
75.94
75.93
75.94
75.96
75.98
75.94
75.93
75.93
75.95
75.94
75.96
75.97
75.98
75.96
75.96
75.96
75.96
75.95
75.94
75.93
75.93
75.93
75.93
75.93
75.91
75.92
75.92
75.93
75.95
75.95
75.96
75.96
75.95
75.94
75.94
75.95
75.97
75.98
75.98
75.99
75.98
75.97
75.95
75.94
75.95
75.93
75.91
75.93
75.92
75.91
75.91
75.90
75.90
75.90
75.89
75.88
75.88
75.90
75.90
75.91
75.92
75.92
75.92
75.92
75.93
75.92
75.91
75.92
75.94
75.95
75.95
75.96
75.96
75.97
75.97
75.95
75.94
75.95
75.96
75.95
75.95
75.94
75.95
75.96
75.97
75.98
75.98
76.00
76.02
76.02
76.01
75.99
75.99
75.98
76.00
76.00
76.00
76.00
76.01
76.01
76.02
75.99
75.99
75.98
75.97
75.97
75.97
75.97
75.97
75.97
75.96
75.97
75.96
75.96
75.97
75.98
75.97
75.98
75.98
75.98
75.97
75.98
75.98
75.96
75.96
75.97
75.99
75.99
75.99
75.98
75.98
75.99
75.97
75.96
75.95
75.97
76.00
76.00
76.03
76.01
75.99
76.00
76.01
76.02
76.02
76.02
76.03
76.02
76.03
76.04
76.04
76.02
76.02
76.03
76.03
76.02
76.04
76.03
76.03
76.05
76.05
76.05
76.03
76.04
76.04
76.03
76.04
76.05
76.04
76.05
76.04
76.02
76.01
76.00
75.99
76.00
76.02
76.02
76.03
76.02
76.02
76.03
76.02
76.01
76.00
76.02
76.02
76.02
76.01
76.00
76.00
76.00
75.99
75.99
76.00
75.99
76.00
76.00
75.98
76.00
76.00
75.99
75.99
75.99
75.99
76.01
76.01
76.01
76.00
76.01
76.01
76.02
76.01
76.01
76.01
76.01
76.02
76.03
76.03
76.04
76.03
76.02
76.02
76.02
76.02
76.03
76.03
76.03
76.03
76.03
76.02
76.01
76.01
76.02
76.03
76.02
76.01
76.03
76.04
76.04
76.05
76.05
76.05
76.05
76.06
76.08
76.08
76.08
76.08
76.08
76.08
76.08
76.08
76.07
76.07
76.06
76.06
76.06
76.05
76.07
76.06
76.06
76.06
76.05
76.04
76.03
76.02
76.03
76.04
76.03
76.04
76.04
76.04
76.03
76.05
76.05
76.05
76.05
76.05
76.06
76.05
76.04
76.03
76.04
76.03
76.03
76.03
76.02
76.03
76.03
76.04
76.03
76.03
76.04
76.03
76.03
76.03
76.04
76.03
76.02
76.02
76.02
76.00
76.00
76.00
76.00
75.99
75.98
75.98
75.98
75.97
75.97
75.98
75.97
75.98
75.98
75.99
75.98
75.99
75.98
75.98
75.99
75.99
75.98
75.98
75.99
75.99
75.99
75.99
76.00
76.00
76.01
76.00
76.01
76.02
76.02
76.02
76.02
76.02
76.01
76.01
76.02
76.02
76.02
76.01
76.01
76.01
76.00
76.00
76.01
76.01
76.00
76.00
76.01
76.00
76.01
76.02
76.01
76.02
76.02
76.03
76.03
76.03
76.04
76.05
76.04
76.03
76.03
76.02
76.01
76.01
76.00
76.00
76.00
76.00
75.92
