79.69
82.81
79.69
80.47
80.00
78.91
76.34
76.17
75.87
75.62
76.14
76.43
76.68
76.79
76.88
76.95
76.84
76.48
76.48
76.33
75.97
75.85
75.48
75.65
75.94
75.84
75.93
76.23
75.92
75.94
76.06
76.03
76.14
76.19
76.12
76.04
75.89
76.03
75.92
76.02
75.88
75.74
75.84
75.78
75.80
75.85
75.70
75.72
75.77
75.59
75.40
75.42
75.56
75.64
75.54
75.56
75.36
75.48
75.50
75.26
75.33
75.45
75.57
75.59
75.67
75.71
75.61
75.64
75.70
75.76
75.79
75.93
75.96
75.99
76.15
76.13
76.20
76.16
76.23
76.21
76.18
76.26
76.26
76.32
76.47
76.40
76.49
76.42
76.26
76.27
76.29
76.22
76.13
76.06
76.05
76.11
76.16
76.21
76.23
76.25
76.28
76.19
76.20
76.25
76.28
76.34
76.27
76.24
76.26
76.21
76.18
76.14
76.16
76.07
76.03
76.04
76.06
75.97
75.96
75.95
75.85
75.90
75.89
75.89
75.89
75.84
75.85
75.84
75.80
75.84
75.87
75.83
75.80
75.83
75.89
75.90
75.91
75.93
75.92
75.90
75.85
75.92
75.90
75.97
76.00
76.01
76.03
76.05
76.07
76.01
76.05
76.03
76.04
76.00
76.00
76.01
75.99
75.95
75.92
75.95
75.91
75.87
75.85
75.82
75.77
75.78
75.78
75.75
75.77
75.76
75.75
75.72
75.70
75.71
75.74
75.71
75.71
75.73
75.76
75.75
75.72
75.76
75.77
75.75
75.76
75.80
75.79
75.76
75.72
75.74
75.79
75.81
75.81
75.79
75.77
75.77
75.75
75.78
75.83
75.79
75.74
75.74
75.78
75.72
75.72
75.71
75.69
75.69
75.67
75.68
75.66
75.66
75.68
75.67
75.66
75.64
75.61
75.65
75.66
75.65
75.62
75.58
75.56
75.52
75.51
75.53
75.52
75.53
75.55
75.57
75.58
75.55
75.52
75.49
75.51
75.54
75.52
75.49
75.50
75.50
75.53
75.56
75.57
75.52
75.49
75.48
75.50
75.51
75.55
75.57
75.54
75.51
75.51
75.49
75.43
75.43
75.44
75.44
75.42
75.40
75.41
75.42
75.43
75.40
75.42
75.41
75.42
75.44
75.45
75.44
75.43
75.44
75.43
75.39
75.40
75.38
75.37
75.39
75.37
75.35
75.37
75.38
75.35
75.35
75.36
75.39
75.41
75.43
75.43
75.43
75.43
75.40
75.42
75.41
75.41
75.41
75.42
75.44
75.43
75.44
75.43
75.43
75.43
75.47
75.48
75.49
75.49
75.49
75.48
75.49
75.49
75.50
75.51
75.49
75.48
75.47
75.45
75.44
75.42
75.42
75.44
75.40
75.40
75.41
75.43
75.43
75.46
75.46
75.45
75.46
75.46
75.44
75.45
75.45
75.45
75.44
75.42
75.41
75.42
75.40
75.42
75.41
75.37
75.40
75.39
75.39
75.41
75.42
75.43
75.45
75.44
75.43
75.45
75.46
75.45
75.44
75.46
75.45
75.46
75.48
75.48
75.48
75.50
75.49
75.48
75.46
75.43
75.43
75.43
75.41
75.42
75.42
75.44
75.40
75.40
75.38
75.37
75.39
75.42
75.42
75.40
75.43
75.41
75.40
75.39
75.39
75.40
75.40
75.40
75.40
75.40
75.43
75.41
75.42
75.41
75.42
75.43
75.43
75.43
75.41
75.41
75.41
75.41
75.42
75.42
75.40
75.39
75.39
75.40
75.41
75.40
75.39
75.37
75.38
75.38
75.38
75.38
75.38
75.38
75.38
75.37
75.37
75.37
75.40
75.41
75.41
75.39
75.37
75.38
75.36
75.37
75.39
75.38
75.38
75.39
75.39
75.41
75.43
75.43
75.44
75.43
75.42
75.43
75.44
75.44
75.45
75.45
75.47
75.48
75.49
75.49
75.50
75.49
75.46
75.47
75.47
75.45
75.45
75.46
75.45
75.43
75.43
75.44
75.45
75.46
75.46
75.46
75.44
75.46
75.47
75.50
75.49
75.51
75.49
75.50
75.52
75.53
75.51
75.51
75.50
75.51
75.50
75.50
75.49
75.48
75.48
75.47
75.48
75.49
75.49
75.48
75.49
75.48
75.49
75.46
75.46
75.47
75.46
75.46
75.46
75.45
75.47
75.48
75.49
75.48
75.49
75.50
75.50
75.51
75.51
75.53
75.55
75.55
75.57
75.55
75.57
75.58
75.58
75.57
75.57
75.58
75.60
75.60
75.60
75.61
75.62
75.62
75.62
75.62
75.62
75.61
75.62
75.62
75.60
75.60
75.59
75.59
75.60
75.61
75.60
75.61
75.61
75.61
75.62
75.60
75.60
75.60
75.61
75.60
75.61
75.61
75.60
75.61
75.62
75.63
75.62
75.60
75.59
75.61
75.61
75.62
75.63
75.64
75.64
75.64
75.63
75.64
75.64
75.63
75.62
75.62
75.63
75.62
75.64
75.62
75.62
75.63
75.64
75.63
75.64
75.65
75.65
75.63
75.63
75.64
75.64
75.64
75.65
75.64
75.64
75.65
75.65
75.65
75.65
75.66
75.67
75.67
75.67
75.67
75.66
75.67
75.68
75.69
75.69
75.69
75.70
75.70
75.71
75.70
75.70
75.70
75.70
75.70
75.72
75.72
75.71
75.70
75.70
75.71
75.70
75.69
75.69
75.69
75.69
75.68
75.69
75.68
75.69
75.71
75.71
75.71
75.71
75.70
75.69
75.70
75.69
75.69
75.68
75.68
75.69
75.68
75.68
75.67
75.67
75.67
75.68
75.69
75.69
75.70
75.70
75.70
75.69
75.70
75.71
75.71
75.71
75.70
75.71
75.72
75.72
75.73
75.73
75.72
75.73
75.74
75.74
75.74
75.76
75.75
75.75
75.74
75.73
75.73
75.73
75.72
75.73
75.74
75.75
75.75
75.76
75.75
75.77
75.76
75.77
75.76
75.75
75.75
75.76
75.76
75.75
75.73
75.73
75.73
75.73
75.74
75.72
75.71
75.71
75.71
75.71
75.72
75.72
75.72
75.72
75.72
75.71
75.70
75.70
75.71
75.69
75.70
75.72
75.71
75.71
75.70
75.70
75.70
75.70
75.69
75.69
75.70
75.69
75.70
75.70
75.71
75.71
75.70
75.71
75.73
75.74
75.73
75.71
75.72
75.73
75.73
75.72
75.73
75.74
75.74
75.74
75.75
75.75
75.75
75.76
75.74
75.75
75.76
75.76
75.77
75.77
75.77
75.77
75.79
75.79
75.79
75.79
75.80
75.79
75.79
75.79
75.79
75.79
75.78
75.79
75.80
75.79
75.80
75.79
75.79
75.80
75.80
75.81
75.80
75.79
75.79
75.79
75.80
75.80
75.80
75.79
75.79
75.71
