73.44
75.78
76.04
75.78
74.06
75.52
76.79
74.80
75.17
75.94
75.85
75.78
75.60
75.89
75.94
76.17
76.01
76.04
75.82
75.78
75.67
75.64
75.41
75.46
75.62
75.54
75.52
75.89
76.13
76.15
76.06
75.68
75.80
75.78
75.76
75.48
75.72
75.86
75.80
75.90
75.80
76.19
76.27
76.28
76.11
76.09
76.10
76.20
76.31
76.25
76.19
76.11
76.06
76.24
76.36
76.42
76.40
76.35
76.24
76.30
76.28
76.31
76.36
76.46
76.47
76.42
76.35
76.31
76.22
76.27
76.25
76.11
76.16
76.22
76.27
76.21
76.22
76.30
76.31
76.27
76.31
76.43
76.49
76.45
76.40
76.44
76.47
76.49
76.56
76.58
76.63
76.55
76.46
76.38
76.37
76.25
76.21
76.26
76.28
76.28
76.25
76.15
76.18
76.07
76.10
76.12
76.18
76.24
76.26
76.28
76.15
76.09
76.05
76.07
76.10
76.17
76.08
76.03
75.95
75.90
75.92
75.96
75.90
75.91
75.90
75.94
75.92
76.00
75.96
75.89
75.91
75.94
75.95
75.92
75.86
75.88
75.88
75.92
75.91
75.87
75.86
75.91
75.91
75.90
75.91
75.96
75.98
76.05
76.02
76.03
76.02
76.01
76.02
76.00
76.00
76.00
75.99
75.99
76.01
75.98
75.98
76.02
76.04
76.00
76.03
76.01
76.03
76.03
76.00
75.98
75.99
75.97
76.00
75.95
75.93
75.95
75.99
75.93
75.93
75.89
75.93
75.94
75.95
75.99
75.98
75.98
75.95
75.93
75.89
75.88
75.89
75.85
75.86
75.84
75.85
75.85
75.85
75.87
75.87
75.89
75.87
75.86
75.88
75.86
75.85
75.82
75.85
75.83
75.81
75.84
75.87
75.88
75.89
75.89
75.87
75.92
75.92
75.92
75.88
75.88
75.91
75.89
75.89
75.91
75.91
75.89
75.89
75.86
75.85
75.85
75.86
75.86
75.84
75.85
75.82
75.85
75.86
75.84
75.82
75.80
75.77
75.77
75.76
75.77
75.74
75.73
75.74
75.73
75.73
75.74
75.73
75.75
75.77
75.78
75.81
75.82
75.80
75.79
75.78
75.73
75.75
75.72
75.73
75.73
75.72
75.70
75.71
75.71
75.70
75.70
75.72
75.73
75.72
75.72
75.73
75.75
75.72
75.72
75.76
75.76
75.77
75.75
75.74
75.75
75.78
75.76
75.74
75.75
75.79
75.78
75.78
75.80
75.79
75.80
75.78
75.80
75.81
75.79
75.80
75.77
75.76
75.75
75.74
75.75
75.75
75.74
75.73
75.75
75.76
75.78
75.79
75.78
75.81
75.82
75.82
75.82
75.78
75.78
75.77
75.81
75.80
75.78
75.80
75.81
75.81
75.81
75.83
75.84
75.85
75.84
75.84
75.84
75.81
75.82
75.82
75.80
75.83
75.82
75.83
75.86
75.86
75.87
75.90
75.89
75.91
75.93
75.95
75.97
75.99
76.01
76.02
76.03
76.01
76.03
76.04
76.07
76.03
76.03
76.01
76.01
76.02
76.02
76.03
76.04
76.06
76.05
76.03
76.04
76.03
76.03
76.01
76.02
76.03
76.05
76.04
76.04
76.04
76.04
76.04
76.02
76.00
75.99
75.98
75.99
75.99
75.98
75.98
75.96
75.96
75.95
75.94
75.94
75.97
75.98
75.97
76.01
76.00
76.00
76.00
76.02
76.03
76.03
76.06
76.08
76.10
76.10
76.10
76.11
76.13
76.10
76.08
76.09
76.09
76.09
76.09
76.06
76.07
76.09
76.10
76.11
76.12
76.12
76.15
76.16
76.17
76.19
76.17
76.17
76.18
76.16
76.18
76.20
76.19
76.17
76.13
76.15
76.15
76.14
76.12
76.10
76.10
76.12
76.10
76.10
76.11
76.12
76.13
76.12
76.11
76.11
76.12
76.11
76.10
76.11
76.13
76.11
76.12
76.13
76.11
76.09
76.08
76.07
76.08
76.08
76.07
76.08
76.07
76.09
76.10
76.09
76.09
76.09
76.09
76.09
76.09
76.09
76.08
76.07
76.07
76.07
76.05
76.06
76.05
76.04
76.03
76.03
76.02
76.01
76.01
76.02
76.03
76.04
76.04
76.03
76.01
76.03
76.04
76.05
76.03
76.03
76.05
76.05
76.04
76.04
76.04
76.03
76.05
76.04
76.04
76.03
76.04
76.06
76.06
76.06
76.08
76.07
76.07
76.08
76.09
76.10
76.10
76.12
76.13
76.12
76.12
76.13
76.14
76.14
76.13
76.14
76.12
76.13
76.14
76.13
76.12
76.09
76.09
76.09
76.10
76.11
76.11
76.12
76.12
76.13
76.14
76.14
76.15
76.15
76.14
76.14
76.15
76.13
76.14
76.13
76.13
76.14
76.14
76.13
76.12
76.12
76.12
76.12
76.12
76.12
76.13
76.13
76.12
76.11
76.11
76.12
76.11
76.10
76.08
76.08
76.07
76.07
76.07
76.05
76.06
76.05
76.05
76.04
76.04
76.06
76.06
76.06
76.08
76.06
76.05
76.04
76.04
76.04
76.04
76.04
76.03
76.03
76.02
76.01
76.01
76.02
76.03
76.03
76.01
76.00
76.01
76.00
76.01
76.02
76.01
76.02
76.01
76.01
76.02
76.02
76.02
76.03
76.04
76.05
76.05
76.05
76.05
76.05
76.05
76.05
76.06
76.06
76.07
76.06
76.05
76.06
76.06
76.06
76.06
76.07
76.09
76.08
76.07
76.07
76.07
76.06
76.04
76.03
76.02
76.02
76.03
76.04
76.05
76.05
76.04
76.05
76.04
76.05
76.05
76.04
76.04
76.06
76.06
76.07
76.05
76.06
76.06
76.06
76.07
76.06
76.07
76.08
76.07
76.07
76.06
76.07
76.07
76.06
76.05
76.05
76.06
76.06
76.07
76.06
76.07
76.07
76.07
76.08
76.07
76.07
76.08
76.08
76.09
76.09
76.10
76.10
76.10
76.10
76.08
76.10
76.12
76.12
76.12
76.12
76.11
76.11
76.10
76.10
76.11
76.11
76.12
76.12
76.13
76.14
76.14
76.14
76.14
76.13
76.13
76.13
76.13
76.14
76.15
76.15
76.15
76.14
76.14
76.14
76.14
76.15
76.15
76.15
76.16
76.17
76.17
76.17
76.17
76.16
76.16
76.16
76.16
76.16
76.14
76.13
76.13
76.13
76.14
76.15
76.15
76.15
76.15
76.15
76.15
76.15
76.15
76.14
76.13
76.13
76.12
76.12
76.12
76.12
76.11
76.12
76.11
76.10
76.10
76.11
76.11
76.10
76.11
76.12
76.11
76.10
76.11
76.12
76.12
76.11
76.11
76.11
76.11
76.12
76.12
76.12
76.12
76.12
76.11
76.04
