73.44
79.69
76.56
76.17
74.69
74.22
74.55
74.22
74.83
75.47
75.43
75.26
74.88
75.11
75.31
75.39
75.55
75.87
75.74
75.86
75.37
75.21
75.07
75.07
75.06
75.06
75.00
75.06
75.05
75.36
75.50
75.73
75.47
75.55
75.62
75.69
75.72
75.66
75.80
75.86
76.07
76.12
75.91
76.24
76.28
76.12
76.16
76.07
76.05
75.94
75.80
75.84
75.74
75.72
75.65
75.53
75.58
75.65
75.66
75.52
75.67
75.53
75.62
75.68
75.79
75.64
75.68
75.53
75.54
75.49
75.42
75.48
75.51
75.53
75.56
75.56
75.55
75.46
75.36
75.43
75.42
75.51
75.47
75.52
75.57
75.58
75.54
75.53
75.42
75.42
75.39
75.44
75.49
75.53
75.58
75.62
75.53
75.56
75.60
75.66
75.59
75.67
75.70
75.57
75.68
75.62
75.54
75.58
75.44
75.44
75.42
75.38
75.29
75.34
75.41
75.42
75.43
75.49
75.47
75.43
75.50
75.53
75.53
75.57
75.59
75.56
75.62
75.55
75.51
75.56
75.54
75.49
75.46
75.54
75.45
75.43
75.40
75.41
75.39
75.37
75.41
75.41
75.43
75.42
75.44
75.44
75.44
75.42
75.46
75.48
75.48
75.45
75.47
75.46
75.47
75.50
75.51
75.54
75.48
75.46
75.48
75.52
75.53
75.51
75.50
75.50
75.56
75.61
75.64
75.67
75.66
75.67
75.67
75.66
75.67
75.67
75.65
75.69
75.65
75.69
75.74
75.73
75.76
75.72
75.73
75.73
75.73
75.71
75.69
75.75
75.70
75.73
75.76
75.77
75.76
75.72
75.74
75.74
75.73
75.71
75.73
75.76
75.76
75.74
75.74
75.71
75.69
75.71
75.68
75.68
75.70
75.69
75.70
75.69
75.68
75.69
75.64
75.65
75.66
75.67
75.65
75.66
75.69
75.64
75.65
75.66
75.63
75.61
75.62
75.60
75.64
75.65
75.66
75.69
75.72
75.70
75.68
75.64
75.62
75.63
75.68
75.66
75.68
75.71
75.70
75.71
75.69
75.66
75.65
75.64
75.64
75.61
75.64
75.63
75.63
75.65
75.67
75.70
75.69
75.67
75.68
75.69
75.69
75.67
75.65
75.65
75.67
75.67
75.69
75.66
75.62
75.61
75.62
75.62
75.60
75.58
75.60
75.61
75.62
75.61
75.61
75.59
75.57
75.56
75.56
75.58
75.57
75.56
75.58
75.58
75.54
75.58
75.61
75.62
75.64
75.65
75.65
75.63
75.66
75.67
75.65
75.65
75.65
75.65
75.65
75.64
75.65
75.66
75.68
75.68
75.68
75.65
75.68
75.66
75.67
75.68
75.68
75.68
75.66
75.64
75.63
75.65
75.66
75.66
75.66
75.65
75.63
75.62
75.61
75.60
75.59
75.58
75.59
75.59
75.61
75.59
75.59
75.59
75.59
75.59
75.55
75.56
75.54
75.55
75.53
75.50
75.53
75.52
75.52
75.50
75.51
75.49
75.46
75.46
75.47
75.48
75.47
75.47
75.48
75.46
75.47
75.47
75.48
75.46
75.46
75.46
75.43
75.43
75.44
75.43
75.44
75.44
75.45
75.46
75.48
75.45
75.48
75.50
75.52
75.52
75.52
75.52
75.49
75.48
75.47
75.47
75.46
75.45
75.47
75.47
75.47
75.46
75.46
75.46
75.43
75.43
75.41
75.41
75.40
75.40
75.39
75.40
75.41
75.42
75.44
75.45
75.48
75.47
75.46
75.46
75.47
75.48
75.48
75.49
75.50
75.49
75.51
75.52
75.51
75.52
75.53
75.53
75.55
75.54
75.54
75.55
75.56
75.55
75.53
75.52
75.51
75.52
75.51
75.51
75.52
75.52
75.52
75.53
75.53
75.53
75.52
75.51
75.53
75.51
75.52
75.51
75.49
75.50
75.51
75.50
75.50
75.50
75.50
75.51
75.52
75.52
75.53
75.55
75.55
75.56
75.56
75.55
75.56
75.58
75.60
75.59
75.57
75.55
75.55
75.56
75.56
75.56
75.54
75.51
75.51
75.53
75.52
75.52
75.53
75.52
75.52
75.52
75.53
75.53
75.55
75.54
75.54
75.55
75.56
75.57
75.58
75.58
75.60
75.62
75.61
75.61
75.60
75.61
75.62
75.63
75.63
75.63
75.66
75.64
75.62
75.63
75.64
75.64
75.64
75.66
75.65
75.65
75.65
75.64
75.64
75.63
75.60
75.59
75.58
75.59
75.58
75.59
75.58
75.58
75.58
75.59
75.60
75.60
75.63
75.62
75.61
75.61
75.59
75.59
75.58
75.58
75.59
75.58
75.59
75.60
75.60
75.58
75.59
75.57
75.58
75.58
75.56
75.57
75.57
75.57
75.57
75.57
75.58
75.57
75.58
75.59
75.58
75.56
75.56
75.56
75.56
75.56
75.56
75.55
75.56
75.56
75.55
75.56
75.56
75.56
75.56
75.55
75.55
75.55
75.56
75.57
75.57
75.58
75.58
75.59
75.58
75.58
75.58
75.59
75.57
75.57
75.58
75.57
75.57
75.55
75.55
75.56
75.58
75.57
75.56
75.56
75.56
75.55
75.55
75.55
75.55
75.56
75.55
75.54
75.55
75.54
75.53
75.53
75.52
75.51
75.52
75.52
75.51
75.50
75.51
75.51
75.50
75.50
75.50
75.52
75.51
75.50
75.49
75.50
75.50
75.50
75.50
75.51
75.50
75.49
75.47
75.46
75.45
75.45
75.45
75.45
75.45
75.45
75.46
75.47
75.48
75.48
75.50
75.50
75.50
75.51
75.52
75.53
75.53
75.54
75.54
75.53
75.55
75.54
75.55
75.55
75.54
75.54
75.54
75.54
75.54
75.55
75.56
75.56
75.56
75.55
75.55
75.54
75.55
75.56
75.56
75.56
75.55
75.54
75.54
75.52
75.54
75.55
75.55
75.56
75.55
75.57
75.56
75.56
75.55
75.55
75.55
75.55
75.55
75.56
75.56
75.56
75.56
75.56
75.56
75.56
75.55
75.56
75.55
75.54
75.54
75.53
75.54
75.54
75.54
75.54
75.53
75.55
75.54
75.55
75.55
75.54
75.54
75.53
75.54
75.55
75.55
75.55
75.56
75.56
75.55
75.55
75.56
75.56
75.56
75.56
75.57
75.57
75.57
75.57
75.57
75.57
75.56
75.57
75.56
75.57
75.56
75.58
75.58
75.60
75.59
75.60
75.60
75.60
75.59
75.59
75.59
75.59
75.59
75.59
75.61
75.61
75.62
75.62
75.62
75.62
75.62
75.62
75.61
75.62
75.62
75.63
75.62
75.62
75.61
75.61
75.62
75.61
75.62
75.61
75.60
75.61
75.61
75.62
75.61
75.61
75.60
75.59
75.59
75.58
75.58
75.51
