85.94
77.34
74.48
74.61
76.56
77.08
77.01
76.37
75.87
75.94
75.71
75.65
75.72
76.45
76.04
75.98
75.64
75.43
75.25
75.23
75.52
75.85
75.95
75.72
75.81
76.14
75.93
75.84
75.92
76.15
76.01
76.12
75.95
75.69
75.76
75.61
75.63
75.53
75.64
75.39
75.30
75.19
75.29
74.96
75.24
74.93
75.00
75.07
75.13
75.22
75.34
75.27
75.27
75.43
75.57
75.75
75.82
75.84
75.82
75.76
75.74
75.81
75.72
75.76
75.60
75.43
75.35
75.25
75.27
75.20
75.24
75.33
75.43
75.46
75.46
75.45
75.39
75.42
75.42
75.37
75.35
75.42
75.47
75.45
75.50
75.60
75.65
75.71
75.72
75.80
75.81
75.75
75.76
75.63
75.61
75.60
75.52
75.40
75.46
75.48
75.46
75.51
75.50
75.38
75.39
75.37
75.34
75.29
75.26
75.18
75.23
75.38
75.37
75.33
75.35
75.30
75.33
75.26
75.25
75.27
75.31
75.28
75.32
75.38
75.36
75.33
75.28
75.33
75.24
75.24
75.31
75.33
75.41
75.42
75.39
75.40
75.41
75.40
75.37
75.37
75.29
75.30
75.31
75.30
75.30
75.22
75.21
75.21
75.22
75.19
75.21
75.20
75.25
75.22
75.29
75.29
75.28
75.35
75.36
75.32
75.34
75.32
75.35
75.32
75.31
75.29
75.33
75.34
75.38
75.36
75.32
75.32
75.28
75.26
75.29
75.29
75.34
75.32
75.32
75.28
75.28
75.28
75.32
75.30
75.25
75.27
75.23
75.28
75.30
75.30
75.29
75.24
75.24
75.24
75.23
75.27
75.26
75.28
75.31
75.32
75.34
75.34
75.31
75.25
75.25
75.27
75.30
75.34
75.34
75.38
75.35
75.32
75.32
75.31
75.30
75.29
75.29
75.29
75.35
75.36
75.35
75.36
75.36
75.36
75.37
75.37
75.37
75.35
75.35
75.34
75.32
75.33
75.36
75.37
75.37
75.37
75.39
75.40
75.44
75.44
75.43
75.45
75.46
75.46
75.48
75.51
75.51
75.54
75.58
75.55
75.52
75.54
75.55
75.54
75.58
75.56
75.52
75.48
75.48
75.46
75.48
75.46
75.45
75.43
75.43
75.41
75.40
75.37
75.38
75.41
75.43
75.40
75.41
75.43
75.43
75.45
75.45
75.44
75.40
75.40
75.41
75.41
75.40
75.39
75.41
75.38
75.36
75.36
75.36
75.38
75.38
75.36
75.39
75.40
75.42
75.43
75.45
75.45
75.44
75.45
75.43
75.43
75.41
75.39
75.38
75.38
75.36
75.37
75.38
75.42
75.41
75.41
75.43
75.45
75.46
75.48
75.49
75.47
75.48
75.46
75.44
75.43
75.42
75.42
75.44
75.41
75.39
75.38
75.37
75.35
75.34
75.34
75.34
75.34
75.33
75.34
75.33
75.35
75.36
75.37
75.38
75.39
75.36
75.35
75.37
75.38
75.36
75.36
75.36
75.39
75.41
75.38
75.39
75.36
75.36
75.36
75.36
75.36
75.37
75.37
75.35
75.35
75.35
75.34
75.34
75.31
75.28
75.27
75.28
75.27
75.26
75.24
75.24
75.22
75.22
75.22
75.22
75.23
75.24
75.25
75.24
75.25
75.26
75.26
75.28
75.29
75.29
75.30
75.33
75.34
75.36
75.36
75.37
75.37
75.36
75.38
75.39
75.36
75.36
75.36
75.37
75.37
75.35
75.35
75.35
75.36
75.35
75.31
75.31
75.31
75.32
75.30
75.30
75.29
75.29
75.29
75.29
75.29
75.31
75.32
75.32
75.32
75.34
75.34
75.34
75.36
75.35
75.35
75.35
75.36
75.35
75.35
75.35
75.36
75.35
75.34
75.32
75.32
75.33
75.34
75.33
75.30
75.30
75.29
75.28
75.30
75.29
75.29
75.30
75.29
75.30
75.28
75.27
75.27
75.26
75.26
75.25
75.24
75.26
75.27
75.25
75.25
75.26
75.26
75.25
75.25
75.27
75.27
75.26
75.27
75.27
75.26
75.28
75.28
75.29
75.31
75.29
75.30
75.29
75.28
75.28
75.28
75.26
75.25
75.24
75.25
75.25
75.26
75.26
75.26
75.26
75.25
75.27
75.27
75.27
75.26
75.26
75.27
75.29
75.29
75.28
75.29
75.29
75.29
75.29
75.29
75.28
75.29
75.30
75.31
75.30
75.29
75.27
75.27
75.25
75.24
75.24
75.22
75.22
75.22
75.21
75.22
75.22
75.22
75.23
75.23
75.24
75.24
75.23
75.21
75.22
75.20
75.19
75.19
75.19
75.20
75.21
75.21
75.20
75.21
75.21
75.20
75.18
75.20
75.22
75.23
75.24
75.25
75.23
75.22
75.21
75.21
75.20
75.21
75.22
75.20
75.20
75.20
75.21
75.20
75.19
75.18
75.18
75.18
75.19
75.20
75.20
75.21
75.21
75.20
75.20
75.20
75.20
75.19
75.19
75.18
75.17
75.18
75.18
75.18
75.18
75.18
75.18
75.17
75.18
75.18
75.19
75.19
75.16
75.16
75.17
75.17
75.15
75.17
75.19
75.19
75.19
75.20
75.20
75.20
75.20
75.20
75.20
75.19
75.19
75.19
75.19
75.18
75.17
75.17
75.17
75.16
75.16
75.17
75.18
75.19
75.19
75.18
75.20
75.22
75.22
75.23
75.23
75.22
75.22
75.21
75.21
75.22
75.22
75.21
75.21
75.21
75.21
75.21
75.21
75.22
75.21
75.21
75.19
75.19
75.19
75.20
75.21
75.19
75.19
75.19
75.20
75.20
75.18
75.18
75.17
75.17
75.17
75.18
75.18
75.17
75.17
75.16
75.17
75.17
75.19
75.19
75.18
75.18
75.18
75.18
75.19
75.19
75.19
75.19
75.17
75.18
75.17
75.17
75.18
75.17
75.15
75.16
75.16
75.17
75.16
75.15
75.16
75.17
75.17
75.17
75.17
75.17
75.16
75.16
75.16
75.17
75.18
75.18
75.18
75.17
75.18
75.19
75.19
75.20
75.21
75.23
75.24
75.23
75.22
75.23
75.24
75.24
75.25
75.23
75.25
75.25
75.24
75.25
75.24
75.23
75.24
75.25
75.26
75.26
75.26
75.26
75.24
75.23
75.23
75.22
75.22
75.21
75.20
75.20
75.20
75.21
75.20
75.21
75.20
75.20
75.21
75.22
75.21
75.22
75.22
75.20
75.19
75.20
75.20
75.19
75.19
75.20
75.21
75.21
75.21
75.21
75.20
75.20
75.20
75.22
75.23
75.23
75.21
75.22
75.23
75.23
75.23
75.24
75.24
75.24
75.24
75.24
75.23
75.22
75.21
75.21
75.22
75.22
75.22
75.21
75.22
75.22
75.23
75.23
75.22
75.15
