62.50
62.50
61.46
63.67
62.81
63.54
63.17
63.28
63.54
64.06
63.78
64.06
63.94
64.17
63.75
63.87
64.34
64.06
64.88
65.16
65.40
65.20
65.49
65.56
65.87
66.11
65.80
65.90
66.11
65.89
66.03
66.31
66.24
66.36
66.52
66.54
66.47
66.41
66.51
66.45
66.50
66.59
66.61
66.65
66.74
66.71
66.66
66.67
66.77
66.94
67.03
66.98
67.04
67.07
67.07
67.02
67.00
66.97
66.95
66.82
66.80
66.91
66.84
66.89
67.02
67.28
67.47
67.44
67.37
67.37
67.30
67.27
67.17
67.29
67.29
67.33
67.37
67.51
67.68
67.66
67.65
67.74
67.70
67.67
67.68
67.66
67.64
67.47
67.42
67.43
67.51
67.54
67.49
67.30
67.32
67.32
67.25
67.30
67.31
67.38
67.33
67.33
67.26
67.35
67.35
67.41
67.41
67.40
67.42
67.41
67.33
67.37
67.38
67.39
67.43
67.36
67.35
67.31
67.29
67.30
67.34
67.35
67.40
67.41
67.39
67.34
67.22
67.20
67.14
67.15
67.09
67.08
67.11
67.08
67.08
67.12
67.14
67.14
67.18
67.13
67.13
67.13
67.18
67.13
67.05
67.10
67.05
67.05
67.08
67.16
67.12
67.03
66.99
67.02
67.04
67.12
67.08
67.06
67.04
67.04
67.00
66.97
67.01
67.00
67.01
66.95
66.91
66.90
66.88
66.95
66.99
67.01
67.03
67.03
67.08
67.13
67.15
67.09
67.13
67.13
67.18
67.18
67.19
67.20
67.18
67.15
67.14
67.11
67.10
67.11
67.12
67.12
67.11
67.11
67.14
67.19
67.22
67.19
67.16
67.15
67.14
67.17
67.23
67.15
67.22
67.17
67.19
67.19
67.20
67.19
67.22
67.26
67.24
67.25
67.26
67.29
67.29
67.29
67.29
67.29
67.26
67.27
67.26
67.25
67.27
67.24
67.21
67.21
67.21
67.24
67.26
67.28
67.24
67.25
67.26
67.27
67.22
67.24
67.23
67.27
67.27
67.23
67.24
67.25
67.22
67.21
67.17
67.17
67.16
67.16
67.14
67.11
67.08
67.06
67.00
67.03
66.97
66.98
66.98
66.99
66.97
66.95
66.99
66.99
66.94
66.93
66.95
66.94
66.95
66.94
66.91
66.91
66.91
66.87
66.90
66.91
66.93
66.91
66.88
66.86
66.87
66.85
66.83
66.84
66.81
66.82
66.81
66.82
66.82
66.79
66.78
66.79
66.81
66.83
66.85
66.85
66.82
66.85
66.84
66.83
66.83
66.80
66.81
66.83
66.82
66.81
66.83
66.88
66.90
66.91
66.89
66.89
66.90
66.90
66.89
66.89
66.86
66.87
66.88
66.90
66.88
66.83
66.82
66.85
66.84
66.86
66.86
66.88
66.87
66.86
66.87
66.89
66.93
66.92
66.92
66.90
66.90
66.88
66.86
66.85
66.88
66.88
66.91
66.91
66.92
66.91
66.92
66.94
66.95
66.92
66.94
66.95
66.94
66.94
66.97
66.96
66.96
66.95
66.97
66.95
66.97
66.97
66.96
66.94
66.95
66.96
66.94
66.93
66.93
66.93
66.92
66.91
66.93
66.94
66.93
66.93
66.93
66.92
66.92
66.97
66.97
66.96
66.96
66.95
66.96
66.95
66.94
66.93
66.93
66.93
66.92
66.94
66.94
66.94
66.94
66.95
66.96
66.96
66.96
66.93
66.91
66.91
66.91
66.93
66.94
66.97
66.99
66.98
66.97
66.97
66.98
66.98
66.96
66.96
66.96
66.95
66.96
66.95
66.94
66.93
66.93
66.94
66.94
66.96
66.95
66.97
66.98
66.98
66.95
66.97
66.98
66.96
66.95
66.93
66.96
66.96
66.97
66.99
67.01
66.97
66.96
66.98
66.99
67.01
66.99
67.01
67.01
67.00
67.01
67.00
67.01
67.00
67.00
67.01
67.00
67.01
66.98
66.96
66.98
66.97
66.97
66.96
66.98
66.99
67.00
67.02
67.02
67.03
67.02
67.01
67.03
67.04
67.01
67.00
67.01
66.99
66.99
66.98
66.98
66.97
66.98
66.99
66.98
66.96
66.97
66.98
66.96
66.95
66.95
66.94
66.94
66.95
66.95
66.95
66.93
66.92
66.92
66.91
66.91
66.90
66.89
66.91
66.92
66.91
66.93
66.93
66.94
66.94
66.94
66.95
66.96
66.96
66.98
66.98
66.97
66.97
66.98
66.98
66.98
66.98
66.98
66.98
66.98
66.97
66.97
66.96
66.97
66.97
66.99
66.99
66.98
67.00
66.99
66.99
67.00
67.02
67.02
67.02
67.03
67.01
67.00
66.99
66.99
67.00
67.02
67.03
67.03
67.04
67.02
67.03
67.02
67.03
67.03
67.03
67.01
67.01
67.01
67.01
67.01
67.01
67.00
67.00
67.00
67.00
67.00
67.00
66.98
66.99
67.01
67.01
67.01
67.02
66.99
66.99
66.99
66.99
66.98
66.98
66.98
66.98
66.99
66.98
67.00
67.01
67.01
67.00
66.99
66.99
67.00
67.00
66.99
66.99
66.99
67.00
66.99
66.98
66.97
66.98
66.97
66.96
66.93
66.93
66.93
66.92
66.93
66.93
66.92
66.92
66.91
66.91
66.90
66.90
66.91
66.90
66.91
66.90
66.92
66.91
66.93
66.91
66.91
66.91
66.91
66.91
66.91
66.92
66.92
66.92
66.92
66.93
66.93
66.95
66.95
66.94
66.94
66.94
66.94
66.95
66.96
66.97
66.97
66.97
66.95
66.95
66.95
66.94
66.91
66.91
66.90
66.90
66.89
66.92
66.91
66.92
66.90
66.90
66.90
66.90
66.90
66.90
66.89
66.89
66.90
66.91
66.90
66.91
66.90
66.90
66.88
66.88
66.89
66.88
66.88
66.88
66.86
66.86
66.86
66.86
66.87
66.87
66.87
66.88
66.88
66.88
66.87
66.87
66.87
66.86
66.88
66.87
66.86
66.85
66.85
66.87
66.88
66.87
66.87
66.86
66.86
66.85
66.84
66.84
66.84
66.85
66.84
66.84
66.84
66.86
66.87
66.85
66.86
66.87
66.87
66.88
66.88
66.89
66.89
66.90
66.89
66.89
66.89
66.90
66.89
66.89
66.89
66.90
66.90
66.90
66.89
66.88
66.89
66.89
66.90
66.90
66.89
66.89
66.88
66.87
66.86
66.87
66.86
66.86
66.86
66.86
66.86
66.86
66.86
66.86
66.86
66.86
66.86
66.87
66.87
66.87
66.88
66.87
66.86
66.87
66.88
66.88
66.88
66.88
66.87
66.87
66.86
66.87
66.87
66.88
66.85
66.85
66.87
66.87
66.87
66.87
66.86
66.87
66.86
66.86
66.87
66.87
66.87
66.81
