73.44
71.88
72.92
74.61
75.62
73.70
74.33
73.44
73.44
73.59
73.30
73.96
74.40
74.78
74.79
74.90
75.00
74.91
75.00
75.00
74.70
74.50
74.66
75.07
75.38
75.36
75.41
75.56
75.70
75.47
75.66
75.54
75.14
75.28
75.36
75.35
75.38
75.29
75.32
75.35
75.08
75.30
75.44
75.32
75.49
75.44
75.30
75.36
75.35
75.34
75.40
75.39
75.65
75.78
75.71
75.64
75.71
75.73
75.72
75.70
75.64
75.76
75.72
75.93
76.08
76.04
75.98
75.97
76.02
76.05
76.06
76.04
76.07
76.10
76.19
76.27
76.30
76.28
76.36
76.41
76.37
76.45
76.49
76.41
76.47
76.42
76.45
76.33
76.44
76.51
76.49
76.49
76.44
76.45
76.48
76.32
76.30
76.28
76.23
76.19
76.19
76.21
76.21
76.19
76.19
76.11
76.05
76.13
76.16
76.15
76.24
76.20
76.19
76.18
76.14
76.13
76.12
76.13
76.13
76.16
76.14
76.18
76.17
76.13
76.15
76.15
76.17
76.09
76.08
76.08
76.04
76.01
75.92
75.87
75.93
75.94
76.02
76.02
75.96
75.96
75.96
76.00
75.99
76.01
76.05
76.04
76.02
76.02
76.04
76.07
76.06
76.05
76.05
76.10
76.14
76.17
76.15
76.16
76.14
76.07
76.13
76.09
76.11
76.12
76.12
76.09
76.10
76.11
76.15
76.12
76.14
76.10
76.05
75.99
75.91
75.94
75.97
76.01
76.00
76.01
76.05
76.06
76.07
76.10
76.10
76.13
76.14
76.12
76.13
76.12
76.13
76.14
76.21
76.17
76.18
76.20
76.17
76.14
76.18
76.13
76.12
76.11
76.09
76.06
76.09
76.10
76.08
76.07
76.11
76.09
76.09
76.11
76.14
76.16
76.15
76.19
76.22
76.22
76.22
76.21
76.20
76.20
76.18
76.16
76.17
76.17
76.19
76.20
76.21
76.19
76.17
76.15
76.17
76.17
76.20
76.20
76.21
76.19
76.21
76.20
76.15
76.12
76.16
76.17
76.16
76.15
76.14
76.14
76.16
76.21
76.18
76.18
76.16
76.14
76.15
76.14
76.19
76.17
76.15
76.19
76.20
76.24
76.24
76.26
76.26
76.27
76.26
76.27
76.27
76.27
76.30
76.30
76.29
76.29
76.30
76.27
76.26
76.28
76.29
76.32
76.30
76.32
76.33
76.31
76.31
76.33
76.32
76.31
76.31
76.28
76.27
76.29
76.29
76.31
76.32
76.32
76.29
76.25
76.26
76.26
76.26
76.27
76.26
76.30
76.30
76.29
76.31
76.33
76.32
76.34
76.33
76.33
76.33
76.33
76.34
76.32
76.32
76.33
76.31
76.34
76.34
76.33
76.35
76.36
76.35
76.35
76.37
76.38
76.36
76.36
76.39
76.38
76.37
76.36
76.36
76.37
76.34
76.32
76.30
76.29
76.30
76.31
76.29
76.28
76.30
76.32
76.31
76.30
76.31
76.30
76.32
76.32
76.31
76.34
76.34
76.36
76.36
76.35
76.34
76.33
76.35
76.35
76.35
76.35
76.34
76.34
76.34
76.35
76.33
76.31
76.28
76.28
76.29
76.26
76.25
76.24
76.20
76.23
76.23
76.23
76.22
76.21
76.22
76.21
76.21
76.21
76.20
76.18
76.18
76.17
76.19
76.16
76.16
76.17
76.18
76.17
76.18
76.17
76.16
76.14
76.14
76.12
76.14
76.14
76.13
76.12
76.14
76.14
76.11
76.13
76.16
76.18
76.17
76.19
76.18
76.20
76.20
76.19
76.17
76.17
76.19
76.19
76.19
76.19
76.22
76.20
76.22
76.23
76.24
76.24
76.24
76.24
76.22
76.23
76.24
76.23
76.22
76.21
76.21
76.19
76.19
76.20
76.21
76.18
76.17
76.16
76.15
76.16
76.17
76.16
76.15
76.14
76.16
76.16
76.18
76.18
76.18
76.17
76.18
76.17
76.16
76.15
76.15
76.12
76.13
76.13
76.15
76.16
76.17
76.15
76.15
76.16
76.17
76.16
76.15
76.15
76.13
76.14
76.14
76.15
76.14
76.13
76.14
76.14
76.13
76.13
76.14
76.13
76.12
76.13
76.13
76.14
76.13
76.13
76.13
76.13
76.11
76.13
76.14
76.14
76.15
76.13
76.14
76.13
76.14
76.15
76.16
76.16
76.17
76.16
76.17
76.17
76.17
76.17
76.16
76.17
76.16
76.16
76.15
76.14
76.14
76.12
76.11
76.10
76.09
76.09
76.08
76.07
76.07
76.07
76.06
76.06
76.06
76.05
76.05
76.07
76.07
76.06
76.04
76.05
76.04
76.04
76.04
76.04
76.05
76.04
76.04
76.05
76.08
76.09
76.09
76.10
76.10
76.08
76.06
76.06
76.05
76.05
76.05
76.05
76.06
76.05
76.06
76.04
76.05
76.04
76.04
76.06
76.05
76.04
76.03
76.03
76.02
76.02
76.02
76.03
76.04
76.04
76.03
76.04
76.06
76.06
76.06
76.06
76.05
76.05
76.04
76.04
76.05
76.05
76.05
76.07
76.08
76.08
76.07
76.06
76.06
76.05
76.04
76.04
76.04
76.03
76.03
76.03
76.01
76.01
76.01
76.01
75.99
75.99
75.99
76.02
76.01
76.01
76.01
76.01
76.01
76.02
76.04
76.04
76.04
76.04
76.04
76.03
76.03
76.02
76.01
76.01
75.99
75.99
75.99
75.99
75.98
75.98
75.97
75.97
75.97
75.96
75.96
75.94
75.94
75.95
75.96
75.97
75.98
75.98
75.99
75.99
75.99
75.99
75.97
75.97
75.97
75.98
75.97
75.97
75.97
75.96
75.97
75.96
75.96
75.95
75.95
75.96
75.96
75.96
75.97
75.97
75.95
75.94
75.93
75.95
75.96
75.95
75.94
75.94
75.95
75.95
75.94
75.93
75.93
75.94
75.95
75.95
75.94
75.94
75.95
75.95
75.94
75.95
75.96
75.98
75.97
75.98
75.99
76.01
76.01
76.01
76.02
76.00
76.00
76.01
76.01
76.02
76.00
75.99
76.00
76.00
76.00
76.02
76.02
76.00
76.00
75.99
75.98
75.98
75.99
76.00
76.00
76.00
76.00
75.99
75.98
75.98
75.98
75.98
75.98
75.98
75.97
75.97
75.97
75.97
75.96
75.96
75.96
75.97
75.96
75.97
75.97
75.97
75.98
75.97
75.97
75.96
75.96
75.96
75.97
75.98
75.98
75.99
75.99
75.99
76.00
76.01
76.00
76.01
76.02
76.02
76.02
76.01
76.01
76.00
76.02
76.02
76.02
76.02
76.02
76.03
76.04
76.04
76.05
76.04
76.05
76.05
76.05
76.07
76.07
76.07
76.08
76.08
76.08
76.01
