78.12
73.44
72.92
72.27
73.75
74.74
75.00
74.41
73.26
74.06
74.15
74.35
74.52
74.78
75.00
75.10
74.82
74.91
74.67
74.69
74.85
74.72
74.73
74.74
74.75
74.64
75.00
75.28
75.00
75.00
74.85
74.61
74.76
74.82
74.73
74.61
74.54
74.55
74.44
74.41
74.39
74.33
74.16
74.18
74.20
74.22
74.14
74.09
74.27
74.34
74.45
74.40
74.50
74.51
74.46
74.36
74.42
74.35
74.47
74.40
74.41
74.45
74.43
74.46
74.59
74.57
74.51
74.38
74.37
74.42
74.21
74.22
74.17
74.28
74.35
74.36
74.43
74.60
74.64
74.65
74.65
74.75
74.81
74.85
75.02
75.00
75.05
74.98
74.89
74.90
74.91
74.93
75.00
75.10
75.10
75.10
75.23
75.18
75.22
75.27
75.28
75.34
75.38
75.32
75.34
75.34
75.34
75.27
75.29
75.27
75.30
75.29
75.30
75.30
75.33
75.28
75.19
75.12
75.11
75.12
75.13
75.05
75.03
74.99
74.93
74.98
74.95
74.91
75.00
75.04
75.00
74.96
74.89
74.93
74.94
74.93
74.98
74.99
74.91
74.92
74.93
74.91
74.89
74.86
74.91
74.89
74.86
74.88
74.86
74.81
74.78
74.79
74.77
74.81
74.83
74.87
74.83
74.84
74.85
74.83
74.84
74.87
74.91
74.96
74.97
74.95
74.96
74.93
74.93
74.97
75.01
75.03
75.05
75.03
75.05
75.08
75.10
75.11
75.16
75.19
75.16
75.18
75.15
75.17
75.12
75.14
75.15
75.10
75.09
75.09
75.07
75.09
75.06
75.11
75.15
75.14
75.13
75.13
75.11
75.10
75.06
75.06
75.05
75.08
75.08
75.05
75.08
75.10
75.04
75.07
75.06
75.10
75.11
75.08
75.06
75.09
75.08
75.09
75.09
75.09
75.12
75.13
75.13
75.15
75.13
75.10
75.10
75.10
75.12
75.13
75.14
75.18
75.17
75.15
75.15
75.14
75.14
75.15
75.16
75.16
75.14
75.16
75.18
75.16
75.15
75.15
75.18
75.21
75.23
75.20
75.22
75.19
75.17
75.15
75.20
75.17
75.18
75.16
75.16
75.16
75.19
75.21
75.22
75.21
75.21
75.17
75.19
75.20
75.19
75.17
75.16
75.17
75.16
75.12
75.12
75.12
75.09
75.10
75.09
75.11
75.11
75.11
75.10
75.08
75.08
75.08
75.07
75.10
75.08
75.07
75.06
75.07
75.07
75.09
75.15
75.15
75.13
75.13
75.14
75.14
75.13
75.17
75.15
75.18
75.16
75.17
75.12
75.12
75.14
75.13
75.15
75.16
75.13
75.11
75.12
75.14
75.15
75.18
75.17
75.20
75.18
75.19
75.20
75.20
75.19
75.18
75.17
75.19
75.19
75.19
75.20
75.22
75.22
75.20
75.20
75.20
75.21
75.22
75.21
75.21
75.21
75.22
75.23
75.25
75.28
75.24
75.23
75.25
75.23
75.21
75.21
75.24
75.23
75.24
75.25
75.26
75.27
75.29
75.29
75.25
75.24
75.22
75.22
75.24
75.22
75.21
75.23
75.24
75.25
75.26
75.29
75.29
75.26
75.25
75.25
75.27
75.29
75.29
75.30
75.28
75.29
75.28
75.28
75.27
75.26
75.26
75.26
75.27
75.27
75.25
75.25
75.23
75.21
75.22
75.23
75.24
75.23
75.23
75.24
75.22
75.23
75.24
75.26
75.26
75.26
75.27
75.29
75.29
75.30
75.32
75.32
75.34
75.34
75.34
75.35
75.36
75.36
75.36
75.37
75.37
75.36
75.35
75.36
75.35
75.35
75.34
75.33
75.33
75.34
75.32
75.32
75.34
75.35
75.36
75.38
75.38
75.38
75.37
75.38
75.39
75.40
75.41
75.42
75.40
75.41
75.42
75.42
75.41
75.43
75.45
75.44
75.46
75.48
75.49
75.52
75.52
75.51
75.50
75.49
75.48
75.48
75.49
75.49
75.48
75.48
75.49
75.49
75.47
75.47
75.48
75.46
75.48
75.47
75.47
75.46
75.46
75.46
75.46
75.47
75.47
75.46
75.49
75.50
75.51
75.51
75.51
75.50
75.52
75.52
75.49
75.51
75.50
75.51
75.51
75.52
75.52
75.52
75.50
75.50
75.51
75.51
75.50
75.51
75.51
75.50
75.51
75.51
75.49
75.49
75.49
75.49
75.50
75.48
75.48
75.49
75.51
75.52
75.51
75.48
75.48
75.48
75.50
75.50
75.49
75.48
75.47
75.49
75.50
75.51
75.47
75.46
75.46
75.46
75.45
75.45
75.47
75.46
75.46
75.45
75.45
75.45
75.44
75.44
75.45
75.47
75.47
75.49
75.49
75.50
75.51
75.50
75.50
75.51
75.50
75.51
75.51
75.52
75.52
75.52
75.52
75.52
75.52
75.52
75.52
75.53
75.53
75.53
75.52
75.50
75.52
75.51
75.51
75.51
75.51
75.52
75.51
75.51
75.50
75.52
75.51
75.51
75.50
75.52
75.50
75.51
75.51
75.50
75.50
75.51
75.50
75.52
75.52
75.53
75.54
75.53
75.54
75.54
75.53
75.52
75.51
75.52
75.52
75.52
75.53
75.53
75.53
75.53
75.53
75.52
75.53
75.53
75.53
75.55
75.53
75.53
75.55
75.55
75.55
75.55
75.54
75.54
75.54
75.54
75.54
75.53
75.53
75.50
75.51
75.52
75.52
75.52
75.53
75.53
75.53
75.52
75.51
75.51
75.52
75.52
75.52
75.52
75.52
75.52
75.51
75.52
75.53
75.53
75.52
75.53
75.53
75.54
75.54
75.53
75.53
75.53
75.54
75.56
75.56
75.54
75.56
75.54
75.53
75.53
75.53
75.54
75.55
75.54
75.53
75.52
75.54
75.54
75.55
75.55
75.54
75.54
75.54
75.55
75.54
75.54
75.53
75.53
75.53
75.53
75.52
75.53
75.53
75.53
75.52
75.51
75.52
75.52
75.52
75.52
75.52
75.53
75.53
75.53
75.54
75.54
75.54
75.53
75.53
75.52
75.52
75.53
75.54
75.53
75.53
75.54
75.54
75.54
75.54
75.55
75.55
75.54
75.53
75.52
75.52
75.53
75.52
75.52
75.53
75.53
75.52
75.53
75.53
75.53
75.53
75.53
75.53
75.53
75.53
75.52
75.52
75.52
75.52
75.52
75.52
75.53
75.53
75.54
75.53
75.53
75.54
75.54
75.54
75.54
75.55
75.56
75.55
75.55
75.55
75.56
75.56
75.56
75.55
75.57
75.58
75.58
75.57
75.57
75.57
75.58
75.57
75.56
75.55
75.56
75.56
75.56
75.56
75.56
75.55
75.55
75.56
75.57
75.58
75.59
75.58
75.59
75.60
75.61
75.53
