68.75
69.53
68.23
67.97
66.56
68.75
69.20
69.73
69.97
71.41
72.44
72.40
72.36
71.88
71.88
72.46
72.70
72.83
72.53
72.81
73.44
73.37
73.23
73.57
73.50
73.62
73.73
73.44
73.38
73.44
73.29
73.19
72.96
72.98
73.12
73.18
73.35
73.40
73.28
73.40
73.44
73.29
73.11
73.08
72.99
73.13
72.94
73.18
73.28
73.31
73.38
73.38
73.44
73.41
73.38
73.52
73.60
73.46
73.62
73.72
73.64
73.54
73.61
73.46
73.37
73.37
73.34
73.46
73.55
73.68
73.59
73.70
73.78
73.84
73.90
73.83
73.72
73.76
73.89
73.98
74.02
73.97
73.91
74.03
74.08
74.16
74.12
74.17
74.12
74.15
74.21
74.07
74.14
74.14
74.08
74.15
74.21
74.25
74.13
74.06
74.12
74.16
74.06
73.95
73.81
73.67
73.71
73.77
73.75
73.79
73.82
73.83
73.88
73.86
73.91
73.91
73.97
73.99
73.98
74.01
74.02
73.99
74.05
74.09
74.10
74.08
74.10
74.15
74.13
74.22
74.33
74.35
74.35
74.36
74.38
74.36
74.30
74.30
74.25
74.23
74.21
74.22
74.28
74.27
74.27
74.25
74.19
74.22
74.22
74.20
74.25
74.31
74.37
74.41
74.44
74.48
74.51
74.48
74.49
74.46
74.48
74.56
74.56
74.56
74.61
74.60
74.60
74.62
74.64
74.67
74.66
74.71
74.72
74.72
74.68
74.65
74.65
74.60
74.60
74.59
74.61
74.58
74.56
74.58
74.54
74.56
74.56
74.52
74.50
74.51
74.48
74.51
74.49
74.52
74.50
74.48
74.51
74.48
74.45
74.48
74.51
74.49
74.49
74.47
74.47
74.50
74.51
74.51
74.56
74.52
74.48
74.49
74.46
74.47
74.55
74.54
74.59
74.59
74.61
74.62
74.65
74.67
74.66
74.68
74.69
74.70
74.77
74.80
74.84
74.86
74.85
74.89
74.88
74.89
74.86
74.88
74.87
74.86
74.84
74.88
74.84
74.82
74.80
74.80
74.82
74.87
74.85
74.87
74.82
74.81
74.82
74.84
74.86
74.88
74.92
74.95
74.94
74.98
75.01
75.02
75.02
75.01
75.02
75.01
75.01
75.01
75.02
75.04
75.06
75.05
75.02
75.03
75.03
74.99
74.98
74.95
74.97
74.95
74.94
74.95
74.96
74.94
74.93
74.92
74.94
74.92
74.92
74.91
74.89
74.90
74.89
74.90
74.90
74.89
74.87
74.85
74.83
74.82
74.84
74.81
74.82
74.81
74.81
74.84
74.82
74.81
74.80
74.79
74.78
74.83
74.80
74.80
74.79
74.77
74.79
74.77
74.79
74.78
74.77
74.77
74.76
74.75
74.75
74.75
74.77
74.77
74.78
74.78
74.79
74.79
74.76
74.75
74.75
74.76
74.74
74.73
74.75
74.74
74.74
74.74
74.74
74.74
74.72
74.73
74.71
74.70
74.68
74.69
74.71
74.71
74.73
74.75
74.74
74.73
74.74
74.72
74.74
74.71
74.70
74.70
74.68
74.69
74.69
74.71
74.69
74.71
74.73
74.75
74.76
74.76
74.75
74.76
74.75
74.76
74.75
74.75
74.76
74.75
74.75
74.76
74.75
74.75
74.75
74.76
74.75
74.74
74.71
74.70
74.70
74.68
74.68
74.66
74.68
74.67
74.66
74.67
74.68
74.69
74.70
74.72
74.70
74.69
74.71
74.70
74.68
74.68
74.69
74.70
74.69
74.71
74.69
74.67
74.68
74.65
74.65
74.66
74.66
74.64
74.63
74.64
74.64
74.65
74.65
74.65
74.67
74.68
74.70
74.70
74.69
74.71
74.72
74.74
74.74
74.74
74.75
74.75
74.75
74.74
74.72
74.71
74.72
74.70
74.70
74.70
74.71
74.71
74.70
74.69
74.69
74.70
74.71
74.69
74.69
74.70
74.71
74.72
74.73
74.72
74.70
74.71
74.71
74.73
74.73
74.74
74.74
74.75
74.74
74.75
74.76
74.74
74.74
74.73
74.71
74.73
74.72
74.72
74.72
74.74
74.72
74.72
74.72
74.70
74.71
74.71
74.72
74.73
74.74
74.75
74.73
74.73
74.73
74.74
74.73
74.76
74.75
74.74
74.72
74.72
74.73
74.73
74.73
74.74
74.74
74.74
74.74
74.74
74.74
74.75
74.75
74.75
74.75
74.77
74.78
74.77
74.78
74.77
74.76
74.76
74.77
74.76
74.76
74.75
74.76
74.78
74.78
74.77
74.80
74.82
74.81
74.80
74.79
74.78
74.76
74.77
74.76
74.75
74.75
74.75
74.76
74.77
74.77
74.75
74.77
74.76
74.78
74.78
74.79
74.79
74.80
74.81
74.80
74.78
74.78
74.76
74.78
74.78
74.79
74.80
74.81
74.79
74.78
74.78
74.80
74.82
74.80
74.81
74.82
74.82
74.82
74.82
74.82
74.82
74.80
74.79
74.79
74.80
74.80
74.79
74.81
74.82
74.83
74.82
74.81
74.82
74.82
74.83
74.83
74.84
74.84
74.84
74.85
74.84
74.83
74.82
74.82
74.83
74.83
74.83
74.83
74.82
74.84
74.82
74.81
74.82
74.83
74.83
74.81
74.81
74.82
74.84
74.85
74.85
74.85
74.85
74.86
74.85
74.86
74.86
74.87
74.86
74.85
74.87
74.87
74.87
74.86
74.86
74.88
74.88
74.88
74.87
74.87
74.88
74.88
74.88
74.87
74.86
74.84
74.84
74.84
74.83
74.83
74.83
74.83
74.84
74.84
74.84
74.84
74.83
74.83
74.82
74.81
74.81
74.82
74.81
74.81
74.81
74.81
74.81
74.81
74.81
74.83
74.82
74.83
74.84
74.85
74.86
74.87
74.87
74.87
74.86
74.88
74.87
74.88
74.87
74.87
74.87
74.86
74.87
74.87
74.88
74.87
74.87
74.87
74.87
74.86
74.86
74.85
74.87
74.86
74.87
74.86
74.85
74.85
74.83
74.83
74.83
74.80
74.80
74.79
74.78
74.78
74.77
74.78
74.78
74.79
74.78
74.79
74.79
74.79
74.78
74.78
74.79
74.78
74.78
74.78
74.78
74.78
74.77
74.77
74.78
74.79
74.78
74.78
74.79
74.79
74.79
74.79
74.79
74.79
74.80
74.80
74.80
74.81
74.80
74.80
74.80
74.80
74.81
74.79
74.79
74.79
74.79
74.80
74.81
74.80
74.81
74.81
74.81
74.81
74.81
74.79
74.80
74.80
74.79
74.78
74.79
74.80
74.79
74.80
74.81
74.82
74.83
74.83
74.84
74.84
74.84
74.85
74.84
74.85
74.85
74.85
74.84
74.84
74.84
74.84
74.84
74.84
74.86
74.85
74.85
74.85
74.78
