67.19
74.22
75.00
74.22
74.69
74.48
73.44
75.00
75.69
76.25
76.28
76.04
75.72
75.56
75.94
76.07
75.64
75.87
75.90
75.23
75.30
75.07
75.07
75.00
74.88
74.46
74.42
74.33
74.14
74.27
74.24
74.27
74.48
74.72
75.00
75.17
75.30
75.41
75.40
75.62
75.65
75.60
75.65
75.75
75.73
75.44
75.37
75.42
75.48
75.41
75.37
75.51
75.35
75.41
75.48
75.28
75.38
75.27
75.29
75.42
75.61
75.55
75.47
75.61
75.75
75.73
75.82
75.76
75.84
75.85
75.84
75.72
75.54
75.42
75.27
75.39
75.51
75.38
75.36
75.39
75.44
75.51
75.40
75.43
75.44
75.47
75.56
75.57
75.65
75.68
75.76
75.75
75.81
75.86
75.92
75.91
75.84
75.88
75.95
75.98
75.99
76.03
76.03
75.98
76.07
76.06
76.11
76.07
76.05
75.89
75.90
75.88
75.87
75.97
76.02
76.09
76.12
76.10
76.05
76.09
76.11
76.13
76.17
76.21
76.24
76.29
76.29
76.20
76.22
76.24
76.22
76.21
76.16
76.19
76.23
76.24
76.20
76.19
76.11
76.08
76.16
76.16
76.11
76.13
76.10
76.11
76.12
76.11
76.13
76.14
76.15
76.16
76.19
76.17
76.19
76.19
76.21
76.22
76.28
76.29
76.31
76.34
76.33
76.31
76.34
76.33
76.33
76.34
76.34
76.36
76.36
76.36
76.34
76.32
76.31
76.28
76.28
76.23
76.29
76.30
76.29
76.29
76.32
76.28
76.28
76.32
76.29
76.27
76.28
76.29
76.28
76.29
76.29
76.26
76.22
76.20
76.19
76.17
76.22
76.23
76.18
76.14
76.16
76.16
76.19
76.18
76.10
76.10
76.13
76.10
76.08
76.06
76.06
76.10
76.16
76.09
76.09
76.05
76.10
76.03
76.05
76.03
76.00
76.03
76.01
76.00
75.99
76.01
76.04
76.03
75.99
76.05
76.06
76.04
76.02
76.03
76.03
76.04
76.06
76.04
75.97
75.96
75.96
75.97
75.98
75.95
75.96
75.93
75.93
75.94
75.96
75.98
75.95
75.95
75.96
75.96
75.96
75.98
75.95
75.96
75.99
76.01
76.00
76.01
75.96
75.95
75.96
75.96
75.97
75.98
75.98
75.99
76.01
76.02
76.02
76.01
76.02
76.01
76.01
75.98
75.98
75.99
75.98
76.01
76.03
76.02
76.02
76.03
75.99
75.98
75.96
75.97
75.98
75.97
75.98
75.97
75.95
75.97
75.98
75.99
76.00
76.00
76.01
76.03
76.02
76.04
76.03
76.03
76.04
76.06
76.08
76.10
76.09
76.06
76.04
76.04
76.05
76.05
76.04
76.06
76.09
76.09
76.09
76.08
76.12
76.10
76.10
76.08
76.06
76.09
76.09
76.08
76.07
76.06
76.04
76.02
76.02
76.02
76.03
76.03
76.04
76.06
76.08
76.09
76.04
76.04
76.04
76.05
76.04
76.05
76.08
76.05
76.04
76.04
76.04
76.07
76.07
76.04
76.02
76.03
76.05
76.07
76.06
76.06
76.06
76.04
76.05
76.03
76.02
76.01
76.01
76.00
76.00
76.01
76.01
76.02
76.01
76.01
76.02
76.03
76.03
76.02
76.00
75.98
76.01
76.00
76.02
76.04
76.05
76.03
76.02
76.04
76.04
76.04
76.03
76.03
76.03
76.04
76.01
76.00
75.99
76.00
76.00
75.99
76.01
76.03
76.03
76.02
76.05
76.05
76.03
76.04
76.03
76.02
76.03
76.03
76.02
76.02
76.03
76.02
76.02
76.02
76.00
76.02
76.03
76.01
76.02
76.01
76.00
76.01
76.02
76.02
76.01
76.00
75.99
75.99
75.97
75.98
76.00
76.02
76.02
76.01
76.02
76.03
76.04
76.03
76.03
76.02
76.01
76.01
76.01
76.02
76.01
76.00
76.00
76.01
76.00
76.01
76.00
76.00
76.01
76.02
76.04
76.03
76.03
76.02
76.02
76.01
76.02
76.01
76.00
75.99
76.00
75.99
75.98
75.98
75.99
75.99
75.98
75.98
75.98
75.97
75.97
75.97
75.98
75.99
76.01
76.00
76.01
76.01
76.00
76.00
76.02
76.02
76.02
76.02
76.03
76.03
76.03
76.03
76.03
76.03
76.04
76.03
76.02
76.01
76.01
76.02
76.01
76.01
76.02
76.02
76.02
76.04
76.04
76.04
76.03
76.03
76.02
76.03
76.03
76.01
76.00
76.01
76.02
76.02
76.03
76.05
76.07
76.07
76.07
76.07
76.07
76.07
76.05
76.05
76.03
76.03
76.05
76.06
76.07
76.08
76.08
76.07
76.08
76.10
76.10
76.10
76.11
76.09
76.10
76.12
76.12
76.12
76.12
76.14
76.14
76.14
76.14
76.16
76.17
76.16
76.15
76.13
76.14
76.13
76.11
76.10
76.10
76.09
76.08
76.08
76.07
76.08
76.06
76.06
76.06
76.09
76.10
76.11
76.11
76.09
76.09
76.09
76.08
76.09
76.09
76.10
76.09
76.08
76.09
76.09
76.08
76.09
76.09
76.09
76.09
76.08
76.09
76.09
76.09
76.09
76.09
76.09
76.10
76.09
76.10
76.11
76.12
76.11
76.11
76.11
76.11
76.11
76.10
76.10
76.09
76.10
76.10
76.11
76.10
76.11
76.11
76.10
76.10
76.08
76.09
76.09
76.08
76.08
76.09
76.10
76.10
76.11
76.10
76.09
76.11
76.10
76.09
76.09
76.08
76.08
76.08
76.08
76.08
76.10
76.09
76.09
76.09
76.08
76.07
76.05
76.06
76.06
76.06
76.05
76.04
76.06
76.06
76.07
76.07
76.07
76.07
76.07
76.07
76.07
76.08
76.08
76.09
76.08
76.08
76.09
76.09
76.09
76.09
76.06
76.07
76.07
76.07
76.07
76.08
76.09
76.10
76.11
76.10
76.10
76.10
76.10
76.09
76.09
76.10
76.12
76.13
76.13
76.13
76.14
76.13
76.13
76.12
76.13
76.12
76.12
76.13
76.13
76.12
76.13
76.13
76.14
76.14
76.15
76.16
76.15
76.16
76.16
76.15
76.16
76.15
76.14
76.14
76.13
76.13
76.13
76.12
76.12
76.11
76.11
76.11
76.12
76.12
76.11
76.12
76.11
76.10
76.08
76.09
76.10
76.09
76.09
76.10
76.10
76.09
76.08
76.09
76.09
76.08
76.09
76.08
76.09
76.08
76.09
76.09
76.10
76.11
76.11
76.12
76.12
76.11
76.12
76.13
76.14
76.12
76.12
76.11
76.12
76.13
76.13
76.12
76.12
76.13
76.13
76.13
76.13
76.13
76.13
76.13
76.13
76.12
76.12
76.12
76.12
76.13
76.06
