68.75
69.53
71.88
71.88
72.50
72.92
73.44
73.44
73.61
73.75
74.86
74.74
75.00
75.00
75.42
75.10
75.00
75.26
74.92
75.00
74.93
74.86
74.25
74.54
74.31
74.34
73.90
73.77
74.14
74.43
74.34
74.17
74.29
74.22
74.46
74.65
74.54
74.42
74.36
74.38
73.93
74.00
74.06
73.79
73.92
74.05
74.10
73.99
74.08
74.09
74.11
74.31
74.23
74.25
74.26
74.16
74.21
74.35
74.36
74.40
74.33
74.27
74.28
74.32
74.28
74.24
74.25
74.31
74.28
74.33
74.23
74.22
74.21
74.26
74.25
74.24
74.33
74.38
74.25
74.28
74.36
74.33
74.42
74.35
74.21
74.29
74.26
74.25
74.23
74.27
74.19
74.18
74.18
74.10
74.11
74.17
74.19
74.20
74.23
74.19
74.21
74.17
74.09
74.16
74.12
74.13
74.05
73.97
73.94
73.86
73.90
73.93
73.95
73.93
73.87
73.87
73.88
73.86
73.79
73.83
73.86
73.81
73.73
73.77
73.75
73.75
73.73
73.72
73.70
73.70
73.63
73.54
73.53
73.55
73.50
73.49
73.56
73.58
73.62
73.63
73.59
73.50
73.50
73.45
73.44
73.45
73.50
73.55
73.56
73.53
73.51
73.51
73.52
73.48
73.51
73.46
73.52
73.53
73.51
73.54
73.54
73.53
73.57
73.55
73.60
73.54
73.57
73.59
73.59
73.55
73.54
73.56
73.55
73.53
73.54
73.56
73.56
73.54
73.52
73.53
73.58
73.57
73.59
73.58
73.61
73.62
73.60
73.61
73.59
73.55
73.52
73.52
73.53
73.57
73.57
73.57
73.56
73.56
73.55
73.58
73.56
73.59
73.61
73.59
73.57
73.61
73.58
73.53
73.56
73.59
73.56
73.56
73.58
73.56
73.55
73.55
73.52
73.47
73.45
73.47
73.47
73.47
73.42
73.44
73.40
73.39
73.38
73.40
73.40
73.41
73.40
73.41
73.40
73.37
73.32
73.34
73.36
73.37
73.37
73.38
73.40
73.41
73.41
73.45
73.44
73.40
73.41
73.41
73.42
73.42
73.43
73.48
73.51
73.50
73.50
73.52
73.50
73.50
73.49
73.53
73.54
73.57
73.55
73.56
73.53
73.49
73.51
73.51
73.54
73.55
73.58
73.56
73.57
73.57
73.57
73.55
73.52
73.52
73.57
73.59
73.62
73.61
73.59
73.56
73.55
73.60
73.61
73.64
73.64
73.64
73.64
73.62
73.63
73.65
73.67
73.66
73.67
73.66
73.63
73.59
73.61
73.58
73.56
73.57
73.56
73.57
73.56
73.53
73.53
73.51
73.54
73.52
73.56
73.55
73.54
73.54
73.54
73.54
73.56
73.58
73.56
73.55
73.59
73.57
73.57
73.58
73.57
73.56
73.55
73.52
73.52
73.53
73.55
73.56
73.56
73.56
73.58
73.57
73.57
73.58
73.57
73.58
73.58
73.60
73.61
73.60
73.60
73.61
73.60
73.60
73.61
73.61
73.57
73.59
73.58
73.58
73.56
73.56
73.55
73.55
73.55
73.55
73.56
73.55
73.58
73.57
73.59
73.59
73.57
73.57
73.57
73.59
73.61
73.63
73.63
73.63
73.62
73.62
73.61
73.62
73.59
73.60
73.62
73.64
73.60
73.60
73.60
73.60
73.62
73.60
73.58
73.57
73.56
73.59
73.59
73.61
73.59
73.58
73.58
73.59
73.58
73.58
73.58
73.58
73.56
73.55
73.57
73.56
73.56
73.56
73.58
73.61
73.63
73.64
73.64
73.64
73.64
73.65
73.66
73.65
73.66
73.67
73.67
73.70
73.71
73.70
73.69
73.67
73.65
73.64
73.66
73.64
73.62
73.63
73.64
73.62
73.61
73.64
73.64
73.62
73.62
73.61
73.62
73.63
73.64
73.64
73.63
73.64
73.65
73.66
73.67
73.68
73.68
73.69
73.67
73.66
73.63
73.63
73.63
73.64
73.62
73.60
73.61
73.59
73.59
73.58
73.57
73.60
73.60
73.59
73.59
73.58
73.57
73.58
73.58
73.58
73.56
73.55
73.55
73.54
73.54
73.53
73.54
73.54
73.55
73.53
73.55
73.56
73.56
73.57
73.58
73.57
73.58
73.58
73.58
73.58
73.60
73.64
73.63
73.62
73.62
73.61
73.63
73.63
73.64
73.64
73.66
73.65
73.64
73.63
73.63
73.63
73.64
73.65
73.65
73.66
73.65
73.65
73.63
73.64
73.65
73.64
73.65
73.66
73.67
73.68
73.68
73.69
73.67
73.67
73.66
73.66
73.65
73.65
73.65
73.66
73.66
73.65
73.63
73.63
73.64
73.63
73.63
73.64
73.63
73.64
73.63
73.64
73.65
73.67
73.67
73.66
73.68
73.69
73.70
73.70
73.70
73.70
73.71
73.71
73.72
73.71
73.72
73.72
73.72
73.71
73.72
73.69
73.68
73.69
73.70
73.70
73.72
73.72
73.71
73.70
73.70
73.71
73.72
73.72
73.72
73.72
73.72
73.72
73.72
73.72
73.72
73.71
73.70
73.69
73.70
73.69
73.69
73.70
73.69
73.72
73.72
73.72
73.71
73.73
73.73
73.71
73.70
73.69
73.68
73.69
73.68
73.67
73.68
73.68
73.69
73.68
73.67
73.68
73.71
73.72
73.73
73.75
73.76
73.76
73.77
73.77
73.77
73.77
73.75
73.75
73.75
73.74
73.74
73.73
73.73
73.74
73.74
73.75
73.75
73.75
73.75
73.74
73.74
73.73
73.73
73.73
73.73
73.73
73.74
73.74
73.74
73.74
73.74
73.74
73.74
73.74
73.73
73.73
73.74
73.75
73.76
73.76
73.77
73.77
73.76
73.77
73.78
73.78
73.78
73.78
73.78
73.80
73.81
73.80
73.81
73.82
73.84
73.85
73.86
73.85
73.84
73.82
73.82
73.84
73.84
73.83
73.83
73.83
73.82
73.82
73.80
73.81
73.80
73.80
73.80
73.81
73.82
73.82
73.81
73.82
73.82
73.82
73.83
73.83
73.83
73.84
73.84
73.83
73.83
73.83
73.83
73.83
73.81
73.79
73.80
73.81
73.81
73.81
73.81
73.82
73.81
73.80
73.80
73.80
73.81
73.82
73.82
73.84
73.84
73.85
73.85
73.86
73.85
73.86
73.87
73.87
73.87
73.86
73.86
73.86
73.87
73.87
73.87
73.87
73.86
73.86
73.87
73.87
73.87
73.88
73.88
73.88
73.88
73.88
73.87
73.88
73.87
73.88
73.87
73.89
73.88
73.88
73.88
73.88
73.87
73.88
73.87
73.86
73.88
73.88
73.86
73.85
73.86
73.86
73.87
73.87
73.87
73.88
73.88
73.89
73.89
73.89
73.88
73.87
73.88
73.81
