81.25
77.34
79.17
78.12
75.62
75.26
74.78
73.63
73.26
73.28
74.29
74.87
74.76
75.45
75.10
75.59
75.00
75.00
74.84
75.00
74.93
74.93
74.86
74.93
75.06
74.82
74.77
74.72
75.00
74.95
75.00
74.95
74.91
74.91
74.82
74.91
75.13
75.08
75.20
75.23
75.08
75.26
75.33
75.25
75.35
75.27
75.50
75.72
75.70
75.53
75.64
75.63
75.56
75.52
75.28
75.03
75.16
75.19
74.92
75.05
75.00
75.05
74.98
74.85
74.88
74.86
74.88
74.75
74.68
74.62
74.63
74.63
74.76
74.79
74.77
74.75
74.76
74.78
74.80
74.75
74.69
74.66
74.70
74.74
74.67
74.51
74.53
74.47
74.47
74.46
74.52
74.47
74.53
74.55
74.54
74.56
74.50
74.51
74.61
74.62
74.63
74.68
74.61
74.64
74.64
74.62
74.56
74.61
74.56
74.56
74.63
74.65
74.67
74.68
74.67
74.69
74.77
74.75
74.74
74.83
74.85
74.90
74.86
74.81
74.76
74.74
74.75
74.76
74.79
74.78
74.79
74.83
74.80
74.76
74.75
74.72
74.67
74.69
74.67
74.60
74.58
74.55
74.46
74.48
74.47
74.45
74.46
74.48
74.50
74.52
74.52
74.52
74.55
74.55
74.59
74.63
74.65
74.65
74.66
74.69
74.70
74.74
74.77
74.77
74.72
74.76
74.67
74.62
74.57
74.60
74.62
74.64
74.64
74.56
74.57
74.56
74.51
74.49
74.48
74.46
74.45
74.46
74.45
74.40
74.42
74.42
74.42
74.38
74.40
74.44
74.42
74.37
74.40
74.40
74.38
74.39
74.38
74.39
74.36
74.35
74.33
74.30
74.28
74.29
74.33
74.33
74.36
74.35
74.36
74.34
74.30
74.29
74.30
74.28
74.27
74.28
74.27
74.28
74.29
74.23
74.22
74.25
74.29
74.30
74.28
74.28
74.28
74.31
74.30
74.35
74.35
74.34
74.33
74.31
74.31
74.27
74.27
74.26
74.27
74.26
74.25
74.23
74.17
74.14
74.14
74.14
74.13
74.11
74.13
74.13
74.14
74.14
74.15
74.14
74.17
74.16
74.20
74.19
74.20
74.17
74.16
74.18
74.18
74.16
74.15
74.14
74.12
74.10
74.10
74.11
74.10
74.11
74.08
74.08
74.07
74.05
74.03
74.01
73.98
73.98
73.94
73.95
73.96
73.93
73.93
73.95
73.93
73.94
73.95
73.93
73.97
73.96
73.98
73.98
73.96
73.96
73.96
73.94
73.98
74.00
74.02
74.02
73.99
74.02
74.00
73.97
73.99
73.99
73.95
73.94
73.95
73.96
73.97
73.98
73.98
73.98
73.98
73.99
73.98
73.96
73.99
74.01
74.00
74.00
73.97
73.97
73.99
74.02
74.01
74.02
74.02
74.01
74.03
74.02
74.03
74.03
74.04
74.07
74.06
74.06
74.07
74.09
74.09
74.07
74.08
74.09
74.09
74.11
74.14
74.13
74.15
74.13
74.11
74.10
74.10
74.09
74.11
74.11
74.11
74.12
74.14
74.15
74.16
74.18
74.19
74.18
74.17
74.16
74.18
74.18
74.20
74.22
74.24
74.23
74.22
74.24
74.22
74.23
74.25
74.24
74.22
74.21
74.22
74.22
74.20
74.21
74.23
74.22
74.19
74.17
74.18
74.17
74.17
74.18
74.19
74.21
74.20
74.19
74.19
74.20
74.19
74.18
74.17
74.18
74.20
74.20
74.19
74.19
74.19
74.19
74.20
74.18
74.18
74.19
74.19
74.19
74.20
74.20
74.18
74.17
74.18
74.17
74.16
74.16
74.15
74.13
74.17
74.18
74.18
74.18
74.20
74.21
74.21
74.21
74.18
74.19
74.20
74.22
74.22
74.24
74.24
74.24
74.24
74.24
74.22
74.24
74.23
74.22
74.23
74.22
74.23
74.25
74.24
74.26
74.25
74.28
74.27
74.28
74.27
74.28
74.26
74.26
74.27
74.26
74.26
74.26
74.27
74.26
74.26
74.25
74.26
74.26
74.25
74.26
74.24
74.24
74.24
74.22
74.22
74.23
74.21
74.21
74.24
74.21
74.21
74.21
74.22
74.23
74.24
74.23
74.22
74.21
74.20
74.19
74.19
74.18
74.20
74.20
74.21
74.21
74.20
74.19
74.19
74.18
74.19
74.20
74.20
74.21
74.22
74.24
74.22
74.22
74.21
74.22
74.22
74.23
74.24
74.22
74.22
74.22
74.22
74.23
74.25
74.25
74.24
74.22
74.23
74.24
74.25
74.24
74.24
74.22
74.22
74.21
74.22
74.22
74.22
74.23
74.23
74.24
74.24
74.24
74.23
74.22
74.23
74.25
74.25
74.24
74.24
74.24
74.25
74.27
74.27
74.24
74.24
74.24
74.24
74.24
74.24
74.24
74.25
74.24
74.24
74.24
74.23
74.23
74.24
74.24
74.25
74.25
74.24
74.24
74.24
74.26
74.27
74.28
74.29
74.29
74.30
74.29
74.29
74.29
74.27
74.27
74.26
74.26
74.25
74.25
74.25
74.25
74.24
74.25
74.24
74.25
74.25
74.24
74.25
74.25
74.25
74.24
74.24
74.25
74.25
74.24
74.23
74.21
74.21
74.21
74.21
74.20
74.20
74.19
74.18
74.17
74.15
74.16
74.17
74.17
74.16
74.17
74.16
74.16
74.17
74.18
74.19
74.19
74.19
74.18
74.19
74.18
74.18
74.19
74.18
74.18
74.18
74.19
74.19
74.19
74.19
74.19
74.18
74.17
74.16
74.16
74.15
74.16
74.17
74.17
74.16
74.16
74.17
74.18
74.17
74.17
74.16
74.15
74.15
74.15
74.15
74.15
74.13
74.12
74.14
74.13
74.13
74.13
74.13
74.13
74.14
74.15
74.15
74.16
74.17
74.17
74.17
74.15
74.16
74.15
74.14
74.14
74.14
74.14
74.14
74.15
74.15
74.14
74.15
74.15
74.14
74.13
74.14
74.14
74.14
74.15
74.15
74.16
74.15
74.16
74.15
74.17
74.17
74.16
74.15
74.15
74.16
74.15
74.14
74.16
74.14
74.15
74.15
74.15
74.15
74.16
74.16
74.17
74.17
74.18
74.17
74.15
74.14
74.14
74.14
74.14
74.14
74.15
74.15
74.16
74.16
74.17
74.17
74.18
74.18
74.17
74.16
74.16
74.17
74.17
74.18
74.19
74.19
74.18
74.16
74.16
74.16
74.16
74.15
74.15
74.16
74.16
74.16
74.16
74.15
74.13
74.14
74.14
74.13
74.11
74.11
74.12
74.12
74.11
74.12
74.12
74.12
74.11
74.12
74.12
74.12
74.12
74.11
74.11
74.09
74.10
74.09
74.09
74.09
74.09
74.09
74.09
74.09
74.02
