73.44
75.78
71.88
74.22
73.44
72.66
73.88
74.02
74.48
75.00
75.43
75.52
76.08
75.56
75.62
75.49
75.46
75.61
75.82
76.17
76.64
76.63
76.70
76.69
76.19
76.14
75.93
76.12
76.08
76.30
76.06
75.93
75.95
76.15
76.16
75.87
75.93
75.70
75.48
75.35
75.34
75.45
75.44
75.21
75.21
75.03
75.00
74.97
75.03
74.97
75.09
75.00
74.88
74.88
74.94
75.06
74.97
75.03
75.13
75.10
75.10
75.05
75.12
75.17
75.29
75.36
75.33
75.44
75.50
75.49
75.46
75.41
75.45
75.46
75.56
75.66
75.75
75.86
75.81
75.76
75.79
75.69
75.73
75.71
75.66
75.71
75.72
75.69
75.60
75.52
75.50
75.59
75.62
75.53
75.58
75.63
75.63
75.64
75.57
75.62
75.60
75.54
75.58
75.56
75.52
75.53
75.55
75.49
75.43
75.38
75.31
75.33
75.32
75.38
75.41
75.42
75.40
75.45
75.41
75.40
75.39
75.37
75.44
75.49
75.46
75.46
75.39
75.37
75.45
75.44
75.38
75.44
75.45
75.45
75.47
75.49
75.49
75.49
75.52
75.52
75.51
75.52
75.46
75.48
75.51
75.46
75.48
75.43
75.46
75.48
75.47
75.43
75.42
75.40
75.37
75.36
75.38
75.36
75.36
75.36
75.44
75.43
75.45
75.47
75.46
75.48
75.48
75.51
75.51
75.55
75.51
75.55
75.55
75.50
75.50
75.50
75.49
75.44
75.44
75.46
75.46
75.44
75.43
75.46
75.45
75.43
75.41
75.42
75.36
75.31
75.32
75.32
75.36
75.34
75.38
75.36
75.36
75.36
75.38
75.33
75.37
75.42
75.42
75.47
75.48
75.45
75.51
75.54
75.58
75.60
75.60
75.62
75.64
75.66
75.69
75.72
75.68
75.65
75.68
75.66
75.66
75.69
75.63
75.70
75.67
75.63
75.65
75.64
75.67
75.67
75.66
75.64
75.66
75.67
75.68
75.70
75.71
75.72
75.75
75.74
75.75
75.75
75.78
75.73
75.75
75.72
75.73
75.72
75.70
75.68
75.69
75.69
75.72
75.71
75.70
75.68
75.71
75.68
75.69
75.72
75.72
75.72
75.74
75.72
75.75
75.73
75.74
75.69
75.68
75.67
75.66
75.65
75.64
75.64
75.64
75.63
75.63
75.65
75.67
75.65
75.63
75.64
75.62
75.60
75.65
75.65
75.62
75.62
75.58
75.58
75.55
75.52
75.52
75.50
75.52
75.50
75.47
75.48
75.48
75.50
75.51
75.53
75.52
75.52
75.53
75.54
75.52
75.54
75.55
75.57
75.57
75.55
75.57
75.57
75.58
75.56
75.57
75.56
75.56
75.57
75.55
75.57
75.59
75.60
75.61
75.62
75.61
75.62
75.64
75.61
75.59
75.61
75.62
75.61
75.64
75.65
75.66
75.65
75.65
75.65
75.66
75.65
75.64
75.66
75.64
75.65
75.63
75.62
75.62
75.61
75.60
75.59
75.58
75.56
75.58
75.58
75.61
75.60
75.62
75.62
75.61
75.63
75.64
75.64
75.65
75.65
75.66
75.64
75.65
75.65
75.65
75.66
75.65
75.65
75.67
75.66
75.68
75.67
75.67
75.68
75.67
75.67
75.69
75.70
75.72
75.70
75.71
75.70
75.69
75.68
75.69
75.72
75.71
75.70
75.71
75.70
75.70
75.71
75.71
75.72
75.74
75.75
75.76
75.73
75.74
75.74
75.73
75.73
75.74
75.75
75.77
75.78
75.79
75.77
75.80
75.80
75.80
75.78
75.78
75.81
75.79
75.81
75.79
75.80
75.78
75.78
75.77
75.79
75.80
75.81
75.80
75.77
75.78
75.77
75.78
75.77
75.78
75.76
75.75
75.76
75.78
75.79
75.80
75.80
75.81
75.78
75.79
75.80
75.81
75.80
75.80
75.79
75.77
75.76
75.76
75.75
75.76
75.76
75.75
75.74
75.75
75.78
75.76
75.78
75.78
75.78
75.78
75.79
75.79
75.78
75.79
75.80
75.81
75.80
75.79
75.80
75.80
75.80
75.81
75.81
75.81
75.82
75.84
75.85
75.84
75.84
75.84
75.84
75.85
75.85
75.86
75.86
75.86
75.86
75.86
75.87
75.88
75.86
75.85
75.85
75.86
75.86
75.87
75.89
75.89
75.90
75.90
75.90
75.90
75.89
75.91
75.92
75.91
75.92
75.93
75.90
75.91
75.89
75.89
75.88
75.87
75.87
75.87
75.87
75.87
75.86
75.85
75.84
75.84
75.83
75.80
75.78
75.78
75.78
75.79
75.79
75.79
75.80
75.83
75.81
75.81
75.82
75.83
75.83
75.84
75.84
75.82
75.82
75.83
75.84
75.84
75.84
75.83
75.82
75.82
75.80
75.80
75.80
75.81
75.81
75.81
75.80
75.79
75.79
75.79
75.76
75.76
75.76
75.77
75.78
75.78
75.79
75.79
75.79
75.79
75.79
75.80
75.80
75.80
75.79
75.80
75.79
75.77
75.79
75.79
75.82
75.82
75.82
75.81
75.80
75.81
75.80
75.80
75.80
75.80
75.80
75.81
75.80
75.79
75.78
75.78
75.78
75.76
75.77
75.77
75.76
75.78
75.77
75.76
75.77
75.76
75.75
75.74
75.73
75.72
75.72
75.73
75.73
75.72
75.71
75.72
75.71
75.71
75.72
75.72
75.71
75.72
75.72
75.71
75.72
75.72
75.71
75.70
75.71
75.72
75.72
75.72
75.72
75.71
75.73
75.73
75.74
75.75
75.76
75.75
75.75
75.75
75.75
75.74
75.74
75.74
75.73
75.73
75.73
75.75
75.74
75.73
75.73
75.73
75.72
75.71
75.72
75.72
75.73
75.74
75.73
75.73
75.73
75.74
75.75
75.76
75.76
75.75
75.76
75.76
75.76
75.75
75.75
75.74
75.75
75.76
75.75
75.76
75.77
75.78
75.76
75.77
75.77
75.77
75.77
75.76
75.76
75.77
75.76
75.76
75.78
75.77
75.77
75.79
75.79
75.79
75.79
75.78
75.77
75.77
75.75
75.75
75.76
75.77
75.76
75.74
75.74
75.74
75.74
75.74
75.74
75.73
75.73
75.73
75.73
75.73
75.71
75.71
75.72
75.73
75.74
75.74
75.73
75.73
75.73
75.73
75.73
75.72
75.73
75.74
75.75
75.75
75.74
75.74
75.73
75.72
75.73
75.72
75.72
75.72
75.72
75.72
75.72
75.72
75.72
75.72
75.71
75.70
75.70
75.71
75.72
75.71
75.71
75.71
75.71
75.71
75.71
75.71
75.71
75.71
75.70
75.69
75.69
75.69
75.68
75.68
75.69
75.68
75.68
75.69
75.68
75.69
75.70
75.70
75.69
75.69
75.62
