78.12
75.78
76.04
78.91
79.06
79.95
78.35
77.73
77.78
77.34
76.85
76.43
75.72
75.22
75.00
74.80
75.18
75.61
75.25
75.78
76.04
75.78
75.54
75.52
75.62
75.54
75.75
75.73
75.92
75.89
76.06
75.98
75.99
76.10
76.03
76.26
76.14
76.19
76.08
76.13
76.18
76.26
76.38
76.38
76.46
76.32
76.23
76.27
76.24
76.19
76.26
76.14
76.18
76.07
76.16
76.09
76.12
76.32
76.24
76.09
76.08
76.01
76.02
76.03
75.91
75.95
75.89
75.74
75.70
75.69
75.66
75.72
75.68
75.61
75.62
75.70
75.79
75.76
75.67
75.61
75.60
75.55
75.51
75.52
75.50
75.53
75.47
75.39
75.46
75.57
75.52
75.49
75.54
75.45
75.43
75.41
75.47
75.54
75.62
75.67
75.71
75.67
75.67
75.62
75.62
75.55
75.51
75.52
75.47
75.45
75.45
75.45
75.41
75.40
75.49
75.42
75.40
75.42
75.42
75.42
75.46
75.38
75.38
75.37
75.39
75.38
75.30
75.38
75.38
75.37
75.41
75.41
75.40
75.47
75.46
75.48
75.47
75.49
75.54
75.61
75.68
75.70
75.63
75.64
75.64
75.71
75.69
75.70
75.69
75.78
75.77
75.75
75.76
75.79
75.80
75.84
75.86
75.86
75.84
75.85
75.89
75.87
75.91
75.92
75.91
75.93
75.94
75.89
75.93
75.96
75.94
75.98
75.99
76.03
76.03
76.01
76.03
75.92
75.94
75.94
75.89
75.90
75.95
75.95
75.93
75.84
75.82
75.82
75.82
75.78
75.81
75.75
75.71
75.72
75.75
75.77
75.75
75.76
75.76
75.78
75.78
75.75
75.75
75.77
75.73
75.77
75.80
75.79
75.78
75.74
75.75
75.77
75.76
75.72
75.73
75.75
75.75
75.72
75.71
75.69
75.69
75.73
75.74
75.75
75.74
75.75
75.75
75.75
75.71
75.71
75.73
75.73
75.70
75.67
75.66
75.68
75.72
75.72
75.68
75.66
75.65
75.68
75.67
75.69
75.67
75.62
75.59
75.61
75.65
75.67
75.64
75.66
75.67
75.68
75.68
75.67
75.68
75.71
75.72
75.73
75.69
75.70
75.71
75.73
75.72
75.70
75.71
75.69
75.66
75.68
75.70
75.69
75.68
75.68
75.65
75.62
75.63
75.65
75.66
75.65
75.63
75.63
75.63
75.61
75.62
75.64
75.66
75.65
75.67
75.73
75.76
75.77
75.76
75.76
75.79
75.80
75.82
75.81
75.79
75.79
75.76
75.76
75.74
75.71
75.71
75.71
75.69
75.70
75.69
75.71
75.74
75.74
75.75
75.77
75.77
75.80
75.82
75.84
75.82
75.81
75.81
75.82
75.83
75.83
75.85
75.83
75.83
75.80
75.82
75.81
75.80
75.79
75.79
75.79
75.79
75.78
75.75
75.77
75.77
75.80
75.78
75.77
75.78
75.77
75.72
75.71
75.72
75.71
75.73
75.73
75.73
75.77
75.77
75.79
75.78
75.80
75.77
75.77
75.75
75.74
75.71
75.71
75.72
75.71
75.69
75.67
75.70
75.72
75.74
75.74
75.75
75.74
75.73
75.69
75.72
75.71
75.73
75.73
75.71
75.73
75.73
75.74
75.73
75.74
75.75
75.78
75.76
75.77
75.78
75.82
75.80
75.79
75.81
75.81
75.78
75.78
75.78
75.82
75.82
75.83
75.81
75.82
75.81
75.81
75.79
75.79
75.78
75.80
75.80
75.82
75.84
75.85
75.84
75.84
75.87
75.85
75.87
75.87
75.87
75.88
75.89
75.89
75.87
75.87
75.87
75.88
75.88
75.89
75.90
75.88
75.90
75.89
75.89
75.89
75.88
75.89
75.88
75.89
75.90
75.92
75.93
75.94
75.95
75.94
75.96
75.96
75.95
75.94
75.96
75.97
75.99
75.97
75.98
75.98
75.97
75.97
75.97
75.99
75.99
75.98
75.98
76.00
76.00
76.01
75.98
75.98
75.96
75.95
75.97
75.96
75.96
75.97
75.96
75.97
75.96
75.96
75.95
75.95
75.96
75.97
75.96
75.99
75.97
75.98
75.98
75.98
75.97
75.96
75.96
75.97
75.98
75.97
75.96
75.98
76.00
76.00
75.99
75.99
75.99
76.01
75.98
75.98
76.00
76.01
76.01
76.00
76.02
76.02
76.04
76.04
76.05
76.03
76.03
76.02
76.02
76.02
76.02
76.02
76.02
76.00
76.01
76.01
76.02
76.04
76.05
76.06
76.06
76.05
76.04
76.05
76.04
76.04
76.02
76.02
76.01
76.00
76.00
76.01
76.01
76.00
76.02
76.02
76.02
76.02
76.02
76.02
76.02
76.01
76.01
76.03
76.02
76.02
76.03
76.03
76.03
76.04
76.03
76.04
76.05
76.04
76.04
76.04
76.04
76.04
76.04
76.05
76.06
76.04
76.06
76.06
76.07
76.07
76.07
76.07
76.07
76.08
76.09
76.09
76.08
76.08
76.09
76.08
76.09
76.10
76.10
76.10
76.10
76.12
76.12
76.12
76.13
76.13
76.12
76.14
76.11
76.11
76.11
76.11
76.11
76.10
76.09
76.10
76.11
76.10
76.10
76.10
76.11
76.11
76.11
76.11
76.11
76.12
76.12
76.13
76.12
76.11
76.10
76.09
76.10
76.11
76.10
76.09
76.10
76.09
76.09
76.08
76.07
76.06
76.07
76.07
76.05
76.05
76.06
76.07
76.08
76.08
76.08
76.08
76.08
76.09
76.09
76.09
76.09
76.09
76.09
76.10
76.11
76.10
76.11
76.12
76.14
76.14
76.12
76.13
76.14
76.12
76.13
76.14
76.15
76.15
76.15
76.16
76.16
76.16
76.16
76.16
76.16
76.14
76.14
76.15
76.16
76.16
76.16
76.16
76.17
76.17
76.17
76.16
76.15
76.16
76.16
76.16
76.14
76.15
76.16
76.16
76.16
76.16
76.16
76.16
76.16
76.17
76.18
76.18
76.18
76.18
76.18
76.18
76.18
76.18
76.17
76.19
76.19
76.19
76.19
76.19
76.19
76.18
76.19
76.19
76.18
76.18
76.17
76.18
76.17
76.17
76.18
76.18
76.19
76.20
76.19
76.18
76.18
76.17
76.18
76.18
76.17
76.17
76.16
76.16
76.16
76.15
76.14
76.14
76.15
76.15
76.15
76.14
76.14
76.15
76.14
76.14
76.14
76.14
76.16
76.17
76.16
76.17
76.16
76.14
76.14
76.13
76.14
76.14
76.13
76.15
76.14
76.14
76.15
76.15
76.16
76.15
76.14
76.15
76.14
76.12
76.13
76.14
76.14
76.14
76.14
76.15
76.15
76.15
76.14
76.14
76.12
76.13
76.14
76.14
76.14
76.07
