71.88
74.22
73.96
75.00
74.38
74.74
76.12
76.17
76.22
76.25
75.57
76.17
76.44
76.79
76.98
76.86
76.38
76.65
76.56
76.56
76.26
76.42
76.29
76.43
76.38
76.02
75.98
76.17
76.02
76.04
76.01
76.03
76.04
76.33
76.34
76.17
76.18
76.23
76.40
76.37
76.26
76.04
75.87
75.92
76.11
76.05
76.23
76.30
76.12
76.06
76.19
76.20
76.15
75.98
75.97
75.95
75.82
75.94
76.01
76.02
76.05
75.98
75.92
75.93
75.96
76.07
76.21
76.22
76.18
76.23
76.17
76.06
76.07
76.22
76.17
76.23
76.24
76.30
76.19
76.25
76.16
75.95
76.09
76.13
76.14
76.07
76.06
76.08
76.09
76.11
76.17
76.14
76.11
76.13
76.09
76.04
76.10
76.05
76.07
76.03
76.10
76.18
76.15
76.16
76.16
76.22
76.30
76.35
76.36
76.41
76.38
76.38
76.38
76.40
76.40
76.32
76.28
76.31
76.29
76.21
76.20
76.28
76.31
76.40
76.38
76.43
76.43
76.33
76.38
76.36
76.31
76.30
76.20
76.22
76.23
76.25
76.27
76.23
76.25
76.17
76.16
76.16
76.15
76.20
76.17
76.13
76.17
76.16
76.14
76.09
76.05
76.03
76.05
76.03
76.00
76.03
76.02
76.02
76.01
75.99
75.96
75.95
75.95
75.91
75.94
75.94
75.96
76.01
76.00
76.00
76.03
75.95
76.01
75.99
76.04
76.09
76.09
76.11
76.14
76.10
76.08
76.06
76.06
76.05
76.07
76.04
76.07
76.08
76.09
76.13
76.10
76.06
76.03
76.05
76.00
75.93
75.94
75.94
75.95
75.95
75.96
75.97
75.99
76.04
76.09
76.01
76.01
76.00
76.00
76.03
76.06
76.03
76.03
76.03
76.04
76.05
76.07
76.05
76.04
76.09
76.09
76.10
76.11
76.07
76.12
76.15
76.15
76.14
76.12
76.15
76.15
76.17
76.19
76.20
76.22
76.22
76.25
76.27
76.31
76.32
76.32
76.30
76.25
76.27
76.28
76.29
76.27
76.29
76.28
76.25
76.25
76.25
76.27
76.30
76.35
76.40
76.36
76.37
76.37
76.35
76.34
76.32
76.28
76.24
76.24
76.23
76.22
76.23
76.23
76.26
76.25
76.21
76.20
76.21
76.16
76.18
76.18
76.17
76.18
76.17
76.15
76.16
76.13
76.13
76.12
76.14
76.12
76.12
76.15
76.13
76.14
76.15
76.16
76.17
76.20
76.19
76.19
76.19
76.18
76.20
76.18
76.19
76.18
76.18
76.19
76.22
76.20
76.17
76.17
76.17
76.17
76.15
76.12
76.13
76.12
76.12
76.11
76.09
76.12
76.10
76.13
76.13
76.16
76.14
76.12
76.13
76.11
76.13
76.13
76.15
76.14
76.16
76.15
76.14
76.13
76.15
76.15
76.16
76.15
76.16
76.15
76.17
76.15
76.17
76.17
76.17
76.14
76.16
76.18
76.18
76.18
76.19
76.20
76.17
76.14
76.15
76.15
76.18
76.21
76.23
76.22
76.22
76.26
76.25
76.25
76.24
76.23
76.21
76.18
76.17
76.15
76.13
76.15
76.15
76.17
76.15
76.13
76.14
76.13
76.13
76.13
76.12
76.14
76.15
76.16
76.16
76.15
76.16
76.16
76.17
76.15
76.15
76.15
76.14
76.14
76.11
76.14
76.15
76.15
76.13
76.11
76.10
76.10
76.10
76.10
76.12
76.13
76.16
76.17
76.17
76.17
76.15
76.15
76.14
76.13
76.13
76.13
76.11
76.11
76.10
76.07
76.08
76.09
76.08
76.09
76.12
76.12
76.13
76.12
76.12
76.12
76.14
76.11
76.12
76.14
76.13
76.12
76.14
76.12
76.13
76.16
76.16
76.16
76.17
76.18
76.18
76.17
76.19
76.21
76.22
76.22
76.21
76.20
76.20
76.22
76.22
76.22
76.21
76.22
76.22
76.23
76.26
76.24
76.25
76.23
76.23
76.22
76.23
76.25
76.24
76.23
76.22
76.22
76.22
76.22
76.20
76.21
76.19
76.17
76.18
76.19
76.19
76.19
76.18
76.18
76.19
76.17
76.19
76.20
76.20
76.20
76.20
76.21
76.19
76.19
76.19
76.19
76.17
76.17
76.16
76.14
76.15
76.16
76.15
76.16
76.17
76.16
76.17
76.16
76.17
76.18
76.19
76.18
76.18
76.16
76.17
76.18
76.16
76.16
76.17
76.16
76.16
76.16
76.16
76.17
76.18
76.19
76.18
76.19
76.19
76.18
76.20
76.18
76.19
76.19
76.21
76.20
76.21
76.21
76.21
76.21
76.21
76.20
76.19
76.18
76.17
76.17
76.19
76.18
76.18
76.19
76.18
76.20
76.20
76.21
76.22
76.21
76.22
76.21
76.22
76.21
76.21
76.20
76.21
76.21
76.20
76.20
76.20
76.20
76.22
76.23
76.23
76.22
76.22
76.22
76.23
76.22
76.23
76.23
76.24
76.23
76.24
76.24
76.25
76.24
76.25
76.25
76.24
76.24
76.22
76.24
76.24
76.23
76.23
76.22
76.21
76.20
76.20
76.17
76.17
76.16
76.16
76.17
76.17
76.16
76.16
76.15
76.17
76.16
76.16
76.15
76.16
76.15
76.13
76.13
76.13
76.14
76.14
76.13
76.12
76.12
76.13
76.13
76.13
76.14
76.14
76.14
76.12
76.13
76.13
76.13
76.14
76.13
76.13
76.14
76.16
76.16
76.15
76.16
76.14
76.15
76.15
76.16
76.16
76.17
76.19
76.19
76.20
76.20
76.20
76.20
76.20
76.20
76.20
76.21
76.21
76.23
76.22
76.21
76.22
76.21
76.19
76.19
76.18
76.18
76.18
76.18
76.18
76.17
76.18
76.19
76.20
76.20
76.21
76.21
76.20
76.19
76.18
76.17
76.17
76.17
76.19
76.18
76.19
76.18
76.19
76.19
76.17
76.18
76.18
76.18
76.17
76.18
76.18
76.16
76.18
76.16
76.16
76.16
76.16
76.16
76.16
76.15
76.13
76.12
76.12
76.13
76.13
76.14
76.15
76.16
76.15
76.15
76.17
76.17
76.16
76.15
76.14
76.13
76.13
76.14
76.15
76.15
76.13
76.13
76.13
76.12
76.12
76.12
76.13
76.12
76.13
76.13
76.12
76.11
76.10
76.10
76.12
76.13
76.13
76.13
76.13
76.14
76.12
76.11
76.11
76.11
76.12
76.12
76.12
76.11
76.11
76.12
76.13
76.12
76.12
76.11
76.11
76.12
76.10
76.10
76.09
76.11
76.11
76.12
76.12
76.12
76.12
76.13
76.12
76.13
76.13
76.14
76.13
76.12
76.13
76.13
76.13
76.12
76.13
76.13
76.05
