81.25
77.34
77.08
79.30
80.00
79.43
78.57
78.12
78.30
77.50
77.41
76.82
77.52
76.34
75.31
75.98
75.83
75.87
75.41
75.08
74.70
74.86
75.14
75.00
74.88
74.82
74.71
74.89
74.84
74.79
74.55
75.00
74.81
74.82
75.04
75.22
75.30
75.49
75.56
75.62
75.65
75.78
75.76
75.82
75.97
76.05
76.03
76.04
76.08
75.78
75.86
75.81
75.88
76.04
76.11
76.17
76.23
76.16
76.17
76.22
76.23
76.13
76.36
76.29
76.32
76.35
76.24
76.29
76.27
76.32
76.32
76.26
76.31
76.48
76.46
76.52
76.58
76.54
76.56
76.56
76.54
76.56
76.49
76.47
76.43
76.44
76.38
76.40
76.49
76.60
76.58
76.66
76.70
76.70
76.71
76.77
76.66
76.66
76.72
76.64
76.56
76.59
76.55
76.52
76.46
76.44
76.47
76.53
76.48
76.49
76.46
76.48
76.49
76.44
76.49
76.37
76.42
76.43
76.44
76.43
76.45
76.45
76.42
76.40
76.45
76.51
76.56
76.60
76.64
76.53
76.59
76.61
76.61
76.60
76.57
76.57
76.54
76.56
76.56
76.55
76.55
76.53
76.55
76.60
76.59
76.61
76.61
76.58
76.54
76.56
76.58
76.57
76.52
76.58
76.60
76.66
76.67
76.65
76.63
76.60
76.63
76.65
76.65
76.68
76.64
76.57
76.62
76.63
76.68
76.70
76.73
76.73
76.73
76.72
76.68
76.70
76.75
76.75
76.71
76.74
76.74
76.73
76.71
76.67
76.71
76.68
76.70
76.67
76.65
76.61
76.58
76.61
76.62
76.59
76.57
76.55
76.51
76.48
76.51
76.50
76.48
76.47
76.50
76.49
76.49
76.51
76.50
76.49
76.52
76.53
76.53
76.56
76.53
76.50
76.51
76.51
76.53
76.46
76.48
76.48
76.44
76.44
76.45
76.44
76.44
76.43
76.43
76.41
76.38
76.34
76.34
76.34
76.33
76.32
76.29
76.28
76.27
76.25
76.27
76.29
76.28
76.24
76.23
76.20
76.21
76.18
76.18
76.18
76.23
76.22
76.19
76.18
76.20
76.20
76.15
76.17
76.16
76.16
76.13
76.09
76.08
76.09
76.07
76.07
76.03
75.99
75.99
75.96
75.98
75.98
76.02
76.02
76.00
76.00
76.01
76.00
76.02
76.02
76.00
76.01
76.01
76.00
75.99
75.96
75.95
75.98
75.93
75.94
75.95
75.96
75.98
76.00
75.95
75.96
75.96
75.96
75.97
75.99
75.97
75.97
75.98
75.99
75.97
75.96
75.97
75.96
75.98
75.96
75.94
75.94
75.93
75.95
75.98
75.96
75.97
75.98
75.98
76.00
75.98
75.99
75.99
76.01
76.01
76.03
76.02
76.02
76.04
76.04
76.06
76.04
76.02
75.98
75.99
76.00
76.00
76.03
76.04
76.04
76.06
76.05
76.05
76.06
76.08
76.06
76.03
76.04
76.05
76.03
76.03
76.02
76.02
76.01
76.04
76.05
76.07
76.06
76.07
76.07
76.05
76.05
76.06
76.06
76.07
76.08
76.08
76.08
76.08
76.06
76.05
76.03
76.06
76.07
76.07
76.07
76.08
76.08
76.09
76.11
76.10
76.09
76.07
76.07
76.07
76.06
76.05
76.05
76.03
76.02
76.02
76.03
76.01
76.02
76.02
76.02
76.01
76.01
76.00
75.99
75.97
75.98
75.98
75.96
75.97
75.97
75.97
75.97
75.96
75.96
75.96
75.95
75.96
75.95
75.95
75.94
75.95
75.95
75.94
75.93
75.92
75.92
75.92
75.92
75.90
75.92
75.90
75.92
75.91
75.91
75.92
75.94
75.93
75.94
75.95
75.93
75.94
75.95
75.96
75.95
75.96
75.95
75.94
75.93
75.93
75.94
75.94
75.95
75.94
75.92
75.93
75.92
75.93
75.90
75.90
75.90
75.89
75.88
75.87
75.88
75.89
75.88
75.88
75.87
75.86
75.85
75.86
75.88
75.87
75.89
75.89
75.88
75.87
75.87
75.86
75.85
75.86
75.87
75.86
75.87
75.87
75.84
75.85
75.83
75.81
75.81
75.82
75.82
75.80
75.80
75.80
75.81
75.81
75.83
75.84
75.84
75.83
75.84
75.85
75.85
75.85
75.85
75.85
75.85
75.86
75.85
75.87
75.86
75.87
75.86
75.85
75.84
75.84
75.83
75.82
75.82
75.83
75.83
75.85
75.84
75.85
75.84
75.85
75.85
75.84
75.84
75.85
75.85
75.85
75.84
75.84
75.85
75.86
75.85
75.86
75.85
75.86
75.84
75.84
75.82
75.82
75.82
75.82
75.83
75.83
75.84
75.83
75.83
75.83
75.80
75.80
75.80
75.81
75.80
75.81
75.81
75.80
75.80
75.79
75.78
75.77
75.75
75.76
75.75
75.75
75.74
75.74
75.73
75.73
75.73
75.72
75.70
75.69
75.70
75.70
75.70
75.70
75.71
75.71
75.71
75.72
75.73
75.72
75.72
75.73
75.72
75.72
75.71
75.70
75.70
75.70
75.70
75.71
75.72
75.72
75.71
75.70
75.71
75.72
75.73
75.73
75.72
75.74
75.73
75.72
75.73
75.73
75.73
75.71
75.72
75.71
75.69
75.69
75.69
75.69
75.69
75.69
75.68
75.68
75.69
75.69
75.69
75.69
75.70
75.69
75.71
75.70
75.70
75.72
75.73
75.72
75.71
75.71
75.70
75.70
75.70
75.71
75.71
75.72
75.72
75.72
75.73
75.72
75.72
75.72
75.72
75.72
75.73
75.73
75.72
75.71
75.70
75.70
75.70
75.69
75.70
75.70
75.70
75.69
75.69
75.70
75.69
75.70
75.70
75.71
75.72
75.71
75.72
75.72
75.71
75.72
75.72
75.72
75.73
75.74
75.74
75.72
75.73
75.73
75.74
75.73
75.73
75.74
75.74
75.73
75.71
75.71
75.72
75.73
75.72
75.71
75.71
75.71
75.72
75.73
75.73
75.73
75.74
75.74
75.75
75.75
75.75
75.74
75.76
75.77
75.75
75.76
75.75
75.75
75.75
75.74
75.75
75.77
75.76
75.76
75.77
75.77
75.77
75.78
75.78
75.78
75.80
75.80
75.80
75.80
75.80
75.79
75.80
75.80
75.80
75.80
75.81
75.81
75.82
75.82
75.82
75.82
75.82
75.84
75.83
75.84
75.84
75.84
75.85
75.85
75.85
75.86
75.85
75.85
75.85
75.86
75.86
75.85
75.84
75.85
75.84
75.84
75.85
75.85
75.84
75.84
75.84
75.84
75.83
75.82
75.82
75.82
75.83
75.84
75.83
75.84
75.84
75.84
75.84
75.84
75.83
75.82
75.83
75.83
75.82
75.83
75.83
75.83
75.76
