76.56
75.00
75.00
74.61
71.88
72.40
72.32
73.24
73.44
74.06
74.01
73.96
72.60
72.54
72.92
73.93
74.08
73.96
74.26
74.84
74.93
74.86
74.46
74.67
74.44
74.58
74.77
75.00
74.62
74.64
74.75
74.95
75.05
75.05
75.22
75.09
75.00
75.29
75.40
75.47
75.57
75.52
75.40
75.57
75.49
75.54
75.47
75.42
75.45
75.50
75.55
75.66
75.65
75.75
75.74
75.78
75.60
75.65
75.66
75.65
75.56
75.45
75.50
75.54
75.43
75.40
75.47
75.46
75.57
75.47
75.40
75.48
75.41
75.49
75.44
75.47
75.45
75.34
75.38
75.31
75.31
75.40
75.45
75.37
75.42
75.42
75.48
75.53
75.47
75.47
75.46
75.51
75.54
75.58
75.62
75.62
75.58
75.69
75.74
75.70
75.71
75.74
75.77
75.71
75.71
75.72
75.66
75.72
75.67
75.74
75.73
75.77
75.82
75.74
75.80
75.82
75.83
75.75
75.74
75.64
75.61
75.60
75.55
75.43
75.47
75.55
75.58
75.57
75.64
75.60
75.57
75.57
75.59
75.58
75.57
75.56
75.59
75.60
75.63
75.64
75.63
75.68
75.68
75.65
75.70
75.67
75.69
75.63
75.65
75.64
75.67
75.68
75.70
75.69
75.72
75.73
75.69
75.69
75.72
75.70
75.72
75.74
75.74
75.71
75.63
75.66
75.70
75.74
75.75
75.74
75.71
75.73
75.77
75.79
75.81
75.80
75.81
75.79
75.79
75.77
75.80
75.81
75.75
75.75
75.78
75.76
75.79
75.76
75.79
75.80
75.79
75.81
75.85
75.77
75.75
75.76
75.74
75.75
75.73
75.72
75.73
75.76
75.79
75.78
75.78
75.80
75.78
75.81
75.83
75.85
75.83
75.88
75.87
75.85
75.88
75.88
75.84
75.83
75.82
75.84
75.81
75.81
75.87
75.85
75.81
75.77
75.75
75.79
75.82
75.82
75.80
75.77
75.77
75.76
75.73
75.70
75.71
75.70
75.69
75.70
75.69
75.71
75.71
75.76
75.78
75.79
75.81
75.81
75.82
75.82
75.83
75.85
75.85
75.86
75.89
75.92
75.93
75.93
75.93
75.91
75.93
75.94
75.94
75.94
75.94
75.92
75.94
75.94
75.96
75.95
75.96
75.95
75.99
75.98
75.94
75.95
75.94
75.92
75.88
75.90
75.91
75.90
75.86
75.86
75.87
75.87
75.89
75.91
75.90
75.91
75.92
75.91
75.90
75.89
75.89
75.89
75.90
75.86
75.88
75.86
75.86
75.87
75.86
75.87
75.89
75.87
75.87
75.83
75.79
75.78
75.80
75.78
75.79
75.78
75.79
75.83
75.82
75.77
75.74
75.73
75.71
75.72
75.68
75.69
75.67
75.70
75.67
75.68
75.67
75.67
75.67
75.67
75.69
75.69
75.72
75.71
75.74
75.72
75.74
75.73
75.72
75.71
75.72
75.72
75.71
75.70
75.68
75.68
75.68
75.65
75.63
75.64
75.64
75.64
75.63
75.64
75.65
75.68
75.67
75.69
75.71
75.71
75.72
75.73
75.73
75.75
75.75
75.75
75.75
75.76
75.74
75.76
75.73
75.71
75.68
75.69
75.68
75.71
75.72
75.72
75.71
75.70
75.69
75.68
75.70
75.69
75.69
75.70
75.70
75.71
75.72
75.73
75.74
75.76
75.76
75.74
75.74
75.75
75.78
75.76
75.76
75.73
75.73
75.72
75.73
75.74
75.77
75.78
75.78
75.78
75.77
75.77
75.78
75.80
75.79
75.79
75.79
75.79
75.81
75.80
75.79
75.80
75.79
75.81
75.81
75.81
75.81
75.82
75.83
75.81
75.81
75.81
75.80
75.78
75.78
75.78
75.78
75.75
75.75
75.74
75.74
75.74
75.75
75.76
75.77
75.76
75.76
75.75
75.74
75.73
75.74
75.72
75.75
75.75
75.75
75.74
75.75
75.76
75.76
75.77
75.77
75.77
75.77
75.75
75.76
75.75
75.75
75.75
75.78
75.79
75.80
75.79
75.80
75.80
75.80
75.80
75.81
75.82
75.81
75.82
75.82
75.81
75.81
75.82
75.84
75.84
75.83
75.80
75.82
75.82
75.81
75.81
75.81
75.81
75.82
75.83
75.82
75.83
75.84
75.84
75.83
75.82
75.81
75.80
75.83
75.82
75.82
75.82
75.82
75.83
75.82
75.83
75.82
75.83
75.84
75.84
75.86
75.87
75.85
75.85
75.85
75.84
75.83
75.85
75.85
75.86
75.86
75.86
75.87
75.87
75.85
75.87
75.88
75.88
75.88
75.87
75.85
75.85
75.84
75.83
75.84
75.84
75.84
75.83
75.83
75.84
75.85
75.84
75.85
75.84
75.83
75.83
75.83
75.82
75.82
75.80
75.80
75.79
75.80
75.79
75.79
75.78
75.77
75.78
75.78
75.78
75.78
75.77
75.76
75.75
75.76
75.76
75.76
75.77
75.74
75.75
75.76
75.75
75.76
75.75
75.74
75.74
75.72
75.73
75.72
75.74
75.74
75.74
75.74
75.74
75.74
75.75
75.75
75.75
75.75
75.73
75.73
75.73
75.74
75.73
75.73
75.73
75.72
75.69
75.68
75.68
75.69
75.69
75.70
75.69
75.70
75.71
75.71
75.70
75.71
75.72
75.72
75.72
75.73
75.72
75.73
75.73
75.73
75.73
75.74
75.74
75.75
75.75
75.76
75.76
75.75
75.75
75.76
75.76
75.75
75.75
75.75
75.74
75.74
75.74
75.76
75.76
75.77
75.76
75.76
75.77
75.76
75.77
75.77
75.75
75.75
75.76
75.75
75.75
75.76
75.76
75.76
75.76
75.76
75.76
75.76
75.77
75.77
75.77
75.78
75.76
75.76
75.75
75.76
75.75
75.75
75.75
75.76
75.76
75.76
75.76
75.75
75.73
75.74
75.75
75.75
75.75
75.74
75.74
75.74
75.75
75.75
75.74
75.74
75.75
75.75
75.73
75.74
75.74
75.72
75.72
75.72
75.74
75.74
75.75
75.76
75.76
75.75
75.76
75.76
75.76
75.76
75.76
75.75
75.75
75.75
75.74
75.75
75.76
75.77
75.77
75.76
75.76
75.76
75.77
75.77
75.76
75.75
75.75
75.74
75.73
75.72
75.72
75.71
75.71
75.71
75.72
75.73
75.74
75.73
75.73
75.73
75.72
75.72
75.71
75.71
75.71
75.71
75.71
75.70
75.70
75.69
75.69
75.69
75.68
75.69
75.69
75.69
75.69
75.70
75.71
75.70
75.71
75.70
75.71
75.70
75.69
75.69
75.69
75.70
75.71
75.70
75.71
75.71
75.72
75.71
75.71
75.70
75.70
75.70
75.70
75.70
75.69
75.70
75.70
75.70
75.63
