78.12
78.91
77.60
78.91
79.06
78.91
78.79
79.30
79.34
79.38
79.97
79.30
79.45
79.35
78.65
78.81
77.85
77.78
77.38
77.34
77.38
77.49
77.51
77.08
77.19
77.28
76.91
76.79
76.83
76.25
76.46
76.56
76.37
76.29
76.16
76.30
76.39
76.19
76.12
76.09
76.07
75.97
75.91
76.07
76.04
75.99
75.96
76.14
76.31
76.28
76.16
76.23
76.27
76.22
76.34
76.34
76.29
76.35
76.27
76.35
76.36
76.46
76.34
76.37
76.37
76.28
76.24
76.22
76.15
76.21
76.30
76.22
76.33
76.27
76.17
76.21
76.32
76.48
76.44
76.52
76.54
76.45
76.43
76.45
76.51
76.53
76.47
76.44
76.51
76.53
76.51
76.44
76.46
76.48
76.43
76.33
76.32
76.29
76.26
76.27
76.22
76.24
76.24
76.22
76.24
76.31
76.29
76.32
76.36
76.36
76.32
76.26
76.23
76.25
76.21
76.16
76.19
76.15
76.14
76.13
76.14
76.10
76.08
76.17
76.18
76.12
76.09
76.06
76.04
75.99
75.94
76.01
76.00
76.01
76.05
76.03
76.02
76.05
76.01
76.04
76.06
76.05
76.05
76.11
76.09
76.02
76.07
76.11
76.10
76.14
76.08
76.16
76.17
76.20
76.17
76.13
76.16
76.15
76.18
76.22
76.23
76.15
76.25
76.31
76.35
76.38
76.40
76.35
76.35
76.37
76.38
76.34
76.37
76.36
76.38
76.38
76.30
76.31
76.29
76.28
76.28
76.29
76.32
76.37
76.33
76.34
76.35
76.31
76.33
76.36
76.35
76.38
76.38
76.40
76.41
76.43
76.48
76.46
76.46
76.50
76.52
76.54
76.54
76.54
76.55
76.59
76.60
76.60
76.61
76.58
76.58
76.55
76.53
76.52
76.52
76.49
76.44
76.40
76.43
76.41
76.41
76.39
76.36
76.36
76.35
76.38
76.42
76.43
76.41
76.43
76.46
76.46
76.43
76.46
76.44
76.46
76.48
76.46
76.47
76.50
76.46
76.46
76.44
76.43
76.43
76.42
76.42
76.41
76.43
76.42
76.45
76.48
76.48
76.48
76.47
76.46
76.48
76.46
76.42
76.43
76.41
76.41
76.40
76.43
76.43
76.39
76.37
76.38
76.37
76.37
76.40
76.40
76.36
76.39
76.36
76.36
76.37
76.33
76.36
76.34
76.30
76.30
76.27
76.25
76.22
76.21
76.24
76.25
76.28
76.29
76.27
76.29
76.27
76.29
76.28
76.31
76.30
76.29
76.28
76.28
76.29
76.30
76.27
76.27
76.26
76.26
76.26
76.25
76.26
76.23
76.22
76.21
76.19
76.19
76.18
76.19
76.20
76.21
76.22
76.20
76.22
76.20
76.22
76.20
76.20
76.22
76.22
76.23
76.24
76.25
76.25
76.25
76.25
76.26
76.25
76.23
76.25
76.25
76.24
76.24
76.26
76.26
76.30
76.30
76.30
76.32
76.31
76.31
76.31
76.29
76.29
76.27
76.27
76.26
76.24
76.23
76.20
76.20
76.21
76.21
76.22
76.23
76.22
76.20
76.19
76.19
76.19
76.17
76.18
76.19
76.20
76.21
76.20
76.19
76.21
76.17
76.16
76.17
76.17
76.15
76.16
76.18
76.17
76.16
76.15
76.13
76.12
76.12
76.12
76.09
76.09
76.05
76.04
76.05
76.07
76.05
76.05
76.06
76.07
76.04
76.05
76.03
76.01
76.01
76.00
76.00
76.00
75.98
75.99
76.01
76.01
76.02
76.04
76.03
76.02
76.02
76.00
75.98
75.97
75.95
75.96
75.97
75.98
75.98
75.99
75.99
76.00
76.00
75.99
76.00
75.99
75.98
75.98
75.95
75.94
75.94
75.94
75.93
75.94
75.92
75.93
75.93
75.93
75.94
75.94
75.95
75.93
75.94
75.95
75.94
75.93
75.92
75.91
75.92
75.92
75.93
75.95
75.96
75.96
75.96
75.97
75.97
75.94
75.94
75.95
75.95
75.92
75.93
75.93
75.96
75.96
75.95
75.96
75.97
75.97
75.97
75.97
75.96
75.95
75.95
75.94
75.94
75.94
75.93
75.91
75.90
75.89
75.89
75.88
75.87
75.86
75.87
75.87
75.86
75.86
75.85
75.86
75.85
75.85
75.85
75.85
75.87
75.86
75.85
75.85
75.84
75.83
75.84
75.84
75.86
75.84
75.85
75.84
75.83
75.83
75.81
75.80
75.81
75.79
75.81
75.80
75.80
75.80
75.79
75.79
75.80
75.79
75.79
75.80
75.81
75.80
75.81
75.82
75.82
75.82
75.83
75.84
75.84
75.85
75.85
75.84
75.84
75.86
75.86
75.85
75.85
75.84
75.85
75.85
75.84
75.85
75.85
75.84
75.84
75.85
75.85
75.85
75.86
75.86
75.85
75.84
75.83
75.84
75.82
75.83
75.83
75.83
75.82
75.81
75.80
75.81
75.81
75.82
75.82
75.82
75.83
75.83
75.83
75.83
75.84
75.83
75.83
75.83
75.82
75.83
75.85
75.85
75.84
75.85
75.85
75.85
75.86
75.87
75.87
75.87
75.88
75.87
75.86
75.87
75.86
75.84
75.85
75.84
75.86
75.85
75.82
75.81
75.81
75.80
75.79
75.80
75.81
75.82
75.80
75.80
75.79
75.79
75.80
75.80
75.80
75.81
75.82
75.82
75.82
75.82
75.83
75.82
75.82
75.81
75.80
75.78
75.79
75.80
75.81
75.82
75.82
75.82
75.82
75.82
75.83
75.83
75.84
75.84
75.84
75.82
75.80
75.81
75.81
75.82
75.84
75.83
75.81
75.79
75.78
75.78
75.79
75.79
75.79
75.80
75.80
75.79
75.80
75.78
75.79
75.78
75.77
75.79
75.79
75.79
75.78
75.77
75.75
75.76
75.76
75.76
75.76
75.77
75.77
75.76
75.76
75.75
75.75
75.74
75.74
75.73
75.73
75.73
75.74
75.73
75.73
75.71
75.70
75.70
75.70
75.70
75.71
75.72
75.73
75.71
75.71
75.72
75.71
75.71
75.71
75.72
75.71
75.72
75.73
75.72
75.72
75.71
75.70
75.71
75.71
75.72
75.72
75.73
75.72
75.72
75.72
75.73
75.74
75.74
75.74
75.73
75.72
75.71
75.71
75.71
75.72
75.73
75.74
75.74
75.75
75.75
75.75
75.75
75.76
75.77
75.76
75.77
75.77
75.77
75.76
75.76
75.76
75.76
75.76
75.77
75.77
75.76
75.76
75.75
75.76
75.77
75.76
75.75
75.75
75.75
75.74
75.75
75.74
75.74
75.75
75.74
75.74
75.74
75.73
75.74
75.75
75.75
75.75
75.75
75.74
75.75
75.74
75.74
75.75
75.73
75.74
75.74
75.67
