71.88
75.00
74.48
75.78
75.31
75.26
75.45
75.20
74.83
74.53
75.00
75.13
75.24
75.11
75.31
75.39
75.46
75.35
75.25
74.61
74.93
74.64
74.86
75.00
75.25
75.36
75.35
75.22
75.32
75.31
75.20
75.49
75.52
75.55
75.58
75.52
75.68
75.66
75.80
75.90
75.99
75.86
75.94
76.10
76.01
76.05
76.13
76.17
76.31
76.34
76.38
76.44
76.18
76.19
76.02
75.95
75.90
75.81
75.74
75.78
75.82
75.76
75.77
75.88
75.99
75.92
75.91
75.83
75.84
75.92
75.95
76.00
76.01
76.03
76.00
76.01
75.97
76.00
76.01
76.00
76.04
76.11
76.09
76.08
76.12
76.11
76.10
76.07
76.02
76.08
76.12
76.24
76.29
76.36
76.41
76.40
76.39
76.42
76.42
76.30
76.33
76.38
76.40
76.43
76.47
76.46
76.45
76.45
76.58
76.58
76.53
76.56
76.56
76.59
76.59
76.63
76.56
76.56
76.54
76.56
76.63
76.60
76.52
76.51
76.56
76.59
76.60
76.54
76.47
76.36
76.44
76.44
76.45
76.45
76.45
76.48
76.45
76.48
76.46
76.46
76.37
76.38
76.41
76.35
76.42
76.44
76.43
76.43
76.45
76.47
76.52
76.54
76.52
76.59
76.63
76.66
76.68
76.69
76.62
76.66
76.64
76.62
76.62
76.56
76.52
76.55
76.56
76.54
76.54
76.51
76.51
76.54
76.50
76.53
76.56
76.60
76.60
76.62
76.59
76.58
76.56
76.61
76.65
76.66
76.63
76.65
76.65
76.65
76.65
76.65
76.66
76.68
76.67
76.66
76.66
76.67
76.63
76.60
76.57
76.60
76.55
76.56
76.55
76.54
76.51
76.51
76.47
76.45
76.46
76.46
76.45
76.44
76.47
76.53
76.51
76.53
76.52
76.51
76.53
76.53
76.53
76.44
76.40
76.40
76.43
76.47
76.44
76.44
76.41
76.37
76.37
76.39
76.41
76.37
76.33
76.33
76.33
76.35
76.36
76.32
76.29
76.28
76.29
76.31
76.28
76.24
76.19
76.18
76.17
76.17
76.21
76.20
76.18
76.21
76.19
76.17
76.14
76.14
76.12
76.09
76.11
76.13
76.12
76.07
76.06
76.08
76.06
76.04
76.01
76.05
76.05
76.05
76.07
76.04
76.01
75.99
75.96
75.99
76.02
76.00
76.01
76.02
76.05
76.08
76.09
76.09
76.11
76.11
76.11
76.09
76.11
76.11
76.10
76.09
76.12
76.13
76.15
76.17
76.17
76.16
76.15
76.14
76.11
76.12
76.11
76.14
76.14
76.13
76.13
76.12
76.11
76.12
76.11
76.13
76.15
76.12
76.11
76.12
76.13
76.14
76.13
76.15
76.11
76.09
76.07
76.09
76.07
76.08
76.04
76.03
76.02
76.03
76.02
75.99
75.97
76.01
76.02
76.02
76.00
76.02
76.06
76.07
76.08
76.08
76.07
76.07
76.07
76.07
76.07
76.07
76.07
76.09
76.09
76.09
76.08
76.08
76.07
76.05
76.04
76.04
76.04
76.06
76.05
76.05
76.05
76.06
76.09
76.11
76.09
76.10
76.10
76.13
76.14
76.14
76.15
76.15
76.17
76.17
76.16
76.17
76.15
76.13
76.14
76.13
76.12
76.13
76.14
76.14
76.12
76.12
76.10
76.10
76.09
76.11
76.14
76.15
76.15
76.18
76.19
76.18
76.18
76.16
76.17
76.16
76.17
76.15
76.15
76.15
76.14
76.16
76.17
76.17
76.17
76.15
76.16
76.17
76.17
76.17
76.15
76.15
76.15
76.14
76.15
76.14
76.11
76.11
76.11
76.10
76.07
76.07
76.08
76.08
76.10
76.08
76.09
76.11
76.12
76.13
76.14
76.12
76.09
76.08
76.08
76.08
76.09
76.12
76.11
76.11
76.12
76.13
76.15
76.16
76.17
76.16
76.17
76.14
76.15
76.15
76.16
76.17
76.19
76.18
76.18
76.19
76.20
76.20
76.19
76.18
76.17
76.16
76.14
76.13
76.12
76.11
76.12
76.13
76.14
76.15
76.15
76.14
76.14
76.12
76.12
76.14
76.14
76.13
76.13
76.10
76.12
76.13
76.14
76.13
76.13
76.14
76.17
76.17
76.19
76.19
76.18
76.18
76.19
76.18
76.18
76.17
76.16
76.16
76.17
76.16
76.15
76.13
76.14
76.15
76.15
76.16
76.15
76.14
76.13
76.13
76.12
76.11
76.13
76.12
76.12
76.11
76.10
76.10
76.10
76.11
76.10
76.10
76.11
76.10
76.11
76.10
76.12
76.13
76.12
76.12
76.13
76.14
76.14
76.13
76.13
76.14
76.11
76.12
76.10
76.11
76.11
76.11
76.12
76.13
76.12
76.13
76.12
76.12
76.11
76.11
76.09
76.09
76.09
76.08
76.09
76.09
76.11
76.10
76.11
76.11
76.10
76.10
76.10
76.11
76.12
76.11
76.12
76.13
76.13
76.13
76.13
76.13
76.12
76.14
76.14
76.12
76.13
76.13
76.13
76.14
76.16
76.18
76.18
76.17
76.18
76.19
76.19
76.19
76.20
76.20
76.19
76.18
76.18
76.17
76.18
76.16
76.17
76.19
76.20
76.20
76.20
76.19
76.19
76.20
76.19
76.19
76.19
76.18
76.17
76.17
76.18
76.18
76.20
76.20
76.21
76.21
76.20
76.21
76.20
76.21
76.19
76.19
76.21
76.22
76.23
76.23
76.23
76.23
76.23
76.22
76.23
76.22
76.22
76.22
76.22
76.22
76.22
76.21
76.21
76.22
76.23
76.22
76.21
76.21
76.20
76.19
76.19
76.19
76.18
76.16
76.17
76.17
76.17
76.18
76.17
76.18
76.16
76.16
76.18
76.17
76.17
76.17
76.18
76.17
76.17
76.16
76.16
76.17
76.16
76.17
76.17
76.17
76.17
76.16
76.15
76.16
76.15
76.14
76.16
76.15
76.16
76.15
76.15
76.12
76.12
76.10
76.09
76.09
76.09
76.09
76.10
76.08
76.08
76.06
76.06
76.07
76.08
76.07
76.07
76.06
76.06
76.06
76.05
76.05
76.06
76.07
76.07
76.07
76.07
76.07
76.08
76.07
76.08
76.07
76.07
76.07
76.07
76.06
76.06
76.08
76.09
76.10
76.09
76.10
76.11
76.11
76.11
76.10
76.11
76.11
76.11
76.10
76.10
76.09
76.09
76.09
76.09
76.09
76.09
76.08
76.08
76.09
76.09
76.08
76.09
76.08
76.08
76.07
76.09
76.08
76.09
76.09
76.07
76.08
76.08
76.08
76.07
76.06
76.06
76.07
76.07
76.09
76.09
76.08
76.09
76.10
76.09
76.08
76.07
76.07
76.07
76.07
76.06
75.99
