67.19
73.44
72.92
75.78
76.88
77.08
76.12
76.17
76.22
76.41
77.41
77.34
77.04
77.01
76.77
76.76
76.65
76.91
76.15
76.09
76.12
76.35
76.56
76.43
76.00
75.72
75.93
75.95
75.92
75.94
75.66
75.78
75.99
76.01
75.94
76.00
75.89
75.99
75.88
75.98
76.03
76.08
76.05
75.78
75.97
75.78
75.86
75.75
75.89
76.12
76.23
76.11
75.88
75.81
75.91
75.86
76.01
76.00
75.98
76.04
75.92
75.93
75.97
76.05
76.01
75.78
75.93
76.06
76.13
76.21
76.08
76.09
76.18
76.25
76.25
76.23
76.20
76.24
76.25
76.33
76.23
76.14
76.09
76.12
76.10
76.13
76.06
76.10
76.16
76.16
76.17
76.19
76.16
76.18
76.10
76.16
76.08
76.07
76.06
76.06
76.02
76.09
76.12
76.19
76.21
76.31
76.29
76.36
76.40
76.46
76.48
76.46
76.38
76.45
76.48
76.50
76.51
76.51
76.52
76.58
76.61
76.69
76.68
76.68
76.72
76.66
76.59
76.57
76.57
76.56
76.49
76.52
76.50
76.52
76.54
76.53
76.51
76.48
76.47
76.45
76.46
76.50
76.56
76.56
76.58
76.55
76.50
76.43
76.37
76.31
76.29
76.31
76.28
76.28
76.26
76.25
76.25
76.21
76.25
76.22
76.20
76.18
76.14
76.11
76.12
76.15
76.11
76.12
76.11
76.15
76.19
76.18
76.16
76.12
76.05
76.08
76.01
75.99
76.02
76.02
76.03
76.06
76.03
76.04
76.08
76.08
76.10
76.10
76.11
76.14
76.15
76.14
76.11
76.10
76.11
76.09
76.09
76.13
76.11
76.10
76.10
76.05
76.02
76.04
76.03
76.02
75.97
75.93
75.93
75.92
75.88
75.87
75.87
75.83
75.83
75.84
75.90
75.89
75.90
75.91
75.90
75.90
75.88
75.89
75.88
75.88
75.89
75.91
75.89
75.88
75.90
75.94
75.90
75.90
75.92
75.89
75.88
75.87
75.84
75.81
75.77
75.77
75.77
75.76
75.78
75.79
75.81
75.84
75.87
75.87
75.87
75.87
75.86
75.81
75.86
75.89
75.85
75.88
75.87
75.90
75.90
75.92
75.93
75.93
75.93
75.95
75.98
75.99
75.98
75.98
75.98
75.96
75.94
75.99
75.97
76.00
76.03
76.05
76.02
76.01
76.00
76.00
76.01
75.99
75.97
75.98
75.98
75.99
75.98
75.94
75.94
75.97
76.00
75.98
75.96
75.92
75.96
75.98
75.98
75.95
75.96
75.95
75.95
75.94
75.90
75.92
75.91
75.88
75.88
75.87
75.83
75.84
75.83
75.84
75.82
75.82
75.82
75.81
75.80
75.83
75.86
75.86
75.85
75.82
75.81
75.78
75.82
75.81
75.82
75.84
75.84
75.86
75.85
75.86
75.87
75.87
75.86
75.86
75.84
75.85
75.84
75.85
75.87
75.87
75.88
75.89
75.91
75.90
75.90
75.92
75.91
75.91
75.92
75.90
75.91
75.90
75.90
75.92
75.92
75.91
75.90
75.91
75.91
75.91
75.92
75.93
75.92
75.95
75.95
75.94
75.96
75.96
75.97
75.97
75.97
75.96
75.95
75.93
75.92
75.93
75.96
75.97
75.96
75.95
75.97
76.00
76.03
76.00
76.00
76.00
75.98
75.98
75.98
75.98
75.97
75.97
75.97
75.97
75.99
75.99
76.00
75.98
75.97
75.97
75.97
75.97
75.97
75.97
75.98
75.99
76.01
75.99
76.01
76.01
76.01
76.01
76.00
75.99
75.99
76.00
75.99
75.99
75.99
76.02
76.01
76.00
76.00
76.00
76.01
76.00
76.02
76.02
76.03
76.03
76.02
76.01
75.98
75.96
75.95
75.97
75.97
75.97
75.97
75.97
75.98
75.99
76.00
76.00
75.99
75.98
75.99
75.98
75.97
75.97
75.99
75.99
75.98
75.97
75.97
75.97
75.98
75.99
76.00
76.02
76.00
75.99
75.97
75.98
75.97
75.97
75.96
75.96
75.95
75.97
75.96
75.96
75.93
75.94
75.92
75.90
75.88
75.88
75.90
75.90
75.91
75.91
75.91
75.92
75.91
75.92
75.91
75.91
75.90
75.91
75.92
75.94
75.93
75.93
75.92
75.92
75.94
75.92
75.91
75.91
75.92
75.93
75.95
75.94
75.95
75.93
75.92
75.91
75.90
75.91
75.92
75.91
75.92
75.91
75.93
75.93
75.93
75.94
75.94
75.93
75.92
75.93
75.92
75.92
75.92
75.90
75.90
75.90
75.90
75.91
75.89
75.90
75.90
75.91
75.89
75.89
75.90
75.89
75.90
75.88
75.90
75.90
75.90
75.91
75.92
75.90
75.91
75.93
75.94
75.92
75.91
75.92
75.93
75.94
75.93
75.94
75.94
75.93
75.94
75.95
75.94
75.95
75.94
75.94
75.94
75.93
75.92
75.91
75.92
75.92
75.90
75.90
75.90
75.91
75.90
75.89
75.88
75.90
75.88
75.87
75.87
75.88
75.88
75.90
75.88
75.88
75.88
75.89
75.90
75.90
75.90
75.90
75.89
75.90
75.90
75.89
75.88
75.87
75.87
75.87
75.88
75.89
75.88
75.87
75.86
75.86
75.86
75.87
75.87
75.87
75.88
75.88
75.88
75.88
75.89
75.88
75.89
75.88
75.86
75.88
75.86
75.86
75.87
75.86
75.85
75.83
75.83
75.82
75.83
75.83
75.83
75.82
75.84
75.84
75.84
75.84
75.85
75.86
75.86
75.87
75.87
75.88
75.88
75.88
75.89
75.89
75.87
75.88
75.87
75.88
75.88
75.87
75.88
75.89
75.89
75.89
75.88
75.87
75.88
75.89
75.90
75.90
75.90
75.89
75.90
75.89
75.88
75.88
75.88
75.88
75.88
75.89
75.90
75.89
75.89
75.89
75.89
75.89
75.89
75.88
75.88
75.90
75.90
75.89
75.89
75.89
75.89
75.90
75.90
75.90
75.89
75.90
75.91
75.91
75.93
75.93
75.93
75.94
75.92
75.94
75.93
75.92
75.91
75.92
75.92
75.92
75.91
75.91
75.91
75.90
75.89
75.89
75.89
75.89
75.90
75.90
75.91
75.91
75.92
75.92
75.91
75.91
75.92
75.91
75.91
75.90
75.90
75.91
75.90
75.89
75.89
75.89
75.89
75.90
75.90
75.91
75.91
75.90
75.90
75.90
75.90
75.91
75.92
75.91
75.91
75.91
75.90
75.90
75.90
75.89
75.89
75.89
75.89
75.88
75.90
75.89
75.89
75.89
75.91
75.91
75.90
75.90
75.90
75.90
75.92
75.92
75.92
75.92
75.92
75.92
75.93
75.93
75.93
75.93
75.92
75.91
75.91
75.84
