75.00
72.66
75.52
76.17
77.19
76.82
76.12
76.76
76.39
76.41
77.56
77.34
77.04
76.90
76.77
77.25
77.11
76.65
76.64
76.80
77.01
76.63
76.77
76.82
76.75
77.10
77.14
77.23
76.89
76.88
77.02
77.10
76.75
76.47
76.43
76.69
76.60
76.40
76.16
76.21
76.18
76.19
76.05
76.10
75.90
75.92
75.93
76.07
76.21
76.06
76.16
76.14
76.36
76.27
76.36
76.37
76.40
76.27
76.17
76.17
76.18
76.21
76.07
76.05
75.87
75.95
75.82
75.74
75.75
75.67
75.64
75.65
75.56
75.55
75.60
75.64
75.41
75.42
75.42
75.33
75.31
75.38
75.43
75.54
75.42
75.47
75.48
75.48
75.49
75.62
75.65
75.65
75.72
75.76
75.82
75.78
75.87
75.86
75.85
75.89
75.91
76.00
75.97
76.02
76.07
76.12
76.12
76.13
76.12
76.05
76.03
76.03
76.12
76.15
76.18
76.16
76.12
76.07
76.05
75.96
75.93
75.97
76.02
76.01
75.95
75.95
75.92
75.92
75.93
75.96
75.97
75.92
75.90
75.87
75.75
75.77
75.73
75.76
75.81
75.83
75.82
75.89
75.91
75.92
75.86
75.82
75.85
75.86
75.86
75.88
75.87
75.85
75.87
75.80
75.81
75.83
75.83
75.84
75.82
75.77
75.82
75.82
75.81
75.82
75.79
75.77
75.80
75.81
75.80
75.78
75.75
75.76
75.76
75.74
75.78
75.77
75.79
75.77
75.72
75.71
75.73
75.70
75.67
75.68
75.67
75.69
75.69
75.65
75.64
75.64
75.63
75.62
75.62
75.64
75.59
75.60
75.58
75.59
75.60
75.54
75.52
75.50
75.46
75.44
75.43
75.46
75.45
75.47
75.50
75.53
75.53
75.54
75.49
75.50
75.50
75.54
75.57
75.56
75.55
75.57
75.57
75.56
75.56
75.57
75.57
75.55
75.56
75.58
75.58
75.56
75.57
75.57
75.58
75.59
75.61
75.58
75.59
75.58
75.61
75.64
75.64
75.60
75.60
75.60
75.64
75.60
75.62
75.60
75.60
75.64
75.63
75.61
75.66
75.67
75.67
75.70
75.68
75.66
75.65
75.65
75.63
75.64
75.66
75.66
75.64
75.63
75.64
75.65
75.66
75.64
75.62
75.64
75.65
75.66
75.61
75.64
75.64
75.66
75.67
75.65
75.63
75.63
75.59
75.60
75.59
75.61
75.60
75.55
75.58
75.58
75.59
75.60
75.62
75.60
75.59
75.58
75.58
75.56
75.54
75.54
75.55
75.54
75.54
75.52
75.54
75.53
75.51
75.51
75.53
75.52
75.53
75.52
75.55
75.56
75.57
75.57
75.55
75.56
75.56
75.57
75.59
75.58
75.56
75.57
75.53
75.56
75.54
75.59
75.60
75.58
75.59
75.60
75.60
75.58
75.62
75.65
75.64
75.63
75.61
75.61
75.63
75.62
75.63
75.64
75.64
75.66
75.65
75.65
75.65
75.66
75.65
75.64
75.63
75.66
75.64
75.63
75.63
75.62
75.64
75.60
75.63
75.66
75.65
75.65
75.66
75.63
75.63
75.66
75.66
75.66
75.66
75.68
75.69
75.67
75.66
75.67
75.69
75.70
75.71
75.70
75.71
75.73
75.72
75.73
75.72
75.74
75.76
75.77
75.80
75.79
75.80
75.80
75.80
75.82
75.83
75.80
75.80
75.80
75.80
75.80
75.83
75.83
75.86
75.89
75.86
75.85
75.87
75.87
75.91
75.88
75.88
75.89
75.88
75.90
75.89
75.89
75.91
75.92
75.92
75.89
75.89
75.90
75.89
75.89
75.86
75.86
75.85
75.86
75.85
75.84
75.83
75.86
75.85
75.85
75.85
75.83
75.80
75.79
75.78
75.78
75.80
75.80
75.80
75.79
75.79
75.79
75.78
75.75
75.74
75.76
75.77
75.76
75.76
75.76
75.75
75.76
75.76
75.78
75.79
75.80
75.81
75.80
75.82
75.82
75.81
75.82
75.82
75.82
75.81
75.82
75.82
75.81
75.81
75.81
75.82
75.83
75.83
75.86
75.85
75.86
75.84
75.84
75.84
75.84
75.83
75.82
75.82
75.82
75.82
75.80
75.81
75.83
75.81
75.81
75.83
75.84
75.84
75.84
75.82
75.81
75.80
75.80
75.80
75.79
75.78
75.79
75.79
75.78
75.79
75.80
75.80
75.78
75.78
75.78
75.79
75.80
75.79
75.80
75.80
75.81
75.81
75.82
75.82
75.83
75.82
75.82
75.83
75.82
75.82
75.81
75.81
75.82
75.83
75.83
75.83
75.82
75.82
75.82
75.82
75.82
75.82
75.82
75.80
75.80
75.80
75.81
75.80
75.79
75.79
75.78
75.78
75.79
75.77
75.76
75.76
75.77
75.79
75.80
75.79
75.77
75.77
75.77
75.76
75.75
75.75
75.75
75.74
75.73
75.72
75.72
75.72
75.71
75.71
75.71
75.70
75.70
75.70
75.69
75.70
75.69
75.68
75.67
75.67
75.68
75.67
75.66
75.66
75.65
75.65
75.64
75.63
75.64
75.63
75.63
75.63
75.64
75.63
75.62
75.62
75.62
75.62
75.62
75.62
75.63
75.63
75.63
75.61
75.62
75.62
75.61
75.62
75.63
75.64
75.63
75.62
75.63
75.63
75.63
75.64
75.64
75.64
75.65
75.66
75.66
75.66
75.64
75.63
75.62
75.63
75.62
75.62
75.62
75.62
75.62
75.61
75.59
75.57
75.58
75.56
75.56
75.57
75.57
75.57
75.57
75.57
75.57
75.57
75.58
75.59
75.59
75.60
75.61
75.61
75.61
75.61
75.59
75.60
75.59
75.62
75.61
75.61
75.63
75.63
75.62
75.64
75.63
75.63
75.63
75.63
75.63
75.63
75.64
75.64
75.63
75.64
75.65
75.66
75.65
75.65
75.66
75.66
75.65
75.66
75.66
75.67
75.66
75.67
75.68
75.67
75.67
75.66
75.66
75.67
75.67
75.68
75.69
75.69
75.70
75.69
75.68
75.68
75.68
75.69
75.68
75.68
75.69
75.69
75.68
75.69
75.68
75.68
75.69
75.67
75.68
75.68
75.70
75.71
75.72
75.73
75.72
75.72
75.73
75.74
75.73
75.73
75.74
75.74
75.74
75.74
75.74
75.74
75.73
75.74
75.74
75.75
75.75
75.76
75.77
75.77
75.77
75.76
75.76
75.75
75.76
75.77
75.78
75.78
75.78
75.77
75.77
75.78
75.77
75.78
75.78
75.78
75.78
75.77
75.77
75.76
75.75
75.75
75.75
75.76
75.76
75.76
75.77
75.77
75.77
75.78
75.78
75.78
75.77
75.77
75.76
75.75
75.74
75.74
75.74
75.73
75.73
75.72
75.64
