79.69
77.34
78.65
78.91
76.56
77.60
77.46
77.15
76.56
76.72
77.13
77.60
77.64
77.90
77.81
78.03
78.40
78.73
78.45
78.67
78.57
78.91
78.80
78.52
78.25
78.06
78.18
77.96
78.02
78.28
78.43
78.37
78.31
78.22
78.21
78.12
78.12
78.12
78.17
78.28
78.16
78.16
78.16
78.12
78.06
77.92
78.09
78.22
77.97
77.94
77.76
77.79
77.89
77.84
77.70
77.65
77.71
77.61
77.57
77.50
77.56
77.52
77.53
77.49
77.50
77.49
77.52
77.50
77.38
77.41
77.49
77.37
77.42
77.51
77.42
77.41
77.41
77.48
77.43
77.48
77.51
77.48
77.43
77.42
77.39
77.38
77.44
77.47
77.46
77.43
77.49
77.46
77.49
77.43
77.32
77.33
77.26
77.20
77.10
77.08
77.13
77.16
77.15
77.16
77.22
77.21
77.22
77.18
77.16
77.14
77.07
77.12
77.10
77.10
77.05
77.10
77.03
76.99
76.89
76.91
76.90
76.90
76.89
76.99
76.99
76.88
76.86
76.87
76.82
76.85
76.84
76.83
76.86
76.87
76.84
76.76
76.78
76.75
76.73
76.66
76.66
76.65
76.64
76.65
76.63
76.67
76.68
76.66
76.72
76.68
76.68
76.73
76.79
76.85
76.81
76.84
76.82
76.85
76.78
76.73
76.74
76.80
76.80
76.75
76.71
76.67
76.67
76.64
76.61
76.61
76.53
76.46
76.46
76.45
76.42
76.45
76.46
76.41
76.40
76.44
76.45
76.49
76.49
76.48
76.45
76.44
76.44
76.47
76.46
76.41
76.42
76.44
76.42
76.42
76.42
76.41
76.42
76.44
76.43
76.43
76.41
76.42
76.43
76.43
76.42
76.43
76.38
76.36
76.35
76.35
76.37
76.33
76.35
76.37
76.39
76.40
76.38
76.37
76.36
76.38
76.34
76.29
76.30
76.27
76.31
76.32
76.31
76.32
76.28
76.29
76.28
76.32
76.31
76.33
76.36
76.34
76.34
76.31
76.27
76.27
76.27
76.28
76.28
76.29
76.25
76.26
76.26
76.24
76.24
76.24
76.26
76.22
76.21
76.21
76.18
76.15
76.17
76.16
76.16
76.16
76.18
76.18
76.18
76.14
76.13
76.14
76.12
76.10
76.13
76.12
76.15
76.16
76.15
76.16
76.15
76.11
76.13
76.12
76.15
76.17
76.18
76.17
76.18
76.20
76.20
76.21
76.22
76.24
76.25
76.27
76.30
76.27
76.27
76.30
76.29
76.29
76.26
76.25
76.28
76.31
76.32
76.30
76.29
76.29
76.29
76.31
76.32
76.30
76.29
76.26
76.23
76.25
76.25
76.26
76.25
76.26
76.25
76.23
76.24
76.22
76.23
76.23
76.23
76.19
76.19
76.18
76.18
76.21
76.20
76.19
76.21
76.21
76.23
76.22
76.24
76.25
76.24
76.24
76.25
76.25
76.26
76.27
76.26
76.25
76.25
76.23
76.24
76.24
76.23
76.23
76.21
76.21
76.24
76.22
76.24
76.24
76.26
76.25
76.25
76.25
76.24
76.27
76.30
76.31
76.31
76.31
76.32
76.30
76.30
76.31
76.28
76.28
76.30
76.30
76.31
76.28
76.30
76.32
76.32
76.30
76.32
76.31
76.29
76.30
76.29
76.29
76.27
76.23
76.23
76.23
76.22
76.22
76.23
76.23
76.22
76.23
76.23
76.24
76.23
76.24
76.24
76.25
76.23
76.25
76.25
76.23
76.24
76.24
76.22
76.22
76.21
76.22
76.23
76.22
76.22
76.21
76.21
76.20
76.21
76.21
76.22
76.23
76.22
76.23
76.23
76.21
76.20
76.18
76.19
76.19
76.20
76.20
76.21
76.22
76.22
76.23
76.20
76.21
76.19
76.20
76.19
76.19
76.17
76.18
76.17
76.16
76.19
76.17
76.17
76.17
76.18
76.16
76.17
76.16
76.16
76.17
76.17
76.18
76.20
76.21
76.19
76.19
76.20
76.20
76.21
76.20
76.19
76.19
76.19
76.19
76.20
76.19
76.18
76.19
76.18
76.19
76.19
76.18
76.19
76.18
76.18
76.19
76.20
76.20
76.20
76.21
76.21
76.21
76.19
76.19
76.20
76.19
76.19
76.19
76.19
76.20
76.20
76.21
76.22
76.19
76.19
76.17
76.17
76.17
76.16
76.17
76.16
76.15
76.15
76.15
76.14
76.15
76.14
76.15
76.15
76.17
76.18
76.18
76.17
76.17
76.18
76.16
76.17
76.17
76.17
76.16
76.15
76.13
76.13
76.14
76.13
76.15
76.13
76.12
76.11
76.13
76.12
76.12
76.12
76.13
76.12
76.11
76.12
76.10
76.10
76.11
76.10
76.10
76.11
76.10
76.10
76.11
76.10
76.10
76.10
76.11
76.13
76.14
76.13
76.14
76.15
76.15
76.15
76.14
76.14
76.16
76.17
76.18
76.20
76.19
76.19
76.17
76.17
76.17
76.16
76.17
76.18
76.18
76.17
76.18
76.17
76.17
76.16
76.16
76.16
76.17
76.17
76.19
76.19
76.19
76.18
76.19
76.20
76.20
76.20
76.20
76.20
76.19
76.19
76.19
76.18
76.18
76.18
76.19
76.19
76.21
76.20
76.20
76.19
76.19
76.18
76.19
76.19
76.19
76.19
76.17
76.18
76.20
76.20
76.20
76.21
76.20
76.18
76.19
76.18
76.17
76.17
76.17
76.17
76.16
76.16
76.17
76.17
76.17
76.17
76.17
76.16
76.15
76.14
76.13
76.12
76.10
76.09
76.10
76.10
76.08
76.10
76.08
76.07
76.07
76.08
76.08
76.08
76.08
76.07
76.07
76.07
76.07
76.06
76.07
76.06
76.07
76.08
76.06
76.08
76.08
76.09
76.09
76.10
76.09
76.10
76.10
76.11
76.12
76.13
76.13
76.11
76.11
76.11
76.11
76.11
76.10
76.10
76.11
76.11
76.10
76.09
76.09
76.08
76.09
76.09
76.10
76.09
76.09
76.10
76.10
76.11
76.12
76.12
76.13
76.13
76.12
76.13
76.12
76.12
76.13
76.13
76.13
76.13
76.11
76.10
76.10
76.10
76.10
76.11
76.10
76.10
76.09
76.10
76.10
76.10
76.11
76.10
76.10
76.10
76.09
76.10
76.10
76.10
76.10
76.10
76.08
76.08
76.07
76.07
76.07
76.07
76.08
76.07
76.07
76.07
76.07
76.07
76.06
76.06
76.07
76.07
76.07
76.06
76.07
76.07
76.06
76.06
76.06
76.05
76.05
76.04
76.03
76.01
76.01
76.01
76.02
76.02
76.02
76.03
76.03
76.03
76.03
76.04
76.02
76.03
76.03
76.02
76.01
76.02
76.01
76.02
76.02
76.02
76.03
76.03
75.95
