14.06
17.97
15.62
16.02
16.56
16.41
16.52
16.60
16.84
17.34
18.75
19.01
19.11
18.53
18.85
18.95
18.84
19.01
18.91
19.14
19.42
19.39
19.36
19.47
19.69
19.59
19.73
19.64
19.67
19.48
19.56
19.43
19.51
19.53
19.51
19.31
19.51
19.53
19.75
19.77
20.01
19.90
19.73
19.74
19.83
19.77
19.61
19.66
19.58
19.53
19.49
19.44
19.34
19.36
19.32
19.22
19.30
19.26
19.20
19.19
19.21
19.15
19.22
19.31
19.30
19.55
19.54
19.51
19.47
19.46
19.61
19.51
19.50
19.53
19.56
19.51
19.44
19.37
19.38
19.34
19.39
19.42
19.45
19.44
19.43
19.46
19.34
19.30
19.28
19.36
19.37
19.34
19.30
19.23
19.26
19.21
19.22
19.29
19.24
19.17
19.14
19.16
19.16
19.14
19.11
19.15
19.23
19.20
19.21
19.16
19.14
19.15
19.11
19.02
18.99
19.03
19.06
19.00
18.99
18.95
18.98
18.92
18.92
18.89
18.86
18.94
18.95
19.01
18.94
18.94
19.02
19.03
19.02
19.13
19.16
19.19
19.15
19.13
19.17
19.14
19.13
19.14
19.13
19.13
19.18
19.20
19.13
19.10
19.06
19.01
19.06
19.06
19.11
19.06
19.07
19.09
19.05
19.04
18.98
18.98
19.01
18.99
19.00
18.99
18.99
19.06
19.13
19.16
19.11
19.11
19.12
19.10
19.10
19.08
19.08
19.09
19.09
19.08
19.03
19.00
19.07
19.06
19.02
19.04
19.06
19.05
19.08
19.09
19.06
19.11
19.09
19.09
19.07
19.04
19.02
19.01
19.02
19.05
19.07
19.08
19.05
19.07
19.03
19.08
19.02
19.02
18.98
18.97
18.96
18.97
18.96
18.93
18.96
18.94
18.92
18.92
18.92
18.93
18.92
18.91
18.94
18.95
18.98
18.96
18.95
18.95
18.90
18.91
18.89
18.90
18.89
18.88
18.87
18.89
18.89
18.90
18.91
18.91
18.91
18.90
18.93
18.91
18.92
18.94
18.95
18.90
18.88
18.91
18.90
18.91
18.88
18.90
18.90
18.88
18.92
18.91
18.89
18.90
18.92
18.88
18.89
18.89
18.87
18.87
18.85
18.89
18.88
18.90
18.88
18.87
18.86
18.87
18.86
18.85
18.86
18.86
18.85
18.85
18.87
18.87
18.91
18.89
18.87
18.88
18.88
18.90
18.89
18.88
18.88
18.90
18.89
18.89
18.90
18.91
18.88
18.87
18.89
18.89
18.90
18.90
18.89
18.89
18.87
18.85
18.86
18.85
18.83
18.83
18.83
18.82
18.82
18.86
18.88
18.91
18.93
18.93
18.93
18.91
18.89
18.89
18.92
18.91
18.91
18.92
18.92
18.94
18.93
18.95
18.93
18.94
18.92
18.94
18.93
18.91
18.91
18.91
18.91
18.89
18.90
18.90
18.90
18.90
18.91
18.89
18.90
18.90
18.89
18.88
18.90
18.89
18.91
18.90
18.90
18.89
18.91
18.92
18.94
18.93
18.94
18.95
18.95
18.94
18.93
18.93
18.93
18.92
18.92
18.92
18.90
18.91
18.91
18.93
18.93
18.93
18.95
18.95
18.96
18.98
18.97
18.95
18.96
18.97
18.99
18.99
18.97
18.98
18.96
18.96
18.97
18.98
19.00
19.04
19.05
19.04
19.05
19.04
19.04
19.05
19.06
19.08
19.05
19.02
19.04
19.04
19.04
19.04
19.06
19.03
19.05
19.04
19.05
19.06
19.07
19.07
19.08
19.07
19.06
19.05
19.05
19.03
19.03
19.03
19.01
19.01
19.03
19.06
19.06
19.06
19.08
19.08
19.08
19.08
19.10
19.07
19.07
19.05
19.05
19.06
19.04
19.03
19.03
19.03
19.03
19.02
19.02
19.04
19.05
19.06
19.07
19.08
19.09
19.09
19.08
19.10
19.09
19.08
19.08
19.08
19.08
19.07
19.08
19.07
19.06
19.05
19.04
19.05
19.06
19.07
19.06
19.06
19.08
19.08
19.08
19.08
19.09
19.10
19.09
19.07
19.07
19.06
19.05
19.03
19.03
19.04
19.02
19.01
19.01
19.01
19.00
19.01
19.00
19.02
19.00
18.99
19.01
19.00
19.00
19.00
19.00
19.00
19.00
19.00
19.01
19.01
19.02
19.03
19.03
19.03
19.02
19.03
19.03
19.00
19.01
19.01
19.01
19.01
18.99
18.99
18.98
18.98
18.98
18.97
18.97
18.97
18.98
18.98
18.99
18.99
18.99
18.98
18.99
18.98
18.98
18.98
18.99
19.00
19.00
18.99
19.00
19.01
19.02
19.01
19.02
19.01
19.00
19.02
19.02
19.03
19.02
19.01
19.03
19.02
19.01
19.02
19.01
19.00
18.98
18.97
18.96
18.97
18.96
18.97
18.96
18.96
18.95
18.95
18.93
18.93
18.93
18.94
18.93
18.92
18.93
18.93
18.94
18.94
18.93
18.93
18.92
18.92
18.93
18.92
18.93
18.94
18.93
18.92
18.93
18.94
18.96
18.95
18.94
18.95
18.94
18.94
18.94
18.94
18.95
18.94
18.93
18.93
18.94
18.94
18.94
18.94
18.94
18.93
18.93
18.92
18.93
18.92
18.93
18.93
18.94
18.93
18.92
18.93
18.92
18.92
18.91
18.90
18.91
18.93
18.94
18.93
18.93
18.93
18.93
18.93
18.94
18.95
18.93
18.93
18.93
18.93
18.93
18.93
18.91
18.92
18.91
18.90
18.89
18.91
18.89
18.90
18.89
18.89
18.89
18.89
18.88
18.87
18.87
18.87
18.88
18.88
18.88
18.90
18.90
18.89
18.88
18.89
18.91
18.92
18.91
18.90
18.90
18.90
18.89
18.88
18.86
18.85
18.85
18.85
18.84
18.84
18.84
18.85
18.85
18.85
18.86
18.86
18.85
18.85
18.84
18.83
18.82
18.81
18.80
18.80
18.79
18.78
18.78
18.79
18.78
18.77
18.77
18.77
18.77
18.78
18.77
18.77
18.77
18.77
18.77
18.77
18.77
18.77
18.77
18.78
18.78
18.77
18.78
18.79
18.79
18.78
18.78
18.78
18.78
18.77
18.77
18.76
18.77
18.77
18.77
18.78
18.78
18.77
18.78
18.77
18.77
18.77
18.76
18.77
18.77
18.77
18.78
18.79
18.79
18.79
18.79
18.79
18.80
18.80
18.79
18.79
18.80
18.79
18.79
18.77
18.76
18.76
18.76
18.76
18.77
18.77
18.78
18.79
18.79
18.79
18.79
18.78
18.78
18.79
18.79
18.80
18.80
18.79
18.79
18.79
18.79
18.79
18.77
18.78
18.77
18.77
18.77
18.77
18.77
18.77
18.77
18.76
18.75
18.73
