79.69
77.34
82.81
82.81
80.94
80.73
80.58
79.10
79.69
78.59
78.84
79.04
79.09
78.91
78.54
78.22
77.30
77.52
77.14
77.27
76.93
77.13
77.17
76.89
76.62
76.38
76.27
76.06
76.19
75.83
75.96
76.07
76.42
76.10
76.34
76.09
76.27
76.27
76.20
76.02
76.07
75.93
75.87
75.89
75.94
75.92
75.86
75.94
75.92
75.84
75.83
75.72
75.65
75.58
75.51
75.36
75.52
75.38
75.42
75.47
75.46
75.40
75.45
75.37
75.34
75.24
75.33
75.41
75.41
75.42
75.24
75.30
75.39
75.34
75.33
75.41
75.51
75.46
75.44
75.43
75.39
75.32
75.32
75.32
75.28
75.22
75.25
75.23
75.18
75.12
75.12
75.19
75.29
75.33
75.31
75.34
75.39
75.41
75.43
75.38
75.42
75.38
75.38
75.42
75.39
75.49
75.48
75.46
75.46
75.43
75.48
75.50
75.43
75.38
75.42
75.43
75.43
75.42
75.42
75.40
75.41
75.46
75.51
75.55
75.61
75.64
75.64
75.56
75.48
75.42
75.39
75.30
75.29
75.33
75.35
75.31
75.33
75.38
75.38
75.39
75.38
75.40
75.35
75.33
75.29
75.29
75.27
75.23
75.25
75.29
75.24
75.25
75.30
75.28
75.33
75.33
75.34
75.32
75.28
75.30
75.37
75.35
75.35
75.39
75.35
75.36
75.39
75.36
75.39
75.38
75.45
75.42
75.43
75.40
75.40
75.40
75.40
75.46
75.48
75.45
75.48
75.53
75.56
75.54
75.52
75.56
75.54
75.54
75.58
75.63
75.67
75.68
75.68
75.64
75.61
75.64
75.59
75.64
75.63
75.63
75.62
75.63
75.68
75.69
75.69
75.62
75.63
75.59
75.64
75.68
75.71
75.69
75.73
75.72
75.72
75.72
75.76
75.77
75.83
75.80
75.76
75.75
75.76
75.76
75.70
75.72
75.73
75.75
75.74
75.77
75.78
75.81
75.82
75.82
75.83
75.81
75.82
75.83
75.81
75.80
75.80
75.81
75.81
75.79
75.77
75.76
75.77
75.74
75.77
75.78
75.77
75.78
75.75
75.78
75.81
75.79
75.79
75.81
75.81
75.82
75.81
75.85
75.89
75.89
75.91
75.91
75.91
75.89
75.89
75.91
75.92
75.91
75.93
75.93
75.93
75.95
75.96
75.96
75.94
75.95
75.92
75.93
75.92
75.92
75.96
75.96
75.94
75.93
75.90
75.92
75.92
75.91
75.90
75.92
75.92
75.87
75.83
75.85
75.87
75.89
75.89
75.90
75.91
75.92
75.89
75.92
75.94
75.93
75.92
75.94
75.92
75.93
75.94
75.93
75.94
75.95
75.98
76.00
76.01
76.04
76.05
76.01
76.02
76.01
76.01
76.04
76.04
76.02
76.01
76.01
76.01
76.03
76.05
76.07
76.05
76.03
76.05
76.00
76.01
75.98
75.99
76.00
75.97
75.98
75.98
75.99
76.00
76.03
76.03
76.01
76.00
75.98
75.96
75.94
75.92
75.93
75.91
75.91
75.94
75.93
75.93
75.92
75.93
75.94
75.93
75.95
75.96
75.96
75.98
75.97
75.96
75.98
75.96
75.96
75.97
75.94
75.91
75.91
75.90
75.93
75.91
75.92
75.90
75.94
75.94
75.93
75.92
75.91
75.92
75.92
75.92
75.90
75.88
75.89
75.89
75.89
75.88
75.88
75.90
75.88
75.88
75.88
75.85
75.85
75.84
75.82
75.83
75.82
75.82
75.82
75.85
75.86
75.87
75.87
75.86
75.86
75.84
75.84
75.84
75.83
75.84
75.86
75.87
75.88
75.87
75.87
75.86
75.87
75.86
75.83
75.83
75.85
75.86
75.87
75.87
75.87
75.88
75.87
75.88
75.88
75.91
75.92
75.93
75.94
75.96
75.96
75.97
75.98
76.00
76.01
76.01
76.01
76.01
76.01
76.01
76.01
76.01
75.99
76.00
75.99
76.00
76.01
76.00
76.00
76.01
76.01
76.02
76.01
76.01
76.02
76.02
76.02
76.01
76.03
76.02
76.02
76.02
76.03
76.04
76.06
76.07
76.07
76.06
76.07
76.08
76.08
76.07
76.06
76.06
76.05
76.06
76.05
76.06
76.08
76.09
76.09
76.10
76.10
76.09
76.08
76.09
76.08
76.08
76.09
76.08
76.08
76.09
76.10
76.10
76.12
76.10
76.10
76.12
76.10
76.10
76.09
76.08
76.07
76.07
76.06
76.05
76.07
76.06
76.07
76.08
76.09
76.09
76.10
76.08
76.07
76.05
76.04
76.04
76.04
76.05
76.05
76.05
76.03
76.03
76.02
76.02
76.01
76.02
76.01
76.02
76.02
76.03
76.01
76.01
75.99
75.99
75.98
75.97
75.99
76.00
76.00
76.01
76.01
76.01
76.02
76.03
76.03
76.01
76.02
76.02
76.02
76.01
76.00
76.01
76.02
75.99
75.99
75.98
75.99
75.98
75.97
75.96
75.96
75.96
75.95
75.97
75.98
75.96
75.97
75.95
75.95
75.95
75.95
75.95
75.95
75.97
75.96
75.96
75.96
75.96
75.96
75.95
75.94
75.94
75.93
75.93
75.94
75.94
75.94
75.93
75.92
75.92
75.92
75.92
75.93
75.94
75.94
75.94
75.94
75.95
75.95
75.94
75.95
75.96
75.97
75.97
75.96
75.97
75.98
75.98
76.00
75.99
75.99
75.99
75.99
75.98
75.97
75.96
75.93
75.93
75.92
75.91
75.90
75.89
75.87
75.89
75.89
75.89
75.89
75.89
75.89
75.90
75.89
75.88
75.87
75.88
75.88
75.87
75.87
75.87
75.87
75.86
75.87
75.87
75.86
75.85
75.86
75.85
75.84
75.84
75.85
75.86
75.85
75.86
75.87
75.86
75.86
75.86
75.86
75.86
75.86
75.87
75.85
75.86
75.85
75.84
75.82
75.81
75.82
75.83
75.83
75.81
75.81
75.80
75.80
75.80
75.81
75.82
75.82
75.82
75.82
75.81
75.81
75.81
75.80
75.79
75.79
75.79
75.79
75.79
75.79
75.79
75.78
75.78
75.77
75.77
75.77
75.76
75.77
75.77
75.77
75.76
75.76
75.76
75.77
75.76
75.77
75.77
75.76
75.76
75.77
75.77
75.77
75.78
75.78
75.79
75.80
75.80
75.80
75.80
75.80
75.80
75.80
75.81
75.79
75.79
75.79
75.79
75.79
75.78
75.77
75.77
75.76
75.76
75.75
75.75
75.75
75.75
75.75
75.75
75.74
75.73
75.73
75.73
75.74
75.74
75.74
75.74
75.74
75.73
75.73
75.75
75.75
75.75
75.75
75.75
75.75
75.76
75.76
75.75
75.76
75.76
75.77
75.79
75.78
75.78
75.71
