70.31
74.22
71.35
72.66
73.12
70.31
68.97
68.36
68.40
68.75
68.32
68.10
68.63
68.19
68.54
68.95
69.12
69.18
69.00
68.75
68.53
68.32
68.34
68.36
68.31
68.45
68.34
68.75
68.59
68.49
68.60
68.55
68.66
68.98
68.88
68.88
68.58
68.63
68.47
68.44
68.37
68.45
68.31
68.43
68.44
68.48
68.35
68.65
68.62
68.47
68.38
68.57
68.46
68.32
68.18
68.16
67.96
68.10
68.27
68.36
68.26
68.25
68.20
68.24
68.27
68.30
68.28
68.38
68.32
68.33
68.35
68.25
68.45
68.43
68.58
68.65
68.63
68.61
68.55
68.40
68.40
68.48
68.41
68.36
68.44
68.51
68.53
68.55
68.59
68.52
68.49
68.55
68.55
68.53
68.59
68.54
68.52
68.46
68.53
68.50
68.49
68.49
68.45
68.49
68.53
68.57
68.53
68.61
68.62
68.68
68.68
68.60
68.54
68.48
68.44
68.49
68.52
68.49
68.57
68.65
68.67
68.66
68.58
68.50
68.44
68.50
68.53
68.53
68.56
68.53
68.48
68.53
68.49
68.42
68.38
68.44
68.52
68.51
68.62
68.63
68.69
68.72
68.72
68.78
68.74
68.79
68.75
68.77
68.81
68.89
68.91
68.88
68.90
68.82
68.83
68.89
68.93
68.96
68.94
68.95
68.96
68.88
68.89
68.88
68.88
68.89
68.91
68.89
68.89
68.90
68.88
68.85
68.81
68.83
68.85
68.83
68.85
68.80
68.81
68.83
68.91
68.91
68.94
68.96
68.99
68.97
68.95
69.02
69.04
69.00
68.94
68.94
69.00
69.04
69.02
69.02
69.03
69.03
69.00
68.95
68.96
68.94
68.97
68.95
68.97
69.02
68.97
68.95
68.92
68.92
68.94
68.96
68.95
68.95
68.92
68.93
68.93
68.91
68.91
68.93
68.92
68.95
68.97
68.98
68.92
68.93
68.92
68.89
68.83
68.85
68.81
68.84
68.86
68.84
68.85
68.83
68.77
68.73
68.76
68.73
68.71
68.70
68.74
68.76
68.78
68.72
68.69
68.69
68.66
68.65
68.67
68.68
68.69
68.70
68.73
68.73
68.72
68.78
68.73
68.75
68.71
68.76
68.80
68.80
68.77
68.76
68.74
68.76
68.74
68.76
68.76
68.77
68.77
68.77
68.74
68.75
68.77
68.78
68.78
68.81
68.78
68.82
68.82
68.82
68.83
68.83
68.82
68.80
68.84
68.85
68.87
68.87
68.87
68.89
68.87
68.87
68.85
68.86
68.86
68.84
68.83
68.84
68.83
68.84
68.84
68.84
68.86
68.85
68.85
68.87
68.85
68.81
68.79
68.79
68.79
68.78
68.78
68.80
68.78
68.78
68.79
68.81
68.80
68.78
68.76
68.77
68.75
68.75
68.74
68.75
68.75
68.74
68.74
68.73
68.71
68.69
68.70
68.72
68.69
68.68
68.70
68.72
68.71
68.71
68.70
68.66
68.66
68.67
68.66
68.64
68.62
68.62
68.60
68.58
68.57
68.57
68.54
68.55
68.55
68.55
68.56
68.54
68.54
68.57
68.53
68.53
68.54
68.55
68.57
68.59
68.56
68.58
68.58
68.57
68.59
68.59
68.60
68.58
68.59
68.59
68.60
68.62
68.62
68.62
68.68
68.67
68.66
68.69
68.70
68.70
68.69
68.71
68.72
68.74
68.74
68.75
68.74
68.72
68.71
68.72
68.69
68.68
68.68
68.67
68.68
68.68
68.70
68.68
68.70
68.71
68.73
68.71
68.71
68.70
68.70
68.69
68.69
68.68
68.66
68.65
68.66
68.67
68.67
68.68
68.68
68.68
68.68
68.69
68.67
68.68
68.68
68.67
68.68
68.67
68.65
68.64
68.65
68.61
68.61
68.59
68.59
68.59
68.58
68.57
68.58
68.57
68.56
68.56
68.56
68.56
68.55
68.55
68.53
68.53
68.53
68.53
68.54
68.55
68.56
68.57
68.57
68.57
68.58
68.56
68.58
68.58
68.58
68.58
68.57
68.58
68.58
68.60
68.61
68.61
68.60
68.60
68.60
68.60
68.59
68.57
68.56
68.57
68.59
68.58
68.58
68.60
68.61
68.60
68.62
68.61
68.63
68.65
68.64
68.66
68.66
68.67
68.67
68.69
68.68
68.67
68.65
68.66
68.64
68.64
68.65
68.65
68.65
68.64
68.65
68.64
68.65
68.66
68.65
68.66
68.65
68.64
68.65
68.65
68.67
68.68
68.68
68.69
68.68
68.69
68.71
68.71
68.72
68.73
68.73
68.74
68.74
68.75
68.75
68.74
68.73
68.73
68.73
68.74
68.73
68.71
68.71
68.72
68.74
68.74
68.74
68.75
68.75
68.74
68.73
68.74
68.74
68.74
68.73
68.72
68.70
68.70
68.69
68.69
68.69
68.71
68.71
68.71
68.73
68.73
68.73
68.72
68.73
68.73
68.73
68.72
68.73
68.74
68.74
68.74
68.74
68.75
68.72
68.73
68.72
68.73
68.74
68.73
68.73
68.74
68.75
68.74
68.75
68.74
68.75
68.76
68.76
68.77
68.77
68.78
68.78
68.78
68.79
68.79
68.79
68.80
68.80
68.80
68.80
68.80
68.80
68.80
68.80
68.78
68.76
68.78
68.78
68.78
68.79
68.81
68.82
68.83
68.84
68.85
68.84
68.85
68.84
68.85
68.84
68.85
68.84
68.82
68.82
68.82
68.82
68.83
68.84
68.84
68.84
68.85
68.84
68.84
68.86
68.87
68.87
68.88
68.87
68.87
68.87
68.88
68.87
68.88
68.88
68.89
68.90
68.91
68.93
68.94
68.94
68.93
68.94
68.94
68.95
68.94
68.95
68.96
68.96
68.96
68.95
68.95
68.92
68.93
68.94
68.95
68.95
68.94
68.95
68.94
68.95
68.94
68.94
68.94
68.96
68.95
68.94
68.93
68.93
68.94
68.93
68.94
68.93
68.93
68.92
68.94
68.94
68.93
68.93
68.94
68.95
68.93
68.94
68.95
68.94
68.94
68.93
68.93
68.94
68.93
68.93
68.92
68.92
68.91
68.91
68.91
68.90
68.90
68.91
68.92
68.93
68.93
68.92
68.92
68.90
68.90
68.91
68.91
68.91
68.92
68.91
68.92
68.92
68.92
68.91
68.92
68.92
68.92
68.92
68.93
68.92
68.93
68.93
68.93
68.94
68.95
68.95
68.96
68.96
68.98
68.98
68.98
69.00
68.99
68.98
68.99
69.00
68.99
68.99
68.97
68.97
68.97
68.98
68.97
68.97
68.98
68.99
68.98
68.99
68.99
68.99
68.99
68.99
69.00
69.00
68.99
68.98
68.98
68.97
68.97
68.96
68.96
68.97
68.97
68.98
68.98
68.99
69.00
68.99
68.92
