25.00
25.78
26.56
26.17
27.19
27.08
27.68
27.73
28.82
28.44
27.70
27.99
28.37
27.90
28.12
28.42
28.40
28.12
28.21
28.12
28.42
28.41
28.33
28.06
27.87
28.12
28.36
28.07
27.96
27.97
28.18
28.08
28.12
28.17
28.21
28.39
28.12
28.21
28.57
28.52
28.51
28.50
28.52
28.76
28.96
29.11
29.12
29.07
29.08
29.09
29.07
29.15
29.22
29.05
28.84
28.77
28.92
28.91
28.79
28.67
28.77
28.81
28.92
28.74
28.92
28.98
29.06
29.11
29.12
29.24
29.29
29.30
29.32
29.22
29.23
29.09
29.08
29.09
29.11
29.12
29.11
29.04
29.14
29.13
29.08
29.02
29.13
29.19
29.25
29.22
29.26
29.23
29.17
29.17
29.21
29.28
29.32
29.30
29.21
29.19
29.21
29.27
29.22
29.24
29.17
29.23
29.19
29.15
29.13
29.13
29.25
29.32
29.30
29.32
29.33
29.34
29.29
29.30
29.27
29.26
29.22
29.15
29.10
29.08
29.00
29.01
29.01
29.05
29.00
29.01
28.94
28.94
28.98
28.95
28.94
28.91
28.92
28.88
28.83
28.84
28.85
28.87
28.94
28.90
28.86
28.87
28.87
28.89
28.93
28.88
28.86
28.81
28.79
28.83
28.81
28.79
28.79
28.82
28.76
28.81
28.79
28.77
28.78
28.77
28.79
28.78
28.71
28.75
28.74
28.77
28.78
28.83
28.85
28.95
28.96
28.97
28.96
28.97
28.91
28.87
28.87
28.85
28.82
28.84
28.85
28.88
28.83
28.78
28.79
28.79
28.78
28.79
28.82
28.87
28.82
28.79
28.83
28.86
28.88
28.87
28.86
28.90
28.95
28.91
28.90
28.83
28.80
28.80
28.80
28.81
28.89
28.85
28.83
28.83
28.84
28.86
28.87
28.87
28.90
28.94
28.94
28.94
28.97
28.94
28.92
28.93
28.94
28.92
28.86
28.85
28.88
28.87
28.85
28.87
28.84
28.81
28.80
28.81
28.86
28.85
28.88
28.85
28.83
28.84
28.80
28.76
28.74
28.77
28.79
28.81
28.83
28.81
28.82
28.81
28.79
28.76
28.73
28.71
28.73
28.73
28.71
28.72
28.71
28.76
28.74
28.75
28.74
28.75
28.77
28.77
28.79
28.76
28.77
28.75
28.80
28.81
28.84
28.86
28.85
28.82
28.82
28.83
28.80
28.80
28.80
28.80
28.88
28.87
28.89
28.87
28.86
28.85
28.89
28.92
28.89
28.89
28.88
28.89
28.87
28.91
28.93
28.90
28.89
28.88
28.88
28.89
28.87
28.88
28.88
28.90
28.88
28.90
28.90
28.91
28.91
28.89
28.87
28.89
28.88
28.85
28.82
28.80
28.81
28.80
28.84
28.85
28.87
28.86
28.88
28.88
28.89
28.91
28.90
28.91
28.94
28.94
28.96
28.96
28.95
28.92
28.91
28.91
28.92
28.91
28.88
28.85
28.84
28.83
28.85
28.85
28.83
28.83
28.83
28.86
28.87
28.89
28.89
28.87
28.88
28.85
28.84
28.83
28.83
28.83
28.83
28.83
28.80
28.81
28.79
28.79
28.78
28.77
28.74
28.75
28.76
28.73
28.74
28.77
28.81
28.80
28.82
28.79
28.80
28.80
28.82
28.83
28.84
28.85
28.82
28.83
28.83
28.82
28.82
28.82
28.86
28.87
28.88
28.89
28.89
28.90
28.90
28.90
28.90
28.90
28.93
28.91
28.89
28.88
28.88
28.90
28.90
28.89
28.92
28.94
28.95
28.92
28.93
28.95
28.92
28.92
28.93
28.94
28.94
28.94
28.95
28.97
28.99
29.01
29.00
29.00
29.01
29.00
28.99
28.98
28.97
28.99
28.98
28.97
28.97
28.97
28.96
28.96
28.95
28.94
28.95
28.94
28.94
28.92
28.90
28.94
28.92
28.92
28.92
28.91
28.93
28.92
28.93
28.92
28.92
28.92
28.92
28.96
28.93
28.93
28.91
28.91
28.91
28.90
28.88
28.88
28.89
28.88
28.91
28.91
28.91
28.89
28.89
28.86
28.87
28.87
28.89
28.89
28.90
28.89
28.88
28.87
28.85
28.85
28.84
28.85
28.86
28.86
28.85
28.83
28.82
28.81
28.81
28.81
28.80
28.80
28.78
28.78
28.78
28.79
28.77
28.77
28.77
28.76
28.76
28.74
28.76
28.77
28.77
28.77
28.76
28.75
28.74
28.73
28.73
28.72
28.72
28.73
28.76
28.77
28.77
28.76
28.75
28.74
28.75
28.74
28.73
28.72
28.75
28.73
28.74
28.74
28.74
28.76
28.78
28.79
28.80
28.82
28.82
28.83
28.84
28.84
28.86
28.86
28.85
28.84
28.84
28.85
28.85
28.87
28.88
28.87
28.87
28.86
28.87
28.85
28.84
28.83
28.82
28.81
28.81
28.80
28.80
28.79
28.78
28.78
28.78
28.78
28.77
28.78
28.78
28.77
28.79
28.77
28.76
28.75
28.74
28.74
28.73
28.73
28.74
28.75
28.76
28.76
28.76
28.76
28.76
28.74
28.74
28.74
28.76
28.74
28.73
28.73
28.73
28.74
28.76
28.76
28.77
28.76
28.76
28.76
28.76
28.77
28.77
28.77
28.78
28.77
28.76
28.77
28.78
28.80
28.82
28.81
28.80
28.79
28.77
28.76
28.76
28.77
28.77
28.76
28.77
28.78
28.78
28.78
28.78
28.79
28.79
28.81
28.80
28.81
28.79
28.78
28.78
28.77
28.77
28.76
28.76
28.76
28.75
28.74
28.74
28.73
28.72
28.71
28.72
28.73
28.73
28.74
28.75
28.74
28.75
28.74
28.74
28.75
28.75
28.74
28.73
28.75
28.75
28.76
28.74
28.73
28.72
28.72
28.72
28.73
28.72
28.71
28.70
28.69
28.68
28.69
28.67
28.67
28.69
28.69
28.69
28.67
28.68
28.68
28.68
28.68
28.68
28.71
28.71
28.73
28.73
28.72
28.73
28.73
28.71
28.71
28.72
28.71
28.71
28.71
28.71
28.71
28.71
28.69
28.70
28.70
28.69
28.68
28.67
28.68
28.69
28.68
28.68
28.69
28.69
28.69
28.69
28.69
28.69
28.69
28.70
28.69
28.69
28.70
28.69
28.70
28.68
28.68
28.69
28.68
28.69
28.69
28.70
28.71
28.70
28.70
28.70
28.70
28.71
28.69
28.70
28.70
28.71
28.71
28.71
28.71
28.70
28.69
28.69
28.68
28.67
28.65
28.67
28.65
28.66
28.65
28.65
28.67
28.68
28.67
28.66
28.66
28.67
28.66
28.66
28.66
28.66
28.66
28.66
28.67
28.66
28.68
28.67
28.65
28.66
28.65
28.65
28.65
28.65
28.62
