71.88
72.66
75.52
74.61
73.12
72.92
73.44
73.24
73.61
74.69
75.71
75.65
75.60
75.22
75.21
75.68
75.64
76.13
76.89
76.72
76.86
76.99
76.90
77.08
76.81
76.26
75.98
76.12
76.13
76.04
76.21
75.98
75.99
76.19
76.21
76.17
76.22
76.23
76.16
75.94
75.80
75.78
75.87
75.82
75.87
75.92
76.00
76.04
76.28
76.25
76.35
76.41
76.36
76.36
76.42
76.28
76.32
76.27
76.40
76.46
76.38
76.49
76.36
76.25
76.25
76.33
76.40
76.45
76.52
76.43
76.39
76.30
76.26
76.33
76.21
76.25
76.16
76.18
76.15
76.04
76.23
76.28
76.28
76.38
76.29
76.34
76.35
76.33
76.33
76.35
76.43
76.43
76.46
76.50
76.55
76.56
76.55
76.55
76.53
76.52
76.58
76.50
76.56
76.59
76.56
76.61
76.52
76.52
76.42
76.41
76.44
76.44
76.52
76.52
76.41
76.39
76.42
76.40
76.50
76.46
76.43
76.43
76.33
76.27
76.25
76.23
76.27
76.22
76.25
76.30
76.28
76.31
76.30
76.33
76.31
76.38
76.33
76.30
76.26
76.24
76.16
76.10
76.05
76.03
76.06
76.04
75.99
75.96
76.02
76.01
75.99
76.03
76.05
76.01
76.08
76.10
76.14
76.13
76.14
76.14
76.12
76.08
76.04
76.07
76.02
76.05
76.02
76.00
76.04
76.03
76.07
76.02
75.96
76.01
75.97
75.96
75.98
76.04
76.00
76.02
76.03
76.00
75.99
75.99
76.01
75.96
75.92
75.97
75.97
75.97
76.02
76.03
76.06
76.03
76.05
76.04
76.03
76.07
76.04
76.02
76.03
76.05
76.03
76.01
76.00
75.98
76.02
76.08
76.08
76.05
76.04
76.11
76.10
76.05
76.05
76.01
76.03
76.06
76.07
76.04
76.02
76.02
76.04
76.06
76.07
76.09
76.09
76.06
76.06
76.11
76.16
76.17
76.17
76.11
76.13
76.13
76.13
76.14
76.15
76.12
76.14
76.14
76.15
76.16
76.13
76.12
76.13
76.07
76.05
76.06
76.01
76.04
76.07
76.11
76.12
76.12
76.10
76.09
76.08
76.09
76.08
76.08
76.09
76.11
76.12
76.11
76.13
76.11
76.12
76.10
76.10
76.10
76.13
76.11
76.14
76.13
76.13
76.14
76.14
76.16
76.16
76.16
76.18
76.16
76.20
76.20
76.21
76.20
76.19
76.20
76.21
76.18
76.17
76.22
76.23
76.19
76.19
76.20
76.18
76.17
76.16
76.15
76.18
76.18
76.15
76.11
76.10
76.08
76.10
76.08
76.10
76.10
76.09
76.09
76.10
76.09
76.08
76.09
76.10
76.08
76.08
76.08
76.07
76.05
76.05
76.04
76.02
76.03
76.02
76.03
76.03
76.04
76.07
76.07
76.08
76.06
76.08
76.09
76.07
76.07
76.08
76.08
76.09
76.10
76.11
76.11
76.14
76.14
76.16
76.18
76.19
76.20
76.23
76.20
76.18
76.18
76.16
76.19
76.20
76.20
76.18
76.17
76.17
76.17
76.16
76.14
76.14
76.15
76.15
76.18
76.18
76.18
76.18
76.17
76.18
76.18
76.18
76.17
76.16
76.12
76.12
76.14
76.16
76.16
76.17
76.16
76.17
76.15
76.16
76.15
76.16
76.18
76.15
76.14
76.14
76.16
76.15
76.16
76.17
76.17
76.17
76.18
76.19
76.17
76.17
76.14
76.14
76.14
76.13
76.13
76.14
76.15
76.16
76.16
76.15
76.16
76.16
76.16
76.14
76.14
76.16
76.18
76.18
76.19
76.22
76.24
76.26
76.24
76.21
76.21
76.19
76.20
76.21
76.20
76.20
76.21
76.22
76.22
76.23
76.23
76.23
76.24
76.27
76.26
76.26
76.24
76.23
76.23
76.24
76.22
76.21
76.24
76.22
76.19
76.19
76.20
76.18
76.18
76.18
76.20
76.21
76.19
76.18
76.19
76.17
76.15
76.13
76.13
76.12
76.13
76.15
76.13
76.12
76.11
76.10
76.09
76.08
76.09
76.08
76.06
76.06
76.06
76.06
76.07
76.07
76.07
76.07
76.08
76.07
76.08
76.07
76.08
76.07
76.07
76.08
76.08
76.09
76.09
76.08
76.09
76.08
76.08
76.06
76.06
76.08
76.07
76.06
76.06
76.04
76.04
76.05
76.06
76.07
76.08
76.07
76.07
76.07
76.05
76.03
76.03
76.04
76.06
76.04
76.04
76.03
76.01
76.01
76.01
75.99
75.98
75.98
75.99
75.98
75.98
76.00
75.99
76.00
75.99
75.99
75.98
75.97
75.98
75.98
75.98
75.97
75.96
75.97
75.97
75.97
75.97
75.96
75.97
75.96
75.96
75.94
75.94
75.93
75.94
75.93
75.92
75.92
75.92
75.91
75.93
75.93
75.93
75.93
75.94
75.93
75.90
75.91
75.92
75.89
75.91
75.92
75.90
75.91
75.91
75.92
75.91
75.92
75.92
75.92
75.92
75.93
75.93
75.94
75.92
75.92
75.92
75.94
75.93
75.95
75.94
75.95
75.94
75.94
75.95
75.95
75.96
75.97
75.98
75.99
75.98
75.96
75.94
75.95
75.95
75.97
75.95
75.95
75.94
75.93
75.93
75.92
75.92
75.90
75.91
75.91
75.91
75.90
75.90
75.91
75.91
75.92
75.91
75.89
75.90
75.88
75.89
75.88
75.89
75.89
75.89
75.90
75.90
75.91
75.90
75.89
75.89
75.89
75.90
75.91
75.90
75.90
75.91
75.91
75.91
75.93
75.92
75.91
75.91
75.92
75.94
75.96
75.94
75.94
75.93
75.92
75.94
75.95
75.94
75.94
75.93
75.94
75.93
75.93
75.93
75.92
75.92
75.92
75.94
75.94
75.94
75.94
75.95
75.95
75.96
75.95
75.96
75.96
75.96
75.97
75.97
75.98
75.98
76.00
76.00
75.99
75.99
75.99
76.00
76.00
76.00
76.01
76.00
76.00
76.00
76.00
76.00
75.99
75.98
75.98
76.00
75.99
75.99
75.99
76.00
76.00
76.00
76.00
76.00
75.99
75.99
75.98
75.98
75.99
75.98
75.97
75.98
75.99
76.00
76.00
76.01
76.04
76.04
76.04
76.04
76.04
76.04
76.04
76.04
76.05
76.04
76.04
76.06
76.05
76.04
76.05
76.05
76.06
76.06
76.06
76.07
76.08
76.08
76.08
76.09
76.08
76.10
76.10
76.11
76.11
76.11
76.11
76.11
76.11
76.12
76.11
76.09
76.08
76.08
76.09
76.09
76.08
76.08
76.08
76.08
76.09
76.08
76.07
76.07
76.08
76.07
76.08
76.10
76.09
76.08
76.10
76.10
76.08
76.01
