78.12
77.34
77.08
79.30
77.81
77.08
76.79
77.54
77.95
76.88
76.42
76.69
77.40
77.01
76.88
76.46
76.65
76.74
76.81
76.88
76.26
75.92
75.61
75.59
75.31
75.06
75.17
74.94
75.16
74.95
75.30
75.59
75.80
75.83
75.76
75.61
75.51
75.53
75.60
75.51
75.65
75.60
75.76
75.53
75.66
75.68
75.63
75.55
75.61
75.62
75.70
75.63
75.71
75.72
75.65
75.78
75.77
75.86
75.93
75.91
75.90
75.81
75.84
75.78
75.75
75.73
75.75
75.76
75.72
75.69
75.75
75.72
75.60
75.68
75.67
75.66
75.75
75.72
75.57
75.53
75.60
75.61
75.60
75.60
75.57
75.44
75.43
75.44
75.46
75.52
75.48
75.51
75.64
75.63
75.74
75.68
75.69
75.67
75.68
75.64
75.57
75.55
75.49
75.48
75.48
75.52
75.55
75.61
75.62
75.64
75.62
75.66
75.66
75.64
75.68
75.69
75.73
75.77
75.74
75.73
75.71
75.74
75.75
75.82
75.81
75.83
75.87
75.92
75.82
75.83
75.83
75.77
75.79
75.76
75.79
75.79
75.80
75.83
75.79
75.75
75.78
75.76
75.76
75.77
75.70
75.66
75.69
75.68
75.70
75.72
75.72
75.68
75.64
75.65
75.66
75.65
75.67
75.68
75.60
75.53
75.49
75.49
75.49
75.49
75.46
75.44
75.45
75.47
75.53
75.51
75.46
75.51
75.48
75.50
75.48
75.52
75.48
75.47
75.44
75.36
75.37
75.40
75.48
75.51
75.53
75.51
75.50
75.52
75.50
75.51
75.50
75.45
75.46
75.47
75.47
75.47
75.48
75.49
75.46
75.43
75.46
75.36
75.37
75.32
75.30
75.27
75.20
75.22
75.24
75.23
75.25
75.29
75.29
75.33
75.35
75.35
75.34
75.32
75.35
75.33
75.32
75.31
75.31
75.30
75.31
75.28
75.28
75.27
75.27
75.29
75.31
75.28
75.24
75.30
75.28
75.29
75.29
75.26
75.24
75.23
75.25
75.22
75.21
75.19
75.14
75.14
75.13
75.15
75.11
75.16
75.12
75.12
75.14
75.12
75.13
75.13
75.15
75.16
75.20
75.25
75.24
75.24
75.21
75.20
75.21
75.22
75.20
75.21
75.23
75.24
75.26
75.27
75.27
75.27
75.24
75.25
75.27
75.29
75.29
75.29
75.29
75.30
75.29
75.32
75.30
75.31
75.32
75.35
75.35
75.38
75.38
75.39
75.38
75.38
75.39
75.40
75.41
75.44
75.44
75.44
75.46
75.46
75.46
75.49
75.52
75.54
75.53
75.54
75.52
75.53
75.53
75.52
75.53
75.53
75.55
75.57
75.57
75.57
75.57
75.58
75.57
75.58
75.58
75.57
75.55
75.56
75.57
75.57
75.58
75.57
75.58
75.56
75.53
75.55
75.56
75.57
75.57
75.55
75.55
75.55
75.54
75.51
75.51
75.50
75.50
75.49
75.50
75.50
75.49
75.47
75.46
75.45
75.47
75.47
75.44
75.45
75.46
75.47
75.47
75.46
75.48
75.49
75.45
75.40
75.41
75.40
75.37
75.35
75.37
75.38
75.38
75.40
75.39
75.38
75.39
75.35
75.36
75.36
75.38
75.37
75.38
75.36
75.35
75.38
75.39
75.41
75.40
75.37
75.37
75.37
75.38
75.37
75.35
75.37
75.37
75.38
75.39
75.40
75.39
75.39
75.39
75.37
75.36
75.37
75.41
75.42
75.43
75.44
75.44
75.44
75.41
75.41
75.41
75.42
75.43
75.41
75.40
75.39
75.40
75.40
75.40
75.39
75.38
75.40
75.39
75.40
75.41
75.39
75.40
75.39
75.37
75.38
75.36
75.37
75.36
75.37
75.36
75.36
75.39
75.39
75.39
75.39
75.41
75.44
75.42
75.42
75.42
75.42
75.41
75.41
75.41
75.40
75.40
75.40
75.38
75.38
75.37
75.35
75.35
75.37
75.38
75.38
75.36
75.37
75.38
75.37
75.37
75.38
75.40
75.41
75.42
75.43
75.42
75.43
75.42
75.44
75.42
75.41
75.39
75.39
75.38
75.39
75.38
75.39
75.39
75.39
75.38
75.37
75.38
75.36
75.37
75.39
75.41
75.41
75.40
75.42
75.41
75.42
75.42
75.41
75.41
75.40
75.41
75.40
75.41
75.40
75.42
75.43
75.45
75.46
75.45
75.46
75.48
75.47
75.47
75.47
75.46
75.48
75.49
75.50
75.49
75.49
75.49
75.51
75.53
75.53
75.52
75.52
75.53
75.52
75.52
75.52
75.52
75.53
75.53
75.54
75.55
75.57
75.58
75.58
75.59
75.60
75.58
75.59
75.59
75.59
75.60
75.60
75.59
75.59
75.60
75.60
75.61
75.63
75.63
75.61
75.62
75.62
75.64
75.62
75.60
75.59
75.59
75.58
75.58
75.59
75.59
75.58
75.56
75.56
75.56
75.54
75.54
75.53
75.53
75.52
75.52
75.53
75.54
75.54
75.54
75.53
75.54
75.54
75.54
75.55
75.55
75.55
75.55
75.54
75.54
75.55
75.55
75.54
75.54
75.53
75.52
75.51
75.50
75.51
75.51
75.52
75.50
75.49
75.49
75.50
75.50
75.50
75.50
75.51
75.52
75.51
75.52
75.52
75.52
75.51
75.50
75.49
75.49
75.50
75.51
75.51
75.51
75.52
75.52
75.53
75.53
75.52
75.54
75.55
75.56
75.57
75.57
75.56
75.57
75.58
75.59
75.59
75.61
75.61
75.62
75.62
75.62
75.62
75.61
75.62
75.61
75.61
75.59
75.60
75.58
75.59
75.60
75.60
75.59
75.59
75.58
75.58
75.59
75.58
75.57
75.59
75.58
75.58
75.58
75.58
75.59
75.59
75.58
75.56
75.57
75.57
75.58
75.60
75.59
75.58
75.59
75.60
75.59
75.60
75.60
75.61
75.62
75.61
75.62
75.62
75.62
75.63
75.62
75.63
75.63
75.63
75.63
75.62
75.62
75.62
75.62
75.63
75.62
75.62
75.61
75.62
75.63
75.63
75.62
75.62
75.63
75.64
75.64
75.64
75.64
75.63
75.63
75.62
75.63
75.61
75.61
75.62
75.62
75.63
75.62
75.62
75.62
75.63
75.63
75.63
75.63
75.64
75.63
75.63
75.62
75.61
75.61
75.61
75.61
75.59
75.59
75.59
75.59
75.59
75.61
75.60
75.59
75.59
75.59
75.60
75.60
75.59
75.60
75.59
75.58
75.60
75.60
75.60
75.60
75.60
75.61
75.61
75.62
75.61
75.61
75.61
75.60
75.61
75.62
75.63
75.63
75.63
75.63
75.65
75.65
75.65
75.65
75.65
75.65
75.65
75.66
75.66
75.66
75.66
75.65
75.58
