79.69
79.69
80.73
78.91
78.12
78.12
77.23
75.78
75.87
75.47
75.57
75.00
74.52
73.88
74.17
74.12
74.08
74.57
74.26
75.00
75.37
75.50
75.48
75.65
75.38
75.42
75.35
75.50
75.54
75.57
75.40
75.39
75.14
75.14
75.40
75.52
75.42
75.33
75.16
75.20
75.19
75.07
75.00
75.36
75.45
75.41
75.43
75.42
75.51
75.50
75.34
75.33
75.24
75.12
75.00
75.03
75.00
75.08
75.05
75.05
75.10
75.18
75.17
75.05
75.02
75.05
75.00
75.02
75.16
75.16
75.07
75.11
75.00
75.06
75.02
75.00
75.10
75.08
75.12
75.18
75.08
75.06
75.02
74.94
74.89
74.82
74.77
74.79
74.86
74.84
74.71
74.68
74.63
74.63
74.69
74.66
74.73
74.70
74.70
74.70
74.77
74.79
74.79
74.79
74.72
74.71
74.71
74.71
74.76
74.80
74.76
74.82
74.81
74.86
74.90
74.88
74.91
74.88
74.92
74.93
74.95
74.92
74.94
74.90
74.91
74.94
74.99
74.95
74.98
74.89
74.82
74.83
74.86
74.92
74.93
74.89
74.83
74.78
74.75
74.78
74.69
74.64
74.64
74.66
74.70
74.69
74.69
74.61
74.58
74.58
74.51
74.48
74.46
74.44
74.41
74.40
74.44
74.44
74.42
74.45
74.43
74.46
74.43
74.47
74.47
74.48
74.50
74.48
74.45
74.45
74.45
74.42
74.38
74.34
74.35
74.37
74.28
74.27
74.27
74.29
74.29
74.25
74.24
74.26
74.26
74.30
74.32
74.32
74.37
74.38
74.37
74.37
74.35
74.37
74.41
74.40
74.43
74.41
74.44
74.42
74.43
74.44
74.45
74.46
74.48
74.45
74.46
74.46
74.43
74.43
74.39
74.40
74.41
74.44
74.43
74.39
74.38
74.35
74.34
74.32
74.34
74.35
74.39
74.36
74.40
74.41
74.43
74.41
74.42
74.43
74.45
74.45
74.46
74.45
74.48
74.49
74.46
74.46
74.50
74.46
74.43
74.43
74.41
74.41
74.43
74.43
74.41
74.39
74.43
74.43
74.45
74.46
74.46
74.50
74.48
74.43
74.41
74.37
74.34
74.32
74.30
74.30
74.29
74.28
74.28
74.25
74.26
74.27
74.25
74.21
74.24
74.24
74.25
74.25
74.24
74.25
74.24
74.25
74.25
74.24
74.26
74.27
74.24
74.25
74.21
74.22
74.24
74.26
74.26
74.23
74.23
74.25
74.23
74.23
74.21
74.21
74.23
74.24
74.25
74.24
74.25
74.27
74.31
74.35
74.35
74.34
74.32
74.35
74.34
74.36
74.33
74.34
74.33
74.36
74.33
74.32
74.33
74.36
74.37
74.35
74.34
74.33
74.36
74.35
74.36
74.36
74.34
74.34
74.36
74.37
74.32
74.32
74.32
74.34
74.31
74.31
74.31
74.31
74.30
74.30
74.28
74.28
74.30
74.31
74.32
74.32
74.33
74.32
74.31
74.33
74.32
74.32
74.32
74.32
74.33
74.34
74.33
74.31
74.31
74.32
74.32
74.34
74.37
74.36
74.37
74.38
74.35
74.35
74.36
74.37
74.35
74.37
74.37
74.35
74.35
74.36
74.37
74.38
74.40
74.39
74.38
74.37
74.36
74.34
74.33
74.33
74.32
74.32
74.31
74.29
74.29
74.30
74.30
74.30
74.31
74.32
74.32
74.33
74.31
74.32
74.31
74.30
74.29
74.30
74.30
74.31
74.33
74.35
74.35
74.37
74.38
74.36
74.35
74.33
74.35
74.35
74.34
74.34
74.34
74.36
74.37
74.40
74.40
74.38
74.38
74.39
74.39
74.36
74.36
74.36
74.36
74.34
74.34
74.34
74.35
74.36
74.35
74.33
74.34
74.33
74.33
74.31
74.29
74.31
74.29
74.29
74.30
74.29
74.28
74.29
74.29
74.28
74.26
74.24
74.25
74.24
74.25
74.26
74.26
74.27
74.26
74.27
74.26
74.28
74.28
74.27
74.26
74.25
74.25
74.25
74.25
74.26
74.26
74.27
74.27
74.27
74.28
74.28
74.29
74.29
74.27
74.27
74.27
74.25
74.26
74.28
74.28
74.27
74.27
74.28
74.28
74.28
74.28
74.27
74.28
74.28
74.26
74.26
74.25
74.25
74.26
74.27
74.26
74.26
74.28
74.27
74.28
74.29
74.30
74.30
74.31
74.33
74.34
74.33
74.34
74.34
74.32
74.31
74.31
74.31
74.31
74.32
74.31
74.32
74.31
74.29
74.28
74.27
74.27
74.26
74.24
74.25
74.25
74.25
74.26
74.27
74.28
74.27
74.28
74.28
74.27
74.29
74.28
74.27
74.25
74.25
74.24
74.25
74.25
74.25
74.24
74.24
74.25
74.26
74.26
74.27
74.28
74.26
74.25
74.26
74.25
74.27
74.26
74.27
74.28
74.25
74.26
74.27
74.27
74.27
74.27
74.28
74.28
74.29
74.30
74.29
74.30
74.31
74.31
74.31
74.31
74.31
74.31
74.32
74.31
74.30
74.32
74.33
74.34
74.34
74.34
74.36
74.37
74.36
74.35
74.36
74.38
74.38
74.39
74.39
74.39
74.41
74.41
74.40
74.41
74.42
74.41
74.41
74.42
74.43
74.42
74.42
74.42
74.44
74.44
74.45
74.45
74.45
74.46
74.45
74.46
74.45
74.44
74.45
74.45
74.44
74.45
74.46
74.47
74.46
74.46
74.45
74.45
74.45
74.45
74.44
74.45
74.45
74.46
74.46
74.46
74.44
74.43
74.42
74.42
74.41
74.42
74.41
74.41
74.42
74.42
74.42
74.43
74.43
74.43
74.43
74.43
74.44
74.44
74.42
74.43
74.43
74.42
74.42
74.43
74.43
74.43
74.44
74.44
74.44
74.44
74.45
74.44
74.43
74.42
74.42
74.42
74.41
74.39
74.38
74.39
74.38
74.38
74.39
74.39
74.39
74.40
74.40
74.40
74.40
74.42
74.41
74.42
74.41
74.42
74.42
74.43
74.43
74.43
74.43
74.43
74.44
74.43
74.43
74.42
74.42
74.42
74.42
74.42
74.43
74.43
74.43
74.43
74.44
74.45
74.45
74.45
74.45
74.44
74.45
74.45
74.44
74.43
74.42
74.41
74.40
74.41
74.40
74.39
74.39
74.39
74.41
74.41
74.40
74.41
74.41
74.42
74.42
74.42
74.42
74.42
74.41
74.41
74.40
74.40
74.41
74.41
74.42
74.42
74.42
74.42
74.42
74.43
74.44
74.43
74.44
74.44
74.44
74.43
74.43
74.45
74.45
74.46
74.46
74.45
74.46
74.46
74.47
74.47
74.47
74.46
74.47
74.47
74.47
74.47
74.47
74.47
74.47
74.46
74.47
74.47
74.40
