78.12
74.22
75.52
75.39
75.94
76.82
78.35
77.93
76.39
75.00
74.72
74.48
75.48
75.67
75.62
75.39
75.09
74.83
74.92
74.84
75.37
74.86
75.07
75.20
75.31
75.00
74.88
75.17
75.11
75.10
74.85
74.80
74.48
74.45
74.64
74.57
74.49
74.63
74.80
74.65
74.62
74.70
74.75
74.57
74.79
74.97
74.87
75.07
75.13
75.28
75.18
75.09
75.24
75.03
75.09
74.86
75.00
74.97
75.05
75.21
75.10
75.23
75.17
75.24
75.26
75.28
75.23
75.18
75.32
75.29
75.37
75.33
75.28
75.21
75.29
75.35
75.34
75.36
75.26
75.27
75.31
75.23
75.28
75.33
75.35
75.40
75.38
75.30
75.32
75.17
75.17
75.15
75.12
75.13
75.18
75.18
75.11
75.13
75.09
75.08
75.17
75.12
75.14
75.20
75.12
75.03
74.97
74.87
74.89
74.86
74.70
74.72
74.76
74.77
74.67
74.68
74.69
74.72
74.65
74.62
74.68
74.72
74.71
74.68
74.68
74.75
74.80
74.82
74.87
74.83
74.90
74.87
74.82
74.80
74.81
74.75
74.79
74.74
74.76
74.80
74.83
74.92
74.96
74.91
74.88
74.88
74.83
74.89
74.87
74.89
74.89
74.96
74.90
74.95
75.00
75.01
75.00
74.99
74.97
74.97
75.00
75.10
75.11
75.12
75.10
75.09
75.16
75.17
75.18
75.17
75.18
75.20
75.18
75.20
75.22
75.21
75.22
75.25
75.26
75.27
75.28
75.21
75.19
75.22
75.19
75.15
75.13
75.13
75.14
75.17
75.22
75.24
75.31
75.28
75.26
75.24
75.22
75.21
75.20
75.17
75.22
75.20
75.22
75.18
75.18
75.19
75.19
75.19
75.19
75.21
75.22
75.23
75.21
75.21
75.20
75.24
75.24
75.22
75.20
75.18
75.21
75.23
75.21
75.22
75.21
75.26
75.31
75.30
75.31
75.29
75.30
75.32
75.31
75.34
75.29
75.28
75.32
75.30
75.29
75.27
75.25
75.27
75.26
75.23
75.24
75.29
75.29
75.31
75.28
75.32
75.32
75.29
75.29
75.29
75.26
75.26
75.24
75.22
75.22
75.20
75.20
75.20
75.23
75.25
75.27
75.29
75.28
75.29
75.30
75.28
75.27
75.30
75.29
75.30
75.28
75.28
75.30
75.28
75.26
75.27
75.24
75.24
75.24
75.25
75.27
75.28
75.28
75.28
75.29
75.31
75.30
75.27
75.25
75.27
75.27
75.29
75.29
75.32
75.32
75.33
75.34
75.34
75.31
75.31
75.30
75.31
75.29
75.30
75.29
75.30
75.31
75.33
75.31
75.29
75.29
75.28
75.28
75.28
75.26
75.26
75.26
75.29
75.28
75.30
75.28
75.30
75.30
75.29
75.30
75.27
75.29
75.31
75.30
75.29
75.29
75.29
75.32
75.34
75.32
75.34
75.33
75.32
75.31
75.30
75.34
75.32
75.30
75.29
75.28
75.27
75.25
75.24
75.26
75.25
75.24
75.22
75.22
75.21
75.23
75.25
75.26
75.27
75.24
75.24
75.26
75.26
75.24
75.26
75.26
75.27
75.27
75.29
75.28
75.26
75.25
75.25
75.26
75.23
75.23
75.23
75.24
75.23
75.22
75.20
75.21
75.22
75.23
75.24
75.22
75.22
75.24
75.23
75.24
75.26
75.26
75.28
75.29
75.28
75.29
75.29
75.28
75.28
75.29
75.31
75.31
75.32
75.32
75.31
75.31
75.33
75.31
75.30
75.30
75.28
75.27
75.29
75.28
75.30
75.31
75.30
75.30
75.30
75.30
75.32
75.33
75.32
75.33
75.31
75.29
75.29
75.28
75.28
75.29
75.29
75.29
75.28
75.29
75.28
75.28
75.28
75.29
75.29
75.30
75.30
75.29
75.29
75.28
75.30
75.30
75.30
75.30
75.29
75.29
75.30
75.29
75.28
75.27
75.26
75.26
75.28
75.28
75.28
75.28
75.27
75.27
75.28
75.27
75.27
75.26
75.28
75.29
75.31
75.30
75.28
75.28
75.28
75.28
75.30
75.29
75.29
75.28
75.30
75.31
75.32
75.34
75.32
75.30
75.30
75.33
75.33
75.34
75.34
75.32
75.32
75.34
75.34
75.32
75.32
75.34
75.34
75.34
75.34
75.36
75.37
75.36
75.35
75.34
75.32
75.30
75.29
75.29
75.30
75.29
75.28
75.26
75.26
75.27
75.27
75.29
75.30
75.28
75.28
75.28
75.28
75.27
75.26
75.27
75.27
75.26
75.25
75.26
75.26
75.26
75.28
75.27
75.27
75.26
75.26
75.28
75.27
75.28
75.29
75.28
75.29
75.29
75.30
75.29
75.29
75.30
75.30
75.29
75.29
75.27
75.29
75.29
75.28
75.28
75.27
75.27
75.27
75.25
75.26
75.26
75.27
75.25
75.25
75.24
75.26
75.25
75.24
75.24
75.24
75.23
75.24
75.24
75.25
75.25
75.24
75.24
75.23
75.21
75.22
75.21
75.22
75.21
75.21
75.18
75.18
75.17
75.17
75.17
75.15
75.14
75.14
75.14
75.13
75.14
75.14
75.16
75.16
75.17
75.17
75.17
75.16
75.17
75.16
75.15
75.16
75.17
75.18
75.16
75.16
75.17
75.18
75.19
75.17
75.17
75.16
75.16
75.16
75.15
75.15
75.15
75.15
75.15
75.14
75.14
75.14
75.15
75.17
75.16
75.16
75.18
75.17
75.17
75.17
75.16
75.15
75.16
75.16
75.16
75.15
75.15
75.16
75.16
75.17
75.16
75.16
75.16
75.17
75.18
75.17
75.17
75.17
75.16
75.17
75.16
75.16
75.16
75.17
75.17
75.17
75.16
75.16
75.16
75.17
75.17
75.17
75.17
75.16
75.15
75.13
75.15
75.15
75.16
75.17
75.17
75.16
75.15
75.15
75.15
75.16
75.16
75.15
75.15
75.14
75.13
75.14
75.15
75.16
75.16
75.16
75.16
75.16
75.16
75.17
75.17
75.17
75.18
75.19
75.19
75.18
75.18
75.18
75.18
75.19
75.18
75.18
75.17
75.17
75.18
75.17
75.16
75.16
75.15
75.13
75.12
75.12
75.14
75.14
75.15
75.14
75.15
75.13
75.12
75.11
75.12
75.12
75.12
75.13
75.13
75.13
75.13
75.13
75.13
75.14
75.14
75.14
75.15
75.15
75.15
75.16
75.15
75.15
75.16
75.16
75.16
75.17
75.16
75.16
75.17
75.17
75.17
75.17
75.18
75.18
75.19
75.19
75.19
75.20
75.20
75.19
75.19
75.18
75.18
75.17
75.17
75.17
75.15
75.15
75.14
75.15
75.15
75.15
75.16
75.16
75.17
75.16
75.16
75.16
75.16
75.08
