75.00
71.09
70.83
71.88
71.25
70.05
70.98
71.48
70.66
71.25
71.02
71.09
70.67
69.98
70.31
70.02
69.85
69.88
70.31
69.92
70.01
69.74
69.77
69.66
69.75
70.07
70.08
70.09
69.94
70.10
70.31
70.56
70.31
70.36
70.45
70.49
70.69
70.93
70.95
70.98
71.07
71.13
71.22
71.16
71.32
71.20
71.28
71.35
71.46
71.53
71.66
71.63
71.79
71.82
71.79
71.76
71.79
71.90
72.01
72.03
71.98
72.05
71.92
71.88
72.00
72.04
71.94
71.94
71.83
71.88
71.90
71.77
71.83
71.88
71.88
71.96
72.02
72.06
72.05
72.03
72.11
72.08
72.04
72.06
71.95
71.84
71.79
71.91
71.95
71.89
71.98
72.01
72.04
72.04
72.07
72.12
72.15
72.10
72.21
72.31
72.23
72.24
72.24
72.33
72.25
72.24
72.33
72.31
72.33
72.26
72.23
72.17
72.17
72.18
72.20
72.23
72.26
72.25
72.31
72.30
72.28
72.32
72.29
72.32
72.21
72.07
72.00
72.03
72.03
71.97
71.93
71.91
71.95
71.90
71.82
71.81
71.86
71.87
71.91
71.84
71.83
71.78
71.80
71.83
71.81
71.80
71.76
71.72
71.70
71.72
71.72
71.67
71.63
71.63
71.61
71.63
71.68
71.63
71.62
71.66
71.65
71.65
71.65
71.61
71.62
71.60
71.60
71.58
71.57
71.58
71.54
71.59
71.59
71.60
71.62
71.56
71.58
71.55
71.54
71.55
71.56
71.59
71.61
71.67
71.65
71.62
71.57
71.58
71.59
71.58
71.58
71.56
71.56
71.54
71.50
71.54
71.54
71.52
71.53
71.52
71.54
71.57
71.61
71.59
71.52
71.56
71.54
71.54
71.52
71.53
71.50
71.54
71.52
71.53
71.52
71.50
71.51
71.53
71.50
71.50
71.48
71.47
71.49
71.44
71.44
71.45
71.43
71.44
71.45
71.43
71.46
71.45
71.49
71.51
71.50
71.43
71.45
71.45
71.42
71.41
71.41
71.42
71.41
71.41
71.42
71.40
71.41
71.43
71.42
71.39
71.38
71.38
71.38
71.39
71.36
71.34
71.33
71.31
71.30
71.33
71.34
71.33
71.32
71.31
71.30
71.30
71.32
71.33
71.34
71.33
71.37
71.38
71.38
71.39
71.39
71.39
71.40
71.42
71.42
71.43
71.43
71.46
71.48
71.51
71.45
71.45
71.44
71.46
71.47
71.47
71.49
71.50
71.52
71.53
71.54
71.52
71.50
71.48
71.49
71.47
71.46
71.47
71.48
71.47
71.47
71.48
71.48
71.48
71.45
71.43
71.44
71.43
71.41
71.43
71.43
71.44
71.43
71.43
71.41
71.43
71.41
71.41
71.46
71.46
71.46
71.51
71.51
71.52
71.51
71.49
71.49
71.49
71.45
71.47
71.46
71.51
71.49
71.49
71.52
71.53
71.51
71.52
71.53
71.57
71.57
71.56
71.59
71.61
71.64
71.64
71.63
71.64
71.66
71.68
71.66
71.65
71.67
71.69
71.69
71.68
71.71
71.72
71.75
71.78
71.79
71.80
71.79
71.82
71.82
71.83
71.82
71.80
71.78
71.80
71.82
71.83
71.85
71.84
71.83
71.85
71.83
71.85
71.83
71.85
71.84
71.85
71.85
71.88
71.90
71.93
71.91
71.91
71.91
71.93
71.94
71.96
71.94
71.91
71.92
71.94
71.93
71.96
71.95
71.96
71.97
71.98
71.97
71.96
71.96
71.95
71.95
71.95
71.94
71.95
71.95
71.94
71.91
71.92
71.92
71.93
71.93
71.95
71.93
71.94
71.93
71.94
71.95
71.97
71.96
71.94
71.95
71.94
71.96
71.96
71.95
71.94
71.94
71.94
71.95
71.95
71.95
71.95
71.94
71.96
71.97
71.97
71.97
71.97
71.97
71.98
71.98
71.99
71.96
71.96
71.96
71.98
71.98
71.94
71.95
71.95
71.93
71.96
71.97
71.97
71.97
71.98
71.98
71.96
71.96
71.98
71.99
72.00
71.99
71.98
71.99
72.01
71.99
72.00
72.02
72.00
71.99
71.99
71.98
71.99
71.99
71.99
72.01
72.01
72.01
72.02
72.03
72.03
72.03
72.02
72.04
72.03
72.03
72.02
72.02
72.02
72.03
72.01
72.01
72.01
72.00
72.00
72.01
72.02
72.01
72.02
71.99
71.99
71.98
71.98
71.98
71.98
71.99
71.97
71.97
71.98
71.97
71.96
71.96
71.95
71.93
71.91
71.91
71.92
71.93
71.93
71.88
71.87
71.86
71.86
71.88
71.86
71.86
71.85
71.86
71.85
71.84
71.84
71.84
71.82
71.81
71.82
71.82
71.83
71.83
71.80
71.80
71.80
71.80
71.81
71.83
71.84
71.85
71.84
71.84
71.84
71.85
71.84
71.86
71.85
71.83
71.85
71.83
71.83
71.82
71.81
71.82
71.82
71.82
71.83
71.82
71.82
71.82
71.82
71.82
71.81
71.80
71.79
71.80
71.79
71.78
71.78
71.78
71.77
71.76
71.75
71.76
71.76
71.76
71.76
71.76
71.74
71.75
71.77
71.77
71.77
71.78
71.78
71.76
71.76
71.76
71.75
71.76
71.76
71.74
71.74
71.74
71.75
71.76
71.77
71.76
71.76
71.76
71.76
71.76
71.76
71.74
71.75
71.75
71.75
71.74
71.74
71.75
71.76
71.75
71.76
71.76
71.77
71.77
71.76
71.76
71.76
71.74
71.74
71.76
71.74
71.75
71.75
71.77
71.77
71.77
71.77
71.77
71.77
71.77
71.76
71.75
71.74
71.76
71.76
71.77
71.75
71.75
71.74
71.74
71.74
71.74
71.74
71.75
71.75
71.73
71.73
71.74
71.73
71.74
71.74
71.74
71.75
71.75
71.75
71.75
71.76
71.77
71.76
71.77
71.77
71.78
71.77
71.78
71.80
71.80
71.80
71.81
71.82
71.83
71.84
71.83
71.82
71.82
71.82
71.82
71.83
71.83
71.84
71.85
71.84
71.84
71.83
71.84
71.84
71.84
71.85
71.86
71.86
71.87
71.87
71.88
71.89
71.89
71.90
71.91
71.91
71.91
71.90
71.91
71.91
71.91
71.92
71.93
71.94
71.93
71.92
71.90
71.90
71.90
71.91
71.90
71.89
71.88
71.87
71.88
71.87
71.88
71.88
71.89
71.87
71.86
71.87
71.87
71.87
71.87
71.88
71.87
71.85
71.85
71.85
71.85
71.86
71.86
71.86
71.85
71.86
71.86
71.86
71.87
71.87
71.87
71.86
71.86
71.86
71.86
71.85
71.85
71.85
71.84
71.85
71.84
71.85
71.86
71.87
71.88
71.87
71.88
71.87
71.85
71.87
71.86
71.80
