73.44
73.44
72.92
71.88
73.12
76.56
75.67
76.37
75.87
75.78
76.14
76.69
76.68
77.34
77.60
77.73
77.94
77.95
77.71
77.81
77.75
77.84
77.79
77.80
77.88
77.64
77.66
78.01
77.91
77.81
77.72
77.59
77.65
77.30
77.14
77.26
77.49
77.26
77.08
77.03
77.02
76.97
76.93
76.70
76.70
76.66
76.63
76.56
76.63
76.50
76.32
76.35
76.39
76.16
76.19
76.17
76.18
76.19
76.03
76.09
76.10
76.13
76.07
76.05
76.08
76.11
76.17
76.19
76.20
76.12
76.14
76.09
76.11
76.16
76.17
76.17
76.16
76.24
76.23
76.21
76.22
76.24
76.20
76.21
76.25
76.31
76.33
76.49
76.44
76.51
76.49
76.48
76.39
76.46
76.45
76.53
76.58
76.48
76.39
76.36
76.38
76.39
76.43
76.40
76.50
76.47
76.47
76.48
76.45
76.42
76.39
76.45
76.48
76.49
76.54
76.52
76.55
76.58
76.55
76.61
76.55
76.56
76.61
76.55
76.56
76.55
76.53
76.54
76.49
76.53
76.56
76.63
76.59
76.55
76.55
76.59
76.67
76.72
76.67
76.63
76.58
76.57
76.57
76.55
76.58
76.59
76.61
76.62
76.58
76.59
76.59
76.62
76.59
76.56
76.56
76.56
76.55
76.56
76.57
76.57
76.56
76.52
76.50
76.52
76.54
76.60
76.58
76.62
76.60
76.57
76.53
76.50
76.46
76.41
76.39
76.44
76.41
76.42
76.39
76.38
76.42
76.47
76.49
76.52
76.51
76.50
76.52
76.50
76.48
76.47
76.49
76.51
76.51
76.52
76.55
76.51
76.51
76.50
76.50
76.52
76.52
76.52
76.53
76.51
76.51
76.49
76.43
76.45
76.42
76.41
76.44
76.45
76.45
76.46
76.48
76.48
76.47
76.43
76.45
76.45
76.48
76.49
76.51
76.50
76.49
76.45
76.47
76.48
76.48
76.45
76.39
76.37
76.39
76.37
76.37
76.37
76.35
76.33
76.31
76.28
76.26
76.29
76.30
76.32
76.35
76.35
76.33
76.38
76.34
76.33
76.36
76.33
76.35
76.34
76.34
76.34
76.34
76.37
76.41
76.39
76.35
76.34
76.32
76.35
76.36
76.37
76.38
76.39
76.40
76.40
76.39
76.38
76.37
76.37
76.35
76.38
76.40
76.42
76.42
76.43
76.41
76.45
76.45
76.44
76.46
76.45
76.46
76.44
76.45
76.46
76.45
76.43
76.45
76.45
76.44
76.44
76.44
76.46
76.43
76.40
76.39
76.39
76.39
76.39
76.37
76.36
76.34
76.34
76.34
76.33
76.33
76.32
76.32
76.29
76.31
76.31
76.31
76.32
76.33
76.32
76.33
76.37
76.38
76.36
76.35
76.33
76.35
76.32
76.33
76.33
76.32
76.33
76.31
76.33
76.30
76.32
76.30
76.29
76.28
76.27
76.20
76.20
76.19
76.17
76.17
76.17
76.18
76.18
76.20
76.19
76.19
76.19
76.18
76.20
76.20
76.22
76.21
76.23
76.22
76.23
76.23
76.23
76.21
76.21
76.19
76.17
76.18
76.19
76.19
76.17
76.18
76.21
76.21
76.21
76.20
76.19
76.21
76.21
76.22
76.23
76.25
76.25
76.26
76.28
76.28
76.29
76.30
76.32
76.31
76.31
76.31
76.31
76.29
76.32
76.31
76.33
76.29
76.30
76.28
76.30
76.30
76.31
76.31
76.31
76.32
76.33
76.32
76.33
76.33
76.33
76.36
76.35
76.35
76.38
76.37
76.38
76.36
76.36
76.35
76.34
76.33
76.33
76.32
76.32
76.30
76.28
76.26
76.26
76.24
76.25
76.24
76.24
76.23
76.22
76.22
76.23
76.19
76.20
76.21
76.21
76.21
76.21
76.19
76.19
76.19
76.20
76.18
76.16
76.16
76.13
76.12
76.13
76.15
76.16
76.16
76.13
76.12
76.12
76.12
76.12
76.11
76.12
76.11
76.11
76.12
76.11
76.12
76.09
76.10
76.11
76.12
76.11
76.11
76.12
76.13
76.14
76.14
76.13
76.13
76.13
76.13
76.14
76.14
76.12
76.13
76.11
76.11
76.10
76.11
76.12
76.12
76.13
76.13
76.13
76.11
76.12
76.13
76.11
76.11
76.12
76.12
76.12
76.13
76.15
76.16
76.17
76.16
76.17
76.19
76.19
76.17
76.16
76.16
76.15
76.16
76.17
76.16
76.15
76.15
76.14
76.16
76.17
76.16
76.17
76.17
76.14
76.14
76.15
76.15
76.15
76.17
76.17
76.16
76.16
76.16
76.14
76.13
76.11
76.10
76.10
76.12
76.13
76.13
76.13
76.13
76.12
76.12
76.10
76.11
76.12
76.13
76.12
76.13
76.13
76.13
76.12
76.11
76.11
76.12
76.11
76.11
76.10
76.09
76.10
76.10
76.11
76.11
76.11
76.11
76.10
76.09
76.11
76.10
76.10
76.11
76.11
76.13
76.12
76.12
76.13
76.14
76.15
76.13
76.13
76.12
76.12
76.13
76.13
76.12
76.12
76.12
76.11
76.11
76.11
76.09
76.09
76.09
76.10
76.10
76.10
76.10
76.11
76.10
76.09
76.10
76.10
76.10
76.11
76.11
76.10
76.12
76.13
76.14
76.12
76.12
76.14
76.14
76.14
76.15
76.15
76.15
76.16
76.15
76.14
76.15
76.14
76.13
76.13
76.12
76.12
76.14
76.13
76.15
76.16
76.17
76.18
76.18
76.18
76.19
76.18
76.18
76.18
76.17
76.17
76.16
76.16
76.16
76.17
76.17
76.16
76.15
76.13
76.14
76.14
76.15
76.15
76.15
76.15
76.15
76.15
76.16
76.17
76.15
76.14
76.15
76.16
76.17
76.17
76.17
76.18
76.17
76.16
76.16
76.16
76.16
76.16
76.15
76.17
76.15
76.15
76.14
76.14
76.13
76.13
76.13
76.15
76.16
76.16
76.15
76.15
76.14
76.14
76.14
76.15
76.15
76.16
76.17
76.16
76.16
76.16
76.16
76.16
76.16
76.17
76.16
76.16
76.15
76.14
76.13
76.14
76.14
76.14
76.13
76.13
76.14
76.13
76.14
76.12
76.11
76.10
76.11
76.11
76.11
76.12
76.10
76.11
76.10
76.09
76.09
76.09
76.09
76.08
76.07
76.07
76.08
76.07
76.07
76.07
76.08
76.09
76.08
76.09
76.08
76.09
76.09
76.10
76.10
76.12
76.12
76.13
76.13
76.13
76.13
76.13
76.12
76.11
76.11
76.12
76.12
76.12
76.13
76.14
76.13
76.14
76.15
76.14
76.14
76.15
76.15
76.15
76.15
76.15
76.13
76.13
76.11
76.11
76.11
76.11
76.13
76.14
76.15
76.08
