70.31
72.66
71.35
71.88
73.44
75.00
74.33
74.41
74.13
73.12
73.44
73.96
74.76
74.89
74.79
75.00
75.28
75.35
75.25
75.55
75.37
75.28
75.48
75.46
75.25
75.18
75.46
75.89
75.81
75.83
75.60
75.73
75.66
75.83
75.71
75.87
76.10
75.90
76.00
76.13
76.18
75.97
76.13
76.24
76.32
76.36
76.43
76.37
76.43
76.38
76.47
76.44
76.50
76.53
76.65
76.56
76.51
76.56
76.62
76.51
76.38
76.46
76.41
76.44
76.54
76.59
76.52
76.49
76.47
76.58
76.52
76.58
76.63
76.52
76.56
76.50
76.48
76.44
76.36
76.35
76.33
76.28
76.41
76.47
76.53
76.47
76.54
76.33
76.30
76.34
76.32
76.27
76.23
76.25
76.17
76.17
76.11
76.08
76.10
76.09
76.04
76.03
76.09
76.08
76.04
76.08
76.08
76.10
76.10
76.11
76.11
76.13
76.18
76.15
76.11
76.12
76.11
76.10
76.12
76.15
76.14
76.15
76.13
76.11
76.17
76.22
76.16
76.16
76.15
76.19
76.12
76.14
76.13
76.11
76.11
76.11
76.12
76.12
76.14
76.10
76.04
76.03
76.03
76.00
76.03
76.07
76.07
75.97
75.96
75.96
75.97
75.96
75.88
75.92
75.92
75.96
75.95
75.99
75.98
76.01
75.94
75.95
75.96
75.91
75.92
75.88
75.86
75.86
75.84
75.85
75.82
75.82
75.82
75.82
75.79
75.76
75.71
75.67
75.66
75.64
75.70
75.70
75.70
75.71
75.71
75.67
75.71
75.66
75.64
75.67
75.65
75.67
75.66
75.66
75.69
75.67
75.67
75.66
75.68
75.66
75.67
75.70
75.71
75.73
75.75
75.79
75.75
75.77
75.79
75.80
75.81
75.81
75.82
75.81
75.81
75.80
75.79
75.80
75.79
75.78
75.81
75.82
75.78
75.78
75.76
75.75
75.73
75.75
75.76
75.75
75.70
75.73
75.69
75.65
75.65
75.66
75.70
75.68
75.69
75.71
75.72
75.72
75.74
75.74
75.70
75.72
75.74
75.75
75.77
75.76
75.79
75.77
75.73
75.77
75.75
75.76
75.80
75.79
75.78
75.78
75.75
75.75
75.77
75.77
75.75
75.78
75.78
75.77
75.76
75.75
75.75
75.75
75.74
75.74
75.77
75.76
75.78
75.78
75.82
75.83
75.82
75.83
75.84
75.83
75.83
75.84
75.85
75.87
75.89
75.87
75.88
75.85
75.87
75.88
75.87
75.86
75.85
75.87
75.84
75.83
75.83
75.84
75.84
75.82
75.85
75.83
75.84
75.85
75.85
75.83
75.81
75.86
75.84
75.83
75.82
75.83
75.82
75.82
75.83
75.82
75.82
75.84
75.86
75.86
75.86
75.85
75.84
75.84
75.87
75.88
75.89
75.88
75.85
75.86
75.84
75.86
75.85
75.87
75.85
75.84
75.84
75.85
75.86
75.83
75.82
75.82
75.80
75.81
75.81
75.78
75.78
75.76
75.76
75.77
75.77
75.77
75.77
75.78
75.79
75.80
75.80
75.81
75.81
75.81
75.80
75.80
75.80
75.81
75.82
75.81
75.84
75.84
75.85
75.86
75.86
75.86
75.87
75.87
75.89
75.88
75.87
75.88
75.87
75.88
75.88
75.87
75.88
75.89
75.88
75.90
75.88
75.87
75.87
75.88
75.89
75.88
75.89
75.88
75.87
75.85
75.85
75.86
75.88
75.88
75.89
75.89
75.89
75.89
75.90
75.91
75.92
75.92
75.92
75.93
75.95
75.95
75.96
75.96
75.96
75.97
75.99
75.99
75.99
75.98
75.95
75.97
75.98
75.98
75.99
75.98
75.98
75.99
75.98
75.98
75.96
75.96
76.00
76.00
76.01
76.01
76.03
76.03
76.03
76.02
76.02
76.02
76.02
76.02
76.03
76.04
76.03
76.04
76.03
76.05
76.05
76.06
76.07
76.06
76.06
76.05
76.04
76.06
76.05
76.04
76.02
76.03
76.04
76.04
76.04
76.03
76.05
76.04
76.04
76.05
76.06
76.05
76.04
76.02
76.02
76.02
76.00
76.00
76.00
75.99
75.98
75.98
75.97
75.98
75.96
75.96
75.96
75.97
75.97
75.98
75.96
75.97
75.96
75.95
75.96
75.96
75.94
75.93
75.94
75.95
75.95
75.95
75.94
75.92
75.93
75.92
75.92
75.92
75.91
75.91
75.93
75.92
75.93
75.93
75.93
75.93
75.93
75.94
75.95
75.94
75.94
75.94
75.94
75.94
75.94
75.94
75.94
75.95
75.95
75.95
75.95
75.96
75.96
75.95
75.96
75.95
75.96
75.97
75.97
75.99
75.99
75.99
75.99
76.00
75.98
75.98
75.97
75.98
76.00
76.00
76.00
76.02
76.03
76.04
76.03
76.04
76.03
76.04
76.04
76.03
76.03
76.04
76.03
76.02
76.01
76.03
76.03
76.03
76.03
76.03
76.02
76.01
76.01
75.99
76.00
75.99
75.99
75.99
75.98
75.98
75.97
75.98
75.98
75.97
75.97
75.98
75.99
75.98
75.99
75.98
76.00
76.01
76.00
76.00
75.99
75.99
76.00
75.99
76.00
76.00
75.99
75.98
75.97
75.97
75.96
75.97
75.98
75.99
75.98
75.98
75.99
75.98
75.98
75.98
75.97
75.97
75.96
75.96
75.96
75.96
75.95
75.95
75.95
75.97
75.97
75.96
75.95
75.94
75.94
75.94
75.94
75.93
75.92
75.92
75.92
75.93
75.92
75.91
75.91
75.91
75.91
75.92
75.92
75.92
75.92
75.93
75.92
75.94
75.94
75.95
75.95
75.95
75.97
75.96
75.95
75.95
75.95
75.95
75.95
75.94
75.93
75.93
75.93
75.94
75.93
75.95
75.95
75.96
75.94
75.95
75.94
75.93
75.94
75.95
75.95
75.95
75.94
75.95
75.96
75.95
75.94
75.93
75.91
75.92
75.91
75.92
75.93
75.93
75.92
75.93
75.94
75.93
75.95
75.95
75.96
75.95
75.94
75.94
75.95
75.94
75.93
75.94
75.94
75.92
75.91
75.92
75.92
75.92
75.92
75.89
75.90
75.90
75.90
75.89
75.90
75.90
75.91
75.92
75.91
75.91
75.91
75.91
75.91
75.92
75.92
75.93
75.94
75.95
75.95
75.95
75.94
75.94
75.95
75.93
75.93
75.94
75.93
75.92
75.92
75.93
75.93
75.92
75.93
75.90
75.91
75.92
75.91
75.91
75.89
75.91
75.91
75.91
75.91
75.92
75.91
75.92
75.93
75.94
75.93
75.93
75.93
75.94
75.94
75.95
75.95
75.96
75.97
75.98
75.97
75.98
75.98
75.98
75.98
75.98
75.97
75.98
75.98
75.91
