68.75
76.56
75.00
75.00
75.94
77.34
78.12
77.34
77.43
76.88
76.70
77.47
76.92
76.56
76.88
77.05
76.38
76.56
77.14
77.11
76.86
76.56
76.97
77.02
76.94
76.50
76.62
76.12
76.02
76.46
76.31
75.98
75.80
75.46
75.40
75.39
75.25
75.00
75.00
74.92
74.81
74.93
75.18
75.14
75.17
75.41
75.13
75.03
74.97
74.97
75.03
74.94
74.97
74.88
74.89
74.69
74.84
74.70
74.76
74.53
74.49
74.34
74.38
74.37
74.35
74.46
74.42
74.33
74.39
74.35
74.30
74.41
74.34
74.39
74.48
74.53
74.51
74.48
74.55
74.59
74.61
74.58
74.47
74.48
74.60
74.67
74.66
74.72
74.81
74.83
74.90
74.95
74.88
74.88
74.84
74.89
74.89
74.84
74.92
74.98
75.03
75.02
75.03
75.08
75.10
75.07
75.01
74.99
75.07
75.13
75.14
75.14
75.12
75.10
75.16
75.23
75.23
75.20
75.26
75.34
75.28
75.27
75.23
75.16
75.14
75.14
75.22
75.26
75.25
75.28
75.27
75.27
75.29
75.28
75.31
75.34
75.39
75.40
75.45
75.48
75.48
75.45
75.47
75.51
75.55
75.58
75.54
75.53
75.52
75.54
75.61
75.65
75.64
75.68
75.74
75.74
75.67
75.62
75.66
75.63
75.62
75.63
75.64
75.62
75.63
75.66
75.67
75.67
75.67
75.62
75.66
75.71
75.72
75.75
75.79
75.75
75.72
75.73
75.76
75.79
75.82
75.87
75.94
75.96
75.97
75.99
75.94
75.96
75.93
76.00
76.00
75.98
75.95
75.98
75.95
75.96
76.00
75.99
76.01
76.02
76.00
75.97
75.92
75.93
75.92
75.92
75.97
76.01
75.99
76.02
75.99
75.99
76.01
76.01
76.02
76.01
76.05
76.05
76.07
76.03
76.03
76.07
76.11
76.14
76.15
76.15
76.14
76.13
76.12
76.12
76.12
76.12
76.11
76.14
76.12
76.11
76.10
76.10
76.09
76.11
76.11
76.07
76.09
76.11
76.11
76.13
76.13
76.12
76.17
76.16
76.16
76.20
76.20
76.19
76.19
76.19
76.20
76.22
76.21
76.19
76.15
76.18
76.15
76.15
76.15
76.12
76.11
76.08
76.07
76.10
76.06
76.06
76.04
76.07
76.05
76.05
76.05
76.05
76.04
76.03
76.03
75.98
76.02
76.01
76.01
75.99
75.97
75.98
75.99
76.04
76.03
76.00
76.00
75.99
75.99
75.98
75.98
75.99
75.98
75.98
75.97
75.95
75.95
75.93
75.94
75.94
75.93
75.93
75.94
75.97
75.97
75.98
75.97
75.97
75.98
75.98
75.98
75.94
75.95
75.95
75.97
75.96
75.97
75.95
75.96
75.94
75.97
75.94
75.94
75.93
75.90
75.87
75.89
75.90
75.90
75.90
75.92
75.92
75.93
75.91
75.93
75.92
75.92
75.90
75.91
75.94
75.93
75.94
75.94
75.92
75.96
75.98
75.98
75.97
75.97
75.97
75.97
75.99
76.01
76.02
76.02
76.01
76.02
76.01
75.97
75.98
75.97
75.97
75.99
75.99
75.99
76.00
76.01
76.04
76.05
76.06
76.07
76.10
76.10
76.11
76.13
76.14
76.13
76.14
76.15
76.15
76.15
76.17
76.14
76.15
76.16
76.17
76.17
76.17
76.17
76.16
76.16
76.17
76.16
76.16
76.18
76.19
76.22
76.23
76.23
76.24
76.24
76.23
76.24
76.25
76.26
76.24
76.23
76.24
76.22
76.21
76.23
76.21
76.22
76.25
76.24
76.24
76.23
76.26
76.26
76.28
76.27
76.27
76.25
76.26
76.25
76.22
76.22
76.23
76.22
76.22
76.22
76.22
76.24
76.24
76.24
76.25
76.24
76.24
76.23
76.22
76.23
76.22
76.24
76.21
76.21
76.20
76.20
76.19
76.18
76.18
76.20
76.20
76.22
76.22
76.23
76.23
76.23
76.23
76.21
76.21
76.21
76.21
76.21
76.21
76.21
76.23
76.21
76.22
76.21
76.20
76.20
76.21
76.19
76.19
76.18
76.19
76.22
76.23
76.23
76.21
76.22
76.21
76.22
76.21
76.21
76.21
76.21
76.21
76.19
76.18
76.17
76.16
76.18
76.17
76.17
76.16
76.16
76.13
76.15
76.14
76.14
76.14
76.14
76.13
76.11
76.12
76.12
76.12
76.14
76.14
76.15
76.15
76.16
76.17
76.16
76.15
76.15
76.14
76.13
76.11
76.11
76.12
76.10
76.10
76.08
76.10
76.11
76.11
76.13
76.14
76.13
76.12
76.12
76.12
76.13
76.15
76.16
76.17
76.15
76.15
76.16
76.16
76.18
76.18
76.19
76.18
76.18
76.18
76.16
76.16
76.16
76.15
76.15
76.17
76.16
76.18
76.18
76.19
76.19
76.20
76.19
76.20
76.21
76.20
76.20
76.20
76.20
76.20
76.20
76.20
76.20
76.21
76.21
76.19
76.19
76.20
76.19
76.20
76.20
76.22
76.22
76.22
76.21
76.18
76.20
76.20
76.19
76.18
76.17
76.17
76.18
76.17
76.16
76.16
76.16
76.17
76.16
76.16
76.18
76.18
76.18
76.16
76.15
76.15
76.15
76.14
76.14
76.12
76.12
76.12
76.12
76.13
76.13
76.13
76.12
76.13
76.13
76.13
76.14
76.14
76.13
76.12
76.12
76.12
76.11
76.11
76.11
76.10
76.10
76.10
76.08
76.08
76.07
76.07
76.05
76.06
76.07
76.05
76.07
76.07
76.07
76.06
76.08
76.06
76.07
76.08
76.08
76.08
76.08
76.08
76.09
76.08
76.08
76.08
76.09
76.11
76.11
76.11
76.10
76.10
76.09
76.08
76.08
76.06
76.07
76.06
76.06
76.06
76.07
76.07
76.05
76.04
76.04
76.05
76.03
76.04
76.04
76.03
76.03
76.04
76.05
76.06
76.05
76.03
76.03
76.03
76.01
76.00
76.01
76.00
76.01
76.01
76.01
75.99
75.99
75.99
75.98
75.98
75.99
75.98
75.99
75.99
75.99
75.99
75.99
75.98
75.98
75.98
75.97
75.98
75.97
75.96
75.96
75.97
75.97
75.98
75.97
75.98
75.97
75.97
75.97
75.97
75.97
75.97
75.96
75.95
75.95
75.94
75.94
75.95
75.95
75.96
75.95
75.95
75.96
75.95
75.95
75.95
75.93
75.93
75.94
75.94
75.93
75.93
75.94
75.93
75.93
75.94
75.94
75.93
75.93
75.93
75.92
75.93
75.93
75.93
75.92
75.92
75.92
75.91
75.90
75.89
75.89
75.90
75.90
75.91
75.89
75.89
75.89
75.89
75.90
75.90
75.90
75.91
75.91
75.84
