76.56
69.53
69.27
71.88
71.88
70.05
69.87
70.12
69.97
69.38
68.47
68.62
68.03
68.53
68.96
68.95
69.03
68.40
68.67
68.28
67.78
67.90
67.93
67.97
67.75
67.73
67.53
67.41
67.46
67.55
67.64
67.72
67.80
67.92
68.04
68.01
68.24
68.34
68.31
68.16
68.18
68.19
68.35
68.18
68.37
68.17
68.18
68.13
68.21
68.41
68.32
68.15
68.25
68.20
68.15
68.19
68.31
68.40
68.38
68.52
68.52
68.47
68.43
68.53
68.70
68.75
68.66
68.54
68.52
68.42
68.38
68.32
68.39
68.39
68.52
68.46
68.34
68.35
68.30
68.38
68.21
68.24
68.20
68.25
68.25
68.37
68.39
68.45
68.38
68.30
68.18
68.21
68.20
68.23
68.22
68.25
68.23
68.21
68.21
68.25
68.27
68.26
68.17
68.21
68.26
68.29
68.31
68.36
68.33
68.32
68.26
68.26
68.29
68.35
68.41
68.40
68.44
68.43
68.45
68.46
68.49
68.49
68.39
68.37
68.33
68.24
68.23
68.27
68.28
68.32
68.30
68.23
68.20
68.10
68.15
68.19
68.24
68.21
68.19
68.14
68.15
68.11
68.14
68.16
68.17
68.09
68.17
68.13
68.15
68.21
68.17
68.21
68.14
68.07
68.04
68.02
68.03
68.00
67.99
67.92
67.93
67.89
67.92
67.90
67.86
67.87
67.87
67.89
67.96
67.92
67.91
67.93
67.99
67.96
67.96
68.01
67.99
67.96
67.96
68.02
67.94
67.93
67.90
67.87
67.86
67.84
67.86
67.86
67.89
67.94
67.91
67.96
67.96
67.94
67.95
67.94
67.96
67.91
67.91
67.95
67.96
67.95
67.94
67.97
67.96
67.95
67.98
67.93
67.89
67.96
67.97
67.92
67.88
67.86
67.91
67.91
67.92
67.94
67.92
67.93
67.89
67.91
67.90
67.89
67.86
67.89
67.90
67.92
67.91
67.93
67.95
67.96
67.96
67.95
67.93
67.95
67.97
68.01
68.02
68.01
68.02
67.98
68.00
68.04
68.05
68.08
68.09
68.08
68.10
68.09
68.12
68.12
68.16
68.22
68.22
68.23
68.20
68.18
68.20
68.21
68.19
68.17
68.16
68.17
68.18
68.18
68.19
68.18
68.20
68.25
68.28
68.31
68.32
68.32
68.34
68.35
68.34
68.33
68.34
68.37
68.40
68.41
68.42
68.44
68.43
68.43
68.44
68.44
68.43
68.43
68.45
68.43
68.39
68.40
68.40
68.41
68.38
68.37
68.37
68.39
68.40
68.40
68.41
68.36
68.36
68.35
68.34
68.33
68.35
68.36
68.38
68.39
68.36
68.35
68.34
68.35
68.37
68.37
68.37
68.37
68.40
68.40
68.39
68.39
68.38
68.37
68.36
68.36
68.39
68.41
68.41
68.38
68.38
68.36
68.36
68.35
68.33
68.34
68.33
68.35
68.35
68.32
68.32
68.31
68.32
68.35
68.36
68.39
68.37
68.36
68.35
68.35
68.36
68.37
68.37
68.38
68.39
68.41
68.42
68.43
68.46
68.46
68.45
68.42
68.43
68.43
68.42
68.39
68.40
68.41
68.43
68.41
68.41
68.41
68.42
68.42
68.43
68.44
68.46
68.45
68.44
68.41
68.42
68.45
68.45
68.43
68.45
68.45
68.46
68.45
68.45
68.44
68.45
68.46
68.49
68.48
68.49
68.52
68.51
68.52
68.55
68.56
68.57
68.57
68.58
68.59
68.60
68.58
68.57
68.55
68.54
68.55
68.56
68.55
68.57
68.57
68.55
68.54
68.52
68.52
68.53
68.54
68.55
68.55
68.54
68.55
68.53
68.53
68.54
68.54
68.53
68.54
68.52
68.51
68.52
68.51
68.51
68.52
68.52
68.50
68.50
68.52
68.50
68.51
68.53
68.52
68.50
68.51
68.51
68.50
68.49
68.49
68.51
68.50
68.50
68.50
68.49
68.49
68.49
68.49
68.49
68.49
68.49
68.50
68.51
68.50
68.51
68.51
68.52
68.51
68.50
68.51
68.49
68.49
68.48
68.47
68.46
68.45
68.46
68.47
68.45
68.48
68.47
68.48
68.50
68.49
68.50
68.47
68.48
68.48
68.47
68.47
68.48
68.47
68.48
68.47
68.48
68.48
68.47
68.47
68.46
68.48
68.48
68.48
68.46
68.46
68.45
68.45
68.44
68.44
68.44
68.46
68.46
68.47
68.46
68.45
68.45
68.46
68.47
68.45
68.44
68.43
68.42
68.43
68.43
68.44
68.45
68.46
68.46
68.47
68.48
68.48
68.47
68.46
68.45
68.44
68.45
68.46
68.46
68.47
68.48
68.50
68.51
68.52
68.53
68.53
68.53
68.55
68.55
68.53
68.55
68.55
68.54
68.55
68.54
68.55
68.54
68.53
68.53
68.54
68.55
68.55
68.54
68.53
68.53
68.53
68.54
68.51
68.48
68.48
68.47
68.47
68.49
68.51
68.53
68.53
68.53
68.52
68.51
68.49
68.49
68.49
68.49
68.50
68.50
68.51
68.51
68.50
68.52
68.52
68.51
68.52
68.53
68.52
68.51
68.51
68.50
68.49
68.49
68.50
68.50
68.51
68.53
68.54
68.54
68.54
68.55
68.55
68.55
68.55
68.55
68.55
68.55
68.54
68.54
68.54
68.54
68.55
68.55
68.57
68.57
68.55
68.55
68.56
68.55
68.55
68.56
68.57
68.56
68.57
68.57
68.56
68.58
68.58
68.59
68.56
68.57
68.57
68.55
68.55
68.56
68.57
68.57
68.57
68.57
68.55
68.56
68.57
68.57
68.56
68.58
68.56
68.55
68.54
68.56
68.56
68.56
68.57
68.58
68.57
68.58
68.58
68.59
68.60
68.59
68.58
68.58
68.58
68.59
68.58
68.59
68.59
68.59
68.60
68.60
68.61
68.61
68.61
68.60
68.61
68.61
68.64
68.62
68.63
68.64
68.65
68.63
68.63
68.63
68.63
68.63
68.63
68.64
68.64
68.64
68.64
68.65
68.66
68.67
68.67
68.68
68.69
68.69
68.69
68.70
68.71
68.71
68.72
68.73
68.74
68.74
68.73
68.72
68.72
68.73
68.74
68.74
68.73
68.73
68.73
68.74
68.72
68.73
68.73
68.73
68.73
68.72
68.72
68.74
68.75
68.75
68.74
68.74
68.74
68.74
68.75
68.76
68.76
68.75
68.74
68.73
68.74
68.74
68.74
68.75
68.74
68.74
68.74
68.74
68.74
68.74
68.73
68.73
68.74
68.73
68.72
68.72
68.72
68.73
68.73
68.73
68.73
68.74
68.74
68.73
68.73
68.73
68.72
68.71
68.71
68.71
68.72
68.72
68.71
68.70
68.70
68.70
68.71
68.71
68.71
68.72
68.65
