68.75
71.88
72.92
74.61
74.38
74.48
75.00
75.98
75.87
75.78
75.85
76.56
77.40
76.67
76.77
77.15
77.21
77.08
76.89
77.34
77.38
76.92
76.97
77.08
76.56
76.92
77.14
77.29
77.26
77.19
77.42
77.25
77.23
76.98
76.88
76.65
76.52
76.64
76.64
76.60
76.64
76.64
76.67
76.10
76.08
75.99
75.93
75.78
75.80
75.91
75.92
75.75
75.83
75.87
75.71
75.70
75.52
75.59
75.66
75.73
75.77
75.86
75.79
75.90
75.96
75.90
75.86
75.92
75.95
76.03
76.01
75.91
75.92
75.93
75.98
76.05
76.20
76.22
76.21
76.23
76.29
76.37
76.37
76.43
76.43
76.34
76.35
76.40
76.37
76.35
76.27
76.32
76.29
76.30
76.32
76.30
76.34
76.43
76.39
76.36
76.44
76.49
76.47
76.46
76.49
76.59
76.61
76.56
76.58
76.55
76.60
76.62
76.59
76.59
76.59
76.55
76.54
76.54
76.54
76.52
76.49
76.58
76.56
76.55
76.54
76.55
76.53
76.51
76.51
76.49
76.46
76.44
76.43
76.39
76.38
76.40
76.41
76.48
76.50
76.48
76.50
76.50
76.46
76.52
76.50
76.48
76.42
76.40
76.35
76.32
76.33
76.28
76.31
76.31
76.30
76.28
76.29
76.33
76.25
76.28
76.28
76.27
76.32
76.32
76.31
76.34
76.32
76.41
76.33
76.36
76.36
76.41
76.42
76.36
76.38
76.36
76.34
76.36
76.30
76.30
76.35
76.31
76.26
76.25
76.28
76.26
76.21
76.25
76.23
76.27
76.25
76.25
76.28
76.28
76.23
76.27
76.28
76.24
76.24
76.22
76.20
76.18
76.13
76.18
76.22
76.24
76.28
76.28
76.24
76.23
76.22
76.19
76.24
76.21
76.19
76.16
76.14
76.15
76.16
76.14
76.11
76.15
76.16
76.14
76.16
76.13
76.13
76.12
76.12
76.09
76.10
76.08
76.06
76.07
76.07
76.07
76.09
76.10
76.07
76.03
76.04
76.03
76.05
76.08
76.08
76.10
76.12
76.12
76.14
76.15
76.16
76.18
76.17
76.17
76.18
76.21
76.22
76.22
76.21
76.21
76.17
76.22
76.22
76.25
76.24
76.23
76.25
76.27
76.25
76.29
76.32
76.34
76.34
76.31
76.31
76.34
76.31
76.32
76.36
76.37
76.35
76.31
76.35
76.33
76.36
76.36
76.36
76.39
76.36
76.34
76.32
76.32
76.32
76.31
76.34
76.37
76.36
76.33
76.30
76.31
76.27
76.25
76.26
76.26
76.29
76.26
76.24
76.24
76.25
76.26
76.27
76.26
76.29
76.27
76.27
76.31
76.30
76.31
76.28
76.29
76.29
76.30
76.30
76.30
76.32
76.33
76.34
76.33
76.31
76.27
76.27
76.26
76.25
76.23
76.24
76.24
76.23
76.25
76.24
76.27
76.28
76.30
76.34
76.35
76.35
76.35
76.35
76.35
76.36
76.36
76.36
76.37
76.36
76.36
76.34
76.34
76.33
76.32
76.33
76.32
76.33
76.32
76.30
76.30
76.32
76.32
76.32
76.32
76.31
76.29
76.25
76.23
76.23
76.23
76.19
76.17
76.16
76.16
76.14
76.15
76.17
76.17
76.17
76.15
76.16
76.16
76.15
76.16
76.16
76.15
76.12
76.13
76.13
76.15
76.16
76.16
76.16
76.16
76.15
76.15
76.13
76.13
76.14
76.14
76.11
76.10
76.10
76.11
76.10
76.10
76.09
76.09
76.09
76.09
76.10
76.09
76.09
76.11
76.10
76.07
76.05
76.07
76.09
76.09
76.10
76.09
76.09
76.07
76.06
76.05
76.03
76.05
76.07
76.07
76.07
76.08
76.08
76.10
76.11
76.11
76.12
76.12
76.14
76.12
76.13
76.13
76.13
76.12
76.12
76.13
76.15
76.12
76.13
76.13
76.13
76.11
76.11
76.12
76.13
76.12
76.13
76.15
76.16
76.16
76.17
76.17
76.17
76.17
76.20
76.18
76.20
76.18
76.19
76.17
76.16
76.16
76.16
76.17
76.19
76.20
76.18
76.18
76.17
76.18
76.17
76.19
76.20
76.19
76.20
76.20
76.18
76.18
76.19
76.19
76.21
76.23
76.23
76.22
76.22
76.21
76.23
76.23
76.22
76.22
76.23
76.21
76.21
76.23
76.22
76.23
76.22
76.21
76.20
76.20
76.18
76.17
76.20
76.19
76.20
76.22
76.21
76.21
76.19
76.20
76.19
76.19
76.18
76.17
76.17
76.18
76.18
76.17
76.16
76.16
76.16
76.17
76.16
76.15
76.15
76.13
76.13
76.12
76.10
76.11
76.11
76.11
76.11
76.11
76.11
76.12
76.11
76.12
76.12
76.13
76.13
76.12
76.12
76.10
76.09
76.09
76.09
76.09
76.09
76.09
76.11
76.11
76.10
76.11
76.11
76.12
76.10
76.10
76.11
76.12
76.13
76.14
76.13
76.13
76.13
76.15
76.15
76.15
76.16
76.17
76.16
76.15
76.14
76.12
76.13
76.13
76.14
76.13
76.14
76.15
76.14
76.14
76.14
76.14
76.13
76.13
76.13
76.14
76.14
76.14
76.14
76.13
76.13
76.13
76.13
76.13
76.14
76.14
76.12
76.12
76.13
76.12
76.12
76.13
76.11
76.09
76.10
76.11
76.10
76.09
76.09
76.10
76.10
76.10
76.11
76.11
76.10
76.11
76.10
76.09
76.09
76.09
76.07
76.07
76.07
76.07
76.07
76.09
76.09
76.09
76.10
76.09
76.09
76.09
76.10
76.09
76.09
76.09
76.09
76.09
76.09
76.11
76.10
76.10
76.11
76.10
76.10
76.11
76.11
76.11
76.10
76.10
76.11
76.11
76.10
76.09
76.10
76.11
76.11
76.12
76.12
76.12
76.13
76.13
76.14
76.14
76.15
76.16
76.17
76.19
76.19
76.19
76.20
76.19
76.18
76.19
76.19
76.19
76.18
76.19
76.16
76.17
76.15
76.17
76.18
76.18
76.19
76.20
76.20
76.20
76.21
76.21
76.20
76.20
76.19
76.19
76.18
76.19
76.19
76.19
76.19
76.20
76.20
76.19
76.19
76.18
76.18
76.16
76.16
76.16
76.15
76.16
76.16
76.17
76.17
76.17
76.16
76.16
76.15
76.15
76.16
76.15
76.15
76.15
76.15
76.15
76.14
76.14
76.14
76.14
76.13
76.14
76.15
76.15
76.14
76.16
76.14
76.14
76.12
76.12
76.12
76.12
76.14
76.13
76.14
76.14
76.14
76.13
76.14
76.14
76.14
76.14
76.15
76.14
76.15
76.14
76.13
76.14
76.14
76.14
76.14
76.14
76.14
76.13
76.13
76.13
76.12
76.05
