82.81
80.47
75.52
75.00
74.38
75.52
74.11
74.02
73.61
73.44
74.15
75.00
73.92
74.11
73.96
73.93
74.17
74.13
74.42
75.00
75.37
75.71
75.34
75.52
75.62
75.36
74.88
74.89
74.84
74.95
75.00
75.15
75.28
75.28
75.18
75.13
75.00
74.79
74.92
74.80
74.77
74.67
74.67
74.82
74.79
74.80
74.47
74.58
74.71
74.66
74.72
74.52
74.62
74.59
74.66
74.67
74.81
74.78
74.95
74.79
74.87
75.03
75.00
75.02
75.00
75.14
75.23
75.14
75.14
75.27
75.40
75.30
75.26
75.21
75.25
75.33
75.39
75.38
75.51
75.39
75.27
75.34
75.36
75.37
75.46
75.40
75.48
75.57
75.61
75.57
75.64
75.65
75.66
75.71
75.76
75.81
75.79
75.89
75.87
75.86
75.82
75.86
75.83
75.78
75.76
75.74
75.72
75.67
75.67
75.72
75.72
75.64
75.66
75.70
75.73
75.75
75.79
75.82
75.79
75.82
75.88
75.85
75.86
75.82
75.85
75.86
75.87
75.81
75.82
75.82
75.74
75.72
75.73
75.75
75.78
75.78
75.79
75.84
75.87
75.86
75.84
75.84
75.86
75.84
75.83
75.77
75.77
75.72
75.67
75.69
75.65
75.67
75.65
75.63
75.66
75.70
75.72
75.73
75.68
75.69
75.69
75.66
75.67
75.72
75.74
75.73
75.73
75.72
75.76
75.78
75.76
75.72
75.72
75.70
75.68
75.70
75.73
75.77
75.78
75.80
75.77
75.79
75.78
75.82
75.80
75.87
75.85
75.81
75.77
75.71
75.72
75.73
75.77
75.81
75.76
75.75
75.73
75.74
75.76
75.73
75.73
75.74
75.73
75.74
75.74
75.73
75.72
75.74
75.73
75.68
75.72
75.73
75.74
75.73
75.76
75.78
75.77
75.77
75.78
75.85
75.84
75.81
75.83
75.85
75.83
75.84
75.81
75.84
75.83
75.85
75.85
75.85
75.85
75.86
75.87
75.85
75.84
75.88
75.90
75.91
75.92
75.96
75.98
75.94
75.91
75.92
75.93
75.95
75.95
75.91
75.90
75.91
75.88
75.89
75.91
75.90
75.89
75.93
75.95
75.94
75.92
75.89
75.90
75.88
75.92
75.89
75.88
75.87
75.85
75.87
75.85
75.85
75.85
75.80
75.82
75.80
75.80
75.80
75.80
75.79
75.78
75.79
75.78
75.79
75.74
75.75
75.75
75.78
75.77
75.77
75.75
75.74
75.75
75.75
75.77
75.79
75.77
75.79
75.80
75.79
75.79
75.81
75.80
75.81
75.82
75.82
75.82
75.83
75.84
75.84
75.81
75.83
75.80
75.84
75.87
75.86
75.84
75.85
75.87
75.85
75.83
75.82
75.82
75.80
75.83
75.84
75.86
75.87
75.86
75.89
75.88
75.89
75.87
75.87
75.86
75.87
75.89
75.89
75.89
75.90
75.93
75.92
75.92
75.93
75.91
75.89
75.88
75.89
75.90
75.90
75.90
75.91
75.90
75.90
75.90
75.93
75.95
75.92
75.94
75.97
75.98
76.01
76.01
76.04
76.06
76.05
76.03
76.01
76.01
76.01
76.02
76.01
75.99
75.99
75.99
75.98
75.99
76.01
76.02
75.97
75.96
75.97
75.96
75.96
75.97
75.96
75.94
75.95
75.94
75.95
75.98
75.98
75.98
76.00
75.98
75.99
76.02
76.02
76.03
76.03
76.03
76.05
76.07
76.06
76.05
76.04
76.06
76.05
76.05
76.06
76.06
76.07
76.09
76.08
76.05
76.04
76.04
76.05
76.07
76.06
76.05
76.06
76.06
76.05
76.05
76.07
76.08
76.09
76.09
76.06
76.07
76.05
76.07
76.05
76.03
76.02
76.03
76.04
76.02
76.04
76.04
76.03
76.05
76.05
76.05
76.03
76.03
76.02
76.04
76.04
76.05
76.06
76.08
76.11
76.12
76.13
76.14
76.14
76.15
76.14
76.15
76.14
76.14
76.15
76.16
76.16
76.15
76.15
76.15
76.15
76.15
76.15
76.15
76.15
76.14
76.16
76.15
76.14
76.14
76.16
76.14
76.13
76.14
76.13
76.13
76.13
76.14
76.12
76.12
76.13
76.13
76.14
76.14
76.15
76.16
76.15
76.13
76.13
76.13
76.12
76.11
76.11
76.10
76.10
76.10
76.11
76.12
76.12
76.12
76.11
76.10
76.09
76.08
76.08
76.07
76.07
76.06
76.06
76.05
76.04
76.03
76.03
76.05
76.04
76.04
76.05
76.05
76.03
76.04
76.01
76.01
76.02
76.01
76.03
76.02
76.01
76.03
76.03
76.04
76.04
76.04
76.04
76.03
76.02
76.02
76.02
76.03
76.02
76.04
76.06
76.06
76.05
76.05
76.05
76.03
76.03
76.03
76.04
76.05
76.07
76.08
76.09
76.09
76.10
76.08
76.09
76.10
76.11
76.11
76.13
76.13
76.14
76.16
76.16
76.16
76.18
76.18
76.16
76.15
76.15
76.14
76.13
76.14
76.14
76.13
76.13
76.13
76.12
76.11
76.11
76.12
76.11
76.12
76.11
76.12
76.11
76.11
76.10
76.11
76.09
76.09
76.09
76.10
76.08
76.09
76.09
76.11
76.10
76.10
76.09
76.09
76.07
76.09
76.09
76.09
76.10
76.09
76.11
76.11
76.10
76.10
76.10
76.09
76.07
76.08
76.09
76.09
76.09
76.07
76.07
76.08
76.07
76.05
76.06
76.05
76.05
76.05
76.03
76.03
76.03
76.02
76.02
76.00
75.99
76.00
76.01
76.02
76.03
76.02
76.01
76.03
76.03
76.03
76.03
76.03
76.02
76.02
76.03
76.03
76.03
76.03
76.01
76.02
76.01
76.01
76.00
76.01
76.01
76.01
76.01
76.02
76.03
76.02
76.03
76.02
76.00
76.00
76.01
76.02
76.02
76.01
76.01
76.00
76.00
76.00
76.00
76.00
75.99
76.00
76.00
76.01
76.01
76.01
76.01
76.01
76.01
76.02
76.01
76.01
76.02
76.00
76.00
75.99
75.99
75.98
75.98
75.98
75.97
75.96
75.98
75.97
75.98
75.97
75.97
75.98
75.99
75.99
75.99
75.98
75.98
75.97
75.96
75.97
75.98
75.98
75.97
75.98
75.98
75.98
75.98
75.98
75.98
75.99
75.99
75.99
75.98
75.96
75.97
75.98
75.98
75.98
75.97
75.98
75.97
75.98
75.98
75.97
75.97
75.97
75.98
75.97
75.96
75.96
75.96
75.95
75.96
75.97
75.96
75.96
75.95
75.95
75.96
75.96
75.96
75.94
75.94
75.94
75.93
75.93
75.92
75.92
75.92
75.93
75.94
75.95
75.95
75.95
75.95
75.95
75.95
75.95
75.88
