81.25
79.69
78.12
78.12
76.88
76.82
77.68
78.32
78.82
77.97
77.70
78.12
77.88
77.01
77.08
77.25
77.30
77.34
77.22
77.27
76.86
77.13
76.77
76.69
76.69
76.74
76.68
76.62
76.56
76.46
76.61
76.71
76.47
76.75
76.65
76.69
76.48
76.48
76.32
76.29
76.18
76.26
76.31
76.35
76.39
76.49
76.56
76.60
76.66
76.50
76.35
76.29
76.36
76.48
76.65
76.51
76.54
76.43
76.24
76.22
76.36
76.26
76.41
76.34
76.35
76.37
76.14
76.15
76.13
76.12
76.06
76.06
75.98
75.99
75.96
75.90
75.79
75.72
75.69
75.66
75.79
75.76
75.83
75.87
75.90
75.89
75.93
75.89
75.86
75.87
75.91
75.87
75.86
75.93
75.87
76.03
75.92
75.91
75.90
75.81
75.79
75.83
75.82
75.86
75.86
75.83
75.86
75.88
75.90
75.98
75.99
75.95
75.95
75.96
75.95
75.86
75.87
75.85
75.91
75.78
75.77
75.85
75.91
75.95
75.96
75.97
75.97
76.06
76.09
76.08
76.09
76.11
76.14
76.21
76.20
76.19
76.16
76.17
76.11
76.13
76.14
76.16
76.09
76.13
76.05
76.04
76.03
76.06
76.08
76.05
76.00
76.05
76.02
76.05
76.11
76.12
76.13
76.04
76.08
76.08
76.10
76.06
76.05
76.10
76.12
76.13
76.17
76.15
76.17
76.17
76.19
76.14
76.08
76.08
76.06
76.04
76.04
76.05
76.08
76.11
76.12
76.12
76.11
76.11
76.14
76.18
76.19
76.21
76.16
76.15
76.13
76.10
76.11
76.09
76.05
76.07
76.05
76.02
76.02
76.09
76.07
76.08
76.12
76.15
76.17
76.13
76.15
76.15
76.14
76.15
76.13
76.12
76.13
76.14
76.15
76.14
76.11
76.12
76.13
76.12
76.12
76.14
76.18
76.14
76.16
76.15
76.16
76.14
76.15
76.14
76.15
76.16
76.15
76.14
76.14
76.12
76.11
76.13
76.14
76.18
76.17
76.19
76.18
76.16
76.17
76.18
76.20
76.22
76.21
76.22
76.21
76.23
76.19
76.17
76.10
76.06
76.09
76.09
76.06
76.06
76.06
76.04
76.04
76.06
76.07
76.04
76.02
76.04
76.03
76.02
76.04
76.05
76.05
76.04
76.02
76.04
76.05
76.05
76.08
76.11
76.11
76.11
76.11
76.11
76.10
76.10
76.10
76.07
76.05
76.07
76.04
76.05
76.06
76.07
76.06
76.06
76.08
76.10
76.09
76.08
76.07
76.06
76.06
76.08
76.07
76.08
76.06
76.08
76.09
76.09
76.12
76.08
76.09
76.10
76.10
76.09
76.12
76.09
76.09
76.07
76.09
76.10
76.11
76.11
76.06
76.07
76.07
76.07
76.07
76.07
76.05
76.07
76.08
76.08
76.09
76.06
76.06
76.06
76.04
76.07
76.06
76.05
76.06
76.05
76.05
76.07
76.06
76.06
76.07
76.06
76.05
76.04
76.04
76.06
76.07
76.07
76.08
76.06
76.08
76.11
76.11
76.09
76.09
76.09
76.07
76.08
76.06
76.10
76.09
76.10
76.10
76.10
76.11
76.10
76.10
76.10
76.10
76.08
76.09
76.09
76.08
76.07
76.07
76.05
76.05
76.04
76.03
76.03
76.03
76.03
76.03
76.03
76.04
76.05
76.02
76.03
76.03
76.04
76.07
76.08
76.07
76.05
76.06
76.06
76.10
76.11
76.11
76.11
76.08
76.09
76.10
76.09
76.07
76.05
76.06
76.07
76.05
76.03
76.02
76.02
76.03
76.04
76.02
76.02
76.01
76.02
76.01
76.01
75.99
75.99
75.98
75.98
75.99
76.01
76.01
75.98
76.00
76.01
76.02
76.02
76.02
76.02
76.02
76.01
76.03
76.02
76.00
76.00
75.98
75.98
75.98
75.98
75.99
76.01
76.02
76.02
76.01
76.01
76.02
76.02
76.03
76.01
76.02
76.02
76.02
76.02
75.99
75.99
76.00
75.99
75.99
75.99
75.99
75.99
75.99
75.99
76.01
76.01
76.00
76.03
76.02
76.02
76.02
76.01
76.01
76.01
76.00
76.00
76.00
75.99
75.97
75.97
75.97
75.97
75.97
75.97
75.97
75.96
75.96
75.96
75.96
75.97
75.97
75.96
75.96
75.95
75.95
75.97
75.98
76.00
76.01
76.00
76.00
76.00
75.98
75.99
75.98
75.98
75.97
75.96
75.96
75.96
75.95
75.95
75.95
75.96
75.96
75.97
75.99
75.98
75.99
76.00
75.99
75.99
75.97
75.98
75.99
76.00
75.99
76.00
75.99
76.01
76.01
75.99
75.99
76.00
76.02
76.04
76.04
76.04
76.04
76.03
76.03
76.02
76.01
76.01
76.01
76.01
76.01
76.01
76.01
76.03
76.03
76.04
76.05
76.03
76.03
76.03
76.02
76.02
76.03
76.04
76.05
76.05
76.06
76.07
76.06
76.07
76.06
76.07
76.05
76.05
76.05
76.06
76.07
76.07
76.07
76.08
76.09
76.09
76.07
76.08
76.08
76.08
76.08
76.09
76.09
76.10
76.11
76.10
76.10
76.11
76.11
76.11
76.10
76.09
76.08
76.09
76.10
76.10
76.12
76.11
76.11
76.11
76.11
76.09
76.09
76.11
76.11
76.11
76.10
76.08
76.09
76.09
76.10
76.09
76.11
76.11
76.10
76.09
76.08
76.08
76.08
76.08
76.09
76.08
76.08
76.07
76.07
76.06
76.04
76.06
76.05
76.07
76.08
76.07
76.07
76.08
76.07
76.07
76.07
76.07
76.07
76.07
76.07
76.07
76.04
76.05
76.04
76.04
76.04
76.04
76.06
76.07
76.07
76.08
76.09
76.09
76.09
76.08
76.09
76.10
76.09
76.09
76.10
76.10
76.11
76.10
76.10
76.10
76.09
76.08
76.09
76.08
76.09
76.09
76.08
76.07
76.07
76.06
76.06
76.08
76.08
76.07
76.08
76.07
76.07
76.07
76.08
76.07
76.07
76.08
76.08
76.07
76.06
76.06
76.07
76.06
76.06
76.06
76.06
76.06
76.07
76.07
76.06
76.05
76.05
76.06
76.05
76.05
76.05
76.05
76.06
76.05
76.06
76.05
76.04
76.05
76.05
76.05
76.06
76.07
76.06
76.06
76.06
76.04
76.05
76.05
76.06
76.07
76.07
76.08
76.08
76.08
76.09
76.10
76.09
76.08
76.08
76.08
76.08
76.08
76.08
76.08
76.09
76.08
76.07
76.07
76.07
76.07
76.05
76.05
76.06
76.07
76.06
76.06
76.07
76.06
76.07
76.07
76.07
76.08
76.08
76.07
76.07
76.06
76.06
76.07
76.07
76.08
76.06
76.00
