78.12
78.12
74.48
73.83
72.50
75.78
75.67
75.98
75.87
75.62
75.43
75.39
74.88
74.89
75.42
75.00
75.09
74.83
74.59
74.53
75.00
75.14
75.27
75.39
75.25
75.36
75.81
75.78
75.65
75.68
75.71
75.98
76.14
76.24
76.43
76.39
76.52
76.48
76.48
76.48
76.41
76.34
76.38
76.28
76.28
76.29
76.16
76.14
76.12
76.13
76.26
76.17
76.18
76.24
76.34
76.34
76.07
75.89
75.79
75.60
75.72
75.63
75.67
75.66
75.53
75.54
75.51
75.60
75.63
75.63
75.64
75.78
75.81
75.78
75.77
75.66
75.63
75.68
75.67
75.70
75.77
75.76
75.79
75.76
75.77
75.84
75.90
75.98
75.88
75.85
75.89
75.82
75.82
75.76
75.87
75.80
75.82
75.83
75.84
75.88
75.97
75.95
75.93
75.92
75.92
75.74
75.70
75.78
75.85
75.88
75.87
75.84
75.80
75.77
75.75
75.75
75.75
75.78
75.74
75.78
75.77
75.76
75.75
75.77
75.80
75.79
75.79
75.79
75.86
75.84
75.88
75.84
75.87
75.84
75.82
75.75
75.81
75.80
75.72
75.74
75.73
75.72
75.71
75.65
75.65
75.60
75.65
75.69
75.70
75.69
75.70
75.68
75.61
75.63
75.61
75.65
75.67
75.65
75.66
75.66
75.66
75.68
75.65
75.73
75.71
75.67
75.64
75.66
75.61
75.58
75.65
75.59
75.58
75.55
75.52
75.51
75.48
75.48
75.45
75.43
75.47
75.46
75.42
75.45
75.46
75.42
75.39
75.42
75.43
75.47
75.45
75.41
75.40
75.43
75.39
75.37
75.38
75.36
75.34
75.32
75.37
75.36
75.35
75.32
75.32
75.33
75.32
75.36
75.34
75.39
75.41
75.42
75.39
75.37
75.34
75.35
75.33
75.37
75.37
75.37
75.36
75.35
75.34
75.33
75.35
75.35
75.37
75.36
75.33
75.36
75.37
75.41
75.42
75.42
75.46
75.47
75.47
75.46
75.45
75.44
75.42
75.43
75.42
75.43
75.44
75.44
75.47
75.50
75.52
75.51
75.52
75.52
75.51
75.52
75.54
75.56
75.56
75.57
75.60
75.59
75.59
75.59
75.60
75.62
75.61
75.61
75.62
75.61
75.62
75.62
75.63
75.62
75.64
75.65
75.67
75.67
75.63
75.60
75.62
75.65
75.61
75.62
75.59
75.58
75.55
75.57
75.56
75.58
75.57
75.57
75.55
75.56
75.55
75.54
75.55
75.53
75.53
75.56
75.53
75.54
75.57
75.58
75.58
75.58
75.61
75.62
75.62
75.57
75.55
75.55
75.55
75.57
75.57
75.59
75.60
75.63
75.64
75.66
75.67
75.68
75.70
75.69
75.68
75.69
75.68
75.70
75.70
75.71
75.66
75.67
75.65
75.63
75.61
75.61
75.63
75.63
75.60
75.57
75.58
75.58
75.58
75.57
75.58
75.59
75.59
75.57
75.56
75.57
75.55
75.54
75.55
75.55
75.55
75.55
75.56
75.57
75.57
75.62
75.63
75.61
75.60
75.63
75.63
75.64
75.67
75.67
75.64
75.65
75.65
75.65
75.65
75.65
75.65
75.64
75.64
75.63
75.64
75.63
75.63
75.60
75.60
75.58
75.58
75.59
75.60
75.62
75.63
75.62
75.61
75.64
75.63
75.63
75.62
75.63
75.64
75.62
75.61
75.61
75.60
75.61
75.62
75.60
75.62
75.63
75.63
75.64
75.62
75.64
75.65
75.66
75.65
75.65
75.63
75.62
75.65
75.65
75.67
75.68
75.71
75.72
75.72
75.73
75.72
75.70
75.68
75.67
75.68
75.69
75.68
75.70
75.69
75.68
75.67
75.69
75.68
75.68
75.66
75.64
75.66
75.65
75.66
75.66
75.65
75.67
75.66
75.66
75.65
75.66
75.66
75.67
75.67
75.66
75.67
75.67
75.65
75.66
75.67
75.67
75.67
75.66
75.68
75.68
75.67
75.66
75.66
75.66
75.65
75.67
75.64
75.65
75.65
75.64
75.64
75.64
75.64
75.64
75.62
75.63
75.63
75.65
75.66
75.66
75.64
75.62
75.62
75.62
75.62
75.63
75.63
75.64
75.65
75.64
75.64
75.64
75.63
75.61
75.63
75.63
75.63
75.63
75.63
75.63
75.64
75.62
75.63
75.63
75.63
75.63
75.62
75.63
75.65
75.65
75.64
75.65
75.64
75.64
75.65
75.66
75.64
75.64
75.65
75.65
75.66
75.65
75.64
75.63
75.63
75.65
75.65
75.65
75.65
75.65
75.65
75.66
75.68
75.69
75.68
75.69
75.69
75.70
75.70
75.69
75.70
75.71
75.73
75.70
75.72
75.72
75.72
75.72
75.73
75.74
75.74
75.73
75.71
75.71
75.72
75.71
75.70
75.69
75.70
75.70
75.68
75.68
75.69
75.68
75.69
75.70
75.69
75.70
75.71
75.71
75.72
75.71
75.70
75.71
75.73
75.74
75.73
75.74
75.72
75.72
75.75
75.74
75.73
75.73
75.72
75.73
75.72
75.72
75.71
75.70
75.71
75.70
75.71
75.72
75.72
75.72
75.72
75.73
75.72
75.71
75.71
75.71
75.71
75.71
75.71
75.71
75.71
75.71
75.73
75.73
75.72
75.72
75.72
75.74
75.75
75.75
75.76
75.75
75.74
75.75
75.73
75.74
75.75
75.77
75.77
75.78
75.78
75.78
75.78
75.80
75.80
75.81
75.81
75.81
75.80
75.81
75.80
75.80
75.81
75.82
75.83
75.83
75.81
75.80
75.81
75.82
75.81
75.81
75.82
75.82
75.83
75.83
75.83
75.81
75.82
75.82
75.82
75.83
75.82
75.83
75.84
75.84
75.84
75.83
75.84
75.83
75.84
75.82
75.83
75.83
75.84
75.84
75.84
75.85
75.86
75.87
75.87
75.86
75.86
75.86
75.86
75.86
75.86
75.86
75.86
75.88
75.88
75.88
75.87
75.86
75.87
75.87
75.87
75.87
75.87
75.86
75.86
75.87
75.87
75.86
75.86
75.86
75.87
75.86
75.88
75.88
75.88
75.88
75.89
75.90
75.90
75.89
75.89
75.88
75.88
75.88
75.89
75.88
75.88
75.89
75.88
75.89
75.88
75.88
75.87
75.88
75.87
75.87
75.87
75.89
75.89
75.90
75.90
75.90
75.90
75.88
75.89
75.90
75.89
75.89
75.89
75.88
75.88
75.89
75.89
75.89
75.90
75.89
75.88
75.88
75.89
75.89
75.87
75.87
75.87
75.88
75.88
75.89
75.90
75.89
75.89
75.89
75.89
75.89
75.89
75.88
75.89
75.89
75.88
75.89
75.88
75.87
75.87
75.87
75.86
75.86
75.86
75.87
75.87
75.80
