79.69
78.12
77.60
75.39
72.50
71.35
71.65
72.66
72.92
73.59
73.15
72.66
73.20
73.10
72.81
73.24
73.07
73.35
73.36
73.20
73.29
73.58
73.64
73.24
73.00
73.14
73.26
73.49
73.38
73.44
73.59
73.63
73.58
73.81
73.35
73.18
73.35
73.19
72.88
72.93
73.09
72.95
72.89
72.80
72.78
72.86
73.01
72.98
72.90
72.75
72.67
72.69
72.64
72.83
72.76
72.66
72.75
72.79
72.85
72.97
73.18
73.01
72.99
73.05
73.08
73.20
73.13
73.09
73.03
72.97
73.02
73.13
73.05
73.16
73.06
73.09
73.09
73.04
73.02
73.01
72.90
72.94
72.93
72.81
72.79
72.93
73.02
72.98
72.88
72.99
72.96
72.91
72.97
73.11
73.12
73.06
73.03
72.99
72.85
72.83
72.90
72.87
72.85
72.85
72.75
72.76
72.79
72.73
72.79
72.74
72.65
72.59
72.66
72.77
72.69
72.71
72.65
72.67
72.65
72.62
72.62
72.59
72.64
72.58
72.58
72.58
72.59
72.56
72.54
72.63
72.63
72.63
72.67
72.64
72.59
72.54
72.57
72.58
72.62
72.58
72.58
72.56
72.55
72.60
72.64
72.61
72.56
72.56
72.58
72.56
72.64
72.74
72.72
72.66
72.65
72.63
72.58
72.61
72.60
72.55
72.55
72.57
72.53
72.52
72.54
72.47
72.51
72.51
72.53
72.54
72.55
72.56
72.55
72.55
72.56
72.57
72.59
72.60
72.68
72.68
72.71
72.73
72.78
72.79
72.76
72.77
72.77
72.80
72.81
72.80
72.82
72.89
72.88
72.88
72.94
72.97
72.95
72.92
72.87
72.79
72.78
72.81
72.81
72.79
72.80
72.75
72.76
72.78
72.77
72.77
72.76
72.80
72.78
72.76
72.76
72.79
72.79
72.77
72.80
72.75
72.78
72.75
72.76
72.73
72.70
72.72
72.71
72.71
72.72
72.73
72.74
72.74
72.75
72.71
72.71
72.70
72.69
72.68
72.68
72.70
72.69
72.70
72.67
72.67
72.63
72.64
72.62
72.62
72.60
72.62
72.65
72.66
72.65
72.61
72.58
72.60
72.59
72.60
72.59
72.57
72.53
72.54
72.57
72.57
72.59
72.60
72.61
72.63
72.66
72.66
72.66
72.65
72.64
72.64
72.66
72.67
72.68
72.70
72.69
72.67
72.68
72.68
72.67
72.66
72.66
72.68
72.69
72.69
72.67
72.64
72.63
72.64
72.61
72.59
72.58
72.55
72.56
72.59
72.61
72.59
72.58
72.60
72.60
72.59
72.54
72.51
72.49
72.49
72.49
72.51
72.50
72.50
72.47
72.46
72.44
72.42
72.42
72.45
72.47
72.44
72.43
72.43
72.47
72.48
72.48
72.49
72.49
72.47
72.44
72.45
72.49
72.47
72.48
72.49
72.50
72.54
72.53
72.52
72.51
72.54
72.53
72.52
72.51
72.54
72.52
72.54
72.51
72.48
72.49
72.50
72.52
72.51
72.53
72.55
72.54
72.53
72.51
72.52
72.54
72.53
72.51
72.50
72.51
72.52
72.52
72.50
72.50
72.50
72.49
72.49
72.52
72.53
72.53
72.52
72.54
72.56
72.54
72.54
72.51
72.50
72.46
72.45
72.45
72.45
72.46
72.45
72.48
72.48
72.48
72.48
72.47
72.46
72.48
72.49
72.49
72.51
72.50
72.51
72.53
72.54
72.51
72.51
72.53
72.52
72.52
72.51
72.52
72.51
72.52
72.53
72.52
72.49
72.48
72.49
72.48
72.47
72.49
72.49
72.49
72.49
72.48
72.49
72.48
72.49
72.49
72.48
72.46
72.47
72.47
72.50
72.50
72.49
72.48
72.48
72.48
72.49
72.49
72.50
72.50
72.51
72.51
72.50
72.50
72.51
72.53
72.51
72.51
72.51
72.49
72.50
72.50
72.51
72.51
72.51
72.49
72.49
72.50
72.51
72.50
72.51
72.52
72.53
72.51
72.52
72.52
72.50
72.51
72.52
72.51
72.50
72.50
72.51
72.53
72.51
72.51
72.51
72.52
72.52
72.51
72.51
72.51
72.51
72.52
72.53
72.52
72.52
72.50
72.50
72.50
72.50
72.49
72.49
72.47
72.49
72.46
72.46
72.45
72.45
72.45
72.44
72.42
72.42
72.42
72.42
72.44
72.44
72.44
72.45
72.45
72.46
72.47
72.46
72.43
72.43
72.42
72.44
72.45
72.47
72.47
72.47
72.48
72.48
72.48
72.47
72.47
72.47
72.47
72.47
72.46
72.44
72.44
72.44
72.44
72.44
72.45
72.46
72.47
72.47
72.48
72.47
72.46
72.46
72.44
72.44
72.45
72.44
72.43
72.42
72.40
72.39
72.39
72.39
72.38
72.38
72.39
72.40
72.40
72.40
72.41
72.42
72.42
72.41
72.42
72.43
72.42
72.42
72.42
72.41
72.42
72.42
72.43
72.42
72.40
72.41
72.39
72.40
72.40
72.39
72.38
72.36
72.37
72.37
72.36
72.36
72.37
72.38
72.39
72.40
72.41
72.40
72.40
72.41
72.41
72.41
72.41
72.41
72.42
72.41
72.41
72.43
72.42
72.42
72.42
72.42
72.43
72.42
72.42
72.42
72.40
72.39
72.39
72.40
72.40
72.39
72.38
72.35
72.35
72.36
72.36
72.36
72.36
72.37
72.37
72.38
72.39
72.40
72.40
72.40
72.39
72.40
72.40
72.40
72.41
72.40
72.40
72.39
72.39
72.38
72.38
72.37
72.37
72.37
72.37
72.38
72.38
72.38
72.39
72.40
72.40
72.41
72.41
72.41
72.41
72.40
72.39
72.39
72.39
72.38
72.38
72.37
72.38
72.38
72.38
72.38
72.37
72.37
72.39
72.38
72.39
72.39
72.37
72.37
72.38
72.38
72.40
72.40
72.39
72.39
72.39
72.39
72.41
72.40
72.41
72.41
72.42
72.41
72.42
72.42
72.44
72.43
72.43
72.44
72.44
72.45
72.45
72.45
72.46
72.45
72.44
72.43
72.44
72.44
72.44
72.43
72.41
72.41
72.42
72.41
72.41
72.42
72.42
72.44
72.44
72.44
72.43
72.42
72.42
72.42
72.42
72.42
72.42
72.43
72.44
72.43
72.43
72.42
72.43
72.44
72.43
72.43
72.43
72.43
72.44
72.43
72.43
72.44
72.44
72.44
72.44
72.45
72.45
72.47
72.47
72.47
72.47
72.45
72.47
72.48
72.47
72.47
72.48
72.47
72.47
72.47
72.46
72.46
72.47
72.46
72.46
72.46
72.47
72.48
72.46
72.46
72.46
72.46
72.46
72.47
72.48
72.48
72.48
72.48
72.48
72.48
72.49
72.47
72.46
72.47
72.46
72.47
72.47
72.40
