84.38
77.34
77.60
79.30
78.44
78.12
77.46
76.56
76.39
76.09
75.99
76.17
76.56
76.23
75.62
75.88
75.74
75.61
75.82
75.47
75.45
75.57
75.68
75.20
75.38
75.78
75.75
75.61
75.48
75.47
75.25
75.54
75.62
75.46
75.62
75.52
75.63
75.70
75.60
75.62
75.69
75.41
75.25
75.39
75.35
75.44
75.60
75.62
75.57
75.53
75.58
75.60
75.59
75.55
75.37
75.33
75.38
75.32
75.16
75.13
75.15
75.15
75.15
75.12
75.10
75.00
74.95
74.95
74.93
74.75
74.82
74.76
74.89
74.98
75.02
75.12
75.08
75.08
75.18
75.29
75.17
75.15
75.17
75.17
75.11
75.09
74.87
74.86
74.89
74.93
74.90
74.88
74.93
74.88
74.84
74.77
74.81
74.81
74.75
74.72
74.71
74.71
74.62
74.62
74.66
74.66
74.59
74.64
74.60
74.66
74.73
74.72
74.70
74.67
74.74
74.74
74.72
74.76
74.70
74.75
74.78
74.73
74.75
74.70
74.70
74.79
74.70
74.80
74.81
74.83
74.80
74.78
74.69
74.69
74.76
74.82
74.84
74.80
74.82
74.78
74.76
74.78
74.84
74.88
74.76
74.78
74.74
74.74
74.78
74.80
74.72
74.78
74.81
74.81
74.80
74.80
74.83
74.82
74.89
74.90
74.90
74.87
74.85
74.87
74.89
74.88
74.89
74.89
74.88
74.93
74.96
74.94
74.95
74.96
75.02
75.04
74.93
74.93
74.89
74.93
74.94
74.94
74.97
74.97
74.99
75.03
75.03
75.07
75.05
75.06
75.07
75.10
75.09
75.07
75.12
75.08
75.05
75.09
75.11
75.09
75.11
75.12
75.15
75.12
75.11
75.08
75.14
75.16
75.17
75.12
75.10
75.10
75.10
75.07
75.07
75.12
75.10
75.06
75.06
75.05
75.08
75.09
75.08
75.08
75.08
75.11
75.10
75.12
75.06
75.05
75.05
75.05
75.06
75.06
75.07
75.05
75.05
75.09
75.11
75.12
75.14
75.14
75.10
75.09
75.10
75.08
75.08
75.09
75.12
75.12
75.14
75.15
75.14
75.15
75.17
75.14
75.13
75.15
75.14
75.16
75.15
75.14
75.08
75.10
75.11
75.14
75.17
75.15
75.14
75.14
75.13
75.11
75.12
75.14
75.15
75.16
75.15
75.17
75.17
75.15
75.17
75.17
75.18
75.18
75.17
75.17
75.20
75.21
75.23
75.24
75.20
75.19
75.21
75.22
75.23
75.26
75.25
75.23
75.19
75.19
75.20
75.20
75.19
75.21
75.22
75.21
75.18
75.14
75.13
75.15
75.14
75.17
75.17
75.17
75.18
75.19
75.20
75.19
75.21
75.21
75.22
75.23
75.24
75.26
75.29
75.29
75.28
75.29
75.29
75.26
75.27
75.26
75.26
75.24
75.25
75.25
75.25
75.23
75.25
75.23
75.23
75.23
75.23
75.25
75.25
75.27
75.27
75.28
75.31
75.32
75.31
75.31
75.32
75.33
75.34
75.32
75.34
75.34
75.34
75.32
75.31
75.33
75.35
75.34
75.34
75.32
75.33
75.32
75.32
75.31
75.28
75.28
75.27
75.26
75.25
75.27
75.29
75.31
75.30
75.32
75.32
75.32
75.33
75.32
75.34
75.35
75.35
75.37
75.38
75.39
75.41
75.39
75.41
75.42
75.39
75.36
75.37
75.36
75.35
75.36
75.37
75.38
75.36
75.38
75.38
75.38
75.38
75.38
75.37
75.39
75.39
75.39
75.37
75.38
75.37
75.37
75.38
75.36
75.37
75.36
75.38
75.39
75.37
75.40
75.40
75.41
75.41
75.40
75.42
75.42
75.42
75.43
75.45
75.45
75.47
75.48
75.48
75.46
75.47
75.47
75.47
75.47
75.48
75.48
75.48
75.48
75.49
75.51
75.50
75.52
75.52
75.51
75.52
75.53
75.54
75.57
75.59
75.57
75.56
75.56
75.55
75.55
75.53
75.54
75.55
75.57
75.57
75.58
75.58
75.58
75.58
75.59
75.59
75.58
75.59
75.61
75.61
75.60
75.60
75.60
75.61
75.63
75.61
75.59
75.59
75.60
75.59
75.59
75.59
75.59
75.59
75.59
75.59
75.60
75.61
75.62
75.61
75.62
75.62
75.62
75.62
75.63
75.63
75.64
75.67
75.65
75.66
75.66
75.67
75.67
75.68
75.67
75.66
75.68
75.68
75.67
75.66
75.67
75.68
75.69
75.69
75.70
75.69
75.70
75.68
75.66
75.65
75.67
75.64
75.66
75.66
75.65
75.65
75.65
75.65
75.65
75.66
75.68
75.66
75.66
75.65
75.65
75.64
75.65
75.64
75.64
75.65
75.64
75.65
75.66
75.64
75.65
75.66
75.65
75.66
75.66
75.67
75.67
75.67
75.66
75.66
75.65
75.65
75.66
75.67
75.67
75.66
75.66
75.65
75.66
75.63
75.63
75.62
75.63
75.63
75.62
75.61
75.61
75.60
75.61
75.60
75.59
75.59
75.59
75.60
75.58
75.59
75.59
75.60
75.60
75.59
75.60
75.61
75.61
75.62
75.62
75.62
75.62
75.63
75.64
75.64
75.64
75.64
75.65
75.64
75.63
75.64
75.64
75.62
75.63
75.62
75.63
75.63
75.64
75.64
75.63
75.63
75.63
75.63
75.62
75.61
75.63
75.62
75.63
75.62
75.63
75.63
75.64
75.65
75.64
75.66
75.66
75.65
75.67
75.67
75.68
75.68
75.69
75.69
75.68
75.68
75.67
75.68
75.68
75.67
75.66
75.67
75.68
75.67
75.67
75.67
75.67
75.67
75.68
75.68
75.68
75.67
75.66
75.66
75.66
75.65
75.66
75.66
75.65
75.66
75.66
75.66
75.65
75.67
75.67
75.67
75.67
75.68
75.68
75.68
75.69
75.69
75.70
75.71
75.71
75.70
75.71
75.73
75.73
75.73
75.73
75.73
75.73
75.73
75.72
75.73
75.73
75.74
75.74
75.73
75.70
75.71
75.72
75.70
75.71
75.72
75.72
75.72
75.73
75.74
75.75
75.76
75.77
75.77
75.77
75.76
75.76
75.76
75.75
75.75
75.74
75.73
75.74
75.75
75.75
75.74
75.75
75.76
75.75
75.75
75.75
75.77
75.76
75.76
75.76
75.76
75.77
75.76
75.74
75.75
75.75
75.75
75.76
75.76
75.77
75.78
75.76
75.77
75.78
75.78
75.77
75.77
75.77
75.77
75.76
75.76
75.76
75.77
75.77
75.77
75.76
75.76
75.76
75.76
75.77
75.77
75.78
75.78
75.78
75.77
75.77
75.76
75.77
75.77
75.78
75.78
75.79
75.80
75.80
75.78
75.78
75.78
75.79
75.79
75.78
75.79
75.72
