78.12
78.12
80.21
80.86
80.31
78.39
77.68
78.71
78.65
78.28
77.70
78.12
77.40
76.67
76.56
76.37
76.29
75.69
75.99
76.09
76.34
76.21
76.49
76.69
76.75
77.10
77.14
77.12
76.83
77.29
77.27
77.15
77.13
76.98
77.10
76.78
76.65
76.93
77.16
77.27
77.32
77.34
77.25
77.24
77.40
77.24
77.19
77.21
77.20
77.19
77.30
77.28
77.33
77.29
77.33
77.40
77.19
77.29
77.33
77.40
77.31
77.29
77.28
77.25
77.07
77.06
77.08
76.93
76.99
76.96
76.85
76.82
76.88
76.86
76.81
76.85
76.87
76.80
76.82
76.86
76.81
76.75
76.73
76.69
76.67
76.60
76.62
76.65
76.69
76.63
76.61
76.56
76.46
76.53
76.48
76.46
76.45
76.50
76.48
76.42
76.45
76.33
76.35
76.28
76.24
76.18
76.12
76.06
76.12
76.18
76.11
76.13
76.11
76.03
75.99
75.93
75.96
75.98
76.09
76.08
76.05
76.11
76.14
76.12
76.07
76.04
76.12
76.09
76.11
76.09
76.11
76.12
76.09
76.12
76.12
76.01
76.03
76.12
76.11
76.14
76.15
76.13
76.14
76.10
76.09
76.13
76.13
76.09
76.12
76.12
76.14
76.04
76.10
76.10
76.12
76.14
76.09
76.10
76.13
76.15
76.14
76.19
76.13
76.18
76.14
76.11
76.09
76.10
76.08
76.06
76.07
76.00
76.00
75.97
76.02
75.99
76.01
76.00
75.99
75.98
76.00
75.97
75.98
75.99
75.99
76.02
76.03
76.01
76.04
76.02
76.04
76.05
76.01
76.01
76.03
76.04
76.08
76.07
76.07
76.04
76.06
76.11
76.09
76.10
76.14
76.16
76.18
76.18
76.18
76.15
76.21
76.19
76.22
76.20
76.20
76.20
76.19
76.20
76.18
76.18
76.16
76.15
76.17
76.12
76.06
76.04
76.07
76.10
76.04
76.06
76.04
76.05
76.01
75.97
75.92
75.89
75.88
75.86
75.86
75.83
75.83
75.81
75.84
75.87
75.89
75.85
75.85
75.88
75.90
75.91
75.93
75.97
75.98
75.96
75.99
75.99
75.99
75.96
75.95
75.95
75.96
75.98
75.94
75.95
75.96
75.95
75.97
75.97
75.98
75.97
75.97
75.97
75.96
75.94
75.93
75.92
75.90
75.90
75.90
75.88
75.91
75.95
75.96
75.91
75.89
75.89
75.88
75.88
75.90
75.91
75.89
75.91
75.90
75.93
75.94
75.94
75.93
75.93
75.98
75.99
76.02
76.03
76.05
76.05
76.06
76.06
76.03
76.03
76.03
76.05
76.08
76.08
76.08
76.09
76.11
76.12
76.12
76.11
76.13
76.13
76.15
76.15
76.11
76.08
76.05
76.07
76.07
76.08
76.09
76.09
76.09
76.11
76.11
76.14
76.17
76.14
76.13
76.11
76.14
76.14
76.18
76.19
76.19
76.21
76.20
76.20
76.19
76.19
76.20
76.21
76.22
76.20
76.19
76.20
76.17
76.18
76.17
76.17
76.17
76.16
76.16
76.17
76.15
76.15
76.15
76.14
76.14
76.15
76.17
76.17
76.19
76.21
76.19
76.19
76.18
76.20
76.19
76.19
76.19
76.19
76.18
76.19
76.19
76.20
76.23
76.24
76.25
76.24
76.21
76.20
76.20
76.19
76.18
76.20
76.20
76.20
76.20
76.20
76.21
76.21
76.19
76.18
76.17
76.16
76.15
76.14
76.14
76.15
76.14
76.15
76.15
76.16
76.13
76.12
76.11
76.09
76.11
76.13
76.14
76.13
76.13
76.14
76.15
76.16
76.15
76.16
76.15
76.18
76.18
76.21
76.18
76.17
76.18
76.20
76.19
76.18
76.19
76.19
76.17
76.16
76.17
76.18
76.17
76.14
76.14
76.13
76.12
76.13
76.13
76.14
76.13
76.12
76.10
76.13
76.13
76.13
76.13
76.15
76.15
76.17
76.15
76.15
76.14
76.14
76.15
76.14
76.14
76.14
76.12
76.12
76.12
76.14
76.16
76.17
76.17
76.17
76.18
76.17
76.19
76.19
76.15
76.16
76.15
76.17
76.16
76.15
76.18
76.17
76.18
76.18
76.17
76.17
76.18
76.17
76.16
76.17
76.17
76.17
76.18
76.19
76.17
76.17
76.17
76.19
76.19
76.18
76.18
76.18
76.17
76.17
76.18
76.18
76.18
76.19
76.19
76.20
76.18
76.19
76.21
76.22
76.22
76.21
76.22
76.21
76.20
76.19
76.18
76.18
76.18
76.18
76.18
76.19
76.20
76.19
76.20
76.19
76.20
76.21
76.21
76.20
76.17
76.18
76.17
76.17
76.16
76.16
76.16
76.15
76.16
76.17
76.15
76.15
76.16
76.14
76.14
76.15
76.16
76.14
76.13
76.13
76.14
76.15
76.14
76.14
76.12
76.11
76.12
76.11
76.13
76.12
76.11
76.13
76.12
76.12
76.10
76.10
76.09
76.10
76.10
76.09
76.08
76.07
76.07
76.08
76.08
76.10
76.10
76.11
76.10
76.10
76.10
76.10
76.10
76.09
76.10
76.10
76.11
76.11
76.11
76.12
76.13
76.13
76.12
76.13
76.13
76.12
76.12
76.13
76.13
76.13
76.13
76.14
76.15
76.15
76.15
76.14
76.13
76.13
76.14
76.15
76.15
76.15
76.15
76.15
76.15
76.15
76.16
76.15
76.14
76.15
76.15
76.14
76.14
76.15
76.15
76.16
76.16
76.16
76.17
76.17
76.16
76.15
76.15
76.15
76.14
76.14
76.14
76.15
76.14
76.13
76.12
76.12
76.12
76.11
76.11
76.13
76.12
76.12
76.12
76.12
76.13
76.14
76.12
76.14
76.14
76.15
76.14
76.12
76.13
76.12
76.12
76.13
76.13
76.13
76.13
76.14
76.14
76.14
76.14
76.14
76.14
76.13
76.12
76.12
76.13
76.13
76.13
76.13
76.14
76.14
76.14
76.15
76.15
76.13
76.12
76.12
76.11
76.11
76.10
76.11
76.10
76.09
76.10
76.11
76.11
76.12
76.10
76.11
76.12
76.11
76.12
76.12
76.10
76.11
76.11
76.11
76.10
76.11
76.11
76.11
76.11
76.11
76.12
76.12
76.11
76.12
76.13
76.14
76.15
76.15
76.15
76.15
76.15
76.15
76.15
76.15
76.16
76.16
76.17
76.16
76.16
76.14
76.15
76.16
76.15
76.15
76.16
76.17
76.18
76.19
76.19
76.19
76.18
76.19
76.19
76.19
76.20
76.20
76.19
76.18
76.18
76.17
76.17
76.17
76.16
76.15
76.14
76.14
76.12
76.11
76.10
76.09
76.10
76.10
76.10
76.11
76.11
76.10
76.09
76.08
76.08
76.01
