67.19
74.22
75.52
75.00
76.56
76.82
75.67
75.20
75.00
75.00
74.43
75.00
75.12
75.11
75.42
75.49
75.74
75.95
76.23
76.02
75.89
75.71
75.68
75.91
75.75
76.20
75.93
75.89
75.86
75.47
75.40
75.78
75.71
75.78
75.71
75.65
75.80
75.99
76.08
76.25
76.52
76.64
76.78
76.85
76.77
76.70
76.66
76.53
76.37
76.37
76.29
76.29
76.21
76.07
76.19
76.12
76.10
75.92
75.79
75.89
76.02
75.86
75.89
75.83
75.94
75.95
75.89
75.92
75.77
75.78
75.77
75.76
75.81
75.74
75.69
75.74
75.75
75.78
75.79
75.78
75.68
75.72
75.79
75.82
75.75
75.82
75.86
75.87
75.88
75.89
75.82
75.78
75.79
75.80
75.76
75.83
75.85
75.75
75.73
75.64
75.65
75.66
75.62
75.74
75.70
75.60
75.64
75.65
75.66
75.62
75.62
75.67
75.73
75.78
75.76
75.79
75.80
75.82
75.79
75.82
75.83
75.86
75.81
75.77
75.77
75.81
75.94
75.99
75.97
75.94
75.91
75.86
75.89
75.97
75.98
76.06
76.04
76.09
76.02
76.04
76.02
76.08
76.08
76.04
76.07
76.07
76.12
76.10
76.13
76.16
76.14
76.18
76.16
76.15
76.13
76.18
76.16
76.19
76.17
76.16
76.22
76.23
76.20
76.17
76.19
76.20
76.24
76.23
76.22
76.24
76.30
76.30
76.24
76.24
76.25
76.28
76.31
76.33
76.34
76.35
76.36
76.37
76.37
76.35
76.33
76.31
76.29
76.29
76.30
76.28
76.28
76.30
76.31
76.34
76.35
76.36
76.32
76.32
76.28
76.24
76.23
76.21
76.12
76.10
76.07
76.07
76.10
76.08
76.08
76.11
76.11
76.09
76.12
76.09
76.09
76.13
76.12
76.11
76.10
76.10
76.12
76.08
76.09
76.12
76.18
76.20
76.20
76.15
76.14
76.10
76.11
76.09
76.14
76.14
76.12
76.14
76.07
76.12
76.10
76.10
76.08
76.08
76.05
76.05
76.07
76.06
76.08
76.09
76.10
76.11
76.12
76.16
76.14
76.16
76.20
76.19
76.20
76.19
76.18
76.18
76.17
76.15
76.14
76.18
76.18
76.19
76.20
76.21
76.23
76.25
76.25
76.24
76.23
76.23
76.25
76.26
76.25
76.24
76.22
76.20
76.17
76.21
76.22
76.23
76.22
76.23
76.21
76.23
76.23
76.24
76.24
76.23
76.22
76.21
76.21
76.25
76.22
76.24
76.24
76.23
76.23
76.25
76.25
76.23
76.23
76.21
76.20
76.17
76.18
76.16
76.14
76.14
76.14
76.14
76.17
76.16
76.18
76.19
76.21
76.26
76.29
76.30
76.31
76.33
76.37
76.37
76.38
76.39
76.38
76.36
76.37
76.39
76.41
76.38
76.38
76.38
76.36
76.36
76.33
76.33
76.35
76.35
76.33
76.33
76.32
76.30
76.30
76.30
76.31
76.31
76.31
76.31
76.28
76.29
76.29
76.27
76.28
76.29
76.29
76.29
76.28
76.29
76.29
76.30
76.30
76.28
76.30
76.28
76.27
76.26
76.26
76.26
76.24
76.23
76.24
76.26
76.25
76.26
76.28
76.29
76.30
76.30
76.30
76.31
76.32
76.33
76.35
76.37
76.36
76.37
76.36
76.36
76.35
76.35
76.35
76.36
76.35
76.38
76.37
76.36
76.35
76.35
76.35
76.35
76.34
76.35
76.35
76.36
76.36
76.37
76.36
76.36
76.36
76.35
76.35
76.35
76.35
76.36
76.37
76.38
76.38
76.35
76.35
76.35
76.34
76.33
76.32
76.33
76.32
76.31
76.30
76.32
76.32
76.32
76.31
76.30
76.30
76.31
76.31
76.30
76.30
76.30
76.30
76.29
76.28
76.28
76.27
76.26
76.27
76.26
76.24
76.23
76.23
76.22
76.25
76.26
76.25
76.25
76.27
76.26
76.26
76.26
76.26
76.28
76.28
76.27
76.28
76.29
76.29
76.29
76.28
76.28
76.30
76.31
76.31
76.30
76.30
76.29
76.29
76.31
76.31
76.31
76.31
76.31
76.31
76.32
76.31
76.32
76.33
76.33
76.32
76.30
76.30
76.31
76.29
76.29
76.27
76.28
76.27
76.27
76.26
76.25
76.23
76.23
76.23
76.21
76.23
76.23
76.23
76.24
76.25
76.25
76.26
76.24
76.26
76.25
76.25
76.24
76.25
76.27
76.26
76.27
76.26
76.25
76.24
76.25
76.25
76.26
76.26
76.25
76.25
76.25
76.23
76.23
76.24
76.25
76.26
76.27
76.28
76.26
76.25
76.24
76.23
76.21
76.23
76.22
76.23
76.23
76.24
76.24
76.24
76.24
76.24
76.23
76.24
76.25
76.23
76.23
76.24
76.24
76.24
76.21
76.20
76.20
76.20
76.19
76.20
76.20
76.19
76.20
76.20
76.20
76.19
76.20
76.20
76.20
76.19
76.19
76.18
76.19
76.19
76.19
76.20
76.20
76.19
76.18
76.18
76.17
76.18
76.18
76.19
76.18
76.19
76.18
76.18
76.18
76.16
76.15
76.15
76.15
76.15
76.15
76.14
76.14
76.13
76.13
76.12
76.13
76.15
76.15
76.14
76.15
76.14
76.15
76.13
76.11
76.12
76.13
76.13
76.13
76.14
76.15
76.14
76.14
76.14
76.14
76.13
76.14
76.15
76.15
76.15
76.14
76.14
76.14
76.16
76.16
76.16
76.16
76.16
76.16
76.16
76.14
76.14
76.15
76.15
76.15
76.18
76.18
76.19
76.19
76.18
76.18
76.18
76.19
76.19
76.18
76.19
76.19
76.21
76.20
76.20
76.20
76.19
76.18
76.19
76.18
76.18
76.19
76.18
76.17
76.18
76.18
76.19
76.18
76.19
76.19
76.19
76.20
76.20
76.20
76.19
76.20
76.18
76.18
76.18
76.18
76.18
76.18
76.20
76.19
76.21
76.20
76.19
76.19
76.18
76.18
76.17
76.17
76.18
76.17
76.17
76.16
76.15
76.16
76.16
76.16
76.17
76.17
76.17
76.17
76.17
76.18
76.19
76.19
76.19
76.19
76.18
76.17
76.17
76.18
76.18
76.18
76.18
76.18
76.18
76.19
76.18
76.18
76.17
76.17
76.17
76.17
76.16
76.16
76.16
76.16
76.16
76.16
76.16
76.16
76.16
76.16
76.17
76.16
76.17
76.16
76.16
76.14
76.14
76.14
76.13
76.13
76.12
76.13
76.12
76.12
76.12
76.13
76.13
76.12
76.12
76.12
76.13
76.12
76.12
76.12
76.13
76.13
76.14
76.15
76.14
76.15
76.15
76.14
76.15
76.15
76.14
76.15
76.15
76.16
76.15
76.08
