73.44
73.44
72.92
74.61
74.69
75.00
77.23
77.15
77.60
77.50
77.70
77.60
77.64
77.68
77.60
77.64
77.85
77.08
77.14
77.34
76.79
76.70
76.77
77.15
77.12
76.92
76.62
76.84
76.72
76.88
76.97
76.76
76.89
77.02
77.32
77.08
76.77
76.48
76.36
76.37
76.56
76.64
76.64
76.56
76.39
76.53
76.56
76.50
76.18
76.09
76.10
76.05
75.97
75.95
76.02
75.95
75.88
75.92
76.06
76.02
76.10
76.23
76.22
76.20
76.25
76.30
76.38
76.42
76.43
76.38
76.39
76.35
76.33
76.33
76.23
76.32
76.24
76.24
76.25
76.19
76.08
76.11
76.09
76.04
75.96
75.85
75.84
75.83
75.86
75.82
75.79
75.87
75.89
75.88
75.90
75.94
75.89
75.86
75.85
75.92
75.99
75.97
75.99
75.99
76.12
76.09
76.01
76.09
76.12
76.09
76.08
76.09
76.06
76.12
76.14
76.09
76.11
76.06
76.05
76.07
76.03
76.02
76.08
76.13
76.12
76.10
76.14
76.12
76.14
76.07
76.03
76.05
76.01
76.04
75.98
76.02
76.02
76.08
76.03
76.00
75.96
75.91
75.90
75.94
75.91
75.97
76.02
76.00
76.03
76.04
76.06
76.15
76.15
76.16
76.16
76.17
76.12
76.13
76.11
76.04
76.01
76.03
76.04
76.10
76.09
76.12
76.12
76.13
76.15
76.09
76.12
76.16
76.17
76.20
76.17
76.22
76.24
76.27
76.23
76.24
76.23
76.26
76.26
76.23
76.26
76.27
76.24
76.26
76.24
76.22
76.28
76.31
76.30
76.29
76.30
76.30
76.32
76.33
76.33
76.34
76.35
76.40
76.36
76.38
76.39
76.37
76.39
76.37
76.37
76.39
76.41
76.43
76.42
76.41
76.39
76.40
76.35
76.36
76.38
76.39
76.40
76.39
76.41
76.40
76.41
76.42
76.42
76.40
76.41
76.40
76.41
76.39
76.44
76.44
76.44
76.41
76.43
76.42
76.43
76.45
76.44
76.43
76.45
76.45
76.45
76.47
76.43
76.41
76.36
76.33
76.34
76.36
76.29
76.29
76.26
76.26
76.24
76.24
76.22
76.23
76.25
76.20
76.19
76.22
76.22
76.22
76.23
76.20
76.21
76.20
76.21
76.21
76.21
76.22
76.22
76.19
76.18
76.21
76.20
76.24
76.25
76.26
76.28
76.28
76.28
76.29
76.27
76.28
76.26
76.26
76.24
76.24
76.23
76.24
76.20
76.19
76.18
76.20
76.17
76.17
76.16
76.19
76.18
76.15
76.13
76.13
76.13
76.11
76.09
76.08
76.09
76.09
76.09
76.08
76.08
76.10
76.11
76.10
76.07
76.08
76.09
76.07
76.08
76.05
76.03
76.04
76.02
76.00
76.00
75.98
75.97
75.96
75.98
75.99
76.01
76.01
75.99
76.02
76.03
76.01
76.00
76.01
76.02
76.02
76.02
76.04
76.04
76.04
76.03
76.04
76.02
76.04
76.07
76.09
76.09
76.11
76.12
76.13
76.12
76.12
76.10
76.10
76.08
76.08
76.05
76.07
76.08
76.09
76.11
76.09
76.09
76.10
76.10
76.12
76.14
76.16
76.16
76.18
76.18
76.19
76.20
76.19
76.20
76.18
76.16
76.13
76.15
76.16
76.16
76.18
76.19
76.18
76.19
76.19
76.19
76.20
76.20
76.22
76.24
76.23
76.24
76.24
76.24
76.23
76.24
76.24
76.25
76.25
76.24
76.21
76.23
76.24
76.25
76.22
76.21
76.22
76.20
76.21
76.22
76.22
76.21
76.23
76.22
76.21
76.22
76.23
76.24
76.25
76.26
76.28
76.30
76.30
76.30
76.30
76.33
76.31
76.31
76.32
76.30
76.32
76.31
76.32
76.34
76.37
76.35
76.33
76.31
76.30
76.30
76.32
76.32
76.32
76.31
76.30
76.33
76.31
76.29
76.28
76.28
76.29
76.29
76.29
76.29
76.28
76.27
76.28
76.28
76.28
76.27
76.27
76.28
76.28
76.26
76.26
76.26
76.26
76.27
76.28
76.28
76.29
76.30
76.29
76.28
76.30
76.28
76.30
76.28
76.29
76.29
76.29
76.28
76.29
76.29
76.30
76.29
76.30
76.30
76.30
76.30
76.28
76.28
76.26
76.26
76.25
76.24
76.24
76.24
76.25
76.26
76.26
76.24
76.24
76.23
76.23
76.23
76.22
76.22
76.22
76.21
76.20
76.21
76.21
76.22
76.22
76.24
76.24
76.23
76.24
76.23
76.21
76.22
76.21
76.20
76.20
76.20
76.20
76.19
76.20
76.20
76.20
76.20
76.20
76.19
76.18
76.18
76.20
76.20
76.20
76.20
76.18
76.19
76.20
76.21
76.22
76.22
76.24
76.24
76.25
76.24
76.22
76.24
76.24
76.24
76.25
76.24
76.24
76.23
76.22
76.22
76.19
76.18
76.18
76.18
76.18
76.18
76.19
76.18
76.18
76.17
76.18
76.19
76.19
76.18
76.18
76.20
76.21
76.22
76.22
76.21
76.22
76.21
76.21
76.21
76.20
76.20
76.22
76.22
76.21
76.21
76.21
76.21
76.22
76.22
76.22
76.21
76.22
76.23
76.22
76.23
76.23
76.23
76.24
76.24
76.24
76.25
76.25
76.25
76.25
76.25
76.26
76.25
76.26
76.25
76.24
76.25
76.27
76.25
76.26
76.26
76.25
76.23
76.23
76.23
76.21
76.20
76.20
76.20
76.20
76.20
76.20
76.20
76.20
76.20
76.20
76.19
76.18
76.18
76.18
76.18
76.18
76.17
76.15
76.16
76.16
76.17
76.16
76.16
76.18
76.18
76.18
76.18
76.17
76.17
76.18
76.17
76.16
76.16
76.14
76.14
76.14
76.13
76.14
76.15
76.15
76.15
76.15
76.15
76.16
76.15
76.16
76.15
76.17
76.16
76.17
76.16
76.16
76.15
76.16
76.17
76.16
76.17
76.17
76.18
76.18
76.18
76.17
76.16
76.17
76.17
76.19
76.18
76.17
76.16
76.17
76.17
76.18
76.18
76.17
76.17
76.17
76.18
76.18
76.18
76.17
76.17
76.18
76.17
76.17
76.18
76.17
76.16
76.15
76.15
76.16
76.17
76.17
76.16
76.15
76.15
76.15
76.14
76.15
76.16
76.15
76.15
76.15
76.16
76.17
76.17
76.18
76.17
76.18
76.18
76.18
76.17
76.17
76.17
76.17
76.16
76.16
76.16
76.16
76.17
76.17
76.18
76.18
76.17
76.17
76.17
76.16
76.16
76.16
76.15
76.15
76.15
76.15
76.15
76.14
76.14
76.15
76.15
76.15
76.14
76.13
76.12
76.13
76.13
76.13
76.12
76.11
76.11
76.04
