76.56
78.12
77.60
77.73
75.62
76.56
76.56
77.15
77.26
77.03
77.27
77.34
76.92
76.45
76.46
76.27
76.84
76.82
77.06
76.88
76.86
76.92
76.63
76.56
76.69
76.92
76.85
76.45
76.78
77.03
77.17
77.25
77.08
77.07
77.05
76.69
76.86
76.64
76.52
76.56
76.71
76.64
76.93
76.74
76.63
76.53
76.53
76.46
76.34
76.22
76.26
76.32
76.21
76.13
76.08
76.03
75.96
75.92
75.93
75.83
75.90
75.86
75.87
75.76
75.75
75.76
75.82
75.87
75.88
75.94
75.97
76.00
76.05
76.06
76.00
75.90
75.91
75.94
75.97
76.00
75.89
75.86
75.87
75.86
75.86
75.84
75.83
75.92
75.93
75.89
75.77
75.75
75.79
75.70
75.62
75.63
75.64
75.59
75.71
75.72
75.77
75.87
75.90
75.89
75.91
75.99
76.01
75.97
76.03
76.11
76.08
76.19
76.26
76.21
76.20
76.16
76.14
76.06
75.97
75.95
75.99
75.91
75.93
75.88
75.85
75.79
75.84
75.85
75.87
75.89
75.89
75.89
75.87
75.92
75.90
75.87
75.89
75.88
75.87
75.90
75.88
75.84
75.78
75.80
75.84
75.83
75.80
75.79
75.86
75.89
75.86
75.85
75.82
75.85
75.84
75.81
75.79
75.76
75.79
75.80
75.81
75.79
75.84
75.88
75.92
75.94
75.97
75.97
75.94
75.97
75.97
75.96
76.00
75.97
75.96
75.99
76.03
76.04
76.00
75.99
76.04
76.05
76.02
76.05
76.01
76.03
76.00
75.98
75.97
75.97
76.01
75.99
75.95
75.96
76.00
75.99
76.00
76.00
75.93
75.95
75.91
75.92
75.88
75.87
75.82
75.83
75.82
75.84
75.82
75.82
75.83
75.84
75.84
75.84
75.81
75.83
75.83
75.82
75.78
75.79
75.76
75.78
75.78
75.80
75.79
75.77
75.79
75.79
75.80
75.81
75.78
75.79
75.77
75.75
75.78
75.77
75.80
75.82
75.82
75.81
75.80
75.82
75.84
75.85
75.87
75.83
75.84
75.88
75.84
75.84
75.87
75.90
75.89
75.89
75.89
75.87
75.89
75.88
75.84
75.85
75.86
75.92
75.90
75.91
75.90
75.91
75.91
75.90
75.91
75.91
75.90
75.90
75.91
75.91
75.93
75.93
75.95
75.95
75.96
75.98
75.98
75.98
75.97
75.99
76.03
76.03
76.05
76.05
76.07
76.08
76.07
76.08
76.10
76.14
76.15
76.13
76.13
76.13
76.11
76.13
76.12
76.12
76.15
76.17
76.17
76.17
76.18
76.17
76.16
76.14
76.13
76.11
76.11
76.11
76.10
76.14
76.15
76.14
76.13
76.15
76.13
76.14
76.14
76.16
76.15
76.12
76.13
76.16
76.16
76.15
76.15
76.15
76.16
76.16
76.17
76.15
76.16
76.18
76.17
76.16
76.17
76.17
76.15
76.16
76.13
76.16
76.16
76.16
76.17
76.16
76.15
76.14
76.12
76.12
76.12
76.13
76.12
76.12
76.10
76.13
76.15
76.14
76.15
76.15
76.14
76.12
76.14
76.12
76.12
76.13
76.11
76.12
76.12
76.13
76.14
76.11
76.12
76.12
76.09
76.09
76.08
76.06
76.08
76.08
76.07
76.10
76.12
76.12
76.12
76.13
76.13
76.13
76.14
76.13
76.14
76.16
76.17
76.16
76.19
76.18
76.18
76.18
76.18
76.18
76.19
76.17
76.17
76.16
76.17
76.17
76.18
76.17
76.16
76.17
76.14
76.13
76.14
76.13
76.13
76.12
76.12
76.11
76.13
76.13
76.14
76.13
76.11
76.11
76.13
76.13
76.13
76.12
76.11
76.12
76.12
76.11
76.07
76.07
76.08
76.09
76.09
76.10
76.10
76.11
76.11
76.11
76.11
76.11
76.09
76.07
76.07
76.08
76.09
76.10
76.09
76.09
76.08
76.09
76.07
76.06
76.08
76.08
76.06
76.04
76.04
76.02
76.03
76.01
76.01
76.01
76.03
76.02
76.02
76.02
76.00
76.02
76.02
76.03
76.03
76.02
76.02
76.01
76.03
76.03
76.02
76.02
76.03
76.01
76.02
76.01
76.00
76.00
75.98
75.97
75.98
75.97
75.98
75.96
75.99
75.98
75.98
75.99
75.99
75.98
75.98
75.99
75.98
76.00
76.00
76.01
76.01
76.02
76.02
76.01
76.01
76.01
76.01
76.02
76.01
76.02
76.01
76.01
76.03
76.01
76.00
76.01
76.00
76.01
76.04
76.06
76.07
76.07
76.09
76.11
76.11
76.11
76.10
76.09
76.10
76.09
76.09
76.08
76.08
76.09
76.09
76.08
76.09
76.09
76.09
76.09
76.09
76.09
76.07
76.07
76.08
76.08
76.08
76.08
76.09
76.09
76.07
76.06
76.05
76.06
76.05
76.07
76.08
76.09
76.10
76.11
76.11
76.11
76.11
76.11
76.11
76.11
76.10
76.12
76.14
76.12
76.12
76.12
76.13
76.15
76.15
76.15
76.16
76.13
76.12
76.13
76.13
76.13
76.12
76.12
76.11
76.11
76.11
76.11
76.12
76.12
76.13
76.13
76.12
76.12
76.11
76.10
76.12
76.11
76.11
76.11
76.10
76.12
76.12
76.11
76.10
76.11
76.10
76.11
76.12
76.12
76.13
76.13
76.13
76.13
76.13
76.12
76.12
76.13
76.12
76.12
76.12
76.12
76.12
76.13
76.13
76.14
76.14
76.15
76.14
76.15
76.13
76.12
76.11
76.11
76.11
76.12
76.12
76.12
76.13
76.13
76.13
76.13
76.14
76.12
76.13
76.12
76.13
76.14
76.14
76.14
76.15
76.16
76.16
76.17
76.17
76.18
76.18
76.16
76.16
76.15
76.16
76.17
76.17
76.16
76.17
76.16
76.16
76.16
76.14
76.16
76.15
76.14
76.14
76.13
76.14
76.12
76.12
76.12
76.12
76.13
76.13
76.13
76.13
76.14
76.15
76.15
76.15
76.15
76.15
76.15
76.15
76.14
76.15
76.15
76.15
76.15
76.16
76.16
76.16
76.16
76.16
76.16
76.16
76.15
76.15
76.16
76.16
76.17
76.17
76.18
76.19
76.19
76.19
76.19
76.19
76.19
76.19
76.20
76.20
76.20
76.20
76.21
76.20
76.21
76.20
76.20
76.19
76.18
76.18
76.20
76.19
76.19
76.19
76.19
76.20
76.19
76.19
76.17
76.17
76.16
76.15
76.15
76.14
76.14
76.13
76.13
76.13
76.14
76.14
76.14
76.14
76.14
76.14
76.13
76.14
76.14
76.13
76.13
76.13
76.12
76.12
76.13
76.12
76.12
76.11
76.12
76.12
76.12
76.12
76.13
76.13
76.06
