81.25
82.03
77.08
77.73
78.44
78.12
76.56
76.76
76.22
76.41
75.71
74.35
74.76
74.89
75.31
75.20
75.09
75.52
75.82
75.86
75.67
75.50
75.61
75.52
75.69
75.36
75.23
75.28
75.32
75.47
75.71
75.49
75.33
75.32
75.36
75.22
75.17
75.00
74.92
74.69
74.70
74.59
74.82
74.75
74.69
74.86
74.97
75.03
75.19
75.09
75.25
75.09
75.03
75.00
75.00
75.03
75.03
75.11
75.11
75.16
75.20
75.13
75.15
75.10
75.10
75.07
75.05
75.16
75.09
75.13
74.98
75.00
74.89
74.87
74.94
75.06
75.02
75.00
75.00
75.00
75.00
75.00
74.94
74.89
74.87
74.84
74.89
74.84
74.89
74.84
74.81
74.81
74.85
74.83
74.95
74.93
74.94
74.94
74.95
75.00
75.03
74.94
74.95
74.95
75.00
74.99
75.09
75.01
74.99
75.00
75.00
75.01
74.96
75.03
74.95
74.93
74.92
74.88
74.76
74.79
74.86
74.88
74.83
74.77
74.80
74.74
74.75
74.76
74.69
74.75
74.74
74.63
74.71
74.73
74.72
74.74
74.81
74.83
74.81
74.82
74.80
74.77
74.75
74.73
74.71
74.70
74.74
74.70
74.73
74.72
74.69
74.71
74.70
74.75
74.74
74.71
74.71
74.75
74.77
74.78
74.79
74.75
74.76
74.72
74.73
74.69
74.72
74.74
74.71
74.74
74.72
74.69
74.72
74.71
74.72
74.72
74.72
74.69
74.70
74.72
74.72
74.72
74.79
74.76
74.76
74.74
74.72
74.77
74.75
74.73
74.72
74.72
74.68
74.69
74.70
74.69
74.71
74.73
74.71
74.71
74.70
74.67
74.69
74.72
74.70
74.70
74.62
74.61
74.64
74.64
74.64
74.65
74.65
74.62
74.61
74.59
74.61
74.66
74.64
74.64
74.65
74.69
74.68
74.67
74.67
74.67
74.66
74.66
74.61
74.61
74.64
74.64
74.65
74.65
74.67
74.67
74.70
74.68
74.67
74.66
74.66
74.65
74.64
74.65
74.64
74.66
74.65
74.68
74.73
74.73
74.73
74.71
74.70
74.63
74.63
74.61
74.64
74.62
74.62
74.62
74.65
74.62
74.66
74.64
74.63
74.64
74.61
74.61
74.61
74.63
74.64
74.66
74.69
74.67
74.69
74.71
74.72
74.71
74.73
74.70
74.71
74.69
74.67
74.65
74.65
74.64
74.61
74.61
74.62
74.62
74.65
74.70
74.67
74.68
74.65
74.70
74.71
74.72
74.70
74.71
74.71
74.74
74.74
74.78
74.75
74.75
74.76
74.78
74.80
74.78
74.79
74.82
74.81
74.84
74.86
74.84
74.83
74.81
74.81
74.84
74.86
74.84
74.84
74.83
74.83
74.82
74.84
74.85
74.85
74.87
74.87
74.86
74.87
74.84
74.82
74.81
74.81
74.80
74.80
74.82
74.78
74.80
74.80
74.84
74.82
74.82
74.82
74.81
74.83
74.80
74.82
74.80
74.77
74.80
74.78
74.79
74.77
74.78
74.82
74.83
74.84
74.85
74.85
74.83
74.82
74.82
74.83
74.84
74.86
74.84
74.84
74.83
74.82
74.85
74.85
74.88
74.87
74.88
74.86
74.86
74.85
74.82
74.82
74.82
74.82
74.81
74.81
74.80
74.82
74.82
74.83
74.82
74.83
74.83
74.83
74.86
74.84
74.84
74.85
74.82
74.83
74.84
74.84
74.83
74.85
74.83
74.83
74.82
74.85
74.84
74.81
74.81
74.80
74.83
74.84
74.85
74.85
74.85
74.85
74.85
74.85
74.85
74.87
74.86
74.88
74.89
74.90
74.89
74.90
74.91
74.93
74.93
74.95
74.94
74.93
74.92
74.93
74.94
74.94
74.94
74.95
74.94
74.95
74.95
74.96
74.99
74.97
74.98
74.98
74.99
74.99
74.97
74.98
74.97
74.98
74.98
74.97
74.98
74.99
75.00
74.99
74.99
75.00
75.01
75.01
75.01
75.00
75.01
75.00
75.01
74.99
74.99
74.99
75.00
75.00
75.01
75.01
75.02
75.01
75.03
75.04
75.02
75.00
74.99
74.99
75.00
74.99
74.99
74.97
74.96
74.96
74.95
74.95
74.95
74.95
74.95
74.96
74.97
74.98
74.99
74.99
75.01
74.99
75.01
75.00
75.01
75.01
75.01
75.02
75.02
75.01
75.01
75.01
75.01
75.02
75.03
75.03
75.04
75.04
75.04
75.04
75.04
75.05
75.06
75.07
75.08
75.07
75.07
75.09
75.10
75.10
75.11
75.09
75.08
75.08
75.09
75.10
75.11
75.08
75.09
75.08
75.06
75.07
75.08
75.09
75.09
75.11
75.10
75.09
75.09
75.07
75.08
75.08
75.08
75.10
75.10
75.09
75.08
75.09
75.09
75.09
75.09
75.11
75.11
75.10
75.09
75.08
75.10
75.10
75.11
75.13
75.11
75.09
75.09
75.10
75.11
75.12
75.12
75.14
75.12
75.12
75.13
75.13
75.12
75.13
75.12
75.13
75.15
75.14
75.15
75.16
75.16
75.17
75.17
75.17
75.16
75.15
75.14
75.16
75.17
75.18
75.17
75.18
75.17
75.17
75.17
75.19
75.20
75.20
75.20
75.19
75.17
75.16
75.15
75.14
75.13
75.11
75.11
75.10
75.11
75.12
75.12
75.11
75.12
75.12
75.11
75.11
75.12
75.12
75.12
75.12
75.13
75.13
75.14
75.13
75.13
75.13
75.13
75.13
75.15
75.14
75.15
75.13
75.14
75.13
75.13
75.13
75.13
75.13
75.12
75.12
75.12
75.13
75.13
75.13
75.13
75.13
75.13
75.11
75.12
75.12
75.12
75.12
75.12
75.13
75.12
75.12
75.13
75.14
75.12
75.12
75.11
75.12
75.13
75.13
75.14
75.15
75.15
75.14
75.14
75.14
75.14
75.15
75.15
75.16
75.15
75.16
75.16
75.17
75.17
75.17
75.16
75.15
75.15
75.15
75.16
75.16
75.16
75.17
75.16
75.16
75.17
75.17
75.17
75.18
75.18
75.18
75.19
75.17
75.18
75.18
75.18
75.18
75.18
75.18
75.17
75.17
75.16
75.17
75.18
75.18
75.19
75.19
75.19
75.19
75.19
75.18
75.18
75.18
75.18
75.18
75.18
75.17
75.17
75.17
75.18
75.18
75.18
75.19
75.19
75.18
75.19
75.19
75.19
75.20
75.22
75.20
75.21
75.20
75.19
75.19
75.19
75.18
75.19
75.20
75.20
75.20
75.19
75.20
75.21
75.21
75.22
75.21
75.23
75.23
75.24
75.24
75.23
75.25
75.25
75.24
75.24
75.25
75.25
75.25
75.25
75.25
75.25
75.25
75.26
75.26
75.19
