82.81
77.34
72.92
74.61
74.69
74.48
75.67
76.76
76.22
76.25
75.99
75.39
74.76
75.00
75.52
75.78
76.19
76.04
76.32
76.56
76.86
76.49
76.56
76.76
76.69
76.50
76.10
76.17
75.97
76.20
76.26
76.17
75.95
75.92
75.98
75.69
75.89
75.86
75.88
76.02
76.03
76.23
76.13
76.21
76.42
76.53
76.70
76.69
76.53
76.62
76.53
76.47
76.47
76.53
76.36
76.26
76.34
76.40
76.30
76.22
76.20
76.23
76.17
76.17
76.08
75.99
75.86
75.74
75.75
75.94
75.92
75.89
75.90
75.78
75.94
76.11
76.08
76.02
76.09
76.13
76.16
76.16
76.11
76.23
76.18
76.24
76.22
76.21
76.25
76.18
76.13
76.14
76.09
76.06
76.10
76.07
76.08
76.05
75.93
75.75
75.85
75.74
75.82
75.87
75.88
75.87
75.91
75.87
75.89
75.97
75.99
75.99
75.97
76.03
76.02
75.97
75.93
75.87
75.88
75.91
75.87
75.87
75.93
75.89
75.88
75.99
75.98
76.06
76.07
76.06
76.04
76.14
76.10
76.11
76.12
76.16
76.17
76.25
76.30
76.29
76.25
76.21
76.14
76.07
76.10
76.11
76.09
76.12
76.15
76.11
76.10
76.07
76.06
76.11
76.05
76.03
76.07
76.12
76.15
76.12
76.13
76.16
76.18
76.27
76.26
76.28
76.29
76.27
76.26
76.24
76.21
76.18
76.17
76.15
76.08
76.07
76.09
76.11
76.03
76.08
76.12
76.10
76.11
76.11
76.11
76.12
76.14
76.11
76.12
76.11
76.14
76.15
76.13
76.15
76.13
76.08
76.08
76.07
76.04
76.06
76.07
76.11
76.09
76.06
76.08
76.08
76.10
76.10
76.12
76.13
76.13
76.12
76.10
76.10
76.10
76.12
76.07
76.05
76.04
76.04
76.07
76.06
76.04
76.03
76.03
76.03
76.05
76.05
76.02
76.00
75.99
75.98
75.95
75.95
75.94
75.97
75.97
75.96
75.95
75.99
75.99
75.99
75.98
75.96
75.94
75.95
75.97
75.96
75.93
75.91
75.93
75.92
75.96
75.97
75.99
75.95
75.97
75.96
75.97
75.95
75.98
75.99
76.01
76.02
76.03
76.01
76.00
75.99
75.99
75.98
75.97
75.94
75.90
75.90
75.90
75.90
75.90
75.91
75.91
75.89
75.88
75.90
75.89
75.92
75.92
75.93
75.94
75.92
75.91
75.93
75.91
75.92
75.93
75.91
75.87
75.86
75.85
75.85
75.86
75.86
75.87
75.85
75.84
75.87
75.88
75.89
75.90
75.90
75.95
75.99
76.01
76.01
76.02
76.04
76.04
76.00
76.02
76.01
75.99
76.00
75.97
75.93
75.93
75.95
75.97
75.99
75.96
75.97
75.98
75.96
76.01
76.02
76.05
76.05
76.05
76.04
76.02
76.04
76.02
76.04
76.03
76.02
76.04
76.01
76.01
76.02
76.02
76.03
76.03
76.04
76.04
76.03
76.04
76.02
76.00
76.01
76.02
75.99
75.99
76.02
76.05
76.07
76.07
76.07
76.07
76.11
76.09
76.10
76.11
76.10
76.09
76.09
76.06
76.06
76.02
76.04
76.07
76.07
76.08
76.06
76.07
76.06
76.06
76.08
76.07
76.07
76.09
76.10
76.10
76.07
76.06
76.06
76.05
76.07
76.07
76.10
76.10
76.09
76.07
76.08
76.07
76.05
76.08
76.09
76.11
76.09
76.10
76.09
76.09
76.06
76.06
76.06
76.06
76.06
76.06
76.05
76.03
76.03
76.05
76.06
76.05
76.07
76.06
76.07
76.08
76.09
76.09
76.09
76.09
76.06
76.08
76.07
76.08
76.07
76.06
76.07
76.07
76.06
76.07
76.07
76.06
76.07
76.06
76.05
76.06
76.06
76.06
76.07
76.09
76.08
76.08
76.07
76.07
76.08
76.08
76.08
76.09
76.08
76.07
76.05
76.05
76.07
76.08
76.07
76.09
76.10
76.09
76.10
76.09
76.08
76.08
76.10
76.11
76.12
76.12
76.15
76.14
76.12
76.11
76.13
76.14
76.15
76.16
76.17
76.17
76.16
76.14
76.14
76.14
76.14
76.16
76.15
76.16
76.17
76.19
76.18
76.18
76.17
76.16
76.17
76.15
76.16
76.20
76.18
76.19
76.18
76.19
76.19
76.20
76.20
76.19
76.18
76.18
76.16
76.14
76.14
76.13
76.13
76.13
76.12
76.12
76.13
76.13
76.12
76.11
76.12
76.12
76.13
76.13
76.13
76.13
76.15
76.14
76.12
76.11
76.11
76.12
76.12
76.13
76.12
76.11
76.12
76.13
76.14
76.15
76.15
76.15
76.15
76.15
76.15
76.16
76.17
76.14
76.13
76.13
76.15
76.16
76.15
76.15
76.14
76.13
76.14
76.14
76.14
76.14
76.13
76.12
76.12
76.11
76.12
76.12
76.13
76.12
76.13
76.13
76.12
76.12
76.11
76.10
76.08
76.09
76.09
76.10
76.11
76.10
76.10
76.11
76.11
76.10
76.09
76.09
76.10
76.10
76.10
76.10
76.11
76.11
76.11
76.12
76.13
76.13
76.11
76.12
76.13
76.13
76.13
76.13
76.12
76.10
76.11
76.10
76.11
76.10
76.09
76.09
76.09
76.08
76.07
76.08
76.07
76.07
76.07
76.08
76.08
76.09
76.11
76.10
76.09
76.08
76.08
76.08
76.09
76.08
76.08
76.09
76.08
76.08
76.10
76.10
76.11
76.12
76.13
76.14
76.13
76.13
76.13
76.12
76.11
76.09
76.09
76.09
76.10
76.10
76.08
76.09
76.10
76.10
76.09
76.09
76.10
76.10
76.10
76.11
76.12
76.11
76.11
76.13
76.13
76.13
76.13
76.13
76.13
76.12
76.12
76.10
76.09
76.08
76.10
76.11
76.12
76.12
76.14
76.15
76.15
76.15
76.15
76.15
76.15
76.15
76.14
76.14
76.15
76.15
76.15
76.15
76.13
76.12
76.12
76.13
76.13
76.12
76.12
76.12
76.12
76.12
76.12
76.13
76.12
76.13
76.14
76.13
76.12
76.11
76.12
76.12
76.13
76.12
76.11
76.11
76.11
76.12
76.14
76.13
76.14
76.13
76.13
76.13
76.13
76.12
76.13
76.12
76.13
76.13
76.13
76.13
76.14
76.14
76.13
76.12
76.11
76.11
76.12
76.11
76.10
76.10
76.10
76.10
76.10
76.10
76.12
76.12
76.12
76.13
76.13
76.13
76.12
76.11
76.11
76.12
76.12
76.13
76.13
76.14
76.13
76.13
76.14
76.12
76.13
76.13
76.13
76.13
76.14
76.13
76.14
76.14
76.13
76.14
76.14
76.14
76.14
76.15
76.06
