79.69
82.03
81.25
80.47
77.81
78.12
77.46
77.73
76.74
76.88
77.27
76.69
76.68
77.12
76.77
76.46
76.65
77.00
76.64
76.64
76.64
76.85
76.97
76.95
77.12
77.34
77.55
77.62
77.48
77.55
77.62
77.44
77.51
77.39
77.46
77.30
77.28
77.06
77.32
76.91
76.83
76.75
76.64
76.60
76.63
76.66
76.86
76.69
76.59
76.72
76.75
76.59
76.62
76.50
76.65
76.76
76.70
76.70
76.77
76.88
76.72
76.71
76.76
76.76
76.68
76.63
76.63
76.68
76.63
76.61
76.54
76.54
76.58
76.71
76.81
76.56
76.62
76.50
76.50
76.50
76.52
76.64
76.73
76.67
76.67
76.60
76.47
76.46
76.56
76.56
76.49
76.49
76.43
76.41
76.43
76.43
76.51
76.53
76.56
76.53
76.52
76.42
76.46
76.50
76.53
76.52
76.52
76.49
76.52
76.51
76.55
76.45
76.44
76.45
76.36
76.36
76.36
76.36
76.38
76.38
76.45
76.41
76.41
76.35
76.29
76.24
76.29
76.29
76.30
76.20
76.23
76.17
76.22
76.19
76.18
76.16
76.17
76.22
76.23
76.22
76.20
76.23
76.23
76.22
76.27
76.31
76.29
76.33
76.34
76.32
76.30
76.33
76.31
76.33
76.33
76.32
76.32
76.32
76.24
76.30
76.31
76.29
76.32
76.35
76.37
76.41
76.45
76.38
76.35
76.32
76.28
76.27
76.25
76.21
76.19
76.14
76.11
76.07
76.08
76.07
76.09
76.13
76.10
76.10
76.12
76.11
76.11
76.09
76.07
76.09
76.13
76.12
76.12
76.12
76.06
76.04
76.03
76.01
75.99
75.98
75.97
75.92
75.90
75.87
75.86
75.89
75.87
75.82
75.84
75.84
75.87
75.86
75.89
75.91
75.94
75.95
75.94
76.00
76.02
76.00
75.95
75.99
75.99
75.98
76.02
75.98
75.99
76.05
76.08
76.13
76.11
76.12
76.11
76.08
76.07
76.09
76.05
76.06
76.03
76.00
76.01
76.01
75.96
76.01
75.99
75.97
76.00
76.04
76.00
75.98
76.02
76.01
76.01
76.00
75.98
75.96
75.97
75.96
75.94
75.91
75.91
75.92
75.94
75.94
75.96
75.98
75.99
76.02
76.02
76.01
76.01
76.01
76.05
76.02
76.03
76.05
76.04
76.05
76.06
76.03
76.06
76.09
76.08
76.09
76.11
76.10
76.10
76.11
76.07
76.07
76.07
76.09
76.05
76.06
76.06
76.05
76.04
76.02
76.03
76.02
76.02
76.00
76.04
76.06
76.09
76.11
76.10
76.11
76.12
76.14
76.16
76.13
76.13
76.12
76.11
76.13
76.15
76.14
76.16
76.16
76.17
76.19
76.19
76.22
76.21
76.21
76.20
76.21
76.21
76.23
76.19
76.19
76.18
76.17
76.17
76.15
76.15
76.16
76.16
76.16
76.16
76.15
76.17
76.18
76.18
76.17
76.17
76.17
76.15
76.16
76.16
76.14
76.10
76.13
76.13
76.11
76.12
76.13
76.13
76.16
76.16
76.16
76.17
76.18
76.17
76.20
76.20
76.19
76.17
76.19
76.18
76.20
76.19
76.20
76.22
76.23
76.24
76.24
76.26
76.27
76.28
76.28
76.30
76.30
76.28
76.27
76.28
76.28
76.27
76.28
76.29
76.29
76.31
76.29
76.30
76.31
76.28
76.27
76.26
76.26
76.26
76.27
76.25
76.26
76.29
76.25
76.26
76.25
76.25
76.24
76.24
76.22
76.21
76.19
76.19
76.20
76.19
76.20
76.20
76.20
76.20
76.20
76.21
76.22
76.22
76.22
76.22
76.20
76.19
76.20
76.20
76.19
76.17
76.15
76.15
76.15
76.13
76.12
76.12
76.10
76.11
76.12
76.13
76.14
76.13
76.15
76.15
76.14
76.16
76.15
76.15
76.18
76.18
76.18
76.17
76.19
76.19
76.19
76.19
76.21
76.19
76.21
76.20
76.21
76.21
76.21
76.22
76.20
76.19
76.19
76.18
76.18
76.18
76.17
76.17
76.18
76.16
76.16
76.15
76.16
76.14
76.13
76.12
76.13
76.14
76.14
76.14
76.14
76.14
76.14
76.15
76.15
76.13
76.12
76.13
76.11
76.12
76.10
76.09
76.08
76.09
76.09
76.09
76.10
76.09
76.08
76.09
76.08
76.07
76.07
76.07
76.07
76.04
76.05
76.04
76.04
76.02
76.01
76.02
76.03
76.03
76.04
76.04
76.07
76.07
76.08
76.06
76.07
76.08
76.08
76.09
76.09
76.10
76.11
76.11
76.10
76.10
76.12
76.12
76.12
76.11
76.10
76.09
76.07
76.06
76.06
76.05
76.05
76.04
76.01
76.01
76.02
76.00
76.01
76.02
76.01
76.02
76.03
76.01
76.00
76.00
76.01
76.02
76.01
76.02
76.01
76.02
76.03
76.05
76.04
76.04
76.03
76.03
76.01
76.00
75.99
76.01
76.01
76.00
76.00
76.01
76.02
76.03
76.04
76.07
76.05
76.05
76.05
76.05
76.05
76.04
76.05
76.05
76.03
76.03
76.03
76.02
76.03
76.04
76.05
76.04
76.05
76.05
76.05
76.04
76.04
76.03
76.03
76.03
76.05
76.05
76.04
76.06
76.05
76.05
76.07
76.07
76.06
76.07
76.05
76.05
76.06
76.06
76.04
76.04
76.04
76.04
76.04
76.04
76.04
76.05
76.05
76.05
76.05
76.04
76.05
76.04
76.04
76.04
76.04
76.03
76.01
76.01
76.02
76.02
76.01
76.02
76.02
76.04
76.03
76.03
76.04
76.05
76.05
76.06
76.06
76.05
76.04
76.04
76.04
76.03
76.03
76.01
76.02
76.01
76.00
75.99
75.99
76.00
75.99
75.98
75.97
75.97
75.95
75.94
75.94
75.94
75.95
75.95
75.95
75.96
75.97
75.97
75.95
75.95
75.95
75.96
75.97
75.97
75.97
75.98
75.98
75.98
75.98
75.99
76.00
76.00
76.01
76.01
76.00
76.01
75.99
75.99
75.99
76.00
75.99
75.98
75.98
75.98
75.98
75.99
75.99
75.98
75.98
75.99
75.99
76.00
76.00
75.99
75.99
75.97
75.97
75.97
75.96
75.97
75.97
75.96
75.97
75.97
75.97
75.97
75.96
75.96
75.97
75.97
75.98
75.97
75.97
75.96
75.96
75.96
75.97
75.98
75.98
75.99
75.99
75.99
75.98
75.97
75.99
75.99
75.98
75.99
75.99
76.00
76.00
76.00
75.99
75.98
76.00
76.00
75.99
75.99
76.00
76.00
76.01
76.00
76.00
76.00
76.00
75.99
75.98
75.98
75.99
75.97
75.98
75.98
75.98
75.98
75.99
76.00
75.94
