76.56
75.78
77.08
75.39
76.25
76.30
75.22
74.22
74.31
73.59
74.57
74.61
74.40
75.00
75.00
75.49
75.37
75.78
75.90
75.94
76.26
76.63
76.36
76.50
76.50
76.56
76.45
76.34
76.56
76.77
77.07
76.76
76.66
76.84
76.88
76.87
76.69
76.56
76.40
76.37
76.22
76.04
75.84
75.92
75.94
76.05
76.20
76.24
76.12
76.09
76.10
76.11
76.09
76.01
75.85
75.70
75.52
75.40
75.53
75.42
75.41
75.43
75.50
75.56
75.50
75.50
75.44
75.46
75.45
75.42
75.31
75.26
75.17
75.04
74.96
75.06
74.98
75.08
75.10
75.08
75.08
75.02
74.94
74.89
74.87
74.82
74.80
74.84
74.89
74.90
74.93
74.90
74.88
74.85
74.92
74.93
74.94
74.86
74.94
74.94
74.88
74.85
74.94
74.85
74.85
74.87
74.88
74.87
74.91
75.00
75.00
75.00
75.01
75.07
75.00
74.95
74.93
75.00
75.09
75.12
75.14
75.14
75.18
75.13
75.15
75.19
75.17
75.20
75.24
75.22
75.23
75.22
75.21
75.26
75.23
75.18
75.17
75.14
75.12
75.15
75.10
75.10
75.16
75.15
75.16
75.27
75.29
75.33
75.36
75.38
75.44
75.45
75.44
75.47
75.49
75.51
75.50
75.53
75.60
75.61
75.64
75.63
75.67
75.67
75.66
75.70
75.73
75.76
75.75
75.79
75.83
75.85
75.83
75.84
75.74
75.74
75.74
75.71
75.74
75.76
75.74
75.75
75.73
75.79
75.79
75.82
75.84
75.89
75.91
75.87
75.88
75.88
75.89
75.93
75.94
75.96
75.95
75.95
75.97
75.96
75.96
75.96
75.97
76.01
76.04
76.05
76.08
76.10
76.14
76.15
76.11
76.10
76.07
76.02
76.02
76.06
76.04
76.08
76.10
76.12
76.13
76.13
76.15
76.17
76.15
76.20
76.22
76.20
76.23
76.23
76.20
76.18
76.17
76.16
76.16
76.17
76.19
76.19
76.21
76.24
76.24
76.19
76.15
76.13
76.12
76.12
76.14
76.15
76.14
76.12
76.11
76.11
76.11
76.10
76.10
76.10
76.08
76.08
76.11
76.07
76.07
76.04
76.03
76.02
76.04
76.03
76.02
76.01
76.01
76.03
76.03
76.04
76.02
76.02
76.00
75.97
75.96
75.96
75.97
75.98
76.02
76.04
76.04
76.03
76.04
76.02
76.03
76.05
76.02
76.06
76.06
76.08
76.06
76.06
76.06
76.07
76.07
76.07
76.10
76.10
76.08
76.07
76.09
76.07
76.06
76.09
76.09
76.08
76.05
76.08
76.10
76.12
76.10
76.12
76.14
76.11
76.12
76.13
76.15
76.16
76.17
76.16
76.18
76.18
76.20
76.17
76.16
76.17
76.18
76.17
76.17
76.21
76.19
76.18
76.18
76.19
76.16
76.16
76.17
76.18
76.16
76.16
76.18
76.18
76.19
76.17
76.18
76.18
76.19
76.18
76.17
76.15
76.16
76.17
76.18
76.17
76.16
76.17
76.16
76.15
76.16
76.15
76.17
76.17
76.17
76.19
76.15
76.15
76.15
76.13
76.11
76.10
76.10
76.09
76.07
76.07
76.07
76.06
76.06
76.06
76.08
76.09
76.09
76.09
76.07
76.07
76.07
76.05
76.06
76.05
76.06
76.03
76.00
76.02
76.04
76.01
76.01
76.03
76.03
76.01
76.04
76.06
76.05
76.06
76.06
76.03
76.05
76.05
76.05
76.04
76.04
76.04
76.04
76.06
76.04
76.04
76.04
76.04
76.04
76.03
76.04
76.06
76.05
76.05
76.06
76.07
76.07
76.07
76.07
76.07
76.08
76.09
76.07
76.08
76.07
76.09
76.09
76.09
76.09
76.10
76.10
76.09
76.08
76.08
76.10
76.11
76.10
76.11
76.11
76.12
76.12
76.13
76.13
76.14
76.13
76.15
76.16
76.17
76.17
76.19
76.17
76.19
76.17
76.13
76.14
76.12
76.12
76.12
76.12
76.13
76.12
76.13
76.11
76.11
76.13
76.13
76.12
76.14
76.14
76.14
76.14
76.14
76.14
76.15
76.15
76.14
76.13
76.12
76.12
76.12
76.13
76.12
76.12
76.10
76.10
76.09
76.11
76.10
76.10
76.08
76.07
76.07
76.08
76.09
76.09
76.08
76.08
76.08
76.08
76.08
76.09
76.09
76.10
76.10
76.09
76.10
76.09
76.10
76.09
76.10
76.08
76.08
76.07
76.08
76.08
76.06
76.06
76.04
76.04
76.03
76.00
75.99
76.00
76.00
76.00
75.99
75.99
75.99
75.99
75.99
76.00
76.01
75.99
75.98
75.99
75.98
75.99
75.99
75.99
75.99
75.99
76.01
76.01
76.00
76.03
76.03
76.03
76.02
76.03
76.04
76.02
76.01
76.00
76.01
76.00
76.00
76.00
76.01
75.99
76.01
75.99
75.99
75.99
75.98
75.98
75.99
75.98
75.98
75.99
76.01
76.01
76.00
76.00
76.01
76.03
76.03
76.05
76.05
76.05
76.04
76.04
76.05
76.04
76.03
76.04
76.04
76.05
76.05
76.06
76.07
76.08
76.08
76.09
76.10
76.11
76.10
76.09
76.09
76.10
76.10
76.09
76.08
76.08
76.07
76.07
76.06
76.05
76.04
76.04
76.04
76.03
76.03
76.03
76.03
76.02
76.03
76.05
76.04
76.03
76.04
76.03
76.03
76.03
76.03
76.04
76.04
76.04
76.04
76.05
76.06
76.06
76.07
76.06
76.06
76.06
76.06
76.04
76.04
76.05
76.03
76.03
76.03
76.05
76.04
76.06
76.07
76.07
76.08
76.05
76.05
76.05
76.04
76.05
76.05
76.03
76.03
76.04
76.04
76.04
76.02
76.02
76.03
76.02
76.01
76.00
76.00
76.01
76.00
76.01
76.00
76.00
76.00
76.00
75.99
76.01
76.02
76.02
76.04
76.05
76.04
76.03
76.03
76.02
76.02
76.03
76.02
76.04
76.05
76.04
76.04
76.05
76.05
76.05
76.05
76.04
76.04
76.03
76.03
76.04
76.05
76.05
76.06
76.05
76.05
76.05
76.05
76.04
76.04
76.04
76.02
76.03
76.02
76.02
76.03
76.03
76.04
76.03
76.03
76.04
76.04
76.03
76.02
76.00
76.00
76.00
75.99
75.98
75.99
75.99
75.99
75.99
75.99
75.99
76.00
76.01
76.01
76.03
76.04
76.04
76.04
76.02
76.01
76.01
76.01
76.02
76.02
76.01
76.00
76.00
76.00
76.00
75.99
75.97
75.98
75.97
75.97
75.98
75.97
75.97
75.97
75.98
75.96
75.95
75.96
75.96
75.97
75.96
75.96
75.95
75.96
75.95
75.88
