79.69
78.91
75.52
73.83
75.94
74.48
73.66
73.63
72.40
71.72
71.59
71.48
70.91
71.43
70.94
71.00
71.05
70.75
70.81
70.94
71.35
71.16
70.99
70.83
70.38
70.13
70.20
70.42
70.74
70.47
70.46
70.21
70.41
70.54
70.54
70.53
70.48
70.76
70.87
70.78
70.77
70.98
70.93
70.92
70.90
70.92
71.08
71.16
71.21
71.25
71.42
71.54
71.58
71.50
71.39
71.51
71.63
71.74
71.80
71.82
71.90
71.80
71.83
71.80
71.83
71.76
71.76
71.83
71.88
72.01
71.90
71.81
71.55
71.56
71.50
71.55
71.65
71.59
71.76
71.64
71.66
71.68
71.72
71.58
71.62
71.71
71.75
71.63
71.59
71.60
71.58
71.57
71.52
71.49
71.33
71.34
71.41
71.35
71.39
71.41
71.40
71.34
71.37
71.39
71.35
71.34
71.36
71.44
71.49
71.38
71.41
71.40
71.46
71.50
71.41
71.50
71.53
71.58
71.52
71.52
71.53
71.43
71.47
71.43
71.49
71.44
71.43
71.37
71.38
71.35
71.41
71.41
71.41
71.37
71.35
71.43
71.36
71.27
71.23
71.18
71.22
71.17
71.19
71.18
71.19
71.18
71.16
71.08
71.10
71.12
71.16
71.18
71.13
71.14
71.09
71.08
71.07
71.10
71.10
71.10
71.16
71.22
71.20
71.23
71.25
71.23
71.22
71.22
71.25
71.26
71.26
71.24
71.27
71.26
71.29
71.32
71.31
71.30
71.32
71.29
71.30
71.28
71.35
71.28
71.32
71.39
71.38
71.32
71.29
71.30
71.29
71.30
71.31
71.30
71.33
71.32
71.33
71.34
71.35
71.35
71.33
71.31
71.30
71.28
71.27
71.30
71.32
71.27
71.23
71.24
71.23
71.20
71.18
71.14
71.15
71.12
71.08
71.07
71.06
71.05
71.06
71.08
71.03
71.00
71.06
71.09
71.11
71.10
71.14
71.08
71.07
71.11
71.10
71.09
71.10
71.06
71.06
71.02
71.01
71.01
70.99
70.96
70.99
70.97
70.94
70.94
70.96
70.91
70.94
70.97
70.98
70.99
70.99
71.00
70.99
70.99
70.98
70.98
70.99
70.97
70.99
71.03
71.02
71.03
71.01
70.98
71.01
71.02
71.03
71.01
70.98
70.96
70.95
70.95
70.94
70.93
70.96
70.95
70.97
70.99
70.97
70.97
70.96
70.95
70.95
70.96
70.95
70.90
70.89
70.89
70.89
70.87
70.89
70.87
70.86
70.84
70.86
70.83
70.80
70.78
70.78
70.76
70.73
70.74
70.73
70.77
70.78
70.77
70.76
70.73
70.73
70.72
70.73
70.74
70.74
70.76
70.76
70.76
70.75
70.76
70.77
70.76
70.80
70.80
70.81
70.81
70.78
70.78
70.79
70.78
70.80
70.77
70.79
70.78
70.78
70.76
70.74
70.75
70.71
70.74
70.75
70.74
70.77
70.78
70.74
70.73
70.72
70.71
70.72
70.71
70.72
70.70
70.71
70.70
70.70
70.72
70.68
70.70
70.72
70.73
70.72
70.71
70.75
70.73
70.74
70.72
70.71
70.72
70.74
70.75
70.75
70.75
70.76
70.76
70.75
70.75
70.76
70.76
70.77
70.77
70.75
70.75
70.75
70.76
70.75
70.77
70.78
70.78
70.81
70.80
70.79
70.80
70.82
70.82
70.79
70.78
70.78
70.78
70.77
70.79
70.78
70.73
70.74
70.71
70.71
70.71
70.72
70.72
70.73
70.71
70.71
70.68
70.67
70.66
70.68
70.69
70.68
70.69
70.68
70.68
70.68
70.66
70.65
70.66
70.66
70.66
70.66
70.67
70.66
70.66
70.67
70.68
70.69
70.70
70.71
70.75
70.76
70.77
70.79
70.81
70.80
70.80
70.80
70.79
70.80
70.82
70.85
70.85
70.83
70.84
70.84
70.84
70.84
70.84
70.84
70.86
70.85
70.87
70.87
70.88
70.88
70.88
70.88
70.88
70.88
70.87
70.85
70.84
70.83
70.85
70.85
70.85
70.87
70.86
70.87
70.87
70.87
70.87
70.88
70.88
70.88
70.87
70.88
70.86
70.86
70.86
70.85
70.86
70.86
70.84
70.83
70.82
70.81
70.82
70.83
70.84
70.83
70.82
70.82
70.81
70.80
70.82
70.80
70.79
70.77
70.75
70.74
70.76
70.75
70.77
70.76
70.77
70.76
70.75
70.74
70.74
70.74
70.73
70.73
70.74
70.74
70.75
70.75
70.76
70.76
70.73
70.74
70.74
70.73
70.74
70.72
70.74
70.71
70.73
70.71
70.71
70.70
70.70
70.71
70.69
70.69
70.69
70.70
70.71
70.73
70.72
70.72
70.71
70.69
70.69
70.70
70.69
70.70
70.69
70.64
70.64
70.64
70.65
70.64
70.63
70.62
70.62
70.61
70.61
70.63
70.64
70.63
70.63
70.61
70.61
70.62
70.63
70.64
70.62
70.62
70.62
70.61
70.62
70.62
70.62
70.63
70.62
70.63
70.61
70.61
70.61
70.61
70.63
70.65
70.65
70.65
70.65
70.65
70.65
70.65
70.65
70.63
70.63
70.65
70.63
70.63
70.60
70.62
70.62
70.64
70.62
70.63
70.63
70.65
70.66
70.65
70.66
70.65
70.65
70.66
70.67
70.67
70.68
70.69
70.69
70.67
70.67
70.66
70.65
70.66
70.65
70.64
70.64
70.66
70.65
70.65
70.66
70.65
70.63
70.63
70.64
70.65
70.66
70.66
70.67
70.69
70.69
70.70
70.70
70.70
70.70
70.70
70.69
70.70
70.68
70.67
70.67
70.66
70.64
70.65
70.66
70.65
70.64
70.63
70.63
70.62
70.63
70.62
70.63
70.60
70.61
70.60
70.60
70.60
70.59
70.58
70.60
70.60
70.58
70.57
70.56
70.57
70.59
70.60
70.60
70.59
70.58
70.58
70.58
70.60
70.60
70.61
70.61
70.61
70.62
70.62
70.62
70.63
70.63
70.63
70.60
70.60
70.59
70.59
70.59
70.60
70.60
70.60
70.61
70.60
70.62
70.60
70.60
70.60
70.59
70.58
70.60
70.59
70.59
70.59
70.59
70.59
70.60
70.60
70.59
70.59
70.59
70.58
70.58
70.56
70.58
70.57
70.59
70.58
70.60
70.61
70.60
70.62
70.62
70.63
70.64
70.65
70.64
70.64
70.64
70.63
70.63
70.63
70.61
70.61
70.62
70.62
70.63
70.62
70.62
70.61
70.61
70.61
70.64
70.63
70.62
70.62
70.63
70.63
70.63
70.63
70.63
70.63
70.63
70.64
70.64
70.65
70.65
70.65
70.63
70.62
70.62
70.62
70.62
70.62
70.62
70.63
70.63
70.63
70.62
70.61
70.54
