73.44
71.09
71.88
70.70
70.94
71.09
71.21
71.09
71.01
69.53
69.32
69.27
70.07
69.53
69.90
69.73
69.85
69.97
70.64
71.09
71.06
71.52
71.47
71.55
71.69
72.06
72.22
72.27
72.14
71.98
72.03
72.31
72.16
72.38
72.54
72.40
72.51
72.16
72.16
72.42
72.48
72.58
72.57
72.62
72.43
72.49
72.44
72.30
72.10
72.22
72.09
72.18
72.05
71.99
72.19
72.18
72.18
72.25
72.38
72.21
72.08
72.15
72.12
72.05
72.12
72.16
72.13
72.08
72.24
72.21
72.23
72.01
72.07
72.15
72.00
72.10
72.16
72.14
72.19
72.17
72.18
72.20
72.14
72.23
72.21
72.31
72.38
72.37
72.45
72.48
72.61
72.62
72.56
72.62
72.63
72.67
72.58
72.59
72.65
72.67
72.69
72.67
72.65
72.63
72.60
72.52
72.47
72.45
72.39
72.43
72.40
72.45
72.40
72.46
72.47
72.47
72.52
72.51
72.53
72.54
72.56
72.54
72.47
72.48
72.47
72.45
72.47
72.41
72.37
72.44
72.45
72.42
72.38
72.35
72.33
72.32
72.38
72.38
72.47
72.44
72.41
72.43
72.39
72.42
72.41
72.35
72.32
72.36
72.39
72.35
72.37
72.40
72.39
72.41
72.40
72.44
72.44
72.45
72.44
72.44
72.43
72.46
72.46
72.51
72.51
72.53
72.56
72.49
72.52
72.51
72.50
72.47
72.43
72.42
72.40
72.40
72.39
72.39
72.38
72.39
72.41
72.40
72.35
72.38
72.44
72.46
72.51
72.50
72.50
72.56
72.59
72.55
72.56
72.54
72.56
72.56
72.55
72.53
72.53
72.55
72.57
72.58
72.64
72.66
72.69
72.69
72.69
72.63
72.66
72.65
72.62
72.64
72.65
72.68
72.72
72.71
72.72
72.68
72.64
72.61
72.61
72.62
72.63
72.59
72.58
72.55
72.55
72.57
72.55
72.58
72.63
72.60
72.60
72.63
72.64
72.64
72.67
72.66
72.65
72.62
72.63
72.61
72.60
72.57
72.57
72.53
72.52
72.53
72.50
72.47
72.43
72.43
72.43
72.43
72.38
72.38
72.43
72.42
72.43
72.42
72.41
72.42
72.42
72.41
72.43
72.42
72.43
72.41
72.39
72.39
72.39
72.38
72.40
72.40
72.43
72.45
72.43
72.42
72.45
72.46
72.48
72.46
72.47
72.45
72.46
72.42
72.40
72.42
72.40
72.38
72.37
72.37
72.35
72.35
72.36
72.33
72.34
72.35
72.36
72.38
72.36
72.34
72.33
72.31
72.30
72.33
72.35
72.35
72.34
72.36
72.35
72.34
72.31
72.29
72.29
72.29
72.27
72.24
72.24
72.20
72.23
72.22
72.22
72.22
72.22
72.19
72.18
72.18
72.20
72.20
72.23
72.22
72.23
72.22
72.20
72.15
72.17
72.16
72.14
72.15
72.17
72.15
72.17
72.19
72.20
72.17
72.17
72.17
72.18
72.18
72.16
72.16
72.16
72.17
72.17
72.22
72.21
72.22
72.23
72.23
72.23
72.25
72.24
72.24
72.27
72.28
72.30
72.29
72.30
72.29
72.31
72.32
72.33
72.36
72.36
72.35
72.35
72.37
72.36
72.35
72.33
72.34
72.36
72.34
72.34
72.35
72.34
72.35
72.36
72.36
72.37
72.36
72.36
72.36
72.37
72.39
72.35
72.35
72.34
72.37
72.37
72.37
72.36
72.36
72.38
72.34
72.35
72.36
72.37
72.39
72.38
72.39
72.41
72.41
72.43
72.42
72.41
72.41
72.41
72.44
72.44
72.44
72.46
72.45
72.45
72.46
72.45
72.46
72.47
72.45
72.45
72.43
72.40
72.40
72.41
72.42
72.43
72.41
72.39
72.40
72.39
72.40
72.41
72.42
72.40
72.39
72.38
72.39
72.39
72.37
72.36
72.35
72.35
72.34
72.35
72.36
72.35
72.36
72.37
72.33
72.33
72.32
72.33
72.30
72.29
72.30
72.31
72.30
72.28
72.28
72.29
72.29
72.28
72.29
72.30
72.31
72.31
72.31
72.31
72.32
72.34
72.34
72.36
72.36
72.35
72.36
72.36
72.37
72.39
72.38
72.37
72.35
72.36
72.38
72.39
72.40
72.39
72.39
72.39
72.39
72.38
72.37
72.38
72.39
72.40
72.39
72.38
72.38
72.38
72.40
72.41
72.40
72.41
72.43
72.43
72.42
72.44
72.44
72.44
72.43
72.43
72.44
72.44
72.46
72.45
72.46
72.47
72.45
72.42
72.44
72.44
72.45
72.45
72.44
72.45
72.45
72.46
72.45
72.45
72.46
72.48
72.46
72.46
72.45
72.44
72.42
72.42
72.42
72.44
72.45
72.45
72.45
72.46
72.44
72.44
72.45
72.44
72.44
72.45
72.46
72.43
72.42
72.41
72.41
72.42
72.43
72.43
72.42
72.42
72.42
72.43
72.43
72.45
72.43
72.42
72.43
72.41
72.38
72.39
72.37
72.37
72.38
72.39
72.38
72.37
72.37
72.35
72.37
72.37
72.37
72.37
72.36
72.38
72.37
72.37
72.36
72.38
72.38
72.38
72.37
72.37
72.37
72.38
72.36
72.36
72.37
72.37
72.38
72.37
72.35
72.36
72.38
72.37
72.39
72.39
72.38
72.39
72.39
72.39
72.38
72.38
72.36
72.35
72.37
72.38
72.37
72.37
72.37
72.35
72.36
72.36
72.36
72.35
72.36
72.35
72.34
72.35
72.34
72.34
72.34
72.33
72.33
72.32
72.33
72.32
72.32
72.33
72.33
72.31
72.31
72.33
72.32
72.32
72.31
72.30
72.31
72.31
72.30
72.31
72.32
72.31
72.30
72.31
72.31
72.32
72.30
72.30
72.30
72.31
72.31
72.31
72.31
72.32
72.31
72.31
72.31
72.31
72.30
72.29
72.29
72.30
72.29
72.30
72.30
72.30
72.30
72.30
72.31
72.32
72.31
72.31
72.30
72.30
72.30
72.30
72.32
72.31
72.31
72.29
72.28
72.29
72.30
72.29
72.29
72.30
72.28
72.28
72.28
72.28
72.30
72.31
72.31
72.32
72.32
72.31
72.32
72.32
72.33
72.34
72.35
72.35
72.37
72.37
72.36
72.36
72.36
72.36
72.36
72.36
72.37
72.38
72.38
72.38
72.38
72.40
72.41
72.42
72.43
72.42
72.42
72.43
72.43
72.43
72.43
72.44
72.45
72.44
72.43
72.42
72.42
72.43
72.43
72.43
72.43
72.43
72.44
72.43
72.43
72.43
72.43
72.44
72.43
72.43
72.44
72.43
72.43
72.42
72.40
72.41
72.40
72.40
72.39
72.39
72.40
72.40
72.39
72.39
72.39
72.41
72.41
72.41
72.34
