70.31
69.53
71.35
72.66
71.25
72.66
72.77
74.02
74.48
74.22
74.15
75.13
74.76
74.67
75.10
74.80
75.37
75.09
75.00
74.61
74.40
74.29
74.25
74.22
74.50
74.46
74.77
75.00
74.84
74.95
75.00
75.29
75.43
75.60
75.85
75.82
76.06
75.99
76.12
75.98
75.95
75.97
75.80
75.78
75.76
75.65
75.63
75.59
75.73
75.88
75.89
75.81
75.65
75.81
75.85
75.95
75.93
75.89
75.93
75.94
75.90
75.91
75.79
75.83
75.77
75.88
75.98
75.99
76.06
76.05
76.03
76.06
76.07
76.08
76.06
76.09
76.14
76.06
76.11
76.13
76.18
76.09
76.07
76.04
75.96
75.85
75.93
75.96
76.05
76.04
76.03
75.99
75.97
76.08
75.99
75.99
75.93
75.97
76.01
75.97
75.97
75.95
75.90
75.92
75.89
75.84
75.91
75.90
75.87
75.87
75.86
75.92
75.95
75.95
75.91
75.94
75.97
75.94
75.93
75.90
75.81
75.77
75.77
75.73
75.72
75.64
75.58
75.62
75.62
75.61
75.67
75.67
75.66
75.68
75.65
75.64
75.71
75.69
75.75
75.80
75.80
75.81
75.73
75.68
75.64
75.65
75.64
75.59
75.58
75.51
75.50
75.50
75.48
75.48
75.50
75.48
75.50
75.53
75.54
75.56
75.53
75.54
75.51
75.53
75.55
75.53
75.57
75.58
75.58
75.53
75.54
75.54
75.49
75.51
75.57
75.55
75.56
75.56
75.62
75.62
75.63
75.67
75.67
75.68
75.68
75.66
75.66
75.70
75.73
75.73
75.70
75.71
75.69
75.72
75.70
75.69
75.70
75.70
75.74
75.69
75.70
75.70
75.71
75.70
75.74
75.70
75.72
75.76
75.78
75.77
75.77
75.69
75.68
75.66
75.69
75.72
75.70
75.69
75.66
75.67
75.64
75.63
75.62
75.61
75.60
75.59
75.59
75.62
75.62
75.60
75.61
75.63
75.66
75.64
75.63
75.66
75.65
75.65
75.65
75.66
75.65
75.64
75.60
75.61
75.63
75.62
75.63
75.62
75.62
75.59
75.57
75.54
75.55
75.55
75.56
75.53
75.55
75.58
75.58
75.55
75.55
75.60
75.57
75.57
75.61
75.59
75.61
75.66
75.64
75.64
75.66
75.64
75.66
75.65
75.64
75.62
75.63
75.63
75.60
75.57
75.58
75.54
75.55
75.56
75.55
75.57
75.57
75.56
75.55
75.56
75.57
75.52
75.54
75.56
75.56
75.56
75.54
75.52
75.49
75.50
75.49
75.50
75.48
75.49
75.48
75.50
75.47
75.50
75.48
75.48
75.48
75.49
75.50
75.51
75.50
75.50
75.51
75.55
75.58
75.55
75.51
75.51
75.52
75.54
75.53
75.54
75.53
75.49
75.47
75.50
75.51
75.49
75.50
75.49
75.50
75.51
75.51
75.52
75.51
75.52
75.52
75.55
75.57
75.59
75.58
75.58
75.58
75.57
75.55
75.54
75.57
75.58
75.58
75.59
75.59
75.58
75.57
75.59
75.61
75.62
75.65
75.66
75.67
75.68
75.66
75.64
75.63
75.63
75.63
75.63
75.65
75.66
75.65
75.65
75.66
75.66
75.65
75.63
75.62
75.58
75.59
75.62
75.62
75.62
75.60
75.61
75.60
75.60
75.64
75.63
75.65
75.65
75.64
75.65
75.68
75.69
75.68
75.68
75.67
75.68
75.68
75.67
75.68
75.69
75.68
75.70
75.69
75.68
75.68
75.68
75.68
75.70
75.71
75.71
75.73
75.72
75.72
75.72
75.69
75.71
75.71
75.72
75.71
75.71
75.74
75.76
75.75
75.74
75.77
75.76
75.76
75.76
75.76
75.76
75.75
75.72
75.72
75.71
75.70
75.71
75.71
75.70
75.68
75.69
75.70
75.70
75.71
75.73
75.71
75.73
75.74
75.73
75.74
75.74
75.75
75.74
75.74
75.73
75.74
75.74
75.77
75.78
75.79
75.78
75.78
75.79
75.80
75.79
75.80
75.79
75.80
75.80
75.82
75.82
75.80
75.80
75.80
75.81
75.79
75.78
75.78
75.78
75.78
75.79
75.78
75.78
75.78
75.77
75.77
75.78
75.79
75.79
75.81
75.81
75.82
75.81
75.81
75.81
75.82
75.83
75.85
75.86
75.87
75.85
75.85
75.86
75.84
75.86
75.87
75.88
75.88
75.89
75.88
75.90
75.91
75.92
75.92
75.93
75.94
75.93
75.93
75.93
75.93
75.92
75.91
75.92
75.93
75.92
75.92
75.93
75.94
75.94
75.94
75.94
75.94
75.95
75.94
75.92
75.92
75.91
75.92
75.91
75.90
75.90
75.90
75.91
75.91
75.92
75.91
75.91
75.92
75.91
75.92
75.92
75.91
75.90
75.91
75.92
75.92
75.92
75.90
75.88
75.89
75.90
75.90
75.87
75.87
75.87
75.87
75.87
75.86
75.86
75.85
75.87
75.86
75.86
75.87
75.84
75.86
75.85
75.85
75.86
75.86
75.86
75.87
75.86
75.86
75.86
75.85
75.85
75.87
75.87
75.87
75.88
75.88
75.87
75.88
75.90
75.89
75.88
75.88
75.88
75.89
75.91
75.92
75.92
75.94
75.94
75.93
75.93
75.92
75.91
75.91
75.92
75.92
75.91
75.90
75.90
75.90
75.91
75.92
75.91
75.90
75.91
75.91
75.91
75.90
75.91
75.93
75.93
75.94
75.93
75.94
75.94
75.94
75.95
75.96
75.98
75.98
75.97
75.97
75.97
75.96
75.96
75.95
75.94
75.94
75.93
75.94
75.94
75.94
75.93
75.92
75.92
75.92
75.91
75.91
75.91
75.90
75.91
75.90
75.90
75.91
75.89
75.90
75.90
75.91
75.92
75.93
75.94
75.93
75.92
75.91
75.91
75.91
75.91
75.90
75.89
75.91
75.91
75.92
75.89
75.89
75.89
75.89
75.88
75.89
75.90
75.90
75.89
75.89
75.89
75.89
75.89
75.89
75.91
75.90
75.90
75.91
75.91
75.92
75.93
75.93
75.92
75.93
75.93
75.93
75.92
75.93
75.93
75.93
75.94
75.95
75.95
75.95
75.95
75.94
75.94
75.94
75.94
75.93
75.94
75.95
75.96
75.95
75.96
75.96
75.95
75.96
75.95
75.96
75.95
75.94
75.96
75.95
75.95
75.97
75.96
75.97
75.97
75.97
75.97
75.97
75.97
75.97
75.98
75.99
75.99
75.99
76.00
76.01
76.01
76.03
76.02
76.03
76.04
76.03
76.04
76.05
76.05
76.06
76.06
76.06
76.05
76.04
76.04
76.04
76.03
76.03
76.03
76.04
76.05
76.05
76.05
76.04
76.04
76.04
76.04
76.04
76.05
76.04
75.98
