75.00
75.00
73.44
74.22
76.25
75.78
75.00
75.20
75.69
76.09
76.28
76.04
75.48
75.67
75.31
75.20
75.09
75.09
75.16
75.31
75.60
75.43
75.61
75.72
75.88
76.08
76.22
76.40
76.67
76.67
76.71
76.61
76.61
76.84
76.79
76.82
76.82
76.77
76.72
76.64
76.52
76.49
76.49
76.56
76.49
76.53
76.63
76.66
76.79
76.81
76.93
76.83
76.92
76.74
76.56
76.59
76.51
76.51
76.48
76.46
76.38
76.41
76.44
76.37
76.44
76.42
76.38
76.47
76.40
76.34
76.39
76.37
76.33
76.29
76.29
76.30
76.30
76.32
76.31
76.35
76.31
76.22
76.22
76.26
76.27
76.24
76.22
76.23
76.25
76.25
76.25
76.36
76.39
76.25
76.23
76.29
76.27
76.28
76.31
76.25
76.19
76.07
76.09
76.13
76.07
76.12
76.18
76.20
76.16
76.18
76.13
76.09
76.09
76.10
76.11
76.09
76.10
76.15
76.12
76.17
76.20
76.10
76.12
76.08
76.16
76.15
76.17
76.23
76.26
76.23
76.24
76.23
76.25
76.24
76.22
76.24
76.23
76.17
76.17
76.17
76.07
76.05
76.05
76.05
76.07
76.07
76.05
76.05
76.01
76.03
76.03
76.05
76.03
76.11
76.01
75.98
76.01
75.98
75.98
75.96
75.99
75.96
76.00
76.02
76.03
76.01
76.00
76.03
76.02
76.05
76.08
76.06
76.02
76.01
76.03
76.02
76.08
76.12
76.13
76.15
76.17
76.12
76.11
76.11
76.08
76.05
76.07
76.08
76.05
76.09
76.08
76.11
76.09
76.10
76.07
76.04
76.05
76.06
76.08
76.09
76.10
76.08
76.05
76.10
76.14
76.15
76.21
76.16
76.18
76.18
76.18
76.18
76.17
76.18
76.17
76.19
76.22
76.23
76.18
76.19
76.16
76.22
76.24
76.26
76.22
76.22
76.22
76.21
76.24
76.26
76.26
76.26
76.28
76.28
76.28
76.27
76.27
76.25
76.26
76.26
76.28
76.28
76.24
76.22
76.21
76.19
76.22
76.23
76.22
76.21
76.18
76.17
76.17
76.17
76.16
76.16
76.13
76.13
76.12
76.10
76.10
76.10
76.11
76.08
76.06
76.09
76.09
76.11
76.14
76.14
76.14
76.16
76.18
76.20
76.21
76.22
76.23
76.26
76.28
76.28
76.29
76.26
76.25
76.27
76.24
76.23
76.25
76.25
76.27
76.27
76.30
76.26
76.23
76.22
76.23
76.27
76.25
76.24
76.26
76.24
76.25
76.24
76.24
76.24
76.23
76.22
76.21
76.20
76.23
76.21
76.21
76.20
76.12
76.13
76.11
76.12
76.11
76.13
76.15
76.16
76.14
76.15
76.15
76.14
76.16
76.16
76.17
76.20
76.22
76.20
76.22
76.24
76.20
76.19
76.20
76.20
76.19
76.21
76.21
76.20
76.20
76.18
76.19
76.19
76.19
76.18
76.17
76.18
76.17
76.14
76.13
76.13
76.14
76.16
76.16
76.16
76.18
76.17
76.15
76.17
76.16
76.16
76.17
76.16
76.18
76.16
76.17
76.17
76.16
76.16
76.15
76.15
76.13
76.13
76.12
76.14
76.15
76.15
76.15
76.15
76.14
76.14
76.14
76.15
76.16
76.17
76.17
76.19
76.20
76.19
76.18
76.17
76.19
76.17
76.18
76.18
76.17
76.19
76.19
76.19
76.19
76.19
76.19
76.19
76.18
76.16
76.16
76.15
76.16
76.17
76.17
76.18
76.16
76.18
76.18
76.18
76.19
76.18
76.16
76.16
76.18
76.18
76.19
76.19
76.19
76.20
76.21
76.21
76.21
76.22
76.22
76.22
76.22
76.20
76.21
76.21
76.20
76.20
76.18
76.18
76.17
76.17
76.16
76.16
76.18
76.16
76.16
76.16
76.16
76.17
76.17
76.18
76.18
76.16
76.15
76.15
76.15
76.11
76.12
76.12
76.13
76.13
76.15
76.17
76.17
76.16
76.16
76.15
76.17
76.18
76.14
76.16
76.17
76.17
76.17
76.17
76.16
76.16
76.17
76.19
76.19
76.19
76.20
76.21
76.21
76.22
76.24
76.25
76.25
76.25
76.26
76.26
76.25
76.26
76.23
76.23
76.24
76.24
76.22
76.22
76.23
76.23
76.22
76.24
76.23
76.23
76.23
76.24
76.23
76.23
76.21
76.21
76.20
76.21
76.20
76.21
76.21
76.22
76.22
76.21
76.19
76.20
76.20
76.21
76.20
76.22
76.24
76.25
76.24
76.25
76.23
76.22
76.23
76.23
76.22
76.21
76.21
76.19
76.17
76.15
76.16
76.18
76.17
76.17
76.18
76.16
76.15
76.14
76.15
76.14
76.15
76.15
76.16
76.15
76.16
76.16
76.17
76.18
76.17
76.17
76.18
76.16
76.17
76.17
76.16
76.15
76.15
76.15
76.17
76.16
76.17
76.16
76.15
76.15
76.15
76.14
76.14
76.15
76.16
76.15
76.16
76.15
76.15
76.14
76.14
76.14
76.15
76.13
76.13
76.14
76.14
76.14
76.15
76.15
76.15
76.15
76.16
76.16
76.16
76.16
76.17
76.17
76.16
76.16
76.17
76.17
76.16
76.16
76.16
76.14
76.15
76.15
76.15
76.15
76.16
76.16
76.17
76.17
76.17
76.17
76.17
76.18
76.18
76.18
76.17
76.17
76.17
76.15
76.14
76.15
76.14
76.13
76.13
76.11
76.13
76.14
76.13
76.13
76.14
76.15
76.16
76.15
76.15
76.15
76.15
76.14
76.15
76.14
76.15
76.16
76.16
76.16
76.15
76.13
76.13
76.12
76.12
76.13
76.13
76.13
76.14
76.15
76.15
76.15
76.13
76.13
76.13
76.14
76.13
76.13
76.13
76.13
76.14
76.15
76.14
76.14
76.14
76.13
76.14
76.14
76.14
76.15
76.17
76.16
76.17
76.17
76.17
76.18
76.19
76.19
76.20
76.20
76.19
76.19
76.19
76.19
76.19
76.20
76.19
76.19
76.19
76.18
76.18
76.17
76.17
76.17
76.17
76.17
76.19
76.20
76.19
76.18
76.18
76.16
76.16
76.15
76.15
76.15
76.16
76.15
76.15
76.14
76.15
76.15
76.14
76.15
76.15
76.16
76.16
76.15
76.15
76.16
76.16
76.17
76.18
76.18
76.19
76.19
76.19
76.17
76.15
76.14
76.15
76.15
76.15
76.15
76.16
76.17
76.17
76.17
76.18
76.18
76.17
76.18
76.17
76.18
76.17
76.16
76.15
76.15
76.15
76.15
76.15
76.15
76.15
76.15
76.16
76.16
76.16
76.14
76.15
76.15
76.16
76.16
76.17
76.16
76.17
76.17
76.15
76.15
76.14
76.07
