73.44
75.78
76.04
75.78
73.75
74.22
74.78
74.80
75.17
75.47
76.56
76.95
76.68
76.56
76.56
76.76
76.75
77.08
76.89
76.88
77.01
76.63
76.70
76.76
76.56
76.62
76.56
76.73
76.89
76.72
76.46
76.42
76.42
76.47
76.52
76.43
76.14
76.23
76.16
76.17
75.91
76.04
75.80
75.96
75.94
75.88
75.86
75.81
75.96
76.06
76.29
76.35
76.36
76.36
76.22
76.23
76.04
76.21
76.32
76.28
76.20
76.13
76.19
76.07
76.08
76.02
75.86
75.85
75.82
75.89
75.88
75.82
75.83
75.84
75.81
75.80
75.77
75.74
75.85
75.96
75.98
75.97
76.04
76.02
76.01
75.98
75.99
75.99
76.05
76.15
76.20
76.21
76.28
76.20
76.25
76.17
76.24
76.21
76.29
76.31
76.31
76.21
76.33
76.25
76.25
76.31
76.29
76.24
76.18
76.25
76.20
76.20
76.26
76.29
76.35
76.35
76.26
76.31
76.33
76.29
76.30
76.34
76.35
76.36
76.35
76.41
76.35
76.34
76.34
76.26
76.26
76.22
76.19
76.22
76.11
76.02
76.04
76.04
76.00
76.02
76.06
76.05
75.99
76.01
76.02
76.04
76.04
76.02
76.01
75.99
75.99
76.01
75.99
75.95
75.93
75.96
75.97
75.99
75.97
75.97
76.02
76.00
76.04
76.06
76.05
76.11
76.12
76.15
76.14
76.14
76.17
76.13
76.11
76.08
76.04
76.07
76.08
76.10
76.11
76.12
76.17
76.18
76.18
76.18
76.22
76.17
76.14
76.17
76.17
76.20
76.24
76.25
76.24
76.23
76.23
76.22
76.22
76.19
76.19
76.21
76.24
76.25
76.25
76.25
76.22
76.24
76.28
76.30
76.32
76.36
76.36
76.36
76.34
76.33
76.34
76.35
76.35
76.30
76.31
76.29
76.27
76.27
76.28
76.28
76.22
76.19
76.15
76.18
76.18
76.18
76.21
76.18
76.20
76.18
76.18
76.17
76.11
76.11
76.10
76.10
76.07
76.10
76.09
76.07
76.12
76.09
76.13
76.13
76.16
76.16
76.16
76.17
76.17
76.22
76.23
76.25
76.22
76.23
76.22
76.20
76.21
76.19
76.16
76.15
76.11
76.13
76.12
76.12
76.11
76.12
76.11
76.10
76.08
76.07
76.08
76.08
76.08
76.07
76.09
76.08
76.06
76.05
76.07
76.05
76.03
76.04
76.08
76.09
76.08
76.07
76.07
76.06
76.09
76.05
76.05
76.06
76.03
76.03
76.01
75.97
75.97
75.98
75.98
75.96
75.95
75.95
75.94
75.95
75.96
75.97
75.96
75.99
76.01
76.02
76.01
76.03
76.06
76.06
76.04
76.04
76.03
76.04
76.05
76.01
76.00
76.00
75.98
76.02
76.00
76.01
76.03
76.04
76.07
76.06
76.04
76.01
76.00
76.02
76.03
76.04
76.03
76.04
76.02
76.02
76.01
76.03
76.01
75.99
75.97
75.97
75.97
75.98
76.00
75.98
75.97
75.99
75.98
75.99
75.99
75.97
75.99
75.98
75.96
75.97
75.97
75.97
75.97
75.97
75.97
75.98
75.98
75.99
76.01
75.99
76.00
76.00
75.97
75.97
75.99
75.97
75.97
75.97
75.95
75.94
75.95
75.94
75.95
75.96
75.97
75.97
75.98
75.98
76.00
76.01
76.00
76.01
76.03
76.01
76.01
76.01
76.02
76.01
76.02
76.04
76.05
76.05
76.05
76.06
76.06
76.07
76.07
76.08
76.10
76.11
76.13
76.13
76.12
76.11
76.12
76.12
76.13
76.16
76.15
76.16
76.18
76.19
76.19
76.20
76.20
76.19
76.18
76.18
76.18
76.20
76.18
76.18
76.20
76.21
76.22
76.21
76.21
76.20
76.19
76.18
76.17
76.17
76.15
76.15
76.15
76.15
76.17
76.19
76.20
76.20
76.20
76.21
76.21
76.21
76.19
76.20
76.19
76.17
76.16
76.15
76.16
76.17
76.16
76.15
76.14
76.14
76.12
76.12
76.13
76.14
76.16
76.14
76.14
76.12
76.12
76.13
76.13
76.12
76.14
76.16
76.14
76.13
76.12
76.11
76.12
76.12
76.13
76.13
76.13
76.13
76.11
76.11
76.11
76.11
76.11
76.12
76.11
76.10
76.10
76.09
76.08
76.10
76.08
76.09
76.10
76.12
76.13
76.11
76.13
76.14
76.15
76.14
76.15
76.16
76.16
76.17
76.17
76.18
76.17
76.16
76.15
76.15
76.15
76.15
76.15
76.14
76.15
76.14
76.13
76.13
76.14
76.12
76.11
76.11
76.10
76.09
76.11
76.12
76.10
76.11
76.10
76.09
76.09
76.10
76.11
76.11
76.10
76.12
76.11
76.11
76.11
76.10
76.09
76.08
76.07
76.07
76.07
76.05
76.04
76.03
76.02
76.04
76.04
76.04
76.05
76.06
76.06
76.08
76.07
76.08
76.07
76.07
76.06
76.07
76.07
76.06
76.06
76.05
76.05
76.05
76.06
76.05
76.05
76.06
76.06
76.07
76.05
76.07
76.08
76.08
76.07
76.07
76.08
76.08
76.08
76.09
76.08
76.08
76.07
76.08
76.07
76.05
76.05
76.07
76.05
76.06
76.05
76.05
76.05
76.05
76.05
76.06
76.04
76.04
76.04
76.05
76.05
76.03
76.02
76.04
76.04
76.04
76.05
76.05
76.05
76.03
76.04
76.06
76.06
76.05
76.05
76.05
76.06
76.07
76.07
76.08
76.08
76.09
76.10
76.09
76.09
76.08
76.09
76.10
76.10
76.08
76.09
76.08
76.09
76.10
76.10
76.09
76.07
76.07
76.08
76.09
76.10
76.11
76.10
76.10
76.09
76.09
76.09
76.08
76.08
76.08
76.08
76.09
76.09
76.09
76.10
76.11
76.09
76.09
76.10
76.09
76.10
76.10
76.11
76.11
76.11
76.10
76.10
76.11
76.12
76.11
76.12
76.11
76.11
76.11
76.10
76.09
76.08
76.07
76.08
76.07
76.07
76.07
76.06
76.06
76.05
76.05
76.06
76.06
76.06
76.06
76.06
76.05
76.06
76.05
76.06
76.06
76.05
76.05
76.04
76.04
76.03
76.02
76.02
76.03
76.03
76.04
76.05
76.05
76.05
76.06
76.05
76.05
76.04
76.04
76.05
76.04
76.04
76.03
76.04
76.04
76.04
76.03
76.05
76.05
76.05
76.05
76.05
76.06
76.06
76.06
76.06
76.07
76.08
76.08
76.08
76.07
76.05
76.06
76.06
76.06
76.06
76.05
76.04
76.03
76.02
76.02
76.03
76.04
76.04
76.05
76.04
76.04
76.06
76.05
76.04
76.05
76.06
76.05
76.05
76.05
76.03
75.96
