73.44
71.88
72.92
72.27
71.88
73.44
72.99
74.02
75.00
74.84
75.71
75.52
75.48
75.56
75.42
75.68
75.46
75.78
75.90
75.62
75.74
75.92
76.09
76.11
76.00
75.84
75.93
76.06
76.08
76.09
76.16
76.22
76.37
76.56
76.47
76.30
76.06
76.15
75.88
75.90
75.99
75.78
75.84
75.99
76.01
76.12
76.13
76.30
76.18
76.41
76.50
76.50
76.44
76.45
76.48
76.48
76.32
76.08
76.24
76.33
76.10
76.06
76.19
76.20
76.30
76.25
76.33
76.42
76.40
76.38
76.39
76.17
76.24
76.20
76.19
76.11
76.20
76.16
76.21
76.13
76.04
76.11
76.17
76.17
76.16
76.07
76.02
76.10
76.14
76.16
76.22
76.26
76.18
76.15
76.15
76.14
76.11
76.13
76.14
76.11
76.16
76.13
76.12
76.17
76.18
76.16
76.14
76.01
75.99
75.99
75.96
75.96
75.93
75.82
75.80
75.82
75.87
75.91
75.92
75.91
75.84
75.81
75.80
75.71
75.72
75.68
75.75
75.74
75.74
75.75
75.81
75.88
75.89
75.78
75.80
75.84
75.86
75.80
75.85
75.83
75.82
75.77
75.80
75.78
75.79
75.82
75.85
75.88
75.82
75.81
75.83
75.82
75.82
75.83
75.85
75.90
75.90
75.90
75.90
75.95
75.94
75.92
75.90
75.90
75.92
75.95
75.90
75.94
75.97
75.99
75.98
75.91
75.93
75.96
75.98
75.99
76.04
76.05
76.00
75.91
75.86
75.86
75.88
75.87
75.88
75.84
75.85
75.91
75.91
75.95
75.92
75.92
75.91
75.90
75.94
75.88
75.85
75.85
75.88
75.86
75.87
75.89
75.92
75.93
75.95
75.92
75.91
75.92
75.94
76.00
75.98
75.99
75.96
75.99
75.98
75.97
75.98
75.99
76.02
76.04
76.02
76.02
75.97
75.99
75.98
75.94
75.92
75.93
75.93
75.98
75.94
75.99
75.97
75.96
75.96
75.98
76.00
76.03
76.03
76.05
76.07
76.07
76.04
76.03
76.05
76.06
76.03
76.07
76.07
76.06
76.06
76.05
76.07
76.03
76.07
76.06
76.10
76.11
76.13
76.11
76.11
76.11
76.13
76.14
76.14
76.16
76.17
76.18
76.17
76.19
76.22
76.18
76.18
76.16
76.16
76.17
76.20
76.19
76.18
76.17
76.20
76.21
76.22
76.20
76.20
76.22
76.19
76.20
76.19
76.22
76.21
76.23
76.23
76.18
76.16
76.16
76.14
76.16
76.15
76.14
76.13
76.14
76.14
76.14
76.10
76.12
76.10
76.11
76.13
76.11
76.10
76.13
76.13
76.11
76.14
76.16
76.14
76.14
76.15
76.17
76.17
76.15
76.14
76.16
76.16
76.15
76.13
76.14
76.14
76.12
76.13
76.12
76.14
76.12
76.12
76.11
76.09
76.07
76.07
76.06
76.04
76.02
76.03
76.05
76.06
76.06
76.07
76.05
76.07
76.07
76.09
76.11
76.12
76.12
76.12
76.12
76.11
76.10
76.12
76.11
76.11
76.07
76.07
76.08
76.07
76.07
76.06
76.04
76.04
76.02
76.01
76.01
75.99
75.98
75.95
75.99
75.99
75.99
75.99
75.99
75.97
75.98
75.98
75.99
75.97
75.97
75.97
75.97
75.98
75.99
75.98
76.00
75.99
75.98
75.97
75.97
75.96
75.98
75.98
75.97
75.97
75.96
75.97
75.97
75.98
75.98
75.99
75.99
75.99
75.96
76.00
76.00
75.99
75.97
75.98
75.97
75.99
76.00
76.02
76.01
76.04
76.04
76.02
76.01
75.99
76.01
76.01
76.01
76.01
76.03
76.02
76.02
76.02
76.00
76.02
76.04
76.03
76.03
76.03
76.04
76.06
76.06
76.06
76.07
76.06
76.07
76.05
76.05
76.05
76.04
76.04
76.04
76.04
76.03
76.04
76.04
76.03
76.04
76.03
76.03
76.03
76.03
76.03
76.03
76.04
76.04
76.03
76.04
76.06
76.08
76.08
76.09
76.10
76.08
76.07
76.07
76.08
76.09
76.08
76.09
76.09
76.07
76.05
76.06
76.06
76.07
76.07
76.07
76.08
76.09
76.10
76.10
76.09
76.08
76.09
76.08
76.07
76.06
76.07
76.07
76.06
76.05
76.05
76.05
76.04
76.05
76.06
76.08
76.08
76.06
76.05
76.07
76.06
76.05
76.03
76.04
76.04
76.05
76.04
76.03
76.02
76.04
76.03
76.02
76.02
76.04
76.03
76.03
76.03
76.02
76.02
76.03
76.03
76.03
76.03
76.04
76.04
76.05
76.05
76.04
76.04
76.05
76.05
76.05
76.04
76.03
76.03
76.03
76.03
76.01
76.02
76.01
76.00
76.00
76.00
76.02
76.02
76.02
76.00
76.01
76.03
76.04
76.05
76.04
76.04
76.05
76.06
76.04
76.03
76.04
76.03
76.02
76.03
76.03
76.04
76.04
76.04
76.05
76.05
76.04
76.02
76.01
76.01
76.03
76.03
76.04
76.04
76.04
76.03
76.03
76.02
76.01
76.01
76.02
76.02
76.01
76.02
76.02
76.02
76.03
76.00
75.99
75.98
75.99
76.00
76.00
76.00
76.00
76.01
76.01
76.02
76.01
76.00
76.01
76.02
76.00
76.01
76.01
75.99
75.98
75.98
75.96
75.95
75.95
75.94
75.94
75.94
75.94
75.94
75.94
75.93
75.93
75.95
75.95
75.95
75.95
75.95
75.96
75.94
75.94
75.93
75.93
75.93
75.92
75.93
75.93
75.94
75.95
75.94
75.97
75.98
75.98
75.99
75.98
75.98
75.96
75.97
75.98
75.98
75.98
76.00
76.00
75.98
75.97
75.96
75.96
75.95
75.95
75.95
75.94
75.94
75.94
75.95
75.95
75.95
75.96
75.96
75.96
75.96
75.97
75.97
75.96
75.97
75.97
75.96
75.96
75.96
75.97
75.97
75.96
75.98
75.98
75.99
75.97
75.97
75.97
75.96
75.96
75.96
75.96
75.97
75.96
75.96
75.95
75.96
75.97
75.97
75.96
75.97
75.96
75.97
75.97
75.96
75.97
75.97
75.96
75.97
75.97
75.96
75.97
75.96
75.96
75.95
75.94
75.94
75.93
75.93
75.93
75.93
75.94
75.94
75.94
75.94
75.94
75.94
75.94
75.94
75.95
75.96
75.96
75.96
75.96
75.96
75.97
75.96
75.95
75.96
75.95
75.95
75.94
75.94
75.95
75.95
75.95
75.94
75.93
75.94
75.93
75.92
75.93
75.92
75.93
75.94
75.94
75.94
75.94
75.94
75.95
75.96
75.96
75.98
75.98
75.98
75.97
75.99
75.98
75.98
75.97
75.98
75.98
75.97
75.91
