67.19
72.66
73.44
73.05
75.94
76.56
77.23
77.54
78.82
78.28
78.55
77.47
77.16
77.23
76.77
76.76
76.47
76.39
76.48
76.95
76.04
76.07
76.29
76.43
76.44
76.74
76.91
77.01
77.16
77.08
77.27
77.00
76.94
77.11
77.19
77.34
77.20
77.14
77.00
76.99
77.13
77.27
77.36
77.27
77.15
76.80
76.80
76.79
76.88
76.94
76.84
76.83
76.86
76.79
76.76
76.84
76.70
76.75
76.75
76.69
76.84
77.02
76.98
77.08
77.02
76.96
76.96
77.05
76.97
77.01
76.94
76.97
77.01
77.01
76.85
76.79
76.87
76.86
76.88
76.86
76.87
76.85
76.84
76.77
76.76
76.78
76.76
76.81
76.76
76.72
76.67
76.70
76.76
76.80
76.88
76.95
76.92
76.96
76.94
77.02
76.95
76.90
76.91
76.94
76.96
77.03
77.06
77.11
77.14
77.22
77.22
77.19
77.24
77.26
77.13
77.10
77.07
77.00
77.06
77.08
77.07
77.01
76.96
76.94
76.89
76.95
76.89
76.87
76.82
76.85
76.93
76.92
76.91
76.91
76.93
76.93
76.92
76.97
77.01
77.06
77.02
77.07
77.13
77.11
77.14
77.23
77.20
77.11
77.07
77.07
76.99
77.00
77.05
77.00
76.98
76.93
76.91
76.95
76.98
77.03
77.03
77.06
77.06
77.06
77.05
77.01
77.03
77.01
76.99
77.02
77.08
77.13
77.13
77.12
77.13
77.10
77.11
77.13
77.09
77.09
77.07
77.07
77.07
77.10
77.04
76.98
76.96
76.92
76.85
76.87
76.90
76.91
76.92
76.93
76.97
76.95
76.94
76.93
76.95
76.95
76.99
76.90
76.89
76.91
76.90
76.87
76.89
76.90
76.90
76.92
76.90
76.84
76.84
76.80
76.81
76.80
76.82
76.81
76.81
76.78
76.77
76.76
76.79
76.76
76.78
76.77
76.74
76.74
76.74
76.73
76.73
76.71
76.74
76.71
76.70
76.73
76.70
76.70
76.68
76.65
76.61
76.61
76.63
76.63
76.61
76.63
76.63
76.59
76.61
76.62
76.61
76.60
76.59
76.58
76.52
76.51
76.52
76.54
76.56
76.56
76.56
76.56
76.53
76.51
76.49
76.48
76.46
76.46
76.48
76.50
76.51
76.50
76.48
76.46
76.46
76.43
76.43
76.44
76.47
76.46
76.47
76.47
76.50
76.48
76.47
76.47
76.49
76.50
76.52
76.50
76.49
76.49
76.51
76.50
76.49
76.51
76.49
76.53
76.53
76.54
76.50
76.48
76.46
76.46
76.47
76.47
76.45
76.47
76.46
76.44
76.44
76.47
76.46
76.42
76.44
76.44
76.45
76.46
76.45
76.46
76.47
76.46
76.43
76.44
76.44
76.40
76.40
76.41
76.39
76.39
76.40
76.40
76.38
76.40
76.39
76.41
76.40
76.41
76.44
76.40
76.41
76.43
76.43
76.42
76.41
76.43
76.37
76.36
76.37
76.34
76.32
76.33
76.32
76.32
76.31
76.32
76.31
76.34
76.34
76.32
76.31
76.31
76.30
76.28
76.27
76.25
76.26
76.25
76.25
76.26
76.28
76.28
76.28
76.29
76.29
76.27
76.26
76.26
76.28
76.27
76.29
76.30
76.32
76.32
76.32
76.32
76.31
76.28
76.28
76.29
76.31
76.34
76.35
76.32
76.35
76.35
76.33
76.33
76.33
76.32
76.32
76.33
76.37
76.37
76.40
76.36
76.36
76.37
76.38
76.37
76.38
76.40
76.37
76.36
76.34
76.34
76.32
76.33
76.33
76.32
76.32
76.32
76.31
76.27
76.25
76.25
76.26
76.25
76.26
76.26
76.25
76.24
76.25
76.26
76.26
76.29
76.28
76.29
76.28
76.26
76.25
76.25
76.25
76.24
76.23
76.23
76.23
76.22
76.23
76.24
76.22
76.22
76.23
76.21
76.20
76.21
76.22
76.21
76.21
76.19
76.20
76.20
76.20
76.19
76.19
76.17
76.18
76.20
76.21
76.22
76.20
76.22
76.22
76.21
76.22
76.20
76.19
76.18
76.18
76.17
76.17
76.17
76.16
76.17
76.16
76.16
76.16
76.18
76.15
76.15
76.14
76.14
76.16
76.14
76.15
76.14
76.15
76.15
76.16
76.17
76.16
76.16
76.17
76.16
76.16
76.15
76.15
76.15
76.15
76.15
76.15
76.14
76.14
76.14
76.16
76.16
76.16
76.17
76.16
76.16
76.16
76.17
76.16
76.16
76.17
76.16
76.16
76.16
76.16
76.14
76.13
76.14
76.15
76.15
76.17
76.17
76.18
76.18
76.18
76.19
76.19
76.19
76.20
76.20
76.17
76.16
76.17
76.16
76.16
76.15
76.14
76.11
76.11
76.11
76.11
76.11
76.11
76.08
76.09
76.06
76.06
76.07
76.07
76.07
76.08
76.09
76.10
76.09
76.10
76.10
76.11
76.11
76.12
76.12
76.13
76.14
76.14
76.14
76.16
76.16
76.14
76.15
76.13
76.14
76.14
76.13
76.12
76.12
76.12
76.12
76.12
76.12
76.13
76.13
76.11
76.11
76.10
76.09
76.11
76.12
76.11
76.10
76.09
76.09
76.09
76.10
76.11
76.11
76.13
76.12
76.12
76.12
76.11
76.11
76.11
76.12
76.10
76.11
76.11
76.12
76.12
76.11
76.10
76.11
76.11
76.09
76.09
76.08
76.09
76.08
76.07
76.08
76.08
76.08
76.08
76.07
76.06
76.06
76.05
76.06
76.06
76.07
76.06
76.07
76.07
76.06
76.07
76.06
76.05
76.03
76.02
76.02
76.01
76.00
76.01
76.02
76.03
76.01
76.01
76.02
76.02
76.02
76.02
76.02
76.02
76.02
76.01
76.01
76.01
76.01
76.01
76.02
76.02
76.01
76.00
76.00
76.01
76.02
76.01
76.00
75.99
75.98
75.98
75.99
75.97
75.96
75.97
75.98
76.00
75.99
75.99
75.98
75.99
76.00
76.00
76.01
76.02
76.03
76.03
76.02
76.01
76.01
76.01
76.01
76.00
76.00
76.01
76.02
76.02
76.02
76.01
76.00
75.99
75.98
75.99
75.99
75.98
75.97
75.97
75.97
75.95
75.95
75.94
75.94
75.94
75.95
75.95
75.97
75.97
75.97
75.96
75.96
75.97
75.97
75.97
75.98
75.98
75.97
75.97
75.98
75.99
75.99
75.99
75.98
75.99
75.99
75.98
75.98
75.98
75.98
75.99
75.98
75.98
75.98
75.98
75.98
75.98
75.98
75.98
75.99
75.99
75.99
76.00
76.01
76.01
76.02
76.01
76.01
76.02
76.01
76.01
76.01
76.01
76.02
76.02
76.02
76.02
76.03
76.04
76.04
76.02
75.95
