76.56
78.12
78.65
77.73
78.12
77.34
77.46
77.73
76.56
75.94
75.99
75.91
75.84
76.34
76.25
76.17
76.75
76.39
76.56
76.41
76.04
75.71
75.61
75.39
75.38
75.36
75.41
75.33
75.05
75.05
74.90
75.05
74.91
74.82
74.69
74.78
75.08
75.12
75.16
75.16
75.11
74.96
74.93
74.82
74.72
74.86
75.03
74.97
74.90
74.81
74.94
74.94
74.88
74.86
74.91
74.83
74.86
74.87
75.00
75.03
75.00
75.00
75.07
75.15
75.17
75.07
75.07
75.05
75.11
75.18
75.15
75.13
75.13
75.08
75.17
75.14
75.10
75.20
75.30
75.29
75.25
75.30
75.30
75.32
75.35
75.31
75.32
75.34
75.26
75.31
75.29
75.27
75.40
75.45
75.38
75.36
75.39
75.37
75.49
75.48
75.53
75.49
75.53
75.54
75.51
75.43
75.50
75.52
75.50
75.48
75.45
75.53
75.53
75.56
75.57
75.55
75.56
75.58
75.64
75.65
75.66
75.68
75.71
75.73
75.71
75.71
75.69
75.73
75.71
75.76
75.70
75.67
75.70
75.75
75.68
75.61
75.54
75.60
75.56
75.57
75.50
75.54
75.55
75.56
75.58
75.59
75.62
75.60
75.62
75.54
75.55
75.56
75.53
75.54
75.55
75.55
75.54
75.51
75.52
75.50
75.45
75.42
75.42
75.44
75.51
75.49
75.51
75.49
75.46
75.48
75.49
75.51
75.52
75.57
75.54
75.56
75.58
75.56
75.53
75.56
75.60
75.58
75.62
75.66
75.68
75.66
75.64
75.65
75.69
75.67
75.65
75.66
75.62
75.66
75.69
75.73
75.72
75.75
75.76
75.73
75.74
75.74
75.73
75.71
75.71
75.68
75.72
75.72
75.75
75.74
75.76
75.74
75.78
75.80
75.80
75.80
75.76
75.74
75.73
75.67
75.71
75.72
75.69
75.70
75.73
75.76
75.78
75.78
75.78
75.80
75.76
75.73
75.70
75.74
75.74
75.72
75.71
75.74
75.75
75.74
75.73
75.73
75.78
75.77
75.76
75.73
75.73
75.72
75.70
75.69
75.69
75.68
75.65
75.62
75.60
75.60
75.59
75.59
75.62
75.65
75.67
75.68
75.68
75.71
75.72
75.70
75.71
75.70
75.69
75.69
75.67
75.71
75.72
75.72
75.72
75.71
75.69
75.67
75.68
75.70
75.69
75.73
75.72
75.72
75.76
75.78
75.79
75.77
75.76
75.79
75.78
75.80
75.80
75.79
75.77
75.75
75.77
75.79
75.80
75.82
75.80
75.80
75.79
75.79
75.72
75.72
75.73
75.73
75.71
75.71
75.71
75.70
75.70
75.68
75.70
75.72
75.68
75.68
75.68
75.66
75.64
75.65
75.66
75.66
75.66
75.68
75.67
75.67
75.66
75.66
75.64
75.64
75.64
75.66
75.66
75.66
75.68
75.69
75.70
75.70
75.67
75.66
75.65
75.63
75.63
75.63
75.65
75.62
75.60
75.61
75.62
75.61
75.61
75.59
75.59
75.55
75.55
75.57
75.57
75.56
75.55
75.55
75.54
75.56
75.59
75.57
75.58
75.58
75.55
75.53
75.53
75.55
75.56
75.59
75.59
75.60
75.62
75.62
75.63
75.64
75.63
75.64
75.63
75.63
75.64
75.62
75.61
75.63
75.63
75.64
75.64
75.67
75.66
75.66
75.66
75.66
75.65
75.65
75.64
75.63
75.63
75.64
75.65
75.67
75.69
75.68
75.70
75.69
75.70
75.68
75.70
75.69
75.70
75.69
75.70
75.71
75.70
75.70
75.70
75.70
75.71
75.69
75.68
75.67
75.67
75.66
75.65
75.66
75.65
75.64
75.64
75.65
75.65
75.66
75.67
75.67
75.68
75.69
75.71
75.72
75.72
75.72
75.73
75.72
75.74
75.74
75.75
75.74
75.75
75.73
75.75
75.75
75.73
75.72
75.72
75.73
75.71
75.72
75.73
75.71
75.72
75.71
75.72
75.71
75.73
75.73
75.73
75.74
75.76
75.76
75.76
75.72
75.72
75.72
75.72
75.73
75.74
75.73
75.73
75.72
75.71
75.71
75.71
75.70
75.71
75.72
75.69
75.70
75.71
75.72
75.71
75.71
75.70
75.71
75.70
75.70
75.69
75.69
75.68
75.68
75.69
75.69
75.70
75.72
75.71
75.71
75.71
75.73
75.72
75.72
75.72
75.73
75.72
75.73
75.74
75.74
75.74
75.75
75.73
75.74
75.75
75.74
75.74
75.74
75.74
75.75
75.74
75.77
75.77
75.76
75.77
75.77
75.79
75.77
75.77
75.77
75.77
75.77
75.78
75.78
75.78
75.78
75.79
75.79
75.77
75.76
75.76
75.76
75.76
75.77
75.74
75.74
75.72
75.73
75.70
75.71
75.70
75.69
75.68
75.69
75.70
75.69
75.69
75.69
75.69
75.69
75.69
75.71
75.71
75.73
75.74
75.75
75.73
75.72
75.71
75.72
75.71
75.70
75.71
75.69
75.69
75.71
75.70
75.69
75.70
75.71
75.72
75.70
75.72
75.72
75.72
75.72
75.73
75.73
75.76
75.75
75.76
75.77
75.76
75.76
75.77
75.77
75.77
75.77
75.76
75.77
75.76
75.76
75.75
75.75
75.76
75.77
75.76
75.77
75.77
75.76
75.75
75.77
75.76
75.75
75.73
75.73
75.74
75.74
75.74
75.74
75.74
75.73
75.75
75.74
75.74
75.73
75.74
75.74
75.75
75.74
75.74
75.74
75.73
75.71
75.71
75.70
75.71
75.72
75.71
75.71
75.70
75.70
75.70
75.70
75.69
75.68
75.69
75.68
75.66
75.66
75.64
75.66
75.65
75.65
75.67
75.66
75.66
75.66
75.66
75.66
75.66
75.67
75.67
75.68
75.68
75.69
75.68
75.68
75.68
75.68
75.69
75.70
75.71
75.70
75.70
75.69
75.69
75.70
75.70
75.71
75.72
75.73
75.72
75.73
75.71
75.72
75.73
75.73
75.74
75.74
75.74
75.73
75.73
75.73
75.74
75.74
75.75
75.73
75.73
75.72
75.72
75.70
75.70
75.69
75.69
75.69
75.70
75.71
75.69
75.70
75.70
75.69
75.69
75.68
75.67
75.68
75.68
75.68
75.68
75.68
75.69
75.69
75.69
75.67
75.65
75.67
75.67
75.67
75.67
75.68
75.68
75.67
75.67
75.67
75.68
75.69
75.69
75.69
75.68
75.69
75.68
75.68
75.67
75.67
75.68
75.66
75.66
75.67
75.65
75.65
75.65
75.66
75.66
75.65
75.64
75.64
75.64
75.64
75.64
75.64
75.65
75.66
75.65
75.66
75.66
75.65
75.65
75.65
75.65
75.65
75.65
75.64
75.65
75.66
75.66
75.59
