90.62
86.72
84.90
84.77
82.50
81.25
80.36
79.10
76.91
76.56
77.13
76.95
77.28
76.56
77.19
77.25
77.21
77.34
76.81
77.03
76.71
76.63
76.63
76.63
76.94
76.98
76.91
77.18
77.48
77.34
77.07
77.15
77.27
76.93
77.10
77.17
77.11
77.10
77.04
77.23
77.13
76.97
76.93
76.81
76.84
76.83
76.70
76.53
76.53
76.47
76.41
76.41
76.39
76.30
76.34
76.23
76.26
76.27
76.14
76.22
76.15
76.11
76.09
76.07
76.11
76.14
76.03
76.08
76.09
76.07
76.12
76.19
76.16
76.16
76.31
76.32
76.32
76.34
76.33
76.41
76.41
76.37
76.39
76.45
76.45
76.47
76.53
76.56
76.53
76.58
76.60
76.55
76.51
76.50
76.53
76.43
76.37
76.42
76.47
76.44
76.39
76.47
76.46
76.40
76.32
76.30
76.29
76.27
76.32
76.34
76.32
76.37
76.44
76.48
76.43
76.40
76.36
76.40
76.48
76.55
76.49
76.46
76.46
76.41
76.42
76.48
76.45
76.48
76.53
76.50
76.44
76.37
76.40
76.42
76.37
76.33
76.29
76.29
76.29
76.35
76.35
76.33
76.32
76.37
76.39
76.40
76.39
76.37
76.32
76.27
76.27
76.28
76.30
76.29
76.25
76.24
76.35
76.38
76.41
76.45
76.44
76.47
76.50
76.51
76.48
76.47
76.50
76.48
76.45
76.49
76.49
76.48
76.46
76.40
76.37
76.29
76.28
76.27
76.25
76.24
76.25
76.30
76.29
76.31
76.34
76.33
76.34
76.32
76.33
76.27
76.27
76.27
76.27
76.25
76.25
76.21
76.17
76.19
76.15
76.16
76.18
76.18
76.15
76.15
76.11
76.11
76.12
76.12
76.13
76.12
76.07
76.08
76.12
76.10
76.10
76.09
76.09
76.10
76.13
76.12
76.13
76.15
76.18
76.22
76.22
76.21
76.18
76.18
76.19
76.17
76.16
76.17
76.17
76.18
76.18
76.23
76.23
76.25
76.27
76.30
76.28
76.27
76.25
76.28
76.24
76.19
76.20
76.22
76.22
76.22
76.21
76.18
76.17
76.17
76.15
76.13
76.11
76.13
76.13
76.13
76.12
76.15
76.16
76.14
76.15
76.16
76.15
76.18
76.17
76.13
76.15
76.15
76.14
76.16
76.16
76.14
76.15
76.11
76.10
76.09
76.08
76.08
76.10
76.08
76.11
76.08
76.07
76.07
76.08
76.12
76.12
76.13
76.14
76.17
76.19
76.21
76.22
76.23
76.23
76.23
76.25
76.22
76.21
76.22
76.23
76.25
76.27
76.27
76.25
76.27
76.26
76.26
76.23
76.24
76.22
76.24
76.24
76.26
76.26
76.24
76.24
76.25
76.26
76.28
76.26
76.25
76.25
76.23
76.25
76.25
76.25
76.28
76.25
76.24
76.21
76.23
76.24
76.26
76.28
76.30
76.28
76.25
76.22
76.22
76.23
76.23
76.21
76.21
76.19
76.18
76.20
76.21
76.21
76.23
76.23
76.24
76.23
76.24
76.25
76.24
76.23
76.23
76.22
76.22
76.22
76.23
76.22
76.21
76.22
76.21
76.20
76.20
76.20
76.18
76.19
76.19
76.19
76.20
76.19
76.20
76.19
76.20
76.19
76.18
76.19
76.19
76.17
76.18
76.19
76.18
76.20
76.20
76.19
76.19
76.20
76.16
76.16
76.13
76.14
76.14
76.14
76.13
76.14
76.15
76.16
76.15
76.16
76.18
76.17
76.16
76.15
76.16
76.17
76.15
76.15
76.13
76.13
76.14
76.14
76.15
76.15
76.16
76.15
76.14
76.17
76.18
76.18
76.17
76.15
76.16
76.17
76.19
76.18
76.19
76.19
76.20
76.20
76.18
76.19
76.16
76.17
76.17
76.15
76.14
76.12
76.11
76.11
76.10
76.11
76.10
76.10
76.10
76.11
76.09
76.07
76.08
76.08
76.11
76.10
76.10
76.11
76.13
76.12
76.11
76.11
76.11
76.08
76.09
76.10
76.10
76.10
76.10
76.09
76.08
76.08
76.09
76.08
76.09
76.07
76.07
76.08
76.08
76.08
76.08
76.09
76.08
76.10
76.10
76.09
76.08
76.09
76.10
76.09
76.09
76.09
76.08
76.09
76.10
76.12
76.12
76.13
76.15
76.15
76.14
76.13
76.15
76.13
76.14
76.13
76.12
76.11
76.11
76.10
76.10
76.10
76.11
76.12
76.11
76.09
76.10
76.11
76.11
76.11
76.12
76.13
76.13
76.12
76.11
76.13
76.14
76.14
76.14
76.15
76.15
76.17
76.13
76.13
76.12
76.13
76.13
76.11
76.13
76.13
76.10
76.10
76.09
76.09
76.09
76.08
76.09
76.10
76.10
76.10
76.09
76.10
76.10
76.11
76.11
76.11
76.11
76.11
76.11
76.10
76.11
76.12
76.12
76.12
76.12
76.12
76.10
76.11
76.12
76.12
76.11
76.12
76.11
76.12
76.12
76.12
76.13
76.12
76.13
76.11
76.12
76.12
76.13
76.13
76.12
76.11
76.10
76.12
76.12
76.13
76.14
76.13
76.13
76.13
76.11
76.12
76.13
76.13
76.13
76.12
76.11
76.11
76.12
76.12
76.12
76.12
76.11
76.13
76.14
76.15
76.14
76.14
76.14
76.14
76.13
76.13
76.13
76.12
76.12
76.13
76.13
76.14
76.14
76.13
76.14
76.16
76.16
76.16
76.17
76.18
76.18
76.18
76.18
76.18
76.20
76.19
76.20
76.18
76.20
76.20
76.19
76.20
76.20
76.20
76.19
76.20
76.20
76.21
76.21
76.21
76.21
76.21
76.22
76.23
76.23
76.21
76.20
76.19
76.17
76.18
76.17
76.18
76.18
76.18
76.18
76.19
76.19
76.20
76.18
76.16
76.16
76.16
76.16
76.16
76.17
76.16
76.17
76.17
76.16
76.17
76.18
76.18
76.20
76.18
76.17
76.18
76.16
76.16
76.14
76.13
76.12
76.13
76.13
76.13
76.12
76.11
76.11
76.10
76.11
76.10
76.10
76.11
76.10
76.10
76.09
76.09
76.08
76.07
76.08
76.08
76.09
76.09
76.09
76.09
76.09
76.09
76.08
76.08
76.07
76.07
76.06
76.07
76.08
76.09
76.08
76.07
76.07
76.08
76.07
76.08
76.09
76.09
76.07
76.08
76.09
76.11
76.11
76.11
76.11
76.11
76.12
76.11
76.11
76.11
76.12
76.11
76.12
76.12
76.12
76.11
76.10
76.10
76.11
76.10
76.10
76.10
76.08
76.09
76.09
76.11
76.10
76.09
76.09
76.08
76.07
76.07
76.06
76.06
76.05
76.05
76.06
76.05
76.05
76.03
76.03
76.04
76.03
76.03
75.96
