73.44
80.47
81.25
78.52
76.25
75.52
75.45
75.00
74.31
74.69
74.86
75.39
74.76
75.00
75.31
75.49
75.18
75.00
75.16
75.31
74.85
75.07
75.41
75.26
75.31
75.42
75.17
75.56
75.54
75.52
75.45
75.73
75.80
75.87
75.98
76.13
75.93
75.90
76.12
76.02
76.03
76.30
76.13
76.07
76.04
76.15
76.10
76.14
76.05
76.25
76.13
76.17
76.06
76.19
76.08
76.03
76.01
76.05
76.01
76.02
76.05
76.01
75.97
76.00
75.91
75.95
75.91
75.90
75.93
75.92
75.84
75.78
75.79
75.76
75.90
75.95
76.01
76.00
76.01
76.09
76.06
76.05
76.11
76.02
76.03
76.00
75.99
75.98
75.93
75.92
76.00
76.09
76.14
76.18
76.15
76.16
76.05
76.08
76.07
76.00
75.94
75.87
75.93
75.95
76.03
76.08
76.04
76.00
75.99
75.98
76.01
75.98
76.01
76.01
75.94
75.93
75.97
75.98
75.96
75.99
75.97
75.97
75.95
76.03
76.08
76.15
76.18
76.17
76.24
76.32
76.31
76.27
76.26
76.32
76.31
76.36
76.40
76.40
76.45
76.47
76.43
76.41
76.41
76.31
76.35
76.36
76.39
76.41
76.33
76.32
76.30
76.28
76.24
76.24
76.28
76.25
76.22
76.21
76.25
76.24
76.25
76.24
76.27
76.31
76.26
76.26
76.26
76.28
76.27
76.31
76.32
76.33
76.31
76.26
76.24
76.26
76.29
76.34
76.35
76.39
76.37
76.37
76.41
76.37
76.43
76.43
76.42
76.43
76.45
76.45
76.42
76.41
76.43
76.46
76.44
76.44
76.46
76.47
76.47
76.43
76.45
76.42
76.42
76.40
76.40
76.43
76.44
76.46
76.45
76.45
76.44
76.44
76.45
76.42
76.43
76.45
76.40
76.40
76.43
76.43
76.43
76.43
76.44
76.44
76.44
76.43
76.43
76.43
76.42
76.39
76.42
76.41
76.43
76.43
76.42
76.42
76.42
76.35
76.33
76.36
76.37
76.35
76.36
76.32
76.36
76.34
76.30
76.33
76.34
76.38
76.40
76.38
76.41
76.41
76.40
76.39
76.37
76.36
76.38
76.36
76.38
76.35
76.34
76.35
76.38
76.35
76.36
76.34
76.31
76.28
76.27
76.26
76.26
76.25
76.28
76.29
76.30
76.29
76.31
76.32
76.34
76.37
76.37
76.38
76.38
76.39
76.40
76.37
76.39
76.38
76.39
76.39
76.35
76.32
76.31
76.33
76.35
76.36
76.34
76.33
76.31
76.29
76.26
76.25
76.26
76.25
76.25
76.25
76.27
76.28
76.29
76.28
76.27
76.26
76.25
76.27
76.25
76.25
76.26
76.24
76.23
76.23
76.25
76.26
76.25
76.27
76.29
76.27
76.27
76.28
76.27
76.28
76.28
76.29
76.29
76.30
76.29
76.32
76.32
76.34
76.31
76.28
76.28
76.28
76.25
76.23
76.27
76.27
76.28
76.28
76.28
76.26
76.27
76.23
76.24
76.22
76.23
76.21
76.24
76.20
76.19
76.17
76.20
76.20
76.21
76.20
76.20
76.18
76.17
76.17
76.17
76.15
76.15
76.14
76.14
76.12
76.13
76.14
76.10
76.10
76.13
76.13
76.13
76.12
76.10
76.11
76.11
76.12
76.14
76.14
76.13
76.14
76.15
76.17
76.17
76.18
76.18
76.20
76.20
76.22
76.22
76.22
76.21
76.21
76.22
76.23
76.23
76.22
76.20
76.19
76.17
76.19
76.19
76.20
76.19
76.19
76.19
76.19
76.20
76.21
76.19
76.21
76.23
76.23
76.22
76.22
76.23
76.23
76.25
76.25
76.26
76.24
76.24
76.23
76.23
76.24
76.26
76.24
76.25
76.28
76.27
76.24
76.23
76.21
76.22
76.22
76.25
76.25
76.27
76.26
76.26
76.26
76.27
76.27
76.25
76.26
76.25
76.25
76.25
76.26
76.25
76.25
76.25
76.24
76.23
76.24
76.22
76.23
76.22
76.23
76.24
76.25
76.24
76.24
76.24
76.23
76.25
76.25
76.25
76.25
76.27
76.27
76.27
76.28
76.28
76.26
76.26
76.24
76.25
76.24
76.23
76.25
76.24
76.23
76.21
76.22
76.21
76.21
76.22
76.22
76.21
76.22
76.21
76.21
76.22
76.24
76.23
76.24
76.24
76.25
76.24
76.25
76.25
76.25
76.25
76.27
76.27
76.27
76.26
76.26
76.26
76.26
76.28
76.29
76.29
76.30
76.29
76.31
76.30
76.29
76.29
76.29
76.30
76.32
76.31
76.31
76.32
76.33
76.32
76.32
76.31
76.29
76.29
76.28
76.28
76.27
76.28
76.27
76.26
76.25
76.24
76.25
76.25
76.25
76.23
76.23
76.24
76.23
76.23
76.22
76.21
76.19
76.18
76.18
76.18
76.19
76.18
76.16
76.16
76.15
76.16
76.17
76.16
76.17
76.18
76.17
76.18
76.20
76.19
76.17
76.17
76.17
76.15
76.16
76.17
76.16
76.16
76.15
76.14
76.14
76.13
76.13
76.12
76.10
76.11
76.11
76.11
76.12
76.11
76.10
76.09
76.09
76.09
76.08
76.09
76.09
76.09
76.08
76.09
76.08
76.09
76.10
76.11
76.10
76.11
76.10
76.10
76.09
76.08
76.09
76.08
76.09
76.10
76.09
76.09
76.09
76.08
76.07
76.06
76.06
76.06
76.05
76.05
76.06
76.06
76.06
76.06
76.06
76.05
76.05
76.05
76.05
76.06
76.07
76.07
76.05
76.07
76.06
76.06
76.06
76.06
76.06
76.06
76.05
76.05
76.06
76.04
76.04
76.05
76.03
76.02
76.04
76.04
76.03
76.03
76.04
76.04
76.04
76.06
76.06
76.06
76.07
76.07
76.07
76.07
76.07
76.08
76.08
76.07
76.07
76.06
76.07
76.07
76.06
76.07
76.06
76.08
76.07
76.08
76.09
76.09
76.08
76.08
76.09
76.09
76.09
76.09
76.11
76.12
76.13
76.13
76.13
76.13
76.12
76.12
76.11
76.11
76.12
76.11
76.10
76.11
76.11
76.10
76.10
76.11
76.10
76.09
76.09
76.08
76.08
76.08
76.08
76.08
76.09
76.09
76.08
76.08
76.08
76.08
76.08
76.08
76.08
76.08
76.08
76.07
76.07
76.07
76.06
76.08
76.09
76.09
76.09
76.10
76.09
76.07
76.06
76.07
76.05
76.05
76.05
76.07
76.07
76.07
76.09
76.09
76.08
76.08
76.07
76.07
76.08
76.07
76.08
76.08
76.08
76.07
76.06
76.06
76.06
76.05
76.05
76.05
76.05
76.06
76.06
76.07
76.07
76.06
76.06
76.05
76.04
76.04
75.97
