65.62
71.88
71.88
74.61
75.31
75.78
76.79
75.78
74.83
74.06
73.72
73.96
75.00
74.78
74.69
74.90
74.82
75.35
75.00
75.31
75.67
75.64
75.48
75.20
75.25
75.42
75.46
75.17
75.05
75.26
75.00
75.10
75.14
75.18
75.40
75.39
75.08
75.04
75.12
75.12
75.04
75.04
74.82
75.04
75.14
75.31
75.40
75.20
75.03
74.91
74.97
75.12
75.06
75.23
75.17
75.22
75.16
75.27
75.48
75.44
75.33
75.40
75.40
75.42
75.38
75.38
75.35
75.25
75.16
75.18
75.18
75.15
75.06
75.04
75.04
75.08
75.12
75.12
75.22
75.08
75.14
75.23
75.17
75.13
75.28
75.20
75.23
75.11
75.18
75.19
75.17
75.12
75.13
75.17
75.18
75.15
75.19
75.27
75.33
75.38
75.34
75.31
75.35
75.36
75.45
75.47
75.45
75.46
75.56
75.57
75.48
75.61
75.61
75.66
75.69
75.74
75.81
75.83
75.83
75.81
75.77
75.76
75.81
75.82
75.82
75.82
75.80
75.83
75.82
75.79
75.72
75.69
75.65
75.68
75.73
75.69
75.73
75.77
75.71
75.71
75.70
75.67
75.62
75.61
75.66
75.63
75.56
75.59
75.55
75.54
75.60
75.60
75.60
75.62
75.62
75.57
75.58
75.56
75.55
75.51
75.54
75.54
75.49
75.50
75.50
75.50
75.49
75.58
75.59
75.56
75.56
75.59
75.62
75.65
75.65
75.67
75.70
75.73
75.72
75.77
75.73
75.72
75.69
75.71
75.74
75.75
75.78
75.79
75.85
75.86
75.83
75.83
75.87
75.90
75.99
76.01
76.03
76.03
76.04
75.99
76.01
76.02
76.03
76.02
76.00
75.98
75.94
75.94
75.95
75.94
75.89
75.89
75.91
75.93
75.91
75.90
75.89
75.88
75.93
75.93
75.90
75.87
75.85
75.87
75.90
75.86
75.89
75.87
75.87
75.85
75.83
75.84
75.86
75.87
75.86
75.80
75.80
75.80
75.86
75.83
75.82
75.81
75.80
75.77
75.77
75.76
75.77
75.76
75.75
75.77
75.79
75.80
75.78
75.78
75.76
75.73
75.75
75.71
75.75
75.73
75.74
75.74
75.75
75.73
75.75
75.76
75.78
75.78
75.77
75.79
75.81
75.82
75.81
75.77
75.75
75.74
75.77
75.79
75.79
75.78
75.81
75.79
75.78
75.76
75.74
75.75
75.74
75.74
75.76
75.73
75.70
75.68
75.71
75.74
75.74
75.71
75.72
75.72
75.74
75.75
75.77
75.82
75.84
75.85
75.84
75.83
75.79
75.77
75.80
75.81
75.80
75.79
75.78
75.76
75.77
75.77
75.76
75.76
75.76
75.76
75.77
75.77
75.77
75.78
75.78
75.77
75.75
75.75
75.77
75.81
75.82
75.80
75.82
75.81
75.80
75.82
75.82
75.80
75.82
75.80
75.82
75.83
75.83
75.83
75.83
75.83
75.83
75.81
75.82
75.83
75.83
75.84
75.85
75.85
75.85
75.85
75.87
75.88
75.87
75.88
75.87
75.88
75.90
75.90
75.89
75.89
75.88
75.88
75.88
75.88
75.85
75.81
75.81
75.80
75.81
75.78
75.79
75.79
75.79
75.79
75.80
75.79
75.78
75.75
75.78
75.78
75.80
75.80
75.81
75.83
75.84
75.86
75.87
75.88
75.86
75.86
75.87
75.90
75.89
75.88
75.87
75.88
75.91
75.92
75.93
75.92
75.93
75.93
75.94
75.94
75.95
75.93
75.93
75.91
75.90
75.89
75.89
75.90
75.91
75.92
75.89
75.89
75.88
75.87
75.87
75.87
75.86
75.88
75.87
75.87
75.85
75.80
75.79
75.77
75.77
75.76
75.77
75.76
75.75
75.75
75.76
75.78
75.79
75.79
75.78
75.77
75.77
75.76
75.77
75.76
75.76
75.74
75.75
75.75
75.75
75.75
75.77
75.76
75.75
75.75
75.73
75.73
75.74
75.75
75.74
75.75
75.75
75.75
75.74
75.74
75.76
75.75
75.76
75.74
75.74
75.74
75.73
75.75
75.74
75.74
75.73
75.73
75.73
75.73
75.73
75.73
75.73
75.76
75.77
75.75
75.76
75.76
75.75
75.74
75.74
75.73
75.74
75.74
75.75
75.75
75.75
75.75
75.76
75.78
75.78
75.81
75.81
75.83
75.83
75.83
75.83
75.82
75.82
75.82
75.80
75.80
75.81
75.83
75.85
75.86
75.88
75.89
75.89
75.89
75.88
75.91
75.91
75.89
75.89
75.89
75.89
75.89
75.91
75.90
75.91
75.92
75.91
75.91
75.92
75.93
75.93
75.93
75.93
75.94
75.93
75.93
75.94
75.96
75.95
75.95
75.95
75.96
75.96
75.96
75.97
75.99
75.99
76.00
75.98
76.00
75.99
75.99
75.98
75.97
75.97
75.97
75.97
75.96
75.95
75.95
75.95
75.95
75.93
75.93
75.93
75.93
75.92
75.93
75.94
75.94
75.94
75.95
75.94
75.95
75.95
75.94
75.94
75.94
75.94
75.96
75.96
75.97
75.97
75.96
75.95
75.93
75.92
75.92
75.91
75.92
75.90
75.90
75.91
75.90
75.91
75.91
75.92
75.91
75.91
75.92
75.92
75.91
75.91
75.89
75.89
75.90
75.91
75.88
75.89
75.87
75.87
75.88
75.88
75.88
75.87
75.87
75.87
75.88
75.87
75.89
75.88
75.88
75.88
75.88
75.89
75.89
75.89
75.88
75.89
75.89
75.90
75.92
75.93
75.94
75.94
75.92
75.92
75.91
75.91
75.90
75.90
75.91
75.91
75.91
75.92
75.93
75.92
75.91
75.91
75.92
75.92
75.91
75.91
75.90
75.91
75.91
75.91
75.90
75.89
75.89
75.89
75.89
75.88
75.88
75.88
75.88
75.89
75.88
75.87
75.88
75.87
75.86
75.87
75.87
75.87
75.86
75.86
75.87
75.86
75.87
75.87
75.86
75.87
75.88
75.88
75.88
75.88
75.86
75.85
75.85
75.84
75.84
75.85
75.84
75.84
75.84
75.85
75.86
75.85
75.86
75.85
75.85
75.85
75.85
75.86
75.86
75.85
75.86
75.85
75.85
75.85
75.85
75.86
75.85
75.84
75.84
75.84
75.85
75.85
75.85
75.85
75.85
75.85
75.85
75.86
75.84
75.84
75.83
75.82
75.83
75.83
75.84
75.83
75.83
75.84
75.85
75.86
75.86
75.87
75.88
75.89
75.89
75.90
75.91
75.91
75.90
75.89
75.89
75.89
75.90
75.90
75.90
75.90
75.91
75.91
75.91
75.92
75.92
75.92
75.93
75.92
75.92
75.92
75.93
75.93
75.93
75.94
75.94
75.94
75.94
75.95
75.88
