78.12
77.34
75.52
77.73
76.25
76.30
75.89
75.98
76.74
77.50
77.41
77.21
77.40
77.23
76.88
76.76
76.65
76.48
76.48
76.95
76.56
76.28
76.09
75.98
76.00
76.20
75.93
76.17
76.29
76.41
76.36
76.42
76.42
76.10
76.03
76.04
76.14
75.95
75.76
75.86
75.99
75.89
75.62
75.64
75.80
75.75
75.76
75.75
75.61
75.62
75.89
75.93
75.97
76.07
76.02
76.20
76.18
76.16
76.09
76.17
76.28
76.26
76.41
76.44
76.59
76.70
76.56
76.56
76.49
76.58
76.54
76.52
76.48
76.54
76.58
76.48
76.48
76.52
76.54
76.50
76.49
76.33
76.32
76.28
76.25
76.18
76.22
76.26
76.32
76.25
76.27
76.21
76.14
76.23
76.10
76.03
75.98
76.00
76.04
76.03
75.99
76.03
76.03
76.05
76.15
76.08
76.04
76.03
76.09
76.05
76.10
76.03
75.94
75.88
75.90
75.86
75.89
75.89
75.79
75.77
75.80
75.79
75.81
75.79
75.83
75.76
75.76
75.71
75.71
75.75
75.73
75.76
75.79
75.77
75.74
75.76
75.74
75.75
75.73
75.74
75.78
75.75
75.83
75.81
75.77
75.71
75.70
75.71
75.69
75.71
75.67
75.64
75.60
75.64
75.59
75.64
75.70
75.69
75.65
75.65
75.67
75.66
75.65
75.67
75.70
75.72
75.66
75.67
75.64
75.64
75.63
75.64
75.63
75.67
75.66
75.62
75.60
75.58
75.58
75.57
75.57
75.64
75.65
75.66
75.65
75.67
75.64
75.60
75.54
75.54
75.55
75.56
75.54
75.52
75.52
75.48
75.47
75.42
75.45
75.41
75.38
75.39
75.36
75.38
75.38
75.37
75.35
75.36
75.34
75.32
75.24
75.24
75.23
75.22
75.21
75.18
75.18
75.19
75.19
75.18
75.16
75.17
75.15
75.09
75.09
75.09
75.08
75.07
75.12
75.17
75.20
75.20
75.21
75.17
75.14
75.15
75.16
75.18
75.20
75.21
75.21
75.25
75.28
75.30
75.34
75.32
75.30
75.32
75.30
75.29
75.32
75.35
75.36
75.38
75.37
75.39
75.39
75.42
75.45
75.44
75.43
75.39
75.39
75.37
75.36
75.33
75.35
75.34
75.35
75.34
75.36
75.36
75.38
75.39
75.41
75.37
75.33
75.34
75.34
75.37
75.34
75.35
75.36
75.40
75.39
75.44
75.42
75.44
75.44
75.44
75.41
75.36
75.36
75.37
75.39
75.42
75.45
75.44
75.44
75.48
75.49
75.48
75.49
75.49
75.49
75.52
75.52
75.50
75.51
75.52
75.52
75.53
75.53
75.55
75.52
75.50
75.53
75.51
75.49
75.49
75.52
75.50
75.46
75.46
75.44
75.44
75.43
75.42
75.42
75.44
75.43
75.44
75.44
75.42
75.42
75.41
75.43
75.43
75.46
75.46
75.47
75.47
75.48
75.49
75.47
75.47
75.48
75.48
75.50
75.46
75.47
75.47
75.48
75.48
75.48
75.50
75.50
75.52
75.50
75.49
75.49
75.51
75.51
75.53
75.51
75.50
75.50
75.49
75.47
75.46
75.48
75.48
75.47
75.48
75.49
75.52
75.52
75.51
75.51
75.51
75.50
75.48
75.49
75.50
75.47
75.48
75.47
75.48
75.49
75.49
75.49
75.50
75.50
75.51
75.51
75.51
75.51
75.51
75.51
75.54
75.55
75.55
75.56
75.54
75.56
75.55
75.56
75.55
75.55
75.56
75.56
75.55
75.56
75.55
75.56
75.57
75.58
75.58
75.58
75.59
75.59
75.60
75.62
75.64
75.63
75.62
75.60
75.58
75.58
75.59
75.59
75.58
75.59
75.57
75.59
75.59
75.59
75.59
75.58
75.57
75.57
75.57
75.57
75.57
75.56
75.58
75.57
75.59
75.59
75.60
75.62
75.61
75.63
75.63
75.62
75.64
75.65
75.66
75.66
75.67
75.68
75.68
75.70
75.68
75.71
75.69
75.71
75.71
75.72
75.74
75.76
75.76
75.76
75.78
75.78
75.77
75.78
75.76
75.76
75.75
75.75
75.75
75.75
75.73
75.75
75.74
75.74
75.73
75.73
75.74
75.74
75.74
75.73
75.74
75.74
75.74
75.75
75.75
75.76
75.76
75.75
75.76
75.77
75.79
75.79
75.78
75.78
75.76
75.76
75.76
75.77
75.78
75.78
75.78
75.77
75.77
75.76
75.78
75.79
75.78
75.77
75.77
75.78
75.78
75.79
75.80
75.80
75.80
75.80
75.81
75.82
75.82
75.81
75.80
75.80
75.80
75.81
75.80
75.80
75.80
75.81
75.80
75.80
75.80
75.82
75.80
75.80
75.81
75.82
75.83
75.83
75.83
75.83
75.83
75.86
75.85
75.84
75.82
75.80
75.80
75.78
75.78
75.76
75.75
75.78
75.78
75.79
75.79
75.80
75.80
75.80
75.80
75.79
75.78
75.79
75.78
75.78
75.79
75.79
75.80
75.80
75.80
75.78
75.77
75.77
75.77
75.75
75.75
75.75
75.74
75.74
75.73
75.75
75.76
75.75
75.74
75.74
75.75
75.75
75.76
75.76
75.77
75.76
75.76
75.76
75.76
75.77
75.77
75.77
75.77
75.76
75.77
75.78
75.80
75.80
75.78
75.77
75.78
75.79
75.79
75.79
75.77
75.76
75.75
75.74
75.73
75.75
75.74
75.75
75.75
75.74
75.73
75.74
75.73
75.75
75.75
75.74
75.74
75.73
75.73
75.74
75.73
75.73
75.74
75.75
75.75
75.75
75.74
75.74
75.74
75.73
75.73
75.73
75.74
75.74
75.74
75.75
75.75
75.76
75.75
75.75
75.76
75.76
75.76
75.75
75.75
75.76
75.76
75.76
75.76
75.77
75.77
75.77
75.77
75.77
75.78
75.78
75.77
75.78
75.78
75.78
75.78
75.78
75.79
75.78
75.79
75.79
75.79
75.79
75.79
75.80
75.80
75.78
75.78
75.77
75.77
75.77
75.78
75.78
75.76
75.75
75.75
75.75
75.75
75.73
75.73
75.72
75.72
75.73
75.74
75.72
75.72
75.71
75.72
75.72
75.72
75.70
75.70
75.70
75.71
75.69
75.69
75.70
75.70
75.70
75.70
75.69
75.69
75.69
75.69
75.69
75.68
75.68
75.69
75.70
75.69
75.68
75.68
75.68
75.69
75.69
75.68
75.68
75.68
75.68
75.69
75.68
75.68
75.69
75.68
75.69
75.70
75.70
75.70
75.70
75.70
75.70
75.70
75.71
75.71
75.72
75.71
75.71
75.70
75.69
75.71
75.71
75.71
75.72
75.71
75.72
75.72
75.72
75.72
75.74
75.72
75.72
75.71
75.72
75.72
75.71
75.64
