73.44
75.78
75.52
75.78
73.75
74.22
74.33
75.00
74.65
73.75
73.44
73.31
73.92
74.00
74.90
74.80
74.36
74.57
74.92
74.77
74.55
74.64
74.80
75.26
74.94
74.94
75.46
75.39
75.16
75.47
75.60
75.54
75.38
75.64
75.76
75.95
75.97
75.82
75.84
75.86
75.69
75.82
75.80
75.85
75.90
75.92
75.86
75.81
75.83
75.66
75.83
75.81
75.71
75.52
75.51
75.45
75.47
75.48
75.42
75.44
75.49
75.45
75.52
75.56
75.60
75.62
75.68
75.67
75.66
75.60
75.57
75.63
75.49
75.57
75.58
75.64
75.61
75.56
75.53
75.61
75.56
75.57
75.66
75.61
75.61
75.58
75.68
75.59
75.46
75.57
75.65
75.58
75.55
75.57
75.58
75.59
75.45
75.41
75.30
75.28
75.20
75.29
75.32
75.30
75.37
75.43
75.38
75.45
75.39
75.37
75.39
75.49
75.50
75.42
75.49
75.50
75.57
75.48
75.43
75.43
75.44
75.50
75.52
75.58
75.50
75.40
75.36
75.40
75.40
75.40
75.41
75.41
75.43
75.43
75.39
75.43
75.44
75.41
75.52
75.48
75.49
75.51
75.46
75.48
75.48
75.47
75.48
75.42
75.50
75.50
75.52
75.56
75.57
75.52
75.54
75.54
75.55
75.59
75.57
75.58
75.52
75.54
75.57
75.56
75.59
75.58
75.54
75.51
75.48
75.43
75.46
75.50
75.55
75.57
75.57
75.59
75.63
75.62
75.65
75.62
75.60
75.60
75.60
75.59
75.49
75.51
75.48
75.46
75.44
75.48
75.48
75.53
75.54
75.56
75.57
75.55
75.56
75.57
75.53
75.59
75.59
75.53
75.54
75.56
75.56
75.60
75.58
75.57
75.61
75.65
75.63
75.65
75.66
75.63
75.63
75.60
75.66
75.64
75.69
75.72
75.71
75.75
75.78
75.73
75.73
75.73
75.74
75.76
75.78
75.77
75.72
75.67
75.72
75.74
75.76
75.75
75.75
75.79
75.78
75.79
75.81
75.81
75.82
75.85
75.82
75.84
75.88
75.89
75.89
75.91
75.93
75.95
75.96
75.95
75.99
75.98
75.95
75.93
75.94
75.94
75.92
75.94
75.95
75.96
75.98
76.00
76.00
76.02
76.06
76.08
76.08
76.07
76.07
76.09
76.10
76.08
76.07
76.10
76.11
76.09
76.11
76.09
76.10
76.11
76.13
76.15
76.16
76.14
76.16
76.17
76.18
76.20
76.23
76.26
76.28
76.27
76.29
76.26
76.24
76.25
76.29
76.32
76.31
76.34
76.33
76.34
76.32
76.32
76.32
76.30
76.26
76.24
76.23
76.23
76.22
76.20
76.21
76.21
76.20
76.17
76.18
76.18
76.18
76.19
76.17
76.16
76.15
76.16
76.16
76.16
76.18
76.19
76.17
76.17
76.14
76.12
76.14
76.13
76.12
76.11
76.11
76.10
76.09
76.09
76.06
76.06
76.04
76.04
76.05
76.04
76.04
76.02
76.04
76.04
76.06
76.06
76.05
76.06
76.05
76.06
76.06
76.07
76.06
76.06
76.04
76.02
76.01
76.02
76.06
76.04
76.05
76.05
76.04
76.04
76.05
76.04
76.05
76.06
76.06
76.06
76.07
76.06
76.06
76.06
76.06
76.05
76.05
76.07
76.10
76.12
76.11
76.09
76.09
76.09
76.10
76.12
76.12
76.12
76.13
76.13
76.15
76.15
76.17
76.16
76.17
76.18
76.19
76.19
76.20
76.20
76.20
76.19
76.17
76.14
76.13
76.15
76.17
76.18
76.19
76.19
76.19
76.18
76.19
76.16
76.17
76.17
76.18
76.17
76.17
76.18
76.18
76.21
76.19
76.20
76.20
76.19
76.20
76.20
76.17
76.18
76.16
76.18
76.20
76.21
76.20
76.20
76.22
76.23
76.21
76.22
76.22
76.21
76.19
76.18
76.18
76.15
76.17
76.15
76.15
76.16
76.15
76.15
76.13
76.16
76.17
76.16
76.15
76.16
76.17
76.16
76.18
76.18
76.18
76.17
76.16
76.17
76.16
76.17
76.16
76.16
76.14
76.15
76.17
76.17
76.18
76.19
76.20
76.20
76.19
76.18
76.18
76.19
76.22
76.23
76.23
76.23
76.24
76.22
76.22
76.22
76.22
76.21
76.20
76.19
76.19
76.21
76.22
76.21
76.21
76.23
76.21
76.21
76.21
76.22
76.22
76.21
76.21
76.22
76.22
76.22
76.22
76.22
76.20
76.21
76.21
76.20
76.19
76.20
76.21
76.21
76.20
76.20
76.20
76.20
76.21
76.21
76.21
76.20
76.20
76.22
76.23
76.21
76.21
76.21
76.21
76.20
76.20
76.19
76.21
76.20
76.20
76.20
76.20
76.21
76.20
76.22
76.23
76.23
76.22
76.22
76.22
76.22
76.22
76.21
76.22
76.20
76.19
76.19
76.18
76.19
76.18
76.19
76.20
76.22
76.23
76.22
76.23
76.23
76.24
76.24
76.25
76.25
76.26
76.24
76.23
76.21
76.20
76.20
76.19
76.19
76.19
76.18
76.19
76.18
76.18
76.18
76.18
76.19
76.18
76.17
76.18
76.17
76.17
76.18
76.19
76.19
76.18
76.17
76.17
76.17
76.17
76.17
76.18
76.18
76.18
76.17
76.17
76.17
76.17
76.17
76.17
76.16
76.15
76.15
76.15
76.14
76.15
76.16
76.16
76.17
76.17
76.18
76.17
76.17
76.17
76.17
76.16
76.15
76.15
76.15
76.14
76.14
76.14
76.13
76.10
76.10
76.10
76.09
76.08
76.07
76.06
76.06
76.05
76.05
76.04
76.03
76.04
76.02
76.01
76.02
76.03
76.03
76.03
76.04
76.03
76.02
76.03
76.01
76.03
76.04
76.03
76.03
76.01
76.01
76.01
76.01
76.01
76.01
76.00
76.01
75.99
76.00
76.00
76.00
76.01
76.01
76.01
76.01
76.01
76.00
76.00
76.01
76.01
76.01
76.00
76.02
76.02
76.03
76.02
76.03
76.02
76.03
76.03
76.02
76.02
76.03
76.04
76.04
76.03
76.04
76.02
76.02
76.03
76.04
76.04
76.05
76.05
76.04
76.05
76.05
76.05
76.05
76.06
76.06
76.07
76.07
76.07
76.06
76.06
76.06
76.08
76.09
76.09
76.09
76.08
76.08
76.08
76.09
76.10
76.10
76.09
76.09
76.10
76.10
76.07
76.07
76.08
76.07
76.05
76.05
76.04
76.04
76.03
76.02
76.02
76.03
76.04
76.04
76.05
76.05
76.05
76.04
76.05
76.05
76.05
76.06
76.07
76.06
76.07
76.07
76.06
76.07
76.08
76.08
76.07
76.06
76.06
76.05
76.05
76.05
76.04
75.97
