75.00
77.34
77.08
77.34
77.50
76.56
75.67
76.76
75.69
75.47
75.14
75.65
75.96
76.23
75.83
75.78
75.28
75.52
75.58
75.55
75.60
75.57
75.54
75.65
75.69
75.84
75.64
75.50
75.75
75.78
75.86
75.78
75.99
76.01
75.76
75.61
75.72
75.66
75.64
75.62
75.50
75.48
75.62
75.60
75.59
75.65
75.57
75.68
75.61
75.50
75.67
75.63
75.62
75.49
75.60
75.61
75.63
75.73
75.69
75.70
75.74
75.73
75.69
75.76
75.77
75.64
75.58
75.76
75.84
75.87
75.99
76.09
76.24
76.22
76.25
76.25
76.28
76.16
76.23
76.17
76.12
75.97
76.07
76.06
75.96
76.00
75.99
75.85
75.74
75.80
75.82
75.85
75.86
75.85
75.87
75.91
75.92
75.92
75.95
75.89
75.93
76.00
76.05
75.99
75.98
76.02
75.98
76.03
75.97
75.91
75.96
75.95
75.93
75.89
75.88
75.85
75.84
75.89
75.92
75.98
75.98
75.91
75.93
76.00
76.01
75.98
75.94
75.92
75.90
75.88
75.91
75.85
75.79
75.72
75.78
75.75
75.68
75.68
75.67
75.66
75.65
75.69
75.72
75.73
75.72
75.75
75.78
75.75
75.78
75.79
75.76
75.82
75.83
75.83
75.92
75.93
75.92
75.98
76.00
76.06
76.05
76.05
76.08
76.13
76.11
76.08
76.06
76.00
75.99
75.96
76.01
76.00
76.05
76.05
76.02
75.99
75.99
75.98
76.02
75.99
75.98
75.99
75.94
75.97
76.00
76.01
75.99
75.97
75.95
75.96
75.94
75.91
75.87
75.93
75.96
75.97
75.98
75.99
76.01
75.96
75.97
75.97
75.95
75.96
75.92
75.90
75.90
75.89
75.91
75.92
75.96
75.92
75.89
75.88
75.85
75.85
75.89
75.91
75.92
75.90
75.90
75.89
75.90
75.91
75.91
75.93
75.94
75.94
75.97
75.96
75.95
75.93
75.91
75.91
75.95
75.93
75.92
75.96
75.99
75.98
75.95
75.99
75.98
75.97
75.96
75.97
75.96
75.95
75.92
75.92
75.92
75.95
75.91
75.92
75.93
75.91
75.91
75.87
75.89
75.90
75.88
75.89
75.92
75.92
75.94
75.94
75.92
75.89
75.89
75.91
75.93
75.92
75.93
75.95
75.95
75.96
75.94
75.93
75.96
75.94
75.93
75.91
75.93
75.93
75.92
75.95
75.93
75.93
75.94
75.92
75.91
75.93
75.92
75.93
75.95
75.93
75.95
75.98
76.00
76.00
76.01
76.00
76.00
75.99
75.99
76.00
76.02
76.02
76.06
76.04
76.03
76.03
76.00
75.99
76.00
75.99
76.01
76.04
76.05
76.05
76.03
76.02
76.01
76.01
76.01
76.02
76.03
76.02
76.05
76.02
76.02
76.02
76.03
76.04
76.04
76.06
76.03
76.02
76.03
76.04
76.00
76.00
76.01
75.99
76.01
76.03
76.01
76.03
76.02
75.98
75.98
76.02
76.02
76.06
76.07
76.08
76.09
76.08
76.07
76.05
76.03
76.02
76.00
76.01
76.01
76.02
76.02
76.04
76.02
76.01
76.01
76.02
76.02
76.02
76.00
76.01
75.99
76.00
76.00
75.99
75.99
76.00
76.00
76.01
76.01
76.02
76.01
76.00
76.02
76.04
76.03
76.02
76.05
76.05
76.04
76.04
76.05
76.06
76.04
76.04
76.03
76.04
76.08
76.08
76.06
76.06
76.06
76.04
76.05
76.05
76.06
76.08
76.09
76.09
76.10
76.09
76.09
76.08
76.08
76.08
76.08
76.07
76.10
76.09
76.09
76.10
76.06
76.08
76.10
76.09
76.10
76.09
76.10
76.09
76.10
76.09
76.08
76.08
76.07
76.07
76.06
76.06
76.08
76.09
76.08
76.09
76.07
76.07
76.07
76.07
76.07
76.08
76.08
76.07
76.07
76.07
76.09
76.07
76.08
76.07
76.08
76.06
76.07
76.09
76.07
76.08
76.08
76.07
76.07
76.07
76.08
76.06
76.06
76.07
76.08
76.06
76.07
76.07
76.06
76.07
76.08
76.08
76.08
76.07
76.07
76.07
76.06
76.05
76.04
76.05
76.04
76.04
76.02
76.04
76.03
76.03
76.03
76.03
76.03
76.03
76.04
76.04
76.04
76.05
76.04
76.06
76.04
76.03
76.04
76.04
76.03
76.05
76.05
76.05
76.06
76.05
76.05
76.05
76.05
76.07
76.07
76.09
76.08
76.08
76.09
76.08
76.08
76.07
76.06
76.06
76.06
76.07
76.07
76.07
76.06
76.05
76.05
76.06
76.04
76.05
76.04
76.03
76.02
76.02
76.01
76.00
76.00
76.02
76.00
76.01
76.00
76.01
76.02
76.02
76.01
76.02
76.03
76.01
76.02
76.02
76.00
76.00
75.99
75.99
75.99
76.01
76.00
76.00
76.01
76.00
76.00
75.98
75.98
75.98
75.99
76.00
75.98
75.98
75.97
75.98
75.99
75.98
75.98
75.97
75.97
75.99
76.00
76.01
76.01
76.01
76.00
75.99
75.99
75.99
75.98
75.99
75.99
76.00
75.99
75.99
75.99
76.00
75.98
76.00
75.99
76.00
75.99
75.99
75.98
75.99
75.98
75.99
75.99
75.99
76.00
76.00
76.02
76.02
76.02
76.02
76.00
76.00
76.01
76.01
76.00
76.02
76.02
76.00
75.99
76.00
75.99
75.99
76.00
76.01
76.01
76.02
76.01
76.00
76.00
76.01
76.02
76.01
76.02
76.02
76.02
76.03
76.03
76.04
76.03
76.03
76.02
76.02
76.03
76.03
76.04
76.04
76.03
76.01
76.01
76.02
76.01
76.01
76.02
76.01
76.02
76.02
76.03
76.03
76.03
76.01
76.02
76.03
76.03
76.04
76.04
76.04
76.05
76.06
76.08
76.07
76.06
76.07
76.06
76.07
76.07
76.06
76.05
76.04
76.03
76.04
76.05
76.06
76.08
76.07
76.09
76.09
76.10
76.09
76.09
76.10
76.11
76.10
76.11
76.10
76.10
76.11
76.11
76.11
76.11
76.12
76.13
76.13
76.13
76.14
76.15
76.15
76.16
76.16
76.16
76.16
76.16
76.15
76.16
76.15
76.14
76.15
76.16
76.16
76.16
76.16
76.16
76.15
76.14
76.13
76.13
76.14
76.15
76.15
76.14
76.14
76.15
76.14
76.15
76.14
76.13
76.15
76.15
76.16
76.16
76.15
76.15
76.15
76.16
76.17
76.18
76.18
76.19
76.18
76.19
76.18
76.16
76.16
76.16
76.16
76.16
76.16
76.15
76.14
76.12
76.12
76.13
76.14
76.14
76.14
76.14
76.15
76.14
76.13
76.13
76.14
76.13
76.06
