67.19
62.50
66.67
68.36
69.38
70.31
69.87
70.31
71.01
70.47
71.73
72.14
72.24
72.99
73.02
73.73
73.44
73.61
74.01
73.91
74.11
74.01
74.46
74.93
74.94
75.06
75.29
75.06
75.22
75.26
75.35
75.44
75.19
75.18
75.40
75.39
75.59
75.74
75.64
75.55
75.53
75.45
75.44
75.39
75.42
75.48
75.60
75.52
75.41
75.53
75.46
75.48
75.47
75.41
75.26
75.22
75.38
75.40
75.56
75.55
75.54
75.63
75.74
75.81
75.94
75.83
75.70
75.78
75.79
75.87
75.88
75.80
75.75
75.65
75.75
75.76
75.75
75.70
75.71
75.76
75.83
75.78
75.79
75.80
75.85
75.87
75.97
75.91
75.95
75.97
75.98
76.04
76.01
76.01
76.04
76.03
76.10
76.18
76.20
76.16
76.16
76.21
76.23
76.25
76.25
76.27
76.36
76.40
76.46
76.49
76.49
76.41
76.41
76.43
76.41
76.39
76.34
76.36
76.39
76.35
76.30
76.22
76.19
76.12
76.10
76.10
76.13
76.11
76.14
76.13
76.24
76.31
76.27
76.25
76.30
76.28
76.25
76.28
76.32
76.24
76.22
76.19
76.17
76.19
76.23
76.19
76.21
76.20
76.09
76.16
76.20
76.14
76.16
76.23
76.22
76.20
76.22
76.20
76.17
76.25
76.31
76.26
76.26
76.26
76.22
76.21
76.23
76.23
76.27
76.25
76.21
76.23
76.17
76.16
76.17
76.15
76.21
76.17
76.16
76.20
76.21
76.18
76.14
76.12
76.13
76.13
76.09
76.07
76.08
76.07
76.11
76.08
76.08
76.06
76.03
76.06
76.07
76.10
76.08
76.04
76.06
76.07
76.06
76.11
76.07
76.02
75.99
76.01
76.02
76.00
75.96
75.94
75.94
75.94
75.94
75.93
75.94
75.92
75.94
75.93
75.97
76.00
76.03
76.05
76.03
76.01
76.06
76.02
76.00
75.91
75.95
75.92
75.89
75.92
75.96
75.97
75.96
75.94
75.97
75.95
75.96
75.96
76.00
76.04
76.06
76.07
76.06
76.07
76.06
76.06
76.07
76.08
76.10
76.11
76.09
76.09
76.11
76.11
76.15
76.11
76.13
76.15
76.16
76.15
76.13
76.13
76.14
76.14
76.11
76.09
76.10
76.06
76.08
76.06
76.04
76.06
76.07
76.08
76.11
76.10
76.08
76.07
76.04
76.04
76.03
76.04
76.02
76.04
76.04
76.03
76.06
76.05
76.05
76.07
76.07
76.05
76.07
76.07
76.08
76.06
76.05
76.07
76.05
76.01
76.00
75.99
76.00
75.98
75.98
76.01
76.00
75.98
75.95
75.95
75.96
75.95
75.97
75.95
75.94
75.95
75.97
75.97
75.98
75.96
75.98
75.99
76.02
75.99
76.00
75.97
75.93
75.93
75.91
75.90
75.90
75.91
75.93
75.91
75.88
75.88
75.87
75.87
75.87
75.87
75.88
75.87
75.86
75.84
75.85
75.85
75.84
75.87
75.87
75.88
75.89
75.90
75.89
75.91
75.94
75.93
75.91
75.88
75.86
75.85
75.82
75.81
75.79
75.79
75.80
75.81
75.85
75.87
75.85
75.84
75.85
75.85
75.84
75.84
75.85
75.84
75.83
75.85
75.86
75.84
75.85
75.85
75.85
75.85
75.83
75.83
75.85
75.83
75.83
75.85
75.83
75.78
75.79
75.80
75.82
75.82
75.82
75.82
75.82
75.83
75.84
75.83
75.85
75.83
75.82
75.82
75.77
75.78
75.76
75.75
75.75
75.74
75.73
75.74
75.75
75.75
75.75
75.74
75.72
75.70
75.70
75.67
75.67
75.66
75.66
75.66
75.66
75.67
75.67
75.67
75.69
75.71
75.70
75.72
75.70
75.70
75.71
75.73
75.71
75.72
75.72
75.72
75.71
75.70
75.70
75.70
75.72
75.72
75.70
75.72
75.75
75.76
75.77
75.77
75.76
75.75
75.76
75.75
75.76
75.77
75.77
75.78
75.80
75.79
75.81
75.80
75.79
75.77
75.79
75.79
75.78
75.77
75.76
75.76
75.77
75.77
75.77
75.76
75.77
75.76
75.77
75.77
75.77
75.78
75.79
75.78
75.78
75.76
75.78
75.78
75.79
75.79
75.80
75.78
75.78
75.75
75.76
75.76
75.75
75.76
75.75
75.75
75.76
75.76
75.77
75.78
75.76
75.75
75.76
75.77
75.78
75.77
75.77
75.76
75.76
75.75
75.75
75.76
75.75
75.77
75.77
75.77
75.76
75.77
75.77
75.76
75.77
75.77
75.77
75.77
75.77
75.75
75.75
75.76
75.76
75.76
75.77
75.76
75.77
75.77
75.76
75.78
75.77
75.77
75.78
75.78
75.77
75.78
75.79
75.79
75.78
75.77
75.79
75.79
75.79
75.77
75.77
75.75
75.75
75.75
75.74
75.74
75.74
75.75
75.76
75.76
75.74
75.74
75.74
75.75
75.75
75.77
75.77
75.78
75.77
75.77
75.76
75.77
75.77
75.77
75.79
75.79
75.80
75.82
75.80
75.81
75.80
75.80
75.80
75.82
75.82
75.82
75.83
75.83
75.84
75.83
75.83
75.83
75.82
75.84
75.84
75.83
75.81
75.81
75.80
75.82
75.82
75.81
75.81
75.82
75.82
75.83
75.81
75.81
75.81
75.81
75.81
75.82
75.82
75.83
75.83
75.83
75.84
75.84
75.84
75.84
75.85
75.86
75.86
75.87
75.86
75.85
75.85
75.85
75.85
75.85
75.85
75.85
75.85
75.86
75.86
75.85
75.84
75.84
75.85
75.86
75.86
75.85
75.84
75.83
75.82
75.83
75.82
75.80
75.81
75.82
75.82
75.82
75.84
75.84
75.84
75.84
75.84
75.84
75.83
75.83
75.83
75.83
75.84
75.84
75.84
75.84
75.83
75.83
75.83
75.82
75.82
75.83
75.82
75.82
75.82
75.82
75.81
75.82
75.83
75.81
75.81
75.81
75.81
75.82
75.81
75.82
75.83
75.83
75.82
75.83
75.83
75.82
75.80
75.79
75.79
75.79
75.79
75.79
75.80
75.81
75.80
75.80
75.80
75.83
75.83
75.83
75.82
75.82
75.82
75.83
75.83
75.82
75.80
75.79
75.80
75.80
75.81
75.82
75.83
75.82
75.81
75.79
75.81
75.80
75.81
75.80
75.80
75.80
75.78
75.78
75.78
75.77
75.78
75.77
75.76
75.76
75.76
75.76
75.76
75.76
75.77
75.78
75.77
75.78
75.77
75.76
75.77
75.77
75.77
75.78
75.78
75.79
75.78
75.78
75.79
75.79
75.78
75.78
75.79
75.79
75.79
75.80
75.80
75.81
75.80
75.80
75.80
75.80
75.79
75.79
75.79
75.72
