78.12
75.00
75.52
75.78
75.94
75.26
75.00
75.98
77.08
76.56
76.85
76.69
76.92
76.45
76.88
77.15
77.30
77.08
77.22
77.11
77.31
76.99
76.90
76.89
76.81
76.50
76.22
75.95
76.40
76.72
76.76
76.71
76.52
76.52
76.29
76.22
76.10
76.07
76.12
76.25
76.37
76.30
76.20
76.03
75.97
75.92
76.10
76.24
76.24
76.22
76.35
76.41
76.33
76.24
76.36
76.31
76.23
76.24
76.30
76.25
76.05
76.23
76.26
76.34
76.23
76.28
76.19
76.13
76.18
76.18
76.08
76.17
76.26
76.48
76.38
76.40
76.42
76.44
76.40
76.45
76.37
76.47
76.45
76.38
76.36
76.38
76.33
76.31
76.33
76.35
76.34
76.43
76.41
76.50
76.51
76.45
76.47
76.48
76.55
76.67
76.66
76.69
76.67
76.64
76.67
76.56
76.58
76.52
76.48
76.48
76.44
76.49
76.52
76.58
76.56
76.56
76.54
76.51
76.47
76.47
76.42
76.46
76.44
76.46
76.49
76.55
76.54
76.53
76.55
76.49
76.46
76.44
76.48
76.43
76.37
76.24
76.23
76.25
76.26
76.21
76.20
76.19
76.15
76.14
76.14
76.16
76.19
76.19
76.15
76.15
76.06
76.04
76.05
76.03
76.03
75.98
75.99
75.95
75.97
75.99
76.00
76.02
75.95
75.96
75.99
75.99
75.95
75.92
75.90
75.92
75.93
75.98
75.94
75.96
76.00
75.99
75.99
76.03
76.04
75.98
75.97
76.00
75.97
75.93
75.94
75.97
75.94
75.93
75.91
75.90
75.92
75.92
75.94
75.93
75.94
75.92
75.90
75.89
75.89
75.91
75.94
75.93
75.93
75.95
75.99
75.99
76.00
76.01
76.06
76.08
76.07
76.05
76.05
76.07
76.03
76.05
75.99
75.99
75.98
75.97
75.96
75.94
75.95
75.99
75.98
75.97
75.98
76.01
76.01
76.01
76.04
76.04
75.99
76.01
76.01
75.97
75.98
76.00
75.99
76.00
75.97
75.97
76.00
75.95
75.91
75.92
75.96
75.97
75.93
75.92
75.93
75.92
75.94
75.96
75.95
75.93
75.92
75.95
75.96
75.95
75.95
75.95
75.92
75.96
75.98
75.93
75.94
75.92
75.92
75.91
75.93
75.91
75.93
75.97
75.99
75.98
76.02
76.01
76.02
76.03
76.03
76.02
76.00
75.98
75.98
75.96
75.95
75.98
75.97
75.97
75.97
75.95
75.95
75.92
75.94
75.93
75.94
75.99
75.99
75.98
75.98
75.93
75.95
75.98
75.98
75.98
75.97
75.95
75.94
75.96
75.95
75.97
76.00
75.97
75.96
75.96
75.95
75.95
75.97
75.97
75.95
75.96
75.95
75.93
75.91
75.94
75.95
75.96
75.98
75.97
75.95
75.96
75.96
75.96
75.98
75.97
75.96
75.97
75.97
75.98
75.99
75.97
75.95
75.98
75.99
75.97
75.97
75.99
76.00
76.02
76.01
75.99
76.00
76.03
76.02
76.02
76.00
76.00
76.01
76.00
76.00
76.00
76.01
76.02
76.03
76.03
76.02
76.03
76.01
76.02
76.03
76.02
76.01
76.00
75.97
75.96
75.95
75.98
75.96
75.95
75.97
75.97
75.98
75.98
75.99
76.00
76.01
76.01
76.03
76.03
76.04
76.04
76.02
76.01
76.00
75.99
75.98
75.98
75.98
75.99
76.00
76.02
76.02
76.01
76.03
76.03
76.02
76.03
76.04
76.00
75.99
76.00
75.98
75.97
75.94
75.93
75.94
75.93
75.92
75.92
75.91
75.92
75.92
75.94
75.94
75.95
75.93
75.91
75.91
75.91
75.91
75.89
75.89
75.88
75.87
75.87
75.88
75.90
75.89
75.91
75.91
75.92
75.95
75.96
75.97
75.97
75.99
76.00
76.02
76.01
76.02
76.00
76.00
76.01
75.99
75.99
75.98
75.97
75.97
75.98
75.98
75.98
75.93
75.94
75.91
75.90
75.89
75.90
75.89
75.91
75.91
75.90
75.90
75.92
75.91
75.90
75.90
75.90
75.90
75.90
75.90
75.90
75.90
75.89
75.89
75.89
75.88
75.87
75.86
75.86
75.86
75.86
75.87
75.87
75.87
75.88
75.88
75.88
75.88
75.90
75.89
75.91
75.90
75.88
75.87
75.87
75.87
75.86
75.87
75.87
75.87
75.88
75.89
75.89
75.90
75.92
75.92
75.91
75.92
75.92
75.94
75.94
75.94
75.95
75.95
75.94
75.95
75.95
75.94
75.94
75.93
75.93
75.93
75.94
75.94
75.95
75.94
75.93
75.93
75.93
75.95
75.96
75.95
75.97
75.97
75.97
75.97
75.98
75.98
76.00
76.00
76.01
76.00
76.02
76.03
76.01
76.01
76.01
76.00
76.00
76.01
76.01
76.00
76.00
76.01
76.02
76.02
76.02
76.02
76.03
76.03
76.05
76.06
76.06
76.05
76.06
76.06
76.06
76.06
76.06
76.07
76.08
76.09
76.09
76.08
76.09
76.09
76.11
76.10
76.10
76.09
76.09
76.07
76.06
76.06
76.05
76.05
76.05
76.05
76.04
76.03
76.03
76.03
76.02
76.04
76.04
76.05
76.04
76.03
76.02
76.02
76.03
76.03
76.02
76.03
76.02
76.01
76.01
76.00
76.00
76.01
76.00
76.01
76.01
76.02
76.02
76.02
76.03
76.04
76.03
76.03
76.03
76.02
76.03
76.03
76.01
76.03
76.02
76.02
76.02
76.02
76.01
76.02
76.01
76.01
76.00
76.00
76.00
75.99
75.99
75.99
76.00
76.01
76.01
76.00
76.01
76.00
76.01
76.01
76.00
76.00
75.99
75.99
75.98
75.99
75.99
75.99
76.00
76.00
76.00
75.99
75.99
76.00
76.00
76.01
76.01
76.01
76.01
76.02
76.03
76.03
76.04
76.03
76.03
76.04
76.05
76.06
76.06
76.05
76.05
76.04
76.05
76.04
76.05
76.04
76.04
76.05
76.04
76.04
76.05
76.04
76.05
76.05
76.05
76.04
76.05
76.05
76.05
76.06
76.05
76.05
76.06
76.07
76.07
76.07
76.06
76.06
76.07
76.07
76.07
76.06
76.07
76.07
76.06
76.07
76.07
76.06
76.07
76.06
76.06
76.07
76.07
76.07
76.06
76.07
76.07
76.06
76.05
76.06
76.05
76.05
76.06
76.05
76.05
76.05
76.04
76.05
76.06
76.06
76.06
76.06
76.06
76.06
76.06
76.06
76.05
76.06
76.05
76.05
76.05
76.05
76.06
76.06
76.06
76.06
76.05
76.06
76.05
76.04
76.05
76.05
76.05
76.07
76.06
76.05
76.06
76.07
76.07
76.07
76.06
76.06
75.99
