75.00
77.34
77.08
78.52
77.81
79.95
80.36
79.69
79.51
78.59
78.84
78.39
76.92
77.01
76.25
76.56
76.75
77.17
77.63
77.11
76.93
76.85
76.77
76.76
76.62
76.50
76.56
76.51
76.45
76.56
76.66
76.51
76.42
76.29
76.12
76.13
76.01
75.95
76.00
76.13
76.14
76.08
75.94
76.07
76.18
76.22
76.40
76.30
76.31
76.41
76.23
76.17
76.24
76.22
76.16
76.03
76.15
76.16
76.01
76.07
76.08
75.93
75.94
75.81
75.67
75.66
75.63
75.74
75.63
75.62
75.55
75.59
75.68
75.72
75.73
75.66
75.69
75.66
75.44
75.59
75.39
75.21
75.21
75.32
75.35
75.31
75.23
75.20
75.26
75.21
75.19
75.24
75.34
75.48
75.38
75.44
75.40
75.45
75.43
75.33
75.23
75.28
75.33
75.36
75.40
75.41
75.44
75.35
75.37
75.33
75.24
75.22
75.22
75.18
75.30
75.38
75.39
75.42
75.41
75.42
75.41
75.37
75.27
75.29
75.38
75.37
75.34
75.28
75.31
75.29
75.29
75.32
75.29
75.26
75.21
75.20
75.25
75.19
75.22
75.23
75.22
75.23
75.24
75.25
75.25
75.24
75.24
75.30
75.27
75.29
75.32
75.35
75.38
75.40
75.40
75.39
75.37
75.45
75.42
75.47
75.48
75.52
75.51
75.54
75.53
75.51
75.51
75.51
75.49
75.51
75.47
75.46
75.50
75.51
75.49
75.43
75.41
75.39
75.38
75.36
75.36
75.38
75.38
75.37
75.40
75.44
75.45
75.43
75.43
75.44
75.44
75.42
75.43
75.43
75.38
75.41
75.49
75.53
75.57
75.52
75.52
75.50
75.48
75.51
75.53
75.57
75.63
75.62
75.66
75.68
75.66
75.64
75.63
75.64
75.64
75.63
75.66
75.64
75.66
75.67
75.66
75.69
75.71
75.73
75.78
75.73
75.72
75.70
75.67
75.65
75.64
75.65
75.64
75.64
75.64
75.66
75.70
75.70
75.73
75.72
75.73
75.76
75.76
75.79
75.76
75.76
75.71
75.69
75.65
75.66
75.68
75.67
75.65
75.65
75.64
75.65
75.63
75.62
75.62
75.61
75.57
75.57
75.53
75.54
75.54
75.52
75.48
75.48
75.48
75.48
75.49
75.51
75.51
75.54
75.56
75.58
75.58
75.56
75.53
75.53
75.54
75.54
75.51
75.51
75.53
75.56
75.59
75.59
75.57
75.53
75.53
75.54
75.55
75.57
75.56
75.54
75.54
75.57
75.57
75.58
75.59
75.58
75.58
75.59
75.56
75.58
75.61
75.61
75.62
75.64
75.65
75.67
75.66
75.65
75.65
75.61
75.63
75.61
75.63
75.65
75.66
75.67
75.70
75.70
75.71
75.73
75.71
75.69
75.68
75.71
75.68
75.69
75.69
75.68
75.67
75.66
75.67
75.65
75.65
75.67
75.68
75.67
75.70
75.70
75.72
75.74
75.73
75.74
75.74
75.74
75.72
75.73
75.75
75.72
75.70
75.69
75.71
75.73
75.75
75.76
75.77
75.80
75.80
75.81
75.79
75.78
75.78
75.76
75.77
75.76
75.75
75.76
75.78
75.78
75.80
75.79
75.82
75.83
75.84
75.84
75.80
75.79
75.79
75.79
75.79
75.79
75.79
75.80
75.81
75.82
75.84
75.84
75.85
75.84
75.84
75.85
75.85
75.82
75.82
75.81
75.81
75.83
75.83
75.83
75.83
75.81
75.83
75.82
75.81
75.80
75.78
75.78
75.76
75.78
75.78
75.80
75.78
75.76
75.78
75.77
75.75
75.74
75.75
75.75
75.76
75.77
75.79
75.80
75.78
75.78
75.78
75.76
75.73
75.75
75.76
75.76
75.75
75.76
75.77
75.78
75.77
75.77
75.77
75.77
75.76
75.76
75.79
75.78
75.78
75.78
75.79
75.79
75.82
75.81
75.78
75.79
75.78
75.76
75.76
75.75
75.74
75.72
75.74
75.74
75.76
75.76
75.75
75.72
75.72
75.73
75.72
75.72
75.72
75.71
75.70
75.68
75.69
75.70
75.69
75.69
75.69
75.70
75.69
75.69
75.68
75.70
75.69
75.69
75.68
75.69
75.68
75.69
75.68
75.67
75.68
75.67
75.67
75.67
75.67
75.66
75.66
75.65
75.67
75.67
75.66
75.65
75.65
75.66
75.67
75.64
75.63
75.63
75.61
75.59
75.58
75.58
75.58
75.56
75.57
75.57
75.56
75.57
75.58
75.58
75.58
75.59
75.57
75.57
75.56
75.54
75.54
75.53
75.52
75.51
75.51
75.50
75.51
75.51
75.53
75.55
75.52
75.52
75.53
75.52
75.54
75.52
75.52
75.52
75.51
75.51
75.51
75.52
75.53
75.53
75.53
75.55
75.54
75.54
75.54
75.53
75.53
75.52
75.53
75.52
75.51
75.52
75.50
75.51
75.51
75.51
75.49
75.49
75.49
75.49
75.49
75.49
75.50
75.50
75.49
75.50
75.50
75.49
75.49
75.48
75.48
75.47
75.48
75.49
75.50
75.51
75.52
75.53
75.52
75.53
75.53
75.53
75.55
75.56
75.57
75.56
75.55
75.54
75.52
75.51
75.51
75.51
75.52
75.51
75.51
75.52
75.53
75.53
75.53
75.53
75.53
75.51
75.53
75.52
75.52
75.52
75.53
75.52
75.53
75.51
75.50
75.52
75.52
75.53
75.53
75.52
75.53
75.53
75.54
75.54
75.53
75.53
75.53
75.52
75.53
75.53
75.54
75.54
75.54
75.55
75.55
75.56
75.56
75.56
75.58
75.58
75.57
75.57
75.57
75.59
75.59
75.57
75.58
75.58
75.60
75.61
75.61
75.61
75.60
75.59
75.59
75.58
75.59
75.58
75.58
75.59
75.58
75.57
75.56
75.56
75.55
75.55
75.55
75.56
75.58
75.57
75.56
75.55
75.55
75.55
75.55
75.55
75.56
75.57
75.56
75.57
75.56
75.56
75.56
75.56
75.57
75.58
75.58
75.57
75.58
75.58
75.58
75.58
75.59
75.59
75.59
75.60
75.59
75.59
75.58
75.59
75.59
75.59
75.59
75.59
75.60
75.59
75.61
75.61
75.61
75.61
75.62
75.63
75.64
75.64
75.64
75.65
75.64
75.65
75.66
75.66
75.67
75.66
75.66
75.67
75.67
75.66
75.67
75.67
75.68
75.68
75.68
75.69
75.69
75.68
75.69
75.69
75.70
75.70
75.69
75.69
75.69
75.68
75.68
75.69
75.70
75.69
75.69
75.69
75.69
75.69
75.69
75.70
75.71
75.71
75.70
75.70
75.69
75.70
75.71
75.72
75.72
75.72
75.73
75.72
75.73
75.74
75.73
75.73
75.74
75.74
75.75
75.67
