76.56
69.53
71.35
73.44
73.44
73.96
75.00
76.17
75.35
75.94
75.71
75.13
74.52
74.89
75.00
75.29
75.83
75.78
75.99
75.31
75.45
75.36
75.34
75.33
75.44
75.60
75.52
75.67
75.75
75.94
75.91
75.88
75.99
76.10
76.07
76.13
76.22
76.32
76.16
76.29
76.33
76.12
76.13
76.31
76.35
76.60
76.63
76.66
76.88
76.69
76.53
76.56
76.59
76.56
76.59
76.67
76.56
76.62
76.59
76.64
76.69
76.56
76.61
76.64
76.61
76.66
76.52
76.59
76.59
76.63
76.69
76.80
76.71
76.73
76.65
76.52
76.50
76.56
76.54
76.45
76.39
76.18
76.20
76.25
76.31
76.29
76.31
76.30
76.30
76.35
76.24
76.15
76.14
76.06
76.04
76.07
76.01
76.00
75.95
75.98
75.94
75.93
75.90
75.86
75.82
75.90
75.89
75.85
75.86
75.91
76.04
76.13
76.15
76.22
76.21
76.21
76.16
76.18
76.17
76.13
76.18
76.17
76.13
76.13
76.12
76.19
76.14
76.20
76.13
76.08
76.13
76.10
76.08
76.05
76.04
76.06
76.08
76.06
76.06
76.04
76.04
76.03
76.03
75.99
75.99
76.00
76.00
76.01
76.04
76.00
76.00
75.97
75.92
75.94
75.98
76.01
76.03
76.02
76.05
76.01
76.01
76.01
76.03
76.04
75.97
76.00
76.01
76.01
76.01
75.97
75.99
75.96
75.94
75.99
75.99
76.01
76.01
76.02
76.00
76.02
76.00
76.00
76.05
76.09
76.06
76.07
76.09
76.11
76.11
76.12
76.10
76.10
76.13
76.14
76.15
76.12
76.12
76.15
76.20
76.22
76.22
76.21
76.18
76.19
76.19
76.16
76.15
76.18
76.19
76.22
76.22
76.23
76.26
76.26
76.26
76.28
76.27
76.28
76.28
76.29
76.29
76.30
76.26
76.26
76.27
76.21
76.20
76.20
76.20
76.14
76.16
76.16
76.15
76.16
76.15
76.16
76.15
76.12
76.13
76.13
76.12
76.14
76.15
76.17
76.17
76.16
76.16
76.17
76.17
76.17
76.14
76.13
76.11
76.10
76.12
76.12
76.12
76.11
76.12
76.12
76.15
76.17
76.18
76.20
76.21
76.21
76.21
76.22
76.23
76.20
76.18
76.18
76.20
76.20
76.17
76.18
76.20
76.19
76.18
76.17
76.16
76.16
76.15
76.13
76.10
76.10
76.08
76.07
76.10
76.07
76.08
76.08
76.06
76.08
76.05
76.05
76.06
76.05
76.02
76.03
76.02
76.02
76.06
76.07
76.05
76.06
76.06
76.03
76.04
76.03
76.03
76.05
76.03
76.01
76.04
76.04
76.04
76.04
76.04
76.04
76.03
76.03
76.03
76.07
76.07
76.04
76.05
76.03
76.04
76.01
75.98
75.98
75.98
75.96
75.98
75.99
76.01
75.98
76.00
75.99
76.02
76.01
75.99
75.97
75.97
75.98
75.96
75.97
75.98
75.98
76.01
76.01
76.01
76.00
76.00
76.01
75.98
76.00
76.00
75.99
76.00
76.00
75.99
76.00
76.00
76.00
76.00
76.01
76.02
76.03
76.03
76.01
76.04
76.04
76.07
76.07
76.05
76.03
76.04
76.04
76.05
76.06
76.06
76.05
76.06
76.08
76.07
76.06
76.06
76.04
76.04
76.03
76.03
76.05
76.04
76.05
76.05
76.06
76.07
76.07
76.08
76.07
76.09
76.09
76.09
76.10
76.09
76.08
76.07
76.07
76.06
76.07
76.08
76.08
76.07
76.08
76.05
76.04
76.05
76.05
76.06
76.06
76.06
76.06
76.03
76.03
76.03
76.04
76.03
76.01
76.01
76.01
76.00
76.00
76.01
76.01
76.00
76.00
76.01
76.02
76.01
76.02
76.03
76.02
76.04
76.04
76.05
76.04
76.06
76.06
76.06
76.07
76.06
76.06
76.06
76.06
76.07
76.05
76.03
76.04
76.05
76.07
76.09
76.08
76.09
76.09
76.09
76.08
76.07
76.07
76.07
76.07
76.07
76.06
76.04
76.03
76.04
76.04
76.04
76.04
76.03
76.05
76.05
76.05
76.06
76.06
76.07
76.06
76.05
76.05
76.03
76.04
76.04
76.05
76.06
76.06
76.07
76.09
76.10
76.08
76.09
76.07
76.07
76.08
76.07
76.06
76.04
76.04
76.06
76.06
76.06
76.06
76.06
76.06
76.05
76.04
76.04
76.02
76.03
76.04
76.05
76.05
76.05
76.06
76.07
76.06
76.07
76.05
76.07
76.08
76.08
76.07
76.06
76.08
76.10
76.10
76.11
76.10
76.10
76.11
76.11
76.12
76.14
76.13
76.13
76.12
76.13
76.13
76.14
76.14
76.14
76.14
76.14
76.14
76.13
76.15
76.14
76.15
76.16
76.16
76.16
76.15
76.14
76.14
76.15
76.16
76.17
76.16
76.17
76.15
76.15
76.15
76.15
76.15
76.17
76.16
76.17
76.17
76.17
76.18
76.17
76.18
76.19
76.18
76.17
76.17
76.17
76.18
76.17
76.17
76.18
76.17
76.18
76.18
76.20
76.19
76.19
76.19
76.18
76.18
76.20
76.20
76.20
76.21
76.21
76.22
76.22
76.21
76.21
76.21
76.21
76.21
76.20
76.21
76.21
76.21
76.21
76.21
76.21
76.20
76.19
76.19
76.18
76.19
76.19
76.20
76.20
76.19
76.18
76.19
76.20
76.20
76.19
76.19
76.20
76.20
76.20
76.20
76.21
76.19
76.20
76.19
76.19
76.19
76.19
76.19
76.20
76.20
76.21
76.22
76.22
76.21
76.22
76.22
76.21
76.19
76.19
76.19
76.19
76.19
76.19
76.19
76.18
76.19
76.19
76.18
76.17
76.18
76.18
76.17
76.16
76.16
76.15
76.15
76.16
76.15
76.15
76.15
76.16
76.15
76.16
76.16
76.15
76.15
76.13
76.13
76.13
76.14
76.14
76.13
76.13
76.13
76.13
76.14
76.14
76.15
76.16
76.18
76.17
76.16
76.17
76.18
76.17
76.17
76.17
76.15
76.14
76.14
76.14
76.13
76.13
76.12
76.13
76.12
76.12
76.12
76.12
76.13
76.13
76.13
76.12
76.12
76.12
76.13
76.14
76.15
76.15
76.15
76.16
76.14
76.14
76.14
76.13
76.12
76.12
76.13
76.12
76.13
76.11
76.12
76.11
76.12
76.14
76.13
76.12
76.11
76.11
76.11
76.11
76.11
76.10
76.10
76.09
76.09
76.10
76.10
76.09
76.08
76.08
76.08
76.08
76.08
76.07
76.06
76.05
76.05
76.06
76.06
76.06
76.07
76.07
76.08
76.07
76.08
76.09
76.09
76.10
76.11
76.11
76.10
76.10
76.04
