67.19
75.78
78.65
79.30
79.69
79.43
78.79
77.54
76.22
76.25
76.42
76.30
75.36
74.78
75.00
75.20
75.55
75.52
76.15
76.17
75.89
75.85
75.75
75.85
75.75
75.48
75.52
75.56
75.43
75.57
75.66
75.34
75.38
75.64
75.71
75.48
75.51
75.45
75.36
75.51
75.61
75.71
75.65
75.85
75.73
75.85
75.80
75.94
76.08
76.25
76.32
76.32
76.24
76.30
76.34
76.42
76.32
76.21
76.24
76.35
76.36
76.49
76.41
76.54
76.44
76.47
76.52
76.52
76.56
76.56
76.61
76.65
76.54
76.58
76.56
76.64
76.64
76.68
76.68
76.78
76.74
76.58
76.54
76.51
76.43
76.34
76.38
76.30
76.33
76.32
76.30
76.32
76.34
76.31
76.22
76.14
76.01
75.99
75.99
76.02
76.01
75.93
75.90
75.81
75.73
75.71
75.76
75.69
75.72
75.75
75.77
75.80
75.79
75.86
75.83
75.85
75.75
75.82
75.83
75.90
75.84
75.86
75.88
75.95
75.92
75.92
75.82
75.92
75.92
75.91
75.93
76.01
75.98
75.97
76.01
76.06
76.07
76.06
76.07
76.12
76.13
76.19
76.17
76.22
76.16
76.19
76.19
76.18
76.09
76.02
75.99
76.02
76.02
76.07
76.02
75.94
75.96
75.93
75.92
75.86
75.84
75.89
75.89
75.87
75.80
75.80
75.74
75.73
75.74
75.74
75.79
75.77
75.79
75.77
75.80
75.83
75.82
75.81
75.83
75.79
75.83
75.85
75.82
75.83
75.88
75.88
75.93
75.91
75.88
75.89
75.88
75.87
75.83
75.85
75.83
75.81
75.77
75.78
75.79
75.76
75.81
75.84
75.84
75.84
75.84
75.86
75.92
75.93
75.96
75.91
75.89
75.91
75.89
75.91
75.91
75.92
75.94
75.95
75.93
75.91
75.93
75.92
75.93
75.98
75.97
76.02
76.03
76.03
76.06
76.05
76.05
76.06
76.03
76.04
76.07
76.05
76.05
76.06
76.09
76.05
76.08
76.10
76.12
76.09
76.12
76.10
76.08
76.07
76.07
76.04
76.02
76.02
75.97
75.96
75.98
76.01
76.02
76.05
76.04
76.05
76.05
76.07
76.09
76.08
76.07
76.06
76.04
76.02
76.03
76.05
76.08
76.06
76.08
76.09
76.08
76.09
76.08
76.10
76.11
76.12
76.13
76.11
76.12
76.13
76.15
76.17
76.18
76.19
76.17
76.17
76.18
76.16
76.15
76.15
76.14
76.16
76.18
76.16
76.17
76.19
76.17
76.16
76.19
76.18
76.15
76.16
76.16
76.15
76.15
76.13
76.13
76.12
76.12
76.11
76.09
76.10
76.08
76.11
76.11
76.12
76.13
76.12
76.12
76.11
76.13
76.16
76.14
76.17
76.16
76.16
76.16
76.13
76.12
76.12
76.12
76.14
76.11
76.10
76.09
76.09
76.11
76.10
76.09
76.07
76.06
76.06
76.07
76.06
76.07
76.08
76.06
76.03
76.03
76.03
76.00
76.01
76.00
76.00
76.00
75.98
75.99
75.98
75.97
75.99
76.00
75.99
75.99
76.00
76.03
76.03
76.07
76.05
76.04
76.05
76.05
76.06
76.06
76.05
76.06
76.05
76.04
76.00
76.01
76.00
76.00
76.00
75.96
76.00
76.02
76.02
76.03
76.03
76.02
76.03
76.04
76.05
76.04
76.05
76.03
76.02
76.05
76.07
76.07
76.06
76.06
76.05
76.06
76.03
76.01
76.00
75.98
76.00
75.99
75.99
76.02
76.03
76.04
76.05
76.05
76.05
76.06
76.05
76.06
76.06
76.06
76.04
76.04
76.04
76.06
76.07
76.05
76.06
76.05
76.05
76.05
76.05
76.07
76.07
76.07
76.07
76.06
76.07
76.08
76.07
76.07
76.08
76.09
76.09
76.08
76.06
76.06
76.06
76.06
76.06
76.05
76.05
76.04
76.05
76.06
76.05
76.06
76.06
76.05
76.06
76.06
76.06
76.05
76.04
76.04
76.04
76.05
76.05
76.05
76.06
76.07
76.07
76.06
76.08
76.07
76.07
76.06
76.06
76.05
76.05
76.07
76.05
76.07
76.08
76.08
76.07
76.08
76.07
76.08
76.07
76.07
76.06
76.08
76.08
76.09
76.11
76.11
76.13
76.12
76.12
76.11
76.13
76.13
76.13
76.13
76.11
76.12
76.12
76.11
76.11
76.12
76.11
76.10
76.11
76.12
76.09
76.08
76.07
76.07
76.06
76.06
76.06
76.06
76.06
76.07
76.07
76.08
76.07
76.09
76.08
76.08
76.08
76.07
76.07
76.07
76.04
76.02
76.02
76.03
76.02
76.03
76.03
76.03
76.04
76.04
76.04
76.04
76.04
76.03
76.04
76.04
76.04
76.04
76.04
76.02
76.02
76.03
76.03
76.05
76.05
76.07
76.05
76.06
76.06
76.07
76.06
76.05
76.05
76.05
76.04
76.04
76.05
76.04
76.03
76.04
76.03
76.02
76.03
76.03
76.03
76.03
76.02
76.03
76.04
76.03
76.04
76.03
76.01
76.00
76.00
76.01
76.01
76.01
76.00
76.00
76.00
76.00
76.01
76.01
76.00
75.99
75.99
75.98
75.96
75.98
75.99
75.98
75.98
75.98
75.97
75.98
75.98
75.99
75.99
75.98
75.98
75.97
75.98
75.98
75.99
75.97
75.96
75.96
75.96
75.97
75.96
75.95
75.94
75.94
75.93
75.94
75.94
75.94
75.93
75.94
75.94
75.93
75.93
75.93
75.93
75.92
75.92
75.91
75.91
75.91
75.92
75.91
75.90
75.92
75.93
75.94
75.93
75.93
75.93
75.95
75.93
75.93
75.94
75.94
75.94
75.94
75.95
75.95
75.95
75.96
75.95
75.95
75.95
75.95
75.96
75.95
75.95
75.94
75.94
75.94
75.94
75.93
75.92
75.94
75.94
75.96
75.96
75.96
75.97
75.97
75.98
75.97
75.98
75.99
75.98
75.98
75.97
75.97
75.98
75.97
75.98
75.98
75.96
75.98
75.97
75.97
75.97
75.97
75.99
76.00
76.00
76.01
76.01
76.01
76.00
75.99
75.99
76.01
76.00
76.00
76.01
76.01
76.01
76.00
76.00
76.01
76.01
76.00
75.99
75.98
75.97
75.96
75.96
75.95
75.95
75.94
75.94
75.94
75.92
75.93
75.93
75.93
75.93
75.94
75.94
75.94
75.93
75.92
75.92
75.91
75.91
75.92
75.91
75.91
75.90
75.90
75.90
75.90
75.92
75.92
75.92
75.92
75.92
75.93
75.92
75.92
75.93
75.93
75.94
75.94
75.94
75.95
75.96
75.97
75.97
75.97
75.97
75.98
75.98
75.99
76.01
76.00
75.93
