15.62
16.41
13.54
13.28
13.44
13.54
12.50
13.48
13.54
14.06
14.77
14.32
14.30
14.06
14.06
14.26
14.89
14.76
14.72
15.00
14.96
14.84
14.81
15.10
15.12
14.96
14.87
15.07
14.92
14.90
14.97
15.14
15.10
15.03
15.04
14.97
14.91
15.05
15.02
15.00
14.86
14.96
15.04
15.02
15.03
15.15
15.29
15.20
15.15
15.06
15.10
15.23
15.33
15.45
15.60
15.51
15.52
15.49
15.39
15.44
15.47
15.37
15.23
15.23
15.19
15.22
15.28
15.30
15.38
15.45
15.36
15.30
15.28
15.33
15.31
15.32
15.24
15.14
15.21
15.23
15.26
15.24
15.17
15.14
15.13
15.17
15.14
15.09
15.13
15.19
15.16
15.13
15.10
15.04
15.02
15.14
15.13
15.16
15.12
15.06
15.05
15.01
15.05
15.01
15.00
14.93
14.94
14.96
14.88
14.86
14.91
14.89
14.89
14.91
14.89
14.87
14.85
14.87
14.84
14.88
14.90
14.86
14.90
14.86
14.89
14.98
15.05
15.12
15.15
15.08
15.06
15.07
15.08
15.08
15.08
15.09
15.08
15.12
15.16
15.19
15.18
15.13
15.20
15.19
15.16
15.15
15.10
15.11
15.12
15.08
15.10
15.09
15.03
15.02
15.07
15.14
15.10
15.11
15.10
15.15
15.15
15.14
15.16
15.16
15.15
15.14
15.16
15.14
15.13
15.14
15.13
15.13
15.16
15.12
15.13
15.14
15.14
15.12
15.09
15.12
15.12
15.16
15.17
15.18
15.23
15.26
15.29
15.31
15.31
15.29
15.31
15.32
15.30
15.29
15.26
15.25
15.24
15.25
15.26
15.29
15.26
15.25
15.22
15.23
15.23
15.25
15.28
15.24
15.23
15.23
15.23
15.23
15.21
15.19
15.17
15.20
15.20
15.17
15.15
15.15
15.14
15.12
15.11
15.12
15.11
15.11
15.10
15.09
15.09
15.05
15.07
15.09
15.10
15.07
15.05
15.06
15.05
15.06
15.08
15.07
15.07
15.07
15.07
15.03
15.01
15.02
15.01
15.00
14.99
15.00
14.99
14.99
14.98
14.99
14.98
15.01
15.00
14.98
14.99
15.00
14.99
15.00
15.02
15.03
15.04
15.01
15.03
15.03
14.99
14.99
14.99
15.00
15.03
15.03
15.02
15.02
15.07
15.09
15.08
15.09
15.08
15.05
15.06
15.05
15.08
15.11
15.10
15.08
15.09
15.07
15.08
15.07
15.08
15.09
15.10
15.10
15.10
15.13
15.12
15.10
15.13
15.13
15.12
15.13
15.14
15.13
15.11
15.13
15.14
15.14
15.14
15.16
15.17
15.16
15.17
15.18
15.16
15.17
15.18
15.17
15.16
15.19
15.18
15.18
15.17
15.19
15.21
15.22
15.22
15.22
15.21
15.20
15.19
15.19
15.19
15.17
15.18
15.18
15.17
15.17
15.19
15.19
15.17
15.19
15.20
15.20
15.19
15.18
15.19
15.17
15.16
15.17
15.19
15.18
15.19
15.21
15.20
15.20
15.20
15.20
15.20
15.21
15.19
15.22
15.22
15.23
15.24
15.25
15.25
15.26
15.26
15.25
15.24
15.24
15.24
15.24
15.26
15.26
15.26
15.24
15.24
15.25
15.26
15.25
15.25
15.24
15.25
15.27
15.29
15.28
15.27
15.30
15.29
15.28
15.27
15.27
15.27
15.26
15.25
15.23
15.22
15.21
15.19
15.18
15.19
15.19
15.20
15.21
15.22
15.22
15.20
15.23
15.26
15.26
15.26
15.25
15.25
15.26
15.27
15.26
15.26
15.24
15.24
15.24
15.23
15.22
15.23
15.23
15.22
15.21
15.20
15.20
15.18
15.18
15.18
15.18
15.17
15.15
15.15
15.15
15.14
15.14
15.12
15.11
15.12
15.11
15.09
15.08
15.08
15.08
15.06
15.04
15.03
15.02
15.03
15.03
15.04
15.03
15.02
15.00
15.00
14.99
14.99
14.99
14.99
14.98
14.99
14.98
14.99
14.98
14.98
15.00
15.01
15.01
15.01
15.01
15.00
15.00
14.99
14.98
14.99
14.99
14.99
14.98
14.99
14.98
15.00
15.01
15.01
15.02
15.01
15.01
15.01
15.01
15.01
15.01
15.00
15.00
15.01
14.99
14.98
14.99
14.98
14.98
14.99
15.00
14.98
14.99
14.98
14.99
14.99
14.99
14.98
14.98
14.96
14.96
14.95
14.95
14.94
14.94
14.94
14.94
14.94
14.93
14.95
14.95
14.95
14.95
14.95
14.96
14.95
14.96
14.95
14.95
14.95
14.95
14.95
14.94
14.94
14.92
14.92
14.92
14.93
14.93
14.91
14.91
14.92
14.91
14.91
14.91
14.91
14.91
14.92
14.93
14.92
14.93
14.94
14.93
14.93
14.92
14.91
14.93
14.93
14.93
14.95
14.96
14.94
14.94
14.94
14.93
14.93
14.93
14.93
14.93
14.93
14.93
14.93
14.92
14.91
14.91
14.91
14.92
14.92
14.92
14.93
14.92
14.93
14.92
14.92
14.92
14.92
14.92
14.92
14.93
14.93
14.94
14.92
14.94
14.93
14.93
14.93
14.92
14.93
14.93
14.94
14.93
14.93
14.93
14.93
14.93
14.94
14.93
14.93
14.92
14.92
14.91
14.90
14.90
14.90
14.89
14.90
14.89
14.88
14.89
14.89
14.89
14.88
14.89
14.90
14.91
14.91
14.91
14.92
14.92
14.92
14.91
14.91
14.91
14.92
14.92
14.92
14.91
14.91
14.92
14.93
14.94
14.94
14.94
14.95
14.95
14.94
14.95
14.93
14.93
14.94
14.94
14.94
14.93
14.94
14.94
14.94
14.94
14.93
14.92
14.91
14.90
14.89
14.89
14.89
14.89
14.89
14.90
14.90
14.89
14.89
14.89
14.88
14.89
14.90
14.91
14.91
14.90
14.90
14.90
14.90
14.89
14.89
14.90
14.91
14.90
14.90
14.91
14.91
14.91
14.92
14.91
14.92
14.91
14.91
14.90
14.90
14.90
14.90
14.90
14.90
14.91
14.90
14.91
14.90
14.90
14.89
14.89
14.88
14.88
14.88
14.89
14.88
14.89
14.90
14.89
14.90
14.90
14.91
14.90
14.90
14.90
14.91
14.91
14.91
14.91
14.89
14.88
14.88
14.88
14.88
14.87
14.87
14.87
14.87
14.86
14.86
14.85
14.85
14.85
14.85
14.85
14.86
14.86
14.87
14.87
14.88
14.87
14.88
14.89
14.88
14.88
14.88
14.90
14.90
14.91
14.91
14.90
14.89
14.89
14.90
14.90
14.90
14.89
14.90
14.89
14.88
14.88
14.88
14.88
14.87
14.88
14.88
14.89
14.90
14.91
14.90
14.89
