78.12
73.44
73.96
75.00
76.25
75.78
76.34
76.37
75.69
75.78
76.28
75.39
74.52
74.55
74.69
74.90
74.91
74.57
74.84
75.39
75.67
75.78
75.75
75.91
75.94
76.26
76.56
76.84
76.83
77.08
77.02
76.81
76.52
76.61
76.47
76.48
76.39
76.40
76.56
76.45
76.41
76.60
76.85
76.88
76.81
76.70
76.73
76.73
76.79
76.78
76.75
76.74
76.74
76.74
76.82
76.70
76.51
76.56
76.62
76.54
76.69
76.66
76.66
76.83
76.88
76.87
76.82
76.88
76.83
76.81
76.80
76.71
76.67
76.54
76.56
76.50
76.48
76.44
76.48
76.56
76.49
76.43
76.30
76.23
76.31
76.25
76.20
76.31
76.19
76.28
76.29
76.26
76.24
76.31
76.37
76.37
76.40
76.47
76.50
76.45
76.47
76.53
76.46
76.38
76.38
76.27
76.27
76.14
76.18
76.12
76.18
76.31
76.33
76.22
76.24
76.29
76.32
76.30
76.30
76.35
76.34
76.33
76.38
76.37
76.41
76.45
76.46
76.50
76.50
76.54
76.46
76.47
76.50
76.54
76.57
76.55
76.53
76.57
76.60
76.58
76.56
76.63
76.64
76.64
76.63
76.59
76.61
76.62
76.61
76.68
76.66
76.72
76.63
76.63
76.61
76.65
76.64
76.70
76.69
76.70
76.67
76.66
76.69
76.71
76.70
76.72
76.72
76.74
76.78
76.75
76.71
76.74
76.68
76.71
76.62
76.61
76.66
76.63
76.62
76.59
76.56
76.58
76.61
76.61
76.60
76.53
76.50
76.50
76.46
76.46
76.45
76.48
76.50
76.48
76.49
76.49
76.51
76.49
76.48
76.45
76.49
76.43
76.43
76.37
76.40
76.40
76.39
76.40
76.43
76.45
76.45
76.49
76.50
76.48
76.47
76.46
76.47
76.47
76.44
76.40
76.41
76.42
76.39
76.39
76.33
76.30
76.33
76.30
76.30
76.28
76.26
76.27
76.27
76.26
76.24
76.24
76.24
76.27
76.29
76.32
76.31
76.32
76.35
76.35
76.35
76.33
76.34
76.34
76.36
76.37
76.39
76.38
76.35
76.37
76.38
76.37
76.34
76.32
76.32
76.30
76.31
76.31
76.31
76.31
76.33
76.35
76.34
76.34
76.35
76.34
76.33
76.31
76.31
76.31
76.32
76.31
76.35
76.33
76.34
76.33
76.33
76.31
76.31
76.33
76.34
76.35
76.36
76.37
76.36
76.39
76.36
76.36
76.34
76.35
76.33
76.33
76.31
76.31
76.30
76.31
76.31
76.30
76.28
76.31
76.30
76.30
76.29
76.27
76.26
76.27
76.28
76.27
76.28
76.25
76.25
76.26
76.27
76.29
76.30
76.29
76.28
76.27
76.29
76.29
76.26
76.26
76.24
76.25
76.23
76.22
76.21
76.20
76.22
76.22
76.25
76.27
76.29
76.27
76.28
76.28
76.27
76.26
76.24
76.28
76.28
76.26
76.26
76.28
76.28
76.25
76.24
76.23
76.20
76.23
76.24
76.25
76.24
76.24
76.26
76.26
76.24
76.23
76.25
76.25
76.25
76.24
76.23
76.23
76.21
76.24
76.26
76.26
76.26
76.26
76.24
76.24
76.24
76.21
76.21
76.23
76.20
76.19
76.22
76.20
76.19
76.19
76.22
76.21
76.19
76.18
76.17
76.18
76.17
76.17
76.16
76.15
76.15
76.14
76.14
76.13
76.14
76.15
76.16
76.18
76.19
76.18
76.17
76.16
76.16
76.17
76.15
76.14
76.14
76.13
76.15
76.13
76.14
76.14
76.14
76.15
76.15
76.16
76.15
76.14
76.17
76.16
76.17
76.18
76.19
76.17
76.19
76.20
76.21
76.19
76.18
76.19
76.20
76.19
76.17
76.20
76.20
76.19
76.19
76.21
76.21
76.21
76.20
76.21
76.21
76.22
76.24
76.26
76.25
76.25
76.26
76.24
76.24
76.23
76.24
76.23
76.23
76.23
76.25
76.26
76.27
76.27
76.27
76.28
76.30
76.31
76.31
76.29
76.27
76.28
76.25
76.24
76.24
76.25
76.25
76.25
76.25
76.24
76.24
76.23
76.22
76.22
76.22
76.20
76.18
76.14
76.15
76.13
76.13
76.11
76.10
76.11
76.12
76.12
76.12
76.12
76.14
76.15
76.14
76.13
76.14
76.15
76.16
76.16
76.16
76.16
76.16
76.16
76.18
76.17
76.18
76.17
76.17
76.18
76.18
76.18
76.18
76.18
76.16
76.15
76.14
76.15
76.15
76.15
76.15
76.18
76.17
76.18
76.19
76.19
76.20
76.18
76.18
76.18
76.17
76.16
76.17
76.16
76.15
76.15
76.15
76.15
76.14
76.14
76.15
76.15
76.17
76.16
76.16
76.16
76.16
76.15
76.16
76.16
76.15
76.14
76.14
76.14
76.14
76.13
76.14
76.16
76.15
76.13
76.13
76.12
76.14
76.14
76.13
76.13
76.12
76.13
76.13
76.12
76.13
76.14
76.15
76.15
76.15
76.15
76.14
76.15
76.15
76.13
76.14
76.14
76.14
76.12
76.12
76.10
76.09
76.09
76.11
76.11
76.11
76.13
76.12
76.13
76.12
76.11
76.11
76.10
76.10
76.11
76.09
76.09
76.09
76.09
76.08
76.08
76.08
76.09
76.10
76.10
76.10
76.08
76.08
76.08
76.08
76.09
76.07
76.08
76.09
76.09
76.09
76.09
76.10
76.11
76.12
76.13
76.13
76.14
76.11
76.11
76.12
76.13
76.13
76.13
76.13
76.13
76.11
76.12
76.13
76.12
76.12
76.12
76.12
76.11
76.12
76.12
76.12
76.11
76.10
76.10
76.10
76.09
76.09
76.10
76.09
76.10
76.09
76.09
76.09
76.09
76.09
76.09
76.09
76.09
76.08
76.08
76.09
76.10
76.09
76.09
76.09
76.08
76.08
76.10
76.10
76.10
76.11
76.08
76.08
76.07
76.06
76.06
76.07
76.06
76.06
76.06
76.07
76.07
76.09
76.07
76.07
76.08
76.08
76.09
76.09
76.09
76.10
76.10
76.10
76.09
76.09
76.10
76.11
76.10
76.10
76.10
76.10
76.10
76.10
76.08
76.09
76.07
76.08
76.06
76.07
76.07
76.07
76.07
76.08
76.09
76.08
76.07
76.06
76.05
76.05
76.06
76.07
76.06
76.04
76.04
76.03
76.02
76.02
76.02
76.01
76.01
76.00
76.00
76.00
76.00
76.01
76.01
76.02
76.02
76.02
76.03
76.03
76.03
76.03
76.02
76.04
76.05
76.05
76.04
76.03
76.03
76.03
76.03
76.03
76.03
76.03
76.02
76.02
76.02
76.01
76.01
76.00
76.00
76.00
76.00
76.00
76.00
76.00
75.93
