70.31
75.00
76.04
76.56
76.56
78.12
77.90
77.93
77.95
77.19
77.41
76.30
76.44
76.45
76.88
77.05
76.47
76.13
75.82
76.25
76.34
76.28
76.29
76.17
76.19
76.26
76.16
76.23
76.56
76.46
76.51
76.81
76.80
76.88
76.92
76.61
76.56
76.48
76.16
75.98
76.03
75.78
75.62
75.50
75.62
75.58
75.47
75.36
75.32
75.25
75.25
75.12
74.97
74.94
75.06
75.03
74.97
75.08
75.03
75.03
75.03
75.15
75.10
75.12
75.12
75.19
75.21
75.18
75.23
75.16
75.26
75.26
75.24
75.23
75.12
75.23
75.28
75.28
75.30
75.16
75.12
75.25
75.11
75.20
75.20
75.15
75.04
74.95
75.04
75.03
75.05
75.08
75.02
75.08
75.07
75.23
75.31
75.32
75.22
75.22
75.20
75.32
75.35
75.35
75.39
75.44
75.38
75.41
75.36
75.33
75.35
75.29
75.19
75.15
75.14
75.18
75.17
75.20
75.25
75.30
75.30
75.32
75.25
75.25
75.34
75.32
75.31
75.31
75.29
75.25
75.24
75.32
75.33
75.36
75.42
75.46
75.35
75.34
75.34
75.40
75.40
75.40
75.40
75.42
75.40
75.37
75.33
75.31
75.29
75.35
75.40
75.38
75.38
75.39
75.40
75.42
75.42
75.41
75.43
75.44
75.41
75.43
75.44
75.37
75.38
75.40
75.40
75.43
75.39
75.39
75.38
75.37
75.32
75.31
75.31
75.37
75.34
75.37
75.41
75.39
75.32
75.32
75.36
75.37
75.38
75.33
75.31
75.29
75.31
75.30
75.35
75.33
75.32
75.30
75.29
75.30
75.27
75.22
75.20
75.20
75.19
75.21
75.21
75.25
75.24
75.24
75.27
75.27
75.25
75.24
75.25
75.25
75.26
75.25
75.23
75.22
75.19
75.22
75.17
75.21
75.25
75.23
75.24
75.24
75.24
75.26
75.28
75.27
75.27
75.33
75.31
75.32
75.32
75.33
75.29
75.24
75.28
75.26
75.23
75.21
75.23
75.25
75.28
75.26
75.27
75.28
75.30
75.30
75.29
75.32
75.35
75.35
75.33
75.33
75.34
75.36
75.33
75.39
75.36
75.40
75.41
75.42
75.43
75.46
75.46
75.46
75.50
75.50
75.52
75.51
75.51
75.51
75.48
75.46
75.48
75.48
75.50
75.46
75.45
75.44
75.44
75.44
75.44
75.46
75.45
75.43
75.43
75.43
75.43
75.46
75.46
75.48
75.49
75.48
75.46
75.48
75.48
75.48
75.49
75.51
75.51
75.49
75.50
75.48
75.47
75.44
75.41
75.42
75.41
75.42
75.43
75.46
75.46
75.48
75.48
75.44
75.45
75.45
75.44
75.46
75.47
75.45
75.45
75.45
75.43
75.45
75.44
75.43
75.40
75.41
75.42
75.46
75.46
75.44
75.40
75.41
75.40
75.40
75.43
75.43
75.43
75.44
75.44
75.45
75.48
75.47
75.47
75.48
75.50
75.50
75.54
75.55
75.54
75.54
75.54
75.55
75.55
75.52
75.51
75.54
75.53
75.53
75.53
75.51
75.51
75.52
75.53
75.53
75.52
75.51
75.52
75.50
75.52
75.47
75.48
75.49
75.49
75.51
75.53
75.52
75.52
75.53
75.53
75.53
75.54
75.54
75.52
75.52
75.53
75.52
75.53
75.52
75.51
75.52
75.52
75.51
75.51
75.53
75.52
75.52
75.53
75.53
75.54
75.52
75.52
75.50
75.51
75.51
75.51
75.52
75.49
75.52
75.51
75.51
75.53
75.54
75.54
75.53
75.54
75.58
75.60
75.59
75.61
75.59
75.60
75.60
75.59
75.58
75.58
75.57
75.57
75.56
75.56
75.54
75.55
75.54
75.54
75.54
75.53
75.53
75.52
75.54
75.55
75.53
75.55
75.56
75.55
75.53
75.54
75.55
75.54
75.53
75.51
75.54
75.54
75.54
75.55
75.57
75.57
75.56
75.56
75.55
75.57
75.58
75.59
75.58
75.59
75.60
75.60
75.61
75.63
75.65
75.63
75.63
75.63
75.62
75.62
75.63
75.64
75.62
75.63
75.63
75.63
75.63
75.62
75.63
75.64
75.64
75.62
75.62
75.61
75.61
75.62
75.62
75.60
75.60
75.60
75.61
75.59
75.58
75.57
75.56
75.56
75.57
75.59
75.59
75.58
75.57
75.57
75.57
75.57
75.55
75.52
75.52
75.52
75.53
75.54
75.55
75.56
75.56
75.54
75.56
75.55
75.55
75.54
75.55
75.55
75.55
75.56
75.54
75.55
75.55
75.55
75.56
75.56
75.56
75.58
75.58
75.57
75.58
75.57
75.57
75.57
75.57
75.58
75.58
75.56
75.56
75.56
75.56
75.56
75.55
75.55
75.54
75.55
75.55
75.57
75.57
75.56
75.56
75.56
75.56
75.57
75.57
75.54
75.54
75.55
75.55
75.57
75.58
75.58
75.59
75.59
75.59
75.59
75.60
75.58
75.59
75.58
75.58
75.58
75.58
75.59
75.57
75.57
75.57
75.58
75.57
75.57
75.57
75.57
75.57
75.55
75.56
75.57
75.57
75.59
75.61
75.62
75.62
75.62
75.62
75.62
75.63
75.62
75.62
75.61
75.62
75.62
75.64
75.63
75.63
75.63
75.63
75.64
75.63
75.65
75.65
75.65
75.66
75.67
75.68
75.67
75.67
75.67
75.65
75.64
75.64
75.65
75.64
75.65
75.65
75.64
75.64
75.64
75.64
75.65
75.65
75.64
75.65
75.65
75.65
75.64
75.64
75.64
75.65
75.65
75.65
75.65
75.67
75.67
75.67
75.67
75.68
75.69
75.68
75.69
75.70
75.70
75.68
75.69
75.69
75.68
75.68
75.69
75.69
75.70
75.71
75.71
75.73
75.74
75.73
75.73
75.72
75.73
75.73
75.73
75.74
75.74
75.75
75.75
75.77
75.77
75.78
75.78
75.77
75.76
75.77
75.76
75.76
75.76
75.76
75.75
75.74
75.73
75.72
75.74
75.74
75.75
75.75
75.75
75.76
75.77
75.76
75.76
75.75
75.74
75.75
75.76
75.76
75.76
75.75
75.76
75.78
75.78
75.79
75.79
75.80
75.78
75.77
75.78
75.77
75.79
75.78
75.79
75.80
75.81
75.80
75.80
75.80
75.80
75.79
75.80
75.80
75.81
75.81
75.81
75.81
75.80
75.81
75.80
75.80
75.80
75.81
75.80
75.80
75.81
75.82
75.83
75.83
75.83
75.83
75.83
75.83
75.83
75.81
75.82
75.82
75.82
75.82
75.82
75.81
75.81
75.82
75.81
75.81
75.81
75.81
75.81
75.80
75.79
75.80
75.80
75.80
75.80
75.80
75.78
75.78
75.78
75.77
75.77
75.69
