76.56
75.00
76.56
75.00
75.62
75.52
75.67
76.17
76.91
76.41
75.99
76.56
76.44
76.45
76.88
76.86
77.02
77.26
77.14
77.11
77.08
77.20
76.97
77.15
77.06
76.74
76.68
77.01
76.67
76.20
76.36
76.12
76.28
76.19
75.89
76.00
76.06
76.11
76.08
76.05
75.91
75.78
75.84
75.71
75.69
75.75
75.76
75.62
75.77
75.75
75.70
75.84
75.91
75.93
75.97
75.81
75.77
75.86
75.98
76.04
76.00
75.98
76.14
76.10
76.13
76.14
76.07
76.13
76.11
76.16
76.10
76.13
76.07
76.25
76.23
76.34
76.22
76.28
76.33
76.39
76.41
76.37
76.32
76.25
76.23
76.27
76.35
76.38
76.35
76.42
76.43
76.38
76.36
76.30
76.30
76.24
76.32
76.40
76.47
76.45
76.38
76.35
76.35
76.31
76.37
76.34
76.26
76.36
76.36
76.42
76.41
76.45
76.48
76.40
76.43
76.39
76.40
76.40
76.47
76.50
76.47
76.51
76.50
76.65
76.61
76.60
76.64
76.62
76.68
76.62
76.61
76.59
76.60
76.54
76.60
76.51
76.56
76.52
76.47
76.46
76.43
76.43
76.42
76.43
76.40
76.36
76.34
76.36
76.39
76.40
76.38
76.41
76.47
76.48
76.48
76.51
76.51
76.47
76.51
76.55
76.56
76.60
76.61
76.65
76.57
76.55
76.53
76.50
76.51
76.43
76.52
76.50
76.49
76.47
76.46
76.46
76.50
76.47
76.43
76.46
76.46
76.46
76.46
76.47
76.48
76.45
76.49
76.48
76.44
76.41
76.43
76.42
76.36
76.35
76.35
76.40
76.40
76.37
76.40
76.38
76.38
76.35
76.30
76.31
76.31
76.31
76.31
76.33
76.32
76.35
76.33
76.34
76.35
76.32
76.34
76.35
76.35
76.38
76.36
76.38
76.41
76.35
76.39
76.40
76.40
76.42
76.39
76.39
76.42
76.45
76.45
76.41
76.42
76.44
76.50
76.51
76.53
76.54
76.52
76.51
76.52
76.50
76.53
76.54
76.52
76.52
76.51
76.51
76.56
76.56
76.56
76.54
76.50
76.48
76.48
76.50
76.50
76.49
76.49
76.50
76.47
76.46
76.46
76.45
76.45
76.44
76.44
76.43
76.42
76.42
76.42
76.44
76.42
76.41
76.38
76.39
76.39
76.39
76.42
76.42
76.43
76.40
76.41
76.41
76.43
76.43
76.48
76.45
76.44
76.44
76.44
76.41
76.40
76.39
76.39
76.43
76.43
76.44
76.40
76.41
76.41
76.42
76.38
76.38
76.39
76.41
76.39
76.41
76.39
76.40
76.39
76.40
76.38
76.39
76.40
76.37
76.38
76.36
76.37
76.37
76.37
76.37
76.38
76.39
76.40
76.41
76.41
76.40
76.39
76.42
76.41
76.41
76.42
76.41
76.42
76.43
76.43
76.41
76.41
76.39
76.37
76.39
76.38
76.38
76.39
76.38
76.40
76.40
76.41
76.38
76.40
76.42
76.42
76.42
76.43
76.42
76.45
76.44
76.43
76.41
76.43
76.45
76.47
76.44
76.43
76.43
76.42
76.41
76.40
76.40
76.40
76.40
76.41
76.39
76.41
76.43
76.43
76.42
76.42
76.42
76.41
76.41
76.39
76.40
76.39
76.38
76.41
76.42
76.41
76.42
76.42
76.42
76.41
76.38
76.38
76.39
76.38
76.38
76.38
76.40
76.42
76.42
76.42
76.43
76.44
76.44
76.46
76.46
76.46
76.46
76.46
76.47
76.48
76.47
76.47
76.48
76.48
76.45
76.46
76.45
76.45
76.47
76.48
76.50
76.51
76.51
76.51
76.52
76.52
76.50
76.49
76.50
76.50
76.52
76.53
76.53
76.52
76.51
76.52
76.51
76.48
76.49
76.48
76.50
76.48
76.48
76.50
76.49
76.50
76.51
76.50
76.49
76.48
76.49
76.47
76.48
76.49
76.49
76.49
76.49
76.49
76.48
76.49
76.49
76.49
76.49
76.49
76.50
76.48
76.48
76.50
76.51
76.51
76.49
76.49
76.49
76.49
76.50
76.51
76.50
76.52
76.53
76.54
76.53
76.54
76.55
76.55
76.55
76.55
76.56
76.55
76.52
76.51
76.51
76.51
76.49
76.47
76.48
76.48
76.46
76.48
76.48
76.48
76.48
76.48
76.49
76.47
76.47
76.49
76.48
76.46
76.46
76.45
76.44
76.44
76.44
76.44
76.43
76.43
76.42
76.42
76.42
76.44
76.44
76.43
76.43
76.44
76.42
76.40
76.40
76.39
76.37
76.38
76.36
76.36
76.36
76.37
76.36
76.36
76.36
76.33
76.33
76.34
76.34
76.34
76.34
76.36
76.36
76.35
76.35
76.35
76.34
76.33
76.34
76.34
76.33
76.31
76.30
76.30
76.30
76.30
76.28
76.29
76.28
76.28
76.29
76.29
76.28
76.28
76.28
76.27
76.27
76.26
76.26
76.26
76.26
76.25
76.25
76.26
76.26
76.25
76.25
76.24
76.23
76.22
76.23
76.22
76.23
76.24
76.22
76.22
76.22
76.24
76.24
76.23
76.23
76.23
76.23
76.24
76.24
76.24
76.23
76.24
76.23
76.23
76.25
76.24
76.24
76.22
76.21
76.21
76.22
76.21
76.21
76.20
76.20
76.20
76.20
76.19
76.20
76.20
76.20
76.21
76.21
76.18
76.17
76.17
76.17
76.16
76.17
76.18
76.17
76.17
76.16
76.15
76.16
76.14
76.15
76.14
76.14
76.14
76.15
76.16
76.16
76.15
76.15
76.14
76.15
76.16
76.16
76.16
76.16
76.14
76.14
76.15
76.14
76.16
76.15
76.16
76.17
76.18
76.18
76.17
76.16
76.15
76.15
76.15
76.15
76.14
76.14
76.13
76.13
76.15
76.16
76.16
76.16
76.15
76.17
76.17
76.17
76.18
76.18
76.18
76.18
76.18
76.18
76.17
76.16
76.15
76.15
76.16
76.16
76.15
76.15
76.16
76.16
76.16
76.16
76.15
76.15
76.15
76.14
76.15
76.14
76.14
76.14
76.13
76.13
76.13
76.13
76.13
76.12
76.12
76.13
76.13
76.12
76.11
76.12
76.12
76.13
76.13
76.13
76.13
76.13
76.14
76.14
76.15
76.14
76.15
76.15
76.15
76.15
76.14
76.15
76.14
76.13
76.14
76.15
76.15
76.15
76.15
76.15
76.14
76.13
76.12
76.12
76.12
76.11
76.11
76.10
76.10
76.10
76.10
76.11
76.12
76.11
76.11
76.11
76.11
76.11
76.11
76.13
76.12
76.12
76.13
76.12
76.12
76.13
76.13
76.13
76.14
76.15
76.15
76.15
76.14
76.14
76.14
76.13
76.13
76.14
76.13
76.05
