67.19
67.97
70.83
68.75
72.50
73.96
74.11
75.00
74.65
75.00
74.86
75.39
74.88
74.67
74.27
74.61
74.45
74.22
74.18
74.38
74.40
74.29
74.25
74.35
74.94
74.82
74.54
74.61
74.35
74.27
74.55
74.80
75.00
74.82
74.87
74.70
74.70
74.47
74.48
74.57
74.43
74.48
74.49
74.54
74.55
74.56
74.63
74.74
74.78
74.81
74.82
74.79
74.79
74.77
74.72
74.72
74.75
74.81
74.92
75.05
75.13
75.25
75.35
75.34
75.36
75.52
75.47
75.53
75.63
75.56
75.48
75.48
75.51
75.42
75.54
75.49
75.55
75.58
75.65
75.74
75.69
75.65
75.56
75.50
75.53
75.58
75.50
75.51
75.44
75.52
75.57
75.61
75.57
75.57
75.54
75.54
75.56
75.53
75.57
75.55
75.56
75.57
75.62
75.57
75.61
75.71
75.66
75.72
75.66
75.75
75.73
75.66
75.54
75.52
75.57
75.61
75.63
75.57
75.51
75.56
75.59
75.54
75.55
75.52
75.61
75.53
75.54
75.54
75.48
75.52
75.48
75.56
75.65
75.65
75.62
75.69
75.65
75.68
75.72
75.69
75.75
75.78
75.72
75.75
75.77
75.75
75.72
75.68
75.64
75.63
75.57
75.60
75.59
75.56
75.52
75.50
75.48
75.50
75.42
75.36
75.39
75.37
75.38
75.36
75.38
75.41
75.43
75.40
75.37
75.40
75.36
75.32
75.29
75.31
75.29
75.28
75.28
75.27
75.24
75.23
75.26
75.21
75.20
75.24
75.24
75.20
75.23
75.18
75.21
75.16
75.17
75.20
75.15
75.10
75.11
75.11
75.12
75.14
75.16
75.16
75.15
75.18
75.18
75.20
75.19
75.24
75.20
75.21
75.18
75.16
75.14
75.15
75.18
75.19
75.23
75.23
75.24
75.21
75.20
75.22
75.24
75.27
75.29
75.27
75.28
75.32
75.30
75.28
75.29
75.24
75.24
75.22
75.21
75.23
75.25
75.28
75.25
75.26
75.29
75.29
75.32
75.31
75.28
75.27
75.27
75.30
75.30
75.32
75.31
75.31
75.26
75.29
75.30
75.32
75.32
75.35
75.36
75.35
75.32
75.32
75.35
75.37
75.35
75.36
75.37
75.37
75.38
75.40
75.39
75.37
75.36
75.36
75.36
75.35
75.36
75.36
75.36
75.35
75.37
75.35
75.33
75.33
75.34
75.33
75.33
75.31
75.29
75.27
75.25
75.26
75.25
75.22
75.22
75.19
75.17
75.20
75.19
75.20
75.21
75.24
75.25
75.24
75.20
75.22
75.23
75.23
75.23
75.22
75.22
75.24
75.25
75.23
75.22
75.24
75.26
75.29
75.30
75.29
75.30
75.29
75.28
75.26
75.24
75.27
75.27
75.26
75.27
75.27
75.28
75.27
75.29
75.29
75.29
75.29
75.27
75.25
75.23
75.23
75.24
75.25
75.26
75.28
75.28
75.27
75.29
75.28
75.29
75.27
75.28
75.29
75.31
75.32
75.35
75.35
75.35
75.33
75.31
75.31
75.30
75.29
75.31
75.32
75.33
75.31
75.31
75.32
75.34
75.35
75.35
75.36
75.36
75.37
75.36
75.34
75.35
75.31
75.32
75.34
75.32
75.31
75.29
75.31
75.31
75.29
75.29
75.29
75.31
75.31
75.33
75.34
75.34
75.32
75.31
75.30
75.30
75.30
75.30
75.29
75.29
75.32
75.32
75.33
75.33
75.34
75.34
75.32
75.31
75.33
75.36
75.36
75.33
75.32
75.28
75.26
75.27
75.29
75.29
75.29
75.27
75.27
75.26
75.26
75.27
75.27
75.29
75.28
75.27
75.28
75.30
75.29
75.29
75.31
75.29
75.28
75.28
75.27
75.28
75.28
75.30
75.31
75.32
75.31
75.29
75.29
75.30
75.30
75.30
75.29
75.30
75.29
75.27
75.27
75.28
75.31
75.30
75.29
75.30
75.30
75.31
75.32
75.33
75.35
75.36
75.37
75.38
75.38
75.39
75.39
75.38
75.39
75.39
75.39
75.39
75.41
75.42
75.43
75.43
75.43
75.42
75.42
75.41
75.41
75.42
75.41
75.41
75.42
75.41
75.42
75.42
75.41
75.41
75.43
75.42
75.41
75.41
75.40
75.41
75.38
75.37
75.37
75.37
75.37
75.38
75.38
75.39
75.39
75.39
75.38
75.40
75.40
75.39
75.40
75.41
75.38
75.38
75.40
75.40
75.42
75.42
75.41
75.42
75.43
75.45
75.45
75.46
75.47
75.48
75.48
75.47
75.48
75.48
75.47
75.48
75.47
75.48
75.47
75.49
75.47
75.47
75.46
75.46
75.47
75.47
75.48
75.47
75.47
75.47
75.48
75.48
75.47
75.46
75.46
75.46
75.47
75.48
75.47
75.48
75.49
75.48
75.48
75.49
75.48
75.48
75.50
75.51
75.52
75.52
75.51
75.49
75.50
75.51
75.50
75.48
75.48
75.49
75.48
75.48
75.49
75.48
75.48
75.48
75.48
75.47
75.48
75.47
75.47
75.47
75.44
75.44
75.43
75.42
75.41
75.41
75.42
75.42
75.43
75.43
75.44
75.43
75.43
75.44
75.45
75.46
75.46
75.46
75.46
75.47
75.48
75.48
75.46
75.46
75.45
75.45
75.44
75.45
75.45
75.45
75.46
75.47
75.47
75.46
75.45
75.47
75.47
75.48
75.47
75.47
75.47
75.48
75.49
75.48
75.47
75.47
75.47
75.49
75.49
75.49
75.49
75.48
75.48
75.48
75.47
75.46
75.46
75.47
75.48
75.47
75.46
75.46
75.46
75.48
75.50
75.49
75.48
75.47
75.48
75.46
75.47
75.46
75.46
75.46
75.46
75.46
75.46
75.45
75.44
75.44
75.44
75.44
75.44
75.44
75.43
75.44
75.43
75.43
75.42
75.41
75.40
75.40
75.41
75.41
75.41
75.40
75.41
75.40
75.40
75.39
75.39
75.40
75.40
75.40
75.40
75.39
75.41
75.42
75.43
75.42
75.41
75.40
75.41
75.41
75.41
75.40
75.41
75.42
75.42
75.44
75.43
75.43
75.43
75.42
75.42
75.42
75.42
75.43
75.43
75.44
75.45
75.45
75.45
75.44
75.44
75.43
75.44
75.45
75.45
75.45
75.46
75.45
75.46
75.46
75.47
75.46
75.46
75.47
75.47
75.47
75.48
75.48
75.48
75.48
75.48
75.49
75.49
75.49
75.49
75.50
75.50
75.50
75.51
75.51
75.50
75.49
75.49
75.49
75.50
75.51
75.50
75.49
75.49
75.49
75.50
75.50
75.52
75.51
75.51
75.52
75.52
75.51
75.51
75.49
75.49
75.50
75.51
75.52
75.51
75.50
75.51
75.49
75.50
75.51
75.44
