82.81
78.91
77.60
77.73
75.62
77.08
78.35
77.93
77.26
77.34
77.70
77.86
78.12
77.34
77.60
77.64
77.94
78.04
77.55
77.11
77.08
76.63
76.63
76.82
76.62
76.20
76.39
76.45
76.24
76.25
76.21
76.12
76.37
76.47
76.29
76.30
76.18
76.23
76.12
76.33
76.26
76.26
76.34
76.42
76.18
76.26
76.30
76.17
76.05
75.94
75.98
75.99
75.83
75.55
75.43
75.39
75.49
75.38
75.34
75.36
75.36
75.38
75.27
75.17
75.36
75.43
75.49
75.41
75.43
75.31
75.37
75.35
75.41
75.49
75.48
75.53
75.59
75.62
75.67
75.55
75.52
75.50
75.56
75.61
75.51
75.55
75.68
75.71
75.63
75.54
75.53
75.53
75.59
75.62
75.61
75.62
75.63
75.65
75.76
75.77
75.80
75.81
75.82
75.78
75.77
75.84
75.83
75.81
75.72
75.68
75.69
75.73
75.69
75.69
75.69
75.66
75.71
75.77
75.81
75.89
75.87
75.86
75.89
75.88
75.85
75.84
75.87
75.85
75.84
75.82
75.76
75.76
75.76
75.73
75.71
75.77
75.80
75.83
75.85
75.86
75.88
75.92
75.89
75.82
75.92
75.83
75.81
75.82
75.84
75.93
75.89
75.86
75.88
75.87
75.80
75.77
75.77
75.77
75.76
75.67
75.68
75.74
75.66
75.70
75.72
75.68
75.64
75.61
75.60
75.62
75.57
75.55
75.56
75.57
75.59
75.59
75.65
75.68
75.64
75.58
75.60
75.62
75.62
75.62
75.61
75.60
75.58
75.57
75.57
75.58
75.62
75.59
75.53
75.58
75.59
75.57
75.55
75.51
75.57
75.58
75.61
75.60
75.58
75.59
75.56
75.56
75.58
75.62
75.61
75.59
75.57
75.60
75.59
75.64
75.65
75.70
75.70
75.73
75.73
75.75
75.76
75.75
75.74
75.77
75.76
75.79
75.85
75.84
75.87
75.86
75.87
75.89
75.86
75.87
75.86
75.86
75.83
75.85
75.84
75.87
75.86
75.87
75.84
75.84
75.85
75.86
75.89
75.87
75.89
75.91
75.91
75.91
75.93
75.94
75.91
75.93
75.92
75.93
75.97
75.97
75.98
75.98
76.00
75.97
75.95
75.98
75.95
75.92
75.94
75.92
75.88
75.90
75.90
75.88
75.88
75.88
75.90
75.88
75.86
75.83
75.86
75.90
75.92
75.94
75.92
75.91
75.89
75.88
75.90
75.89
75.92
75.92
75.96
75.95
75.94
75.94
75.92
75.91
75.91
75.90
75.92
75.91
75.92
75.91
75.91
75.90
75.92
75.90
75.92
75.90
75.90
75.91
75.93
75.91
75.88
75.89
75.88
75.90
75.89
75.89
75.88
75.90
75.93
75.95
75.95
75.95
75.96
75.94
75.97
75.99
76.01
76.00
76.01
76.01
76.00
76.00
76.00
75.99
76.00
76.00
75.99
76.01
75.98
75.99
76.00
75.99
75.96
75.97
75.98
75.99
75.99
75.99
75.99
76.00
75.99
75.99
75.99
75.99
75.94
75.95
75.94
75.94
75.96
75.94
75.95
75.95
75.97
75.96
75.97
75.93
75.95
75.95
75.96
75.96
75.95
75.94
75.97
75.97
75.96
75.98
75.99
76.00
75.99
76.01
75.99
76.00
75.99
76.00
76.00
76.02
76.01
75.99
75.99
75.99
75.97
75.96
75.97
75.98
75.96
75.96
75.95
75.95
75.94
75.95
75.96
75.96
75.95
75.96
75.96
75.97
75.97
75.97
76.00
76.00
76.01
76.00
75.99
76.01
76.02
76.03
76.03
76.04
76.05
76.04
76.03
76.05
76.06
76.06
76.05
76.04
76.05
76.03
76.05
76.06
76.06
76.05
76.04
76.06
76.07
76.04
76.06
76.06
76.07
76.07
76.08
76.07
76.06
76.07
76.07
76.07
76.10
76.08
76.08
76.08
76.07
76.07
76.08
76.07
76.05
76.05
76.05
76.05
76.01
76.01
76.02
76.03
76.04
76.04
76.03
76.01
76.01
76.01
76.02
75.99
75.99
75.98
75.98
75.96
75.94
75.93
75.91
75.91
75.92
75.92
75.91
75.89
75.89
75.90
75.88
75.88
75.87
75.89
75.90
75.92
75.92
75.93
75.94
75.94
75.95
75.94
75.94
75.93
75.94
75.93
75.93
75.93
75.92
75.92
75.93
75.92
75.93
75.92
75.90
75.92
75.92
75.92
75.91
75.90
75.89
75.89
75.89
75.89
75.89
75.88
75.89
75.88
75.88
75.90
75.89
75.89
75.88
75.88
75.90
75.90
75.89
75.88
75.89
75.88
75.88
75.89
75.90
75.89
75.88
75.87
75.87
75.86
75.88
75.90
75.89
75.87
75.88
75.86
75.87
75.87
75.88
75.88
75.88
75.87
75.85
75.85
75.86
75.87
75.87
75.88
75.86
75.86
75.85
75.87
75.85
75.85
75.86
75.84
75.85
75.85
75.86
75.86
75.87
75.87
75.87
75.85
75.86
75.87
75.87
75.88
75.88
75.88
75.87
75.88
75.89
75.88
75.89
75.89
75.89
75.90
75.91
75.92
75.92
75.93
75.93
75.94
75.93
75.92
75.92
75.93
75.92
75.93
75.92
75.93
75.93
75.92
75.92
75.91
75.90
75.89
75.87
75.87
75.86
75.87
75.88
75.87
75.88
75.89
75.89
75.92
75.92
75.91
75.93
75.93
75.94
75.95
75.97
75.97
75.97
75.97
75.97
75.96
75.94
75.95
75.95
75.95
75.95
75.94
75.94
75.93
75.93
75.94
75.93
75.92
75.92
75.93
75.95
75.94
75.95
75.95
75.95
75.97
75.97
75.97
75.98
75.98
75.97
75.97
75.97
75.97
75.98
75.97
75.97
75.96
75.96
75.96
75.98
75.97
75.96
75.98
75.97
75.96
75.97
75.97
75.96
75.96
75.95
75.95
75.94
75.94
75.94
75.95
75.96
75.97
75.97
75.98
75.98
75.99
76.00
76.00
76.02
76.02
76.02
76.03
76.03
76.02
76.02
76.02
76.02
76.01
76.01
76.01
76.00
75.99
75.99
75.98
75.99
75.99
75.98
75.97
75.99
75.99
75.98
75.99
75.95
75.97
75.98
75.98
76.00
76.01
76.01
76.01
76.01
76.02
76.02
76.03
76.03
76.03
76.01
76.01
76.01
76.01
76.02
76.01
76.00
76.01
76.00
76.00
76.00
76.00
75.99
76.00
75.99
75.99
75.98
75.97
75.98
75.97
75.97
75.97
75.96
75.95
75.94
75.95
75.94
75.94
75.93
75.93
75.92
75.93
75.93
75.93
75.93
75.92
75.91
75.92
75.92
75.91
75.90
75.91
75.91
75.89
75.90
75.90
75.89
75.90
75.91
75.83
