84.38
78.91
78.12
77.73
76.25
76.04
75.45
76.37
76.56
76.56
76.70
76.56
75.96
75.67
75.42
75.10
74.72
74.65
74.42
74.53
74.85
74.86
74.59
74.80
75.06
74.58
74.88
75.00
75.16
75.00
75.50
75.44
75.19
75.14
75.13
75.35
75.30
75.37
75.36
75.12
75.00
74.85
74.82
74.75
74.93
74.90
75.07
74.97
74.78
74.81
74.94
75.03
75.15
75.20
75.23
75.25
75.27
75.30
75.42
75.44
75.59
75.58
75.64
75.76
75.82
75.83
75.86
75.92
75.93
75.89
76.01
75.98
76.07
75.93
75.96
76.03
76.08
76.00
76.05
76.00
76.08
75.93
75.98
75.91
75.90
75.89
76.02
76.03
76.04
75.99
76.01
76.10
76.11
76.06
76.15
76.17
76.19
76.21
76.15
76.16
76.16
76.21
76.17
76.23
76.29
76.36
76.27
76.30
76.28
76.26
76.17
76.24
76.27
76.27
76.25
76.20
76.18
76.10
76.08
75.98
76.05
76.00
75.98
76.00
76.01
76.04
76.07
76.10
76.01
76.01
76.00
75.99
75.94
75.92
75.90
75.87
75.81
75.72
75.75
75.80
75.85
75.86
75.90
75.93
75.93
75.96
75.95
75.94
76.00
75.99
75.97
75.94
75.92
75.95
75.91
75.85
75.85
75.83
75.86
75.82
75.85
75.81
75.83
75.91
75.94
75.98
75.95
75.89
75.86
75.85
75.88
75.83
75.82
75.83
75.82
75.81
75.79
75.84
75.86
75.89
75.88
75.92
75.93
75.95
75.94
75.93
76.00
76.02
76.01
76.04
75.97
75.98
75.96
75.99
75.97
75.93
75.96
75.95
75.93
75.95
75.94
75.97
75.99
76.03
76.04
75.99
75.97
75.96
75.96
75.96
75.98
75.98
75.95
75.92
75.89
75.88
75.94
75.92
75.91
75.91
75.88
75.89
75.93
75.92
75.91
75.89
75.86
75.82
75.82
75.82
75.78
75.79
75.77
75.78
75.79
75.81
75.84
75.89
75.90
75.92
75.95
75.95
75.94
75.93
75.96
75.93
75.91
75.87
75.86
75.83
75.86
75.89
75.87
75.86
75.85
75.84
75.83
75.84
75.81
75.80
75.78
75.81
75.80
75.82
75.83
75.85
75.87
75.87
75.86
75.84
75.83
75.83
75.85
75.88
75.87
75.84
75.82
75.84
75.86
75.85
75.83
75.84
75.83
75.83
75.83
75.81
75.84
75.87
75.87
75.88
75.91
75.92
75.93
75.97
75.98
75.98
75.95
75.93
75.96
75.98
76.01
76.00
76.02
76.02
76.03
76.04
76.03
76.05
76.05
76.04
76.07
76.07
76.07
76.05
76.03
76.02
76.03
76.03
76.03
76.04
76.05
76.06
76.06
76.07
76.04
76.04
76.04
76.04
76.04
76.06
76.10
76.08
76.07
76.07
76.07
76.05
76.04
76.05
76.05
76.05
76.05
76.05
76.06
76.06
76.06
76.07
76.08
76.06
76.09
76.11
76.11
76.09
76.06
76.06
76.07
76.07
76.09
76.09
76.08
76.09
76.06
76.05
76.05
76.05
76.07
76.03
76.03
76.03
76.03
76.04
76.02
76.05
76.03
76.03
76.03
76.03
76.03
76.03
76.03
76.03
76.04
76.05
76.06
76.03
76.01
75.99
76.00
76.00
76.00
76.00
76.00
76.02
76.04
76.05
76.07
76.07
76.09
76.08
76.06
76.06
76.07
76.07
76.06
76.04
76.03
76.02
76.02
76.02
76.04
76.05
76.06
76.06
76.05
76.04
76.02
76.05
76.02
76.03
76.03
76.03
76.04
76.05
76.04
76.03
76.04
76.05
76.06
76.06
76.04
76.05
76.05
76.06
76.06
76.08
76.07
76.09
76.06
76.07
76.06
76.06
76.05
76.03
76.03
76.03
76.04
76.02
75.99
75.97
75.97
76.00
76.00
75.97
75.98
75.96
75.96
75.98
76.00
75.99
75.98
75.99
76.00
76.00
76.01
76.02
76.02
76.03
76.05
76.04
76.04
76.02
76.02
76.02
76.03
76.01
76.01
76.00
76.00
76.02
76.01
75.99
75.97
75.97
75.97
75.98
75.96
75.97
75.97
75.95
75.97
75.97
75.97
75.97
75.97
75.97
75.96
75.96
75.97
75.97
75.99
75.99
75.99
75.99
75.98
75.97
75.98
75.98
75.97
75.95
75.95
75.93
75.91
75.90
75.89
75.89
75.89
75.88
75.89
75.88
75.87
75.87
75.85
75.84
75.83
75.83
75.82
75.83
75.86
75.86
75.84
75.84
75.86
75.86
75.86
75.87
75.87
75.86
75.86
75.85
75.86
75.87
75.88
75.87
75.88
75.88
75.88
75.89
75.88
75.88
75.88
75.88
75.87
75.88
75.89
75.90
75.91
75.90
75.93
75.94
75.96
75.97
75.97
75.96
75.96
75.95
75.95
75.94
75.94
75.96
75.97
75.97
75.97
75.97
75.98
75.98
75.98
76.00
75.99
75.99
75.99
75.99
76.00
76.00
76.01
76.01
76.01
76.02
76.02
76.01
76.02
76.00
75.99
75.99
76.00
76.00
76.00
76.01
76.03
76.02
76.01
76.02
76.02
76.03
76.02
76.03
76.03
76.03
76.04
76.03
76.03
76.04
76.04
76.04
76.06
76.06
76.06
76.06
76.07
76.07
76.07
76.08
76.07
76.08
76.08
76.08
76.07
76.08
76.09
76.10
76.11
76.10
76.11
76.11
76.09
76.10
76.11
76.12
76.12
76.12
76.12
76.13
76.13
76.14
76.14
76.15
76.14
76.14
76.14
76.14
76.14
76.14
76.14
76.15
76.16
76.13
76.14
76.14
76.13
76.13
76.12
76.11
76.13
76.13
76.13
76.12
76.13
76.13
76.14
76.13
76.14
76.15
76.14
76.15
76.15
76.15
76.16
76.15
76.17
76.16
76.16
76.15
76.14
76.14
76.14
76.14
76.14
76.16
76.16
76.15
76.15
76.16
76.16
76.14
76.15
76.15
76.15
76.15
76.14
76.14
76.13
76.12
76.12
76.12
76.13
76.14
76.15
76.15
76.14
76.13
76.13
76.15
76.15
76.15
76.14
76.13
76.13
76.13
76.12
76.12
76.12
76.13
76.14
76.14
76.14
76.15
76.15
76.14
76.12
76.13
76.12
76.12
76.11
76.11
76.11
76.11
76.11
76.10
76.10
76.08
76.07
76.08
76.07
76.07
76.06
76.05
76.05
76.06
76.06
76.04
76.05
76.05
76.06
76.05
76.06
76.06
76.05
76.04
76.04
76.04
76.04
76.05
76.05
76.05
76.04
76.04
76.05
76.05
76.05
76.06
76.06
76.05
76.04
76.04
76.04
76.04
76.04
76.03
76.02
76.03
76.03
76.03
76.03
75.96
