81.25
76.56
77.60
78.12
78.12
78.12
78.35
77.73
76.74
75.78
75.85
75.78
75.36
75.45
75.21
75.59
75.74
75.69
75.82
75.78
75.52
75.36
75.20
75.33
75.56
75.90
75.87
76.00
75.92
75.73
75.50
75.63
75.52
75.64
75.58
75.35
75.25
75.45
75.20
75.35
75.34
75.15
75.25
75.46
75.59
75.54
75.63
75.59
75.61
75.66
75.77
75.84
75.77
75.95
75.91
75.89
75.77
75.92
75.85
75.78
75.92
76.03
75.89
75.83
75.79
75.88
75.86
75.85
75.91
75.98
75.99
75.89
75.90
75.93
76.02
76.05
76.03
76.02
76.05
75.88
75.91
75.90
75.85
75.84
75.81
75.85
76.01
75.91
75.83
75.92
75.82
75.88
75.84
75.85
75.81
75.86
75.84
75.85
75.92
75.91
75.91
76.00
76.02
76.10
76.03
76.02
76.02
76.06
76.02
75.92
75.97
75.89
75.93
75.95
75.99
75.94
75.89
75.90
75.88
75.77
75.83
75.79
75.85
75.87
75.92
75.88
75.92
75.89
75.85
75.83
75.87
75.89
75.94
75.93
75.86
75.88
75.88
75.89
75.87
75.81
75.75
75.74
75.74
75.77
75.78
75.87
75.85
75.93
75.91
75.93
75.97
76.05
76.03
75.98
76.04
76.02
76.03
76.06
75.99
75.96
75.92
75.91
75.89
75.92
75.91
75.85
75.82
75.84
75.86
75.86
75.87
75.87
75.89
75.94
75.96
75.99
76.00
75.96
75.98
75.99
76.02
76.03
76.02
76.05
76.01
75.98
75.96
75.97
75.96
76.00
76.04
76.06
76.10
76.10
76.11
76.12
76.12
76.07
76.01
76.02
76.01
75.97
75.96
76.00
76.01
75.99
75.96
75.96
75.96
76.02
76.03
75.98
75.95
76.01
76.04
76.00
75.99
75.97
76.01
76.02
75.99
76.00
75.97
75.96
75.95
75.93
75.92
75.93
75.87
75.89
75.88
75.89
75.90
75.90
75.87
75.88
75.88
75.85
75.90
75.88
75.88
75.86
75.87
75.89
75.92
75.97
75.96
75.99
75.99
76.03
76.02
76.05
76.07
76.06
76.04
76.06
76.08
76.11
76.09
76.08
76.13
76.14
76.15
76.12
76.14
76.15
76.16
76.14
76.14
76.15
76.18
76.20
76.24
76.21
76.19
76.16
76.16
76.14
76.12
76.12
76.10
76.08
76.11
76.10
76.09
76.09
76.09
76.09
76.08
76.07
76.09
76.10
76.10
76.11
76.09
76.12
76.11
76.13
76.11
76.09
76.08
76.11
76.15
76.15
76.14
76.17
76.19
76.17
76.17
76.19
76.21
76.20
76.17
76.17
76.17
76.17
76.15
76.16
76.19
76.19
76.20
76.19
76.18
76.17
76.19
76.16
76.16
76.14
76.16
76.17
76.18
76.19
76.19
76.17
76.17
76.17
76.18
76.22
76.20
76.20
76.21
76.19
76.18
76.16
76.16
76.14
76.13
76.14
76.16
76.17
76.17
76.17
76.14
76.14
76.18
76.15
76.14
76.15
76.15
76.15
76.17
76.16
76.17
76.17
76.18
76.18
76.20
76.20
76.19
76.17
76.17
76.17
76.20
76.17
76.17
76.16
76.16
76.13
76.13
76.14
76.14
76.15
76.13
76.11
76.11
76.11
76.11
76.10
76.11
76.09
76.11
76.08
76.07
76.09
76.08
76.08
76.08
76.07
76.07
76.07
76.09
76.09
76.08
76.08
76.08
76.08
76.08
76.08
76.10
76.11
76.10
76.12
76.10
76.09
76.11
76.12
76.11
76.10
76.10
76.10
76.08
76.06
76.06
76.07
76.08
76.06
76.05
76.06
76.07
76.07
76.08
76.10
76.08
76.07
76.08
76.08
76.08
76.07
76.07
76.08
76.08
76.10
76.11
76.11
76.13
76.13
76.12
76.11
76.11
76.11
76.13
76.15
76.15
76.15
76.15
76.17
76.17
76.18
76.17
76.16
76.17
76.17
76.16
76.16
76.15
76.15
76.14
76.14
76.13
76.13
76.12
76.13
76.12
76.14
76.15
76.14
76.13
76.13
76.15
76.14
76.15
76.15
76.14
76.15
76.17
76.18
76.17
76.17
76.16
76.15
76.14
76.14
76.13
76.15
76.16
76.17
76.17
76.17
76.18
76.18
76.18
76.19
76.20
76.21
76.22
76.21
76.20
76.20
76.20
76.19
76.19
76.19
76.19
76.19
76.20
76.20
76.20
76.20
76.21
76.21
76.23
76.24
76.24
76.23
76.24
76.24
76.24
76.23
76.23
76.23
76.23
76.22
76.20
76.21
76.22
76.23
76.23
76.25
76.26
76.26
76.25
76.23
76.24
76.21
76.21
76.22
76.22
76.21
76.22
76.21
76.21
76.22
76.22
76.22
76.22
76.21
76.20
76.18
76.20
76.19
76.20
76.18
76.19
76.19
76.19
76.19
76.19
76.17
76.17
76.18
76.17
76.17
76.19
76.20
76.20
76.20
76.22
76.23
76.22
76.21
76.22
76.21
76.20
76.21
76.21
76.19
76.18
76.17
76.16
76.16
76.17
76.19
76.20
76.19
76.18
76.18
76.18
76.18
76.17
76.18
76.18
76.18
76.18
76.20
76.18
76.18
76.19
76.19
76.19
76.19
76.18
76.18
76.18
76.18
76.19
76.19
76.20
76.20
76.17
76.18
76.20
76.20
76.19
76.19
76.19
76.20
76.19
76.20
76.20
76.23
76.24
76.25
76.25
76.24
76.25
76.26
76.25
76.26
76.25
76.23
76.24
76.23
76.23
76.23
76.24
76.25
76.25
76.25
76.26
76.25
76.25
76.26
76.25
76.25
76.25
76.24
76.23
76.24
76.23
76.23
76.23
76.23
76.22
76.23
76.23
76.23
76.23
76.24
76.25
76.24
76.24
76.24
76.24
76.24
76.24
76.25
76.26
76.28
76.29
76.29
76.28
76.28
76.28
76.27
76.28
76.27
76.27
76.27
76.26
76.27
76.28
76.28
76.28
76.28
76.27
76.27
76.28
76.27
76.27
76.26
76.26
76.26
76.26
76.27
76.26
76.26
76.27
76.26
76.27
76.27
76.26
76.26
76.27
76.27
76.25
76.26
76.27
76.27
76.28
76.28
76.29
76.30
76.30
76.30
76.30
76.30
76.28
76.28
76.28
76.28
76.28
76.27
76.26
76.26
76.25
76.25
76.25
76.25
76.23
76.22
76.22
76.22
76.23
76.24
76.24
76.24
76.24
76.23
76.23
76.24
76.24
76.23
76.24
76.24
76.24
76.24
76.22
76.22
76.22
76.21
76.20
76.19
76.20
76.18
76.18
76.18
76.19
76.19
76.20
76.20
76.19
76.20
76.20
76.20
76.19
76.20
76.20
76.20
76.18
76.17
76.17
76.10
