64.06
70.31
75.00
74.22
73.12
72.92
72.10
73.44
72.57
71.41
70.60
71.09
70.79
70.54
70.42
69.92
69.30
69.44
69.49
69.38
69.35
69.39
69.23
69.34
69.00
69.05
68.81
68.97
68.80
68.65
68.45
68.65
68.99
69.03
69.20
69.10
68.96
68.96
68.87
68.87
68.90
68.94
69.08
69.25
69.31
69.43
69.38
69.53
69.45
69.44
69.49
69.32
69.46
69.42
69.49
69.67
69.76
69.88
69.92
69.97
69.75
69.73
69.57
69.38
69.33
69.29
69.17
69.12
69.18
69.15
69.26
69.27
69.22
69.19
69.25
69.43
69.48
69.55
69.52
69.45
69.56
69.46
69.37
69.33
69.26
69.28
69.29
69.21
69.22
69.29
69.09
69.04
68.93
68.98
68.96
68.95
68.94
68.89
68.96
68.92
68.97
69.00
68.95
68.96
69.06
69.00
69.00
69.08
69.14
69.12
69.16
69.24
69.28
69.30
69.36
69.30
69.27
69.32
69.26
69.32
69.32
69.34
69.28
69.30
69.21
69.27
69.19
69.17
69.14
69.21
69.25
69.24
69.18
69.19
69.24
69.22
69.18
69.23
69.27
69.30
69.32
69.28
69.27
69.30
69.29
69.22
69.16
69.19
69.15
69.11
69.11
69.08
69.10
69.06
69.12
69.15
69.16
69.17
69.18
69.25
69.30
69.28
69.30
69.30
69.28
69.36
69.33
69.31
69.37
69.36
69.38
69.36
69.40
69.39
69.41
69.37
69.35
69.31
69.28
69.23
69.21
69.21
69.26
69.25
69.27
69.24
69.23
69.29
69.35
69.33
69.31
69.37
69.41
69.40
69.36
69.39
69.38
69.40
69.38
69.38
69.40
69.41
69.40
69.42
69.41
69.45
69.44
69.45
69.47
69.47
69.46
69.44
69.45
69.48
69.44
69.41
69.43
69.47
69.45
69.45
69.44
69.41
69.37
69.41
69.44
69.43
69.47
69.50
69.51
69.56
69.55
69.55
69.57
69.58
69.53
69.52
69.53
69.52
69.51
69.52
69.54
69.53
69.56
69.57
69.59
69.60
69.61
69.61
69.62
69.64
69.62
69.62
69.59
69.60
69.63
69.62
69.62
69.63
69.65
69.64
69.61
69.59
69.58
69.58
69.60
69.57
69.56
69.54
69.49
69.50
69.52
69.51
69.51
69.50
69.48
69.46
69.46
69.50
69.52
69.50
69.48
69.48
69.48
69.49
69.50
69.49
69.48
69.46
69.45
69.44
69.47
69.47
69.49
69.49
69.49
69.45
69.45
69.48
69.48
69.50
69.50
69.52
69.55
69.54
69.52
69.53
69.51
69.52
69.53
69.49
69.50
69.53
69.56
69.58
69.59
69.59
69.59
69.61
69.59
69.59
69.56
69.54
69.55
69.56
69.57
69.56
69.56
69.54
69.54
69.53
69.53
69.55
69.58
69.59
69.59
69.60
69.62
69.62
69.61
69.60
69.63
69.63
69.62
69.62
69.62
69.63
69.61
69.60
69.57
69.58
69.59
69.58
69.58
69.62
69.60
69.61
69.58
69.58
69.59
69.60
69.59
69.57
69.59
69.58
69.56
69.58
69.57
69.59
69.60
69.60
69.58
69.59
69.59
69.60
69.61
69.61
69.60
69.60
69.60
69.61
69.60
69.62
69.64
69.66
69.64
69.65
69.66
69.63
69.65
69.64
69.64
69.65
69.65
69.67
69.67
69.67
69.65
69.66
69.67
69.67
69.69
69.68
69.68
69.68
69.67
69.67
69.68
69.66
69.64
69.64
69.64
69.64
69.64
69.65
69.66
69.67
69.64
69.61
69.60
69.58
69.58
69.57
69.58
69.59
69.58
69.60
69.59
69.59
69.56
69.55
69.55
69.55
69.56
69.56
69.55
69.54
69.55
69.56
69.54
69.55
69.56
69.57
69.56
69.56
69.56
69.58
69.60
69.59
69.61
69.60
69.62
69.64
69.65
69.64
69.66
69.67
69.68
69.66
69.69
69.67
69.68
69.67
69.67
69.67
69.65
69.67
69.67
69.67
69.67
69.69
69.69
69.69
69.70
69.71
69.73
69.71
69.70
69.70
69.71
69.72
69.70
69.68
69.69
69.68
69.69
69.70
69.71
69.73
69.73
69.75
69.75
69.73
69.75
69.74
69.76
69.76
69.74
69.74
69.74
69.72
69.73
69.75
69.74
69.75
69.75
69.74
69.75
69.76
69.74
69.75
69.75
69.73
69.72
69.72
69.71
69.72
69.72
69.72
69.71
69.70
69.69
69.69
69.69
69.72
69.72
69.73
69.72
69.72
69.73
69.72
69.71
69.71
69.72
69.72
69.74
69.74
69.76
69.77
69.78
69.79
69.78
69.80
69.80
69.80
69.80
69.81
69.81
69.82
69.81
69.81
69.80
69.79
69.80
69.80
69.82
69.82
69.81
69.81
69.83
69.82
69.83
69.82
69.81
69.81
69.82
69.83
69.81
69.81
69.83
69.83
69.80
69.78
69.78
69.77
69.77
69.77
69.78
69.78
69.78
69.80
69.81
69.81
69.81
69.79
69.79
69.80
69.80
69.81
69.82
69.81
69.81
69.83
69.85
69.85
69.85
69.84
69.84
69.85
69.84
69.84
69.83
69.83
69.83
69.83
69.82
69.82
69.82
69.81
69.81
69.80
69.81
69.80
69.82
69.83
69.82
69.82
69.81
69.82
69.82
69.81
69.83
69.84
69.85
69.84
69.86
69.86
69.86
69.85
69.85
69.85
69.85
69.84
69.85
69.84
69.84
69.85
69.83
69.83
69.84
69.85
69.84
69.85
69.84
69.85
69.84
69.83
69.85
69.83
69.82
69.81
69.82
69.81
69.81
69.81
69.80
69.79
69.78
69.76
69.76
69.77
69.75
69.76
69.76
69.77
69.78
69.77
69.78
69.78
69.78
69.78
69.77
69.76
69.78
69.77
69.78
69.78
69.79
69.81
69.79
69.79
69.78
69.79
69.77
69.77
69.78
69.78
69.79
69.78
69.78
69.78
69.79
69.78
69.78
69.79
69.80
69.80
69.80
69.80
69.78
69.79
69.79
69.79
69.79
69.79
69.80
69.81
69.80
69.79
69.77
69.78
69.78
69.78
69.78
69.78
69.76
69.76
69.76
69.76
69.75
69.74
69.74
69.75
69.74
69.75
69.76
69.74
69.75
69.75
69.75
69.76
69.76
69.76
69.75
69.75
69.73
69.74
69.74
69.75
69.72
69.73
69.73
69.72
69.72
69.72
69.73
69.74
69.74
69.74
69.74
69.74
69.73
69.73
69.74
69.75
69.76
69.75
69.75
69.75
69.76
69.76
69.76
69.76
69.75
69.73
69.73
69.73
69.72
69.74
69.74
69.73
69.74
69.74
69.74
69.75
69.76
69.76
69.77
69.77
69.77
69.77
69.75
69.69
