76.56
79.69
75.00
75.00
72.19
72.66
71.43
69.34
69.10
70.00
70.03
69.79
70.31
70.87
70.42
71.09
70.59
70.66
70.72
70.78
70.68
70.95
70.38
70.64
70.31
70.19
70.31
70.15
70.20
70.26
70.67
70.51
70.22
70.40
70.76
70.83
70.78
70.76
70.83
70.74
70.81
70.91
70.75
70.74
70.49
70.38
70.48
70.41
70.31
70.37
70.50
70.52
70.34
70.25
70.09
70.15
70.04
70.07
70.07
69.97
70.08
70.09
70.16
70.09
70.14
70.00
70.06
70.01
70.06
70.20
70.25
70.16
70.12
70.14
70.10
70.15
70.19
70.11
70.11
70.02
69.95
70.05
70.01
69.96
70.15
70.11
70.22
70.17
70.03
70.09
70.07
70.09
70.11
70.15
70.10
70.02
70.09
70.09
70.04
69.98
69.97
69.98
70.01
69.94
69.91
69.93
69.98
69.88
69.88
69.83
69.88
69.89
69.93
69.83
69.78
69.85
69.86
69.74
69.73
69.74
69.82
69.83
69.82
69.82
69.86
69.83
69.94
70.03
70.09
70.17
70.23
70.28
70.25
70.27
70.31
70.28
70.23
70.27
70.26
70.28
70.21
70.22
70.27
70.29
70.27
70.29
70.20
70.18
70.16
70.12
70.13
70.12
70.14
70.14
70.14
70.06
70.08
70.09
70.08
70.05
70.09
70.14
70.16
70.17
70.24
70.27
70.26
70.28
70.29
70.29
70.29
70.29
70.33
70.33
70.32
70.26
70.24
70.21
70.20
70.21
70.22
70.18
70.14
70.11
70.11
70.05
70.09
70.10
70.09
70.05
70.08
70.08
70.07
70.07
70.08
70.11
70.08
70.05
70.08
70.08
70.07
70.05
70.07
70.08
70.09
70.08
70.11
70.10
70.13
70.13
70.12
70.14
70.17
70.14
70.13
70.18
70.18
70.17
70.19
70.19
70.26
70.24
70.19
70.17
70.19
70.20
70.20
70.24
70.22
70.20
70.20
70.19
70.20
70.15
70.16
70.15
70.17
70.17
70.18
70.19
70.20
70.17
70.20
70.20
70.20
70.16
70.14
70.14
70.15
70.14
70.17
70.17
70.17
70.16
70.10
70.10
70.11
70.12
70.11
70.13
70.11
70.18
70.15
70.13
70.12
70.13
70.16
70.16
70.13
70.09
70.08
70.07
70.10
70.07
70.07
70.07
70.10
70.08
70.09
70.07
70.07
70.07
70.08
70.06
70.07
70.06
70.02
70.00
69.99
69.98
70.00
69.99
70.02
70.04
70.03
70.01
69.99
69.95
69.96
70.01
70.02
70.01
70.01
70.00
70.00
69.98
69.95
69.96
69.92
69.92
69.91
69.92
69.90
69.90
69.89
69.89
69.90
69.91
69.90
69.92
69.93
69.95
69.94
69.91
69.93
69.95
69.97
69.96
69.96
69.94
69.93
69.94
69.97
69.99
69.96
69.97
69.98
69.97
69.95
69.94
69.93
69.94
69.91
69.90
69.86
69.87
69.87
69.89
69.88
69.89
69.90
69.90
69.91
69.91
69.89
69.89
69.89
69.85
69.84
69.84
69.85
69.86
69.86
69.83
69.85
69.86
69.86
69.86
69.86
69.84
69.84
69.85
69.83
69.84
69.84
69.85
69.86
69.86
69.87
69.84
69.84
69.82
69.80
69.80
69.80
69.79
69.79
69.79
69.78
69.79
69.80
69.81
69.80
69.80
69.81
69.79
69.78
69.79
69.78
69.79
69.77
69.80
69.80
69.79
69.80
69.81
69.82
69.79
69.77
69.78
69.78
69.78
69.78
69.78
69.78
69.78
69.78
69.77
69.77
69.78
69.77
69.76
69.77
69.79
69.77
69.79
69.81
69.81
69.83
69.84
69.84
69.86
69.86
69.87
69.86
69.88
69.88
69.88
69.86
69.83
69.84
69.86
69.86
69.84
69.82
69.83
69.82
69.83
69.82
69.80
69.80
69.81
69.81
69.81
69.81
69.82
69.79
69.78
69.82
69.83
69.83
69.83
69.84
69.84
69.84
69.83
69.83
69.84
69.84
69.85
69.87
69.87
69.89
69.90
69.86
69.87
69.87
69.87
69.85
69.84
69.83
69.83
69.85
69.84
69.83
69.82
69.82
69.81
69.78
69.77
69.77
69.78
69.77
69.77
69.77
69.75
69.76
69.75
69.76
69.74
69.76
69.77
69.77
69.77
69.78
69.75
69.76
69.77
69.75
69.76
69.75
69.75
69.76
69.77
69.76
69.78
69.78
69.78
69.78
69.77
69.76
69.76
69.77
69.78
69.79
69.80
69.80
69.78
69.79
69.79
69.77
69.76
69.76
69.79
69.78
69.78
69.77
69.77
69.75
69.76
69.76
69.76
69.77
69.77
69.78
69.77
69.77
69.77
69.78
69.78
69.78
69.78
69.80
69.80
69.77
69.77
69.77
69.76
69.76
69.76
69.78
69.79
69.78
69.79
69.79
69.79
69.78
69.78
69.79
69.76
69.76
69.76
69.76
69.77
69.77
69.78
69.79
69.80
69.80
69.81
69.80
69.80
69.82
69.83
69.83
69.85
69.85
69.87
69.87
69.87
69.87
69.86
69.86
69.85
69.85
69.87
69.88
69.88
69.89
69.90
69.90
69.90
69.91
69.90
69.90
69.89
69.86
69.86
69.85
69.83
69.84
69.86
69.87
69.86
69.87
69.86
69.86
69.85
69.85
69.86
69.87
69.87
69.87
69.87
69.87
69.86
69.86
69.86
69.86
69.85
69.85
69.86
69.85
69.84
69.84
69.85
69.85
69.85
69.85
69.83
69.83
69.82
69.83
69.83
69.81
69.82
69.83
69.84
69.84
69.86
69.86
69.85
69.84
69.83
69.82
69.81
69.81
69.81
69.81
69.80
69.83
69.83
69.82
69.82
69.81
69.80
69.80
69.80
69.79
69.79
69.79
69.79
69.79
69.80
69.81
69.79
69.79
69.78
69.79
69.79
69.80
69.80
69.81
69.82
69.81
69.80
69.81
69.82
69.81
69.81
69.80
69.81
69.81
69.81
69.80
69.80
69.80
69.81
69.82
69.81
69.81
69.81
69.79
69.80
69.80
69.80
69.80
69.79
69.79
69.79
69.79
69.79
69.79
69.79
69.79
69.79
69.79
69.80
69.79
69.79
69.79
69.79
69.80
69.81
69.81
69.80
69.82
69.80
69.80
69.80
69.81
69.81
69.81
69.79
69.79
69.78
69.79
69.78
69.79
69.79
69.79
69.79
69.78
69.78
69.78
69.78
69.77
69.77
69.76
69.75
69.76
69.77
69.79
69.79
69.79
69.80
69.79
69.78
69.78
69.78
69.77
69.78
69.78
69.75
69.76
69.77
69.76
69.75
69.74
69.74
69.75
69.74
69.74
69.74
69.75
69.74
69.74
69.74
69.74
69.74
69.73
69.66
