70.31
71.88
68.75
67.97
71.25
70.83
70.76
70.90
71.18
71.25
71.45
72.27
72.96
72.77
72.71
72.56
71.69
71.18
70.81
70.78
70.91
71.16
71.20
71.22
71.25
71.39
71.59
71.43
71.17
71.04
71.27
71.48
71.35
71.28
70.85
70.75
70.90
71.01
70.83
70.74
70.62
70.76
70.78
70.74
70.69
70.62
70.61
70.57
70.70
70.53
70.47
70.43
70.43
70.46
70.48
70.56
70.56
70.45
70.37
70.39
70.41
70.34
70.44
70.41
70.46
70.38
70.20
70.27
70.29
70.25
70.20
70.18
70.25
70.29
70.33
70.39
70.52
70.47
70.43
70.49
70.45
70.54
70.52
70.44
70.48
70.49
70.33
70.31
70.21
70.07
70.11
70.11
70.23
70.10
70.08
70.12
70.14
70.18
70.17
70.11
70.10
69.99
69.93
69.85
69.88
69.93
70.01
69.97
69.94
69.91
69.92
69.82
69.91
69.89
69.93
69.89
69.94
70.01
70.01
69.99
69.98
69.98
70.06
70.02
69.98
70.01
70.00
70.04
70.05
70.12
70.10
70.11
70.11
70.11
70.09
70.09
70.07
70.05
70.00
69.98
69.89
69.91
69.90
69.87
69.89
69.90
69.89
69.90
69.91
69.90
69.87
69.86
69.85
69.87
69.86
69.93
69.90
69.90
69.90
69.89
69.90
69.92
69.97
70.02
70.00
70.04
70.08
70.05
70.08
70.09
70.08
70.07
70.05
70.04
70.04
70.05
70.02
69.97
69.95
69.93
69.92
69.92
69.89
69.92
69.86
69.86
69.82
69.83
69.83
69.85
69.90
69.87
69.86
69.93
69.95
69.97
69.92
69.95
69.99
69.92
69.92
69.94
69.92
69.91
69.89
69.85
69.81
69.84
69.85
69.87
69.82
69.80
69.79
69.75
69.75
69.76
69.74
69.77
69.83
69.87
69.87
69.88
69.90
69.91
69.88
69.93
69.89
69.83
69.77
69.76
69.74
69.71
69.67
69.66
69.69
69.69
69.71
69.76
69.78
69.80
69.81
69.80
69.80
69.79
69.79
69.81
69.83
69.83
69.85
69.86
69.81
69.81
69.81
69.81
69.82
69.80
69.80
69.73
69.73
69.72
69.71
69.72
69.71
69.70
69.69
69.70
69.67
69.71
69.70
69.70
69.71
69.68
69.66
69.71
69.71
69.68
69.72
69.73
69.72
69.74
69.73
69.71
69.73
69.76
69.78
69.77
69.79
69.82
69.82
69.83
69.83
69.83
69.83
69.81
69.83
69.84
69.85
69.83
69.82
69.83
69.82
69.81
69.84
69.84
69.83
69.85
69.87
69.89
69.90
69.92
69.94
69.94
69.94
69.91
69.92
69.91
69.91
69.96
69.97
70.00
70.01
70.00
70.03
70.05
70.06
70.03
70.01
70.03
70.05
70.01
70.02
70.01
69.98
69.96
69.97
69.99
69.98
69.97
69.96
69.97
69.95
69.95
69.95
69.94
69.94
69.94
69.97
69.95
69.94
69.93
69.91
69.91
69.91
69.90
69.89
69.90
69.90
69.91
69.90
69.91
69.89
69.90
69.90
69.88
69.88
69.90
69.91
69.90
69.87
69.85
69.85
69.88
69.86
69.86
69.87
69.88
69.86
69.87
69.84
69.84
69.86
69.85
69.83
69.82
69.82
69.83
69.83
69.83
69.81
69.82
69.81
69.81
69.79
69.80
69.78
69.78
69.75
69.72
69.72
69.75
69.75
69.75
69.74
69.74
69.71
69.72
69.71
69.70
69.69
69.68
69.68
69.70
69.69
69.67
69.66
69.67
69.65
69.67
69.67
69.69
69.70
69.71
69.70
69.71
69.71
69.71
69.73
69.72
69.72
69.72
69.74
69.74
69.76
69.79
69.78
69.79
69.78
69.79
69.79
69.81
69.82
69.80
69.82
69.82
69.80
69.80
69.80
69.82
69.81
69.82
69.82
69.82
69.81
69.82
69.82
69.83
69.82
69.79
69.79
69.79
69.78
69.78
69.77
69.77
69.78
69.77
69.76
69.74
69.76
69.79
69.79
69.80
69.80
69.82
69.82
69.82
69.82
69.83
69.83
69.81
69.84
69.84
69.84
69.84
69.85
69.84
69.83
69.83
69.85
69.84
69.85
69.85
69.84
69.83
69.84
69.83
69.83
69.83
69.84
69.84
69.85
69.85
69.86
69.85
69.84
69.84
69.84
69.83
69.82
69.84
69.83
69.81
69.81
69.80
69.79
69.80
69.80
69.79
69.79
69.78
69.79
69.79
69.78
69.78
69.77
69.76
69.78
69.77
69.77
69.74
69.74
69.73
69.73
69.74
69.74
69.76
69.77
69.76
69.76
69.76
69.73
69.72
69.73
69.71
69.72
69.71
69.72
69.72
69.74
69.74
69.74
69.71
69.70
69.71
69.71
69.70
69.69
69.69
69.68
69.67
69.69
69.68
69.69
69.70
69.69
69.68
69.68
69.70
69.71
69.72
69.72
69.73
69.72
69.71
69.71
69.71
69.70
69.71
69.71
69.71
69.70
69.69
69.70
69.72
69.73
69.72
69.71
69.71
69.72
69.70
69.70
69.68
69.67
69.68
69.69
69.70
69.72
69.70
69.71
69.71
69.71
69.73
69.72
69.72
69.71
69.72
69.71
69.70
69.72
69.73
69.74
69.75
69.76
69.75
69.76
69.74
69.75
69.74
69.75
69.76
69.76
69.76
69.76
69.76
69.76
69.74
69.75
69.75
69.73
69.75
69.76
69.77
69.78
69.76
69.74
69.72
69.70
69.71
69.71
69.70
69.68
69.67
69.67
69.67
69.67
69.68
69.68
69.66
69.66
69.65
69.66
69.67
69.67
69.67
69.66
69.65
69.66
69.66
69.67
69.66
69.65
69.66
69.66
69.66
69.66
69.66
69.66
69.66
69.67
69.67
69.67
69.66
69.65
69.65
69.66
69.64
69.62
69.63
69.63
69.63
69.64
69.63
69.62
69.62
69.62
69.60
69.61
69.61
69.60
69.61
69.62
69.61
69.61
69.62
69.62
69.63
69.62
69.64
69.63
69.63
69.63
69.62
69.62
69.60
69.61
69.60
69.60
69.61
69.61
69.63
69.62
69.62
69.63
69.63
69.62
69.61
69.61
69.61
69.62
69.62
69.63
69.61
69.61
69.61
69.62
69.62
69.63
69.64
69.64
69.64
69.66
69.66
69.67
69.67
69.68
69.68
69.67
69.67
69.68
69.68
69.67
69.68
69.67
69.67
69.69
69.70
69.69
69.70
69.70
69.70
69.70
69.70
69.70
69.70
69.70
69.69
69.69
69.69
69.69
69.69
69.72
69.71
69.71
69.72
69.72
69.73
69.73
69.73
69.74
69.73
69.73
69.73
69.74
69.74
69.74
69.75
69.76
69.77
69.76
69.77
69.76
69.69
