67.19
60.94
65.62
66.41
67.19
69.01
68.75
68.75
69.44
70.16
70.31
70.31
70.19
70.65
70.10
70.51
70.86
71.09
70.64
70.55
70.61
70.45
70.65
70.83
70.75
71.09
70.72
71.15
71.34
71.04
70.97
71.04
70.88
71.00
70.98
70.96
71.03
71.01
70.87
70.86
70.81
71.02
70.89
70.74
70.76
70.69
70.84
70.80
70.73
70.66
70.65
70.73
70.61
70.72
70.63
70.62
70.50
70.53
70.44
70.36
70.44
70.51
70.54
70.65
70.65
70.71
70.62
70.50
70.45
70.36
70.18
70.16
70.16
70.19
70.21
70.33
70.37
70.29
70.33
70.20
70.29
70.14
70.03
70.05
70.11
70.15
70.19
70.19
70.19
70.23
70.21
70.30
70.33
70.38
70.41
70.36
70.31
70.30
70.36
70.31
70.33
70.39
70.51
70.52
70.54
70.52
70.52
70.53
70.58
70.50
70.41
70.44
70.40
70.38
70.41
70.37
70.38
70.37
70.35
70.33
70.25
70.21
70.16
70.16
70.16
70.23
70.23
70.28
70.28
70.34
70.35
70.30
70.30
70.27
70.22
70.16
70.15
70.21
70.21
70.18
70.23
70.22
70.17
70.17
70.16
70.15
70.17
70.18
70.18
70.19
70.15
70.14
70.15
70.17
70.15
70.13
70.15
70.17
70.19
70.16
70.18
70.17
70.07
70.07
70.09
70.11
70.12
70.15
70.12
70.18
70.17
70.13
70.11
70.09
70.08
70.13
70.06
70.06
70.07
70.02
70.03
70.04
70.06
70.03
70.07
70.08
70.09
70.04
70.05
70.05
70.10
70.13
70.10
70.09
70.08
70.00
69.96
69.97
69.99
69.96
69.93
69.96
69.93
69.94
69.91
69.89
69.88
69.89
69.91
69.90
69.88
69.88
69.89
69.89
69.84
69.86
69.88
69.90
69.90
69.85
69.82
69.83
69.82
69.82
69.82
69.82
69.79
69.76
69.73
69.71
69.76
69.75
69.71
69.70
69.67
69.70
69.69
69.71
69.72
69.71
69.72
69.78
69.78
69.77
69.77
69.76
69.73
69.76
69.77
69.77
69.78
69.80
69.79
69.76
69.77
69.81
69.82
69.80
69.81
69.76
69.77
69.78
69.78
69.79
69.78
69.80
69.81
69.74
69.79
69.77
69.75
69.75
69.74
69.77
69.78
69.78
69.76
69.78
69.80
69.84
69.83
69.82
69.83
69.83
69.82
69.83
69.82
69.82
69.87
69.86
69.86
69.88
69.89
69.89
69.89
69.87
69.88
69.88
69.85
69.88
69.89
69.88
69.88
69.91
69.93
69.94
69.95
69.94
69.93
69.94
69.93
69.91
69.87
69.86
69.86
69.89
69.89
69.88
69.86
69.88
69.90
69.90
69.90
69.90
69.89
69.90
69.89
69.90
69.91
69.93
69.92
69.90
69.92
69.92
69.89
69.84
69.83
69.85
69.87
69.87
69.85
69.87
69.87
69.85
69.84
69.84
69.86
69.85
69.85
69.84
69.85
69.84
69.86
69.86
69.87
69.87
69.85
69.85
69.86
69.84
69.83
69.83
69.82
69.81
69.82
69.79
69.78
69.78
69.81
69.80
69.79
69.79
69.80
69.82
69.80
69.81
69.79
69.80
69.78
69.80
69.80
69.79
69.77
69.79
69.80
69.80
69.78
69.76
69.76
69.76
69.77
69.77
69.75
69.75
69.76
69.75
69.75
69.74
69.74
69.76
69.76
69.75
69.73
69.76
69.75
69.77
69.78
69.81
69.80
69.79
69.78
69.77
69.77
69.75
69.76
69.79
69.80
69.80
69.80
69.78
69.78
69.76
69.77
69.79
69.79
69.78
69.78
69.78
69.77
69.78
69.79
69.79
69.79
69.78
69.82
69.81
69.82
69.84
69.85
69.85
69.85
69.86
69.84
69.82
69.81
69.80
69.78
69.77
69.78
69.79
69.78
69.79
69.78
69.75
69.75
69.77
69.76
69.76
69.75
69.75
69.75
69.75
69.73
69.73
69.73
69.73
69.72
69.73
69.73
69.73
69.71
69.70
69.68
69.69
69.69
69.68
69.69
69.69
69.70
69.70
69.71
69.71
69.70
69.69
69.69
69.71
69.71
69.71
69.70
69.70
69.70
69.70
69.69
69.67
69.64
69.66
69.67
69.67
69.68
69.68
69.70
69.70
69.70
69.69
69.68
69.69
69.68
69.68
69.65
69.65
69.66
69.66
69.66
69.68
69.70
69.70
69.71
69.72
69.72
69.70
69.70
69.72
69.72
69.72
69.73
69.74
69.74
69.74
69.74
69.73
69.74
69.77
69.76
69.74
69.75
69.76
69.75
69.75
69.75
69.75
69.75
69.75
69.74
69.75
69.75
69.75
69.75
69.77
69.76
69.74
69.73
69.72
69.72
69.72
69.71
69.69
69.69
69.69
69.70
69.69
69.70
69.69
69.70
69.68
69.68
69.68
69.68
69.67
69.67
69.68
69.70
69.69
69.69
69.70
69.69
69.71
69.72
69.73
69.72
69.72
69.71
69.72
69.70
69.73
69.72
69.73
69.73
69.72
69.71
69.70
69.71
69.72
69.73
69.73
69.73
69.75
69.74
69.76
69.74
69.75
69.74
69.74
69.76
69.78
69.77
69.77
69.78
69.78
69.78
69.78
69.78
69.78
69.79
69.78
69.77
69.78
69.78
69.78
69.78
69.78
69.77
69.76
69.75
69.76
69.75
69.75
69.76
69.76
69.77
69.77
69.78
69.79
69.77
69.78
69.78
69.78
69.79
69.79
69.79
69.79
69.79
69.79
69.79
69.79
69.78
69.77
69.77
69.76
69.76
69.75
69.75
69.74
69.74
69.73
69.74
69.75
69.74
69.73
69.74
69.75
69.76
69.76
69.76
69.76
69.75
69.75
69.75
69.73
69.73
69.73
69.74
69.73
69.73
69.74
69.75
69.73
69.73
69.73
69.74
69.75
69.75
69.74
69.76
69.75
69.75
69.76
69.76
69.77
69.77
69.79
69.78
69.79
69.80
69.80
69.80
69.79
69.79
69.79
69.79
69.80
69.81
69.82
69.82
69.82
69.83
69.83
69.85
69.85
69.87
69.85
69.85
69.84
69.85
69.85
69.84
69.83
69.83
69.83
69.84
69.85
69.86
69.86
69.85
69.86
69.84
69.84
69.84
69.84
69.85
69.86
69.85
69.85
69.85
69.84
69.83
69.84
69.84
69.83
69.82
69.80
69.81
69.81
69.82
69.81
69.81
69.80
69.79
69.78
69.77
69.77
69.76
69.77
69.77
69.78
69.77
69.77
69.76
69.76
69.77
69.76
69.76
69.77
69.77
69.77
69.77
69.77
69.76
69.73
69.75
69.75
69.77
69.76
69.77
69.77
69.77
69.75
69.74
69.73
69.73
69.73
69.73
69.67
