76.56
77.34
74.48
75.39
74.69
73.18
72.32
72.46
70.14
70.00
70.17
70.31
70.43
70.20
70.42
70.51
70.77
70.23
70.72
70.62
70.39
70.10
69.97
69.79
69.69
70.01
70.20
70.42
69.77
70.16
70.46
70.61
70.69
70.54
70.62
70.57
70.65
70.72
70.71
70.59
70.58
70.42
70.28
70.28
70.21
70.11
70.05
70.02
69.87
69.88
69.76
69.98
69.90
69.50
69.57
69.53
69.68
69.77
69.92
70.08
70.03
69.93
69.92
69.95
69.93
69.98
70.03
70.20
70.18
70.33
70.33
70.33
70.31
70.16
70.23
70.19
70.11
70.03
70.02
70.02
70.04
70.03
70.07
69.98
69.94
70.00
69.94
70.01
69.87
69.91
69.95
69.97
70.06
70.03
70.07
70.02
69.91
69.91
69.89
69.88
69.93
69.94
69.87
69.91
69.91
69.96
69.92
69.95
69.95
69.99
69.96
70.06
70.13
70.18
70.22
70.15
70.21
70.15
70.14
70.17
70.22
70.25
70.24
70.15
70.16
70.18
70.15
70.10
70.16
70.16
70.18
70.13
70.12
70.17
70.14
70.14
70.12
70.15
70.16
70.07
70.17
70.16
70.21
70.19
70.20
70.19
70.27
70.29
70.36
70.34
70.36
70.28
70.29
70.32
70.25
70.27
70.29
70.28
70.26
70.25
70.27
70.27
70.26
70.21
70.21
70.24
70.27
70.21
70.23
70.22
70.27
70.26
70.26
70.29
70.25
70.24
70.24
70.20
70.22
70.23
70.20
70.19
70.16
70.19
70.23
70.19
70.19
70.17
70.17
70.19
70.22
70.25
70.26
70.26
70.22
70.22
70.26
70.28
70.23
70.18
70.19
70.15
70.19
70.17
70.21
70.15
70.15
70.14
70.17
70.16
70.16
70.16
70.17
70.18
70.15
70.16
70.15
70.18
70.20
70.19
70.19
70.17
70.19
70.23
70.23
70.24
70.23
70.25
70.22
70.20
70.20
70.18
70.16
70.12
70.14
70.15
70.14
70.19
70.21
70.18
70.19
70.18
70.18
70.20
70.18
70.18
70.12
70.07
70.12
70.12
70.13
70.14
70.14
70.16
70.17
70.17
70.18
70.20
70.14
70.13
70.11
70.13
70.12
70.12
70.11
70.14
70.14
70.15
70.15
70.14
70.13
70.15
70.14
70.12
70.11
70.15
70.15
70.13
70.15
70.17
70.18
70.16
70.14
70.15
70.13
70.15
70.17
70.20
70.20
70.21
70.21
70.22
70.23
70.25
70.28
70.29
70.27
70.27
70.24
70.27
70.29
70.29
70.30
70.32
70.34
70.34
70.33
70.32
70.34
70.34
70.33
70.31
70.30
70.28
70.29
70.31
70.30
70.28
70.25
70.25
70.25
70.24
70.24
70.24
70.22
70.20
70.19
70.19
70.20
70.20
70.20
70.17
70.19
70.19
70.19
70.20
70.17
70.18
70.18
70.20
70.20
70.16
70.13
70.14
70.13
70.11
70.11
70.13
70.14
70.14
70.12
70.09
70.13
70.13
70.10
70.08
70.06
70.05
70.08
70.08
70.07
70.08
70.08
70.06
70.04
70.02
70.01
70.01
69.99
69.97
69.96
69.96
69.98
69.95
69.95
69.93
69.93
69.92
69.91
69.91
69.90
69.91
69.91
69.93
69.92
69.92
69.93
69.94
69.94
69.93
69.95
69.93
69.92
69.92
69.94
69.95
69.97
69.97
69.98
69.96
69.94
69.92
69.92
69.91
69.93
69.91
69.92
69.92
69.92
69.92
69.94
69.92
69.92
69.92
69.94
69.92
69.93
69.93
69.92
69.90
69.88
69.85
69.87
69.85
69.86
69.85
69.87
69.86
69.86
69.88
69.90
69.90
69.92
69.91
69.92
69.91
69.90
69.92
69.92
69.91
69.93
69.93
69.94
69.93
69.94
69.94
69.93
69.95
69.94
69.93
69.96
69.98
69.97
69.98
69.99
69.98
69.97
69.97
69.97
69.94
69.95
69.94
69.93
69.93
69.94
69.93
69.93
69.91
69.89
69.87
69.87
69.86
69.84
69.85
69.85
69.84
69.85
69.84
69.85
69.86
69.86
69.86
69.85
69.84
69.82
69.83
69.85
69.83
69.83
69.82
69.81
69.80
69.80
69.81
69.82
69.81
69.82
69.82
69.81
69.79
69.81
69.81
69.78
69.79
69.78
69.78
69.79
69.79
69.78
69.76
69.76
69.76
69.76
69.75
69.76
69.78
69.78
69.77
69.77
69.77
69.76
69.76
69.72
69.72
69.71
69.71
69.71
69.71
69.70
69.68
69.69
69.68
69.69
69.69
69.70
69.69
69.69
69.67
69.68
69.67
69.66
69.68
69.68
69.66
69.67
69.67
69.67
69.65
69.65
69.67
69.67
69.67
69.66
69.68
69.68
69.69
69.68
69.68
69.69
69.69
69.68
69.69
69.68
69.68
69.67
69.66
69.67
69.67
69.65
69.63
69.64
69.65
69.64
69.64
69.63
69.64
69.63
69.62
69.62
69.62
69.62
69.63
69.64
69.61
69.63
69.65
69.64
69.65
69.65
69.63
69.61
69.62
69.63
69.65
69.64
69.65
69.64
69.62
69.62
69.61
69.62
69.63
69.63
69.62
69.62
69.61
69.63
69.62
69.59
69.59
69.59
69.59
69.60
69.63
69.62
69.61
69.61
69.61
69.62
69.61
69.61
69.62
69.62
69.60
69.59
69.60
69.61
69.61
69.61
69.59
69.60
69.60
69.60
69.61
69.60
69.61
69.60
69.61
69.61
69.62
69.63
69.62
69.62
69.61
69.62
69.61
69.61
69.60
69.60
69.60
69.58
69.57
69.57
69.56
69.58
69.57
69.58
69.57
69.57
69.57
69.58
69.59
69.60
69.61
69.64
69.64
69.63
69.63
69.63
69.63
69.63
69.63
69.63
69.64
69.65
69.64
69.66
69.66
69.66
69.67
69.67
69.67
69.68
69.69
69.71
69.71
69.70
69.71
69.70
69.71
69.70
69.71
69.71
69.71
69.72
69.72
69.72
69.73
69.73
69.72
69.71
69.70
69.71
69.70
69.71
69.72
69.73
69.73
69.73
69.74
69.73
69.74
69.73
69.74
69.74
69.74
69.73
69.74
69.73
69.73
69.73
69.73
69.73
69.74
69.73
69.74
69.73
69.73
69.73
69.73
69.74
69.74
69.73
69.74
69.75
69.75
69.74
69.74
69.73
69.74
69.74
69.73
69.72
69.73
69.73
69.73
69.72
69.72
69.73
69.73
69.74
69.74
69.76
69.77
69.78
69.77
69.77
69.77
69.76
69.75
69.75
69.74
69.75
69.74
69.74
69.74
69.74
69.74
69.74
69.75
69.74
69.75
69.74
69.74
69.73
69.73
69.74
69.74
69.75
69.75
69.76
69.69
