71.88
67.97
69.79
70.70
68.44
67.97
69.20
69.34
68.92
70.00
70.03
70.96
70.91
70.54
70.42
70.70
69.94
70.14
69.98
69.61
69.72
69.67
69.23
69.34
69.25
68.75
68.75
68.69
68.86
68.96
68.85
69.04
68.99
69.07
69.33
69.49
69.43
69.53
69.55
69.65
69.82
69.90
69.51
69.39
69.27
69.16
69.05
69.01
69.10
69.22
69.33
69.50
69.25
69.16
69.01
68.95
69.05
69.05
69.04
68.93
69.01
69.03
69.12
69.09
69.16
69.08
69.05
69.16
69.20
69.31
69.39
69.40
69.33
69.43
69.52
69.53
69.66
69.65
69.66
69.49
69.58
69.49
69.45
69.38
69.39
69.39
69.40
69.42
69.50
69.41
69.33
69.38
69.37
69.46
69.44
69.45
69.65
69.64
69.65
69.59
69.62
69.59
69.65
69.64
69.60
69.65
69.70
69.68
69.71
69.76
69.74
69.73
69.66
69.67
69.71
69.72
69.68
69.70
69.72
69.74
69.73
69.68
69.75
69.68
69.70
69.61
69.62
69.54
69.60
69.56
69.55
69.51
69.54
69.53
69.54
69.52
69.65
69.75
69.78
69.72
69.75
69.74
69.77
69.78
69.71
69.76
69.78
69.73
69.75
69.70
69.80
69.77
69.65
69.68
69.66
69.69
69.64
69.66
69.62
69.61
69.65
69.67
69.66
69.63
69.57
69.62
69.63
69.62
69.65
69.62
69.59
69.59
69.62
69.67
69.75
69.75
69.68
69.65
69.61
69.65
69.65
69.59
69.50
69.54
69.62
69.60
69.58
69.56
69.59
69.55
69.53
69.51
69.50
69.52
69.52
69.52
69.50
69.54
69.53
69.54
69.56
69.58
69.59
69.62
69.63
69.59
69.64
69.69
69.71
69.75
69.74
69.74
69.73
69.72
69.75
69.75
69.72
69.75
69.69
69.68
69.70
69.76
69.79
69.76
69.72
69.75
69.77
69.83
69.82
69.79
69.76
69.73
69.75
69.75
69.74
69.78
69.79
69.74
69.74
69.75
69.74
69.74
69.73
69.74
69.74
69.75
69.75
69.75
69.78
69.74
69.72
69.72
69.74
69.77
69.75
69.76
69.77
69.76
69.76
69.75
69.76
69.74
69.76
69.73
69.72
69.71
69.72
69.76
69.79
69.81
69.79
69.78
69.73
69.73
69.70
69.71
69.71
69.72
69.73
69.70
69.71
69.71
69.70
69.68
69.68
69.70
69.68
69.72
69.70
69.73
69.73
69.71
69.68
69.69
69.74
69.73
69.73
69.74
69.72
69.71
69.68
69.68
69.69
69.73
69.72
69.72
69.71
69.71
69.70
69.71
69.72
69.73
69.75
69.73
69.75
69.73
69.73
69.74
69.74
69.73
69.70
69.71
69.69
69.71
69.70
69.70
69.71
69.72
69.71
69.70
69.68
69.70
69.73
69.72
69.72
69.72
69.75
69.76
69.74
69.74
69.74
69.76
69.78
69.77
69.76
69.76
69.75
69.76
69.79
69.79
69.80
69.81
69.80
69.80
69.79
69.82
69.82
69.80
69.81
69.82
69.81
69.82
69.82
69.84
69.84
69.85
69.83
69.80
69.80
69.77
69.76
69.74
69.74
69.75
69.77
69.77
69.77
69.78
69.80
69.81
69.80
69.78
69.78
69.78
69.78
69.75
69.75
69.73
69.73
69.75
69.75
69.75
69.74
69.73
69.72
69.75
69.74
69.76
69.74
69.74
69.74
69.73
69.73
69.75
69.76
69.78
69.80
69.80
69.79
69.78
69.80
69.79
69.79
69.78
69.78
69.78
69.80
69.80
69.81
69.81
69.82
69.81
69.77
69.75
69.75
69.76
69.77
69.79
69.79
69.80
69.78
69.80
69.80
69.78
69.81
69.82
69.84
69.82
69.81
69.82
69.82
69.80
69.79
69.79
69.76
69.76
69.77
69.75
69.76
69.75
69.74
69.74
69.76
69.77
69.77
69.77
69.80
69.79
69.78
69.78
69.79
69.82
69.82
69.81
69.81
69.80
69.79
69.77
69.79
69.78
69.78
69.78
69.76
69.76
69.77
69.75
69.75
69.74
69.73
69.73
69.72
69.74
69.73
69.73
69.72
69.71
69.70
69.68
69.67
69.68
69.70
69.69
69.70
69.70
69.70
69.70
69.69
69.68
69.67
69.68
69.67
69.68
69.69
69.69
69.69
69.70
69.70
69.69
69.66
69.67
69.67
69.68
69.70
69.71
69.70
69.69
69.69
69.69
69.68
69.69
69.69
69.69
69.68
69.69
69.69
69.69
69.70
69.71
69.72
69.72
69.74
69.76
69.73
69.74
69.74
69.76
69.75
69.76
69.77
69.76
69.75
69.75
69.74
69.73
69.74
69.75
69.75
69.74
69.72
69.73
69.75
69.73
69.73
69.73
69.74
69.74
69.74
69.75
69.76
69.75
69.74
69.74
69.75
69.76
69.74
69.76
69.77
69.79
69.79
69.80
69.79
69.81
69.81
69.82
69.81
69.82
69.81
69.81
69.80
69.82
69.83
69.83
69.84
69.84
69.85
69.84
69.83
69.82
69.81
69.80
69.80
69.82
69.83
69.84
69.83
69.83
69.84
69.84
69.84
69.85
69.85
69.86
69.86
69.86
69.87
69.88
69.88
69.89
69.89
69.88
69.87
69.87
69.86
69.85
69.86
69.86
69.86
69.85
69.85
69.84
69.85
69.84
69.84
69.84
69.83
69.82
69.82
69.82
69.81
69.79
69.78
69.77
69.75
69.77
69.77
69.78
69.77
69.77
69.76
69.75
69.74
69.75
69.76
69.76
69.75
69.76
69.75
69.76
69.75
69.75
69.74
69.74
69.75
69.72
69.73
69.74
69.73
69.72
69.73
69.73
69.73
69.72
69.73
69.73
69.73
69.72
69.72
69.72
69.72
69.72
69.71
69.70
69.71
69.72
69.71
69.70
69.71
69.71
69.72
69.73
69.75
69.75
69.74
69.75
69.74
69.73
69.73
69.74
69.75
69.74
69.73
69.71
69.71
69.72
69.69
69.70
69.70
69.71
69.71
69.71
69.72
69.70
69.70
69.68
69.67
69.68
69.69
69.70
69.70
69.70
69.69
69.69
69.70
69.70
69.69
69.69
69.70
69.72
69.72
69.73
69.74
69.74
69.73
69.71
69.71
69.71
69.71
69.71
69.69
69.70
69.70
69.72
69.73
69.74
69.74
69.74
69.75
69.74
69.74
69.74
69.74
69.75
69.76
69.76
69.74
69.73
69.73
69.74
69.73
69.73
69.72
69.72
69.72
69.73
69.72
69.74
69.74
69.74
69.74
69.73
69.73
69.73
69.71
69.72
69.74
69.75
69.76
69.76
69.77
69.78
69.79
69.78
69.78
69.78
69.78
69.78
69.77
69.77
69.76
69.76
69.76
69.70
