71.88
76.56
76.04
71.88
70.94
72.14
72.77
73.05
73.44
72.97
73.15
72.27
71.75
71.76
71.67
71.09
70.86
70.83
70.23
70.16
69.79
69.89
69.50
69.66
69.69
69.47
69.27
68.97
69.18
69.06
69.15
69.24
68.89
68.66
68.57
68.53
68.62
68.79
68.67
68.36
68.18
68.23
68.35
68.54
68.75
68.82
68.82
68.98
68.91
68.81
68.75
68.72
68.66
68.84
68.86
68.92
69.02
68.97
68.99
68.88
68.88
68.93
68.95
68.99
69.06
69.01
69.19
69.21
69.27
69.17
69.12
69.03
69.18
69.19
69.12
69.22
69.20
69.27
69.40
69.43
69.37
69.32
69.47
69.46
69.41
69.48
69.52
69.53
69.43
69.50
69.56
69.55
69.64
69.60
69.62
69.74
69.76
69.75
69.73
69.80
69.79
69.70
69.78
69.79
69.81
69.72
69.71
69.70
69.81
69.79
69.79
69.81
69.81
69.75
69.74
69.71
69.72
69.70
69.68
69.69
69.73
69.70
69.68
69.61
69.60
69.59
69.59
69.60
69.59
69.58
69.48
69.50
69.51
69.48
69.53
69.52
69.51
69.52
69.53
69.50
69.54
69.56
69.61
69.64
69.57
69.55
69.49
69.51
69.51
69.53
69.56
69.58
69.58
69.53
69.52
69.51
69.51
69.46
69.47
69.46
69.52
69.52
69.51
69.51
69.55
69.54
69.53
69.50
69.44
69.48
69.47
69.46
69.47
69.45
69.49
69.52
69.56
69.52
69.54
69.53
69.54
69.56
69.56
69.51
69.52
69.56
69.57
69.56
69.58
69.59
69.62
69.64
69.63
69.61
69.58
69.62
69.67
69.67
69.57
69.58
69.57
69.59
69.66
69.67
69.72
69.70
69.66
69.66
69.62
69.58
69.60
69.60
69.57
69.58
69.59
69.56
69.53
69.54
69.53
69.59
69.60
69.59
69.61
69.59
69.59
69.61
69.57
69.52
69.53
69.54
69.49
69.49
69.50
69.51
69.52
69.52
69.52
69.52
69.52
69.51
69.52
69.50
69.48
69.49
69.50
69.51
69.52
69.57
69.58
69.62
69.60
69.60
69.58
69.64
69.64
69.64
69.65
69.66
69.67
69.66
69.69
69.72
69.72
69.72
69.71
69.71
69.66
69.67
69.65
69.67
69.67
69.65
69.68
69.65
69.64
69.64
69.60
69.56
69.60
69.62
69.61
69.59
69.62
69.65
69.64
69.66
69.69
69.69
69.67
69.67
69.66
69.62
69.60
69.62
69.61
69.61
69.61
69.59
69.57
69.56
69.57
69.56
69.57
69.57
69.60
69.61
69.64
69.66
69.65
69.65
69.67
69.66
69.67
69.65
69.66
69.67
69.66
69.68
69.68
69.70
69.73
69.72
69.70
69.68
69.65
69.66
69.69
69.70
69.72
69.72
69.70
69.69
69.70
69.72
69.74
69.73
69.75
69.75
69.75
69.73
69.75
69.77
69.76
69.73
69.74
69.72
69.74
69.72
69.75
69.75
69.73
69.75
69.75
69.72
69.71
69.70
69.68
69.67
69.68
69.68
69.68
69.67
69.68
69.70
69.70
69.71
69.71
69.70
69.68
69.67
69.64
69.65
69.63
69.63
69.65
69.63
69.64
69.63
69.64
69.66
69.67
69.67
69.68
69.68
69.67
69.67
69.67
69.66
69.67
69.69
69.69
69.69
69.68
69.69
69.70
69.70
69.69
69.71
69.69
69.70
69.67
69.66
69.67
69.65
69.66
69.65
69.64
69.65
69.64
69.64
69.65
69.65
69.65
69.66
69.69
69.71
69.69
69.70
69.70
69.69
69.69
69.66
69.66
69.66
69.65
69.66
69.71
69.71
69.70
69.70
69.70
69.72
69.72
69.75
69.74
69.74
69.74
69.75
69.75
69.77
69.78
69.75
69.77
69.78
69.81
69.82
69.81
69.82
69.81
69.81
69.82
69.83
69.84
69.85
69.85
69.85
69.85
69.85
69.86
69.84
69.85
69.85
69.85
69.85
69.87
69.86
69.86
69.86
69.89
69.90
69.89
69.90
69.88
69.88
69.90
69.90
69.91
69.91
69.91
69.91
69.92
69.91
69.91
69.93
69.91
69.91
69.90
69.91
69.88
69.86
69.87
69.87
69.86
69.85
69.83
69.84
69.83
69.84
69.82
69.82
69.83
69.84
69.83
69.81
69.82
69.82
69.82
69.82
69.83
69.81
69.81
69.81
69.82
69.80
69.79
69.81
69.81
69.81
69.82
69.83
69.83
69.84
69.84
69.86
69.87
69.88
69.87
69.87
69.86
69.85
69.85
69.86
69.84
69.85
69.84
69.85
69.86
69.88
69.87
69.87
69.89
69.89
69.88
69.87
69.87
69.87
69.86
69.86
69.86
69.85
69.86
69.85
69.84
69.86
69.86
69.87
69.87
69.85
69.83
69.84
69.83
69.83
69.82
69.83
69.83
69.81
69.81
69.81
69.80
69.81
69.81
69.81
69.80
69.79
69.79
69.79
69.78
69.78
69.78
69.80
69.79
69.77
69.78
69.78
69.78
69.78
69.78
69.78
69.77
69.78
69.77
69.78
69.79
69.79
69.78
69.76
69.75
69.75
69.74
69.73
69.73
69.74
69.73
69.73
69.73
69.74
69.75
69.76
69.77
69.76
69.75
69.76
69.77
69.79
69.79
69.79
69.80
69.79
69.78
69.77
69.78
69.79
69.80
69.81
69.80
69.79
69.79
69.77
69.76
69.75
69.76
69.76
69.75
69.77
69.76
69.75
69.73
69.75
69.76
69.76
69.75
69.77
69.78
69.78
69.77
69.77
69.75
69.75
69.76
69.76
69.76
69.76
69.76
69.75
69.76
69.76
69.75
69.75
69.75
69.74
69.75
69.75
69.74
69.75
69.74
69.74
69.75
69.74
69.73
69.75
69.74
69.73
69.73
69.73
69.73
69.73
69.73
69.71
69.70
69.71
69.70
69.70
69.69
69.69
69.70
69.70
69.66
69.66
69.66
69.66
69.65
69.65
69.65
69.65
69.66
69.65
69.64
69.63
69.63
69.62
69.61
69.62
69.63
69.63
69.63
69.61
69.61
69.62
69.61
69.61
69.62
69.63
69.64
69.65
69.65
69.66
69.67
69.67
69.68
69.67
69.66
69.67
69.66
69.67
69.67
69.67
69.67
69.67
69.67
69.67
69.68
69.67
69.68
69.68
69.69
69.69
69.69
69.70
69.70
69.70
69.69
69.69
69.69
69.70
69.69
69.69
69.69
69.69
69.69
69.69
69.69
69.69
69.69
69.68
69.69
69.69
69.70
69.71
69.71
69.71
69.69
69.70
69.69
69.69
69.70
69.70
69.71
69.69
69.69
69.69
69.68
69.69
69.69
69.69
69.69
69.69
69.70
69.71
69.71
69.72
69.73
69.67
