75.00
74.22
72.92
71.88
70.62
70.83
71.88
70.70
71.35
71.88
72.16
72.53
72.24
72.21
71.67
71.48
71.32
70.57
70.31
69.77
69.64
69.82
70.18
70.05
70.12
69.83
70.08
70.09
69.88
70.16
70.06
70.12
70.03
69.94
69.87
70.01
69.72
70.02
70.03
70.12
70.16
70.20
70.35
70.21
70.10
69.90
69.91
69.69
69.77
69.81
69.82
69.80
69.81
69.85
69.89
69.73
69.63
69.50
69.57
69.61
69.70
69.78
69.89
69.92
69.93
69.96
69.96
70.06
70.09
70.07
69.92
69.88
69.86
69.83
69.75
69.78
69.76
69.65
69.52
69.51
69.46
69.49
69.47
69.51
69.50
69.51
69.56
69.64
69.68
69.62
69.64
69.63
69.61
69.58
69.51
69.53
69.47
69.44
69.40
69.39
69.42
69.39
69.36
69.41
69.40
69.32
69.42
69.37
69.32
69.36
69.37
69.49
69.36
69.37
69.33
69.34
69.34
69.28
69.26
69.27
69.36
69.39
69.46
69.47
69.50
69.54
69.50
69.46
69.42
69.46
69.38
69.42
69.41
69.38
69.42
69.43
69.41
69.35
69.38
69.35
69.38
69.31
69.34
69.36
69.41
69.42
69.36
69.31
69.31
69.31
69.33
69.25
69.19
69.18
69.18
69.12
69.14
69.14
69.18
69.16
69.13
69.17
69.19
69.17
69.18
69.18
69.22
69.26
69.24
69.26
69.25
69.29
69.26
69.26
69.27
69.26
69.32
69.30
69.30
69.27
69.29
69.26
69.24
69.20
69.18
69.16
69.16
69.14
69.13
69.14
69.11
69.07
69.07
69.05
69.03
69.01
69.01
69.05
69.06
69.06
69.13
69.14
69.11
69.08
69.05
69.02
69.03
69.04
69.04
69.05
69.09
69.09
69.11
69.11
69.14
69.16
69.14
69.13
69.12
69.11
69.13
69.14
69.11
69.15
69.10
69.07
69.06
69.09
69.15
69.18
69.18
69.21
69.18
69.20
69.18
69.20
69.19
69.20
69.21
69.22
69.19
69.21
69.22
69.22
69.25
69.26
69.27
69.23
69.23
69.22
69.22
69.22
69.23
69.22
69.23
69.24
69.25
69.23
69.29
69.33
69.32
69.37
69.36
69.37
69.36
69.36
69.33
69.37
69.37
69.36
69.40
69.39
69.34
69.38
69.38
69.37
69.35
69.37
69.38
69.40
69.37
69.39
69.41
69.42
69.38
69.38
69.40
69.43
69.44
69.44
69.46
69.49
69.53
69.52
69.53
69.58
69.58
69.60
69.56
69.56
69.55
69.54
69.56
69.55
69.54
69.54
69.51
69.52
69.47
69.42
69.40
69.37
69.39
69.42
69.41
69.43
69.41
69.42
69.39
69.40
69.38
69.40
69.39
69.39
69.40
69.39
69.37
69.36
69.38
69.35
69.37
69.36
69.38
69.36
69.38
69.37
69.37
69.38
69.37
69.38
69.42
69.44
69.44
69.45
69.47
69.43
69.44
69.41
69.39
69.39
69.39
69.42
69.41
69.42
69.45
69.47
69.43
69.42
69.43
69.42
69.44
69.44
69.43
69.42
69.43
69.44
69.45
69.43
69.42
69.43
69.41
69.39
69.40
69.41
69.43
69.44
69.45
69.44
69.45
69.44
69.41
69.42
69.43
69.44
69.43
69.41
69.40
69.43
69.45
69.45
69.46
69.45
69.46
69.46
69.47
69.47
69.47
69.47
69.46
69.49
69.47
69.47
69.48
69.48
69.49
69.47
69.48
69.48
69.47
69.47
69.47
69.45
69.45
69.46
69.48
69.47
69.45
69.48
69.48
69.51
69.53
69.53
69.52
69.53
69.52
69.51
69.50
69.51
69.51
69.52
69.51
69.54
69.55
69.52
69.53
69.53
69.54
69.56
69.55
69.57
69.58
69.57
69.59
69.59
69.57
69.59
69.58
69.58
69.59
69.57
69.57
69.57
69.55
69.57
69.55
69.56
69.55
69.54
69.55
69.55
69.53
69.53
69.53
69.52
69.53
69.52
69.53
69.52
69.52
69.53
69.54
69.54
69.54
69.55
69.56
69.56
69.57
69.56
69.55
69.52
69.53
69.52
69.52
69.53
69.54
69.53
69.52
69.50
69.50
69.49
69.49
69.48
69.49
69.48
69.48
69.48
69.49
69.50
69.49
69.47
69.49
69.48
69.48
69.49
69.48
69.48
69.48
69.47
69.47
69.48
69.47
69.47
69.49
69.49
69.47
69.48
69.49
69.46
69.48
69.48
69.49
69.48
69.49
69.49
69.49
69.47
69.47
69.45
69.44
69.44
69.46
69.46
69.47
69.47
69.49
69.50
69.51
69.52
69.52
69.52
69.52
69.52
69.53
69.53
69.54
69.56
69.56
69.53
69.53
69.53
69.54
69.55
69.54
69.55
69.55
69.53
69.54
69.55
69.55
69.55
69.55
69.55
69.56
69.58
69.57
69.57
69.57
69.56
69.55
69.54
69.54
69.54
69.54
69.54
69.55
69.55
69.56
69.56
69.55
69.54
69.55
69.54
69.54
69.55
69.55
69.55
69.57
69.58
69.57
69.57
69.57
69.56
69.57
69.58
69.58
69.57
69.59
69.59
69.59
69.60
69.60
69.59
69.59
69.59
69.60
69.60
69.62
69.61
69.60
69.62
69.63
69.64
69.65
69.64
69.64
69.64
69.65
69.66
69.65
69.65
69.64
69.64
69.66
69.66
69.66
69.66
69.66
69.67
69.68
69.68
69.70
69.70
69.70
69.70
69.69
69.69
69.67
69.68
69.68
69.69
69.71
69.72
69.74
69.73
69.73
69.70
69.70
69.69
69.68
69.68
69.68
69.69
69.69
69.70
69.71
69.71
69.73
69.73
69.74
69.75
69.74
69.76
69.75
69.75
69.74
69.74
69.74
69.74
69.74
69.75
69.77
69.78
69.78
69.78
69.77
69.76
69.76
69.75
69.76
69.77
69.78
69.78
69.78
69.79
69.79
69.79
69.79
69.80
69.79
69.79
69.79
69.78
69.79
69.78
69.76
69.77
69.78
69.77
69.77
69.76
69.78
69.78
69.79
69.79
69.79
69.79
69.79
69.79
69.79
69.78
69.79
69.79
69.80
69.79
69.81
69.81
69.81
69.80
69.79
69.78
69.77
69.77
69.77
69.77
69.77
69.77
69.78
69.78
69.77
69.78
69.78
69.78
69.78
69.76
69.76
69.75
69.76
69.77
69.76
69.77
69.77
69.76
69.76
69.76
69.74
69.75
69.75
69.77
69.77
69.77
69.78
69.77
69.77
69.77
69.77
69.77
69.77
69.76
69.76
69.77
69.78
69.76
69.77
69.76
69.76
69.75
69.74
69.74
69.74
69.74
69.74
69.73
69.74
69.75
69.75
69.76
69.75
69.76
69.75
69.77
69.76
69.70
