76.56
74.22
75.00
72.66
72.81
71.35
70.31
70.70
71.35
70.78
70.74
70.83
71.03
70.54
70.00
70.41
71.05
71.18
70.97
70.86
70.83
70.60
70.38
70.38
70.75
71.03
70.95
70.87
70.80
70.99
70.92
70.95
71.26
70.91
71.03
71.27
71.28
71.18
71.11
70.82
70.46
70.54
70.68
70.67
70.62
70.65
70.48
70.48
70.47
70.41
70.44
70.40
70.31
70.31
70.45
70.51
70.29
70.23
70.39
70.39
70.36
70.26
70.24
70.43
70.36
70.57
70.45
70.47
70.43
70.36
70.44
70.46
70.53
70.50
70.35
70.33
70.31
70.25
70.29
70.37
70.47
70.43
70.26
70.28
70.18
70.15
70.20
70.31
70.33
70.42
70.42
70.43
70.35
70.33
70.33
70.39
70.34
70.38
70.44
70.39
70.41
70.45
70.52
70.52
70.57
70.61
70.59
70.57
70.61
70.55
70.55
70.48
70.48
70.45
70.34
70.38
70.42
70.42
70.38
70.38
70.35
70.33
70.26
70.33
70.36
70.37
70.36
70.26
70.19
70.17
70.09
70.09
70.08
70.06
70.05
70.08
70.14
70.14
70.18
70.22
70.16
70.15
70.18
70.14
70.12
70.13
70.13
70.05
70.03
69.98
70.03
69.96
70.01
70.00
70.01
70.05
69.99
69.99
69.96
69.94
69.99
69.92
69.86
69.94
69.92
69.88
69.87
69.89
69.87
69.84
69.86
69.89
69.92
69.91
69.96
69.95
69.99
70.00
70.02
70.00
70.08
70.00
70.01
70.04
70.03
70.07
70.11
70.13
70.12
70.14
70.12
70.13
70.17
70.14
70.14
70.10
70.08
70.02
70.03
70.04
70.05
70.06
70.07
70.08
70.03
70.05
70.07
70.09
70.07
70.08
70.06
70.03
70.04
70.01
70.00
69.99
69.96
69.98
70.00
70.01
70.00
70.03
70.02
70.01
70.03
70.03
70.04
70.07
70.07
70.05
70.07
70.03
70.06
70.06
70.09
70.09
70.11
70.14
70.16
70.16
70.12
70.13
70.15
70.13
70.13
70.17
70.15
70.16
70.16
70.17
70.16
70.16
70.18
70.20
70.20
70.21
70.23
70.20
70.19
70.23
70.20
70.21
70.22
70.21
70.19
70.20
70.21
70.19
70.20
70.20
70.20
70.20
70.18
70.15
70.14
70.16
70.18
70.16
70.18
70.16
70.16
70.15
70.14
70.09
70.07
70.12
70.14
70.08
70.08
70.06
70.05
70.02
70.05
70.06
70.07
70.09
70.11
70.12
70.11
70.12
70.11
70.12
70.10
70.07
70.09
70.06
70.05
70.05
70.03
70.04
70.06
70.05
70.07
70.03
69.99
69.99
69.98
70.00
70.01
70.01
69.99
69.96
69.94
69.96
69.96
69.92
69.93
69.95
69.97
69.99
70.01
70.00
70.02
70.03
70.02
70.03
70.05
70.06
70.05
70.06
70.07
70.07
70.08
70.05
70.08
70.07
70.11
70.11
70.11
70.10
70.11
70.13
70.12
70.11
70.09
70.05
70.05
70.06
70.08
70.10
70.07
70.07
70.06
70.04
70.04
70.03
70.02
70.02
70.01
70.03
70.03
70.03
70.03
70.02
70.06
70.07
70.06
70.08
70.07
70.06
70.06
70.06
70.08
70.08
70.10
70.09
70.10
70.09
70.07
70.07
70.04
70.03
70.04
70.05
70.05
70.04
70.06
70.02
70.04
70.05
70.05
70.04
70.06
70.07
70.05
70.07
70.06
70.05
70.02
70.04
70.01
70.01
70.01
70.02
70.02
70.00
70.01
70.02
70.01
70.00
69.99
69.99
69.99
70.01
69.99
69.98
69.94
69.94
69.94
69.95
69.94
69.94
69.93
69.92
69.94
69.94
69.94
69.95
69.95
69.95
69.97
69.98
69.97
69.97
69.97
69.96
69.97
69.96
69.97
69.98
69.98
69.99
70.00
70.04
70.05
70.04
70.04
70.06
70.05
70.04
70.04
70.04
70.02
70.02
70.03
70.03
70.02
70.02
70.01
70.02
70.02
70.00
70.01
70.00
70.01
70.00
70.01
70.01
70.02
70.01
70.00
70.00
69.99
70.00
70.00
70.00
70.00
70.01
70.01
69.99
69.99
69.99
70.00
70.02
70.03
70.03
70.01
70.01
70.02
70.02
70.02
70.02
70.02
70.02
70.00
70.01
69.99
69.99
70.01
70.01
69.99
70.00
69.99
69.99
69.98
69.96
69.96
69.94
69.96
69.97
69.96
69.97
69.96
69.96
69.96
69.96
69.96
69.98
69.96
69.97
69.97
69.95
69.96
69.96
69.97
69.96
69.97
69.96
69.95
69.95
69.97
69.95
69.95
69.96
69.96
69.94
69.96
69.96
69.96
69.96
69.96
69.94
69.95
69.95
69.94
69.95
69.94
69.95
69.95
69.96
69.97
69.96
69.97
69.98
69.96
69.98
69.97
69.97
69.96
69.96
69.96
69.96
69.97
69.98
69.98
69.98
69.99
70.00
69.98
69.96
69.95
69.94
69.92
69.92
69.91
69.90
69.89
69.87
69.87
69.87
69.88
69.89
69.89
69.89
69.89
69.88
69.89
69.89
69.89
69.89
69.90
69.90
69.90
69.91
69.92
69.92
69.93
69.91
69.92
69.92
69.90
69.88
69.88
69.87
69.86
69.87
69.87
69.89
69.89
69.88
69.88
69.88
69.86
69.86
69.84
69.84
69.84
69.85
69.85
69.84
69.86
69.86
69.86
69.87
69.87
69.88
69.88
69.87
69.89
69.86
69.87
69.87
69.85
69.83
69.84
69.84
69.82
69.82
69.82
69.81
69.83
69.82
69.83
69.83
69.82
69.81
69.80
69.80
69.78
69.78
69.79
69.78
69.78
69.79
69.80
69.81
69.82
69.82
69.83
69.81
69.83
69.83
69.83
69.80
69.80
69.80
69.80
69.80
69.80
69.79
69.79
69.80
69.79
69.80
69.80
69.80
69.79
69.80
69.79
69.79
69.79
69.79
69.79
69.79
69.81
69.81
69.81
69.82
69.81
69.81
69.81
69.82
69.82
69.82
69.81
69.82
69.81
69.80
69.81
69.81
69.80
69.80
69.80
69.80
69.81
69.80
69.79
69.80
69.79
69.78
69.77
69.78
69.77
69.77
69.77
69.79
69.78
69.78
69.78
69.77
69.76
69.75
69.74
69.74
69.75
69.75
69.73
69.73
69.74
69.75
69.75
69.75
69.76
69.76
69.78
69.78
69.79
69.79
69.79
69.79
69.80
69.80
69.80
69.80
69.81
69.81
69.82
69.82
69.81
69.82
69.79
69.79
69.79
69.79
69.78
69.77
69.76
69.77
69.75
69.74
69.76
69.76
69.75
69.74
69.73
69.72
69.73
69.73
69.73
69.73
69.74
69.68
