75.00
74.22
72.40
73.05
70.94
69.53
69.64
69.14
68.23
68.59
69.18
69.53
69.83
69.98
70.31
69.53
69.30
69.36
69.57
69.61
70.09
69.96
70.11
70.38
70.25
69.95
70.25
70.37
70.20
70.16
70.16
70.21
70.27
70.36
70.36
70.36
70.44
70.52
70.79
70.62
70.77
71.02
70.86
70.67
70.38
70.28
70.15
70.25
70.18
70.06
70.01
69.98
69.93
69.99
69.89
69.92
70.01
70.15
70.13
70.16
70.16
70.21
70.16
70.00
70.00
69.91
69.96
69.94
69.95
69.87
69.81
69.88
69.91
70.00
69.98
69.94
70.09
70.03
70.00
70.12
70.12
70.05
70.14
70.15
70.15
70.22
70.22
70.10
70.03
70.05
69.99
69.99
70.06
70.03
70.00
70.00
69.91
69.96
69.84
69.94
69.89
69.90
69.95
70.03
70.04
70.06
70.06
70.02
70.04
70.00
69.99
69.96
70.06
70.07
70.08
70.03
70.06
70.13
70.17
70.21
70.25
70.26
70.21
70.24
70.29
70.21
70.24
70.21
70.18
70.12
70.00
69.99
70.01
70.03
70.03
69.99
70.05
70.04
70.03
69.99
70.01
70.00
69.95
69.94
69.87
69.91
69.89
69.83
69.87
69.91
69.88
69.84
69.76
69.76
69.74
69.75
69.75
69.74
69.70
69.67
69.67
69.66
69.65
69.66
69.72
69.66
69.57
69.63
69.65
69.65
69.65
69.65
69.65
69.65
69.67
69.65
69.66
69.64
69.61
69.63
69.65
69.68
69.69
69.68
69.70
69.72
69.76
69.75
69.76
69.72
69.75
69.72
69.73
69.71
69.73
69.75
69.73
69.71
69.78
69.77
69.78
69.78
69.78
69.84
69.82
69.82
69.81
69.77
69.76
69.74
69.74
69.76
69.78
69.76
69.75
69.73
69.71
69.71
69.71
69.69
69.70
69.71
69.74
69.75
69.74
69.78
69.79
69.82
69.81
69.83
69.85
69.85
69.87
69.90
69.86
69.86
69.84
69.87
69.92
69.93
69.96
69.97
69.95
69.93
69.99
70.01
70.03
70.04
70.02
70.01
70.03
69.98
69.97
69.95
69.93
69.93
69.95
69.98
69.99
70.01
70.03
70.06
70.06
70.05
70.04
70.04
70.04
70.06
70.06
70.09
70.09
70.06
70.04
70.06
70.04
70.07
70.10
70.10
70.09
70.09
70.10
70.12
70.12
70.10
70.13
70.10
70.07
70.05
69.99
70.02
69.99
70.01
70.02
69.99
69.93
69.92
69.92
69.93
69.92
69.92
69.91
69.89
69.94
69.93
69.90
69.92
69.92
69.96
69.96
69.95
69.95
69.95
69.95
69.97
70.00
69.99
69.99
70.02
70.04
70.03
70.04
70.03
70.03
70.04
70.06
70.07
70.04
70.04
70.02
70.02
70.03
70.06
70.08
70.07
70.06
70.06
70.07
70.08
70.05
70.05
70.05
70.03
70.03
70.03
70.00
69.97
69.96
69.95
69.95
69.95
69.96
69.96
69.95
69.96
69.98
69.98
69.93
69.95
69.95
69.95
69.97
69.98
69.99
70.00
70.01
70.02
69.99
69.99
69.99
69.98
70.00
70.00
69.98
69.98
69.99
70.00
70.00
69.99
69.99
69.99
70.01
70.02
70.04
70.05
70.04
70.05
70.04
70.04
70.02
70.01
70.02
70.03
70.02
70.05
70.06
70.06
70.06
70.06
70.06
70.05
70.03
70.04
70.05
70.02
69.99
69.97
69.99
69.99
69.97
69.97
69.97
69.98
69.98
69.98
69.97
69.98
69.96
69.98
69.98
69.98
69.97
69.95
69.94
69.93
69.92
69.93
69.92
69.92
69.90
69.91
69.91
69.91
69.91
69.90
69.89
69.87
69.87
69.87
69.87
69.84
69.85
69.83
69.84
69.85
69.86
69.85
69.83
69.82
69.83
69.83
69.82
69.81
69.84
69.83
69.83
69.83
69.84
69.83
69.83
69.85
69.86
69.85
69.88
69.90
69.88
69.88
69.89
69.88
69.86
69.86
69.86
69.89
69.89
69.90
69.90
69.90
69.91
69.90
69.91
69.91
69.92
69.90
69.89
69.88
69.88
69.88
69.90
69.93
69.94
69.95
69.96
69.94
69.95
69.94
69.93
69.92
69.94
69.94
69.92
69.93
69.91
69.91
69.89
69.90
69.90
69.90
69.91
69.90
69.90
69.90
69.91
69.89
69.88
69.89
69.90
69.91
69.91
69.90
69.91
69.90
69.91
69.92
69.91
69.93
69.93
69.91
69.90
69.88
69.88
69.86
69.87
69.88
69.86
69.88
69.89
69.92
69.90
69.90
69.89
69.90
69.89
69.90
69.90
69.90
69.92
69.91
69.90
69.91
69.91
69.91
69.92
69.92
69.93
69.92
69.93
69.91
69.93
69.90
69.90
69.90
69.92
69.93
69.91
69.90
69.89
69.90
69.91
69.88
69.88
69.85
69.87
69.85
69.86
69.88
69.87
69.88
69.88
69.88
69.90
69.90
69.90
69.91
69.91
69.91
69.91
69.89
69.88
69.87
69.87
69.87
69.87
69.87
69.87
69.87
69.87
69.86
69.86
69.85
69.86
69.85
69.85
69.85
69.85
69.86
69.85
69.87
69.86
69.87
69.88
69.87
69.88
69.87
69.86
69.85
69.84
69.84
69.84
69.84
69.85
69.84
69.83
69.84
69.83
69.83
69.83
69.85
69.84
69.83
69.82
69.83
69.82
69.83
69.82
69.80
69.78
69.77
69.77
69.77
69.77
69.76
69.77
69.76
69.76
69.76
69.77
69.77
69.78
69.77
69.75
69.75
69.74
69.72
69.73
69.73
69.73
69.72
69.72
69.72
69.70
69.70
69.69
69.70
69.71
69.71
69.69
69.68
69.69
69.70
69.70
69.69
69.68
69.68
69.69
69.68
69.68
69.67
69.67
69.68
69.68
69.69
69.68
69.69
69.70
69.70
69.70
69.69
69.68
69.69
69.69
69.67
69.67
69.66
69.66
69.67
69.67
69.68
69.67
69.68
69.67
69.67
69.65
69.64
69.65
69.63
69.65
69.65
69.65
69.65
69.66
69.67
69.66
69.66
69.66
69.67
69.67
69.66
69.66
69.66
69.67
69.68
69.68
69.67
69.69
69.70
69.68
69.68
69.67
69.68
69.68
69.67
69.67
69.68
69.68
69.69
69.69
69.68
69.68
69.69
69.69
69.69
69.69
69.68
69.68
69.69
69.70
69.70
69.68
69.68
69.69
69.71
69.71
69.70
69.69
69.69
69.70
69.70
69.71
69.73
69.72
69.72
69.73
69.73
69.71
69.72
69.71
69.70
69.71
69.71
69.71
69.72
69.71
69.70
69.71
69.72
69.72
69.72
69.71
69.73
69.73
69.74
69.74
69.68
