60.94
67.19
67.71
69.92
70.00
70.31
70.76
69.53
69.27
70.31
70.03
69.53
69.83
69.64
70.00
70.70
70.68
70.92
70.64
70.23
70.01
70.24
69.97
70.25
70.50
70.01
69.85
69.75
69.88
70.05
69.96
69.73
69.70
69.58
69.73
69.70
69.81
69.82
69.67
69.69
69.78
69.83
69.80
69.67
69.86
69.87
69.91
69.76
69.87
69.81
69.91
69.83
69.90
69.76
69.46
69.81
69.74
69.72
69.84
69.90
70.06
70.19
70.09
69.97
70.05
69.96
70.06
70.13
70.00
69.98
69.98
70.12
70.12
70.14
70.15
70.05
69.97
69.79
69.64
69.55
69.58
69.57
69.48
69.53
69.50
69.39
69.29
69.30
69.31
69.22
69.18
69.14
69.10
69.15
69.18
69.19
69.27
69.18
69.11
69.11
69.17
69.19
69.11
69.19
69.17
69.21
69.23
69.30
69.38
69.39
69.38
69.41
69.40
69.46
69.39
69.34
69.34
69.37
69.37
69.35
69.41
69.38
69.26
69.32
69.24
69.23
69.29
69.35
69.42
69.41
69.45
69.45
69.47
69.54
69.53
69.49
69.53
69.47
69.45
69.34
69.29
69.34
69.32
69.27
69.25
69.32
69.38
69.32
69.37
69.48
69.46
69.53
69.50
69.54
69.62
69.57
69.53
69.53
69.62
69.65
69.62
69.60
69.57
69.52
69.55
69.52
69.55
69.52
69.51
69.52
69.53
69.53
69.51
69.55
69.49
69.52
69.52
69.51
69.52
69.54
69.51
69.39
69.37
69.36
69.35
69.32
69.33
69.35
69.35
69.34
69.37
69.31
69.25
69.27
69.25
69.24
69.19
69.18
69.20
69.20
69.12
69.13
69.15
69.20
69.25
69.24
69.22
69.26
69.25
69.26
69.24
69.18
69.19
69.22
69.17
69.20
69.20
69.14
69.14
69.17
69.17
69.19
69.18
69.15
69.10
69.07
69.14
69.16
69.17
69.18
69.14
69.11
69.13
69.17
69.16
69.17
69.14
69.15
69.15
69.14
69.13
69.10
69.10
69.07
69.05
69.05
69.04
69.06
69.04
69.06
69.07
69.13
69.15
69.17
69.21
69.18
69.17
69.19
69.20
69.22
69.25
69.25
69.20
69.19
69.17
69.20
69.17
69.16
69.20
69.24
69.25
69.22
69.22
69.18
69.21
69.18
69.16
69.14
69.11
69.15
69.12
69.10
69.10
69.13
69.13
69.18
69.19
69.16
69.16
69.13
69.14
69.14
69.12
69.10
69.12
69.15
69.13
69.07
69.05
69.05
69.05
69.04
69.08
69.10
69.14
69.14
69.14
69.16
69.17
69.21
69.21
69.20
69.19
69.19
69.20
69.21
69.23
69.22
69.23
69.21
69.22
69.23
69.20
69.20
69.18
69.19
69.20
69.20
69.20
69.19
69.18
69.20
69.18
69.20
69.17
69.12
69.08
69.09
69.10
69.09
69.07
69.05
69.06
69.08
69.06
69.07
69.09
69.08
69.12
69.11
69.09
69.09
69.08
69.09
69.08
69.08
69.10
69.13
69.12
69.14
69.14
69.13
69.13
69.16
69.16
69.15
69.12
69.14
69.15
69.15
69.15
69.17
69.18
69.16
69.15
69.14
69.14
69.13
69.13
69.12
69.14
69.13
69.13
69.12
69.12
69.11
69.12
69.13
69.12
69.13
69.12
69.13
69.17
69.18
69.18
69.18
69.19
69.19
69.19
69.19
69.21
69.21
69.23
69.21
69.21
69.20
69.21
69.21
69.23
69.25
69.23
69.26
69.26
69.26
69.28
69.28
69.29
69.29
69.27
69.30
69.30
69.29
69.26
69.27
69.30
69.30
69.27
69.29
69.33
69.30
69.30
69.31
69.33
69.33
69.34
69.34
69.35
69.36
69.37
69.35
69.35
69.34
69.31
69.32
69.30
69.31
69.31
69.30
69.29
69.26
69.26
69.27
69.27
69.26
69.27
69.27
69.27
69.27
69.28
69.27
69.28
69.28
69.28
69.29
69.29
69.31
69.30
69.30
69.30
69.30
69.29
69.29
69.28
69.30
69.31
69.30
69.31
69.31
69.31
69.33
69.34
69.34
69.34
69.33
69.34
69.35
69.35
69.37
69.37
69.39
69.38
69.40
69.40
69.40
69.40
69.39
69.41
69.41
69.40
69.42
69.43
69.44
69.46
69.46
69.46
69.46
69.46
69.47
69.46
69.47
69.47
69.49
69.49
69.49
69.49
69.51
69.50
69.48
69.50
69.49
69.49
69.48
69.50
69.50
69.49
69.48
69.48
69.47
69.47
69.47
69.49
69.50
69.50
69.50
69.49
69.50
69.51
69.51
69.48
69.48
69.50
69.51
69.52
69.53
69.54
69.54
69.53
69.53
69.53
69.55
69.54
69.54
69.54
69.56
69.56
69.55
69.55
69.55
69.53
69.53
69.52
69.54
69.53
69.52
69.53
69.52
69.53
69.53
69.53
69.53
69.54
69.54
69.54
69.53
69.54
69.53
69.54
69.55
69.55
69.55
69.55
69.55
69.56
69.55
69.54
69.52
69.51
69.51
69.51
69.52
69.52
69.51
69.51
69.52
69.52
69.52
69.51
69.52
69.52
69.54
69.52
69.53
69.53
69.54
69.55
69.55
69.56
69.54
69.54
69.54
69.55
69.54
69.54
69.55
69.55
69.55
69.56
69.56
69.57
69.57
69.57
69.56
69.56
69.57
69.56
69.56
69.56
69.55
69.55
69.55
69.56
69.57
69.56
69.56
69.55
69.57
69.58
69.59
69.60
69.59
69.59
69.59
69.59
69.60
69.61
69.61
69.62
69.64
69.65
69.66
69.66
69.66
69.66
69.67
69.67
69.66
69.67
69.68
69.68
69.67
69.66
69.65
69.65
69.64
69.64
69.65
69.65
69.66
69.66
69.66
69.65
69.66
69.67
69.67
69.65
69.65
69.64
69.65
69.67
69.67
69.67
69.68
69.67
69.67
69.66
69.66
69.66
69.66
69.66
69.65
69.65
69.65
69.65
69.65
69.64
69.63
69.62
69.61
69.60
69.60
69.59
69.59
69.59
69.60
69.62
69.62
69.61
69.61
69.61
69.62
69.62
69.63
69.64
69.65
69.66
69.68
69.68
69.68
69.68
69.68
69.68
69.67
69.68
69.67
69.68
69.68
69.67
69.66
69.66
69.68
69.68
69.67
69.68
69.68
69.68
69.67
69.67
69.66
69.65
69.66
69.67
69.66
69.66
69.68
69.67
69.66
69.67
69.66
69.67
69.68
69.68
69.69
69.68
69.67
69.67
69.66
69.66
69.66
69.66
69.67
69.68
69.68
69.68
69.68
69.67
69.65
69.66
69.67
69.68
69.69
69.70
69.69
69.70
69.71
69.72
69.72
69.74
69.74
69.75
69.74
69.75
69.68
