70.31
71.88
72.40
70.70
70.00
67.97
69.87
69.73
69.44
69.84
69.18
69.40
70.43
70.42
70.73
71.48
71.32
71.35
71.79
71.56
71.80
71.80
71.81
71.74
71.19
71.63
71.64
71.88
71.71
71.82
71.93
71.92
71.88
71.88
71.56
71.35
71.24
71.01
71.11
71.13
71.30
71.24
71.40
71.45
71.39
71.23
71.08
71.13
71.14
71.09
71.20
71.06
70.84
70.75
70.88
70.81
70.81
70.85
70.95
70.89
70.80
70.61
70.46
70.39
70.34
70.41
70.48
70.34
70.15
70.16
70.09
70.20
70.21
70.33
70.25
70.29
70.35
70.27
70.41
70.37
70.25
70.37
70.43
70.35
70.40
70.51
70.62
70.56
70.66
70.62
70.67
70.64
70.56
70.64
70.59
70.56
70.46
70.44
70.36
70.36
70.37
70.34
70.27
70.25
70.25
70.21
70.22
70.20
70.23
70.21
70.24
70.23
70.16
70.23
70.23
70.23
70.23
70.22
70.25
70.27
70.25
70.22
70.17
70.12
70.12
70.20
70.14
70.15
70.19
70.13
70.16
70.19
70.11
70.08
70.08
70.03
69.98
70.03
70.05
70.00
69.99
70.00
70.00
70.04
70.02
69.96
69.99
69.99
70.02
69.96
69.96
69.96
70.00
70.03
70.01
69.98
69.94
69.95
69.96
70.00
70.03
70.08
70.05
70.02
70.02
70.03
69.97
69.99
69.97
69.95
69.96
69.98
70.01
70.00
70.03
70.03
70.01
70.01
69.99
69.99
70.04
70.02
70.00
70.01
69.97
69.91
69.92
69.91
69.89
69.85
69.86
69.91
69.92
69.87
69.87
69.80
69.85
69.78
69.78
69.79
69.83
69.84
69.79
69.78
69.76
69.74
69.76
69.78
69.76
69.78
69.77
69.73
69.73
69.72
69.74
69.74
69.71
69.70
69.70
69.64
69.68
69.64
69.64
69.64
69.63
69.61
69.63
69.63
69.64
69.65
69.62
69.62
69.63
69.62
69.61
69.62
69.60
69.58
69.59
69.60
69.62
69.63
69.65
69.65
69.68
69.68
69.69
69.67
69.69
69.68
69.64
69.67
69.66
69.63
69.59
69.59
69.62
69.64
69.62
69.62
69.61
69.59
69.59
69.60
69.60
69.63
69.64
69.68
69.65
69.67
69.66
69.64
69.63
69.61
69.61
69.62
69.60
69.60
69.57
69.56
69.57
69.56
69.58
69.55
69.56
69.55
69.55
69.56
69.57
69.56
69.54
69.52
69.51
69.51
69.49
69.49
69.48
69.49
69.53
69.52
69.51
69.52
69.56
69.58
69.56
69.57
69.53
69.55
69.54
69.58
69.57
69.58
69.54
69.53
69.54
69.52
69.50
69.52
69.53
69.54
69.52
69.54
69.55
69.54
69.54
69.54
69.56
69.56
69.58
69.58
69.60
69.59
69.57
69.58
69.59
69.57
69.57
69.57
69.54
69.53
69.54
69.54
69.56
69.54
69.55
69.56
69.62
69.60
69.62
69.63
69.63
69.58
69.57
69.51
69.53
69.54
69.54
69.56
69.56
69.54
69.55
69.56
69.58
69.57
69.59
69.62
69.61
69.60
69.60
69.61
69.62
69.63
69.60
69.57
69.57
69.58
69.56
69.58
69.60
69.59
69.59
69.60
69.60
69.55
69.53
69.55
69.53
69.52
69.52
69.51
69.53
69.54
69.54
69.55
69.53
69.55
69.56
69.54
69.54
69.55
69.55
69.55
69.55
69.52
69.53
69.50
69.53
69.56
69.57
69.59
69.58
69.58
69.57
69.60
69.59
69.60
69.62
69.59
69.59
69.60
69.59
69.60
69.58
69.57
69.57
69.56
69.56
69.56
69.55
69.52
69.52
69.55
69.58
69.57
69.58
69.58
69.57
69.58
69.58
69.57
69.58
69.60
69.64
69.64
69.64
69.65
69.63
69.64
69.64
69.65
69.64
69.61
69.64
69.63
69.65
69.65
69.65
69.64
69.67
69.67
69.68
69.68
69.66
69.65
69.64
69.65
69.66
69.66
69.66
69.66
69.66
69.64
69.64
69.62
69.61
69.60
69.61
69.61
69.60
69.61
69.60
69.61
69.59
69.61
69.61
69.62
69.63
69.62
69.64
69.62
69.64
69.62
69.60
69.59
69.59
69.57
69.59
69.58
69.56
69.56
69.55
69.54
69.54
69.54
69.55
69.57
69.59
69.58
69.58
69.55
69.55
69.55
69.55
69.56
69.55
69.55
69.55
69.57
69.56
69.56
69.57
69.56
69.57
69.56
69.54
69.53
69.51
69.50
69.51
69.51
69.52
69.51
69.52
69.50
69.51
69.52
69.53
69.54
69.54
69.54
69.54
69.53
69.55
69.57
69.57
69.58
69.57
69.58
69.59
69.57
69.58
69.57
69.59
69.57
69.56
69.56
69.56
69.58
69.58
69.59
69.58
69.57
69.57
69.55
69.56
69.56
69.58
69.58
69.58
69.56
69.54
69.52
69.52
69.52
69.53
69.52
69.53
69.52
69.52
69.53
69.53
69.53
69.54
69.53
69.52
69.53
69.52
69.53
69.54
69.56
69.57
69.57
69.57
69.59
69.59
69.58
69.57
69.58
69.59
69.59
69.59
69.59
69.59
69.59
69.59
69.60
69.60
69.60
69.61
69.61
69.60
69.61
69.62
69.62
69.63
69.62
69.63
69.65
69.64
69.64
69.65
69.66
69.65
69.66
69.66
69.66
69.66
69.65
69.65
69.67
69.66
69.66
69.67
69.66
69.65
69.65
69.66
69.66
69.66
69.66
69.64
69.65
69.66
69.65
69.66
69.65
69.63
69.64
69.63
69.62
69.63
69.62
69.62
69.64
69.65
69.65
69.65
69.67
69.67
69.67
69.66
69.67
69.66
69.67
69.66
69.65
69.64
69.63
69.64
69.64
69.63
69.63
69.63
69.64
69.64
69.64
69.65
69.65
69.66
69.65
69.65
69.66
69.65
69.65
69.64
69.65
69.65
69.65
69.66
69.66
69.66
69.64
69.66
69.66
69.67
69.67
69.68
69.67
69.66
69.67
69.67
69.67
69.67
69.67
69.67
69.68
69.68
69.69
69.68
69.68
69.69
69.70
69.71
69.70
69.72
69.71
69.71
69.71
69.71
69.71
69.72
69.73
69.73
69.76
69.75
69.75
69.75
69.75
69.76
69.75
69.74
69.73
69.73
69.74
69.74
69.74
69.74
69.75
69.76
69.77
69.77
69.77
69.76
69.77
69.77
69.78
69.77
69.77
69.78
69.79
69.77
69.77
69.76
69.76
69.77
69.76
69.77
69.77
69.76
69.76
69.76
69.76
69.75
69.76
69.74
69.76
69.76
69.76
69.75
69.75
69.76
69.76
69.75
69.75
69.75
69.75
69.77
69.75
69.75
69.76
69.76
69.69
