65.62
67.97
69.27
67.58
66.25
65.89
66.74
66.02
66.49
67.03
67.05
67.06
67.55
68.19
68.65
68.46
68.57
68.32
68.09
67.81
67.56
67.68
66.92
67.51
67.62
67.61
67.48
67.91
67.73
67.71
67.84
67.68
67.80
67.88
67.90
67.66
67.65
67.80
67.95
68.16
68.25
68.42
68.57
68.82
68.78
68.75
68.72
68.82
68.85
68.91
68.84
68.87
68.81
68.69
68.75
68.89
68.97
69.10
68.88
68.85
68.98
68.98
68.97
69.12
69.04
68.99
68.82
68.77
68.75
68.64
68.62
68.73
68.60
68.48
68.46
68.50
68.43
68.41
68.30
68.26
68.29
68.29
68.37
68.38
68.38
68.28
68.23
68.32
68.36
68.39
68.34
68.43
68.36
68.47
68.50
68.46
68.52
68.51
68.51
68.52
68.56
68.50
68.51
68.52
68.51
68.53
68.57
68.55
68.59
68.64
68.50
68.44
68.43
68.39
68.32
68.29
68.34
68.35
68.46
68.48
68.39
68.37
68.32
68.30
68.30
68.37
68.36
68.40
68.29
68.31
68.30
68.31
68.28
68.30
68.31
68.28
68.26
68.24
68.28
68.31
68.34
68.40
68.43
68.46
68.47
68.45
68.41
68.39
68.45
68.44
68.41
68.40
68.43
68.44
68.50
68.50
68.47
68.47
68.50
68.51
68.53
68.48
68.45
68.48
68.48
68.44
68.47
68.47
68.51
68.52
68.50
68.50
68.52
68.52
68.52
68.50
68.56
68.60
68.55
68.58
68.60
68.64
68.63
68.59
68.59
68.59
68.58
68.63
68.68
68.72
68.74
68.77
68.75
68.71
68.76
68.81
68.78
68.77
68.72
68.69
68.66
68.68
68.71
68.70
68.76
68.76
68.70
68.72
68.69
68.70
68.71
68.72
68.72
68.71
68.71
68.74
68.71
68.68
68.66
68.68
68.69
68.69
68.67
68.69
68.68
68.69
68.65
68.61
68.60
68.57
68.59
68.58
68.58
68.60
68.62
68.56
68.55
68.63
68.60
68.63
68.64
68.67
68.65
68.67
68.69
68.70
68.69
68.71
68.73
68.74
68.79
68.77
68.80
68.74
68.77
68.81
68.83
68.82
68.80
68.81
68.80
68.83
68.82
68.84
68.84
68.86
68.88
68.84
68.85
68.82
68.81
68.78
68.78
68.74
68.74
68.76
68.77
68.78
68.76
68.76
68.78
68.76
68.72
68.70
68.69
68.71
68.70
68.68
68.68
68.69
68.69
68.69
68.65
68.65
68.64
68.62
68.60
68.59
68.58
68.55
68.53
68.52
68.53
68.58
68.59
68.58
68.56
68.59
68.56
68.55
68.53
68.49
68.48
68.50
68.50
68.47
68.47
68.47
68.46
68.45
68.48
68.48
68.45
68.43
68.44
68.45
68.47
68.44
68.43
68.44
68.43
68.42
68.41
68.40
68.40
68.39
68.42
68.41
68.38
68.39
68.40
68.39
68.39
68.39
68.38
68.41
68.39
68.39
68.40
68.41
68.38
68.41
68.43
68.41
68.39
68.39
68.40
68.41
68.41
68.39
68.36
68.37
68.40
68.43
68.42
68.40
68.38
68.37
68.38
68.37
68.36
68.37
68.36
68.37
68.38
68.38
68.36
68.39
68.40
68.40
68.39
68.39
68.38
68.40
68.40
68.40
68.39
68.37
68.37
68.37
68.36
68.36
68.34
68.33
68.33
68.34
68.34
68.33
68.34
68.32
68.31
68.30
68.33
68.35
68.37
68.39
68.39
68.41
68.40
68.39
68.38
68.37
68.37
68.36
68.36
68.36
68.35
68.38
68.38
68.39
68.40
68.40
68.42
68.43
68.44
68.43
68.44
68.44
68.45
68.45
68.46
68.49
68.47
68.48
68.46
68.46
68.44
68.42
68.43
68.46
68.46
68.45
68.46
68.48
68.45
68.45
68.44
68.46
68.45
68.44
68.44
68.47
68.44
68.42
68.41
68.41
68.41
68.40
68.42
68.41
68.40
68.41
68.39
68.40
68.40
68.41
68.40
68.39
68.38
68.38
68.38
68.37
68.37
68.36
68.37
68.37
68.34
68.36
68.37
68.36
68.37
68.38
68.39
68.39
68.40
68.39
68.39
68.38
68.39
68.38
68.38
68.38
68.39
68.40
68.38
68.41
68.39
68.39
68.39
68.38
68.40
68.40
68.41
68.43
68.44
68.44
68.44
68.44
68.42
68.42
68.42
68.42
68.42
68.40
68.40
68.40
68.39
68.38
68.39
68.40
68.42
68.40
68.41
68.40
68.41
68.39
68.39
68.40
68.39
68.37
68.39
68.40
68.40
68.41
68.41
68.41
68.40
68.41
68.40
68.39
68.39
68.40
68.42
68.41
68.41
68.38
68.39
68.39
68.39
68.39
68.38
68.38
68.39
68.40
68.39
68.38
68.40
68.40
68.41
68.40
68.42
68.43
68.41
68.40
68.40
68.40
68.39
68.38
68.39
68.39
68.38
68.38
68.38
68.38
68.36
68.34
68.34
68.34
68.33
68.34
68.35
68.36
68.37
68.38
68.36
68.36
68.36
68.36
68.36
68.35
68.36
68.37
68.38
68.39
68.41
68.42
68.42
68.42
68.41
68.40
68.39
68.39
68.38
68.39
68.40
68.39
68.40
68.40
68.39
68.38
68.38
68.38
68.39
68.39
68.39
68.36
68.37
68.36
68.37
68.37
68.36
68.36
68.37
68.37
68.37
68.37
68.38
68.37
68.37
68.39
68.38
68.37
68.36
68.36
68.37
68.36
68.36
68.36
68.39
68.38
68.40
68.41
68.40
68.40
68.40
68.40
68.39
68.40
68.37
68.34
68.36
68.36
68.37
68.36
68.37
68.38
68.39
68.38
68.38
68.37
68.37
68.37
68.37
68.37
68.37
68.38
68.39
68.39
68.37
68.37
68.38
68.38
68.38
68.38
68.40
68.41
68.41
68.42
68.43
68.42
68.41
68.42
68.42
68.43
68.42
68.43
68.43
68.45
68.46
68.45
68.46
68.46
68.45
68.45
68.45
68.46
68.47
68.47
68.47
68.48
68.48
68.48
68.47
68.46
68.46
68.46
68.45
68.46
68.46
68.45
68.45
68.46
68.46
68.45
68.46
68.45
68.45
68.44
68.42
68.42
68.41
68.42
68.42
68.41
68.41
68.40
68.40
68.41
68.40
68.42
68.41
68.41
68.41
68.42
68.42
68.43
68.44
68.43
68.43
68.44
68.44
68.45
68.45
68.46
68.47
68.47
68.46
68.46
68.46
68.47
68.46
68.44
68.44
68.45
68.44
68.44
68.44
68.45
68.44
68.44
68.44
68.45
68.46
68.46
68.45
68.46
68.46
68.46
68.46
68.46
68.45
68.46
68.46
68.47
68.46
68.46
68.45
68.45
68.45
68.45
68.46
68.39
