73.44
66.41
65.62
65.23
65.62
65.89
65.40
64.84
63.89
64.53
64.35
63.54
63.70
63.73
63.75
64.16
64.25
63.80
64.06
63.91
64.66
64.35
64.47
64.65
64.31
64.54
64.41
64.17
63.90
63.59
63.66
63.57
63.78
63.79
63.79
63.67
63.60
63.45
63.26
63.59
63.64
63.76
63.37
63.21
63.37
63.59
63.73
63.83
64.00
64.00
64.15
63.97
64.03
64.15
64.20
64.20
64.14
64.14
64.17
64.06
64.04
64.06
64.16
64.16
64.18
64.11
64.27
64.13
64.20
64.24
64.39
64.43
64.34
64.29
64.21
64.23
64.35
64.36
64.44
64.41
64.45
64.46
64.55
64.40
64.38
64.34
64.33
64.31
64.29
64.13
64.10
64.08
64.10
64.06
63.95
64.03
64.03
64.00
63.97
64.00
64.02
64.02
64.08
64.03
64.14
64.12
64.16
64.06
64.12
64.19
64.15
64.10
64.10
64.09
63.94
63.93
63.97
63.92
63.97
64.04
64.05
63.97
63.95
63.86
63.92
63.94
63.89
63.84
63.86
63.89
63.88
63.80
63.78
63.83
63.81
63.84
63.89
63.87
63.89
63.91
63.91
63.96
63.93
63.96
63.91
63.92
63.95
63.91
63.89
63.97
63.95
63.98
64.04
64.02
64.04
64.08
64.10
64.10
64.12
64.12
64.11
64.17
64.21
64.19
64.18
64.17
64.08
64.03
64.03
64.07
64.08
64.08
64.10
64.11
64.12
64.13
64.14
64.14
64.18
64.19
64.17
64.18
64.23
64.27
64.32
64.31
64.25
64.23
64.24
64.28
64.27
64.24
64.22
64.19
64.20
64.26
64.28
64.31
64.31
64.27
64.30
64.27
64.27
64.26
64.28
64.26
64.28
64.27
64.23
64.21
64.24
64.22
64.25
64.25
64.25
64.27
64.26
64.27
64.26
64.28
64.32
64.34
64.36
64.36
64.38
64.37
64.38
64.33
64.31
64.31
64.31
64.30
64.34
64.33
64.35
64.39
64.43
64.40
64.38
64.42
64.44
64.46
64.47
64.43
64.43
64.43
64.44
64.42
64.40
64.39
64.36
64.35
64.40
64.46
64.45
64.41
64.45
64.44
64.46
64.48
64.51
64.55
64.57
64.58
64.59
64.59
64.58
64.57
64.59
64.59
64.58
64.57
64.55
64.56
64.56
64.55
64.59
64.56
64.54
64.53
64.53
64.54
64.53
64.56
64.57
64.58
64.60
64.61
64.62
64.62
64.62
64.62
64.62
64.62
64.57
64.55
64.55
64.57
64.56
64.52
64.52
64.51
64.54
64.56
64.54
64.57
64.55
64.56
64.58
64.57
64.58
64.58
64.58
64.54
64.52
64.47
64.45
64.45
64.47
64.44
64.43
64.39
64.39
64.40
64.40
64.39
64.41
64.38
64.39
64.37
64.39
64.39
64.41
64.40
64.43
64.44
64.42
64.40
64.41
64.40
64.42
64.42
64.41
64.40
64.39
64.38
64.36
64.39
64.42
64.43
64.45
64.48
64.49
64.48
64.48
64.51
64.49
64.51
64.51
64.53
64.53
64.53
64.56
64.55
64.56
64.56
64.55
64.55
64.55
64.59
64.59
64.62
64.62
64.64
64.61
64.61
64.61
64.60
64.58
64.59
64.60
64.60
64.63
64.62
64.60
64.60
64.59
64.57
64.58
64.57
64.59
64.60
64.61
64.61
64.60
64.59
64.59
64.57
64.56
64.54
64.54
64.54
64.55
64.54
64.53
64.54
64.54
64.55
64.56
64.58
64.61
64.60
64.58
64.59
64.60
64.62
64.62
64.61
64.63
64.64
64.62
64.64
64.64
64.61
64.61
64.62
64.63
64.62
64.60
64.61
64.61
64.60
64.60
64.60
64.60
64.61
64.59
64.61
64.59
64.60
64.59
64.59
64.58
64.58
64.60
64.61
64.61
64.58
64.61
64.60
64.60
64.61
64.62
64.64
64.65
64.64
64.64
64.63
64.63
64.62
64.62
64.64
64.65
64.66
64.68
64.64
64.64
64.64
64.64
64.62
64.62
64.62
64.63
64.66
64.66
64.66
64.67
64.66
64.67
64.64
64.64
64.64
64.65
64.64
64.62
64.63
64.64
64.64
64.64
64.64
64.64
64.64
64.64
64.64
64.65
64.65
64.64
64.64
64.64
64.64
64.64
64.64
64.64
64.62
64.62
64.63
64.61
64.62
64.62
64.60
64.61
64.64
64.64
64.64
64.63
64.62
64.62
64.62
64.64
64.65
64.65
64.67
64.69
64.66
64.68
64.68
64.67
64.66
64.64
64.64
64.64
64.64
64.63
64.65
64.67
64.68
64.70
64.72
64.71
64.72
64.72
64.72
64.69
64.69
64.69
64.68
64.69
64.69
64.69
64.70
64.71
64.69
64.69
64.69
64.70
64.71
64.72
64.73
64.73
64.74
64.73
64.73
64.73
64.72
64.73
64.73
64.74
64.73
64.74
64.76
64.75
64.73
64.73
64.74
64.74
64.75
64.74
64.73
64.72
64.71
64.70
64.69
64.69
64.69
64.69
64.68
64.68
64.69
64.68
64.68
64.69
64.69
64.68
64.67
64.68
64.68
64.68
64.68
64.68
64.68
64.67
64.67
64.69
64.68
64.69
64.69
64.70
64.70
64.69
64.67
64.68
64.68
64.68
64.69
64.70
64.71
64.70
64.70
64.69
64.70
64.70
64.69
64.70
64.69
64.68
64.69
64.70
64.69
64.70
64.70
64.69
64.71
64.70
64.71
64.70
64.71
64.71
64.70
64.71
64.72
64.73
64.73
64.74
64.74
64.76
64.75
64.75
64.76
64.75
64.74
64.74
64.74
64.74
64.75
64.74
64.75
64.74
64.75
64.74
64.73
64.73
64.73
64.73
64.74
64.74
64.75
64.77
64.77
64.77
64.76
64.77
64.78
64.78
64.78
64.79
64.78
64.77
64.76
64.75
64.74
64.75
64.76
64.76
64.76
64.76
64.77
64.76
64.76
64.75
64.75
64.75
64.75
64.74
64.74
64.74
64.74
64.76
64.75
64.75
64.74
64.72
64.71
64.71
64.71
64.70
64.72
64.71
64.70
64.69
64.68
64.68
64.67
64.68
64.68
64.68
64.67
64.68
64.68
64.68
64.68
64.69
64.70
64.71
64.71
64.70
64.70
64.71
64.71
64.71
64.71
64.70
64.71
64.72
64.74
64.73
64.71
64.73
64.73
64.74
64.74
64.75
64.76
64.77
64.78
64.79
64.79
64.79
64.79
64.80
64.79
64.79
64.79
64.80
64.78
64.78
64.79
64.78
64.78
64.79
64.80
64.78
64.79
64.79
64.78
64.78
64.78
64.77
64.77
64.76
64.77
64.75
64.76
64.76
64.77
64.76
64.76
64.74
64.75
64.74
64.74
64.74
64.68
