73.44
75.00
72.40
74.22
72.19
73.44
72.32
72.66
72.05
72.03
72.16
71.88
71.51
70.98
70.52
71.09
70.59
70.49
70.48
71.09
71.50
71.45
71.26
71.29
71.44
70.79
70.78
70.70
70.69
70.68
70.46
70.65
70.45
70.40
70.31
70.36
70.10
70.02
69.87
69.80
69.78
69.46
69.69
69.74
69.72
69.77
69.81
69.76
69.87
69.78
69.79
69.71
69.52
69.68
69.63
69.67
69.71
69.77
69.81
69.87
69.70
69.63
69.69
69.73
69.59
69.46
69.45
69.55
69.70
69.55
69.45
69.36
69.33
69.32
69.35
69.35
69.40
69.45
69.60
69.53
69.54
69.53
69.56
69.61
69.67
69.68
69.70
69.67
69.70
69.79
69.78
69.79
69.67
69.73
69.70
69.74
69.72
69.75
69.78
69.80
69.72
69.75
69.72
69.56
69.63
69.49
69.61
69.62
69.68
69.66
69.62
69.59
69.51
69.49
69.43
69.53
69.59
69.62
69.67
69.65
69.65
69.60
69.59
69.64
69.66
69.67
69.69
69.76
69.74
69.69
69.67
69.71
69.73
69.75
69.83
69.76
69.78
69.71
69.67
69.71
69.71
69.74
69.61
69.57
69.57
69.58
69.58
69.59
69.61
69.59
69.63
69.63
69.59
69.55
69.56
69.51
69.51
69.45
69.43
69.49
69.51
69.50
69.46
69.54
69.55
69.58
69.55
69.58
69.62
69.60
69.62
69.63
69.59
69.62
69.60
69.56
69.54
69.54
69.54
69.45
69.41
69.46
69.49
69.44
69.45
69.42
69.41
69.42
69.39
69.40
69.39
69.35
69.35
69.34
69.28
69.29
69.26
69.22
69.21
69.20
69.18
69.18
69.16
69.19
69.15
69.16
69.15
69.13
69.13
69.18
69.21
69.26
69.26
69.28
69.26
69.26
69.31
69.29
69.29
69.26
69.24
69.29
69.28
69.29
69.26
69.30
69.24
69.26
69.24
69.25
69.22
69.21
69.19
69.19
69.24
69.28
69.26
69.26
69.27
69.26
69.28
69.25
69.20
69.19
69.16
69.17
69.13
69.17
69.13
69.18
69.17
69.20
69.21
69.23
69.24
69.29
69.32
69.33
69.34
69.37
69.38
69.41
69.42
69.41
69.39
69.37
69.36
69.33
69.34
69.32
69.33
69.35
69.31
69.32
69.37
69.39
69.39
69.42
69.44
69.46
69.49
69.49
69.52
69.53
69.53
69.54
69.51
69.56
69.58
69.59
69.60
69.60
69.60
69.60
69.59
69.57
69.57
69.59
69.63
69.65
69.67
69.67
69.69
69.69
69.72
69.71
69.69
69.67
69.66
69.67
69.64
69.65
69.63
69.65
69.63
69.61
69.66
69.67
69.66
69.65
69.64
69.63
69.63
69.61
69.63
69.63
69.60
69.62
69.63
69.63
69.62
69.64
69.64
69.64
69.63
69.64
69.65
69.65
69.63
69.67
69.68
69.67
69.67
69.64
69.63
69.64
69.64
69.64
69.64
69.62
69.61
69.58
69.60
69.61
69.59
69.58
69.59
69.62
69.61
69.63
69.61
69.62
69.61
69.60
69.60
69.59
69.62
69.64
69.64
69.64
69.65
69.67
69.69
69.67
69.68
69.68
69.69
69.70
69.71
69.71
69.70
69.74
69.76
69.73
69.74
69.76
69.78
69.77
69.78
69.79
69.77
69.78
69.80
69.81
69.82
69.80
69.79
69.80
69.78
69.77
69.78
69.80
69.78
69.79
69.80
69.79
69.80
69.81
69.82
69.83
69.81
69.83
69.83
69.85
69.85
69.85
69.84
69.85
69.84
69.85
69.85
69.84
69.85
69.85
69.88
69.88
69.86
69.87
69.87
69.88
69.89
69.90
69.90
69.91
69.92
69.93
69.92
69.93
69.92
69.92
69.95
69.97
69.97
69.98
69.98
70.00
70.01
70.01
70.02
69.99
69.99
69.99
69.99
69.99
69.99
69.99
69.98
69.98
69.94
69.95
69.96
69.98
69.96
69.96
69.98
70.00
69.99
69.99
69.97
69.96
69.96
69.95
69.94
69.93
69.94
69.92
69.92
69.90
69.89
69.91
69.90
69.89
69.90
69.91
69.92
69.91
69.91
69.92
69.91
69.90
69.90
69.88
69.88
69.89
69.87
69.87
69.87
69.87
69.89
69.89
69.89
69.90
69.88
69.88
69.87
69.89
69.87
69.86
69.87
69.87
69.87
69.86
69.87
69.87
69.86
69.87
69.87
69.88
69.89
69.90
69.88
69.90
69.88
69.88
69.87
69.88
69.88
69.89
69.89
69.88
69.89
69.89
69.88
69.87
69.86
69.85
69.87
69.87
69.86
69.85
69.84
69.85
69.86
69.84
69.85
69.85
69.84
69.84
69.84
69.84
69.84
69.85
69.85
69.83
69.83
69.83
69.82
69.83
69.82
69.82
69.81
69.83
69.83
69.81
69.81
69.80
69.80
69.80
69.79
69.79
69.79
69.80
69.82
69.81
69.82
69.83
69.83
69.85
69.85
69.85
69.85
69.86
69.86
69.86
69.85
69.86
69.87
69.87
69.88
69.85
69.84
69.83
69.83
69.82
69.82
69.82
69.82
69.82
69.83
69.82
69.83
69.82
69.83
69.83
69.83
69.83
69.84
69.83
69.84
69.83
69.84
69.86
69.85
69.85
69.84
69.85
69.84
69.82
69.82
69.81
69.82
69.81
69.81
69.80
69.79
69.80
69.81
69.81
69.81
69.81
69.82
69.82
69.83
69.80
69.81
69.81
69.82
69.83
69.83
69.83
69.84
69.85
69.85
69.85
69.86
69.85
69.84
69.84
69.84
69.82
69.81
69.82
69.82
69.81
69.82
69.82
69.81
69.80
69.81
69.80
69.80
69.80
69.79
69.79
69.79
69.80
69.80
69.77
69.75
69.75
69.74
69.75
69.76
69.76
69.75
69.76
69.75
69.75
69.73
69.72
69.72
69.72
69.72
69.73
69.73
69.72
69.71
69.71
69.72
69.73
69.74
69.73
69.74
69.74
69.75
69.75
69.75
69.74
69.74
69.74
69.74
69.72
69.72
69.72
69.72
69.72
69.73
69.74
69.73
69.75
69.75
69.74
69.73
69.73
69.74
69.73
69.74
69.74
69.75
69.75
69.75
69.75
69.75
69.74
69.75
69.75
69.75
69.74
69.73
69.74
69.73
69.73
69.72
69.71
69.71
69.70
69.70
69.70
69.71
69.72
69.72
69.71
69.72
69.74
69.74
69.75
69.76
69.76
69.76
69.76
69.75
69.73
69.75
69.74
69.74
69.74
69.73
69.72
69.72
69.72
69.73
69.73
69.73
69.74
69.74
69.75
69.75
69.75
69.75
69.74
69.74
69.73
69.74
69.73
69.74
69.74
69.75
69.74
69.74
69.75
69.76
69.69
