71.88
67.97
68.23
67.58
67.81
69.01
68.75
69.34
69.44
69.22
69.89
69.53
68.63
68.08
68.54
68.65
69.03
69.53
69.33
68.91
68.82
68.54
68.41
68.75
68.62
68.45
68.29
68.36
68.43
68.54
68.75
68.95
68.94
69.16
69.15
69.27
69.21
69.20
68.99
69.06
69.13
69.08
69.11
69.18
69.44
69.43
69.51
69.53
69.55
69.59
69.67
69.83
69.78
69.82
69.94
70.09
70.04
69.94
69.94
70.00
69.93
69.83
69.74
69.78
69.71
69.77
69.85
69.94
69.93
69.89
69.87
69.97
69.97
69.95
69.96
70.02
70.01
70.01
70.00
70.00
69.91
69.82
69.92
69.88
69.89
69.91
69.94
69.85
69.73
69.83
69.95
69.92
69.88
69.80
69.77
69.82
69.81
69.82
69.92
69.98
70.00
69.94
70.02
70.06
70.09
70.03
70.09
70.12
70.08
70.13
70.13
70.13
70.09
70.18
70.23
70.25
70.26
70.19
70.12
70.17
70.17
70.15
70.17
70.16
70.09
70.10
70.15
70.06
70.09
70.05
70.04
70.05
70.08
70.11
70.17
70.17
70.23
70.21
70.13
70.13
70.15
70.13
70.13
70.18
70.15
70.12
70.13
70.10
70.18
70.19
70.19
70.18
70.17
70.18
70.22
70.16
70.18
70.14
70.07
70.07
70.00
69.96
69.97
69.92
69.90
69.94
69.92
69.92
69.91
69.83
69.81
69.82
69.80
69.82
69.79
69.82
69.82
69.83
69.89
69.90
69.88
69.84
69.85
69.86
69.88
69.85
69.89
69.86
69.79
69.79
69.80
69.78
69.76
69.75
69.77
69.73
69.69
69.70
69.73
69.68
69.64
69.59
69.65
69.61
69.56
69.51
69.54
69.56
69.51
69.53
69.52
69.56
69.57
69.53
69.49
69.52
69.54
69.57
69.56
69.57
69.53
69.53
69.55
69.58
69.56
69.57
69.55
69.54
69.52
69.49
69.52
69.50
69.55
69.58
69.61
69.62
69.63
69.64
69.62
69.60
69.64
69.65
69.69
69.68
69.66
69.65
69.65
69.59
69.60
69.59
69.62
69.61
69.58
69.58
69.61
69.63
69.56
69.56
69.57
69.59
69.58
69.58
69.58
69.55
69.52
69.53
69.55
69.54
69.53
69.51
69.54
69.51
69.52
69.54
69.53
69.55
69.55
69.55
69.57
69.56
69.56
69.55
69.53
69.54
69.51
69.51
69.51
69.53
69.53
69.53
69.53
69.54
69.54
69.56
69.54
69.56
69.58
69.57
69.55
69.56
69.58
69.58
69.53
69.50
69.49
69.50
69.47
69.47
69.48
69.50
69.53
69.54
69.53
69.52
69.51
69.53
69.54
69.52
69.54
69.57
69.55
69.57
69.59
69.58
69.55
69.56
69.58
69.61
69.60
69.60
69.60
69.60
69.60
69.62
69.64
69.65
69.62
69.59
69.60
69.60
69.61
69.59
69.59
69.60
69.60
69.59
69.61
69.63
69.61
69.63
69.64
69.63
69.61
69.62
69.62
69.63
69.63
69.62
69.61
69.63
69.63
69.64
69.65
69.65
69.64
69.61
69.61
69.61
69.60
69.60
69.59
69.59
69.60
69.60
69.60
69.62
69.63
69.66
69.64
69.65
69.64
69.65
69.65
69.67
69.66
69.65
69.64
69.63
69.63
69.66
69.65
69.63
69.62
69.59
69.59
69.59
69.59
69.60
69.58
69.60
69.62
69.62
69.63
69.60
69.59
69.59
69.58
69.57
69.56
69.56
69.57
69.55
69.56
69.58
69.57
69.60
69.62
69.62
69.64
69.63
69.63
69.65
69.64
69.64
69.66
69.66
69.65
69.67
69.67
69.67
69.68
69.66
69.66
69.69
69.70
69.74
69.74
69.75
69.76
69.75
69.77
69.78
69.79
69.79
69.78
69.78
69.77
69.78
69.77
69.76
69.77
69.79
69.78
69.78
69.78
69.76
69.77
69.77
69.80
69.79
69.79
69.81
69.80
69.81
69.83
69.84
69.83
69.80
69.80
69.79
69.80
69.79
69.79
69.80
69.80
69.80
69.80
69.82
69.80
69.80
69.79
69.79
69.79
69.76
69.77
69.77
69.76
69.74
69.74
69.74
69.75
69.74
69.76
69.77
69.79
69.79
69.77
69.76
69.76
69.74
69.75
69.75
69.74
69.73
69.73
69.73
69.75
69.74
69.74
69.77
69.76
69.76
69.77
69.77
69.78
69.80
69.81
69.80
69.80
69.80
69.80
69.81
69.81
69.80
69.80
69.81
69.81
69.81
69.80
69.81
69.82
69.83
69.85
69.86
69.86
69.87
69.87
69.86
69.87
69.86
69.87
69.87
69.86
69.86
69.85
69.85
69.84
69.84
69.85
69.84
69.85
69.86
69.86
69.87
69.86
69.88
69.88
69.89
69.89
69.89
69.90
69.90
69.92
69.91
69.91
69.90
69.90
69.89
69.89
69.90
69.90
69.90
69.90
69.90
69.90
69.92
69.93
69.93
69.93
69.91
69.91
69.90
69.90
69.90
69.90
69.90
69.91
69.92
69.91
69.91
69.90
69.89
69.89
69.89
69.89
69.89
69.86
69.88
69.86
69.87
69.87
69.87
69.88
69.89
69.88
69.87
69.87
69.88
69.87
69.84
69.83
69.85
69.85
69.84
69.85
69.86
69.87
69.86
69.85
69.84
69.84
69.85
69.85
69.85
69.83
69.82
69.83
69.81
69.81
69.82
69.82
69.83
69.83
69.84
69.85
69.85
69.85
69.83
69.85
69.84
69.85
69.86
69.87
69.86
69.86
69.86
69.85
69.84
69.84
69.82
69.80
69.79
69.82
69.82
69.81
69.81
69.82
69.83
69.83
69.83
69.84
69.84
69.83
69.81
69.82
69.82
69.81
69.83
69.82
69.83
69.83
69.83
69.83
69.82
69.81
69.81
69.80
69.81
69.80
69.80
69.81
69.81
69.81
69.81
69.81
69.81
69.80
69.80
69.79
69.79
69.79
69.80
69.80
69.79
69.80
69.80
69.80
69.82
69.83
69.82
69.82
69.81
69.82
69.82
69.82
69.82
69.81
69.79
69.79
69.80
69.80
69.79
69.79
69.79
69.77
69.77
69.76
69.77
69.78
69.76
69.76
69.74
69.74
69.73
69.74
69.74
69.73
69.72
69.73
69.74
69.75
69.74
69.75
69.75
69.76
69.76
69.74
69.75
69.74
69.73
69.72
69.71
69.71
69.72
69.72
69.72
69.72
69.72
69.73
69.72
69.72
69.72
69.73
69.73
69.74
69.74
69.73
69.73
69.73
69.73
69.74
69.74
69.73
69.73
69.73
69.73
69.73
69.73
69.74
69.73
69.72
69.72
69.72
69.72
69.73
69.74
69.74
69.74
69.74
69.75
69.74
69.68
