70.31
71.09
67.19
67.19
68.12
67.19
69.20
69.34
69.44
69.69
69.60
69.79
69.35
69.08
68.75
69.04
70.04
69.62
69.57
69.30
69.05
69.32
69.57
69.01
68.75
68.81
68.81
68.92
68.97
69.06
69.35
69.19
68.94
69.12
69.11
68.97
68.92
68.96
68.83
68.83
68.79
69.01
68.82
68.79
68.61
68.78
68.88
69.04
68.97
68.94
68.96
68.93
68.96
68.89
68.89
68.95
69.02
68.91
69.07
69.14
69.01
68.98
69.12
69.29
68.99
69.06
68.94
69.05
69.11
69.11
69.12
69.10
69.22
69.24
69.23
69.28
69.34
69.31
69.44
69.39
69.50
69.38
69.41
69.35
69.28
69.28
69.32
69.21
69.19
69.20
69.30
69.36
69.44
69.40
69.26
69.27
69.25
69.29
69.30
69.28
69.25
69.24
69.25
69.34
69.30
69.31
69.33
69.31
69.27
69.32
69.30
69.31
69.28
69.30
69.23
69.23
69.22
69.31
69.21
69.13
69.09
69.08
69.18
69.17
69.20
69.23
69.22
69.23
69.32
69.39
69.37
69.38
69.36
69.37
69.32
69.30
69.35
69.40
69.44
69.45
69.54
69.49
69.49
69.54
69.54
69.57
69.60
69.63
69.69
69.73
69.71
69.69
69.65
69.72
69.70
69.68
69.63
69.68
69.72
69.67
69.72
69.70
69.69
69.66
69.66
69.65
69.70
69.71
69.68
69.64
69.65
69.61
69.58
69.57
69.51
69.49
69.47
69.42
69.38
69.41
69.45
69.53
69.51
69.55
69.51
69.53
69.54
69.52
69.56
69.54
69.55
69.54
69.53
69.54
69.52
69.58
69.61
69.61
69.61
69.66
69.64
69.63
69.67
69.69
69.69
69.68
69.66
69.64
69.65
69.66
69.65
69.67
69.67
69.70
69.69
69.68
69.67
69.72
69.72
69.74
69.75
69.76
69.79
69.75
69.76
69.82
69.83
69.85
69.88
69.86
69.83
69.79
69.76
69.79
69.77
69.74
69.71
69.73
69.76
69.78
69.72
69.72
69.73
69.72
69.72
69.72
69.76
69.76
69.79
69.79
69.74
69.71
69.69
69.67
69.66
69.67
69.69
69.67
69.67
69.67
69.68
69.67
69.69
69.71
69.68
69.70
69.71
69.74
69.72
69.75
69.76
69.77
69.77
69.77
69.77
69.77
69.76
69.73
69.74
69.77
69.77
69.76
69.77
69.80
69.78
69.78
69.78
69.79
69.77
69.78
69.80
69.78
69.76
69.79
69.79
69.76
69.80
69.81
69.83
69.84
69.86
69.86
69.89
69.90
69.89
69.88
69.90
69.91
69.89
69.87
69.88
69.85
69.83
69.82
69.81
69.83
69.85
69.84
69.86
69.84
69.85
69.84
69.85
69.87
69.86
69.89
69.88
69.88
69.91
69.90
69.93
69.94
69.94
69.93
69.92
69.88
69.84
69.84
69.86
69.84
69.85
69.86
69.86
69.86
69.86
69.86
69.87
69.85
69.85
69.86
69.85
69.85
69.86
69.85
69.84
69.81
69.79
69.79
69.78
69.78
69.79
69.77
69.75
69.79
69.79
69.78
69.77
69.77
69.79
69.80
69.79
69.78
69.79
69.80
69.79
69.77
69.79
69.80
69.77
69.76
69.75
69.76
69.75
69.72
69.73
69.73
69.74
69.75
69.76
69.75
69.76
69.77
69.77
69.75
69.74
69.74
69.74
69.73
69.74
69.72
69.70
69.71
69.72
69.72
69.72
69.71
69.69
69.68
69.68
69.69
69.69
69.71
69.71
69.71
69.73
69.72
69.71
69.69
69.70
69.69
69.72
69.73
69.73
69.75
69.75
69.73
69.75
69.77
69.77
69.76
69.75
69.73
69.72
69.73
69.71
69.69
69.67
69.66
69.67
69.67
69.67
69.67
69.68
69.66
69.69
69.65
69.63
69.63
69.63
69.63
69.64
69.65
69.65
69.63
69.66
69.66
69.65
69.66
69.66
69.68
69.69
69.69
69.68
69.69
69.67
69.70
69.71
69.67
69.68
69.69
69.69
69.69
69.68
69.69
69.68
69.70
69.70
69.71
69.72
69.71
69.70
69.71
69.71
69.72
69.71
69.71
69.72
69.72
69.71
69.73
69.74
69.73
69.73
69.74
69.73
69.73
69.71
69.71
69.68
69.66
69.67
69.67
69.67
69.69
69.69
69.68
69.70
69.68
69.67
69.69
69.68
69.67
69.67
69.66
69.66
69.66
69.65
69.65
69.68
69.66
69.67
69.67
69.66
69.66
69.66
69.65
69.65
69.65
69.67
69.66
69.66
69.66
69.66
69.67
69.65
69.66
69.66
69.64
69.65
69.66
69.67
69.68
69.69
69.68
69.68
69.69
69.68
69.68
69.69
69.67
69.65
69.64
69.63
69.65
69.65
69.66
69.66
69.65
69.66
69.67
69.67
69.67
69.67
69.68
69.68
69.68
69.67
69.66
69.65
69.65
69.65
69.67
69.66
69.64
69.63
69.64
69.64
69.64
69.65
69.66
69.67
69.68
69.69
69.68
69.68
69.68
69.68
69.70
69.69
69.68
69.68
69.68
69.69
69.69
69.70
69.70
69.71
69.70
69.70
69.70
69.70
69.71
69.72
69.71
69.72
69.72
69.72
69.71
69.70
69.70
69.70
69.70
69.69
69.71
69.71
69.71
69.70
69.70
69.70
69.70
69.69
69.70
69.69
69.70
69.70
69.70
69.68
69.69
69.69
69.68
69.66
69.67
69.66
69.66
69.67
69.66
69.66
69.68
69.67
69.67
69.66
69.66
69.66
69.66
69.67
69.67
69.67
69.66
69.65
69.65
69.66
69.67
69.67
69.67
69.67
69.68
69.68
69.68
69.68
69.68
69.69
69.69
69.69
69.70
69.72
69.73
69.73
69.72
69.71
69.72
69.71
69.72
69.71
69.71
69.70
69.72
69.72
69.72
69.71
69.71
69.70
69.70
69.70
69.70
69.69
69.70
69.71
69.72
69.74
69.74
69.74
69.74
69.73
69.74
69.75
69.75
69.74
69.75
69.75
69.75
69.75
69.76
69.76
69.76
69.76
69.76
69.76
69.78
69.78
69.79
69.78
69.79
69.79
69.80
69.80
69.80
69.81
69.81
69.81
69.82
69.82
69.81
69.82
69.82
69.83
69.82
69.83
69.84
69.85
69.84
69.84
69.83
69.81
69.81
69.81
69.81
69.81
69.80
69.80
69.82
69.83
69.82
69.82
69.81
69.80
69.81
69.82
69.82
69.82
69.82
69.83
69.84
69.82
69.83
69.83
69.83
69.84
69.83
69.82
69.81
69.81
69.81
69.79
69.79
69.79
69.81
69.80
69.80
69.80
69.79
69.78
69.77
69.77
69.77
69.76
69.76
69.77
69.77
69.75
69.75
69.75
69.68
