70.31
71.09
69.79
71.09
70.62
70.31
69.87
71.09
71.01
70.62
71.31
70.31
69.95
69.64
69.48
69.43
69.58
69.44
69.49
69.77
70.09
69.96
70.04
70.25
70.06
69.89
70.14
70.20
70.31
70.36
70.41
70.46
70.64
70.96
70.71
70.57
70.61
70.44
70.51
70.43
70.35
70.20
70.28
70.21
70.42
70.45
70.55
70.35
70.25
70.03
70.07
69.92
69.99
69.91
69.91
69.75
69.76
69.77
69.70
69.79
69.70
69.81
69.72
69.63
69.64
69.63
69.64
69.62
69.59
69.64
69.65
69.79
69.67
69.62
69.69
69.74
69.64
69.69
69.74
69.79
69.83
69.80
69.88
69.85
69.78
69.66
69.65
69.66
69.68
69.72
69.75
69.62
69.64
69.63
69.70
69.74
69.72
69.69
69.73
69.70
69.68
69.70
69.74
69.68
69.64
69.53
69.45
69.49
69.41
69.39
69.38
69.45
69.48
69.50
69.52
69.54
69.52
69.48
69.39
69.40
69.34
69.35
69.41
69.39
69.42
69.46
69.44
69.45
69.55
69.56
69.54
69.57
69.53
69.60
69.65
69.67
69.67
69.70
69.73
69.75
69.80
69.76
69.85
69.90
69.89
69.94
69.96
69.99
70.01
69.99
70.02
70.06
70.06
70.05
69.99
70.00
69.97
70.01
70.03
70.01
69.96
70.01
70.05
70.02
70.01
70.00
70.01
69.97
69.94
69.86
69.84
69.89
69.85
69.85
69.79
69.82
69.82
69.82
69.81
69.81
69.76
69.75
69.74
69.80
69.86
69.88
69.90
69.95
69.92
69.97
69.95
69.95
69.98
70.00
70.04
70.05
70.05
70.10
70.17
70.16
70.10
70.11
70.06
70.08
70.09
70.01
70.06
70.06
70.09
70.10
70.10
70.08
70.06
70.12
70.09
70.09
70.13
70.13
70.12
70.13
70.15
70.17
70.20
70.17
70.19
70.19
70.21
70.23
70.24
70.22
70.20
70.17
70.17
70.13
70.11
70.07
70.08
70.12
70.11
70.07
70.05
70.00
70.00
69.97
69.99
69.98
69.97
69.97
69.95
69.96
69.93
69.93
69.94
69.92
69.96
69.98
69.97
69.98
70.01
70.01
69.99
69.98
69.99
69.99
70.00
70.01
70.01
70.00
69.98
69.97
69.98
69.97
69.97
69.99
69.99
69.97
69.96
69.97
69.99
69.99
70.01
70.03
70.01
70.03
70.05
70.06
70.06
70.07
70.10
70.10
70.08
70.06
70.07
70.08
70.08
70.10
70.11
70.10
70.09
70.07
70.06
70.06
70.07
70.06
70.04
70.02
70.00
70.00
69.99
70.04
70.01
70.02
70.02
69.98
70.00
70.02
70.02
69.98
69.98
70.01
69.99
69.97
69.92
69.94
69.94
69.95
69.92
69.91
69.89
69.89
69.86
69.84
69.82
69.80
69.77
69.77
69.76
69.78
69.74
69.75
69.76
69.79
69.82
69.81
69.81
69.79
69.75
69.76
69.77
69.75
69.76
69.77
69.76
69.77
69.75
69.74
69.74
69.75
69.73
69.72
69.72
69.70
69.69
69.69
69.71
69.72
69.72
69.73
69.76
69.75
69.74
69.73
69.74
69.74
69.74
69.73
69.74
69.73
69.73
69.72
69.72
69.70
69.70
69.71
69.71
69.71
69.69
69.67
69.67
69.70
69.71
69.69
69.72
69.73
69.72
69.71
69.71
69.74
69.75
69.77
69.77
69.75
69.76
69.74
69.74
69.75
69.76
69.76
69.76
69.75
69.75
69.76
69.76
69.75
69.76
69.76
69.78
69.77
69.76
69.76
69.75
69.75
69.74
69.75
69.72
69.71
69.71
69.72
69.73
69.73
69.74
69.73
69.74
69.74
69.75
69.76
69.74
69.74
69.73
69.74
69.74
69.74
69.75
69.75
69.73
69.74
69.73
69.74
69.75
69.77
69.77
69.75
69.76
69.76
69.76
69.76
69.73
69.71
69.69
69.69
69.70
69.71
69.70
69.70
69.70
69.70
69.70
69.71
69.72
69.71
69.68
69.67
69.67
69.69
69.70
69.72
69.69
69.71
69.70
69.71
69.68
69.66
69.67
69.65
69.64
69.64
69.66
69.65
69.65
69.66
69.66
69.68
69.69
69.70
69.70
69.70
69.69
69.69
69.70
69.69
69.68
69.66
69.65
69.64
69.64
69.65
69.63
69.63
69.63
69.64
69.62
69.63
69.65
69.64
69.63
69.64
69.64
69.65
69.68
69.70
69.69
69.70
69.69
69.68
69.68
69.69
69.68
69.68
69.69
69.68
69.65
69.65
69.64
69.64
69.65
69.66
69.66
69.68
69.68
69.66
69.68
69.69
69.68
69.69
69.69
69.69
69.66
69.66
69.67
69.68
69.69
69.70
69.70
69.68
69.70
69.68
69.69
69.70
69.71
69.70
69.72
69.72
69.72
69.71
69.71
69.71
69.73
69.74
69.76
69.76
69.77
69.77
69.78
69.77
69.79
69.79
69.79
69.79
69.79
69.79
69.80
69.79
69.78
69.78
69.78
69.76
69.76
69.75
69.75
69.74
69.74
69.75
69.74
69.76
69.76
69.77
69.77
69.76
69.78
69.77
69.75
69.76
69.77
69.76
69.76
69.77
69.76
69.77
69.76
69.76
69.77
69.77
69.78
69.79
69.77
69.78
69.78
69.80
69.81
69.80
69.81
69.81
69.80
69.79
69.79
69.78
69.75
69.75
69.75
69.74
69.74
69.74
69.74
69.75
69.74
69.74
69.74
69.73
69.73
69.73
69.73
69.73
69.74
69.72
69.72
69.73
69.73
69.73
69.72
69.72
69.72
69.71
69.70
69.71
69.71
69.72
69.71
69.71
69.73
69.73
69.71
69.70
69.71
69.71
69.70
69.70
69.71
69.71
69.71
69.71
69.71
69.71
69.70
69.70
69.69
69.68
69.69
69.70
69.70
69.71
69.70
69.70
69.70
69.70
69.70
69.70
69.71
69.72
69.71
69.71
69.71
69.69
69.69
69.69
69.69
69.70
69.70
69.70
69.69
69.69
69.70
69.70
69.69
69.68
69.67
69.67
69.66
69.67
69.68
69.67
69.66
69.65
69.64
69.64
69.63
69.63
69.60
69.61
69.61
69.61
69.62
69.62
69.61
69.61
69.61
69.62
69.61
69.61
69.62
69.64
69.64
69.64
69.64
69.64
69.62
69.62
69.62
69.62
69.61
69.62
69.62
69.63
69.64
69.65
69.65
69.66
69.67
69.67
69.66
69.66
69.67
69.66
69.66
69.65
69.64
69.62
69.61
69.61
69.61
69.62
69.62
69.62
69.62
69.62
69.62
69.64
69.64
69.66
69.66
69.66
69.65
69.64
69.64
69.63
69.64
69.65
69.65
69.66
69.67
69.67
69.67
69.59
