67.19
71.09
70.83
70.70
68.75
70.57
70.31
69.73
71.18
71.41
71.45
72.53
72.72
72.32
71.98
71.48
71.23
71.61
71.46
71.56
71.50
71.52
71.26
70.83
70.88
70.73
70.72
70.48
70.31
70.62
70.61
70.41
70.69
70.50
70.27
70.44
70.44
70.35
70.51
70.47
70.24
70.28
70.24
70.17
70.07
69.80
69.61
69.63
69.52
69.62
69.52
69.71
69.60
69.44
69.40
69.36
69.22
69.21
69.33
69.30
69.29
69.15
69.32
69.24
69.35
69.37
69.36
69.21
69.27
69.22
69.26
69.31
69.37
69.51
69.40
69.26
69.28
69.31
69.32
69.39
69.50
69.46
69.39
69.35
69.38
69.40
69.40
69.32
69.26
69.17
69.20
69.16
69.19
69.33
69.36
69.40
69.41
69.32
69.29
69.27
69.37
69.36
69.25
69.23
69.17
69.13
69.22
69.24
69.28
69.32
69.38
69.38
69.41
69.46
69.57
69.44
69.38
69.41
69.41
69.41
69.46
69.39
69.37
69.34
69.31
69.31
69.40
69.38
69.33
69.38
69.47
69.38
69.44
69.50
69.49
69.49
69.51
69.38
69.37
69.39
69.49
69.50
69.56
69.69
69.71
69.66
69.67
69.69
69.75
69.78
69.78
69.78
69.80
69.81
69.75
69.68
69.72
69.69
69.69
69.70
69.72
69.70
69.66
69.66
69.66
69.65
69.67
69.74
69.73
69.73
69.74
69.72
69.74
69.69
69.68
69.73
69.71
69.71
69.65
69.64
69.66
69.65
69.68
69.67
69.59
69.60
69.60
69.63
69.63
69.61
69.63
69.60
69.59
69.64
69.63
69.64
69.68
69.66
69.60
69.60
69.63
69.59
69.58
69.56
69.56
69.55
69.57
69.54
69.57
69.60
69.62
69.64
69.65
69.63
69.62
69.63
69.65
69.64
69.63
69.67
69.69
69.70
69.70
69.72
69.72
69.73
69.76
69.80
69.83
69.81
69.78
69.75
69.74
69.73
69.70
69.71
69.69
69.70
69.64
69.66
69.65
69.66
69.66
69.61
69.59
69.62
69.61
69.63
69.63
69.59
69.58
69.60
69.60
69.61
69.61
69.63
69.63
69.66
69.65
69.68
69.68
69.68
69.66
69.68
69.69
69.71
69.73
69.72
69.74
69.73
69.78
69.76
69.73
69.73
69.73
69.76
69.70
69.68
69.65
69.62
69.62
69.60
69.56
69.56
69.57
69.52
69.55
69.56
69.56
69.56
69.57
69.53
69.54
69.53
69.50
69.52
69.53
69.52
69.48
69.46
69.48
69.51
69.51
69.48
69.48
69.47
69.49
69.50
69.49
69.47
69.46
69.48
69.46
69.43
69.44
69.41
69.39
69.43
69.41
69.41
69.39
69.40
69.37
69.37
69.35
69.33
69.34
69.34
69.34
69.38
69.41
69.42
69.44
69.45
69.46
69.44
69.44
69.48
69.47
69.45
69.46
69.47
69.45
69.44
69.45
69.47
69.46
69.48
69.48
69.51
69.53
69.57
69.56
69.56
69.55
69.55
69.54
69.56
69.57
69.58
69.59
69.59
69.57
69.56
69.55
69.55
69.55
69.54
69.55
69.56
69.56
69.59
69.59
69.59
69.60
69.59
69.60
69.61
69.62
69.61
69.63
69.64
69.64
69.65
69.65
69.64
69.62
69.64
69.65
69.62
69.61
69.61
69.62
69.61
69.62
69.66
69.67
69.66
69.67
69.70
69.70
69.69
69.72
69.72
69.71
69.72
69.71
69.71
69.72
69.72
69.73
69.74
69.75
69.75
69.74
69.74
69.75
69.76
69.75
69.75
69.75
69.75
69.73
69.75
69.75
69.74
69.73
69.71
69.70
69.70
69.70
69.70
69.71
69.73
69.74
69.75
69.75
69.73
69.71
69.72
69.72
69.69
69.71
69.73
69.72
69.72
69.73
69.74
69.72
69.73
69.71
69.70
69.71
69.71
69.74
69.73
69.74
69.75
69.75
69.75
69.75
69.75
69.76
69.76
69.75
69.76
69.75
69.75
69.73
69.75
69.74
69.76
69.75
69.77
69.77
69.76
69.76
69.75
69.74
69.74
69.72
69.74
69.74
69.73
69.73
69.71
69.71
69.69
69.69
69.68
69.69
69.70
69.70
69.71
69.71
69.71
69.73
69.75
69.75
69.73
69.74
69.76
69.75
69.76
69.76
69.77
69.77
69.78
69.79
69.80
69.81
69.81
69.80
69.80
69.80
69.80
69.79
69.80
69.81
69.83
69.82
69.80
69.80
69.80
69.81
69.82
69.83
69.83
69.84
69.83
69.83
69.82
69.82
69.83
69.85
69.83
69.84
69.85
69.86
69.84
69.85
69.82
69.80
69.80
69.81
69.80
69.81
69.81
69.80
69.80
69.80
69.82
69.82
69.81
69.80
69.81
69.81
69.82
69.81
69.81
69.82
69.82
69.84
69.84
69.84
69.84
69.84
69.84
69.84
69.82
69.82
69.81
69.82
69.81
69.81
69.82
69.84
69.83
69.83
69.85
69.85
69.86
69.86
69.88
69.90
69.91
69.92
69.91
69.90
69.91
69.89
69.93
69.93
69.93
69.92
69.92
69.93
69.93
69.93
69.92
69.94
69.94
69.93
69.92
69.92
69.92
69.91
69.91
69.91
69.92
69.91
69.91
69.89
69.88
69.87
69.86
69.86
69.86
69.85
69.86
69.85
69.84
69.84
69.84
69.84
69.83
69.84
69.85
69.85
69.84
69.85
69.85
69.86
69.86
69.87
69.85
69.85
69.83
69.84
69.85
69.87
69.86
69.85
69.86
69.86
69.86
69.86
69.85
69.85
69.84
69.85
69.85
69.84
69.83
69.83
69.83
69.84
69.82
69.84
69.83
69.81
69.83
69.84
69.84
69.83
69.83
69.83
69.82
69.83
69.82
69.82
69.81
69.80
69.81
69.81
69.81
69.81
69.79
69.79
69.80
69.79
69.80
69.80
69.80
69.81
69.82
69.82
69.82
69.82
69.83
69.83
69.83
69.83
69.82
69.81
69.81
69.80
69.81
69.82
69.82
69.82
69.83
69.83
69.83
69.83
69.83
69.82
69.82
69.80
69.80
69.79
69.78
69.78
69.77
69.77
69.78
69.79
69.78
69.77
69.77
69.78
69.80
69.79
69.79
69.80
69.81
69.80
69.81
69.82
69.81
69.81
69.82
69.82
69.82
69.82
69.82
69.81
69.82
69.81
69.81
69.81
69.80
69.81
69.81
69.80
69.81
69.82
69.81
69.82
69.82
69.82
69.82
69.80
69.80
69.79
69.79
69.78
69.77
69.76
69.76
69.77
69.77
69.76
69.77
69.77
69.76
69.76
69.75
69.75
69.75
69.75
69.73
69.74
69.74
69.74
69.73
69.74
69.73
69.73
69.74
69.73
69.67
