65.62
64.06
64.06
65.23
68.12
68.49
68.08
70.12
69.97
69.06
68.61
69.66
69.83
70.42
70.31
70.21
70.68
70.05
70.15
69.61
69.42
69.96
69.77
69.92
69.31
69.17
69.10
69.25
69.50
69.64
69.91
69.97
69.79
69.49
69.46
69.44
69.26
69.49
69.47
69.41
69.36
69.23
69.15
69.32
69.31
69.19
69.25
69.21
69.10
69.16
69.15
69.20
69.13
69.01
69.23
69.28
69.05
69.18
69.09
69.17
69.19
69.28
69.42
69.48
69.57
69.72
69.66
69.67
69.59
69.40
69.39
69.36
69.29
69.34
69.35
69.31
69.36
69.41
69.52
69.51
69.60
69.65
69.69
69.64
69.69
69.71
69.68
69.76
69.70
69.62
69.64
69.60
69.51
69.53
69.57
69.63
69.54
69.52
69.54
69.34
69.34
69.32
69.39
69.31
69.33
69.28
69.25
69.26
69.31
69.25
69.23
69.10
69.14
69.19
69.28
69.26
69.35
69.35
69.39
69.47
69.33
69.25
69.11
69.15
69.22
69.12
69.12
69.08
69.06
69.03
69.10
69.07
69.03
69.09
69.07
69.09
69.11
69.06
69.10
69.03
69.00
68.96
68.96
69.00
68.98
68.91
68.89
68.91
68.94
68.96
68.92
68.92
68.98
68.98
68.97
68.89
68.89
68.95
68.92
68.96
68.95
68.94
68.93
68.94
68.93
68.91
68.92
68.99
69.02
69.04
69.09
69.14
69.12
69.13
69.12
69.18
69.22
69.26
69.26
69.25
69.26
69.28
69.31
69.34
69.35
69.34
69.35
69.31
69.34
69.35
69.38
69.39
69.40
69.39
69.42
69.34
69.33
69.31
69.31
69.30
69.28
69.28
69.32
69.34
69.30
69.29
69.27
69.25
69.24
69.27
69.25
69.27
69.34
69.30
69.35
69.32
69.33
69.32
69.31
69.32
69.33
69.34
69.35
69.35
69.34
69.36
69.39
69.37
69.36
69.35
69.39
69.41
69.45
69.44
69.44
69.41
69.39
69.42
69.41
69.46
69.52
69.54
69.52
69.55
69.59
69.59
69.63
69.59
69.60
69.58
69.58
69.57
69.57
69.58
69.56
69.60
69.60
69.60
69.60
69.60
69.58
69.58
69.58
69.56
69.57
69.56
69.53
69.50
69.52
69.49
69.51
69.53
69.56
69.56
69.56
69.55
69.57
69.58
69.60
69.56
69.56
69.56
69.55
69.56
69.53
69.55
69.52
69.55
69.56
69.60
69.56
69.57
69.57
69.55
69.57
69.55
69.57
69.59
69.59
69.57
69.60
69.63
69.63
69.61
69.62
69.61
69.63
69.62
69.60
69.56
69.55
69.54
69.52
69.50
69.48
69.51
69.53
69.55
69.58
69.59
69.56
69.54
69.53
69.51
69.50
69.47
69.48
69.49
69.52
69.50
69.47
69.48
69.48
69.49
69.51
69.54
69.53
69.56
69.57
69.57
69.57
69.59
69.57
69.56
69.57
69.56
69.56
69.55
69.55
69.57
69.56
69.57
69.57
69.56
69.56
69.58
69.59
69.60
69.60
69.62
69.64
69.63
69.63
69.63
69.64
69.64
69.64
69.64
69.63
69.62
69.62
69.64
69.65
69.64
69.63
69.64
69.65
69.64
69.61
69.62
69.63
69.62
69.61
69.61
69.63
69.62
69.63
69.63
69.61
69.58
69.57
69.57
69.57
69.57
69.58
69.59
69.56
69.56
69.56
69.56
69.54
69.55
69.54
69.54
69.53
69.52
69.54
69.54
69.54
69.54
69.52
69.52
69.52
69.52
69.55
69.54
69.57
69.55
69.53
69.54
69.52
69.52
69.53
69.52
69.53
69.51
69.49
69.50
69.52
69.51
69.49
69.49
69.50
69.49
69.50
69.50
69.49
69.49
69.47
69.46
69.47
69.47
69.49
69.49
69.50
69.49
69.48
69.46
69.47
69.49
69.48
69.48
69.49
69.48
69.47
69.48
69.48
69.50
69.52
69.53
69.55
69.55
69.55
69.58
69.58
69.56
69.55
69.54
69.53
69.53
69.54
69.55
69.57
69.57
69.57
69.56
69.55
69.55
69.55
69.55
69.54
69.54
69.54
69.55
69.56
69.54
69.56
69.55
69.55
69.56
69.56
69.56
69.57
69.57
69.57
69.58
69.56
69.56
69.56
69.56
69.56
69.56
69.57
69.58
69.58
69.61
69.60
69.59
69.58
69.58
69.58
69.58
69.59
69.58
69.56
69.57
69.58
69.59
69.59
69.59
69.58
69.58
69.57
69.56
69.58
69.60
69.61
69.60
69.61
69.60
69.58
69.59
69.60
69.59
69.60
69.60
69.59
69.58
69.59
69.59
69.59
69.58
69.58
69.59
69.59
69.59
69.60
69.59
69.58
69.59
69.59
69.60
69.59
69.60
69.61
69.61
69.62
69.63
69.62
69.63
69.62
69.63
69.60
69.61
69.59
69.59
69.60
69.61
69.62
69.63
69.63
69.64
69.63
69.63
69.64
69.65
69.64
69.64
69.64
69.67
69.66
69.68
69.68
69.69
69.68
69.69
69.69
69.72
69.73
69.73
69.73
69.76
69.77
69.78
69.79
69.79
69.78
69.78
69.78
69.77
69.78
69.79
69.79
69.80
69.81
69.82
69.82
69.81
69.82
69.82
69.82
69.82
69.82
69.83
69.82
69.81
69.81
69.81
69.82
69.80
69.80
69.80
69.80
69.80
69.78
69.77
69.77
69.77
69.79
69.78
69.78
69.78
69.78
69.79
69.80
69.79
69.79
69.78
69.78
69.79
69.79
69.80
69.79
69.77
69.78
69.79
69.79
69.78
69.78
69.78
69.78
69.78
69.76
69.76
69.74
69.75
69.74
69.73
69.72
69.73
69.73
69.74
69.74
69.76
69.76
69.77
69.77
69.76
69.75
69.76
69.77
69.76
69.75
69.77
69.75
69.76
69.75
69.75
69.76
69.75
69.76
69.75
69.73
69.73
69.72
69.72
69.72
69.72
69.72
69.74
69.73
69.73
69.71
69.71
69.72
69.74
69.72
69.72
69.72
69.72
69.72
69.71
69.72
69.72
69.72
69.74
69.74
69.73
69.76
69.74
69.75
69.74
69.73
69.73
69.74
69.74
69.74
69.76
69.75
69.74
69.75
69.75
69.75
69.74
69.74
69.74
69.74
69.74
69.73
69.73
69.72
69.72
69.73
69.73
69.74
69.73
69.73
69.72
69.72
69.71
69.73
69.73
69.73
69.72
69.73
69.73
69.72
69.73
69.75
69.76
69.76
69.76
69.77
69.77
69.76
69.77
69.78
69.77
69.78
69.79
69.80
69.78
69.80
69.80
69.80
69.80
69.79
69.78
69.78
69.76
69.75
69.76
69.76
69.76
69.76
69.75
69.74
69.73
69.74
69.74
69.74
69.67
