73.44
74.22
72.92
72.27
72.50
73.18
72.99
72.85
72.74
73.12
73.58
73.05
72.84
71.99
71.67
71.48
71.97
71.79
72.04
71.88
71.65
71.52
71.81
71.61
71.44
71.51
71.30
70.98
70.96
71.25
71.32
71.34
71.02
71.32
71.21
71.18
71.24
71.38
71.43
71.13
71.30
71.21
71.33
71.24
71.18
71.16
71.18
71.16
71.17
71.03
70.96
70.91
71.08
71.04
70.88
70.90
70.81
70.74
70.71
70.68
70.67
70.61
70.59
70.46
70.46
70.57
70.59
70.52
70.54
70.54
70.53
70.57
70.55
70.57
70.58
70.46
70.45
70.49
70.55
70.66
70.60
70.71
70.80
70.83
70.81
70.88
71.05
71.11
71.08
71.04
71.02
71.03
70.97
71.01
71.05
71.03
70.96
70.95
70.90
70.92
70.98
70.99
70.87
70.85
70.88
70.96
70.96
70.99
71.00
71.02
70.97
70.98
70.96
71.04
71.10
71.04
71.06
71.11
71.19
71.09
71.07
70.99
70.86
70.83
70.79
70.78
70.77
70.65
70.68
70.73
70.72
70.79
70.75
70.77
70.82
70.77
70.76
70.73
70.77
70.76
70.69
70.68
70.69
70.68
70.70
70.61
70.58
70.51
70.51
70.51
70.52
70.52
70.48
70.45
70.45
70.43
70.40
70.40
70.41
70.41
70.37
70.35
70.38
70.42
70.38
70.30
70.28
70.24
70.26
70.23
70.22
70.17
70.14
70.17
70.19
70.21
70.22
70.15
70.11
70.09
70.03
69.98
70.00
70.00
70.03
70.06
70.13
70.10
70.10
70.06
70.10
70.13
70.12
70.06
70.10
70.15
70.16
70.13
70.10
70.08
70.09
70.10
70.14
70.14
70.11
70.12
70.13
70.12
70.10
70.08
70.08
70.08
70.08
70.09
70.07
70.05
70.06
70.09
70.06
70.06
70.04
70.07
70.10
70.08
70.06
70.04
70.08
70.03
70.00
69.95
69.91
69.87
69.88
69.87
69.85
69.80
69.75
69.79
69.76
69.76
69.77
69.78
69.78
69.74
69.74
69.76
69.77
69.76
69.76
69.79
69.76
69.76
69.73
69.76
69.75
69.74
69.69
69.70
69.72
69.69
69.69
69.71
69.71
69.67
69.65
69.66
69.65
69.67
69.67
69.68
69.71
69.75
69.76
69.78
69.80
69.77
69.76
69.75
69.77
69.77
69.78
69.79
69.78
69.78
69.77
69.76
69.75
69.75
69.75
69.73
69.70
69.65
69.66
69.69
69.70
69.69
69.72
69.71
69.71
69.72
69.71
69.71
69.72
69.75
69.79
69.79
69.76
69.78
69.76
69.79
69.77
69.80
69.78
69.79
69.78
69.77
69.75
69.74
69.71
69.73
69.76
69.77
69.74
69.76
69.78
69.78
69.76
69.74
69.75
69.73
69.73
69.74
69.74
69.74
69.73
69.73
69.76
69.77
69.79
69.77
69.77
69.75
69.73
69.74
69.76
69.74
69.74
69.74
69.72
69.71
69.71
69.74
69.72
69.70
69.69
69.69
69.70
69.68
69.67
69.70
69.72
69.71
69.72
69.72
69.73
69.74
69.75
69.74
69.72
69.73
69.75
69.74
69.74
69.73
69.70
69.68
69.67
69.69
69.71
69.74
69.76
69.74
69.76
69.77
69.77
69.78
69.75
69.75
69.73
69.74
69.77
69.74
69.74
69.75
69.72
69.74
69.75
69.76
69.76
69.77
69.76
69.78
69.78
69.79
69.79
69.79
69.78
69.77
69.73
69.76
69.76
69.77
69.76
69.76
69.77
69.77
69.77
69.77
69.77
69.76
69.76
69.75
69.77
69.76
69.75
69.75
69.73
69.73
69.73
69.73
69.75
69.78
69.79
69.81
69.82
69.82
69.83
69.85
69.85
69.85
69.86
69.86
69.86
69.85
69.83
69.84
69.83
69.83
69.82
69.83
69.82
69.80
69.79
69.79
69.79
69.80
69.78
69.78
69.77
69.79
69.80
69.80
69.81
69.81
69.80
69.82
69.82
69.82
69.81
69.81
69.79
69.79
69.79
69.79
69.80
69.78
69.78
69.76
69.77
69.75
69.75
69.75
69.75
69.74
69.74
69.73
69.73
69.75
69.76
69.75
69.76
69.74
69.75
69.74
69.76
69.77
69.77
69.74
69.73
69.71
69.69
69.70
69.70
69.70
69.69
69.69
69.70
69.69
69.68
69.70
69.71
69.70
69.69
69.69
69.69
69.68
69.69
69.69
69.68
69.68
69.66
69.66
69.66
69.67
69.68
69.68
69.66
69.66
69.69
69.71
69.71
69.70
69.69
69.69
69.67
69.68
69.68
69.68
69.67
69.67
69.67
69.66
69.65
69.64
69.63
69.63
69.63
69.63
69.60
69.62
69.63
69.63
69.64
69.63
69.61
69.59
69.58
69.60
69.60
69.61
69.61
69.61
69.60
69.60
69.60
69.60
69.61
69.63
69.63
69.64
69.66
69.66
69.66
69.66
69.66
69.66
69.67
69.67
69.65
69.66
69.65
69.65
69.65
69.67
69.69
69.71
69.70
69.70
69.71
69.70
69.71
69.72
69.72
69.71
69.71
69.71
69.72
69.73
69.73
69.74
69.73
69.73
69.75
69.75
69.72
69.72
69.74
69.73
69.71
69.73
69.75
69.76
69.75
69.74
69.74
69.74
69.74
69.74
69.73
69.74
69.75
69.75
69.75
69.74
69.75
69.74
69.75
69.75
69.75
69.75
69.75
69.75
69.74
69.74
69.73
69.74
69.75
69.77
69.76
69.75
69.75
69.76
69.75
69.76
69.77
69.77
69.77
69.77
69.76
69.75
69.76
69.76
69.77
69.77
69.78
69.77
69.77
69.77
69.77
69.77
69.76
69.78
69.77
69.76
69.77
69.77
69.78
69.77
69.76
69.76
69.75
69.74
69.75
69.75
69.75
69.74
69.75
69.74
69.75
69.74
69.74
69.74
69.75
69.74
69.75
69.75
69.75
69.76
69.76
69.77
69.76
69.75
69.76
69.75
69.75
69.76
69.76
69.77
69.74
69.75
69.74
69.73
69.75
69.73
69.73
69.73
69.71
69.71
69.72
69.71
69.72
69.70
69.70
69.70
69.72
69.73
69.74
69.73
69.74
69.74
69.74
69.73
69.73
69.73
69.73
69.73
69.71
69.72
69.72
69.72
69.72
69.71
69.71
69.70
69.70
69.70
69.71
69.70
69.70
69.71
69.72
69.72
69.72
69.71
69.71
69.71
69.71
69.73
69.71
69.72
69.73
69.73
69.73
69.73
69.73
69.72
69.74
69.74
69.73
69.74
69.74
69.74
69.74
69.73
69.72
69.72
69.72
69.73
69.72
69.73
69.73
69.74
69.73
69.75
69.74
69.74
69.74
69.74
69.75
69.72
69.74
69.68
