70.31
69.53
68.23
70.31
70.31
69.27
70.31
70.51
70.49
71.25
71.16
70.44
69.95
70.09
69.17
69.14
69.39
68.58
68.59
68.59
68.82
68.89
69.16
69.66
69.62
69.95
69.50
69.87
70.15
70.52
70.61
70.51
70.69
70.45
70.54
70.70
70.86
70.89
70.99
70.82
70.66
70.65
70.68
70.81
70.76
70.82
70.71
70.61
70.57
70.47
70.56
70.67
70.49
70.63
70.68
70.76
70.78
70.82
70.87
70.86
71.00
70.97
71.01
71.00
71.01
71.02
71.01
71.05
70.99
70.96
70.77
70.81
70.72
70.59
70.54
70.56
70.56
70.57
70.55
70.68
70.79
70.85
70.82
70.87
70.75
70.82
70.82
70.79
70.75
70.76
70.69
70.70
70.73
70.69
70.66
70.65
70.67
70.66
70.60
70.66
70.61
70.59
70.54
70.51
70.46
70.52
70.46
70.38
70.38
70.37
70.34
70.27
70.24
70.20
70.19
70.18
70.17
70.17
70.10
70.00
69.96
69.97
70.06
70.10
70.14
70.13
70.24
70.25
70.25
70.12
70.06
70.08
70.10
70.13
70.16
70.15
70.13
70.11
70.09
70.09
70.07
70.03
70.05
70.05
70.03
69.98
70.00
69.99
70.04
70.03
70.05
70.02
70.07
70.09
70.11
70.08
70.08
70.03
70.07
70.11
70.06
70.10
70.10
70.02
69.99
70.05
70.05
70.07
70.02
70.01
70.04
70.09
70.07
70.06
70.03
70.07
70.10
70.10
70.09
70.10
70.07
70.10
70.14
70.13
70.11
70.09
70.10
70.09
70.10
70.08
70.10
70.15
70.14
70.09
70.05
70.08
70.11
70.14
70.12
70.16
70.17
70.17
70.11
70.11
70.14
70.15
70.11
70.12
70.11
70.13
70.18
70.18
70.16
70.12
70.12
70.11
70.10
70.12
70.11
70.09
70.05
70.02
69.98
69.96
69.99
70.02
70.02
70.07
70.11
70.16
70.14
70.13
70.08
70.07
70.07
70.05
70.06
70.04
70.06
70.07
70.06
70.06
70.09
70.11
70.06
70.06
70.05
70.02
70.04
70.06
70.08
70.07
70.07
70.07
70.06
70.07
70.06
70.04
70.06
70.03
70.06
70.05
70.05
70.05
70.05
70.04
69.99
69.95
69.98
69.97
70.01
70.04
70.04
70.03
70.02
69.98
70.01
70.00
70.03
69.97
69.99
69.99
70.04
70.05
70.05
70.07
70.08
70.07
70.06
70.06
70.04
70.04
70.06
70.06
70.05
70.04
70.05
70.04
70.02
70.00
69.99
69.99
69.96
69.93
69.94
69.93
69.91
69.90
69.94
69.93
69.90
69.91
69.91
69.90
69.91
69.89
69.89
69.88
69.85
69.84
69.84
69.83
69.83
69.86
69.85
69.84
69.85
69.88
69.89
69.92
69.93
69.92
69.91
69.89
69.89
69.89
69.86
69.84
69.85
69.84
69.83
69.81
69.80
69.80
69.80
69.82
69.82
69.81
69.84
69.81
69.81
69.79
69.79
69.80
69.78
69.77
69.75
69.73
69.74
69.74
69.74
69.75
69.76
69.76
69.77
69.77
69.78
69.78
69.78
69.79
69.81
69.82
69.81
69.83
69.83
69.83
69.79
69.75
69.74
69.75
69.75
69.72
69.72
69.73
69.73
69.74
69.74
69.74
69.73
69.74
69.74
69.73
69.75
69.76
69.77
69.76
69.78
69.79
69.80
69.77
69.77
69.76
69.73
69.70
69.70
69.70
69.71
69.70
69.72
69.71
69.71
69.69
69.70
69.68
69.68
69.67
69.66
69.65
69.63
69.65
69.66
69.67
69.66
69.66
69.65
69.66
69.66
69.67
69.68
69.67
69.69
69.69
69.71
69.73
69.75
69.78
69.78
69.79
69.78
69.77
69.76
69.76
69.75
69.75
69.77
69.76
69.76
69.75
69.75
69.77
69.75
69.74
69.76
69.75
69.74
69.75
69.74
69.73
69.74
69.76
69.76
69.77
69.76
69.77
69.77
69.77
69.77
69.79
69.78
69.78
69.77
69.76
69.79
69.79
69.78
69.75
69.75
69.76
69.76
69.74
69.73
69.72
69.72
69.71
69.71
69.70
69.69
69.68
69.69
69.70
69.70
69.71
69.70
69.70
69.70
69.70
69.72
69.73
69.73
69.72
69.73
69.73
69.73
69.72
69.71
69.71
69.72
69.70
69.68
69.69
69.68
69.66
69.69
69.68
69.69
69.70
69.70
69.71
69.70
69.69
69.69
69.71
69.72
69.69
69.69
69.68
69.68
69.67
69.69
69.70
69.72
69.72
69.71
69.73
69.74
69.75
69.76
69.75
69.75
69.74
69.75
69.75
69.74
69.73
69.73
69.72
69.72
69.73
69.74
69.75
69.75
69.75
69.74
69.74
69.73
69.74
69.74
69.74
69.74
69.72
69.72
69.73
69.71
69.71
69.71
69.70
69.68
69.68
69.68
69.68
69.68
69.68
69.68
69.68
69.67
69.68
69.67
69.68
69.68
69.67
69.69
69.67
69.67
69.67
69.67
69.69
69.69
69.69
69.69
69.70
69.70
69.67
69.67
69.67
69.65
69.65
69.67
69.66
69.67
69.67
69.67
69.66
69.67
69.66
69.65
69.66
69.67
69.66
69.64
69.65
69.66
69.67
69.67
69.67
69.68
69.69
69.70
69.70
69.71
69.72
69.72
69.72
69.72
69.73
69.72
69.72
69.74
69.75
69.78
69.77
69.77
69.77
69.78
69.77
69.76
69.75
69.74
69.73
69.74
69.73
69.73
69.74
69.75
69.77
69.77
69.78
69.79
69.79
69.80
69.79
69.78
69.77
69.77
69.80
69.80
69.81
69.81
69.81
69.81
69.81
69.82
69.80
69.80
69.79
69.78
69.79
69.79
69.80
69.81
69.80
69.80
69.80
69.78
69.79
69.78
69.78
69.76
69.76
69.76
69.77
69.76
69.74
69.74
69.74
69.74
69.75
69.76
69.74
69.73
69.73
69.73
69.74
69.75
69.74
69.73
69.72
69.71
69.71
69.71
69.72
69.73
69.73
69.73
69.72
69.72
69.71
69.72
69.70
69.72
69.71
69.71
69.72
69.72
69.71
69.71
69.71
69.71
69.71
69.70
69.70
69.70
69.71
69.70
69.70
69.70
69.71
69.70
69.70
69.71
69.72
69.73
69.73
69.73
69.74
69.73
69.73
69.72
69.72
69.70
69.70
69.70
69.70
69.71
69.71
69.71
69.71
69.71
69.70
69.70
69.70
69.70
69.71
69.72
69.72
69.73
69.73
69.73
69.72
69.72
69.73
69.72
69.73
69.73
69.73
69.74
69.74
69.72
69.73
69.73
69.71
69.72
69.72
69.70
69.70
69.71
69.71
69.72
69.71
69.72
69.72
69.72
69.66
