60.94
66.41
68.75
67.58
68.12
67.97
68.30
67.38
68.23
68.91
68.61
68.36
69.23
70.09
69.27
69.14
69.03
69.10
69.24
69.38
69.72
69.74
70.18
70.12
70.31
69.89
69.62
69.75
69.83
69.95
69.91
70.07
69.93
70.04
70.13
70.31
70.10
69.94
69.99
70.16
70.35
70.31
70.39
70.56
70.69
70.69
70.78
70.74
70.57
70.56
70.50
70.40
70.43
70.28
70.26
70.17
70.07
70.10
69.97
69.95
69.93
70.09
70.01
69.97
69.88
69.98
70.08
70.13
70.13
69.98
69.92
69.90
69.91
70.00
69.87
70.02
69.91
69.83
69.98
69.92
69.97
70.03
69.99
69.88
69.98
70.00
69.99
69.99
70.00
69.97
69.93
69.84
69.74
69.71
69.69
69.65
69.57
69.44
69.37
69.30
69.25
69.15
69.16
69.19
69.18
69.19
69.26
69.24
69.21
69.23
69.23
69.29
69.26
69.22
69.12
69.06
69.06
68.98
69.07
69.11
69.21
69.20
69.25
69.28
69.25
69.30
69.35
69.34
69.19
69.18
69.17
69.07
69.16
69.19
69.19
69.24
69.25
69.25
69.26
69.31
69.38
69.42
69.36
69.36
69.36
69.36
69.39
69.48
69.48
69.43
69.43
69.40
69.39
69.41
69.46
69.42
69.52
69.53
69.52
69.52
69.56
69.57
69.57
69.56
69.55
69.52
69.56
69.53
69.56
69.59
69.58
69.59
69.55
69.55
69.56
69.62
69.60
69.62
69.65
69.68
69.70
69.70
69.66
69.67
69.70
69.70
69.73
69.75
69.73
69.68
69.73
69.73
69.73
69.74
69.78
69.72
69.77
69.73
69.72
69.67
69.66
69.67
69.63
69.58
69.56
69.58
69.55
69.52
69.52
69.55
69.53
69.56
69.60
69.55
69.59
69.59
69.56
69.60
69.62
69.67
69.67
69.68
69.70
69.71
69.73
69.76
69.79
69.76
69.75
69.80
69.76
69.76
69.73
69.68
69.67
69.66
69.68
69.70
69.69
69.69
69.72
69.71
69.68
69.68
69.67
69.70
69.74
69.76
69.80
69.80
69.81
69.79
69.78
69.80
69.80
69.78
69.78
69.78
69.79
69.77
69.78
69.76
69.75
69.76
69.75
69.74
69.72
69.69
69.63
69.61
69.63
69.65
69.66
69.63
69.62
69.62
69.59
69.60
69.63
69.65
69.64
69.64
69.61
69.59
69.58
69.59
69.55
69.51
69.51
69.50
69.53
69.54
69.58
69.57
69.57
69.57
69.59
69.57
69.56
69.53
69.56
69.59
69.56
69.54
69.54
69.57
69.55
69.54
69.54
69.56
69.55
69.51
69.55
69.54
69.52
69.51
69.50
69.50
69.50
69.47
69.49
69.52
69.52
69.53
69.52
69.51
69.50
69.50
69.49
69.48
69.47
69.47
69.49
69.48
69.45
69.45
69.46
69.47
69.48
69.46
69.46
69.49
69.47
69.47
69.47
69.49
69.52
69.54
69.56
69.57
69.56
69.58
69.59
69.60
69.60
69.62
69.66
69.67
69.66
69.65
69.67
69.68
69.69
69.72
69.71
69.72
69.70
69.71
69.69
69.67
69.68
69.67
69.68
69.69
69.70
69.69
69.72
69.70
69.70
69.72
69.72
69.72
69.73
69.73
69.75
69.74
69.74
69.74
69.75
69.74
69.71
69.71
69.70
69.72
69.68
69.67
69.67
69.67
69.67
69.67
69.67
69.69
69.69
69.67
69.67
69.65
69.65
69.65
69.65
69.63
69.63
69.62
69.61
69.60
69.60
69.61
69.58
69.60
69.58
69.57
69.57
69.58
69.59
69.61
69.61
69.60
69.61
69.62
69.59
69.60
69.62
69.62
69.62
69.62
69.61
69.60
69.60
69.59
69.59
69.58
69.57
69.58
69.59
69.59
69.60
69.59
69.58
69.58
69.58
69.56
69.55
69.56
69.54
69.55
69.53
69.51
69.52
69.53
69.54
69.54
69.55
69.54
69.54
69.51
69.51
69.50
69.54
69.54
69.55
69.55
69.57
69.54
69.54
69.52
69.51
69.51
69.51
69.51
69.52
69.51
69.52
69.51
69.49
69.48
69.50
69.51
69.51
69.51
69.51
69.51
69.51
69.52
69.52
69.50
69.49
69.47
69.50
69.49
69.51
69.52
69.50
69.50
69.51
69.51
69.50
69.53
69.52
69.52
69.52
69.52
69.52
69.53
69.53
69.52
69.50
69.52
69.53
69.54
69.54
69.55
69.53
69.52
69.52
69.53
69.53
69.53
69.54
69.53
69.53
69.53
69.53
69.55
69.55
69.55
69.52
69.53
69.52
69.51
69.52
69.53
69.53
69.52
69.53
69.52
69.52
69.51
69.50
69.51
69.51
69.51
69.52
69.51
69.49
69.49
69.50
69.50
69.49
69.50
69.51
69.53
69.52
69.52
69.52
69.54
69.52
69.50
69.52
69.52
69.52
69.52
69.51
69.53
69.54
69.54
69.53
69.53
69.53
69.54
69.55
69.55
69.56
69.54
69.54
69.54
69.55
69.54
69.54
69.54
69.54
69.54
69.55
69.55
69.54
69.54
69.55
69.57
69.57
69.59
69.58
69.59
69.57
69.58
69.59
69.60
69.60
69.61
69.62
69.62
69.62
69.62
69.62
69.62
69.62
69.61
69.62
69.60
69.61
69.61
69.61
69.61
69.61
69.61
69.61
69.62
69.64
69.65
69.65
69.65
69.64
69.65
69.65
69.64
69.64
69.64
69.65
69.64
69.64
69.64
69.64
69.65
69.64
69.65
69.65
69.64
69.64
69.65
69.65
69.65
69.65
69.66
69.66
69.65
69.64
69.64
69.64
69.61
69.61
69.62
69.64
69.63
69.63
69.64
69.64
69.63
69.65
69.64
69.65
69.66
69.67
69.68
69.66
69.66
69.66
69.67
69.66
69.66
69.66
69.66
69.65
69.64
69.65
69.66
69.66
69.65
69.65
69.64
69.65
69.64
69.66
69.66
69.68
69.68
69.69
69.68
69.67
69.66
69.66
69.67
69.67
69.67
69.67
69.67
69.66
69.67
69.66
69.66
69.66
69.67
69.67
69.68
69.69
69.69
69.70
69.72
69.72
69.73
69.71
69.69
69.69
69.69
69.68
69.69
69.68
69.68
69.68
69.68
69.68
69.68
69.67
69.67
69.68
69.68
69.70
69.71
69.72
69.72
69.72
69.73
69.72
69.73
69.72
69.71
69.72
69.71
69.72
69.71
69.71
69.71
69.71
69.70
69.70
69.70
69.69
69.69
69.68
69.68
69.69
69.68
69.68
69.69
69.70
69.69
69.69
69.71
69.70
69.71
69.71
69.69
69.70
69.69
69.69
69.70
69.69
69.69
69.71
69.71
69.72
69.73
69.72
69.73
69.74
69.68
