76.56
75.00
72.92
71.88
73.12
73.70
73.44
73.24
73.26
72.50
73.01
72.79
72.48
71.88
72.50
72.36
72.24
71.96
72.12
71.64
71.06
70.45
70.52
70.51
70.31
70.43
70.78
70.37
70.47
70.31
70.01
69.97
69.84
70.31
70.54
70.62
70.69
70.68
70.75
70.74
70.77
70.68
70.78
70.53
70.49
70.55
70.55
70.70
70.54
70.50
70.40
70.46
70.52
70.43
70.40
70.37
70.29
70.23
70.31
70.34
70.26
70.31
70.29
70.26
70.31
70.27
70.29
70.27
70.36
70.38
70.29
70.42
70.48
70.48
70.56
70.54
70.41
70.41
70.53
70.45
70.39
70.46
70.46
70.50
70.44
70.40
70.40
70.38
70.35
70.26
70.35
70.38
70.40
70.40
70.38
70.38
70.38
70.33
70.30
70.25
70.20
70.19
70.22
70.25
70.10
70.19
70.24
70.21
70.23
70.11
70.02
69.99
70.04
70.02
70.01
70.04
70.03
69.98
69.93
69.97
69.99
69.97
69.96
69.98
69.90
69.92
69.87
69.93
69.97
69.98
70.00
69.99
69.97
69.93
69.92
69.93
69.81
69.81
69.76
69.82
69.79
69.81
69.85
69.91
69.88
69.88
69.96
69.94
69.98
69.93
69.96
69.96
69.92
70.00
69.95
69.92
69.97
69.94
69.89
69.86
69.88
69.85
69.86
69.90
69.93
69.97
69.96
69.98
69.97
69.95
69.95
69.94
69.95
69.92
69.88
69.82
69.81
69.84
69.82
69.90
69.91
69.88
69.94
69.94
69.92
69.93
70.00
69.96
69.92
69.88
69.86
69.86
69.84
69.86
69.82
69.79
69.82
69.81
69.79
69.81
69.82
69.80
69.83
69.85
69.84
69.86
69.87
69.87
69.84
69.82
69.78
69.80
69.80
69.77
69.77
69.76
69.76
69.76
69.76
69.77
69.78
69.81
69.78
69.77
69.72
69.68
69.69
69.69
69.62
69.61
69.59
69.56
69.57
69.59
69.61
69.59
69.59
69.60
69.60
69.58
69.59
69.52
69.53
69.56
69.55
69.56
69.57
69.56
69.55
69.53
69.55
69.61
69.62
69.63
69.58
69.59
69.57
69.57
69.58
69.57
69.60
69.61
69.60
69.60
69.63
69.66
69.65
69.64
69.62
69.57
69.55
69.57
69.58
69.55
69.55
69.53
69.55
69.52
69.53
69.54
69.56
69.56
69.58
69.58
69.57
69.56
69.57
69.55
69.55
69.57
69.58
69.59
69.59
69.58
69.59
69.61
69.58
69.57
69.58
69.63
69.61
69.63
69.65
69.68
69.68
69.68
69.67
69.66
69.68
69.69
69.69
69.70
69.70
69.69
69.70
69.71
69.69
69.67
69.66
69.65
69.65
69.66
69.69
69.68
69.67
69.68
69.66
69.67
69.66
69.68
69.69
69.69
69.68
69.66
69.66
69.66
69.67
69.69
69.70
69.69
69.65
69.66
69.66
69.67
69.71
69.71
69.70
69.70
69.70
69.71
69.73
69.72
69.73
69.76
69.75
69.78
69.79
69.79
69.80
69.82
69.81
69.81
69.80
69.77
69.79
69.78
69.78
69.79
69.77
69.77
69.75
69.74
69.72
69.71
69.73
69.72
69.71
69.70
69.69
69.68
69.67
69.66
69.66
69.67
69.65
69.64
69.64
69.65
69.69
69.66
69.66
69.67
69.66
69.68
69.66
69.67
69.66
69.64
69.65
69.63
69.62
69.62
69.60
69.62
69.60
69.62
69.63
69.62
69.64
69.64
69.65
69.61
69.60
69.60
69.59
69.62
69.63
69.65
69.65
69.64
69.64
69.65
69.66
69.67
69.67
69.67
69.68
69.70
69.68
69.66
69.64
69.64
69.63
69.66
69.66
69.65
69.65
69.65
69.66
69.67
69.67
69.66
69.66
69.66
69.67
69.66
69.66
69.67
69.69
69.69
69.69
69.70
69.67
69.66
69.65
69.65
69.64
69.65
69.65
69.65
69.64
69.65
69.67
69.67
69.68
69.69
69.71
69.70
69.70
69.70
69.72
69.73
69.74
69.72
69.71
69.72
69.72
69.71
69.71
69.71
69.71
69.71
69.70
69.71
69.70
69.70
69.69
69.69
69.69
69.69
69.70
69.70
69.70
69.72
69.71
69.70
69.70
69.69
69.69
69.68
69.68
69.68
69.67
69.69
69.68
69.69
69.68
69.67
69.66
69.66
69.67
69.67
69.68
69.69
69.69
69.67
69.68
69.69
69.70
69.68
69.68
69.68
69.69
69.68
69.68
69.67
69.66
69.67
69.68
69.68
69.68
69.68
69.69
69.69
69.70
69.68
69.68
69.68
69.69
69.70
69.71
69.72
69.71
69.71
69.71
69.71
69.71
69.70
69.70
69.69
69.70
69.68
69.68
69.68
69.69
69.67
69.66
69.65
69.66
69.67
69.68
69.68
69.69
69.68
69.69
69.68
69.68
69.68
69.66
69.65
69.66
69.65
69.64
69.63
69.63
69.63
69.64
69.64
69.64
69.64
69.64
69.62
69.61
69.63
69.63
69.64
69.64
69.66
69.65
69.63
69.63
69.62
69.61
69.61
69.61
69.62
69.62
69.61
69.61
69.61
69.61
69.61
69.61
69.62
69.63
69.63
69.64
69.64
69.64
69.62
69.62
69.61
69.61
69.60
69.61
69.62
69.62
69.63
69.63
69.62
69.62
69.62
69.63
69.63
69.64
69.64
69.64
69.64
69.64
69.63
69.61
69.62
69.62
69.63
69.63
69.63
69.64
69.63
69.64
69.62
69.62
69.62
69.63
69.64
69.63
69.64
69.64
69.65
69.66
69.65
69.66
69.67
69.66
69.65
69.66
69.67
69.68
69.68
69.68
69.66
69.65
69.65
69.65
69.65
69.65
69.66
69.67
69.67
69.67
69.67
69.67
69.68
69.69
69.69
69.69
69.69
69.68
69.70
69.71
69.70
69.70
69.69
69.66
69.65
69.65
69.66
69.67
69.67
69.68
69.69
69.68
69.68
69.69
69.70
69.71
69.69
69.68
69.67
69.68
69.68
69.69
69.68
69.68
69.68
69.68
69.68
69.68
69.69
69.69
69.70
69.69
69.70
69.71
69.71
69.70
69.70
69.71
69.71
69.72
69.71
69.71
69.71
69.71
69.71
69.71
69.71
69.70
69.70
69.70
69.70
69.71
69.71
69.70
69.69
69.69
69.70
69.70
69.70
69.70
69.69
69.68
69.67
69.67
69.67
69.66
69.66
69.66
69.67
69.67
69.67
69.68
69.67
69.69
69.70
69.71
69.71
69.72
69.72
69.72
69.71
69.72
69.71
69.71
69.71
69.71
69.70
69.71
69.71
69.71
69.71
69.72
69.72
69.73
69.74
69.74
69.74
69.75
69.75
69.76
69.75
69.75
69.68
