68.75
72.66
70.31
70.31
69.38
69.53
68.08
67.97
68.06
68.59
68.18
68.49
68.87
69.31
69.69
69.53
69.94
69.79
69.90
69.92
70.54
70.53
70.65
70.64
70.38
70.43
70.72
70.76
70.47
70.36
70.41
70.07
70.27
69.99
69.91
69.88
69.76
69.82
69.87
70.08
70.08
70.16
70.02
69.96
69.90
70.11
70.15
70.02
70.09
70.16
70.25
70.13
70.22
70.23
70.06
70.03
69.90
69.83
69.92
69.74
69.88
70.04
70.04
70.14
70.02
70.10
70.15
70.13
70.18
70.13
70.27
70.12
70.14
70.12
70.00
69.98
70.07
70.03
70.00
70.02
70.00
70.06
70.05
70.03
69.94
70.00
70.06
70.01
69.98
69.98
69.97
70.02
69.93
70.00
70.02
70.00
69.96
69.87
69.87
69.88
69.85
69.73
69.80
69.79
69.67
69.77
69.74
69.79
69.80
69.67
69.66
69.70
69.61
69.59
69.58
69.57
69.55
69.54
69.55
69.66
69.67
69.72
69.78
69.80
69.72
69.78
69.82
69.87
69.94
69.96
69.93
69.92
69.94
70.02
69.94
69.89
69.92
69.86
69.85
69.88
69.80
69.84
69.89
69.89
69.86
69.85
69.84
69.85
69.82
69.83
69.83
69.80
69.80
69.77
69.70
69.67
69.68
69.67
69.70
69.68
69.71
69.71
69.74
69.73
69.70
69.69
69.65
69.64
69.66
69.68
69.65
69.63
69.59
69.53
69.53
69.53
69.53
69.55
69.57
69.54
69.57
69.57
69.57
69.63
69.62
69.68
69.69
69.74
69.75
69.75
69.72
69.70
69.74
69.72
69.66
69.69
69.69
69.68
69.70
69.67
69.68
69.63
69.68
69.68
69.67
69.68
69.72
69.71
69.66
69.64
69.66
69.64
69.64
69.62
69.67
69.66
69.66
69.67
69.68
69.70
69.68
69.69
69.72
69.70
69.72
69.70
69.71
69.72
69.73
69.74
69.72
69.73
69.76
69.73
69.72
69.74
69.75
69.75
69.74
69.77
69.77
69.79
69.81
69.85
69.87
69.84
69.84
69.83
69.84
69.81
69.83
69.85
69.85
69.84
69.85
69.83
69.83
69.83
69.85
69.87
69.84
69.84
69.83
69.80
69.79
69.79
69.79
69.76
69.76
69.77
69.75
69.74
69.76
69.76
69.76
69.77
69.74
69.73
69.71
69.69
69.71
69.73
69.72
69.71
69.69
69.67
69.69
69.67
69.64
69.62
69.64
69.62
69.63
69.66
69.66
69.67
69.65
69.66
69.64
69.64
69.66
69.65
69.64
69.65
69.63
69.62
69.59
69.63
69.63
69.65
69.65
69.67
69.62
69.62
69.61
69.61
69.60
69.62
69.65
69.66
69.68
69.68
69.68
69.70
69.71
69.73
69.72
69.73
69.70
69.72
69.72
69.73
69.70
69.73
69.75
69.76
69.75
69.76
69.79
69.79
69.82
69.85
69.83
69.82
69.81
69.82
69.82
69.80
69.79
69.79
69.79
69.78
69.79
69.79
69.83
69.86
69.87
69.89
69.91
69.91
69.91
69.91
69.91
69.90
69.91
69.92
69.92
69.93
69.91
69.94
69.94
69.95
69.95
69.92
69.92
69.92
69.93
69.91
69.92
69.94
69.96
69.93
69.95
69.93
69.93
69.94
69.95
69.97
69.92
69.90
69.92
69.94
69.95
69.92
69.92
69.92
69.92
69.94
69.94
69.94
69.95
69.95
69.94
69.92
69.94
69.95
69.97
69.96
69.95
69.93
69.94
69.93
69.90
69.91
69.91
69.91
69.92
69.92
69.94
69.95
69.95
69.94
69.91
69.86
69.86
69.83
69.81
69.81
69.81
69.81
69.81
69.81
69.80
69.81
69.81
69.80
69.79
69.75
69.75
69.74
69.73
69.73
69.73
69.71
69.73
69.72
69.70
69.70
69.72
69.72
69.72
69.74
69.75
69.76
69.74
69.74
69.73
69.73
69.75
69.76
69.76
69.77
69.76
69.75
69.72
69.72
69.72
69.73
69.74
69.74
69.73
69.72
69.74
69.74
69.75
69.75
69.75
69.74
69.73
69.72
69.74
69.76
69.76
69.75
69.76
69.76
69.77
69.78
69.78
69.80
69.78
69.78
69.77
69.76
69.77
69.76
69.76
69.76
69.76
69.74
69.74
69.75
69.74
69.75
69.76
69.76
69.77
69.77
69.76
69.76
69.75
69.77
69.76
69.77
69.76
69.74
69.75
69.76
69.75
69.77
69.77
69.77
69.76
69.76
69.76
69.75
69.75
69.74
69.74
69.76
69.76
69.77
69.77
69.77
69.75
69.76
69.77
69.76
69.76
69.75
69.75
69.76
69.74
69.74
69.71
69.73
69.74
69.74
69.73
69.75
69.74
69.74
69.74
69.75
69.74
69.75
69.75
69.76
69.75
69.72
69.72
69.73
69.72
69.69
69.70
69.70
69.69
69.69
69.67
69.65
69.63
69.64
69.66
69.65
69.64
69.66
69.68
69.67
69.66
69.66
69.66
69.65
69.64
69.66
69.66
69.66
69.66
69.64
69.64
69.62
69.61
69.61
69.62
69.62
69.61
69.61
69.60
69.59
69.58
69.59
69.60
69.59
69.59
69.58
69.56
69.58
69.59
69.58
69.58
69.60
69.59
69.61
69.60
69.62
69.61
69.62
69.62
69.62
69.62
69.63
69.63
69.63
69.63
69.63
69.63
69.63
69.63
69.62
69.62
69.60
69.59
69.59
69.58
69.57
69.56
69.58
69.58
69.59
69.60
69.59
69.57
69.56
69.55
69.55
69.55
69.55
69.56
69.56
69.56
69.57
69.56
69.56
69.55
69.56
69.53
69.53
69.53
69.55
69.54
69.55
69.54
69.53
69.54
69.55
69.55
69.56
69.56
69.57
69.58
69.58
69.58
69.58
69.59
69.58
69.58
69.60
69.58
69.60
69.60
69.60
69.60
69.61
69.60
69.60
69.61
69.60
69.61
69.61
69.61
69.61
69.61
69.61
69.62
69.61
69.62
69.62
69.61
69.61
69.63
69.65
69.63
69.63
69.62
69.60
69.61
69.62
69.63
69.63
69.62
69.61
69.60
69.60
69.59
69.60
69.60
69.61
69.61
69.62
69.63
69.64
69.65
69.66
69.67
69.68
69.69
69.70
69.70
69.71
69.71
69.72
69.71
69.72
69.71
69.72
69.73
69.73
69.73
69.74
69.75
69.74
69.75
69.75
69.74
69.74
69.73
69.74
69.75
69.75
69.75
69.76
69.76
69.77
69.79
69.78
69.78
69.79
69.79
69.80
69.79
69.79
69.78
69.78
69.78
69.79
69.78
69.76
69.76
69.75
69.75
69.76
69.76
69.77
69.77
69.77
69.78
69.78
69.77
69.77
69.77
69.77
69.76
69.70
