0.00
0.00
0.00
0.00
0.00
0.00
0.00
0.00
0.00
0.00
0.00
0.13
0.12
0.22
0.21
0.20
0.18
0.17
0.16
0.16
0.22
0.21
0.20
0.20
0.19
0.18
0.17
0.22
0.22
0.21
0.20
0.20
0.19
0.18
0.22
0.22
0.25
0.25
0.28
0.27
0.27
0.26
0.25
0.32
0.31
0.31
0.30
0.29
0.29
0.28
0.28
0.30
0.29
0.29
0.31
0.31
0.30
0.30
0.29
0.31
0.31
0.30
0.30
0.29
0.29
0.28
0.33
0.32
0.32
0.31
0.31
0.30
0.30
0.30
0.31
0.31
0.30
0.30
0.30
0.31
0.31
0.32
0.32
0.32
0.35
0.35
0.34
0.34
0.33
0.33
0.33
0.32
0.32
0.32
0.31
0.31
0.31
0.30
0.32
0.31
0.31
0.31
0.30
0.32
0.31
0.31
0.31
0.30
0.30
0.30
0.30
0.29
0.30
0.30
0.30
0.30
0.29
0.29
0.29
0.29
0.28
0.31
0.30
0.30
0.30
0.30
0.30
0.29
0.29
0.30
0.30
0.30
0.31
0.30
0.30
0.31
0.31
0.33
0.33
0.32
0.32
0.32
0.32
0.31
0.31
0.32
0.32
0.32
0.31
0.32
0.32
0.32
0.32
0.31
0.31
0.32
0.32
0.32
0.31
0.31
0.31
0.31
0.31
0.30
0.30
0.30
0.30
0.31
0.31
0.32
0.33
0.33
0.33
0.32
0.32
0.32
0.32
0.32
0.31
0.31
0.31
0.32
0.32
0.31
0.31
0.31
0.31
0.31
0.31
0.30
0.30
0.30
0.30
0.30
0.30
0.30
0.30
0.30
0.30
0.30
0.30
0.29
0.29
0.29
0.30
0.30
0.29
0.30
0.30
0.30
0.30
0.29
0.29
0.29
0.29
0.29
0.29
0.29
0.29
0.28
0.28
0.28
0.28
0.29
0.28
0.28
0.29
0.29
0.29
0.29
0.29
0.29
0.29
0.29
0.29
0.28
0.28
0.28
0.28
0.28
0.29
0.28
0.28
0.28
0.28
0.28
0.28
0.28
0.28
0.28
0.28
0.28
0.28
0.28
0.28
0.29
0.29
0.28
0.28
0.28
0.28
0.28
0.28
0.28
0.28
0.28
0.28
0.28
0.28
0.28
0.28
0.28
0.27
0.27
0.27
0.27
0.28
0.28
0.28
0.28
0.28
0.28
0.29
0.29
0.29
0.29
0.29
0.29
0.29
0.29
0.29
0.29
0.29
0.29
0.29
0.29
0.29
0.29
0.29
0.29
0.29
0.29
0.29
0.29
0.29
0.29
0.29
0.29
0.29
0.29
0.29
0.29
0.29
0.29
0.29
0.29
0.29
0.28
0.29
0.29
0.29
0.29
0.29
0.28
0.28
0.28
0.28
0.28
0.28
0.28
0.28
0.28
0.28
0.28
0.28
0.27
0.27
0.28
0.28
0.28
0.28
0.28
0.28
0.28
0.28
0.28
0.27
0.27
0.28
0.28
0.28
0.28
0.28
0.28
0.28
0.28
0.28
0.28
0.28
0.28
0.28
0.28
0.28
0.28
0.29
0.29
0.29
0.29
0.29
0.29
0.29
0.29
0.29
0.29
0.29
0.29
0.29
0.29
0.29
0.29
0.29
0.29
0.29
0.29
0.29
0.29
0.29
0.29
0.29
0.29
0.29
0.29
0.29
0.29
0.30
0.30
0.30
0.30
0.30
0.30
0.30
0.30
0.30
0.30
0.30
0.30
0.30
0.30
0.30
0.30
0.30
0.30
0.30
0.29
0.29
0.29
0.29
0.29
0.29
0.29
0.29
0.29
0.29
0.29
0.29
0.29
0.29
0.29
0.29
0.29
0.29
0.29
0.29
0.29
0.29
0.29
0.29
0.29
0.29
0.29
0.29
0.29
0.29
0.29
0.29
0.29
0.29
0.29
0.29
0.29
0.29
0.29
0.29
0.29
0.29
0.29
0.29
0.29
0.29
0.29
0.29
0.29
0.29
0.29
0.29
0.29
0.29
0.29
0.29
0.29
0.30
0.29
0.29
0.29
0.29
0.29
0.29
0.29
0.29
0.29
0.29
0.29
0.29
0.29
0.29
0.29
0.29
0.29
0.29
0.29
0.29
0.29
0.29
0.29
0.29
0.29
0.29
0.29
0.29
0.29
0.29
0.29
0.30
0.29
0.29
0.29
0.30
0.30
0.30
0.30
0.30
0.30
0.30
0.30
0.30
0.30
0.30
0.30
0.30
0.30
0.30
0.30
0.30
0.30
0.30
0.30
0.30
0.30
0.30
0.30
0.30
0.30
0.30
0.30
0.30
0.30
0.30
0.30
0.30
0.30
0.30
0.30
0.30
0.30
0.30
0.30
0.30
0.30
0.30
0.30
0.30
0.30
0.30
0.30
0.30
0.30
0.30
0.30
0.30
0.30
0.30
0.30
0.30
0.30
0.30
0.30
0.30
0.30
0.30
0.30
0.30
0.30
0.30
0.30
0.30
0.30
0.30
0.30
0.30
0.30
0.30
0.30
0.30
0.30
0.30
0.30
0.30
0.30
0.30
0.30
0.30
0.30
0.30
0.30
0.30
0.30
0.30
0.30
0.29
0.29
0.29
0.29
0.29
0.29
0.29
0.29
0.29
0.29
0.29
0.29
0.29
0.29
0.29
0.29
0.29
0.29
0.29
0.29
0.29
0.29
0.29
0.29
0.29
0.29
0.29
0.29
0.29
0.29
0.29
0.29
0.29
0.29
0.29
0.29
0.29
0.29
0.29
0.29
0.29
0.29
0.29
0.29
0.29
0.29
0.29
0.29
0.29
0.29
0.29
0.29
0.29
0.29
0.29
0.29
0.29
0.29
0.29
0.29
0.29
0.29
0.29
0.29
0.29
0.29
0.29
0.29
0.30
0.29
0.29
0.29
0.29
0.30
0.29
0.29
0.29
0.29
0.29
0.29
0.29
0.29
0.29
0.29
0.29
0.29
0.29
0.29
0.29
0.29
0.29
0.29
0.29
0.29
0.29
0.29
0.29
0.29
0.28
0.28
0.28
0.28
0.28
0.28
0.28
0.29
0.29
0.29
0.29
0.28
0.28
0.28
0.28
0.28
0.28
0.29
0.29
0.29
0.29
0.29
0.29
0.29
0.29
0.29
0.29
0.28
0.28
0.28
0.28
0.28
0.28
0.28
0.28
0.28
0.29
0.29
0.29
0.29
0.29
0.29
0.29
0.29
0.28
0.28
0.28
0.28
0.28
0.28
0.29
0.29
0.29
0.29
0.29
0.29
0.29
0.29
0.29
0.29
0.29
0.29
0.29
0.29
0.29
0.29
0.29
0.29
0.29
0.29
0.29
0.29
0.29
0.29
0.29
0.29
0.29
0.29
0.29
0.29
0.29
0.29
0.29
0.29
0.29
0.29
