71.88
67.19
65.62
65.62
67.19
68.49
68.30
68.36
69.44
69.69
69.18
69.27
68.87
68.64
68.65
68.46
68.66
68.06
68.17
68.28
68.60
68.61
68.48
68.16
68.00
67.97
67.94
68.14
68.27
68.39
68.55
68.51
68.66
68.38
68.39
68.27
68.41
68.34
68.39
68.16
68.25
68.30
68.42
68.43
68.44
68.61
68.85
68.78
68.81
68.78
68.75
68.78
68.87
69.01
69.12
69.11
69.13
69.18
69.17
69.17
69.03
69.03
69.15
69.17
69.16
69.20
69.08
69.23
69.27
69.38
69.23
69.27
69.20
69.21
69.23
69.20
69.16
69.09
69.01
69.00
68.89
68.90
68.86
68.81
68.88
68.97
68.98
68.96
68.96
68.98
68.90
68.90
68.97
69.05
69.10
69.08
69.14
69.15
69.18
69.30
69.29
69.27
69.24
69.19
69.17
69.09
69.20
69.16
69.14
69.18
69.21
69.21
69.25
69.23
69.23
69.18
69.16
69.16
69.12
69.11
69.25
69.31
69.22
69.17
69.20
69.23
69.22
69.19
69.15
69.16
69.08
69.06
69.04
69.09
69.10
69.14
69.25
69.26
69.26
69.25
69.27
69.22
69.24
69.29
69.23
69.20
69.21
69.23
69.23
69.21
69.26
69.22
69.22
69.28
69.31
69.37
69.39
69.46
69.54
69.52
69.46
69.43
69.46
69.44
69.44
69.44
69.39
69.41
69.41
69.41
69.40
69.42
69.43
69.49
69.47
69.43
69.46
69.49
69.46
69.42
69.46
69.47
69.45
69.50
69.48
69.51
69.53
69.59
69.58
69.60
69.57
69.54
69.53
69.53
69.56
69.54
69.57
69.53
69.61
69.62
69.61
69.57
69.56
69.52
69.52
69.47
69.47
69.41
69.44
69.48
69.49
69.54
69.55
69.53
69.51
69.57
69.59
69.60
69.61
69.63
69.63
69.59
69.56
69.54
69.53
69.55
69.56
69.55
69.58
69.59
69.58
69.59
69.59
69.59
69.66
69.65
69.65
69.64
69.61
69.61
69.62
69.60
69.62
69.61
69.64
69.66
69.64
69.60
69.57
69.55
69.57
69.54
69.55
69.55
69.55
69.54
69.52
69.53
69.55
69.53
69.53
69.55
69.60
69.60
69.62
69.61
69.61
69.67
69.64
69.64
69.66
69.65
69.64
69.64
69.63
69.63
69.61
69.62
69.59
69.59
69.62
69.60
69.61
69.61
69.64
69.65
69.68
69.65
69.65
69.64
69.63
69.63
69.64
69.64
69.67
69.69
69.68
69.68
69.66
69.69
69.72
69.72
69.73
69.74
69.74
69.76
69.76
69.77
69.75
69.75
69.74
69.75
69.71
69.67
69.67
69.68
69.66
69.66
69.70
69.70
69.71
69.73
69.76
69.73
69.73
69.73
69.72
69.75
69.77
69.79
69.79
69.80
69.82
69.83
69.85
69.87
69.88
69.91
69.91
69.89
69.88
69.84
69.85
69.85
69.85
69.84
69.84
69.83
69.82
69.84
69.84
69.85
69.85
69.86
69.89
69.91
69.91
69.91
69.93
69.95
69.94
69.94
69.93
69.92
69.91
69.91
69.87
69.85
69.84
69.83
69.79
69.83
69.82
69.82
69.85
69.84
69.82
69.80
69.81
69.79
69.80
69.81
69.80
69.79
69.80
69.83
69.81
69.82
69.81
69.82
69.82
69.83
69.82
69.81
69.85
69.84
69.86
69.86
69.84
69.86
69.82
69.82
69.82
69.84
69.84
69.84
69.84
69.85
69.85
69.87
69.87
69.87
69.85
69.85
69.86
69.84
69.83
69.85
69.84
69.84
69.85
69.84
69.87
69.85
69.85
69.84
69.85
69.85
69.84
69.83
69.84
69.83
69.81
69.84
69.84
69.85
69.84
69.85
69.87
69.86
69.85
69.87
69.86
69.85
69.83
69.85
69.87
69.88
69.88
69.86
69.86
69.87
69.88
69.87
69.86
69.85
69.86
69.86
69.86
69.86
69.87
69.87
69.85
69.87
69.88
69.88
69.90
69.91
69.91
69.93
69.92
69.91
69.91
69.93
69.95
69.93
69.93
69.93
69.93
69.93
69.92
69.92
69.91
69.92
69.91
69.90
69.89
69.88
69.89
69.87
69.87
69.89
69.88
69.87
69.88
69.89
69.89
69.90
69.91
69.88
69.89
69.90
69.89
69.88
69.87
69.85
69.85
69.85
69.86
69.85
69.84
69.85
69.86
69.87
69.88
69.88
69.89
69.86
69.87
69.87
69.88
69.87
69.86
69.86
69.85
69.85
69.84
69.82
69.81
69.80
69.80
69.79
69.78
69.79
69.80
69.81
69.79
69.79
69.80
69.81
69.80
69.80
69.79
69.77
69.78
69.76
69.75
69.77
69.75
69.74
69.74
69.75
69.75
69.74
69.74
69.72
69.70
69.71
69.71
69.70
69.71
69.73
69.72
69.73
69.72
69.72
69.71
69.71
69.71
69.70
69.71
69.70
69.69
69.70
69.70
69.70
69.70
69.70
69.70
69.69
69.68
69.66
69.66
69.64
69.63
69.63
69.62
69.64
69.63
69.62
69.62
69.61
69.61
69.61
69.61
69.58
69.58
69.59
69.60
69.60
69.60
69.60
69.60
69.60
69.60
69.61
69.60
69.61
69.61
69.60
69.59
69.60
69.61
69.59
69.59
69.60
69.60
69.59
69.59
69.56
69.57
69.59
69.62
69.62
69.62
69.63
69.62
69.61
69.60
69.61
69.60
69.62
69.62
69.62
69.62
69.62
69.63
69.63
69.64
69.65
69.65
69.66
69.66
69.66
69.66
69.67
69.68
69.67
69.67
69.67
69.66
69.67
69.66
69.66
69.66
69.66
69.66
69.65
69.65
69.65
69.65
69.64
69.65
69.65
69.65
69.65
69.65
69.68
69.69
69.68
69.67
69.67
69.67
69.66
69.66
69.66
69.66
69.67
69.68
69.68
69.68
69.70
69.71
69.71
69.71
69.71
69.71
69.72
69.72
69.72
69.73
69.73
69.71
69.71
69.70
69.69
69.70
69.70
69.70
69.71
69.70
69.71
69.69
69.68
69.69
69.68
69.68
69.68
69.67
69.66
69.65
69.66
69.67
69.68
69.69
69.69
69.69
69.69
69.69
69.70
69.71
69.72
69.72
69.72
69.73
69.73
69.73
69.75
69.76
69.77
69.76
69.76
69.76
69.77
69.76
69.76
69.75
69.75
69.75
69.75
69.73
69.72
69.72
69.72
69.71
69.72
69.72
69.73
69.73
69.72
69.72
69.72
69.70
69.71
69.73
69.73
69.72
69.70
69.69
69.70
69.71
69.73
69.72
69.73
69.73
69.73
69.72
69.72
69.72
69.73
69.73
69.74
69.74
69.75
69.75
69.75
69.75
69.76
69.77
69.76
69.76
69.69
