71.88
72.66
68.23
69.53
70.00
70.31
69.42
68.95
68.75
69.22
69.03
69.27
70.43
70.65
70.21
70.41
70.04
69.88
70.31
70.39
69.94
70.17
69.63
69.34
69.25
68.75
69.16
69.48
69.45
69.38
69.05
69.24
68.99
69.21
69.02
68.97
69.21
69.33
69.23
69.22
69.40
69.49
69.55
69.67
69.79
69.53
69.75
69.76
69.87
69.88
70.04
70.31
70.31
70.23
70.48
70.48
70.50
70.42
70.52
70.70
70.59
70.61
70.66
70.78
70.79
70.74
70.55
70.50
70.45
70.45
70.42
70.23
70.27
70.27
70.23
70.19
70.19
70.29
70.41
70.45
70.35
70.29
70.43
70.41
70.42
70.39
70.31
70.33
70.35
70.38
70.38
70.33
70.35
70.25
70.36
70.31
70.34
70.42
70.45
70.42
70.45
70.40
70.45
70.54
70.62
70.64
70.59
70.60
70.64
70.62
70.62
70.63
70.55
70.57
70.52
70.42
70.43
70.38
70.37
70.34
70.34
70.31
70.30
70.24
70.31
70.25
70.28
70.26
70.24
70.30
70.30
70.29
70.31
70.39
70.38
70.43
70.49
70.46
70.49
70.47
70.46
70.41
70.41
70.41
70.39
70.31
70.32
70.33
70.35
70.31
70.36
70.34
70.34
70.30
70.28
70.30
70.30
70.28
70.29
70.30
70.31
70.33
70.33
70.27
70.31
70.33
70.33
70.27
70.26
70.22
70.27
70.24
70.22
70.21
70.21
70.21
70.21
70.23
70.22
70.20
70.26
70.26
70.30
70.27
70.26
70.36
70.35
70.40
70.40
70.36
70.36
70.31
70.30
70.37
70.34
70.34
70.32
70.37
70.30
70.27
70.28
70.27
70.29
70.29
70.30
70.32
70.33
70.34
70.36
70.35
70.31
70.33
70.28
70.26
70.25
70.30
70.29
70.29
70.31
70.26
70.26
70.26
70.22
70.24
70.26
70.25
70.25
70.24
70.21
70.22
70.18
70.17
70.19
70.13
70.10
70.09
70.11
70.10
70.07
70.11
70.10
70.08
70.08
70.08
70.08
70.07
70.04
70.04
69.99
70.02
70.07
70.07
70.07
70.07
70.09
70.13
70.12
70.10
70.12
70.11
70.12
70.13
70.13
70.15
70.13
70.12
70.10
70.09
70.08
70.07
70.07
70.09
70.06
70.06
70.05
70.03
70.00
69.99
69.99
69.93
69.90
69.92
69.93
69.95
69.94
69.95
69.93
69.95
69.96
69.92
69.92
69.91
69.93
69.94
69.93
69.93
69.93
69.90
69.90
69.92
69.94
69.98
69.95
69.95
69.94
69.96
69.97
69.95
69.95
69.97
69.91
69.90
69.91
69.88
69.90
69.89
69.85
69.85
69.85
69.85
69.84
69.87
69.84
69.87
69.87
69.87
69.85
69.85
69.85
69.87
69.87
69.88
69.87
69.86
69.86
69.88
69.88
69.87
69.87
69.86
69.85
69.84
69.83
69.81
69.81
69.81
69.83
69.85
69.85
69.88
69.88
69.86
69.84
69.87
69.86
69.89
69.85
69.84
69.86
69.87
69.88
69.88
69.91
69.93
69.93
69.91
69.91
69.89
69.87
69.86
69.88
69.87
69.86
69.86
69.84
69.82
69.81
69.80
69.79
69.78
69.78
69.77
69.77
69.76
69.76
69.75
69.74
69.73
69.74
69.72
69.71
69.71
69.71
69.73
69.75
69.76
69.76
69.74
69.75
69.75
69.74
69.74
69.73
69.73
69.74
69.73
69.75
69.76
69.78
69.78
69.78
69.79
69.78
69.75
69.73
69.72
69.71
69.70
69.70
69.68
69.69
69.67
69.68
69.68
69.68
69.69
69.69
69.67
69.66
69.67
69.66
69.68
69.66
69.65
69.65
69.63
69.64
69.63
69.63
69.63
69.61
69.61
69.62
69.61
69.61
69.59
69.58
69.59
69.58
69.58
69.60
69.60
69.60
69.61
69.61
69.62
69.62
69.63
69.64
69.65
69.66
69.65
69.63
69.62
69.61
69.62
69.60
69.58
69.60
69.60
69.60
69.62
69.61
69.62
69.62
69.64
69.66
69.67
69.65
69.66
69.66
69.65
69.63
69.65
69.65
69.63
69.65
69.66
69.67
69.68
69.69
69.67
69.68
69.68
69.70
69.67
69.68
69.65
69.68
69.69
69.69
69.68
69.69
69.70
69.72
69.71
69.71
69.71
69.72
69.73
69.72
69.71
69.69
69.69
69.69
69.69
69.70
69.67
69.68
69.68
69.69
69.68
69.68
69.68
69.68
69.66
69.68
69.69
69.69
69.68
69.69
69.70
69.72
69.73
69.72
69.71
69.71
69.71
69.71
69.70
69.70
69.69
69.70
69.69
69.70
69.71
69.71
69.71
69.71
69.70
69.70
69.71
69.70
69.70
69.68
69.69
69.67
69.68
69.69
69.69
69.68
69.67
69.67
69.68
69.68
69.67
69.65
69.65
69.66
69.64
69.65
69.65
69.66
69.67
69.66
69.66
69.68
69.68
69.68
69.67
69.67
69.66
69.65
69.64
69.63
69.62
69.62
69.65
69.65
69.65
69.65
69.65
69.64
69.65
69.64
69.66
69.66
69.66
69.68
69.68
69.68
69.69
69.71
69.70
69.71
69.71
69.71
69.72
69.71
69.71
69.69
69.70
69.73
69.75
69.76
69.75
69.74
69.76
69.75
69.75
69.76
69.76
69.77
69.77
69.77
69.76
69.74
69.73
69.73
69.73
69.74
69.74
69.75
69.75
69.76
69.76
69.76
69.75
69.76
69.75
69.74
69.74
69.74
69.76
69.75
69.75
69.76
69.77
69.76
69.77
69.78
69.78
69.78
69.76
69.76
69.77
69.77
69.77
69.77
69.77
69.76
69.76
69.76
69.75
69.76
69.76
69.78
69.77
69.77
69.76
69.76
69.75
69.73
69.73
69.72
69.71
69.71
69.71
69.70
69.71
69.71
69.72
69.73
69.72
69.71
69.70
69.71
69.71
69.70
69.70
69.70
69.70
69.69
69.69
69.69
69.70
69.71
69.71
69.70
69.71
69.72
69.72
69.70
69.70
69.69
69.70
69.69
69.69
69.69
69.68
69.68
69.67
69.66
69.66
69.67
69.67
69.68
69.68
69.67
69.67
69.65
69.64
69.64
69.65
69.65
69.66
69.67
69.66
69.67
69.67
69.67
69.65
69.65
69.64
69.64
69.64
69.64
69.64
69.62
69.63
69.64
69.63
69.63
69.63
69.64
69.64
69.63
69.62
69.62
69.63
69.61
69.62
69.61
69.61
69.61
69.61
69.63
69.65
69.65
69.65
69.67
69.67
69.66
69.66
69.66
69.67
69.67
69.68
69.68
69.68
69.68
69.69
69.68
69.68
69.69
69.69
69.70
69.70
69.70
69.71
69.71
69.65
