78.12
72.66
70.31
71.88
70.62
69.53
69.42
70.70
71.53
71.88
71.88
71.35
70.79
71.09
71.46
71.39
71.14
71.44
71.63
71.17
71.13
70.81
70.65
70.64
70.38
70.37
70.25
70.42
70.47
70.05
69.81
69.53
69.46
69.35
69.11
69.18
69.09
69.00
68.79
68.87
68.83
68.94
69.19
69.25
69.48
69.29
69.55
69.56
69.67
69.66
69.70
69.62
69.60
69.85
70.09
69.92
69.96
69.85
69.94
70.00
70.03
69.86
69.79
69.87
69.86
69.91
69.94
70.04
70.04
70.11
70.07
69.97
69.97
69.93
69.96
69.82
69.72
69.81
69.88
69.79
69.79
69.80
69.88
69.83
69.87
69.79
69.76
69.62
69.66
69.65
69.64
69.60
69.52
69.55
69.46
69.55
69.51
69.45
69.48
69.41
69.42
69.42
69.55
69.50
69.43
69.53
69.54
69.55
69.51
69.53
69.55
69.56
69.47
69.48
69.47
69.52
69.55
69.47
69.50
69.62
69.62
69.63
69.61
69.61
69.64
69.69
69.73
69.84
69.86
69.92
69.97
69.98
69.91
69.92
69.93
69.89
69.88
69.87
69.90
69.89
69.91
69.95
69.94
69.95
70.00
70.02
70.04
70.04
69.99
69.98
70.03
70.07
70.06
70.11
70.08
70.03
70.04
70.07
70.06
70.04
70.01
70.07
70.07
70.12
70.11
70.07
70.12
70.17
70.20
70.17
70.19
70.13
70.17
70.17
70.19
70.21
70.23
70.22
70.25
70.25
70.27
70.22
70.20
70.24
70.25
70.29
70.30
70.30
70.25
70.25
70.30
70.29
70.32
70.34
70.33
70.30
70.28
70.31
70.32
70.34
70.32
70.29
70.32
70.30
70.26
70.22
70.20
70.20
70.19
70.22
70.25
70.27
70.25
70.22
70.22
70.23
70.19
70.17
70.18
70.16
70.17
70.19
70.17
70.21
70.22
70.19
70.14
70.12
70.06
70.07
70.07
70.11
70.15
70.19
70.18
70.16
70.19
70.20
70.18
70.20
70.22
70.21
70.20
70.17
70.20
70.22
70.24
70.22
70.24
70.23
70.26
70.27
70.26
70.24
70.21
70.21
70.21
70.21
70.19
70.20
70.20
70.22
70.21
70.18
70.16
70.15
70.15
70.13
70.11
70.09
70.09
70.05
70.04
70.04
70.02
70.03
70.04
70.08
70.09
70.08
70.08
70.02
70.05
70.05
70.06
70.06
70.01
70.00
70.01
69.99
70.00
70.00
70.02
70.03
70.02
70.02
69.99
69.99
70.01
70.02
70.02
70.04
70.03
70.02
70.01
70.01
70.02
70.03
70.06
70.07
70.06
70.06
70.07
70.03
70.00
70.01
70.01
70.01
69.98
70.01
70.04
70.04
70.04
70.08
70.08
70.08
70.05
70.05
70.03
70.03
70.05
70.02
70.03
70.04
70.00
69.98
69.97
69.98
69.99
70.01
69.99
70.02
70.01
70.02
70.04
70.05
70.06
70.04
70.01
70.00
69.97
69.97
69.97
69.97
69.95
69.98
70.00
70.01
70.00
69.95
69.92
69.90
69.87
69.87
69.86
69.88
69.87
69.86
69.87
69.90
69.93
69.93
69.94
69.93
69.92
69.92
69.90
69.91
69.90
69.91
69.90
69.90
69.89
69.90
69.90
69.91
69.91
69.91
69.92
69.93
69.94
69.95
69.95
69.97
69.95
69.94
69.93
69.95
69.93
69.94
69.95
69.96
69.97
69.96
69.94
69.92
69.94
69.93
69.93
69.93
69.92
69.94
69.93
69.92
69.92
69.89
69.87
69.89
69.90
69.91
69.92
69.93
69.94
69.91
69.90
69.91
69.92
69.92
69.92
69.92
69.90
69.87
69.90
69.91
69.89
69.86
69.85
69.86
69.89
69.89
69.89
69.89
69.89
69.90
69.91
69.89
69.87
69.87
69.87
69.88
69.87
69.88
69.88
69.90
69.87
69.87
69.89
69.89
69.89
69.89
69.88
69.90
69.89
69.91
69.92
69.91
69.90
69.90
69.90
69.91
69.92
69.96
69.95
69.97
69.97
69.97
69.98
69.97
69.97
69.96
69.98
70.00
70.00
70.02
70.01
70.01
70.00
69.99
69.97
69.97
69.95
69.95
69.96
69.95
69.94
69.94
69.93
69.92
69.94
69.95
69.95
69.96
69.98
69.97
69.98
69.97
69.97
69.97
69.97
69.96
69.94
69.93
69.95
69.95
69.95
69.95
69.96
69.94
69.95
69.95
69.95
69.95
69.95
69.96
69.94
69.93
69.91
69.90
69.90
69.91
69.92
69.90
69.90
69.90
69.86
69.86
69.86
69.85
69.86
69.87
69.86
69.88
69.89
69.89
69.90
69.89
69.89
69.89
69.90
69.90
69.89
69.88
69.88
69.89
69.89
69.89
69.91
69.92
69.92
69.91
69.91
69.92
69.91
69.91
69.91
69.92
69.92
69.91
69.91
69.91
69.89
69.92
69.92
69.90
69.89
69.87
69.87
69.86
69.85
69.84
69.84
69.84
69.84
69.85
69.86
69.88
69.89
69.90
69.91
69.92
69.92
69.94
69.92
69.93
69.94
69.94
69.95
69.93
69.93
69.92
69.92
69.92
69.92
69.93
69.93
69.95
69.95
69.96
69.95
69.95
69.94
69.93
69.93
69.92
69.92
69.92
69.91
69.91
69.91
69.89
69.89
69.89
69.87
69.88
69.88
69.87
69.87
69.86
69.85
69.86
69.85
69.86
69.87
69.86
69.86
69.86
69.86
69.85
69.86
69.85
69.85
69.86
69.87
69.87
69.87
69.86
69.85
69.84
69.84
69.84
69.83
69.84
69.83
69.83
69.83
69.83
69.83
69.84
69.84
69.83
69.85
69.85
69.86
69.87
69.88
69.89
69.90
69.90
69.89
69.90
69.91
69.91
69.92
69.92
69.92
69.92
69.93
69.93
69.94
69.94
69.95
69.93
69.92
69.93
69.93
69.93
69.92
69.90
69.90
69.91
69.92
69.91
69.91
69.90
69.90
69.90
69.92
69.91
69.91
69.91
69.89
69.90
69.89
69.89
69.89
69.90
69.90
69.91
69.91
69.90
69.89
69.89
69.88
69.89
69.89
69.89
69.90
69.90
69.91
69.90
69.89
69.88
69.90
69.89
69.90
69.89
69.89
69.87
69.86
69.86
69.85
69.86
69.85
69.83
69.83
69.83
69.83
69.83
69.82
69.80
69.81
69.80
69.80
69.80
69.81
69.81
69.81
69.81
69.80
69.80
69.79
69.80
69.80
69.80
69.80
69.80
69.80
69.79
69.81
69.80
69.80
69.78
69.79
69.80
69.80
69.80
69.80
69.80
69.79
69.79
69.79
69.78
69.77
69.77
69.75
69.76
69.76
69.76
69.76
69.76
69.75
69.69
