71.88
64.84
64.58
63.67
63.13
64.58
66.52
66.99
67.36
67.66
67.90
67.58
67.55
67.08
67.29
67.48
67.92
67.36
67.76
67.73
67.71
68.18
68.27
67.97
67.69
67.25
67.25
67.52
67.40
67.45
67.09
67.33
67.23
67.46
67.63
67.80
67.61
67.43
67.27
67.46
67.53
67.56
67.73
68.08
68.02
68.21
68.12
68.26
68.05
67.91
68.05
68.18
68.40
68.37
68.44
68.55
68.70
68.64
68.51
68.62
68.52
68.52
68.58
68.55
68.56
68.51
68.54
68.50
68.46
68.42
68.24
68.29
68.15
68.22
68.15
68.15
68.04
68.03
68.10
68.12
68.09
68.12
68.22
68.12
68.00
67.95
67.98
67.99
67.96
67.86
67.84
67.83
67.89
67.92
67.89
67.90
67.98
67.95
67.96
67.95
67.96
67.97
67.85
67.83
67.80
67.81
67.77
67.72
67.72
67.71
67.72
67.79
67.88
67.90
67.85
67.78
67.68
67.72
67.78
67.75
67.79
67.70
67.67
67.70
67.76
67.73
67.77
67.77
67.81
67.85
67.87
67.85
67.82
67.72
67.72
67.73
67.76
67.74
67.74
67.72
67.71
67.67
67.71
67.80
67.83
67.83
67.79
67.79
67.81
67.80
67.78
67.76
67.72
67.72
67.74
67.75
67.72
67.71
67.72
67.73
67.74
67.74
67.73
67.80
67.80
67.83
67.81
67.84
67.80
67.78
67.79
67.79
67.86
67.84
67.84
67.83
67.85
67.80
67.80
67.85
67.88
67.90
67.85
67.88
67.85
67.89
67.87
67.87
67.91
67.90
67.93
67.94
67.93
67.90
67.96
67.94
67.93
67.95
67.97
67.93
67.89
67.90
67.90
67.88
67.92
67.91
67.87
67.90
67.89
67.88
67.88
67.87
67.90
67.90
67.89
67.83
67.81
67.81
67.79
67.75
67.77
67.74
67.75
67.76
67.79
67.80
67.82
67.81
67.79
67.79
67.82
67.84
67.83
67.84
67.83
67.81
67.81
67.82
67.82
67.77
67.76
67.79
67.80
67.82
67.82
67.82
67.79
67.80
67.81
67.80
67.79
67.76
67.76
67.78
67.76
67.77
67.83
67.86
67.88
67.85
67.80
67.78
67.79
67.82
67.84
67.80
67.80
67.82
67.79
67.78
67.80
67.78
67.81
67.78
67.77
67.77
67.79
67.81
67.83
67.81
67.78
67.83
67.83
67.85
67.86
67.87
67.87
67.89
67.90
67.92
67.95
67.98
67.99
68.01
68.02
67.98
67.97
67.97
67.96
67.94
67.93
67.93
67.91
67.93
67.92
67.90
67.87
67.90
67.90
67.90
67.92
67.92
67.96
67.96
67.95
67.93
67.92
67.90
67.89
67.89
67.87
67.87
67.86
67.88
67.88
67.92
67.90
67.89
67.90
67.91
67.91
67.91
67.93
67.95
67.96
67.96
67.97
67.99
67.97
67.98
67.98
68.00
68.02
68.01
68.02
68.02
68.05
68.05
68.06
68.05
68.04
68.04
68.06
68.07
68.04
68.01
68.01
68.01
68.03
68.03
68.03
68.02
68.05
68.05
68.06
68.07
68.07
68.08
68.09
68.11
68.11
68.09
68.10
68.10
68.10
68.09
68.08
68.08
68.09
68.11
68.11
68.08
68.07
68.09
68.08
68.08
68.07
68.06
68.08
68.06
68.07
68.03
68.01
68.04
68.05
68.05
68.04
68.02
68.05
68.02
68.01
67.98
67.99
67.99
68.00
68.00
68.00
68.01
67.97
67.98
67.99
67.99
67.97
67.99
67.98
67.98
67.97
67.98
67.98
67.98
67.99
67.99
68.00
68.00
68.01
68.02
68.04
68.04
68.07
68.06
68.07
68.06
68.06
68.06
68.07
68.07
68.08
68.09
68.08
68.08
68.06
68.04
68.01
67.99
67.99
67.99
67.99
67.99
68.01
68.01
68.02
68.03
68.04
68.05
68.04
68.02
68.02
68.00
68.00
67.99
68.00
67.99
67.97
67.98
67.98
67.98
67.98
67.98
67.99
67.98
67.99
68.00
67.99
67.99
68.01
68.01
68.02
68.04
68.06
68.08
68.07
68.08
68.05
68.07
68.06
68.05
68.02
68.04
68.02
68.02
68.02
68.03
68.02
68.04
68.06
68.06
68.08
68.09
68.07
68.05
68.06
68.07
68.09
68.10
68.11
68.11
68.09
68.10
68.11
68.11
68.11
68.11
68.12
68.11
68.11
68.11
68.12
68.12
68.12
68.14
68.14
68.14
68.13
68.13
68.12
68.11
68.11
68.11
68.09
68.07
68.06
68.07
68.07
68.08
68.07
68.08
68.08
68.08
68.06
68.04
68.05
68.04
68.05
68.06
68.06
68.07
68.08
68.08
68.11
68.11
68.11
68.14
68.15
68.17
68.17
68.17
68.19
68.19
68.19
68.20
68.20
68.20
68.20
68.20
68.21
68.21
68.22
68.21
68.21
68.21
68.20
68.20
68.19
68.19
68.20
68.21
68.20
68.20
68.20
68.21
68.22
68.22
68.21
68.22
68.21
68.21
68.19
68.19
68.18
68.18
68.19
68.18
68.19
68.19
68.20
68.19
68.18
68.19
68.18
68.19
68.19
68.19
68.20
68.20
68.20
68.21
68.19
68.19
68.17
68.16
68.17
68.16
68.17
68.17
68.15
68.17
68.17
68.17
68.17
68.17
68.17
68.17
68.16
68.17
68.17
68.18
68.18
68.18
68.17
68.18
68.18
68.18
68.19
68.19
68.18
68.19
68.19
68.18
68.19
68.20
68.20
68.20
68.18
68.18
68.19
68.21
68.18
68.18
68.18
68.18
68.16
68.17
68.18
68.18
68.19
68.19
68.19
68.20
68.17
68.17
68.18
68.18
68.19
68.19
68.19
68.18
68.17
68.17
68.17
68.16
68.17
68.17
68.18
68.19
68.19
68.19
68.17
68.19
68.20
68.18
68.16
68.15
68.14
68.12
68.12
68.11
68.11
68.11
68.11
68.10
68.11
68.11
68.11
68.12
68.11
68.12
68.14
68.14
68.15
68.14
68.14
68.12
68.12
68.11
68.12
68.12
68.12
68.14
68.14
68.14
68.14
68.13
68.14
68.14
68.13
68.11
68.11
68.10
68.10
68.12
68.12
68.12
68.12
68.13
68.14
68.15
68.15
68.15
68.15
68.15
68.16
68.14
68.16
68.16
68.15
68.14
68.16
68.16
68.16
68.16
68.16
68.18
68.17
68.16
68.16
68.15
68.14
68.13
68.13
68.13
68.13
68.13
68.13
68.11
68.11
68.11
68.11
68.11
68.11
68.10
68.10
68.10
68.10
68.10
68.10
68.11
68.11
68.10
68.10
68.10
68.08
68.07
68.07
68.07
68.06
68.06
68.05
68.05
68.04
68.04
68.05
67.98
