62.50
64.84
67.19
66.80
66.56
66.67
67.19
67.97
68.75
69.84
69.89
69.66
69.95
69.75
70.42
70.51
70.40
70.40
70.48
70.62
70.54
69.82
69.50
69.79
69.62
69.47
69.79
69.75
69.61
69.69
69.71
69.73
69.89
69.99
69.91
69.92
69.93
69.98
69.95
69.88
69.93
70.24
70.20
69.85
69.72
69.74
69.95
70.05
69.96
70.09
69.91
69.86
69.90
69.94
69.74
69.92
70.04
70.10
70.10
70.08
70.08
70.01
70.16
70.29
70.19
70.08
70.24
70.17
70.24
70.20
70.14
70.07
70.01
69.93
70.02
69.86
69.93
69.91
69.96
69.92
69.81
69.70
69.75
69.72
69.61
69.69
69.83
69.92
69.84
69.90
69.85
69.80
69.81
69.80
69.79
69.74
69.72
69.80
69.90
69.92
69.91
69.94
69.86
69.97
69.93
69.91
69.99
69.99
70.07
70.10
70.09
70.05
70.04
69.98
69.92
69.87
69.85
69.85
69.88
69.86
69.86
69.86
69.87
69.86
69.85
69.79
69.82
69.85
69.85
69.75
69.74
69.76
69.73
69.67
69.73
69.77
69.81
69.80
69.78
69.83
69.82
69.85
69.81
69.79
69.78
69.81
69.82
69.84
69.90
69.90
69.81
69.84
69.86
69.87
69.88
69.84
69.85
69.88
69.88
69.92
69.94
69.94
69.90
69.83
69.80
69.76
69.76
69.74
69.77
69.72
69.66
69.66
69.62
69.67
69.67
69.66
69.63
69.62
69.62
69.60
69.60
69.59
69.63
69.64
69.64
69.62
69.57
69.60
69.60
69.60
69.63
69.56
69.55
69.56
69.54
69.51
69.50
69.48
69.50
69.53
69.52
69.48
69.50
69.48
69.46
69.47
69.43
69.40
69.41
69.42
69.42
69.35
69.36
69.36
69.37
69.34
69.32
69.34
69.34
69.32
69.32
69.31
69.34
69.35
69.35
69.36
69.36
69.34
69.30
69.28
69.26
69.25
69.20
69.20
69.17
69.20
69.16
69.12
69.13
69.15
69.16
69.14
69.14
69.17
69.20
69.19
69.24
69.19
69.19
69.19
69.18
69.13
69.09
69.11
69.08
69.09
69.09
69.10
69.09
69.08
69.07
69.13
69.12
69.12
69.15
69.16
69.17
69.16
69.18
69.18
69.20
69.20
69.20
69.23
69.23
69.23
69.21
69.22
69.23
69.21
69.21
69.22
69.23
69.22
69.22
69.22
69.18
69.19
69.19
69.21
69.21
69.20
69.20
69.21
69.21
69.23
69.23
69.23
69.25
69.24
69.24
69.22
69.20
69.20
69.19
69.18
69.19
69.23
69.21
69.20
69.21
69.23
69.23
69.24
69.28
69.28
69.28
69.26
69.26
69.20
69.21
69.18
69.20
69.20
69.20
69.22
69.25
69.25
69.23
69.23
69.24
69.25
69.26
69.24
69.23
69.21
69.22
69.22
69.23
69.24
69.23
69.20
69.22
69.23
69.26
69.28
69.31
69.31
69.32
69.31
69.31
69.29
69.30
69.31
69.31
69.29
69.29
69.32
69.30
69.31
69.36
69.32
69.32
69.32
69.34
69.31
69.32
69.31
69.34
69.37
69.38
69.37
69.35
69.36
69.37
69.36
69.36
69.37
69.37
69.39
69.38
69.38
69.37
69.37
69.37
69.40
69.37
69.38
69.39
69.40
69.41
69.40
69.38
69.37
69.35
69.35
69.34
69.35
69.36
69.36
69.37
69.40
69.40
69.38
69.38
69.40
69.40
69.40
69.41
69.41
69.43
69.41
69.38
69.40
69.41
69.41
69.39
69.39
69.40
69.40
69.41
69.42
69.42
69.42
69.43
69.41
69.42
69.43
69.43
69.45
69.44
69.42
69.44
69.43
69.44
69.45
69.45
69.45
69.45
69.46
69.45
69.45
69.45
69.46
69.46
69.45
69.42
69.41
69.41
69.41
69.41
69.40
69.41
69.41
69.40
69.41
69.43
69.42
69.41
69.42
69.44
69.42
69.42
69.42
69.44
69.44
69.42
69.43
69.44
69.44
69.43
69.44
69.45
69.45
69.45
69.46
69.47
69.46
69.45
69.45
69.45
69.45
69.46
69.43
69.42
69.43
69.43
69.42
69.41
69.39
69.39
69.38
69.38
69.38
69.37
69.36
69.36
69.37
69.39
69.40
69.39
69.38
69.39
69.41
69.41
69.42
69.41
69.39
69.40
69.40
69.40
69.41
69.42
69.43
69.45
69.46
69.46
69.46
69.48
69.49
69.46
69.47
69.48
69.49
69.48
69.47
69.46
69.47
69.47
69.48
69.47
69.49
69.48
69.48
69.48
69.51
69.52
69.51
69.50
69.51
69.50
69.51
69.50
69.50
69.50
69.50
69.52
69.51
69.52
69.51
69.52
69.51
69.52
69.52
69.53
69.54
69.54
69.55
69.55
69.55
69.55
69.56
69.57
69.55
69.55
69.54
69.54
69.53
69.52
69.52
69.53
69.53
69.55
69.54
69.55
69.56
69.56
69.56
69.58
69.59
69.59
69.58
69.58
69.58
69.58
69.57
69.58
69.56
69.56
69.55
69.55
69.55
69.56
69.57
69.57
69.57
69.57
69.57
69.58
69.59
69.59
69.59
69.59
69.61
69.62
69.61
69.62
69.62
69.61
69.61
69.61
69.62
69.63
69.64
69.64
69.64
69.65
69.66
69.67
69.65
69.64
69.65
69.65
69.66
69.68
69.69
69.68
69.68
69.67
69.68
69.70
69.68
69.68
69.69
69.70
69.71
69.71
69.71
69.72
69.73
69.74
69.73
69.72
69.72
69.73
69.73
69.73
69.73
69.72
69.74
69.73
69.72
69.73
69.73
69.74
69.74
69.75
69.74
69.74
69.74
69.74
69.75
69.75
69.75
69.75
69.73
69.73
69.73
69.72
69.72
69.73
69.73
69.73
69.72
69.72
69.71
69.72
69.73
69.73
69.73
69.71
69.73
69.72
69.72
69.73
69.72
69.73
69.72
69.72
69.72
69.72
69.72
69.72
69.72
69.72
69.72
69.71
69.70
69.71
69.70
69.71
69.70
69.69
69.67
69.68
69.66
69.67
69.67
69.67
69.67
69.68
69.67
69.67
69.66
69.65
69.65
69.66
69.66
69.65
69.67
69.66
69.66
69.66
69.65
69.66
69.68
69.70
69.71
69.71
69.71
69.70
69.70
69.69
69.70
69.71
69.71
69.71
69.71
69.70
69.70
69.69
69.70
69.71
69.70
69.71
69.70
69.71
69.73
69.73
69.73
69.73
69.73
69.74
69.74
69.74
69.74
69.73
69.74
69.75
69.75
69.75
69.75
69.74
69.74
69.73
69.74
69.74
69.74
69.74
69.74
69.76
69.75
69.75
69.75
69.75
69.76
69.76
69.75
69.75
69.76
69.75
69.68
