67.19
67.19
64.58
66.02
67.50
68.23
67.63
68.55
68.40
68.91
68.61
69.01
68.39
68.53
68.96
69.04
68.93
69.01
69.41
69.84
69.42
69.74
69.77
69.66
69.62
69.53
69.50
69.48
69.67
69.95
70.21
70.56
70.79
70.59
70.58
70.53
70.40
70.39
70.31
70.43
70.31
70.24
70.09
70.03
69.90
69.84
69.68
69.53
69.55
69.53
69.42
69.50
69.46
69.50
69.46
69.56
69.49
69.50
69.41
69.43
69.47
69.53
69.57
69.58
69.62
69.51
69.66
69.67
69.72
69.78
69.76
69.68
69.69
69.76
69.81
69.90
69.70
69.73
69.86
69.92
69.91
69.86
69.95
69.96
69.91
69.91
69.72
69.74
69.79
69.81
69.73
69.82
69.86
69.83
69.84
69.84
69.89
69.87
69.89
69.89
69.85
69.79
69.75
69.70
69.70
69.75
69.71
69.60
69.68
69.64
69.61
69.57
69.50
69.50
69.43
69.44
69.42
69.44
69.38
69.34
69.37
69.38
69.37
69.27
69.24
69.16
69.22
69.27
69.26
69.19
69.23
69.24
69.13
69.12
69.13
69.16
69.22
69.17
69.18
69.17
69.20
69.18
69.21
69.26
69.28
69.26
69.29
69.34
69.32
69.31
69.31
69.27
69.33
69.31
69.29
69.26
69.27
69.35
69.34
69.33
69.33
69.33
69.35
69.35
69.32
69.32
69.34
69.36
69.41
69.47
69.44
69.45
69.41
69.37
69.37
69.39
69.45
69.47
69.46
69.48
69.44
69.41
69.39
69.41
69.38
69.35
69.36
69.34
69.28
69.26
69.30
69.30
69.29
69.32
69.29
69.27
69.28
69.31
69.31
69.34
69.36
69.35
69.37
69.36
69.37
69.37
69.34
69.31
69.31
69.34
69.34
69.32
69.34
69.31
69.33
69.30
69.30
69.29
69.29
69.30
69.33
69.32
69.32
69.34
69.37
69.35
69.35
69.31
69.34
69.37
69.35
69.36
69.41
69.41
69.43
69.43
69.43
69.45
69.49
69.48
69.48
69.47
69.48
69.45
69.46
69.49
69.50
69.54
69.53
69.52
69.56
69.56
69.57
69.56
69.58
69.60
69.62
69.65
69.70
69.68
69.67
69.70
69.71
69.69
69.71
69.71
69.69
69.67
69.70
69.72
69.72
69.72
69.72
69.72
69.70
69.67
69.66
69.72
69.70
69.68
69.69
69.72
69.72
69.72
69.74
69.76
69.75
69.76
69.74
69.74
69.72
69.73
69.74
69.74
69.76
69.76
69.75
69.75
69.74
69.71
69.73
69.75
69.73
69.74
69.73
69.72
69.75
69.77
69.79
69.77
69.77
69.78
69.74
69.74
69.70
69.66
69.66
69.66
69.65
69.64
69.67
69.68
69.70
69.70
69.69
69.69
69.72
69.74
69.74
69.73
69.73
69.71
69.70
69.69
69.70
69.69
69.69
69.71
69.70
69.72
69.74
69.74
69.74
69.74
69.75
69.74
69.73
69.78
69.75
69.74
69.74
69.76
69.77
69.76
69.76
69.75
69.77
69.79
69.78
69.82
69.81
69.82
69.83
69.81
69.81
69.77
69.75
69.75
69.71
69.68
69.71
69.70
69.69
69.70
69.69
69.68
69.71
69.72
69.74
69.73
69.73
69.74
69.74
69.72
69.72
69.75
69.76
69.76
69.73
69.74
69.77
69.79
69.78
69.76
69.77
69.77
69.77
69.76
69.76
69.75
69.76
69.75
69.75
69.76
69.73
69.72
69.73
69.71
69.73
69.74
69.74
69.76
69.74
69.76
69.78
69.79
69.81
69.81
69.80
69.80
69.82
69.83
69.85
69.85
69.86
69.87
69.88
69.89
69.89
69.88
69.86
69.86
69.86
69.86
69.87
69.89
69.90
69.88
69.89
69.90
69.92
69.92
69.91
69.93
69.91
69.91
69.92
69.93
69.92
69.93
69.95
69.94
69.94
69.94
69.95
69.95
69.94
69.93
69.94
69.94
69.93
69.92
69.92
69.92
69.89
69.89
69.91
69.92
69.91
69.91
69.89
69.91
69.92
69.91
69.91
69.91
69.91
69.91
69.91
69.92
69.93
69.93
69.94
69.92
69.91
69.89
69.89
69.89
69.88
69.88
69.89
69.88
69.88
69.87
69.88
69.88
69.88
69.87
69.87
69.87
69.88
69.87
69.86
69.86
69.86
69.88
69.89
69.88
69.88
69.87
69.88
69.85
69.84
69.85
69.86
69.85
69.86
69.83
69.81
69.81
69.80
69.80
69.80
69.80
69.81
69.82
69.82
69.82
69.84
69.84
69.84
69.82
69.81
69.82
69.82
69.80
69.80
69.79
69.80
69.81
69.81
69.81
69.81
69.83
69.83
69.84
69.85
69.86
69.88
69.89
69.90
69.91
69.91
69.90
69.90
69.88
69.88
69.88
69.87
69.85
69.84
69.86
69.85
69.85
69.84
69.84
69.84
69.85
69.86
69.85
69.84
69.83
69.85
69.85
69.85
69.84
69.84
69.86
69.85
69.85
69.86
69.85
69.85
69.86
69.86
69.87
69.88
69.87
69.87
69.89
69.89
69.89
69.89
69.89
69.89
69.90
69.91
69.91
69.89
69.89
69.90
69.89
69.88
69.88
69.88
69.87
69.89
69.89
69.90
69.91
69.93
69.91
69.91
69.91
69.91
69.92
69.91
69.90
69.90
69.89
69.89
69.88
69.87
69.87
69.87
69.87
69.87
69.88
69.87
69.86
69.84
69.85
69.84
69.85
69.86
69.86
69.88
69.87
69.88
69.89
69.90
69.91
69.90
69.90
69.91
69.89
69.88
69.89
69.89
69.89
69.89
69.88
69.88
69.89
69.88
69.88
69.88
69.87
69.86
69.87
69.86
69.88
69.87
69.87
69.84
69.85
69.85
69.85
69.85
69.86
69.86
69.86
69.86
69.87
69.87
69.87
69.88
69.88
69.87
69.88
69.87
69.87
69.85
69.85
69.85
69.86
69.84
69.83
69.82
69.83
69.83
69.83
69.84
69.83
69.82
69.82
69.81
69.82
69.81
69.81
69.81
69.81
69.78
69.76
69.76
69.77
69.77
69.77
69.76
69.76
69.75
69.76
69.76
69.73
69.74
69.73
69.73
69.73
69.73
69.74
69.73
69.74
69.73
69.72
69.73
69.73
69.74
69.73
69.72
69.73
69.72
69.72
69.72
69.73
69.72
69.72
69.73
69.73
69.73
69.72
69.73
69.72
69.73
69.72
69.74
69.74
69.74
69.73
69.74
69.73
69.74
69.73
69.72
69.72
69.72
69.70
69.70
69.71
69.71
69.69
69.69
69.70
69.69
69.70
69.69
69.68
69.67
69.66
69.66
69.67
69.68
69.67
69.67
69.67
69.68
69.69
69.70
69.70
69.69
69.68
69.69
69.63
