65.62
70.31
66.15
67.97
67.50
68.75
68.53
68.75
68.40
68.91
68.61
68.10
68.51
69.08
68.33
69.14
69.30
69.62
70.23
70.00
69.79
70.03
70.11
70.05
70.12
69.95
69.68
69.75
69.56
69.84
69.96
69.73
69.84
69.67
69.64
69.53
69.51
69.65
69.83
69.69
69.59
69.49
69.33
69.25
69.34
69.36
69.61
69.63
69.67
69.62
69.55
69.59
69.43
69.53
69.66
69.53
69.44
69.48
69.54
69.45
69.47
69.41
69.27
69.36
69.25
69.27
69.24
69.28
69.27
69.38
69.48
69.47
69.43
69.45
69.44
69.45
69.56
69.59
69.64
69.75
69.91
69.89
69.94
69.90
69.83
69.91
69.90
69.92
69.96
69.84
69.85
69.87
69.89
69.83
69.80
69.66
69.70
69.66
69.73
69.80
69.89
69.94
69.99
69.91
70.04
69.97
70.01
70.14
70.14
70.16
70.16
70.13
70.11
70.04
70.03
70.00
70.07
70.07
70.05
70.08
70.07
70.06
70.05
70.02
70.07
70.13
70.09
70.13
70.07
70.12
70.10
70.06
70.09
70.11
70.14
70.16
70.13
70.14
70.18
70.17
70.18
70.16
70.21
70.19
70.23
70.28
70.30
70.26
70.31
70.31
70.34
70.38
70.35
70.32
70.30
70.35
70.35
70.34
70.34
70.32
70.28
70.31
70.29
70.24
70.20
70.27
70.25
70.30
70.29
70.26
70.27
70.29
70.30
70.26
70.21
70.21
70.21
70.22
70.17
70.16
70.11
70.06
69.99
70.00
69.97
69.97
70.04
70.01
69.97
69.97
70.00
70.00
70.03
70.01
69.98
69.99
69.98
69.97
69.97
69.92
69.92
69.93
69.91
69.89
69.82
69.79
69.80
69.80
69.84
69.87
69.88
69.86
69.84
69.85
69.85
69.83
69.84
69.84
69.90
69.89
69.89
69.89
69.93
69.95
69.95
69.95
69.89
69.89
69.87
69.81
69.81
69.80
69.78
69.75
69.75
69.74
69.79
69.74
69.74
69.69
69.71
69.71
69.70
69.68
69.70
69.72
69.76
69.76
69.80
69.78
69.76
69.75
69.75
69.75
69.73
69.73
69.74
69.73
69.75
69.73
69.73
69.75
69.75
69.74
69.73
69.75
69.75
69.78
69.78
69.76
69.79
69.78
69.80
69.82
69.81
69.80
69.82
69.82
69.81
69.85
69.83
69.85
69.83
69.84
69.84
69.84
69.84
69.85
69.83
69.82
69.79
69.76
69.75
69.72
69.68
69.72
69.72
69.75
69.74
69.73
69.73
69.74
69.77
69.77
69.79
69.80
69.80
69.83
69.78
69.80
69.80
69.78
69.78
69.81
69.83
69.85
69.80
69.80
69.79
69.81
69.83
69.83
69.81
69.83
69.84
69.86
69.87
69.86
69.86
69.83
69.84
69.84
69.82
69.84
69.82
69.83
69.86
69.86
69.85
69.84
69.83
69.84
69.83
69.83
69.85
69.86
69.83
69.85
69.85
69.87
69.88
69.87
69.87
69.88
69.89
69.91
69.92
69.93
69.92
69.93
69.92
69.94
69.94
69.93
69.91
69.91
69.90
69.93
69.94
69.92
69.94
69.95
69.91
69.89
69.91
69.91
69.90
69.92
69.91
69.88
69.90
69.90
69.92
69.90
69.89
69.90
69.91
69.93
69.94
69.93
69.91
69.93
69.93
69.91
69.91
69.91
69.90
69.90
69.89
69.89
69.87
69.90
69.90
69.90
69.90
69.89
69.86
69.86
69.85
69.85
69.87
69.85
69.85
69.84
69.85
69.85
69.84
69.85
69.86
69.87
69.88
69.88
69.88
69.89
69.88
69.84
69.82
69.81
69.82
69.81
69.84
69.83
69.85
69.85
69.84
69.84
69.85
69.86
69.88
69.89
69.88
69.86
69.87
69.84
69.83
69.84
69.85
69.82
69.83
69.84
69.82
69.83
69.82
69.82
69.82
69.82
69.81
69.82
69.81
69.83
69.85
69.85
69.86
69.87
69.88
69.86
69.85
69.84
69.84
69.83
69.86
69.85
69.83
69.84
69.83
69.86
69.85
69.86
69.86
69.85
69.83
69.83
69.83
69.83
69.82
69.82
69.82
69.81
69.80
69.80
69.80
69.80
69.81
69.81
69.84
69.82
69.83
69.84
69.84
69.83
69.85
69.86
69.87
69.86
69.85
69.84
69.83
69.83
69.83
69.81
69.82
69.81
69.82
69.80
69.81
69.79
69.79
69.78
69.79
69.77
69.76
69.75
69.72
69.72
69.72
69.73
69.71
69.73
69.73
69.73
69.72
69.73
69.72
69.72
69.73
69.72
69.72
69.71
69.72
69.73
69.74
69.74
69.75
69.75
69.74
69.75
69.73
69.74
69.74
69.74
69.73
69.73
69.73
69.75
69.73
69.73
69.74
69.74
69.75
69.75
69.74
69.73
69.74
69.72
69.72
69.70
69.70
69.70
69.70
69.70
69.72
69.73
69.72
69.73
69.73
69.74
69.75
69.74
69.73
69.72
69.72
69.71
69.70
69.71
69.71
69.72
69.71
69.70
69.70
69.70
69.69
69.70
69.70
69.69
69.69
69.70
69.70
69.71
69.72
69.70
69.71
69.71
69.72
69.73
69.73
69.73
69.74
69.73
69.74
69.76
69.75
69.76
69.75
69.76
69.77
69.77
69.79
69.80
69.80
69.80
69.79
69.81
69.81
69.80
69.80
69.80
69.79
69.78
69.79
69.78
69.79
69.78
69.78
69.79
69.80
69.80
69.80
69.79
69.80
69.80
69.80
69.81
69.81
69.80
69.82
69.82
69.82
69.81
69.80
69.80
69.80
69.80
69.81
69.81
69.79
69.79
69.78
69.78
69.78
69.78
69.78
69.77
69.77
69.76
69.76
69.77
69.76
69.77
69.78
69.78
69.77
69.78
69.78
69.78
69.78
69.77
69.77
69.77
69.76
69.76
69.75
69.76
69.76
69.75
69.74
69.75
69.76
69.75
69.77
69.76
69.76
69.75
69.76
69.75
69.76
69.77
69.77
69.76
69.77
69.75
69.75
69.75
69.75
69.75
69.75
69.76
69.76
69.74
69.74
69.75
69.75
69.75
69.75
69.74
69.74
69.73
69.75
69.75
69.76
69.76
69.77
69.76
69.76
69.77
69.76
69.75
69.75
69.75
69.75
69.76
69.76
69.75
69.74
69.74
69.74
69.73
69.71
69.71
69.70
69.71
69.71
69.71
69.71
69.71
69.73
69.75
69.74
69.74
69.74
69.72
69.71
69.71
69.71
69.71
69.70
69.70
69.69
69.69
69.69
69.70
69.70
69.70
69.71
69.72
69.72
69.72
69.72
69.72
69.73
69.73
69.72
69.72
69.71
69.72
69.73
69.73
69.73
69.73
69.72
69.71
69.71
69.65
