65.62
67.19
66.15
66.80
69.06
66.93
67.63
67.38
67.53
67.66
67.61
68.62
68.63
69.08
69.48
69.53
69.58
69.97
69.98
70.08
70.16
70.17
69.57
69.34
69.75
69.53
69.68
69.75
69.72
69.95
70.01
69.97
70.03
70.13
69.96
70.01
69.89
69.86
69.91
69.77
69.82
69.90
70.06
70.06
70.10
70.07
70.25
70.54
70.60
70.53
70.44
70.58
70.61
70.83
70.77
70.79
70.97
70.91
71.00
70.83
70.70
70.72
70.81
70.65
70.65
70.67
70.73
70.89
70.86
70.89
70.91
70.79
70.74
70.82
70.96
71.01
71.04
71.05
71.10
71.02
71.05
71.09
71.05
71.06
71.05
71.04
71.07
70.93
70.82
70.82
70.78
70.77
70.87
70.91
70.90
70.95
70.97
71.01
70.99
70.94
70.88
70.96
71.00
70.94
70.94
70.89
70.90
70.80
70.83
70.87
70.90
70.93
70.93
71.01
71.07
71.01
70.95
71.00
71.03
70.99
71.02
71.04
71.07
71.13
71.10
71.14
71.17
71.15
71.12
71.18
71.17
71.19
71.10
71.08
71.08
71.07
71.03
71.01
70.95
70.95
70.96
70.87
70.85
70.76
70.69
70.68
70.66
70.68
70.67
70.68
70.61
70.62
70.64
70.60
70.59
70.57
70.57
70.58
70.55
70.46
70.42
70.38
70.33
70.34
70.37
70.41
70.37
70.34
70.34
70.37
70.36
70.36
70.37
70.41
70.39
70.39
70.37
70.36
70.36
70.36
70.34
70.36
70.33
70.36
70.35
70.29
70.27
70.30
70.26
70.30
70.35
70.30
70.34
70.33
70.29
70.23
70.28
70.29
70.30
70.26
70.27
70.27
70.24
70.24
70.27
70.30
70.32
70.37
70.39
70.33
70.30
70.28
70.23
70.21
70.17
70.19
70.18
70.20
70.18
70.21
70.23
70.24
70.25
70.24
70.20
70.24
70.23
70.21
70.18
70.18
70.19
70.18
70.15
70.17
70.20
70.21
70.16
70.18
70.18
70.18
70.13
70.13
70.12
70.09
70.12
70.14
70.14
70.10
70.16
70.16
70.16
70.19
70.17
70.18
70.15
70.15
70.15
70.16
70.11
70.14
70.15
70.17
70.15
70.18
70.21
70.20
70.18
70.21
70.21
70.17
70.16
70.19
70.18
70.22
70.21
70.20
70.22
70.21
70.18
70.18
70.15
70.16
70.16
70.15
70.12
70.14
70.18
70.16
70.14
70.15
70.15
70.17
70.17
70.17
70.18
70.18
70.17
70.17
70.16
70.16
70.16
70.18
70.19
70.19
70.18
70.21
70.20
70.19
70.19
70.14
70.13
70.13
70.10
70.12
70.09
70.06
70.05
70.07
70.07
70.01
70.00
69.99
69.98
69.97
69.93
69.91
69.93
69.97
69.98
69.99
70.01
70.03
70.02
70.01
70.00
69.99
70.00
69.98
69.98
69.98
69.95
69.93
69.94
69.94
69.90
69.91
69.93
69.95
69.95
69.95
69.97
69.99
70.00
69.99
70.01
69.99
70.03
70.02
69.99
69.97
69.97
69.98
70.00
69.98
69.99
69.99
69.99
70.00
69.98
69.99
69.97
69.95
69.94
69.92
69.95
69.94
69.96
69.97
69.97
69.98
69.98
69.98
69.98
69.99
69.97
69.94
69.95
69.94
69.95
69.97
69.98
69.99
69.99
69.99
70.00
69.99
70.00
70.01
70.02
70.06
70.06
70.08
70.09
70.08
70.07
70.08
70.10
70.11
70.10
70.08
70.06
70.05
70.05
70.04
70.04
70.06
70.06
70.07
70.06
70.06
70.06
70.06
70.05
70.07
70.08
70.08
70.08
70.06
70.04
70.04
70.03
70.04
70.03
70.04
70.01
70.02
70.01
70.02
70.01
70.01
70.01
69.99
70.00
70.01
70.01
70.01
70.00
70.01
70.02
70.02
70.01
70.01
70.02
70.00
69.99
69.98
69.99
69.99
69.98
70.02
70.02
70.03
70.04
70.05
70.04
70.05
70.04
70.06
70.03
70.04
70.05
70.05
70.03
70.03
70.01
70.02
70.04
70.05
70.06
70.05
70.04
70.01
70.00
69.99
70.01
70.00
69.99
69.98
69.98
69.99
69.99
69.98
69.97
69.98
69.98
69.99
69.98
69.98
69.98
69.98
70.00
70.01
70.01
70.02
70.02
70.02
70.01
70.00
70.01
70.03
70.02
70.01
70.01
70.02
70.00
70.01
70.00
69.99
69.99
70.00
69.99
69.96
69.95
69.96
69.99
69.98
70.00
70.01
70.00
70.00
70.00
69.99
69.98
70.01
69.99
69.97
69.97
69.97
69.97
69.96
69.95
69.95
69.95
69.96
69.95
69.95
69.92
69.91
69.91
69.90
69.90
69.90
69.89
69.88
69.89
69.89
69.90
69.89
69.88
69.89
69.89
69.90
69.90
69.89
69.88
69.89
69.88
69.89
69.90
69.88
69.87
69.87
69.89
69.90
69.90
69.90
69.90
69.91
69.90
69.88
69.87
69.85
69.84
69.85
69.85
69.85
69.86
69.86
69.88
69.88
69.89
69.87
69.88
69.87
69.87
69.88
69.88
69.88
69.87
69.85
69.86
69.84
69.84
69.86
69.86
69.86
69.85
69.86
69.86
69.85
69.85
69.84
69.86
69.86
69.86
69.84
69.83
69.83
69.84
69.83
69.82
69.83
69.82
69.83
69.84
69.84
69.84
69.84
69.84
69.83
69.83
69.83
69.82
69.82
69.81
69.81
69.80
69.81
69.79
69.77
69.76
69.76
69.76
69.77
69.76
69.75
69.76
69.75
69.75
69.76
69.77
69.77
69.76
69.76
69.76
69.77
69.79
69.78
69.76
69.76
69.77
69.76
69.77
69.78
69.78
69.78
69.78
69.78
69.77
69.78
69.77
69.77
69.76
69.74
69.75
69.75
69.76
69.76
69.75
69.75
69.75
69.75
69.75
69.76
69.76
69.75
69.76
69.76
69.76
69.76
69.76
69.76
69.75
69.75
69.75
69.73
69.72
69.72
69.72
69.71
69.72
69.72
69.72
69.73
69.73
69.74
69.74
69.74
69.73
69.74
69.73
69.73
69.73
69.74
69.75
69.75
69.74
69.74
69.75
69.75
69.74
69.73
69.74
69.74
69.73
69.74
69.74
69.75
69.76
69.76
69.77
69.76
69.77
69.77
69.76
69.76
69.76
69.76
69.76
69.78
69.79
69.79
69.79
69.80
69.80
69.80
69.81
69.80
69.78
69.78
69.77
69.78
69.78
69.79
69.79
69.79
69.79
69.78
69.78
69.77
69.77
69.75
69.76
69.76
69.75
69.75
69.75
69.75
69.75
69.75
69.76
69.76
69.77
69.77
69.77
69.76
69.76
69.76
69.77
69.76
69.76
69.69
