78.12
73.44
73.96
73.44
71.88
70.83
71.43
70.31
69.10
69.38
69.46
68.88
68.27
68.19
67.29
67.58
66.73
67.27
67.60
67.81
67.86
67.76
68.07
68.62
68.94
68.99
68.98
68.81
68.97
68.80
69.10
69.14
69.46
69.72
69.51
69.36
69.34
69.45
69.47
69.38
69.47
69.49
69.73
69.64
69.65
69.87
69.78
69.89
70.03
70.16
70.10
70.04
70.05
70.05
70.00
69.89
69.85
69.75
69.89
69.79
69.85
69.66
69.64
69.75
69.78
69.79
69.82
69.88
70.04
69.91
69.81
69.77
69.65
69.62
69.60
69.57
69.56
69.51
69.56
69.63
69.64
69.68
69.71
69.75
69.76
69.80
69.76
69.76
69.80
69.77
69.76
69.70
69.79
69.71
69.69
69.69
69.76
69.79
69.70
69.56
69.59
69.65
69.71
69.67
69.73
69.63
69.66
69.65
69.58
69.62
69.64
69.63
69.65
69.63
69.61
69.65
69.59
69.62
69.72
69.74
69.74
69.71
69.75
69.80
69.81
69.77
69.71
69.68
69.68
69.72
69.75
69.72
69.73
69.71
69.70
69.68
69.71
69.78
69.76
69.79
69.87
69.83
69.86
69.90
69.91
69.97
69.93
69.90
69.89
69.85
69.85
69.79
69.72
69.76
69.71
69.74
69.67
69.65
69.61
69.64
69.64
69.72
69.71
69.73
69.75
69.72
69.79
69.80
69.77
69.78
69.81
69.87
69.94
69.94
69.91
69.97
69.92
69.86
69.92
69.90
69.83
69.83
69.86
69.87
69.88
69.90
69.90
69.91
69.97
70.02
69.99
69.99
70.00
70.02
69.99
70.03
70.02
70.02
70.00
69.94
69.88
69.84
69.87
69.87
69.89
69.90
69.88
69.87
69.88
69.84
69.84
69.85
69.85
69.84
69.82
69.84
69.86
69.85
69.85
69.85
69.82
69.84
69.89
69.88
69.86
69.86
69.84
69.81
69.81
69.77
69.74
69.77
69.82
69.81
69.80
69.79
69.79
69.81
69.80
69.81
69.81
69.78
69.77
69.81
69.84
69.90
69.89
69.87
69.89
69.86
69.88
69.89
69.90
69.88
69.87
69.82
69.81
69.87
69.88
69.89
69.89
69.91
69.87
69.86
69.86
69.87
69.86
69.88
69.91
69.91
69.89
69.86
69.89
69.87
69.85
69.89
69.91
69.89
69.85
69.84
69.81
69.82
69.81
69.83
69.86
69.86
69.88
69.89
69.92
69.91
69.88
69.92
69.94
69.93
69.93
69.93
69.94
69.96
69.93
69.96
69.96
69.95
69.93
69.94
69.94
69.91
69.90
69.89
69.89
69.89
69.90
69.94
69.88
69.86
69.88
69.86
69.82
69.82
69.78
69.81
69.80
69.81
69.83
69.84
69.84
69.81
69.81
69.76
69.74
69.78
69.77
69.78
69.77
69.76
69.77
69.75
69.76
69.78
69.80
69.82
69.82
69.80
69.78
69.78
69.78
69.77
69.77
69.79
69.78
69.78
69.80
69.82
69.84
69.86
69.88
69.86
69.87
69.87
69.91
69.90
69.91
69.90
69.89
69.90
69.86
69.86
69.84
69.85
69.88
69.87
69.86
69.86
69.87
69.88
69.87
69.90
69.91
69.92
69.92
69.91
69.88
69.89
69.87
69.85
69.84
69.84
69.82
69.80
69.79
69.78
69.80
69.80
69.82
69.83
69.84
69.84
69.83
69.80
69.81
69.81
69.81
69.78
69.80
69.78
69.76
69.76
69.76
69.74
69.75
69.77
69.75
69.78
69.79
69.75
69.74
69.74
69.75
69.78
69.77
69.75
69.74
69.75
69.74
69.75
69.75
69.75
69.74
69.72
69.73
69.71
69.71
69.72
69.73
69.75
69.76
69.76
69.75
69.76
69.77
69.80
69.80
69.82
69.81
69.83
69.83
69.84
69.81
69.82
69.82
69.81
69.80
69.82
69.80
69.81
69.81
69.81
69.80
69.82
69.81
69.79
69.80
69.81
69.81
69.81
69.82
69.83
69.80
69.80
69.82
69.81
69.82
69.81
69.82
69.82
69.81
69.80
69.81
69.81
69.81
69.80
69.81
69.82
69.79
69.79
69.80
69.79
69.79
69.79
69.79
69.81
69.80
69.79
69.80
69.81
69.82
69.82
69.81
69.80
69.78
69.80
69.80
69.80
69.79
69.77
69.79
69.78
69.77
69.77
69.78
69.78
69.77
69.78
69.77
69.77
69.76
69.77
69.77
69.76
69.74
69.76
69.75
69.73
69.75
69.77
69.79
69.77
69.77
69.75
69.76
69.73
69.74
69.72
69.73
69.76
69.76
69.76
69.78
69.79
69.79
69.80
69.82
69.81
69.83
69.81
69.82
69.81
69.80
69.79
69.79
69.79
69.79
69.79
69.78
69.78
69.77
69.76
69.78
69.79
69.80
69.79
69.79
69.77
69.75
69.76
69.75
69.73
69.74
69.74
69.74
69.75
69.76
69.75
69.75
69.75
69.74
69.75
69.76
69.75
69.76
69.77
69.77
69.78
69.80
69.79
69.80
69.80
69.79
69.78
69.79
69.79
69.80
69.78
69.80
69.79
69.79
69.81
69.80
69.80
69.81
69.82
69.82
69.81
69.81
69.81
69.82
69.83
69.83
69.83
69.85
69.86
69.86
69.86
69.86
69.87
69.86
69.87
69.86
69.85
69.86
69.85
69.86
69.87
69.85
69.85
69.85
69.84
69.83
69.83
69.82
69.81
69.80
69.79
69.79
69.79
69.79
69.79
69.79
69.79
69.80
69.81
69.82
69.83
69.84
69.84
69.85
69.86
69.86
69.88
69.89
69.92
69.92
69.91
69.92
69.93
69.91
69.91
69.92
69.90
69.89
69.90
69.89
69.89
69.87
69.87
69.88
69.88
69.88
69.87
69.86
69.86
69.86
69.87
69.86
69.87
69.87
69.86
69.85
69.84
69.85
69.85
69.83
69.84
69.84
69.82
69.83
69.83
69.81
69.82
69.82
69.81
69.83
69.84
69.83
69.83
69.82
69.83
69.83
69.83
69.83
69.84
69.83
69.83
69.83
69.84
69.83
69.85
69.84
69.84
69.83
69.83
69.84
69.85
69.86
69.86
69.86
69.86
69.85
69.87
69.88
69.87
69.87
69.87
69.87
69.87
69.86
69.86
69.85
69.84
69.84
69.84
69.85
69.83
69.82
69.82
69.82
69.82
69.81
69.80
69.79
69.81
69.80
69.81
69.82
69.81
69.81
69.82
69.81
69.83
69.82
69.82
69.81
69.82
69.82
69.81
69.80
69.78
69.78
69.78
69.78
69.77
69.77
69.76
69.76
69.76
69.75
69.74
69.73
69.73
69.74
69.73
69.74
69.75
69.76
69.76
69.76
69.76
69.75
69.75
69.76
69.76
69.76
69.70
