56.25
61.72
62.50
63.67
65.31
67.19
66.74
65.82
66.15
66.25
66.05
66.15
66.23
66.41
66.25
66.11
65.99
65.97
66.37
66.33
66.44
66.62
66.98
67.25
67.12
66.95
67.07
67.02
66.86
66.93
66.83
66.99
67.09
67.00
67.32
67.53
67.95
67.64
67.67
67.70
67.80
68.12
68.28
68.29
68.37
68.38
68.15
68.29
68.18
68.22
68.44
68.60
68.63
68.66
68.58
68.67
68.72
68.43
68.49
68.31
68.24
68.30
68.13
68.04
67.98
67.76
67.77
67.85
67.96
67.95
67.98
67.95
68.02
68.12
68.23
68.26
68.24
68.23
68.33
68.50
68.52
68.64
68.60
68.51
68.58
68.68
68.75
68.71
68.79
68.84
68.85
68.83
68.87
68.80
68.82
68.88
68.91
68.91
68.89
68.95
68.94
68.89
68.86
68.87
68.90
68.91
68.84
68.91
68.92
68.96
69.05
68.96
68.93
69.04
69.09
69.13
69.12
69.08
69.12
69.08
69.14
69.15
69.23
69.28
69.33
69.39
69.38
69.30
69.44
69.45
69.45
69.54
69.58
69.64
69.58
69.59
69.58
69.57
69.64
69.64
69.69
69.69
69.65
69.69
69.70
69.69
69.65
69.70
69.63
69.64
69.70
69.69
69.72
69.76
69.80
69.78
69.82
69.80
69.82
69.86
69.87
69.90
69.85
69.89
69.90
69.83
69.83
69.79
69.76
69.71
69.73
69.69
69.65
69.60
69.60
69.58
69.53
69.59
69.54
69.52
69.56
69.53
69.54
69.51
69.53
69.48
69.51
69.50
69.46
69.48
69.49
69.51
69.50
69.44
69.44
69.41
69.34
69.39
69.36
69.33
69.36
69.36
69.31
69.33
69.33
69.31
69.31
69.33
69.32
69.30
69.36
69.37
69.36
69.34
69.35
69.37
69.38
69.42
69.39
69.40
69.39
69.41
69.40
69.39
69.41
69.40
69.38
69.40
69.43
69.40
69.41
69.43
69.43
69.44
69.43
69.43
69.44
69.48
69.45
69.45
69.42
69.45
69.46
69.47
69.48
69.52
69.52
69.50
69.50
69.53
69.57
69.53
69.52
69.54
69.52
69.53
69.53
69.51
69.53
69.50
69.48
69.50
69.49
69.48
69.48
69.44
69.44
69.42
69.41
69.42
69.42
69.43
69.39
69.35
69.31
69.28
69.33
69.33
69.36
69.37
69.37
69.37
69.32
69.32
69.31
69.33
69.31
69.32
69.31
69.32
69.35
69.33
69.32
69.29
69.31
69.31
69.34
69.34
69.35
69.33
69.33
69.36
69.37
69.39
69.39
69.39
69.42
69.44
69.45
69.42
69.41
69.41
69.41
69.41
69.39
69.39
69.40
69.41
69.41
69.41
69.41
69.39
69.37
69.41
69.42
69.42
69.41
69.42
69.41
69.42
69.43
69.40
69.40
69.40
69.41
69.39
69.39
69.40
69.40
69.43
69.44
69.45
69.47
69.48
69.47
69.44
69.44
69.41
69.42
69.43
69.44
69.46
69.45
69.44
69.45
69.45
69.48
69.47
69.45
69.47
69.47
69.45
69.46
69.46
69.45
69.44
69.42
69.42
69.42
69.43
69.46
69.46
69.46
69.45
69.45
69.43
69.44
69.43
69.46
69.44
69.44
69.43
69.44
69.43
69.44
69.42
69.42
69.43
69.44
69.45
69.46
69.44
69.45
69.45
69.44
69.44
69.43
69.42
69.42
69.42
69.42
69.40
69.41
69.41
69.40
69.40
69.40
69.42
69.41
69.39
69.40
69.41
69.42
69.42
69.43
69.44
69.44
69.45
69.46
69.45
69.44
69.43
69.44
69.42
69.40
69.38
69.39
69.39
69.37
69.39
69.36
69.38
69.40
69.40
69.41
69.41
69.40
69.41
69.40
69.39
69.40
69.41
69.40
69.40
69.39
69.39
69.40
69.40
69.40
69.41
69.42
69.42
69.42
69.41
69.42
69.43
69.42
69.43
69.42
69.43
69.43
69.44
69.45
69.44
69.43
69.42
69.44
69.44
69.43
69.44
69.44
69.47
69.45
69.44
69.44
69.43
69.40
69.40
69.42
69.42
69.42
69.42
69.40
69.42
69.41
69.40
69.38
69.38
69.36
69.37
69.37
69.37
69.36
69.38
69.39
69.41
69.41
69.41
69.42
69.42
69.41
69.42
69.42
69.44
69.44
69.45
69.44
69.43
69.42
69.42
69.42
69.42
69.42
69.42
69.44
69.45
69.45
69.44
69.45
69.46
69.46
69.46
69.47
69.44
69.44
69.42
69.42
69.43
69.44
69.45
69.44
69.45
69.47
69.47
69.47
69.48
69.47
69.47
69.48
69.48
69.48
69.48
69.48
69.47
69.47
69.48
69.50
69.49
69.48
69.48
69.48
69.49
69.49
69.50
69.50
69.49
69.48
69.50
69.50
69.50
69.50
69.50
69.49
69.49
69.48
69.48
69.48
69.48
69.49
69.46
69.47
69.48
69.49
69.50
69.50
69.49
69.49
69.49
69.47
69.47
69.44
69.43
69.43
69.43
69.41
69.40
69.38
69.39
69.41
69.40
69.40
69.39
69.39
69.40
69.42
69.42
69.43
69.42
69.43
69.44
69.44
69.45
69.48
69.47
69.46
69.48
69.47
69.47
69.46
69.46
69.46
69.47
69.48
69.47
69.47
69.46
69.46
69.46
69.47
69.49
69.51
69.50
69.52
69.52
69.52
69.54
69.54
69.54
69.55
69.54
69.54
69.55
69.54
69.54
69.55
69.55
69.56
69.55
69.54
69.55
69.56
69.54
69.54
69.53
69.51
69.52
69.51
69.51
69.51
69.52
69.53
69.54
69.54
69.55
69.54
69.56
69.54
69.53
69.54
69.54
69.53
69.53
69.53
69.54
69.54
69.56
69.56
69.57
69.57
69.56
69.55
69.57
69.58
69.59
69.59
69.59
69.60
69.59
69.59
69.60
69.60
69.61
69.60
69.60
69.60
69.61
69.60
69.60
69.61
69.61
69.60
69.62
69.64
69.63
69.63
69.63
69.62
69.63
69.64
69.65
69.65
69.65
69.63
69.65
69.66
69.67
69.67
69.67
69.66
69.66
69.68
69.68
69.68
69.68
69.69
69.69
69.69
69.70
69.69
69.70
69.70
69.71
69.71
69.72
69.72
69.72
69.71
69.71
69.71
69.72
69.73
69.74
69.74
69.74
69.74
69.75
69.75
69.75
69.74
69.74
69.75
69.75
69.75
69.76
69.76
69.77
69.78
69.78
69.78
69.78
69.77
69.76
69.77
69.78
69.78
69.79
69.78
69.78
69.78
69.78
69.77
69.77
69.77
69.76
69.77
69.77
69.76
69.76
69.77
69.76
69.75
69.76
69.76
69.75
69.76
69.76
69.76
69.76
69.75
69.76
69.76
69.68
