4.69
6.25
5.21
5.86
5.94
5.99
5.80
6.05
6.42
6.41
5.97
5.86
5.77
5.69
5.73
5.57
5.33
5.56
5.26
5.23
5.51
5.54
5.43
5.34
5.12
5.17
5.15
5.13
4.96
5.05
5.04
5.08
5.16
5.19
5.13
5.03
4.98
4.98
4.97
4.96
4.92
4.84
4.76
4.79
4.72
4.72
4.69
4.59
4.66
4.62
4.60
4.60
4.63
4.66
4.72
4.69
4.61
4.61
4.66
4.61
4.64
4.69
4.69
4.76
4.69
4.83
4.80
4.85
4.82
4.80
4.75
4.80
4.79
4.75
4.73
4.71
4.71
4.73
4.81
4.80
4.84
4.84
4.80
4.78
4.76
4.74
4.74
4.74
4.72
4.72
4.70
4.70
4.74
4.70
4.69
4.67
4.66
4.67
4.72
4.78
4.80
4.78
4.76
4.78
4.79
4.79
4.76
4.76
4.76
4.79
4.76
4.74
4.74
4.76
4.71
4.70
4.71
4.69
4.69
4.69
4.67
4.65
4.65
4.67
4.67
4.68
4.71
4.71
4.71
4.70
4.72
4.75
4.77
4.73
4.72
4.72
4.73
4.73
4.74
4.75
4.77
4.75
4.72
4.73
4.74
4.73
4.76
4.74
4.74
4.73
4.70
4.75
4.76
4.77
4.75
4.74
4.75
4.75
4.75
4.76
4.76
4.78
4.78
4.77
4.76
4.77
4.75
4.77
4.78
4.81
4.82
4.81
4.83
4.85
4.86
4.86
4.86
4.85
4.84
4.84
4.84
4.83
4.86
4.87
4.91
4.91
4.90
4.90
4.90
4.92
4.90
4.89
4.89
4.90
4.90
4.89
4.92
4.92
4.90
4.90
4.88
4.90
4.91
4.91
4.91
4.92
4.93
4.94
4.94
4.95
4.92
4.92
4.91
4.93
4.92
4.92
4.93
4.94
4.94
4.94
4.95
4.93
4.93
4.92
4.94
4.96
4.95
4.95
4.94
4.95
4.96
4.96
4.96
4.97
4.95
4.97
4.97
4.98
4.97
4.97
4.97
4.98
4.99
4.99
5.00
4.99
5.00
5.02
5.03
5.03
5.04
5.05
5.07
5.07
5.07
5.06
5.05
5.05
5.05
5.07
5.06
5.06
5.07
5.05
5.06
5.06
5.05
5.08
5.11
5.12
5.13
5.13
5.12
5.11
5.10
5.11
5.12
5.12
5.12
5.14
5.14
5.14
5.12
5.12
5.13
5.11
5.13
5.13
5.13
5.15
5.15
5.15
5.15
5.15
5.14
5.15
5.13
5.12
5.12
5.12
5.13
5.12
5.15
5.16
5.15
5.15
5.13
5.13
5.14
5.15
5.14
5.13
5.14
5.13
5.13
5.14
5.13
5.13
5.13
5.13
5.13
5.12
5.12
5.11
5.11
5.11
5.11
5.11
5.11
5.12
5.12
5.13
5.13
5.12
5.12
5.12
5.12
5.13
5.13
5.13
5.13
5.15
5.15
5.15
5.15
5.13
5.15
5.14
5.14
5.13
5.12
5.12
5.13
5.12
5.13
5.13
5.13
5.12
5.12
5.13
5.14
5.15
5.16
5.16
5.14
5.14
5.13
5.13
5.14
5.14
5.13
5.13
5.13
5.13
5.13
5.13
5.12
5.12
5.12
5.12
5.12
5.11
5.11
5.10
5.10
5.10
5.11
5.11
5.11
5.11
5.12
5.12
5.13
5.14
5.14
5.13
5.14
5.14
5.14
5.15
5.16
5.16
5.16
5.16
5.15
5.16
5.15
5.15
5.15
5.14
5.14
5.15
5.14
5.15
5.15
5.15
5.14
5.15
5.16
5.15
5.14
5.14
5.15
5.17
5.17
5.17
5.19
5.17
5.18
5.17
5.17
5.16
5.16
5.17
5.16
5.16
5.17
5.17
5.18
5.19
5.18
5.19
5.19
5.18
5.18
5.18
5.17
5.17
5.16
5.16
5.17
5.17
5.18
5.18
5.18
5.17
5.16
5.18
5.17
5.16
5.17
5.17
5.16
5.16
5.16
5.15
5.15
5.14
5.14
5.14
5.15
5.14
5.14
5.14
5.15
5.15
5.14
5.14
5.14
5.14
5.15
5.14
5.14
5.14
5.14
5.15
5.15
5.14
5.14
5.15
5.16
5.16
5.16
5.16
5.16
5.17
5.17
5.17
5.17
5.18
5.17
5.17
5.18
5.17
5.19
5.19
5.19
5.20
5.19
5.20
5.20
5.20
5.20
5.20
5.19
5.19
5.18
5.18
5.17
5.17
5.17
5.17
5.17
5.16
5.16
5.17
5.17
5.16
5.17
5.16
5.16
5.16
5.16
5.16
5.16
5.16
5.16
5.16
5.16
5.16
5.16
5.17
5.17
5.18
5.17
5.17
5.17
5.18
5.18
5.18
5.18
5.18
5.18
5.18
5.17
5.17
5.16
5.16
5.16
5.15
5.15
5.14
5.13
5.13
5.12
5.13
5.13
5.12
5.12
5.12
5.12
5.12
5.12
5.11
5.11
5.11
5.12
5.11
5.12
5.12
5.12
5.12
5.12
5.13
5.13
5.12
5.13
5.14
5.14
5.14
5.14
5.14
5.14
5.14
5.14
5.15
5.15
5.16
5.16
5.16
5.16
5.15
5.15
5.14
5.15
5.15
5.15
5.15
5.15
5.15
5.15
5.15
5.15
5.16
5.16
5.17
5.17
5.16
5.15
5.16
5.16
5.15
5.15
5.17
5.17
5.18
5.18
5.18
5.19
5.19
5.19
5.18
5.19
5.19
5.18
5.18
5.18
5.19
5.19
5.19
5.18
5.18
5.18
5.18
5.17
5.17
5.18
5.17
5.17
5.17
5.17
5.16
5.17
5.17
5.16
5.16
5.15
5.15
5.15
5.16
5.16
5.16
5.16
5.15
5.15
5.15
5.15
5.14
5.15
5.15
5.14
5.15
5.15
5.15
5.16
5.15
5.16
5.16
5.16
5.16
5.16
5.15
5.15
5.15
5.16
5.16
5.15
5.16
5.16
5.16
5.16
5.16
5.17
5.17
5.17
5.17
5.16
5.16
5.16
5.17
5.17
5.16
5.16
5.17
5.17
5.17
5.18
5.18
5.18
5.18
5.17
5.18
5.18
5.19
5.19
5.19
5.18
5.18
5.18
5.18
5.18
5.18
5.18
5.18
5.19
5.19
5.19
5.20
5.20
5.19
5.19
5.20
5.20
5.19
5.19
5.19
5.19
5.19
5.19
5.20
5.20
5.20
5.20
5.20
5.19
5.19
5.19
5.19
5.19
5.20
5.20
5.19
5.20
5.20
5.19
5.20
5.20
5.20
5.20
5.20
5.20
5.19
5.19
5.19
5.19
5.19
5.20
5.20
5.20
5.19
5.20
5.20
5.19
5.19
5.19
5.19
5.19
5.19
5.19
5.20
5.20
5.19
