79.69
78.12
75.52
73.44
71.88
70.57
70.54
70.51
68.92
68.91
69.46
69.53
69.71
69.98
70.31
70.70
70.77
70.49
70.07
69.92
69.64
69.25
69.29
69.14
69.25
69.47
69.68
69.64
69.29
69.17
69.61
69.53
69.51
69.07
69.24
69.49
69.34
69.45
69.39
69.34
69.25
69.31
69.26
69.21
69.24
69.16
69.12
69.17
69.36
69.41
69.27
69.02
69.25
69.27
69.12
69.11
69.19
69.13
69.07
68.93
68.93
68.80
68.85
68.82
68.77
68.82
68.91
68.93
68.93
69.02
68.90
69.03
69.14
69.09
69.19
69.16
69.20
69.33
69.24
69.22
69.21
69.25
69.30
69.42
69.47
69.40
69.43
69.41
69.45
69.38
69.37
69.40
69.27
69.33
69.41
69.48
69.54
69.60
69.55
69.56
69.52
69.45
69.51
69.46
69.49
69.46
69.44
69.44
69.40
69.42
69.44
69.39
69.41
69.39
69.43
69.40
69.43
69.45
69.41
69.39
69.31
69.19
69.16
69.15
69.21
69.27
69.27
69.27
69.30
69.27
69.35
69.34
69.31
69.39
69.39
69.32
69.33
69.35
69.39
69.42
69.44
69.40
69.43
69.47
69.49
69.51
69.53
69.53
69.59
69.64
69.60
69.59
69.61
69.61
69.63
69.61
69.62
69.61
69.57
69.56
69.55
69.54
69.56
69.53
69.62
69.63
69.64
69.56
69.54
69.57
69.57
69.61
69.64
69.64
69.62
69.58
69.55
69.55
69.55
69.51
69.52
69.57
69.55
69.56
69.57
69.54
69.50
69.50
69.53
69.50
69.55
69.52
69.49
69.54
69.55
69.55
69.52
69.49
69.54
69.50
69.47
69.45
69.47
69.46
69.46
69.49
69.47
69.53
69.57
69.59
69.59
69.58
69.61
69.58
69.58
69.54
69.55
69.57
69.58
69.62
69.63
69.62
69.65
69.66
69.62
69.63
69.62
69.62
69.58
69.57
69.59
69.55
69.57
69.62
69.62
69.58
69.59
69.60
69.60
69.60
69.58
69.56
69.58
69.56
69.59
69.63
69.64
69.68
69.67
69.67
69.69
69.71
69.74
69.74
69.73
69.71
69.72
69.73
69.75
69.73
69.74
69.72
69.71
69.69
69.67
69.65
69.67
69.69
69.65
69.67
69.65
69.64
69.61
69.63
69.64
69.62
69.63
69.64
69.65
69.61
69.63
69.63
69.63
69.60
69.61
69.65
69.65
69.66
69.65
69.70
69.67
69.66
69.66
69.65
69.67
69.67
69.67
69.68
69.69
69.71
69.71
69.69
69.71
69.69
69.66
69.67
69.69
69.70
69.67
69.67
69.67
69.67
69.65
69.67
69.68
69.66
69.68
69.72
69.73
69.71
69.73
69.71
69.70
69.74
69.74
69.74
69.74
69.75
69.74
69.73
69.73
69.71
69.71
69.72
69.75
69.73
69.74
69.75
69.73
69.75
69.75
69.76
69.79
69.78
69.78
69.77
69.78
69.80
69.79
69.80
69.81
69.82
69.82
69.80
69.81
69.78
69.78
69.77
69.73
69.73
69.72
69.69
69.72
69.72
69.71
69.71
69.73
69.73
69.75
69.76
69.75
69.74
69.73
69.73
69.72
69.75
69.73
69.74
69.75
69.74
69.72
69.74
69.75
69.76
69.78
69.79
69.80
69.80
69.80
69.81
69.80
69.81
69.81
69.79
69.79
69.78
69.79
69.78
69.77
69.75
69.75
69.75
69.76
69.76
69.76
69.73
69.72
69.70
69.71
69.70
69.71
69.70
69.69
69.70
69.68
69.69
69.70
69.70
69.70
69.72
69.74
69.74
69.73
69.76
69.77
69.75
69.74
69.75
69.73
69.74
69.75
69.76
69.76
69.77
69.72
69.72
69.72
69.70
69.68
69.66
69.65
69.64
69.63
69.62
69.64
69.63
69.66
69.65
69.67
69.67
69.70
69.68
69.68
69.68
69.68
69.67
69.67
69.66
69.66
69.66
69.66
69.65
69.65
69.64
69.64
69.66
69.66
69.67
69.69
69.70
69.70
69.72
69.71
69.71
69.71
69.72
69.71
69.70
69.71
69.69
69.70
69.69
69.70
69.70
69.69
69.70
69.69
69.70
69.70
69.69
69.68
69.66
69.67
69.67
69.66
69.67
69.67
69.66
69.68
69.70
69.70
69.72
69.71
69.72
69.73
69.73
69.75
69.75
69.75
69.75
69.74
69.73
69.73
69.75
69.75
69.75
69.77
69.77
69.78
69.77
69.77
69.76
69.75
69.74
69.73
69.73
69.73
69.73
69.72
69.72
69.71
69.71
69.72
69.73
69.73
69.73
69.75
69.74
69.75
69.75
69.75
69.73
69.74
69.73
69.75
69.75
69.75
69.75
69.77
69.77
69.76
69.75
69.74
69.73
69.72
69.73
69.71
69.71
69.71
69.72
69.71
69.72
69.71
69.71
69.69
69.68
69.69
69.68
69.68
69.67
69.68
69.68
69.69
69.68
69.69
69.69
69.71
69.70
69.69
69.68
69.70
69.70
69.70
69.69
69.68
69.69
69.69
69.70
69.71
69.70
69.69
69.70
69.71
69.72
69.73
69.74
69.76
69.77
69.78
69.78
69.76
69.75
69.77
69.77
69.76
69.76
69.77
69.78
69.77
69.78
69.77
69.77
69.77
69.76
69.76
69.75
69.76
69.77
69.77
69.76
69.76
69.74
69.74
69.75
69.74
69.74
69.73
69.73
69.75
69.75
69.76
69.77
69.76
69.78
69.77
69.76
69.78
69.78
69.76
69.77
69.76
69.76
69.75
69.75
69.73
69.73
69.73
69.73
69.74
69.72
69.74
69.74
69.75
69.75
69.75
69.75
69.75
69.74
69.74
69.74
69.72
69.72
69.72
69.72
69.72
69.71
69.71
69.71
69.69
69.69
69.69
69.71
69.71
69.72
69.72
69.72
69.72
69.72
69.73
69.74
69.74
69.74
69.74
69.73
69.72
69.72
69.71
69.73
69.72
69.73
69.72
69.71
69.72
69.72
69.72
69.72
69.72
69.71
69.72
69.72
69.72
69.72
69.72
69.72
69.71
69.71
69.72
69.73
69.72
69.74
69.74
69.72
69.73
69.74
69.73
69.74
69.74
69.73
69.73
69.73
69.73
69.73
69.74
69.74
69.75
69.75
69.76
69.77
69.77
69.78
69.77
69.76
69.78
69.78
69.78
69.79
69.79
69.79
69.78
69.79
69.77
69.77
69.78
69.78
69.78
69.79
69.79
69.79
69.79
69.78
69.77
69.76
69.74
69.76
69.74
69.75
69.73
69.73
69.73
69.74
69.74
69.74
69.75
69.74
69.74
69.75
69.75
69.74
69.74
69.74
69.74
69.74
69.74
69.74
69.74
69.74
69.73
69.73
69.74
69.73
69.74
69.67
