68.75
72.66
73.44
75.00
74.06
72.66
72.32
71.48
71.18
72.03
71.45
70.96
71.15
70.42
70.52
70.41
70.31
70.83
70.81
70.47
70.83
70.53
70.52
70.90
70.44
70.73
70.78
70.70
70.74
71.04
71.07
71.19
71.16
70.91
71.21
71.27
71.45
71.42
71.23
71.37
71.38
71.50
71.58
71.56
71.60
71.64
71.64
71.74
71.65
71.56
71.51
71.42
71.31
71.21
71.11
70.95
70.97
71.04
71.11
70.89
70.93
70.99
70.86
70.92
70.84
70.95
70.78
70.80
70.86
70.80
70.82
70.62
70.61
70.59
70.54
70.35
70.45
70.53
70.43
70.43
70.45
70.43
70.41
70.44
70.33
70.35
70.31
70.35
70.42
70.40
70.33
70.33
70.25
70.25
70.30
70.28
70.26
70.26
70.23
70.22
70.27
70.25
70.28
70.31
70.37
70.37
70.40
70.46
70.38
70.40
70.45
70.44
70.42
70.46
70.43
70.35
70.37
70.35
70.31
70.29
70.20
70.20
70.26
70.20
70.20
70.21
70.16
70.08
70.11
70.01
69.93
69.92
69.98
70.06
70.07
70.05
70.11
70.05
70.13
70.15
70.15
70.10
70.05
70.01
70.01
70.02
70.07
70.09
70.02
70.01
70.04
70.05
70.03
69.94
69.97
70.03
70.09
70.03
70.05
70.06
70.05
70.00
70.05
70.09
70.08
70.10
70.07
70.08
70.15
70.14
70.13
70.09
70.02
70.03
70.02
69.98
70.04
70.06
70.04
70.01
70.01
70.01
70.02
70.02
70.00
69.98
69.98
70.03
70.02
70.07
70.08
70.07
70.03
70.02
70.05
70.05
70.08
70.07
69.99
70.01
70.00
69.99
69.94
69.93
69.95
70.01
70.01
70.02
70.00
70.03
70.05
70.06
70.03
70.02
70.07
70.08
70.07
70.04
70.08
70.04
70.06
70.08
70.08
70.10
70.10
70.06
70.06
70.03
70.07
70.09
70.05
70.07
70.02
70.05
70.03
70.03
70.03
70.05
70.03
70.02
69.97
69.99
70.00
70.01
70.05
70.03
70.05
70.04
70.00
70.01
70.01
69.96
69.92
69.93
69.91
69.89
69.90
69.89
69.90
69.90
69.92
69.95
69.92
69.93
69.94
69.94
69.96
69.93
69.95
69.93
69.93
69.89
69.87
69.86
69.87
69.85
69.84
69.86
69.86
69.86
69.85
69.90
69.88
69.89
69.91
69.92
69.93
69.93
69.93
69.94
69.93
69.95
69.94
69.92
69.93
69.90
69.90
69.87
69.87
69.88
69.85
69.85
69.81
69.82
69.82
69.80
69.80
69.80
69.80
69.79
69.81
69.83
69.81
69.81
69.83
69.84
69.86
69.84
69.85
69.84
69.85
69.86
69.84
69.84
69.81
69.79
69.78
69.76
69.75
69.74
69.76
69.76
69.74
69.77
69.75
69.72
69.72
69.71
69.73
69.72
69.73
69.74
69.73
69.71
69.72
69.73
69.72
69.69
69.71
69.70
69.68
69.68
69.71
69.73
69.73
69.75
69.76
69.77
69.73
69.74
69.72
69.74
69.74
69.72
69.72
69.71
69.70
69.71
69.70
69.70
69.71
69.72
69.69
69.70
69.72
69.73
69.73
69.73
69.71
69.74
69.74
69.73
69.73
69.71
69.73
69.71
69.71
69.72
69.73
69.74
69.75
69.76
69.78
69.77
69.78
69.77
69.77
69.74
69.74
69.73
69.73
69.75
69.75
69.78
69.79
69.75
69.77
69.79
69.75
69.71
69.72
69.72
69.71
69.71
69.69
69.68
69.68
69.67
69.70
69.69
69.72
69.72
69.72
69.74
69.75
69.76
69.78
69.79
69.79
69.79
69.79
69.81
69.83
69.82
69.82
69.82
69.83
69.83
69.81
69.83
69.84
69.84
69.84
69.82
69.81
69.79
69.81
69.82
69.82
69.84
69.82
69.83
69.85
69.85
69.85
69.85
69.87
69.89
69.90
69.88
69.89
69.89
69.89
69.89
69.87
69.85
69.85
69.85
69.85
69.85
69.86
69.86
69.87
69.88
69.88
69.90
69.89
69.90
69.88
69.86
69.87
69.87
69.87
69.86
69.87
69.87
69.86
69.88
69.89
69.90
69.90
69.90
69.90
69.89
69.86
69.88
69.88
69.88
69.88
69.86
69.87
69.89
69.91
69.92
69.92
69.92
69.91
69.94
69.93
69.94
69.92
69.92
69.94
69.95
69.92
69.92
69.93
69.94
69.92
69.91
69.92
69.91
69.92
69.92
69.94
69.92
69.92
69.93
69.94
69.93
69.91
69.91
69.91
69.90
69.90
69.90
69.90
69.90
69.92
69.90
69.91
69.90
69.90
69.88
69.89
69.90
69.90
69.90
69.91
69.90
69.88
69.90
69.91
69.92
69.91
69.92
69.91
69.91
69.90
69.91
69.92
69.91
69.90
69.90
69.89
69.90
69.88
69.87
69.87
69.87
69.87
69.87
69.88
69.87
69.88
69.89
69.89
69.88
69.87
69.87
69.87
69.89
69.88
69.88
69.87
69.87
69.88
69.87
69.89
69.89
69.88
69.88
69.90
69.91
69.91
69.90
69.89
69.89
69.88
69.88
69.89
69.88
69.87
69.87
69.87
69.86
69.86
69.86
69.85
69.85
69.84
69.84
69.85
69.85
69.88
69.89
69.87
69.87
69.87
69.84
69.83
69.84
69.83
69.82
69.83
69.83
69.82
69.84
69.82
69.82
69.82
69.82
69.82
69.82
69.81
69.80
69.80
69.82
69.82
69.81
69.81
69.81
69.81
69.81
69.81
69.80
69.81
69.83
69.82
69.81
69.81
69.81
69.82
69.81
69.81
69.82
69.80
69.80
69.81
69.82
69.82
69.82
69.81
69.80
69.80
69.79
69.79
69.78
69.78
69.77
69.76
69.76
69.77
69.77
69.78
69.79
69.78
69.78
69.77
69.77
69.77
69.76
69.75
69.76
69.76
69.75
69.75
69.75
69.75
69.76
69.76
69.75
69.74
69.75
69.75
69.75
69.74
69.73
69.75
69.75
69.75
69.74
69.73
69.73
69.73
69.72
69.73
69.71
69.71
69.71
69.70
69.69
69.70
69.70
69.71
69.70
69.71
69.72
69.72
69.71
69.71
69.73
69.74
69.73
69.75
69.76
69.76
69.74
69.74
69.74
69.73
69.74
69.73
69.74
69.74
69.74
69.74
69.74
69.75
69.74
69.74
69.74
69.75
69.75
69.75
69.76
69.75
69.74
69.74
69.74
69.74
69.73
69.72
69.71
69.70
69.71
69.71
69.72
69.72
69.70
69.70
69.71
69.71
69.71
69.72
69.71
69.73
69.72
69.72
69.72
69.72
69.74
69.74
69.74
69.73
69.75
69.74
69.74
69.75
69.75
69.75
69.68
