56.25
53.12
53.12
54.30
55.00
54.95
54.24
55.66
55.56
55.47
54.97
54.43
55.17
55.25
55.21
54.88
55.24
55.30
55.76
56.25
55.80
55.54
55.37
55.08
55.31
55.05
54.92
54.97
54.80
54.69
54.44
54.44
54.40
54.55
54.51
54.51
54.43
54.61
54.61
54.65
54.27
54.20
54.25
54.23
54.31
54.11
54.22
54.30
54.05
53.75
53.68
53.76
53.77
53.70
53.64
53.49
53.56
53.61
53.60
53.65
53.69
53.76
53.65
53.66
53.82
53.88
53.78
53.93
53.85
53.91
53.76
53.73
53.77
53.72
53.71
53.64
53.59
53.63
53.68
53.83
53.90
53.85
53.71
53.63
53.51
53.60
53.45
53.50
53.53
53.51
53.52
53.53
53.38
53.51
53.59
53.61
53.64
53.87
53.91
53.98
53.96
53.86
53.90
53.89
53.91
54.04
53.99
53.96
54.03
54.01
53.93
53.81
53.82
53.92
53.95
53.96
53.95
53.99
53.94
53.92
53.94
53.96
53.91
53.94
53.98
53.97
53.92
53.88
53.89
53.82
53.84
53.86
53.81
53.87
53.84
53.83
53.91
53.82
53.79
53.82
53.82
53.80
53.89
53.93
53.93
53.93
53.91
53.90
53.90
53.91
53.90
53.96
53.93
53.95
53.94
53.88
53.84
53.82
53.74
53.73
53.75
53.74
53.77
53.73
53.79
53.78
53.78
53.79
53.75
53.75
53.83
53.85
53.79
53.77
53.75
53.70
53.76
53.76
53.74
53.74
53.77
53.80
53.84
53.80
53.78
53.73
53.72
53.71
53.78
53.82
53.86
53.87
53.92
53.97
53.95
53.96
53.98
53.99
54.00
54.00
53.95
53.97
53.96
53.98
53.96
53.96
53.96
53.96
54.01
53.99
53.99
54.00
54.03
54.05
54.06
54.02
54.05
54.04
54.02
54.02
54.02
54.04
54.04
54.09
54.06
54.07
54.05
54.03
54.02
54.08
54.04
53.97
53.96
53.99
53.97
53.95
53.98
53.99
54.00
54.05
54.08
54.09
54.06
54.11
54.13
54.14
54.11
54.11
54.14
54.12
54.12
54.12
54.09
54.07
54.06
54.04
54.06
54.06
54.05
54.00
53.99
53.98
54.00
53.98
53.96
53.98
53.96
53.92
53.91
53.92
53.93
53.94
53.94
53.93
53.92
53.95
53.97
53.97
54.00
54.00
54.01
54.00
54.00
54.01
53.97
53.99
54.00
53.95
53.96
53.94
53.91
53.87
53.88
53.85
53.83
53.79
53.84
53.84
53.89
53.91
53.92
53.93
53.92
53.93
53.93
53.94
53.93
53.96
53.97
53.98
53.94
53.94
53.93
53.92
53.93
53.93
53.92
53.91
53.93
53.90
53.88
53.88
53.86
53.85
53.86
53.85
53.85
53.84
53.83
53.82
53.82
53.82
53.82
53.78
53.80
53.76
53.73
53.71
53.72
53.72
53.73
53.73
53.71
53.71
53.72
53.75
53.73
53.74
53.73
53.76
53.75
53.75
53.73
53.75
53.76
53.75
53.73
53.77
53.79
53.80
53.79
53.78
53.77
53.79
53.78
53.80
53.81
53.83
53.82
53.83
53.84
53.84
53.83
53.86
53.85
53.87
53.88
53.89
53.88
53.87
53.88
53.84
53.86
53.86
53.86
53.86
53.85
53.84
53.83
53.84
53.81
53.82
53.83
53.85
53.86
53.87
53.88
53.87
53.89
53.91
53.88
53.88
53.87
53.88
53.89
53.91
53.90
53.92
53.91
53.91
53.92
53.92
53.90
53.89
53.87
53.86
53.87
53.85
53.86
53.86
53.86
53.84
53.86
53.86
53.87
53.89
53.88
53.86
53.85
53.88
53.88
53.87
53.85
53.84
53.85
53.84
53.85
53.83
53.82
53.82
53.79
53.79
53.79
53.79
53.79
53.80
53.80
53.81
53.80
53.80
53.78
53.76
53.75
53.73
53.72
53.72
53.71
53.70
53.70
53.68
53.69
53.68
53.68
53.68
53.68
53.70
53.68
53.67
53.66
53.66
53.67
53.66
53.66
53.65
53.63
53.61
53.61
53.63
53.63
53.65
53.62
53.62
53.63
53.64
53.64
53.64
53.65
53.65
53.64
53.64
53.65
53.66
53.68
53.67
53.66
53.67
53.68
53.68
53.71
53.70
53.71
53.71
53.71
53.74
53.76
53.74
53.75
53.74
53.74
53.74
53.75
53.74
53.74
53.74
53.75
53.75
53.73
53.77
53.79
53.80
53.81
53.80
53.80
53.80
53.79
53.79
53.80
53.79
53.80
53.80
53.81
53.83
53.84
53.84
53.82
53.82
53.82
53.84
53.85
53.85
53.85
53.85
53.86
53.86
53.86
53.85
53.86
53.85
53.84
53.83
53.83
53.82
53.85
53.83
53.82
53.82
53.80
53.81
53.81
53.82
53.84
53.85
53.86
53.82
53.83
53.81
53.83
53.82
53.82
53.82
53.82
53.82
53.83
53.82
53.83
53.83
53.83
53.83
53.84
53.85
53.85
53.84
53.84
53.85
53.86
53.86
53.85
53.86
53.86
53.88
53.89
53.88
53.89
53.90
53.90
53.91
53.93
53.94
53.94
53.93
53.94
53.94
53.95
53.96
53.97
53.94
53.94
53.95
53.95
53.96
53.98
54.00
53.99
53.98
53.99
54.01
54.00
54.01
54.01
54.02
54.01
54.02
54.04
54.03
54.03
54.04
54.04
54.05
54.05
54.03
54.02
54.02
54.04
54.05
54.06
54.04
54.05
54.05
54.06
54.06
54.06
54.07
54.07
54.08
54.08
54.07
54.06
54.07
54.06
54.05
54.04
54.05
54.06
54.07
54.08
54.08
54.08
54.09
54.09
54.08
54.09
54.09
54.09
54.10
54.11
54.10
54.09
54.10
54.10
54.10
54.09
54.10
54.11
54.11
54.11
54.11
54.11
54.12
54.12
54.14
54.13
54.14
54.13
54.13
54.14
54.13
54.14
54.15
54.15
54.16
54.17
54.17
54.18
54.18
54.18
54.19
54.19
54.20
54.21
54.23
54.24
54.23
54.24
54.25
54.25
54.22
54.23
54.22
54.22
54.21
54.20
54.19
54.19
54.17
54.17
54.17
54.17
54.16
54.16
54.16
54.16
54.16
54.15
54.14
54.13
54.14
54.13
54.12
54.11
54.11
54.11
54.12
54.13
54.12
54.14
54.14
54.14
54.14
54.13
54.13
54.14
54.13
54.13
54.13
54.14
54.14
54.15
54.14
54.15
54.16
54.15
54.15
54.16
54.15
54.16
54.16
54.14
54.13
54.13
54.12
54.12
54.10
54.11
54.10
54.11
54.11
54.12
54.13
54.13
54.12
54.12
54.12
54.12
54.11
54.10
54.11
54.10
54.11
54.11
54.12
54.13
54.08
