68.75
72.66
71.35
70.70
70.94
70.57
68.97
68.95
69.10
68.91
69.03
69.92
69.71
70.42
71.04
70.80
70.50
69.88
69.49
69.30
68.75
68.89
69.36
69.21
69.44
69.47
69.39
69.25
69.07
69.06
69.25
69.19
69.37
69.21
69.38
69.40
69.55
69.28
69.19
69.02
69.21
69.31
69.26
69.11
69.17
69.40
69.45
69.53
69.61
69.44
69.45
69.56
69.52
69.50
69.49
69.34
69.33
69.37
69.39
69.30
69.21
69.30
69.20
69.31
69.35
69.37
69.54
69.58
69.59
69.53
69.52
69.62
69.69
69.55
69.54
69.41
69.34
69.37
69.34
69.16
69.19
69.15
69.11
69.18
69.15
69.31
69.32
69.37
69.42
69.39
69.40
69.40
69.34
69.23
69.19
69.29
69.35
69.29
69.35
69.25
69.32
69.33
69.37
69.43
69.40
69.46
69.41
69.36
69.29
69.25
69.27
69.24
69.28
69.30
69.25
69.21
69.22
69.21
69.20
69.19
69.19
69.22
69.18
69.23
69.26
69.28
69.30
69.34
69.31
69.34
69.33
69.33
69.24
69.29
69.26
69.27
69.30
69.30
69.33
69.31
69.23
69.16
69.18
69.16
69.17
69.18
69.21
69.21
69.20
69.20
69.17
69.16
69.19
69.22
69.24
69.22
69.28
69.31
69.29
69.34
69.33
69.28
69.24
69.23
69.21
69.25
69.24
69.26
69.29
69.28
69.25
69.26
69.29
69.31
69.29
69.26
69.25
69.29
69.26
69.27
69.28
69.31
69.29
69.34
69.32
69.30
69.24
69.22
69.30
69.29
69.34
69.32
69.28
69.27
69.27
69.28
69.27
69.29
69.29
69.33
69.35
69.32
69.34
69.34
69.34
69.34
69.39
69.39
69.36
69.36
69.32
69.29
69.28
69.33
69.32
69.33
69.35
69.37
69.36
69.37
69.38
69.38
69.37
69.40
69.39
69.38
69.40
69.41
69.43
69.35
69.36
69.38
69.39
69.40
69.43
69.45
69.46
69.47
69.50
69.47
69.48
69.47
69.48
69.48
69.45
69.46
69.46
69.44
69.47
69.49
69.54
69.52
69.50
69.53
69.55
69.55
69.55
69.54
69.52
69.50
69.50
69.56
69.57
69.58
69.56
69.54
69.55
69.54
69.53
69.51
69.51
69.53
69.53
69.51
69.49
69.50
69.46
69.45
69.44
69.43
69.40
69.41
69.42
69.42
69.40
69.42
69.39
69.38
69.39
69.41
69.43
69.40
69.40
69.39
69.38
69.38
69.37
69.35
69.32
69.32
69.31
69.33
69.32
69.35
69.36
69.36
69.38
69.38
69.39
69.38
69.38
69.41
69.42
69.46
69.46
69.48
69.49
69.48
69.47
69.48
69.48
69.48
69.47
69.49
69.50
69.52
69.54
69.51
69.51
69.52
69.53
69.52
69.53
69.55
69.54
69.55
69.55
69.54
69.57
69.59
69.57
69.58
69.59
69.58
69.59
69.60
69.59
69.63
69.62
69.65
69.64
69.66
69.66
69.65
69.64
69.65
69.63
69.65
69.66
69.66
69.68
69.70
69.68
69.67
69.67
69.65
69.67
69.67
69.67
69.65
69.67
69.69
69.70
69.70
69.69
69.69
69.70
69.71
69.71
69.73
69.72
69.73
69.72
69.71
69.71
69.71
69.69
69.67
69.69
69.70
69.73
69.73
69.72
69.70
69.71
69.72
69.73
69.74
69.75
69.75
69.75
69.74
69.73
69.73
69.75
69.72
69.71
69.73
69.71
69.71
69.70
69.69
69.67
69.68
69.67
69.68
69.65
69.67
69.66
69.65
69.67
69.68
69.69
69.67
69.67
69.64
69.64
69.68
69.67
69.67
69.68
69.69
69.70
69.70
69.69
69.69
69.67
69.65
69.65
69.66
69.66
69.63
69.64
69.64
69.66
69.65
69.64
69.64
69.64
69.65
69.64
69.65
69.67
69.67
69.67
69.68
69.69
69.68
69.71
69.71
69.71
69.72
69.72
69.71
69.71
69.71
69.74
69.74
69.76
69.75
69.74
69.72
69.72
69.74
69.76
69.76
69.76
69.74
69.76
69.76
69.78
69.79
69.79
69.79
69.76
69.77
69.78
69.78
69.79
69.78
69.79
69.79
69.78
69.79
69.79
69.79
69.80
69.79
69.79
69.77
69.75
69.76
69.76
69.78
69.79
69.77
69.76
69.76
69.76
69.77
69.78
69.78
69.79
69.77
69.76
69.76
69.77
69.77
69.76
69.75
69.74
69.74
69.74
69.73
69.73
69.72
69.73
69.73
69.74
69.73
69.73
69.75
69.76
69.75
69.75
69.74
69.74
69.73
69.73
69.75
69.76
69.77
69.77
69.76
69.76
69.75
69.76
69.75
69.75
69.76
69.75
69.75
69.74
69.74
69.76
69.76
69.77
69.77
69.77
69.78
69.78
69.78
69.78
69.77
69.75
69.75
69.73
69.72
69.73
69.73
69.72
69.71
69.72
69.70
69.70
69.71
69.72
69.72
69.72
69.71
69.69
69.68
69.69
69.69
69.70
69.71
69.71
69.72
69.71
69.71
69.72
69.72
69.72
69.72
69.72
69.73
69.73
69.71
69.71
69.71
69.70
69.70
69.71
69.70
69.70
69.71
69.70
69.69
69.69
69.67
69.66
69.66
69.64
69.66
69.66
69.66
69.67
69.67
69.67
69.67
69.66
69.68
69.68
69.68
69.70
69.68
69.68
69.69
69.68
69.67
69.68
69.67
69.67
69.67
69.66
69.65
69.66
69.65
69.63
69.64
69.64
69.63
69.64
69.64
69.65
69.64
69.65
69.65
69.64
69.65
69.65
69.66
69.65
69.66
69.68
69.68
69.68
69.69
69.69
69.71
69.71
69.70
69.70
69.70
69.69
69.69
69.70
69.70
69.70
69.70
69.69
69.70
69.69
69.67
69.68
69.67
69.67
69.67
69.66
69.67
69.68
69.68
69.67
69.68
69.67
69.68
69.68
69.70
69.70
69.69
69.69
69.68
69.69
69.69
69.69
69.70
69.70
69.69
69.68
69.68
69.68
69.68
69.69
69.70
69.70
69.70
69.70
69.70
69.70
69.70
69.70
69.69
69.69
69.71
69.70
69.69
69.70
69.70
69.69
69.70
69.68
69.69
69.69
69.68
69.69
69.68
69.68
69.69
69.69
69.68
69.68
69.68
69.67
69.68
69.68
69.68
69.67
69.68
69.69
69.69
69.68
69.70
69.69
69.70
69.70
69.70
69.70
69.69
69.69
69.70
69.71
69.71
69.72
69.72
69.72
69.73
69.73
69.74
69.73
69.74
69.74
69.74
69.74
69.75
69.75
69.75
69.75
69.76
69.75
69.75
69.76
69.75
69.76
69.76
69.77
69.77
69.77
69.77
69.76
69.76
69.76
69.69
