75.00
69.53
68.75
68.75
69.38
67.45
68.08
68.16
67.88
67.19
68.04
68.36
68.51
68.42
68.75
69.14
69.58
69.79
69.49
69.53
69.27
69.18
69.02
69.08
68.88
69.41
68.98
69.08
69.02
68.80
68.75
68.90
68.80
69.03
68.93
68.58
68.75
68.83
68.75
68.79
68.90
68.86
68.71
68.86
68.85
68.89
68.82
68.55
68.62
68.72
68.78
68.87
68.90
68.98
69.09
69.08
69.16
69.34
69.39
69.40
69.52
69.53
69.42
69.29
69.28
69.15
69.12
69.21
69.32
69.42
69.41
69.42
69.39
69.45
69.38
69.41
69.36
69.33
69.38
69.43
69.41
69.51
69.65
69.55
69.45
69.49
69.54
69.57
69.65
69.58
69.61
69.60
69.51
69.51
69.54
69.47
69.51
69.52
69.52
69.56
69.54
69.52
69.49
69.44
69.39
69.41
69.38
69.37
69.41
69.40
69.36
69.34
69.39
69.30
69.33
69.32
69.28
69.25
69.25
69.26
69.19
69.16
69.13
69.14
69.10
69.16
69.14
69.12
69.15
69.13
69.13
69.06
69.06
69.05
68.96
68.97
68.98
69.01
69.04
69.11
69.12
69.19
69.24
69.21
69.20
69.18
69.21
69.23
69.23
69.22
69.25
69.21
69.18
69.23
69.22
69.19
69.19
69.18
69.14
69.18
69.16
69.18
69.18
69.22
69.24
69.28
69.25
69.28
69.26
69.29
69.32
69.30
69.28
69.28
69.30
69.30
69.27
69.30
69.34
69.32
69.31
69.34
69.29
69.25
69.21
69.21
69.19
69.22
69.22
69.20
69.21
69.22
69.24
69.23
69.24
69.24
69.26
69.24
69.27
69.27
69.29
69.29
69.27
69.29
69.33
69.31
69.26
69.31
69.30
69.30
69.30
69.24
69.26
69.32
69.32
69.34
69.33
69.29
69.31
69.31
69.29
69.27
69.31
69.36
69.31
69.30
69.31
69.29
69.32
69.29
69.29
69.26
69.29
69.30
69.24
69.19
69.22
69.27
69.23
69.27
69.26
69.26
69.26
69.21
69.23
69.23
69.24
69.22
69.18
69.21
69.21
69.22
69.18
69.17
69.15
69.17
69.18
69.16
69.17
69.16
69.14
69.16
69.17
69.15
69.17
69.17
69.15
69.15
69.18
69.19
69.18
69.20
69.20
69.21
69.26
69.24
69.27
69.26
69.24
69.21
69.22
69.23
69.22
69.24
69.26
69.24
69.25
69.25
69.24
69.21
69.21
69.24
69.22
69.20
69.17
69.19
69.17
69.15
69.15
69.15
69.15
69.15
69.18
69.16
69.14
69.14
69.18
69.18
69.17
69.16
69.20
69.21
69.23
69.25
69.28
69.26
69.26
69.27
69.26
69.27
69.28
69.29
69.27
69.28
69.26
69.26
69.23
69.21
69.20
69.17
69.17
69.18
69.20
69.21
69.24
69.26
69.31
69.28
69.30
69.30
69.33
69.34
69.34
69.32
69.31
69.33
69.34
69.33
69.33
69.33
69.36
69.38
69.38
69.39
69.39
69.42
69.43
69.42
69.39
69.39
69.37
69.39
69.40
69.40
69.38
69.38
69.37
69.37
69.37
69.37
69.39
69.36
69.38
69.36
69.37
69.36
69.36
69.37
69.38
69.33
69.34
69.36
69.34
69.36
69.35
69.38
69.37
69.35
69.38
69.38
69.39
69.37
69.36
69.36
69.37
69.38
69.38
69.36
69.38
69.38
69.37
69.35
69.36
69.39
69.39
69.37
69.36
69.37
69.37
69.34
69.35
69.36
69.36
69.38
69.36
69.36
69.35
69.34
69.32
69.32
69.33
69.32
69.32
69.30
69.32
69.33
69.32
69.31
69.29
69.28
69.29
69.30
69.27
69.26
69.27
69.26
69.26
69.27
69.28
69.29
69.28
69.26
69.26
69.29
69.31
69.30
69.30
69.31
69.30
69.29
69.31
69.32
69.33
69.31
69.30
69.30
69.31
69.30
69.30
69.32
69.33
69.35
69.35
69.36
69.36
69.35
69.33
69.32
69.33
69.34
69.34
69.35
69.35
69.34
69.35
69.34
69.35
69.35
69.36
69.35
69.35
69.37
69.36
69.37
69.37
69.37
69.38
69.37
69.37
69.36
69.38
69.39
69.38
69.39
69.40
69.40
69.40
69.40
69.40
69.39
69.40
69.41
69.41
69.42
69.44
69.44
69.43
69.44
69.42
69.45
69.44
69.43
69.44
69.45
69.44
69.44
69.44
69.45
69.46
69.44
69.45
69.46
69.47
69.46
69.47
69.49
69.50
69.49
69.47
69.49
69.50
69.49
69.48
69.49
69.49
69.52
69.52
69.51
69.53
69.54
69.54
69.55
69.54
69.55
69.56
69.57
69.58
69.58
69.59
69.60
69.60
69.60
69.59
69.58
69.59
69.61
69.61
69.62
69.63
69.62
69.64
69.65
69.66
69.67
69.66
69.66
69.68
69.67
69.67
69.67
69.66
69.65
69.65
69.65
69.65
69.66
69.67
69.67
69.68
69.68
69.69
69.67
69.66
69.66
69.66
69.65
69.63
69.64
69.63
69.63
69.63
69.63
69.63
69.64
69.65
69.65
69.67
69.67
69.67
69.65
69.65
69.65
69.64
69.64
69.64
69.64
69.64
69.64
69.64
69.63
69.63
69.64
69.65
69.65
69.65
69.65
69.65
69.64
69.63
69.63
69.61
69.61
69.62
69.62
69.61
69.64
69.63
69.63
69.63
69.64
69.65
69.64
69.63
69.64
69.63
69.62
69.63
69.63
69.64
69.65
69.64
69.64
69.63
69.64
69.65
69.65
69.64
69.63
69.63
69.64
69.64
69.63
69.63
69.64
69.64
69.64
69.65
69.65
69.64
69.63
69.63
69.63
69.63
69.64
69.63
69.62
69.62
69.62
69.63
69.64
69.64
69.65
69.64
69.64
69.64
69.64
69.64
69.65
69.66
69.67
69.68
69.67
69.68
69.69
69.69
69.68
69.68
69.69
69.69
69.71
69.69
69.70
69.69
69.69
69.70
69.71
69.73
69.73
69.74
69.74
69.74
69.72
69.72
69.73
69.73
69.73
69.73
69.73
69.72
69.72
69.72
69.71
69.70
69.70
69.70
69.70
69.70
69.71
69.70
69.68
69.69
69.69
69.68
69.68
69.69
69.69
69.70
69.70
69.70
69.71
69.71
69.71
69.73
69.73
69.73
69.73
69.73
69.73
69.73
69.73
69.71
69.70
69.69
69.69
69.69
69.69
69.70
69.71
69.71
69.71
69.70
69.70
69.70
69.71
69.71
69.70
69.70
69.69
69.69
69.69
69.69
69.68
69.68
69.68
69.68
69.67
69.66
69.68
69.68
69.68
69.69
69.67
69.68
69.68
69.67
69.67
69.66
69.67
69.68
69.70
69.69
69.63
