71.88
73.44
72.40
71.88
71.88
70.05
70.76
71.48
71.01
71.09
71.31
71.22
70.79
70.20
70.62
70.90
71.05
70.83
70.48
70.55
70.61
70.10
70.18
69.86
69.88
69.77
69.62
69.48
69.29
69.53
69.41
69.24
68.94
68.93
68.62
68.58
68.83
68.54
68.47
68.40
68.48
68.60
68.35
68.47
68.61
68.65
68.85
68.75
68.97
69.00
69.00
69.02
68.90
68.87
68.95
69.06
68.91
68.91
68.88
68.98
68.98
69.23
69.20
69.21
69.23
69.32
69.33
69.39
69.36
69.35
69.39
69.34
69.20
69.26
69.40
69.45
69.40
69.47
69.38
69.53
69.54
69.57
69.60
69.66
69.76
69.79
69.70
69.60
69.58
69.55
69.61
69.62
69.59
69.55
69.61
69.66
69.67
69.56
69.65
69.67
69.60
69.58
69.66
69.71
69.72
69.62
69.61
69.53
69.55
69.53
69.52
69.61
69.59
69.63
69.66
69.61
69.67
69.70
69.75
69.78
69.81
69.84
69.87
69.93
70.00
70.05
70.09
70.09
70.13
70.14
70.12
70.16
70.21
70.16
70.13
70.12
70.11
70.14
70.11
70.11
70.12
70.14
70.13
70.13
70.12
70.13
70.04
70.07
69.97
69.99
69.93
69.96
69.91
69.92
69.94
69.97
69.99
70.01
70.02
70.02
70.02
69.99
69.98
70.01
69.96
69.99
70.02
69.98
70.04
70.07
70.06
69.96
69.94
69.88
69.95
69.98
69.98
69.95
69.97
69.97
70.02
69.98
69.96
69.99
69.99
70.04
69.99
70.02
69.99
70.07
70.08
70.10
70.09
70.07
70.09
70.11
70.08
70.08
70.11
70.10
70.15
70.13
70.14
70.18
70.21
70.22
70.24
70.24
70.25
70.24
70.23
70.25
70.23
70.20
70.18
70.21
70.18
70.18
70.16
70.11
70.13
70.10
70.01
70.01
70.06
70.06
70.06
70.07
70.07
70.08
70.06
70.06
70.10
70.09
70.10
70.09
70.07
70.11
70.05
70.08
70.01
70.03
70.01
70.04
70.06
70.05
70.05
70.02
70.02
69.99
70.00
70.01
70.01
70.00
69.99
69.98
69.94
69.94
69.94
69.93
69.94
69.94
69.94
69.97
69.98
69.97
70.00
69.99
69.99
69.98
69.97
69.97
69.97
69.96
69.98
69.98
69.95
69.95
69.97
70.01
69.99
69.98
69.97
69.95
69.98
70.00
70.01
69.98
70.00
69.99
70.01
70.01
70.04
70.06
70.03
70.02
70.00
70.00
69.99
69.99
69.94
69.91
69.94
69.94
69.95
69.98
69.98
69.97
70.01
70.01
70.01
70.01
70.02
70.01
70.01
70.03
70.03
70.01
70.01
70.03
70.05
70.07
70.08
70.07
70.09
70.07
70.09
70.10
70.09
70.08
70.07
70.08
70.05
70.03
70.02
70.00
69.99
69.98
69.96
69.97
69.99
69.99
69.95
69.95
69.96
69.97
69.96
69.97
69.99
70.03
70.03
70.02
70.01
70.02
70.02
70.04
70.04
70.09
70.11
70.14
70.09
70.08
70.08
70.06
70.06
70.04
70.04
70.04
70.06
70.08
70.08
70.08
70.07
70.07
70.06
70.08
70.06
70.03
70.00
70.04
70.03
70.06
70.07
70.06
70.07
70.08
70.08
70.04
70.02
70.04
70.03
70.03
70.03
70.02
70.01
70.01
70.00
69.99
69.96
69.95
69.97
69.95
69.94
69.95
69.96
69.97
70.00
69.99
69.99
70.00
70.00
69.97
69.97
69.98
69.98
69.99
70.00
69.99
69.98
69.97
69.97
69.98
69.97
69.97
69.95
69.96
69.97
69.98
69.98
69.97
69.99
69.99
69.98
69.96
69.96
69.95
69.97
69.98
69.99
70.00
70.02
69.99
69.98
69.96
69.97
69.94
69.95
69.95
69.95
69.96
69.96
69.96
69.97
69.97
69.97
69.96
69.95
69.93
69.94
69.92
69.90
69.91
69.92
69.93
69.92
69.92
69.92
69.93
69.93
69.92
69.93
69.93
69.93
69.91
69.90
69.93
69.92
69.91
69.93
69.95
69.95
69.93
69.94
69.93
69.93
69.93
69.93
69.94
69.95
69.95
69.95
69.94
69.94
69.94
69.94
69.95
69.95
69.96
69.96
69.98
69.98
69.98
69.96
69.96
69.96
69.96
69.97
69.96
69.95
69.95
69.96
69.99
69.98
69.98
69.98
69.98
69.97
69.98
69.98
69.99
69.98
69.98
69.96
69.96
69.97
69.96
69.96
69.95
69.96
69.96
69.96
69.94
69.94
69.95
69.93
69.92
69.92
69.93
69.92
69.93
69.92
69.95
69.95
69.95
69.95
69.93
69.93
69.94
69.94
69.95
69.95
69.93
69.95
69.94
69.94
69.94
69.95
69.95
69.94
69.94
69.94
69.93
69.94
69.93
69.94
69.93
69.92
69.92
69.93
69.92
69.91
69.91
69.89
69.90
69.91
69.89
69.89
69.90
69.91
69.90
69.90
69.91
69.92
69.93
69.93
69.93
69.93
69.93
69.92
69.92
69.91
69.92
69.93
69.90
69.91
69.91
69.89
69.90
69.90
69.90
69.90
69.89
69.88
69.89
69.90
69.90
69.90
69.91
69.91
69.91
69.89
69.89
69.87
69.88
69.88
69.87
69.87
69.87
69.87
69.87
69.87
69.88
69.89
69.88
69.89
69.90
69.91
69.92
69.92
69.90
69.90
69.89
69.89
69.89
69.89
69.89
69.90
69.89
69.89
69.89
69.89
69.88
69.88
69.88
69.88
69.87
69.88
69.88
69.89
69.89
69.88
69.89
69.88
69.87
69.87
69.86
69.86
69.86
69.86
69.87
69.87
69.86
69.86
69.85
69.86
69.86
69.86
69.87
69.87
69.87
69.87
69.87
69.86
69.85
69.85
69.86
69.85
69.86
69.86
69.86
69.86
69.85
69.84
69.86
69.86
69.87
69.87
69.88
69.87
69.87
69.88
69.88
69.87
69.86
69.86
69.85
69.85
69.85
69.86
69.86
69.87
69.87
69.87
69.87
69.85
69.86
69.87
69.87
69.88
69.87
69.86
69.85
69.84
69.84
69.83
69.83
69.83
69.83
69.82
69.83
69.82
69.81
69.81
69.81
69.80
69.80
69.79
69.79
69.79
69.79
69.80
69.80
69.80
69.80
69.81
69.81
69.82
69.81
69.80
69.78
69.78
69.78
69.78
69.77
69.77
69.78
69.78
69.79
69.79
69.78
69.78
69.79
69.79
69.79
69.78
69.77
69.77
69.76
69.74
69.75
69.76
69.77
69.76
69.76
69.78
69.77
69.77
69.77
69.77
69.77
69.75
69.75
69.75
69.75
69.75
69.76
69.75
69.76
69.74
69.75
69.74
69.68
