68.75
71.09
75.52
73.83
73.12
72.40
71.65
72.07
71.18
70.94
71.16
71.61
71.39
71.76
71.77
71.39
70.86
71.35
70.72
70.70
70.98
70.38
70.86
71.22
71.31
71.09
71.18
70.87
70.64
70.57
70.21
70.70
70.69
70.54
70.71
70.79
70.69
70.68
70.79
70.94
70.96
70.98
71.04
71.02
71.15
71.03
70.91
71.00
71.01
70.81
70.71
70.61
70.61
70.60
70.68
70.79
70.86
70.69
70.58
70.39
70.24
70.19
70.34
70.34
70.29
70.27
70.27
70.20
70.34
70.20
70.11
70.07
70.10
70.14
70.21
70.31
70.27
70.21
70.15
70.25
70.29
70.29
70.35
70.28
70.33
70.44
70.37
70.42
70.37
70.28
70.40
70.45
70.38
70.41
70.35
70.41
70.36
70.41
70.47
70.44
70.41
70.45
70.49
70.45
70.43
70.40
70.46
70.38
70.43
70.38
70.38
70.44
70.48
70.49
70.41
70.37
70.31
70.27
70.33
70.35
70.31
70.25
70.22
70.19
70.14
70.15
70.10
70.12
70.09
70.13
70.07
70.09
70.03
69.97
69.94
69.92
69.89
69.87
69.86
69.84
69.86
69.82
69.83
69.84
69.87
69.92
69.82
69.80
69.83
69.89
69.91
69.96
69.92
69.97
69.95
69.95
69.93
69.95
69.97
69.99
69.92
69.93
69.91
69.91
69.91
69.93
69.96
69.94
69.91
69.93
69.88
69.92
69.91
69.91
69.96
69.97
69.88
69.93
69.94
69.91
69.87
69.91
69.89
69.89
69.94
69.94
69.97
69.99
70.01
70.04
70.05
70.07
70.10
70.14
70.13
70.14
70.16
70.17
70.12
70.09
70.10
70.08
70.12
70.07
70.11
70.15
70.14
70.15
70.10
70.06
70.02
70.00
69.98
70.01
70.01
70.02
70.05
70.02
70.01
69.97
70.00
69.99
69.98
69.97
69.96
69.98
69.96
69.96
69.92
69.93
69.89
69.86
69.85
69.83
69.85
69.84
69.82
69.87
69.87
69.89
69.88
69.88
69.86
69.88
69.92
69.90
69.91
69.88
69.90
69.89
69.90
69.95
69.96
69.95
69.95
69.96
69.98
69.94
69.93
69.90
69.88
69.90
69.87
69.87
69.90
69.87
69.87
69.87
69.88
69.91
69.92
69.92
69.93
69.92
69.95
69.98
69.96
69.98
69.99
70.01
70.00
70.03
70.06
70.04
70.07
70.06
70.06
70.06
70.04
70.05
70.03
70.02
70.02
70.01
69.97
69.94
69.92
69.93
69.94
69.94
69.96
69.97
69.96
69.97
69.99
69.96
69.95
69.94
69.94
69.92
69.93
69.94
69.95
69.94
69.97
69.98
69.98
69.99
70.00
69.98
69.99
69.98
70.01
70.03
70.02
70.01
70.01
70.01
70.01
70.00
69.99
70.01
70.00
70.05
70.02
70.02
70.02
70.02
70.02
70.00
69.99
70.01
70.02
70.01
69.98
70.00
69.98
70.00
70.00
70.00
70.01
70.00
70.01
70.03
70.00
70.01
70.01
70.02
70.00
70.00
70.00
69.98
69.98
69.98
69.98
69.99
69.95
69.97
69.94
69.95
69.95
69.95
69.96
69.96
70.01
70.03
70.02
70.00
70.00
70.00
70.01
70.01
69.99
69.97
69.96
69.95
69.95
69.94
69.92
69.91
69.92
69.95
69.96
69.96
69.97
69.95
69.94
69.96
69.95
69.94
69.95
69.95
69.92
69.95
69.95
69.95
69.96
69.94
69.93
69.93
69.91
69.89
69.91
69.92
69.90
69.91
69.89
69.86
69.86
69.86
69.83
69.83
69.82
69.83
69.83
69.81
69.81
69.81
69.82
69.83
69.80
69.80
69.79
69.79
69.78
69.80
69.80
69.81
69.80
69.83
69.81
69.80
69.80
69.78
69.78
69.77
69.77
69.78
69.77
69.78
69.80
69.80
69.78
69.76
69.75
69.74
69.74
69.71
69.70
69.70
69.71
69.70
69.71
69.73
69.74
69.75
69.73
69.71
69.70
69.69
69.69
69.68
69.66
69.65
69.64
69.67
69.68
69.68
69.68
69.69
69.70
69.71
69.69
69.70
69.70
69.70
69.69
69.67
69.67
69.67
69.65
69.61
69.61
69.59
69.57
69.54
69.55
69.56
69.56
69.56
69.54
69.55
69.56
69.58
69.58
69.59
69.59
69.59
69.61
69.59
69.58
69.58
69.58
69.59
69.60
69.59
69.60
69.60
69.59
69.59
69.60
69.59
69.58
69.60
69.60
69.62
69.63
69.62
69.63
69.63
69.63
69.63
69.63
69.64
69.65
69.64
69.64
69.64
69.63
69.63
69.63
69.63
69.62
69.62
69.62
69.63
69.63
69.62
69.64
69.64
69.65
69.62
69.61
69.60
69.60
69.58
69.58
69.59
69.59
69.59
69.58
69.60
69.60
69.59
69.58
69.58
69.58
69.57
69.59
69.59
69.59
69.59
69.60
69.62
69.62
69.64
69.65
69.65
69.65
69.66
69.66
69.65
69.65
69.64
69.65
69.65
69.64
69.62
69.62
69.61
69.61
69.62
69.60
69.59
69.59
69.60
69.59
69.60
69.60
69.60
69.62
69.62
69.62
69.63
69.64
69.64
69.62
69.63
69.62
69.61
69.59
69.59
69.57
69.56
69.55
69.53
69.53
69.52
69.52
69.52
69.52
69.52
69.53
69.53
69.52
69.52
69.52
69.52
69.52
69.52
69.52
69.53
69.53
69.53
69.53
69.54
69.55
69.56
69.55
69.55
69.54
69.54
69.54
69.56
69.57
69.57
69.58
69.58
69.59
69.57
69.58
69.59
69.59
69.59
69.58
69.59
69.59
69.60
69.60
69.62
69.60
69.59
69.60
69.61
69.62
69.62
69.61
69.60
69.61
69.61
69.62
69.63
69.63
69.64
69.63
69.63
69.63
69.61
69.62
69.62
69.62
69.61
69.61
69.60
69.61
69.62
69.62
69.63
69.62
69.61
69.61
69.61
69.62
69.63
69.64
69.63
69.63
69.64
69.65
69.65
69.63
69.63
69.63
69.65
69.67
69.66
69.65
69.67
69.67
69.67
69.67
69.68
69.67
69.68
69.68
69.68
69.69
69.68
69.67
69.68
69.68
69.68
69.67
69.68
69.68
69.68
69.68
69.68
69.69
69.69
69.70
69.71
69.72
69.72
69.72
69.73
69.73
69.72
69.72
69.74
69.74
69.74
69.74
69.75
69.75
69.74
69.74
69.74
69.73
69.73
69.73
69.71
69.70
69.70
69.70
69.70
69.69
69.69
69.68
69.67
69.67
69.68
69.69
69.70
69.72
69.73
69.73
69.73
69.72
69.72
69.72
69.72
69.72
69.73
69.74
69.73
69.72
69.72
69.73
69.75
69.75
69.69
