68.75
70.31
68.23
70.70
70.94
71.61
70.98
70.51
70.66
69.84
70.17
70.70
69.95
69.98
70.00
69.92
69.94
69.70
69.74
69.69
69.35
69.53
69.77
69.60
69.75
69.77
69.33
69.59
69.94
70.10
70.41
70.61
70.45
70.54
70.27
70.31
70.06
69.86
69.91
69.92
69.97
69.83
69.77
69.78
69.90
69.80
69.88
69.95
70.06
70.12
70.25
70.16
69.96
69.91
69.91
69.92
70.04
69.91
69.92
69.82
69.80
69.71
69.67
69.65
69.62
69.58
69.61
69.69
69.79
69.80
69.98
69.94
69.93
69.74
69.65
69.68
69.58
69.63
69.58
69.63
69.66
69.80
69.75
69.70
69.76
69.82
69.76
69.74
69.68
69.69
69.69
69.65
69.72
69.81
69.85
69.78
69.67
69.72
69.62
69.66
69.65
69.73
69.60
69.65
69.66
69.71
69.86
69.91
69.90
69.94
69.93
70.01
70.04
70.02
70.10
70.10
70.14
70.07
70.06
70.05
70.08
70.03
70.08
70.09
70.10
70.08
70.10
70.03
70.06
70.00
69.92
69.91
69.91
69.90
69.98
69.98
69.99
69.90
69.89
69.88
69.87
69.78
69.80
69.68
69.68
69.63
69.61
69.61
69.57
69.60
69.57
69.52
69.55
69.57
69.60
69.60
69.61
69.59
69.59
69.57
69.60
69.56
69.57
69.62
69.61
69.60
69.59
69.63
69.63
69.62
69.65
69.65
69.68
69.65
69.63
69.58
69.56
69.58
69.58
69.62
69.60
69.63
69.61
69.64
69.68
69.62
69.64
69.67
69.72
69.70
69.73
69.76
69.66
69.68
69.67
69.71
69.69
69.68
69.71
69.65
69.65
69.68
69.71
69.74
69.74
69.76
69.72
69.72
69.71
69.72
69.73
69.72
69.75
69.76
69.78
69.79
69.80
69.81
69.78
69.78
69.77
69.75
69.74
69.76
69.73
69.76
69.73
69.77
69.75
69.73
69.74
69.72
69.70
69.71
69.73
69.73
69.78
69.73
69.74
69.71
69.72
69.69
69.71
69.74
69.74
69.75
69.74
69.72
69.76
69.79
69.78
69.80
69.76
69.76
69.72
69.72
69.75
69.74
69.76
69.77
69.79
69.82
69.81
69.80
69.81
69.85
69.85
69.88
69.91
69.92
69.94
69.93
69.97
69.98
69.97
69.96
69.96
69.97
69.97
69.94
69.95
69.96
69.96
69.96
69.93
69.93
69.93
69.95
69.97
69.94
69.89
69.91
69.91
69.89
69.90
69.89
69.88
69.87
69.87
69.86
69.86
69.87
69.87
69.84
69.84
69.82
69.82
69.83
69.84
69.87
69.87
69.90
69.91
69.93
69.95
69.94
69.93
69.92
69.95
69.93
69.92
69.91
69.89
69.90
69.90
69.91
69.87
69.87
69.89
69.88
69.90
69.91
69.93
69.94
69.95
69.95
69.95
69.95
69.93
69.92
69.94
69.93
69.94
69.95
69.98
69.97
69.96
69.98
69.98
69.98
69.97
69.96
69.96
69.94
69.95
69.94
69.95
69.95
69.96
69.94
69.94
69.95
69.97
69.95
69.91
69.93
69.92
69.96
69.95
69.92
69.93
69.93
69.90
69.89
69.89
69.88
69.87
69.86
69.86
69.86
69.89
69.89
69.89
69.88
69.87
69.86
69.85
69.85
69.85
69.88
69.89
69.89
69.90
69.91
69.89
69.92
69.92
69.93
69.91
69.91
69.90
69.90
69.91
69.91
69.90
69.89
69.87
69.87
69.89
69.89
69.87
69.86
69.87
69.88
69.88
69.87
69.86
69.85
69.85
69.84
69.84
69.86
69.85
69.85
69.86
69.86
69.88
69.87
69.89
69.89
69.86
69.87
69.87
69.85
69.86
69.88
69.85
69.83
69.83
69.85
69.84
69.82
69.82
69.83
69.81
69.83
69.81
69.82
69.82
69.82
69.82
69.83
69.81
69.82
69.80
69.80
69.81
69.79
69.78
69.78
69.78
69.77
69.75
69.75
69.75
69.74
69.73
69.72
69.73
69.73
69.71
69.72
69.73
69.73
69.74
69.72
69.72
69.71
69.74
69.75
69.75
69.74
69.75
69.74
69.74
69.73
69.75
69.75
69.76
69.75
69.74
69.74
69.75
69.76
69.76
69.74
69.73
69.74
69.73
69.73
69.75
69.77
69.77
69.78
69.77
69.78
69.76
69.76
69.75
69.73
69.73
69.73
69.72
69.73
69.72
69.69
69.68
69.66
69.66
69.66
69.65
69.64
69.66
69.65
69.67
69.66
69.65
69.67
69.67
69.66
69.65
69.66
69.69
69.67
69.68
69.69
69.68
69.68
69.68
69.67
69.67
69.64
69.65
69.65
69.64
69.65
69.64
69.65
69.66
69.66
69.68
69.69
69.68
69.67
69.67
69.68
69.69
69.70
69.69
69.70
69.69
69.69
69.70
69.69
69.70
69.70
69.70
69.69
69.69
69.69
69.70
69.68
69.67
69.68
69.70
69.69
69.70
69.72
69.73
69.73
69.73
69.73
69.74
69.74
69.73
69.74
69.73
69.73
69.73
69.74
69.75
69.74
69.74
69.74
69.75
69.74
69.74
69.73
69.72
69.73
69.74
69.73
69.75
69.74
69.74
69.75
69.74
69.75
69.75
69.76
69.75
69.76
69.76
69.75
69.73
69.74
69.74
69.74
69.74
69.74
69.75
69.74
69.75
69.74
69.75
69.76
69.75
69.77
69.78
69.77
69.78
69.78
69.76
69.76
69.77
69.76
69.78
69.78
69.77
69.77
69.77
69.76
69.77
69.75
69.74
69.74
69.74
69.72
69.72
69.71
69.71
69.71
69.72
69.72
69.73
69.74
69.75
69.75
69.76
69.76
69.76
69.77
69.79
69.79
69.79
69.78
69.77
69.79
69.78
69.78
69.77
69.78
69.77
69.78
69.77
69.77
69.77
69.78
69.80
69.81
69.81
69.80
69.80
69.79
69.81
69.80
69.80
69.78
69.78
69.77
69.77
69.78
69.78
69.80
69.80
69.81
69.81
69.82
69.81
69.79
69.79
69.79
69.79
69.78
69.79
69.77
69.78
69.77
69.76
69.76
69.76
69.76
69.75
69.75
69.75
69.75
69.75
69.76
69.76
69.76
69.77
69.77
69.75
69.76
69.76
69.75
69.75
69.75
69.75
69.76
69.76
69.76
69.76
69.77
69.75
69.76
69.76
69.76
69.77
69.77
69.77
69.75
69.74
69.75
69.75
69.75
69.75
69.75
69.76
69.77
69.77
69.77
69.78
69.77
69.77
69.76
69.74
69.76
69.76
69.77
69.76
69.75
69.76
69.76
69.77
69.77
69.77
69.76
69.77
69.75
69.75
69.74
69.74
69.75
69.75
69.75
69.75
69.74
69.75
69.74
69.74
69.68
