71.88
72.66
73.96
70.70
71.56
71.88
71.43
71.48
71.88
72.03
72.44
73.05
72.24
71.76
71.04
70.80
70.77
70.66
70.81
70.70
70.54
70.31
70.04
69.92
70.00
69.83
69.91
69.75
69.83
69.69
69.61
69.29
69.13
69.07
69.33
69.57
69.34
69.53
69.39
69.53
69.78
69.83
69.99
69.92
69.83
69.77
69.78
69.79
69.71
69.66
69.73
69.80
69.87
69.65
69.80
69.81
69.79
69.75
69.81
69.74
69.75
69.81
69.77
69.68
69.71
69.82
69.82
69.94
70.00
70.09
70.05
69.94
69.95
69.95
69.96
70.00
69.99
69.95
69.88
69.80
69.81
69.68
69.65
69.68
69.56
69.57
69.47
69.44
69.47
69.36
69.33
69.29
69.25
69.22
69.28
69.25
69.25
69.23
69.18
69.14
69.23
69.22
69.24
69.20
69.21
69.22
69.23
69.20
69.18
69.11
69.06
69.04
69.04
69.12
69.12
69.09
69.11
69.23
69.28
69.28
69.34
69.43
69.47
69.47
69.45
69.46
69.49
69.48
69.53
69.51
69.50
69.53
69.58
69.65
69.56
69.55
69.54
69.57
69.56
69.54
69.65
69.66
69.65
69.68
69.72
69.67
69.71
69.71
69.67
69.69
69.70
69.76
69.76
69.77
69.86
69.87
69.88
69.94
69.89
69.95
69.90
69.89
69.90
69.86
69.88
69.88
69.83
69.82
69.90
69.88
69.82
69.84
69.86
69.86
69.84
69.82
69.83
69.83
69.83
69.89
69.89
69.87
69.83
69.81
69.79
69.79
69.83
69.86
69.83
69.87
69.91
69.88
69.90
69.90
69.88
69.88
69.90
69.91
69.99
70.02
70.02
70.03
70.08
70.11
70.11
70.13
70.18
70.12
70.15
70.20
70.16
70.17
70.13
70.11
70.12
70.12
70.14
70.13
70.16
70.16
70.21
70.26
70.23
70.20
70.20
70.23
70.22
70.24
70.28
70.28
70.25
70.25
70.27
70.28
70.26
70.25
70.23
70.21
70.15
70.16
70.15
70.13
70.14
70.13
70.13
70.14
70.18
70.16
70.16
70.16
70.11
70.11
70.13
70.13
70.13
70.09
70.05
70.09
70.11
70.12
70.11
70.14
70.15
70.16
70.17
70.20
70.18
70.19
70.18
70.19
70.19
70.18
70.14
70.10
70.11
70.07
70.02
70.01
69.97
69.98
70.00
70.01
70.01
70.04
70.05
70.09
70.07
70.06
70.02
69.98
69.98
69.98
70.01
70.00
69.97
69.96
69.95
69.93
69.93
69.96
69.98
69.96
69.96
69.95
69.92
69.91
69.92
69.90
69.92
69.90
69.91
69.93
69.93
69.92
69.90
69.88
69.88
69.87
69.85
69.87
69.88
69.88
69.85
69.84
69.84
69.85
69.84
69.84
69.84
69.83
69.84
69.87
69.90
69.89
69.90
69.91
69.94
69.93
69.93
69.94
69.92
69.93
69.97
69.95
69.95
69.96
69.92
69.89
69.89
69.88
69.91
69.89
69.89
69.91
69.89
69.90
69.88
69.91
69.89
69.88
69.88
69.88
69.88
69.89
69.92
69.92
69.91
69.92
69.91
69.93
69.94
69.93
69.94
69.94
69.93
69.92
69.92
69.94
69.96
69.95
69.98
69.97
69.99
69.97
69.95
69.95
69.96
69.93
69.93
69.94
69.94
69.94
69.93
69.92
69.94
69.93
69.93
69.93
69.92
69.89
69.90
69.90
69.91
69.91
69.92
69.91
69.90
69.88
69.88
69.90
69.87
69.88
69.87
69.87
69.89
69.86
69.84
69.84
69.84
69.85
69.86
69.86
69.86
69.87
69.88
69.88
69.87
69.87
69.88
69.88
69.87
69.88
69.88
69.88
69.89
69.89
69.89
69.89
69.87
69.89
69.91
69.93
69.91
69.90
69.89
69.88
69.88
69.87
69.86
69.88
69.86
69.83
69.83
69.82
69.83
69.83
69.83
69.83
69.83
69.81
69.83
69.83
69.83
69.83
69.85
69.87
69.87
69.88
69.87
69.88
69.89
69.87
69.88
69.87
69.86
69.86
69.85
69.85
69.86
69.87
69.85
69.87
69.86
69.88
69.89
69.89
69.89
69.90
69.89
69.89
69.89
69.87
69.86
69.86
69.86
69.87
69.85
69.84
69.84
69.86
69.86
69.87
69.87
69.89
69.88
69.87
69.86
69.87
69.89
69.87
69.85
69.85
69.86
69.84
69.83
69.82
69.83
69.83
69.84
69.84
69.83
69.80
69.80
69.81
69.82
69.82
69.80
69.80
69.79
69.79
69.79
69.79
69.77
69.78
69.79
69.79
69.81
69.82
69.81
69.80
69.79
69.79
69.78
69.78
69.78
69.79
69.79
69.80
69.79
69.77
69.78
69.79
69.78
69.79
69.80
69.80
69.79
69.78
69.77
69.78
69.77
69.78
69.77
69.78
69.77
69.78
69.77
69.78
69.79
69.78
69.75
69.74
69.74
69.71
69.70
69.69
69.70
69.69
69.68
69.68
69.67
69.67
69.67
69.68
69.68
69.67
69.69
69.69
69.71
69.70
69.69
69.68
69.67
69.66
69.66
69.67
69.67
69.68
69.69
69.71
69.72
69.72
69.73
69.74
69.73
69.71
69.72
69.71
69.71
69.72
69.72
69.72
69.71
69.71
69.71
69.72
69.72
69.72
69.71
69.70
69.70
69.71
69.72
69.72
69.70
69.70
69.70
69.71
69.69
69.71
69.71
69.71
69.71
69.70
69.70
69.70
69.70
69.70
69.70
69.70
69.71
69.71
69.72
69.72
69.73
69.72
69.71
69.73
69.74
69.73
69.72
69.71
69.70
69.70
69.71
69.71
69.71
69.72
69.73
69.74
69.75
69.76
69.75
69.75
69.74
69.73
69.73
69.75
69.76
69.76
69.76
69.76
69.76
69.76
69.77
69.77
69.78
69.78
69.76
69.75
69.75
69.75
69.75
69.75
69.75
69.75
69.75
69.74
69.75
69.74
69.74
69.74
69.73
69.72
69.73
69.73
69.72
69.72
69.73
69.73
69.72
69.72
69.73
69.72
69.73
69.72
69.72
69.73
69.74
69.75
69.74
69.74
69.73
69.74
69.75
69.76
69.75
69.74
69.73
69.74
69.74
69.75
69.74
69.74
69.75
69.76
69.76
69.76
69.77
69.77
69.77
69.77
69.77
69.77
69.77
69.77
69.77
69.77
69.77
69.78
69.77
69.78
69.77
69.77
69.79
69.78
69.77
69.77
69.77
69.78
69.76
69.77
69.76
69.77
69.78
69.77
69.76
69.77
69.76
69.74
69.74
69.72
69.72
69.73
69.73
69.74
69.74
69.74
69.75
69.74
69.75
69.75
69.76
69.76
69.75
69.75
69.76
69.76
69.77
69.77
69.77
69.69
