82.81
79.69
77.60
72.66
73.44
73.18
73.44
72.07
71.88
71.72
71.88
71.61
71.27
71.09
71.35
71.88
71.42
70.75
70.31
70.08
70.01
69.46
69.70
69.66
69.38
69.35
69.50
69.31
69.13
69.11
68.80
68.90
69.08
69.07
68.97
69.18
69.13
69.04
68.83
68.91
68.83
68.79
69.00
69.14
69.20
69.29
69.25
69.11
69.20
69.16
69.24
69.26
69.34
69.21
69.18
69.17
69.05
69.02
69.09
69.04
68.98
68.95
68.95
68.90
68.92
68.80
68.75
68.91
69.00
68.97
68.97
68.97
68.94
68.92
68.77
68.75
68.67
68.43
68.43
68.38
68.33
68.22
68.19
68.17
68.14
68.22
68.28
68.29
68.24
68.28
68.32
68.38
68.35
68.38
68.36
68.39
68.38
68.45
68.47
68.56
68.56
68.52
68.49
68.48
68.54
68.56
68.55
68.62
68.56
68.58
68.64
68.71
68.69
68.80
68.78
68.71
68.71
68.76
68.80
68.82
68.83
68.85
68.85
68.94
68.99
69.02
69.01
69.06
69.10
69.11
69.12
69.09
69.14
69.16
69.19
69.22
69.24
69.13
69.18
69.17
69.16
69.20
69.20
69.25
69.23
69.18
69.13
69.10
69.04
69.03
68.98
69.02
69.01
68.95
68.93
68.92
68.92
68.90
68.95
68.96
68.94
68.94
69.01
69.00
68.99
69.05
68.99
68.98
68.96
68.94
68.98
68.97
69.05
69.07
69.08
69.10
69.16
69.19
69.24
69.23
69.25
69.25
69.25
69.31
69.28
69.35
69.33
69.31
69.34
69.33
69.36
69.31
69.31
69.29
69.32
69.36
69.29
69.33
69.32
69.38
69.37
69.36
69.30
69.32
69.38
69.43
69.46
69.49
69.48
69.46
69.47
69.47
69.44
69.47
69.41
69.42
69.43
69.45
69.44
69.46
69.46
69.46
69.46
69.48
69.49
69.53
69.56
69.58
69.57
69.59
69.63
69.64
69.62
69.63
69.65
69.68
69.63
69.64
69.64
69.65
69.69
69.73
69.71
69.72
69.74
69.75
69.74
69.76
69.75
69.77
69.76
69.79
69.80
69.81
69.79
69.77
69.73
69.75
69.75
69.75
69.77
69.76
69.78
69.79
69.81
69.79
69.82
69.79
69.81
69.81
69.82
69.80
69.77
69.82
69.84
69.80
69.79
69.78
69.78
69.76
69.76
69.73
69.74
69.72
69.70
69.71
69.69
69.67
69.64
69.63
69.62
69.61
69.61
69.62
69.61
69.60
69.62
69.64
69.62
69.64
69.62
69.64
69.67
69.65
69.67
69.65
69.65
69.68
69.68
69.67
69.67
69.70
69.69
69.69
69.68
69.69
69.70
69.69
69.70
69.66
69.67
69.68
69.68
69.66
69.66
69.70
69.68
69.67
69.70
69.71
69.68
69.70
69.70
69.71
69.72
69.72
69.72
69.71
69.71
69.72
69.74
69.72
69.71
69.73
69.71
69.72
69.71
69.74
69.74
69.76
69.76
69.77
69.77
69.76
69.78
69.78
69.77
69.75
69.74
69.74
69.76
69.74
69.75
69.76
69.77
69.77
69.78
69.75
69.74
69.74
69.75
69.75
69.78
69.81
69.80
69.79
69.82
69.82
69.81
69.80
69.82
69.85
69.87
69.91
69.89
69.89
69.90
69.91
69.91
69.90
69.88
69.87
69.89
69.90
69.90
69.87
69.89
69.90
69.90
69.92
69.92
69.92
69.91
69.91
69.91
69.90
69.91
69.90
69.90
69.92
69.90
69.91
69.90
69.88
69.89
69.89
69.90
69.88
69.87
69.86
69.84
69.87
69.85
69.85
69.84
69.83
69.81
69.82
69.81
69.80
69.82
69.81
69.81
69.80
69.81
69.83
69.81
69.81
69.80
69.80
69.79
69.80
69.80
69.81
69.80
69.79
69.79
69.75
69.74
69.74
69.73
69.74
69.74
69.74
69.76
69.77
69.79
69.78
69.78
69.78
69.77
69.76
69.77
69.76
69.77
69.77
69.76
69.76
69.78
69.77
69.75
69.74
69.75
69.73
69.71
69.73
69.73
69.72
69.73
69.73
69.75
69.75
69.75
69.77
69.78
69.80
69.79
69.82
69.81
69.82
69.82
69.82
69.83
69.82
69.82
69.82
69.83
69.83
69.80
69.78
69.79
69.80
69.80
69.79
69.78
69.78
69.79
69.78
69.77
69.77
69.77
69.77
69.76
69.76
69.75
69.73
69.73
69.75
69.74
69.73
69.73
69.73
69.73
69.74
69.73
69.71
69.70
69.69
69.70
69.68
69.70
69.70
69.70
69.70
69.69
69.71
69.70
69.71
69.71
69.73
69.72
69.73
69.73
69.73
69.73
69.75
69.75
69.72
69.72
69.72
69.72
69.72
69.73
69.74
69.74
69.76
69.75
69.75
69.73
69.72
69.70
69.72
69.73
69.74
69.74
69.75
69.74
69.74
69.74
69.73
69.70
69.70
69.70
69.69
69.69
69.69
69.68
69.68
69.69
69.67
69.71
69.71
69.69
69.67
69.67
69.67
69.67
69.68
69.66
69.65
69.66
69.65
69.66
69.64
69.62
69.62
69.63
69.63
69.63
69.61
69.62
69.61
69.62
69.62
69.61
69.62
69.61
69.61
69.62
69.62
69.63
69.63
69.65
69.64
69.63
69.65
69.64
69.64
69.64
69.65
69.66
69.66
69.66
69.67
69.67
69.65
69.65
69.67
69.67
69.68
69.69
69.70
69.70
69.70
69.70
69.71
69.69
69.69
69.69
69.69
69.69
69.71
69.71
69.72
69.73
69.74
69.75
69.77
69.77
69.78
69.77
69.75
69.75
69.75
69.75
69.76
69.77
69.77
69.76
69.77
69.78
69.77
69.77
69.78
69.77
69.78
69.78
69.77
69.77
69.77
69.78
69.78
69.78
69.78
69.79
69.78
69.79
69.79
69.81
69.82
69.81
69.82
69.82
69.81
69.80
69.80
69.81
69.81
69.81
69.82
69.81
69.80
69.80
69.81
69.81
69.81
69.82
69.82
69.83
69.83
69.83
69.84
69.85
69.85
69.82
69.83
69.82
69.81
69.81
69.80
69.79
69.80
69.80
69.80
69.81
69.81
69.81
69.80
69.79
69.79
69.78
69.78
69.79
69.79
69.79
69.79
69.79
69.79
69.79
69.78
69.78
69.77
69.78
69.79
69.78
69.77
69.77
69.76
69.77
69.76
69.77
69.78
69.77
69.76
69.75
69.76
69.75
69.75
69.74
69.74
69.75
69.76
69.76
69.77
69.76
69.75
69.75
69.75
69.75
69.76
69.73
69.73
69.73
69.73
69.73
69.75
69.75
69.75
69.75
69.75
69.75
69.75
69.75
69.75
69.75
69.75
69.75
69.74
69.74
69.74
69.75
69.68
