65.62
62.50
67.19
66.80
66.25
68.49
68.53
69.14
69.27
68.75
69.18
69.27
69.71
69.98
69.58
69.53
69.49
69.97
70.15
70.39
70.46
70.17
70.45
70.31
70.50
70.55
70.20
70.09
69.94
69.84
69.86
69.63
69.55
69.49
69.42
69.49
69.55
69.61
69.63
69.57
69.59
69.57
69.77
69.92
69.93
69.90
69.95
69.95
70.06
70.16
70.04
70.19
70.14
70.23
70.20
70.31
70.31
70.20
70.37
70.49
70.34
70.29
70.31
70.26
70.14
70.15
70.17
70.24
70.31
70.25
70.31
70.29
70.36
70.31
70.38
70.35
70.35
70.21
70.25
70.35
70.39
70.31
70.27
70.31
70.42
70.44
70.46
70.38
70.45
70.45
70.54
70.52
70.61
70.63
70.59
70.48
70.44
70.50
70.47
70.39
70.44
70.47
70.37
70.27
70.22
70.18
70.25
70.25
70.26
70.18
70.20
70.20
70.23
70.26
70.22
70.20
70.13
70.13
70.15
70.20
70.16
70.18
70.22
70.22
70.25
70.25
70.31
70.26
70.22
70.23
70.28
70.27
70.24
70.24
70.21
70.21
70.16
70.18
70.21
70.25
70.29
70.29
70.26
70.26
70.27
70.31
70.28
70.27
70.27
70.25
70.31
70.38
70.40
70.40
70.38
70.34
70.36
70.41
70.46
70.51
70.51
70.48
70.47
70.46
70.43
70.41
70.42
70.34
70.28
70.32
70.33
70.35
70.41
70.48
70.52
70.49
70.44
70.49
70.50
70.53
70.53
70.48
70.43
70.45
70.40
70.39
70.41
70.42
70.41
70.39
70.44
70.39
70.36
70.31
70.30
70.30
70.30
70.33
70.35
70.34
70.34
70.41
70.41
70.42
70.46
70.42
70.37
70.37
70.37
70.38
70.34
70.39
70.40
70.35
70.32
70.29
70.26
70.31
70.31
70.28
70.26
70.30
70.34
70.34
70.33
70.33
70.32
70.33
70.38
70.37
70.37
70.36
70.33
70.33
70.38
70.41
70.42
70.44
70.40
70.40
70.33
70.33
70.27
70.25
70.27
70.24
70.23
70.27
70.24
70.29
70.26
70.27
70.28
70.28
70.28
70.28
70.33
70.34
70.33
70.37
70.37
70.39
70.39
70.40
70.41
70.42
70.41
70.38
70.39
70.40
70.40
70.38
70.39
70.41
70.43
70.41
70.45
70.44
70.41
70.36
70.38
70.37
70.38
70.38
70.37
70.39
70.41
70.40
70.42
70.41
70.43
70.44
70.45
70.48
70.47
70.47
70.47
70.46
70.46
70.45
70.44
70.43
70.46
70.50
70.49
70.49
70.50
70.50
70.51
70.51
70.51
70.53
70.53
70.50
70.50
70.51
70.49
70.52
70.54
70.54
70.55
70.56
70.54
70.52
70.49
70.46
70.46
70.46
70.42
70.42
70.42
70.40
70.41
70.38
70.36
70.36
70.36
70.37
70.36
70.35
70.36
70.36
70.36
70.37
70.36
70.38
70.37
70.38
70.37
70.34
70.32
70.33
70.34
70.35
70.37
70.34
70.37
70.35
70.35
70.35
70.36
70.33
70.36
70.34
70.33
70.30
70.27
70.30
70.26
70.26
70.26
70.28
70.27
70.28
70.30
70.33
70.33
70.32
70.34
70.34
70.32
70.34
70.35
70.35
70.35
70.33
70.30
70.28
70.29
70.29
70.30
70.30
70.28
70.30
70.29
70.30
70.30
70.28
70.27
70.27
70.24
70.24
70.26
70.26
70.27
70.24
70.26
70.24
70.26
70.25
70.24
70.23
70.23
70.24
70.25
70.24
70.26
70.26
70.27
70.28
70.26
70.26
70.26
70.26
70.25
70.25
70.24
70.23
70.21
70.21
70.21
70.21
70.22
70.21
70.20
70.18
70.16
70.17
70.16
70.15
70.18
70.17
70.17
70.15
70.16
70.15
70.16
70.14
70.15
70.16
70.14
70.13
70.12
70.12
70.13
70.13
70.13
70.15
70.16
70.15
70.12
70.11
70.08
70.07
70.09
70.09
70.11
70.11
70.11
70.12
70.12
70.11
70.11
70.11
70.13
70.14
70.14
70.13
70.13
70.11
70.10
70.09
70.09
70.10
70.08
70.06
70.06
70.06
70.08
70.08
70.09
70.09
70.11
70.11
70.11
70.11
70.10
70.09
70.10
70.07
70.07
70.05
70.05
70.04
70.04
70.05
70.04
70.02
70.01
70.01
70.02
70.00
69.99
70.01
69.99
69.99
70.01
69.99
69.99
70.00
70.00
70.01
70.02
70.02
70.04
70.03
70.02
70.02
70.02
70.01
70.02
70.02
70.04
70.05
70.06
70.07
70.05
70.05
70.05
70.06
70.07
70.05
70.05
70.06
70.04
70.03
70.02
70.04
70.03
70.03
70.03
70.03
70.04
70.04
70.04
70.03
70.02
70.03
70.03
70.03
70.03
70.02
70.02
70.01
70.00
70.00
70.01
70.00
69.99
69.96
69.98
70.00
70.00
70.00
70.01
70.01
70.00
69.99
69.99
69.99
70.00
69.98
69.97
69.98
69.98
69.99
69.99
69.99
69.98
69.98
69.99
69.98
69.97
69.96
69.96
69.96
69.97
69.96
69.96
69.96
69.94
69.92
69.91
69.91
69.92
69.92
69.91
69.89
69.89
69.88
69.87
69.88
69.87
69.87
69.88
69.88
69.89
69.89
69.88
69.89
69.89
69.89
69.88
69.89
69.90
69.89
69.88
69.89
69.89
69.89
69.90
69.89
69.91
69.89
69.89
69.89
69.89
69.89
69.88
69.88
69.88
69.87
69.87
69.87
69.87
69.87
69.86
69.85
69.84
69.84
69.84
69.83
69.83
69.82
69.82
69.83
69.82
69.83
69.82
69.83
69.82
69.83
69.83
69.82
69.82
69.81
69.81
69.82
69.82
69.83
69.82
69.82
69.82
69.81
69.83
69.84
69.83
69.84
69.83
69.83
69.82
69.82
69.82
69.83
69.84
69.85
69.85
69.85
69.85
69.85
69.84
69.84
69.83
69.82
69.82
69.82
69.82
69.83
69.83
69.83
69.82
69.83
69.84
69.83
69.83
69.84
69.83
69.84
69.84
69.84
69.83
69.83
69.83
69.83
69.84
69.84
69.85
69.84
69.84
69.83
69.83
69.84
69.84
69.83
69.83
69.84
69.86
69.86
69.85
69.85
69.85
69.85
69.85
69.84
69.84
69.83
69.83
69.82
69.82
69.81
69.81
69.80
69.81
69.80
69.78
69.79
69.79
69.80
69.80
69.81
69.80
69.80
69.81
69.80
69.80
69.78
69.78
69.76
69.76
69.75
69.74
69.73
69.74
69.74
69.73
69.74
69.74
69.74
69.73
69.73
69.74
69.74
69.74
69.74
69.73
69.73
69.74
69.74
69.74
69.73
69.74
69.67
