60.94
63.28
67.71
66.41
66.56
66.93
67.86
67.97
68.58
68.28
68.89
69.92
69.95
70.54
70.00
70.02
69.03
69.18
69.24
68.83
69.12
69.39
69.50
69.27
68.62
68.93
69.10
69.08
69.13
68.85
68.85
68.99
68.89
68.75
68.57
68.40
68.45
68.46
68.43
68.40
68.33
68.34
68.68
68.57
68.44
68.48
68.45
68.39
68.37
68.28
68.35
68.42
68.51
68.29
68.15
68.16
68.12
68.08
68.06
68.12
68.16
68.20
68.28
68.29
68.32
68.30
68.17
68.11
68.18
68.28
68.22
68.27
68.32
68.35
68.35
68.30
68.34
68.47
68.47
68.57
68.52
68.48
68.45
68.47
68.58
68.50
68.52
68.45
68.50
68.45
68.48
68.39
68.45
68.43
68.44
68.38
68.44
68.45
68.43
68.41
68.38
68.41
68.49
68.54
68.66
68.66
68.65
68.61
68.65
68.62
68.68
68.67
68.72
68.79
68.76
68.76
68.64
68.68
68.63
68.74
68.84
68.93
68.94
68.89
68.93
69.00
68.97
68.92
68.92
68.86
68.91
69.01
69.03
69.04
69.03
69.04
69.04
69.00
69.00
69.02
69.08
69.03
69.01
68.96
68.98
68.96
68.96
68.92
68.96
69.00
68.96
68.97
69.01
69.00
68.97
68.98
68.93
68.95
68.93
68.97
68.97
68.94
68.91
68.85
68.89
68.89
68.84
68.93
68.91
68.91
68.90
68.90
68.84
68.87
68.87
68.87
68.91
68.90
68.89
68.94
68.97
69.01
68.99
69.00
69.05
69.04
69.09
69.12
69.12
69.14
69.15
69.12
69.11
69.12
69.11
69.15
69.11
69.09
69.11
69.09
69.10
69.04
69.07
69.02
69.05
69.04
69.06
69.07
69.07
69.08
69.08
69.12
69.08
69.08
69.10
69.13
69.15
69.16
69.17
69.21
69.20
69.21
69.18
69.15
69.18
69.18
69.20
69.21
69.21
69.23
69.28
69.29
69.30
69.32
69.32
69.37
69.38
69.39
69.42
69.39
69.40
69.40
69.42
69.42
69.41
69.40
69.38
69.36
69.33
69.33
69.34
69.36
69.35
69.33
69.33
69.34
69.32
69.34
69.33
69.33
69.32
69.29
69.30
69.29
69.29
69.30
69.31
69.32
69.33
69.30
69.32
69.34
69.37
69.38
69.43
69.45
69.48
69.48
69.46
69.45
69.48
69.50
69.52
69.55
69.54
69.54
69.53
69.54
69.52
69.53
69.51
69.52
69.52
69.54
69.55
69.51
69.50
69.52
69.51
69.50
69.50
69.50
69.45
69.42
69.41
69.45
69.49
69.48
69.47
69.45
69.41
69.41
69.42
69.39
69.40
69.39
69.41
69.45
69.46
69.45
69.49
69.46
69.48
69.45
69.45
69.44
69.44
69.46
69.48
69.46
69.45
69.46
69.46
69.48
69.50
69.51
69.53
69.55
69.54
69.55
69.56
69.51
69.52
69.52
69.50
69.52
69.52
69.52
69.50
69.47
69.48
69.47
69.47
69.45
69.43
69.46
69.45
69.44
69.46
69.45
69.44
69.44
69.45
69.45
69.44
69.42
69.42
69.44
69.47
69.48
69.49
69.49
69.52
69.51
69.51
69.49
69.50
69.51
69.53
69.51
69.52
69.52
69.53
69.54
69.57
69.55
69.57
69.56
69.57
69.60
69.60
69.60
69.59
69.60
69.60
69.59
69.57
69.58
69.58
69.57
69.56
69.60
69.58
69.60
69.61
69.64
69.62
69.61
69.60
69.61
69.62
69.64
69.66
69.67
69.66
69.67
69.68
69.68
69.66
69.67
69.65
69.65
69.65
69.64
69.64
69.65
69.64
69.64
69.64
69.61
69.62
69.62
69.63
69.64
69.65
69.67
69.67
69.67
69.68
69.68
69.67
69.67
69.66
69.67
69.68
69.67
69.67
69.65
69.64
69.64
69.65
69.67
69.66
69.63
69.64
69.65
69.66
69.67
69.65
69.67
69.68
69.70
69.70
69.70
69.70
69.68
69.69
69.68
69.67
69.65
69.67
69.67
69.67
69.68
69.69
69.68
69.66
69.67
69.66
69.66
69.67
69.68
69.67
69.65
69.65
69.64
69.66
69.68
69.68
69.68
69.68
69.68
69.70
69.70
69.69
69.69
69.69
69.69
69.70
69.71
69.72
69.71
69.72
69.71
69.71
69.69
69.67
69.66
69.68
69.67
69.68
69.65
69.65
69.64
69.66
69.65
69.66
69.69
69.70
69.71
69.70
69.73
69.73
69.73
69.74
69.74
69.73
69.74
69.74
69.75
69.75
69.77
69.77
69.76
69.75
69.75
69.76
69.76
69.76
69.77
69.76
69.78
69.75
69.77
69.76
69.76
69.76
69.74
69.74
69.71
69.71
69.71
69.73
69.72
69.73
69.72
69.74
69.73
69.73
69.74
69.72
69.73
69.75
69.76
69.76
69.77
69.78
69.78
69.80
69.79
69.78
69.79
69.79
69.78
69.80
69.81
69.80
69.81
69.82
69.81
69.81
69.81
69.81
69.80
69.79
69.79
69.79
69.79
69.80
69.80
69.81
69.81
69.79
69.78
69.77
69.78
69.76
69.77
69.78
69.80
69.79
69.80
69.79
69.78
69.79
69.79
69.80
69.80
69.80
69.82
69.81
69.81
69.82
69.83
69.82
69.81
69.81
69.81
69.82
69.83
69.83
69.83
69.84
69.85
69.85
69.83
69.84
69.85
69.85
69.85
69.85
69.85
69.82
69.83
69.83
69.83
69.83
69.82
69.81
69.80
69.79
69.78
69.77
69.78
69.78
69.78
69.78
69.78
69.78
69.78
69.77
69.77
69.77
69.77
69.78
69.77
69.78
69.78
69.77
69.77
69.76
69.77
69.76
69.75
69.75
69.75
69.74
69.74
69.76
69.78
69.78
69.77
69.76
69.78
69.77
69.76
69.76
69.74
69.75
69.75
69.76
69.75
69.75
69.75
69.75
69.75
69.76
69.75
69.75
69.76
69.76
69.76
69.76
69.76
69.76
69.77
69.77
69.76
69.76
69.77
69.77
69.76
69.76
69.76
69.77
69.77
69.78
69.78
69.77
69.76
69.77
69.77
69.78
69.79
69.79
69.79
69.79
69.79
69.79
69.79
69.77
69.77
69.77
69.76
69.77
69.76
69.76
69.75
69.74
69.75
69.75
69.74
69.72
69.70
69.70
69.72
69.71
69.70
69.70
69.70
69.69
69.69
69.69
69.70
69.71
69.73
69.72
69.73
69.74
69.73
69.73
69.72
69.72
69.72
69.72
69.71
69.71
69.71
69.72
69.72
69.73
69.71
69.72
69.71
69.72
69.72
69.72
69.73
69.73
69.73
69.74
69.74
69.74
69.75
69.75
69.75
69.75
69.75
69.74
69.75
69.75
69.68
