60.94
67.97
69.27
71.48
72.81
71.88
71.88
72.46
72.74
72.97
72.87
72.40
72.60
71.88
71.98
71.97
72.70
72.40
71.79
71.41
71.13
71.09
70.99
71.16
71.00
71.33
70.95
71.26
70.91
70.83
70.82
71.19
71.12
70.96
70.67
70.83
70.48
70.27
70.19
70.27
70.05
69.98
69.91
69.82
69.69
69.60
69.75
69.60
69.58
69.25
69.21
69.05
68.99
68.69
68.84
68.75
68.61
68.53
68.56
68.52
68.70
68.67
68.70
68.73
68.77
68.80
68.68
68.77
68.82
68.88
68.84
68.86
68.96
68.96
68.98
68.87
68.83
68.87
68.97
68.98
68.98
68.92
68.98
68.95
68.99
68.90
68.86
68.84
68.80
68.75
68.85
68.87
68.90
68.82
68.85
68.82
68.93
68.81
68.81
68.83
68.92
68.93
68.90
68.89
68.88
68.88
68.95
69.01
69.04
69.09
69.03
69.08
69.16
69.24
69.31
69.29
69.39
69.41
69.41
69.49
69.54
69.56
69.56
69.58
69.57
69.52
69.54
69.53
69.48
69.51
69.48
69.46
69.37
69.36
69.38
69.38
69.38
69.37
69.44
69.44
69.41
69.41
69.45
69.47
69.45
69.40
69.40
69.39
69.45
69.47
69.50
69.49
69.46
69.50
69.49
69.52
69.50
69.50
69.53
69.45
69.48
69.48
69.46
69.46
69.40
69.41
69.40
69.40
69.35
69.30
69.30
69.31
69.27
69.25
69.29
69.28
69.29
69.32
69.37
69.35
69.38
69.35
69.36
69.35
69.37
69.36
69.35
69.34
69.32
69.28
69.30
69.25
69.24
69.23
69.27
69.30
69.30
69.32
69.35
69.31
69.31
69.31
69.32
69.33
69.37
69.43
69.41
69.44
69.44
69.44
69.42
69.43
69.46
69.44
69.47
69.48
69.49
69.44
69.46
69.46
69.48
69.46
69.47
69.48
69.47
69.50
69.46
69.45
69.45
69.47
69.45
69.44
69.44
69.40
69.42
69.43
69.42
69.41
69.40
69.42
69.44
69.43
69.44
69.39
69.39
69.39
69.32
69.32
69.32
69.30
69.30
69.34
69.36
69.38
69.41
69.45
69.41
69.42
69.41
69.39
69.40
69.42
69.39
69.42
69.43
69.43
69.43
69.43
69.36
69.34
69.35
69.35
69.35
69.36
69.39
69.42
69.42
69.45
69.46
69.47
69.50
69.52
69.55
69.57
69.58
69.57
69.57
69.57
69.63
69.63
69.65
69.66
69.64
69.62
69.61
69.60
69.60
69.62
69.64
69.63
69.63
69.64
69.63
69.65
69.64
69.69
69.70
69.70
69.70
69.72
69.71
69.72
69.69
69.69
69.69
69.72
69.70
69.68
69.70
69.71
69.70
69.70
69.70
69.70
69.68
69.67
69.64
69.64
69.62
69.63
69.63
69.61
69.60
69.61
69.64
69.62
69.61
69.59
69.58
69.56
69.57
69.57
69.57
69.56
69.54
69.55
69.57
69.59
69.61
69.60
69.64
69.64
69.63
69.65
69.62
69.63
69.62
69.64
69.61
69.60
69.59
69.60
69.57
69.58
69.56
69.57
69.52
69.53
69.52
69.54
69.55
69.57
69.57
69.58
69.60
69.59
69.60
69.62
69.63
69.63
69.59
69.58
69.57
69.57
69.59
69.58
69.55
69.56
69.55
69.56
69.58
69.59
69.57
69.55
69.56
69.55
69.57
69.59
69.58
69.59
69.62
69.62
69.63
69.61
69.62
69.60
69.60
69.60
69.61
69.62
69.60
69.59
69.56
69.58
69.57
69.57
69.57
69.57
69.59
69.58
69.58
69.60
69.60
69.57
69.56
69.58
69.59
69.60
69.60
69.60
69.59
69.61
69.61
69.62
69.63
69.64
69.65
69.65
69.68
69.66
69.65
69.63
69.62
69.63
69.63
69.65
69.64
69.63
69.61
69.62
69.61
69.60
69.59
69.60
69.62
69.63
69.65
69.68
69.69
69.69
69.68
69.68
69.68
69.68
69.67
69.67
69.67
69.66
69.65
69.63
69.63
69.62
69.62
69.65
69.64
69.65
69.65
69.66
69.66
69.65
69.65
69.65
69.63
69.65
69.67
69.67
69.66
69.67
69.66
69.66
69.67
69.67
69.68
69.67
69.65
69.64
69.64
69.65
69.64
69.64
69.64
69.63
69.62
69.65
69.66
69.65
69.65
69.65
69.67
69.66
69.66
69.68
69.70
69.70
69.68
69.71
69.70
69.72
69.72
69.71
69.73
69.73
69.74
69.74
69.75
69.72
69.71
69.73
69.73
69.73
69.75
69.73
69.73
69.72
69.71
69.70
69.68
69.68
69.67
69.66
69.67
69.69
69.70
69.68
69.68
69.68
69.69
69.70
69.70
69.70
69.71
69.70
69.70
69.71
69.73
69.73
69.73
69.74
69.73
69.73
69.71
69.71
69.71
69.70
69.70
69.71
69.72
69.71
69.71
69.72
69.72
69.72
69.72
69.72
69.71
69.71
69.72
69.71
69.73
69.73
69.75
69.73
69.74
69.74
69.72
69.71
69.71
69.71
69.70
69.70
69.69
69.68
69.68
69.69
69.70
69.68
69.69
69.71
69.71
69.70
69.70
69.70
69.70
69.71
69.71
69.71
69.72
69.72
69.70
69.68
69.70
69.69
69.69
69.70
69.70
69.71
69.70
69.71
69.73
69.73
69.73
69.73
69.73
69.74
69.75
69.72
69.72
69.72
69.73
69.73
69.73
69.75
69.73
69.75
69.75
69.73
69.72
69.72
69.71
69.72
69.72
69.71
69.72
69.72
69.73
69.72
69.72
69.74
69.74
69.73
69.74
69.74
69.75
69.75
69.74
69.74
69.73
69.73
69.72
69.74
69.74
69.74
69.74
69.74
69.75
69.74
69.76
69.74
69.73
69.74
69.74
69.73
69.74
69.74
69.74
69.75
69.72
69.73
69.73
69.73
69.74
69.75
69.75
69.74
69.76
69.76
69.78
69.78
69.78
69.79
69.78
69.79
69.78
69.78
69.78
69.78
69.78
69.76
69.77
69.77
69.77
69.77
69.76
69.77
69.77
69.77
69.78
69.78
69.78
69.78
69.78
69.79
69.79
69.78
69.79
69.79
69.79
69.78
69.77
69.76
69.76
69.76
69.77
69.76
69.76
69.76
69.76
69.77
69.78
69.78
69.77
69.79
69.80
69.80
69.79
69.78
69.78
69.77
69.77
69.76
69.78
69.78
69.77
69.77
69.77
69.77
69.78
69.79
69.79
69.79
69.78
69.78
69.79
69.78
69.78
69.78
69.77
69.76
69.76
69.76
69.76
69.76
69.76
69.77
69.76
69.75
69.74
69.74
69.74
69.74
69.74
69.74
69.75
69.75
69.75
69.74
69.73
69.74
69.74
69.75
69.77
69.71
