71.88
71.09
71.88
74.61
74.69
72.92
71.43
70.70
72.22
71.25
71.45
71.22
70.55
70.20
70.00
69.92
69.30
69.10
69.24
69.30
69.57
69.25
69.09
69.47
69.50
69.65
69.33
69.48
69.94
70.00
70.01
69.87
70.12
70.08
70.22
70.18
70.23
70.19
70.15
70.04
70.01
69.94
70.06
69.99
70.00
70.11
69.95
69.99
69.96
70.03
69.94
69.92
69.96
70.11
70.00
70.01
69.76
69.59
69.49
69.53
69.47
69.51
69.39
69.36
69.30
69.25
69.33
69.35
69.47
69.46
69.32
69.23
69.18
69.21
69.31
69.45
69.50
69.43
69.36
69.18
69.14
69.04
68.98
68.99
69.03
69.15
69.23
69.21
69.22
69.18
69.21
69.26
69.27
69.28
69.34
69.29
69.28
69.23
69.29
69.36
69.34
69.41
69.45
69.47
69.48
69.41
69.42
69.34
69.34
69.28
69.43
69.41
69.44
69.48
69.47
69.45
69.43
69.44
69.43
69.56
69.55
69.48
69.46
69.48
69.51
69.53
69.44
69.46
69.49
69.53
69.53
69.55
69.58
69.54
69.55
69.60
69.57
69.62
69.67
69.71
69.70
69.69
69.78
69.76
69.80
69.82
69.75
69.71
69.69
69.64
69.64
69.62
69.62
69.63
69.63
69.68
69.72
69.73
69.75
69.79
69.80
69.84
69.73
69.72
69.73
69.75
69.73
69.75
69.79
69.75
69.74
69.71
69.70
69.68
69.71
69.75
69.75
69.75
69.77
69.75
69.73
69.76
69.77
69.79
69.79
69.80
69.74
69.81
69.84
69.87
69.91
69.92
69.92
69.89
69.95
69.89
69.85
69.85
69.85
69.84
69.78
69.80
69.74
69.72
69.72
69.71
69.75
69.73
69.68
69.67
69.66
69.63
69.63
69.60
69.58
69.57
69.59
69.56
69.53
69.55
69.53
69.54
69.53
69.57
69.56
69.50
69.49
69.49
69.47
69.49
69.45
69.48
69.45
69.46
69.48
69.51
69.48
69.49
69.50
69.53
69.51
69.52
69.52
69.52
69.52
69.47
69.49
69.51
69.49
69.49
69.53
69.48
69.48
69.49
69.50
69.53
69.55
69.54
69.50
69.54
69.57
69.59
69.61
69.63
69.65
69.61
69.61
69.60
69.60
69.61
69.63
69.62
69.64
69.65
69.62
69.64
69.66
69.71
69.70
69.66
69.66
69.63
69.62
69.60
69.56
69.59
69.57
69.55
69.55
69.56
69.58
69.52
69.57
69.58
69.62
69.61
69.63
69.62
69.62
69.65
69.63
69.62
69.63
69.63
69.64
69.63
69.63
69.58
69.60
69.61
69.63
69.64
69.65
69.69
69.70
69.69
69.69
69.71
69.70
69.71
69.67
69.66
69.64
69.65
69.65
69.67
69.68
69.68
69.66
69.66
69.68
69.71
69.70
69.73
69.73
69.72
69.71
69.71
69.71
69.72
69.73
69.74
69.74
69.75
69.72
69.74
69.71
69.71
69.71
69.71
69.71
69.70
69.69
69.70
69.72
69.71
69.70
69.71
69.73
69.72
69.70
69.71
69.72
69.72
69.70
69.69
69.69
69.71
69.72
69.69
69.68
69.68
69.65
69.65
69.67
69.68
69.69
69.72
69.75
69.74
69.74
69.73
69.74
69.76
69.76
69.77
69.78
69.75
69.75
69.75
69.75
69.74
69.75
69.75
69.75
69.75
69.72
69.72
69.73
69.76
69.72
69.72
69.72
69.71
69.71
69.70
69.71
69.70
69.70
69.71
69.72
69.72
69.70
69.70
69.71
69.73
69.74
69.75
69.74
69.74
69.73
69.75
69.74
69.73
69.74
69.73
69.72
69.75
69.77
69.77
69.77
69.77
69.78
69.78
69.76
69.77
69.76
69.77
69.78
69.79
69.79
69.80
69.79
69.81
69.79
69.79
69.78
69.75
69.76
69.72
69.72
69.71
69.71
69.71
69.70
69.70
69.71
69.70
69.71
69.71
69.72
69.73
69.75
69.75
69.77
69.77
69.75
69.75
69.78
69.77
69.77
69.76
69.79
69.81
69.82
69.83
69.83
69.82
69.83
69.82
69.80
69.80
69.79
69.80
69.81
69.81
69.80
69.80
69.79
69.76
69.75
69.75
69.77
69.77
69.79
69.81
69.82
69.84
69.85
69.83
69.82
69.82
69.82
69.81
69.82
69.83
69.84
69.85
69.85
69.85
69.85
69.85
69.85
69.84
69.85
69.84
69.82
69.83
69.81
69.79
69.81
69.81
69.81
69.81
69.81
69.81
69.83
69.82
69.83
69.82
69.81
69.80
69.80
69.79
69.79
69.79
69.78
69.77
69.77
69.76
69.76
69.75
69.73
69.73
69.73
69.74
69.73
69.73
69.72
69.73
69.73
69.75
69.75
69.74
69.74
69.75
69.74
69.73
69.75
69.76
69.76
69.76
69.75
69.77
69.76
69.76
69.78
69.78
69.73
69.71
69.71
69.70
69.70
69.69
69.68
69.70
69.70
69.70
69.70
69.70
69.68
69.69
69.69
69.68
69.67
69.68
69.69
69.69
69.69
69.71
69.71
69.73
69.74
69.75
69.74
69.75
69.74
69.75
69.73
69.75
69.74
69.75
69.75
69.75
69.75
69.75
69.74
69.73
69.73
69.73
69.73
69.74
69.73
69.75
69.75
69.74
69.75
69.76
69.76
69.79
69.80
69.78
69.78
69.78
69.78
69.78
69.78
69.77
69.76
69.76
69.77
69.77
69.77
69.76
69.77
69.77
69.77
69.77
69.76
69.76
69.76
69.75
69.76
69.77
69.78
69.78
69.76
69.76
69.76
69.76
69.77
69.77
69.79
69.80
69.80
69.80
69.81
69.81
69.80
69.80
69.80
69.80
69.81
69.82
69.80
69.80
69.78
69.79
69.78
69.77
69.77
69.77
69.77
69.77
69.76
69.76
69.76
69.75
69.75
69.75
69.75
69.75
69.76
69.76
69.77
69.77
69.76
69.75
69.76
69.76
69.77
69.78
69.78
69.78
69.79
69.81
69.81
69.82
69.81
69.81
69.82
69.81
69.81
69.80
69.81
69.82
69.82
69.81
69.81
69.81
69.80
69.81
69.79
69.80
69.81
69.80
69.82
69.82
69.82
69.81
69.81
69.81
69.82
69.83
69.82
69.80
69.81
69.80
69.80
69.80
69.80
69.80
69.79
69.79
69.79
69.80
69.80
69.80
69.81
69.80
69.80
69.79
69.81
69.81
69.81
69.81
69.80
69.78
69.78
69.78
69.78
69.78
69.76
69.77
69.77
69.76
69.77
69.77
69.77
69.77
69.76
69.75
69.75
69.75
69.74
69.74
69.74
69.73
69.73
69.73
69.74
69.73
69.73
69.74
69.75
69.75
69.75
69.76
69.77
69.76
69.76
69.70
