51.56
57.03
57.81
60.55
62.81
62.76
60.27
60.55
59.90
59.84
59.38
59.24
58.77
58.37
58.02
57.91
58.00
58.07
58.22
58.67
58.56
58.66
58.49
58.79
58.94
59.25
59.09
59.26
59.32
59.53
59.32
59.47
59.66
59.74
60.00
60.29
59.92
60.07
60.22
60.27
60.21
60.45
60.47
60.37
60.49
60.56
60.47
60.42
60.52
60.28
60.26
60.37
60.52
60.47
60.57
60.41
60.20
60.45
60.41
60.29
60.37
60.31
60.37
60.21
60.19
60.30
60.35
60.29
60.39
60.42
60.37
60.37
60.25
60.24
60.29
60.20
60.11
60.20
60.15
60.10
60.17
60.16
60.07
60.06
60.07
60.01
60.08
60.12
60.18
60.26
60.23
60.28
60.42
60.49
60.44
60.50
60.52
60.52
60.57
60.66
60.67
60.72
60.69
60.64
60.60
60.60
60.56
60.58
60.54
60.54
60.47
60.53
60.61
60.59
60.62
60.60
60.58
60.66
60.66
60.64
60.68
60.75
60.71
60.64
60.69
60.78
60.69
60.67
60.66
60.66
60.65
60.62
60.60
60.60
60.64
60.59
60.58
60.64
60.58
60.52
60.53
60.50
60.53
60.58
60.58
60.64
60.60
60.53
60.59
60.59
60.58
60.61
60.65
60.64
60.65
60.59
60.57
60.55
60.50
60.51
60.48
60.43
60.40
60.39
60.44
60.39
60.33
60.36
60.38
60.40
60.40
60.37
60.39
60.39
60.37
60.41
60.43
60.45
60.47
60.51
60.53
60.55
60.62
60.58
60.55
60.58
60.58
60.59
60.56
60.51
60.57
60.62
60.58
60.59
60.62
60.64
60.68
60.69
60.74
60.75
60.76
60.78
60.78
60.81
60.80
60.81
60.85
60.85
60.91
60.92
60.90
60.91
60.89
60.94
60.93
60.92
60.91
60.89
60.91
60.93
60.92
60.92
60.93
60.93
60.94
60.95
60.93
60.92
60.92
60.94
60.91
60.98
60.95
60.98
60.94
60.92
60.88
60.88
60.85
60.83
60.81
60.84
60.86
60.84
60.77
60.79
60.80
60.78
60.79
60.77
60.78
60.77
60.76
60.77
60.77
60.78
60.77
60.76
60.77
60.79
60.79
60.79
60.81
60.83
60.81
60.77
60.77
60.79
60.79
60.77
60.76
60.75
60.78
60.78
60.77
60.75
60.79
60.75
60.76
60.77
60.75
60.75
60.73
60.74
60.71
60.70
60.74
60.75
60.72
60.74
60.75
60.77
60.79
60.80
60.81
60.82
60.83
60.83
60.90
60.92
60.94
60.97
60.95
60.96
60.94
60.95
60.95
60.91
60.93
60.95
60.95
60.91
60.88
60.85
60.84
60.85
60.87
60.86
60.84
60.84
60.86
60.87
60.87
60.89
60.90
60.91
60.92
60.94
60.98
60.98
60.98
60.98
60.99
60.97
61.00
61.00
61.00
60.99
61.02
61.05
61.01
61.02
61.00
61.01
61.00
60.98
60.99
60.99
61.02
61.00
61.02
61.00
61.01
61.00
60.99
60.96
60.96
60.92
60.95
60.94
60.95
60.98
60.98
60.96
60.92
60.91
60.91
60.88
60.88
60.87
60.88
60.89
60.90
60.89
60.91
60.90
60.90
60.91
60.93
60.91
60.91
60.90
60.92
60.94
60.92
60.92
60.92
60.93
60.95
60.96
60.99
60.99
60.99
60.98
60.95
60.95
60.95
60.96
61.00
61.02
61.00
61.00
61.00
60.99
60.98
60.98
60.99
60.97
60.98
60.98
60.98
60.98
60.98
60.97
60.95
60.95
60.95
60.96
60.95
60.93
60.93
60.92
60.91
60.93
60.94
60.97
60.98
61.00
60.98
60.98
60.98
60.98
60.98
60.97
60.97
60.96
60.96
60.96
60.95
60.96
60.94
60.93
60.92
60.94
60.94
60.93
60.91
60.91
60.92
60.90
60.90
60.91
60.92
60.92
60.92
60.88
60.87
60.85
60.83
60.81
60.79
60.78
60.81
60.82
60.84
60.87
60.88
60.89
60.87
60.85
60.87
60.88
60.88
60.90
60.90
60.88
60.87
60.88
60.89
60.88
60.90
60.91
60.89
60.88
60.87
60.85
60.88
60.89
60.90
60.90
60.91
60.92
60.92
60.93
60.93
60.93
60.94
60.96
60.94
60.94
60.95
60.96
60.97
60.98
60.98
60.97
60.93
60.93
60.93
60.93
60.93
60.94
60.95
60.94
60.94
60.93
60.94
60.94
60.95
60.96
60.94
60.91
60.90
60.90
60.91
60.91
60.90
60.90
60.92
60.91
60.91
60.92
60.90
60.89
60.88
60.88
60.87
60.87
60.88
60.89
60.88
60.86
60.85
60.83
60.84
60.85
60.82
60.81
60.84
60.84
60.84
60.85
60.85
60.87
60.86
60.87
60.87
60.89
60.87
60.88
60.89
60.90
60.92
60.92
60.91
60.91
60.92
60.92
60.91
60.91
60.89
60.90
60.92
60.93
60.93
60.94
60.93
60.92
60.94
60.93
60.93
60.94
60.95
60.95
60.96
60.95
60.94
60.93
60.94
60.93
60.91
60.91
60.91
60.91
60.93
60.93
60.94
60.93
60.93
60.93
60.92
60.92
60.92
60.92
60.92
60.93
60.94
60.93
60.93
60.93
60.94
60.92
60.92
60.93
60.91
60.92
60.92
60.92
60.90
60.90
60.90
60.90
60.90
60.88
60.90
60.90
60.90
60.91
60.91
60.92
60.91
60.91
60.91
60.92
60.92
60.91
60.90
60.91
60.90
60.89
60.89
60.89
60.89
60.88
60.90
60.89
60.89
60.88
60.89
60.89
60.87
60.87
60.87
60.86
60.87
60.85
60.84
60.83
60.85
60.85
60.85
60.85
60.85
60.85
60.85
60.85
60.86
60.85
60.86
60.85
60.85
60.84
60.83
60.83
60.82
60.82
60.83
60.84
60.84
60.82
60.80
60.80
60.81
60.83
60.84
60.85
60.86
60.86
60.87
60.88
60.87
60.87
60.86
60.85
60.86
60.84
60.84
60.83
60.83
60.83
60.81
60.83
60.81
60.81
60.80
60.80
60.80
60.82
60.81
60.81
60.81
60.81
60.80
60.80
60.80
60.80
60.79
60.80
60.79
60.79
60.79
60.79
60.78
60.79
60.79
60.80
60.80
60.80
60.78
60.79
60.80
60.79
60.79
60.78
60.76
60.76
60.76
60.76
60.75
60.76
60.75
60.74
60.76
60.77
60.78
60.78
60.78
60.78
60.78
60.79
60.79
60.78
60.79
60.79
60.79
60.78
60.78
60.79
60.79
60.79
60.80
60.81
60.80
60.80
60.80
60.79
60.81
60.81
60.81
60.81
60.82
60.82
60.82
60.82
60.81
60.82
60.81
60.83
60.83
60.85
60.85
60.79
