50.00
47.66
54.17
54.69
54.69
54.43
53.79
53.52
53.82
52.50
52.27
51.95
51.56
51.90
52.08
52.54
52.02
51.91
52.55
52.73
52.46
52.70
52.31
52.41
52.25
51.98
51.97
51.79
51.94
52.19
52.17
51.86
51.94
51.88
51.74
51.91
51.77
51.69
51.64
51.45
51.37
51.64
51.64
51.67
51.67
51.73
51.76
51.76
51.85
51.88
51.84
51.89
51.95
51.88
51.76
51.45
51.51
51.43
51.51
51.43
51.56
51.46
51.59
51.56
51.47
51.44
51.54
51.54
51.54
51.58
51.50
51.45
51.43
51.50
51.40
51.34
51.34
51.42
51.54
51.43
51.43
51.31
51.30
51.34
51.27
51.38
51.47
51.53
51.42
51.55
51.56
51.56
51.60
51.48
51.45
51.46
51.39
51.50
51.48
51.36
51.39
51.46
51.38
51.40
51.41
51.49
51.52
51.59
51.58
51.53
51.55
51.59
51.60
51.60
51.62
51.71
51.63
51.51
51.55
51.63
51.65
51.64
51.61
51.59
51.59
51.57
51.51
51.44
51.42
51.36
51.38
51.44
51.45
51.47
51.52
51.49
51.49
51.46
51.45
51.44
51.46
51.52
51.46
51.49
51.50
51.57
51.64
51.62
51.61
51.71
51.77
51.80
51.77
51.82
51.82
51.80
51.79
51.74
51.86
51.91
51.96
52.00
51.97
51.97
51.88
51.94
51.96
51.94
51.95
51.99
51.97
51.98
52.01
52.01
51.97
51.97
51.98
51.98
51.97
52.01
51.99
51.97
51.94
51.99
51.99
51.97
51.96
51.96
51.93
51.92
51.93
51.91
51.90
51.92
51.90
51.91
51.92
51.94
51.93
51.91
51.93
51.87
51.87
51.82
51.78
51.77
51.84
51.81
51.79
51.82
51.80
51.78
51.82
51.85
51.82
51.88
51.86
51.85
51.91
51.95
51.96
51.95
51.93
51.99
52.02
51.98
52.00
52.00
52.01
52.00
52.00
52.01
52.02
52.04
52.07
52.09
52.09
52.05
52.04
52.08
52.07
52.09
52.13
52.16
52.15
52.15
52.14
52.14
52.18
52.19
52.20
52.21
52.21
52.20
52.20
52.19
52.19
52.14
52.14
52.14
52.16
52.16
52.13
52.11
52.16
52.15
52.17
52.17
52.11
52.06
52.05
52.05
52.04
52.08
52.06
52.07
52.06
52.05
52.04
52.06
52.06
52.06
52.10
52.05
52.03
52.02
52.02
52.05
52.04
52.03
52.05
52.05
52.05
52.04
52.01
52.00
52.00
51.96
51.93
51.95
51.97
51.92
51.91
51.90
51.90
51.88
51.89
51.87
51.89
51.85
51.86
51.88
51.85
51.88
51.86
51.84
51.84
51.87
51.85
51.85
51.83
51.82
51.81
51.82
51.78
51.79
51.77
51.76
51.79
51.79
51.80
51.82
51.83
51.84
51.86
51.85
51.82
51.84
51.83
51.82
51.84
51.85
51.88
51.85
51.85
51.84
51.85
51.86
51.87
51.83
51.86
51.90
51.87
51.87
51.85
51.86
51.86
51.87
51.88
51.90
51.90
51.90
51.88
51.88
51.88
51.86
51.86
51.84
51.83
51.84
51.82
51.82
51.81
51.80
51.77
51.77
51.76
51.73
51.75
51.72
51.71
51.71
51.70
51.70
51.70
51.70
51.72
51.70
51.71
51.72
51.73
51.75
51.73
51.72
51.72
51.72
51.72
51.73
51.75
51.75
51.76
51.75
51.77
51.78
51.76
51.77
51.78
51.76
51.77
51.77
51.78
51.76
51.77
51.77
51.76
51.72
51.73
51.73
51.72
51.72
51.70
51.71
51.72
51.70
51.71
51.72
51.73
51.75
51.78
51.77
51.78
51.79
51.78
51.80
51.80
51.80
51.83
51.82
51.81
51.81
51.76
51.75
51.76
51.76
51.79
51.79
51.81
51.83
51.83
51.85
51.86
51.87
51.87
51.86
51.88
51.87
51.88
51.88
51.86
51.83
51.84
51.86
51.87
51.88
51.88
51.91
51.91
51.92
51.92
51.92
51.93
51.93
51.95
51.96
51.96
51.95
51.95
51.95
51.93
51.93
51.92
51.92
51.93
51.92
51.93
51.92
51.92
51.90
51.88
51.88
51.88
51.89
51.89
51.89
51.87
51.87
51.88
51.89
51.90
51.90
51.88
51.89
51.89
51.89
51.90
51.89
51.92
51.93
51.92
51.91
51.88
51.89
51.89
51.86
51.86
51.87
51.85
51.82
51.82
51.82
51.82
51.83
51.85
51.84
51.87
51.87
51.87
51.88
51.87
51.85
51.85
51.86
51.85
51.86
51.88
51.87
51.88
51.88
51.90
51.91
51.91
51.91
51.90
51.90
51.91
51.90
51.91
51.90
51.91
51.91
51.91
51.91
51.93
51.92
51.93
51.93
51.95
51.94
51.95
51.94
51.96
51.97
51.98
51.96
51.97
51.95
51.97
51.97
51.98
51.98
51.98
51.99
51.99
51.98
51.98
51.97
51.98
51.98
51.98
51.97
51.99
51.99
52.00
52.01
52.02
52.02
52.03
52.03
52.03
52.01
52.02
52.00
52.01
52.00
51.99
51.99
51.98
51.96
51.99
52.00
52.01
52.02
52.02
52.02
52.02
52.03
52.03
52.03
52.02
52.02
52.00
52.01
52.02
52.02
52.03
52.00
52.01
52.01
51.99
51.99
52.01
52.01
52.01
52.01
52.00
51.99
52.00
52.02
52.00
52.02
52.02
52.01
52.02
52.02
52.02
52.01
52.00
52.00
52.00
52.01
52.02
52.03
52.01
51.99
52.01
52.02
52.00
52.02
52.03
52.03
52.03
52.02
52.00
52.00
52.00
52.00
51.98
51.97
51.97
51.95
51.95
51.94
51.94
51.93
51.94
51.94
51.93
51.92
51.91
51.90
51.90
51.92
51.90
51.90
51.89
51.90
51.91
51.92
51.93
51.93
51.92
51.94
51.92
51.90
51.91
51.91
51.90
51.90
51.91
51.89
51.89
51.89
51.88
51.88
51.87
51.87
51.87
51.86
51.86
51.86
51.87
51.87
51.87
51.86
51.86
51.87
51.87
51.88
51.88
51.87
51.89
51.89
51.88
51.88
51.89
51.88
51.88
51.90
51.89
51.89
51.91
51.91
51.89
51.88
51.90
51.91
51.92
51.91
51.93
51.93
51.92
51.92
51.92
51.93
51.93
51.93
51.93
51.93
51.92
51.92
51.92
51.92
51.92
51.91
51.92
51.92
51.91
51.91
51.90
51.91
51.92
51.93
51.94
51.93
51.93
51.92
51.93
51.94
51.93
51.93
51.95
51.94
51.93
51.94
51.94
51.94
51.96
51.95
51.94
51.94
51.93
51.94
51.94
51.93
51.93
51.94
51.93
51.94
51.95
51.95
51.95
51.90
