59.38
58.59
61.46
62.11
62.19
62.50
62.05
61.52
60.94
60.31
60.09
60.68
61.06
60.71
60.94
61.33
60.66
60.68
60.86
60.70
59.97
60.01
59.51
59.64
59.88
60.22
60.19
60.21
60.45
60.16
60.38
60.55
60.27
59.97
60.09
60.07
60.14
59.91
59.94
59.30
59.18
59.23
59.27
59.55
59.55
59.65
59.74
59.70
59.89
60.06
59.90
60.04
60.32
60.21
60.31
60.44
60.39
60.26
60.04
60.05
60.02
59.98
59.97
60.01
59.90
59.92
59.89
59.83
59.85
59.73
59.68
59.64
59.59
59.35
59.44
59.54
59.58
59.62
59.57
59.67
59.66
59.57
59.60
59.52
59.45
59.41
59.36
59.34
59.45
59.51
59.48
59.38
59.26
59.31
59.29
59.39
59.34
59.41
59.39
59.47
59.50
59.56
59.42
59.39
59.33
59.26
59.26
59.32
59.26
59.20
59.23
59.18
59.17
59.21
59.13
59.12
59.12
59.10
59.07
58.98
58.96
58.99
58.98
58.98
58.99
58.97
58.97
58.96
59.01
59.10
59.15
59.09
59.07
59.11
59.18
59.13
59.03
59.07
59.07
59.10
59.11
59.08
58.99
59.01
58.98
58.98
59.01
59.03
59.08
59.10
59.13
59.14
59.19
59.12
59.08
59.05
59.03
58.98
58.99
59.05
59.04
59.06
59.04
59.07
59.09
59.04
58.97
59.00
58.98
58.95
58.92
58.92
58.89
58.90
58.86
58.83
58.79
58.77
58.73
58.76
58.72
58.71
58.71
58.69
58.66
58.69
58.66
58.65
58.64
58.59
58.53
58.52
58.47
58.46
58.41
58.45
58.42
58.40
58.44
58.48
58.43
58.40
58.39
58.43
58.43
58.43
58.43
58.43
58.41
58.39
58.42
58.41
58.44
58.42
58.44
58.45
58.44
58.43
58.44
58.44
58.46
58.41
58.39
58.37
58.34
58.39
58.38
58.40
58.38
58.36
58.43
58.45
58.41
58.39
58.42
58.38
58.38
58.36
58.40
58.40
58.41
58.41
58.43
58.43
58.41
58.40
58.38
58.42
58.41
58.46
58.45
58.49
58.49
58.46
58.44
58.47
58.45
58.47
58.45
58.48
58.49
58.48
58.50
58.48
58.47
58.43
58.42
58.41
58.35
58.37
58.34
58.35
58.38
58.41
58.35
58.36
58.39
58.37
58.36
58.38
58.39
58.41
58.42
58.42
58.44
58.42
58.42
58.45
58.44
58.44
58.43
58.41
58.41
58.38
58.41
58.44
58.40
58.42
58.43
58.44
58.44
58.45
58.43
58.44
58.44
58.44
58.40
58.40
58.41
58.43
58.42
58.45
58.48
58.48
58.49
58.48
58.50
58.48
58.46
58.46
58.46
58.44
58.45
58.42
58.39
58.40
58.42
58.45
58.44
58.42
58.47
58.50
58.52
58.54
58.50
58.49
58.48
58.46
58.45
58.47
58.50
58.54
58.52
58.50
58.50
58.48
58.47
58.45
58.44
58.44
58.43
58.42
58.41
58.41
58.42
58.37
58.40
58.43
58.47
58.46
58.46
58.42
58.42
58.42
58.42
58.43
58.44
58.47
58.44
58.45
58.44
58.42
58.39
58.42
58.41
58.43
58.40
58.40
58.39
58.39
58.36
58.37
58.36
58.38
58.34
58.36
58.39
58.40
58.39
58.38
58.37
58.37
58.39
58.40
58.39
58.37
58.38
58.40
58.38
58.39
58.40
58.41
58.43
58.41
58.43
58.44
58.45
58.44
58.44
58.45
58.44
58.45
58.47
58.45
58.46
58.45
58.47
58.47
58.49
58.49
58.51
58.52
58.50
58.52
58.51
58.50
58.48
58.49
58.49
58.48
58.48
58.47
58.48
58.47
58.47
58.48
58.45
58.44
58.46
58.44
58.42
58.43
58.44
58.45
58.43
58.44
58.46
58.46
58.46
58.45
58.44
58.42
58.42
58.39
58.39
58.42
58.41
58.40
58.42
58.41
58.39
58.38
58.40
58.40
58.40
58.40
58.40
58.42
58.39
58.41
58.42
58.43
58.43
58.42
58.44
58.45
58.45
58.45
58.46
58.47
58.47
58.47
58.47
58.44
58.43
58.45
58.47
58.47
58.47
58.45
58.47
58.48
58.48
58.46
58.43
58.43
58.42
58.42
58.44
58.43
58.42
58.43
58.41
58.41
58.41
58.42
58.42
58.45
58.44
58.44
58.44
58.44
58.46
58.46
58.45
58.47
58.46
58.47
58.49
58.49
58.45
58.47
58.46
58.49
58.48
58.48
58.49
58.51
58.47
58.45
58.45
58.44
58.44
58.44
58.43
58.44
58.45
58.44
58.42
58.41
58.42
58.43
58.42
58.43
58.45
58.43
58.45
58.43
58.43
58.42
58.42
58.42
58.41
58.42
58.40
58.40
58.39
58.38
58.39
58.38
58.39
58.39
58.40
58.39
58.39
58.40
58.41
58.42
58.42
58.43
58.43
58.43
58.43
58.43
58.45
58.44
58.45
58.44
58.44
58.43
58.44
58.43
58.42
58.44
58.41
58.41
58.42
58.42
58.43
58.43
58.44
58.44
58.45
58.45
58.45
58.45
58.44
58.46
58.46
58.47
58.46
58.45
58.46
58.46
58.46
58.46
58.45
58.46
58.45
58.46
58.44
58.46
58.46
58.46
58.47
58.48
58.49
58.50
58.51
58.51
58.50
58.51
58.49
58.49
58.50
58.48
58.48
58.50
58.49
58.50
58.52
58.54
58.54
58.56
58.56
58.56
58.56
58.57
58.59
58.58
58.59
58.59
58.60
58.60
58.59
58.60
58.59
58.59
58.58
58.59
58.59
58.59
58.59
58.59
58.58
58.58
58.58
58.59
58.61
58.62
58.63
58.64
58.63
58.61
58.61
58.62
58.62
58.61
58.63
58.64
58.65
58.64
58.63
58.63
58.63
58.62
58.62
58.64
58.65
58.65
58.64
58.65
58.67
58.67
58.68
58.68
58.68
58.68
58.67
58.67
58.67
58.68
58.69
58.69
58.68
58.67
58.65
58.66
58.67
58.67
58.66
58.66
58.66
58.66
58.65
58.64
58.62
58.62
58.62
58.62
58.63
58.62
58.60
58.59
58.59
58.60
58.59
58.59
58.60
58.61
58.60
58.60
58.60
58.59
58.60
58.60
58.60
58.60
58.61
58.62
58.63
58.63
58.63
58.63
58.64
58.65
58.65
58.65
58.65
58.67
58.67
58.66
58.66
58.65
58.66
58.66
58.66
58.66
58.66
58.66
58.67
58.67
58.67
58.67
58.66
58.67
58.67
58.68
58.67
58.67
58.68
58.65
58.65
58.66
58.66
58.66
58.66
58.66
58.65
58.65
58.65
58.65
58.66
58.67
58.67
58.67
58.67
58.67
58.68
58.68
58.69
58.64
