51.56
57.81
58.33
60.55
61.25
59.64
59.60
59.38
60.42
60.47
60.80
60.42
61.30
61.94
61.46
61.33
61.31
61.98
61.84
61.56
61.83
61.86
62.09
62.11
61.94
61.84
61.52
61.55
61.48
61.82
62.00
62.06
62.26
62.18
62.14
62.11
62.12
62.38
62.26
62.38
62.65
62.50
62.61
62.50
62.53
62.64
62.43
62.60
62.31
62.31
62.32
62.08
62.21
62.44
62.59
62.53
62.47
62.53
62.47
62.53
62.63
62.60
62.45
62.40
62.43
62.38
62.27
62.32
62.32
62.23
62.30
62.26
62.44
62.54
62.67
62.75
62.78
62.84
62.92
62.95
62.96
63.03
63.10
63.08
63.09
63.05
63.02
63.05
63.04
62.99
63.03
62.99
63.02
63.02
62.98
62.99
63.00
63.01
63.01
62.94
62.95
62.96
62.97
63.03
62.98
62.97
62.92
62.93
62.93
62.90
62.95
62.83
62.90
62.87
63.00
62.98
63.03
62.92
62.91
62.97
62.93
62.96
62.93
62.87
62.86
62.87
62.81
62.76
62.83
62.88
62.88
62.89
62.95
62.94
62.94
62.91
62.94
62.95
62.94
62.95
62.95
63.00
63.07
63.08
63.03
63.02
63.04
63.06
63.06
63.08
63.17
63.25
63.31
63.23
63.19
63.21
63.24
63.21
63.23
63.19
63.13
63.16
63.13
63.10
63.08
63.02
63.01
62.98
62.96
62.93
62.98
62.92
62.98
63.03
63.10
63.09
63.16
63.13
63.14
63.09
63.14
63.19
63.15
63.14
63.18
63.16
63.15
63.16
63.14
63.14
63.17
63.15
63.12
63.15
63.16
63.14
63.16
63.18
63.18
63.20
63.22
63.27
63.29
63.30
63.34
63.40
63.45
63.46
63.48
63.53
63.53
63.56
63.56
63.57
63.58
63.61
63.69
63.72
63.73
63.73
63.72
63.73
63.76
63.74
63.77
63.74
63.74
63.70
63.70
63.72
63.72
63.71
63.72
63.76
63.74
63.70
63.73
63.71
63.70
63.66
63.65
63.65
63.63
63.61
63.59
63.63
63.61
63.56
63.57
63.56
63.59
63.57
63.60
63.61
63.65
63.64
63.67
63.66
63.71
63.70
63.73
63.70
63.66
63.69
63.67
63.67
63.69
63.70
63.69
63.75
63.74
63.76
63.72
63.72
63.71
63.70
63.69
63.64
63.65
63.62
63.63
63.64
63.63
63.64
63.66
63.67
63.65
63.64
63.61
63.62
63.62
63.63
63.65
63.64
63.62
63.59
63.57
63.60
63.59
63.57
63.55
63.54
63.56
63.54
63.56
63.55
63.57
63.55
63.54
63.53
63.54
63.51
63.53
63.57
63.59
63.61
63.59
63.62
63.64
63.65
63.62
63.63
63.63
63.63
63.63
63.60
63.61
63.62
63.62
63.64
63.65
63.65
63.63
63.62
63.60
63.58
63.58
63.56
63.55
63.52
63.52
63.53
63.52
63.53
63.51
63.52
63.52
63.53
63.54
63.54
63.56
63.57
63.58
63.56
63.58
63.58
63.58
63.55
63.54
63.55
63.52
63.54
63.54
63.56
63.51
63.51
63.54
63.51
63.49
63.45
63.46
63.44
63.43
63.42
63.44
63.42
63.42
63.41
63.41
63.40
63.40
63.41
63.43
63.43
63.41
63.40
63.40
63.37
63.34
63.35
63.34
63.33
63.34
63.35
63.34
63.34
63.33
63.31
63.34
63.36
63.35
63.33
63.32
63.32
63.33
63.31
63.31
63.31
63.33
63.32
63.34
63.35
63.36
63.33
63.33
63.32
63.33
63.32
63.33
63.30
63.29
63.29
63.31
63.32
63.30
63.28
63.28
63.29
63.30
63.34
63.35
63.35
63.33
63.32
63.30
63.28
63.28
63.28
63.28
63.28
63.29
63.31
63.32
63.33
63.30
63.30
63.29
63.27
63.29
63.29
63.30
63.32
63.32
63.32
63.32
63.33
63.33
63.33
63.34
63.32
63.30
63.29
63.29
63.31
63.31
63.28
63.27
63.27
63.30
63.33
63.35
63.35
63.35
63.37
63.35
63.33
63.33
63.33
63.34
63.33
63.31
63.29
63.30
63.31
63.30
63.29
63.26
63.27
63.26
63.25
63.24
63.26
63.24
63.25
63.25
63.26
63.25
63.28
63.28
63.27
63.27
63.26
63.26
63.27
63.26
63.25
63.25
63.27
63.26
63.27
63.28
63.27
63.26
63.26
63.25
63.24
63.23
63.24
63.23
63.22
63.25
63.24
63.24
63.25
63.25
63.22
63.23
63.25
63.25
63.24
63.26
63.28
63.29
63.29
63.29
63.31
63.32
63.33
63.35
63.34
63.34
63.33
63.34
63.34
63.34
63.35
63.36
63.36
63.35
63.35
63.37
63.37
63.37
63.37
63.38
63.36
63.38
63.38
63.41
63.42
63.43
63.43
63.43
63.43
63.42
63.42
63.43
63.43
63.41
63.42
63.43
63.44
63.45
63.45
63.45
63.43
63.44
63.45
63.44
63.42
63.43
63.43
63.43
63.43
63.42
63.43
63.43
63.43
63.41
63.42
63.43
63.43
63.43
63.43
63.43
63.43
63.44
63.44
63.45
63.46
63.47
63.47
63.46
63.47
63.47
63.48
63.49
63.49
63.48
63.49
63.48
63.49
63.49
63.48
63.48
63.47
63.48
63.49
63.48
63.48
63.49
63.50
63.51
63.51
63.51
63.51
63.51
63.51
63.50
63.50
63.50
63.49
63.49
63.49
63.49
63.50
63.49
63.49
63.51
63.49
63.48
63.49
63.47
63.48
63.48
63.48
63.48
63.48
63.47
63.46
63.47
63.47
63.46
63.47
63.47
63.46
63.47
63.47
63.48
63.47
63.48
63.47
63.45
63.45
63.45
63.44
63.44
63.44
63.45
63.44
63.45
63.44
63.44
63.44
63.44
63.44
63.42
63.41
63.41
63.41
63.40
63.39
63.40
63.40
63.41
63.42
63.42
63.42
63.43
63.44
63.43
63.44
63.44
63.44
63.44
63.45
63.46
63.45
63.45
63.45
63.45
63.48
63.48
63.47
63.49
63.49
63.49
63.49
63.49
63.48
63.49
63.48
63.51
63.51
63.52
63.52
63.51
63.51
63.52
63.53
63.54
63.54
63.54
63.56
63.58
63.59
63.59
63.60
63.60
63.60
63.59
63.60
63.59
63.60
63.60
63.60
63.60
63.60
63.60
63.60
63.60
63.60
63.59
63.59
63.60
63.58
63.58
63.57
63.56
63.57
63.57
63.56
63.57
63.57
63.57
63.56
63.55
63.55
63.56
63.57
63.57
63.57
63.58
63.58
63.58
63.59
63.58
63.58
63.59
63.58
63.58
63.58
63.57
63.56
63.54
63.54
63.55
63.55
63.55
63.53
63.54
63.48
