65.62
62.50
63.02
61.33
63.75
66.67
67.86
68.75
68.75
67.34
67.61
67.58
67.31
67.86
68.33
67.97
67.56
67.53
67.85
67.42
67.19
67.19
67.05
67.45
67.50
67.37
67.48
67.58
67.73
67.55
67.59
67.72
67.95
67.83
67.63
67.66
67.61
67.27
67.19
67.27
67.38
67.63
67.73
67.65
67.71
67.63
67.62
67.81
67.86
67.81
67.68
67.79
67.72
67.68
67.87
67.94
67.93
67.91
67.90
67.94
67.96
67.97
68.01
68.04
68.03
68.09
68.00
68.06
68.00
68.04
68.05
68.14
68.13
68.18
68.21
68.36
68.51
68.49
68.57
68.55
68.54
68.43
68.47
68.60
68.58
68.60
68.53
68.50
68.43
68.45
68.37
68.38
68.43
68.45
68.37
68.25
68.35
68.32
68.39
68.36
68.39
68.41
68.48
68.42
68.45
68.38
68.33
68.34
68.41
68.45
68.50
68.50
68.50
68.49
68.52
68.47
68.40
68.33
68.26
68.22
68.19
68.01
67.96
68.03
68.11
68.06
68.02
67.88
67.85
67.88
67.94
67.93
67.92
67.90
67.82
67.82
67.77
67.80
67.74
67.68
67.70
67.68
67.61
67.66
67.69
67.63
67.69
67.69
67.66
67.69
67.68
67.61
67.63
67.61
67.63
67.57
67.63
67.62
67.62
67.61
67.68
67.72
67.78
67.78
67.82
67.75
67.73
67.77
67.73
67.67
67.69
67.65
67.63
67.55
67.47
67.56
67.58
67.58
67.56
67.57
67.58
67.56
67.56
67.59
67.64
67.67
67.70
67.65
67.65
67.62
67.65
67.68
67.66
67.64
67.68
67.67
67.70
67.69
67.67
67.72
67.72
67.75
67.80
67.84
67.84
67.88
67.89
67.90
67.94
67.96
67.94
67.95
67.94
67.91
67.91
67.93
67.96
67.95
67.97
67.94
67.96
68.00
68.02
68.02
68.03
68.01
68.00
67.99
68.01
67.98
67.95
67.92
67.95
67.92
67.95
67.94
67.97
67.97
68.00
67.99
67.98
67.94
67.95
67.99
68.00
67.99
67.97
67.98
67.95
67.93
67.93
67.93
67.98
67.95
67.97
67.99
67.99
68.01
68.01
68.00
68.01
68.03
68.05
68.00
67.99
67.97
67.97
67.97
67.98
67.95
67.95
67.93
67.93
67.92
67.96
67.97
67.96
67.94
67.95
67.96
67.99
67.99
67.98
67.97
67.94
67.96
67.95
67.94
67.94
67.96
67.98
68.00
67.96
67.92
67.91
67.92
67.88
67.89
67.90
67.90
67.90
67.90
67.91
67.89
67.91
67.90
67.89
67.88
67.87
67.89
67.91
67.91
67.92
67.93
67.90
67.88
67.87
67.87
67.88
67.91
67.91
67.92
67.92
67.93
67.94
67.95
67.93
67.96
67.95
67.96
67.94
67.95
67.94
67.94
67.91
67.92
67.90
67.90
67.92
67.92
67.91
67.92
67.94
67.95
67.93
67.92
67.92
67.89
67.91
67.95
67.92
67.91
67.92
67.92
67.95
67.97
67.93
67.96
67.96
67.97
67.99
67.97
67.96
67.94
67.93
67.94
67.96
67.96
67.96
67.97
67.97
68.00
67.98
68.01
68.03
68.03
68.03
68.03
68.07
68.07
68.08
68.05
68.08
68.08
68.08
68.07
68.05
68.02
68.01
67.98
67.97
67.98
67.99
67.99
67.95
67.96
67.97
67.98
67.99
67.99
67.96
67.95
67.94
67.95
67.99
68.00
67.99
68.00
68.02
68.03
68.01
68.04
68.05
68.04
68.05
68.06
68.06
68.06
68.06
68.04
68.04
68.04
68.04
68.04
68.04
68.05
68.04
68.05
68.04
68.06
68.05
68.05
68.03
68.03
68.02
68.02
68.05
68.05
68.04
68.05
68.03
68.02
68.03
68.02
68.06
68.07
68.06
68.06
68.08
68.10
68.11
68.07
68.07
68.07
68.08
68.08
68.08
68.09
68.10
68.11
68.09
68.10
68.09
68.09
68.10
68.08
68.09
68.09
68.11
68.11
68.10
68.10
68.10
68.10
68.11
68.13
68.12
68.13
68.13
68.12
68.14
68.13
68.13
68.12
68.11
68.10
68.09
68.09
68.09
68.07
68.07
68.05
68.04
68.05
68.05
68.07
68.08
68.08
68.07
68.05
68.04
68.04
68.06
68.08
68.07
68.08
68.09
68.08
68.10
68.09
68.10
68.10
68.12
68.11
68.11
68.11
68.11
68.11
68.11
68.12
68.11
68.12
68.11
68.09
68.09
68.07
68.08
68.07
68.07
68.08
68.08
68.11
68.11
68.10
68.11
68.09
68.08
68.11
68.11
68.11
68.10
68.10
68.11
68.13
68.13
68.15
68.15
68.16
68.16
68.15
68.17
68.17
68.18
68.18
68.17
68.19
68.19
68.18
68.16
68.16
68.15
68.16
68.14
68.15
68.14
68.16
68.17
68.17
68.15
68.16
68.15
68.14
68.13
68.12
68.11
68.12
68.12
68.13
68.12
68.12
68.10
68.10
68.10
68.11
68.10
68.12
68.12
68.13
68.14
68.14
68.14
68.15
68.15
68.14
68.15
68.14
68.14
68.13
68.12
68.13
68.12
68.12
68.12
68.12
68.12
68.11
68.11
68.10
68.10
68.09
68.09
68.09
68.10
68.11
68.12
68.12
68.10
68.09
68.10
68.09
68.09
68.09
68.09
68.09
68.09
68.10
68.11
68.12
68.12
68.12
68.12
68.14
68.14
68.14
68.14
68.14
68.13
68.13
68.14
68.13
68.14
68.14
68.13
68.13
68.13
68.12
68.12
68.13
68.13
68.12
68.11
68.11
68.09
68.09
68.09
68.10
68.09
68.10
68.11
68.11
68.12
68.13
68.13
68.11
68.10
68.10
68.09
68.09
68.09
68.08
68.06
68.06
68.06
68.07
68.07
68.08
68.08
68.08
68.07
68.08
68.07
68.06
68.06
68.06
68.04
68.04
68.04
68.05
68.05
68.04
68.04
68.04
68.03
68.03
68.02
68.03
68.03
68.04
68.04
68.05
68.05
68.05
68.05
68.05
68.06
68.05
68.04
68.05
68.05
68.06
68.05
68.06
68.06
68.05
68.06
68.05
68.07
68.07
68.07
68.06
68.06
68.08
68.08
68.07
68.08
68.08
68.08
68.08
68.06
68.05
68.07
68.07
68.07
68.06
68.06
68.06
68.07
68.05
68.06
68.07
68.06
68.05
68.05
68.05
68.05
68.05
68.05
68.04
68.04
68.05
68.04
68.04
68.04
68.02
68.03
68.02
68.03
68.02
68.01
67.99
68.01
68.01
68.03
68.02
68.01
68.02
68.02
68.02
68.02
68.02
68.03
68.03
68.02
68.02
68.02
68.02
68.03
68.03
68.03
68.03
68.03
67.96
