60.94
68.75
67.71
68.75
69.38
69.01
66.96
66.80
66.67
66.72
65.91
66.02
66.35
67.19
66.46
66.31
66.82
66.58
66.45
66.17
65.70
65.91
65.96
66.21
66.13
65.99
65.74
65.40
65.52
65.42
65.37
65.67
65.77
65.85
65.76
65.71
65.84
65.91
65.87
65.86
65.74
66.15
66.06
65.91
65.90
65.93
66.12
66.08
66.10
66.22
66.08
66.17
66.27
66.49
66.59
66.57
66.45
66.54
66.60
66.64
66.65
66.68
66.72
66.67
66.42
66.41
66.35
66.31
66.15
66.05
66.20
66.15
66.20
66.15
66.38
66.28
66.21
66.27
66.20
66.23
66.34
66.39
66.25
66.37
66.40
66.39
66.38
66.30
66.24
66.23
66.33
66.39
66.45
66.44
66.55
66.59
66.48
66.47
66.57
66.61
66.66
66.61
66.60
66.60
66.61
66.57
66.56
66.46
66.46
66.48
66.57
66.55
66.62
66.56
66.56
66.55
66.55
66.49
66.47
66.55
66.50
66.57
66.63
66.71
66.74
66.75
66.79
66.76
66.79
66.75
66.75
66.71
66.71
66.65
66.64
66.62
66.58
66.62
66.66
66.63
66.68
66.67
66.65
66.57
66.57
66.57
66.67
66.66
66.65
66.68
66.65
66.64
66.72
66.75
66.79
66.90
66.96
66.91
66.88
66.93
66.98
66.94
66.95
66.98
66.99
67.01
66.96
66.95
66.97
66.99
66.96
66.94
66.95
66.91
66.91
66.97
66.96
66.99
66.92
66.88
66.90
66.91
66.90
66.91
66.86
66.84
66.86
66.86
66.82
66.81
66.83
66.85
66.78
66.78
66.75
66.76
66.73
66.75
66.79
66.76
66.74
66.75
66.73
66.69
66.67
66.66
66.71
66.73
66.76
66.81
66.75
66.74
66.77
66.78
66.77
66.80
66.81
66.81
66.83
66.81
66.78
66.78
66.80
66.80
66.82
66.83
66.85
66.84
66.83
66.81
66.80
66.78
66.77
66.78
66.78
66.77
66.74
66.75
66.76
66.74
66.75
66.79
66.81
66.82
66.82
66.79
66.78
66.80
66.81
66.83
66.85
66.84
66.87
66.86
66.83
66.83
66.80
66.76
66.70
66.71
66.73
66.73
66.69
66.71
66.67
66.62
66.58
66.62
66.62
66.59
66.62
66.64
66.64
66.60
66.60
66.60
66.60
66.58
66.58
66.61
66.58
66.56
66.57
66.58
66.57
66.54
66.55
66.59
66.55
66.55
66.56
66.57
66.60
66.57
66.57
66.56
66.56
66.55
66.56
66.59
66.59
66.58
66.58
66.61
66.62
66.62
66.62
66.63
66.64
66.63
66.68
66.67
66.65
66.62
66.60
66.61
66.64
66.67
66.70
66.67
66.68
66.67
66.66
66.66
66.67
66.66
66.69
66.66
66.67
66.70
66.70
66.67
66.69
66.72
66.72
66.72
66.73
66.73
66.72
66.72
66.74
66.72
66.71
66.69
66.68
66.69
66.70
66.71
66.73
66.72
66.73
66.73
66.71
66.72
66.71
66.72
66.73
66.73
66.72
66.70
66.69
66.70
66.71
66.73
66.72
66.73
66.74
66.72
66.74
66.76
66.75
66.75
66.75
66.73
66.73
66.74
66.74
66.75
66.71
66.71
66.72
66.74
66.73
66.72
66.73
66.74
66.77
66.80
66.83
66.82
66.81
66.79
66.77
66.78
66.81
66.81
66.85
66.87
66.85
66.85
66.86
66.88
66.87
66.84
66.82
66.83
66.85
66.86
66.88
66.91
66.91
66.92
66.94
66.93
66.91
66.89
66.92
66.91
66.90
66.89
66.90
66.90
66.92
66.92
66.92
66.93
66.93
66.94
66.93
66.93
66.93
66.95
66.96
66.96
66.98
66.98
67.01
66.99
67.02
67.00
67.01
67.01
66.99
66.98
66.97
66.97
66.98
66.96
66.97
66.97
66.97
66.98
66.98
66.96
66.95
66.97
66.99
66.96
66.96
66.94
66.97
66.96
66.96
66.94
66.94
66.95
66.96
66.96
66.95
66.93
66.93
66.92
66.92
66.92
66.92
66.92
66.91
66.91
66.93
66.92
66.92
66.92
66.91
66.89
66.89
66.88
66.90
66.90
66.91
66.92
66.93
66.94
66.94
66.93
66.94
66.94
66.94
66.93
66.93
66.94
66.93
66.96
66.96
66.97
66.97
66.95
66.95
66.97
66.96
66.98
66.96
66.98
66.97
66.97
66.98
67.00
67.01
67.01
67.01
67.00
67.02
67.00
67.00
67.00
66.98
66.98
66.97
66.96
66.97
66.96
66.96
66.96
66.96
66.95
66.95
66.95
66.94
66.94
66.94
66.94
66.94
66.93
66.92
66.93
66.95
66.95
66.96
66.97
66.97
66.98
66.99
67.00
66.98
66.96
66.95
66.96
66.96
66.94
66.95
66.95
66.96
66.97
66.97
66.99
67.00
67.00
66.99
66.99
66.98
66.98
66.97
66.96
66.97
66.99
67.00
67.01
67.01
67.00
67.00
67.00
67.00
67.00
67.01
67.01
67.01
67.02
67.04
67.03
67.02
67.02
67.02
67.02
67.01
67.01
67.01
67.01
67.00
67.00
66.99
66.98
66.99
66.99
66.99
66.98
67.00
66.98
66.98
66.97
66.97
66.98
66.99
67.00
67.00
67.01
67.04
67.06
67.04
67.04
67.04
67.05
67.07
67.07
67.07
67.08
67.09
67.09
67.07
67.06
67.07
67.06
67.07
67.07
67.08
67.07
67.07
67.08
67.08
67.07
67.07
67.08
67.09
67.09
67.09
67.09
67.08
67.07
67.06
67.05
67.05
67.06
67.05
67.06
67.05
67.07
67.07
67.07
67.06
67.05
67.05
67.04
67.04
67.06
67.07
67.06
67.05
67.04
67.04
67.04
67.03
67.03
67.02
67.01
67.01
67.01
67.03
67.03
67.02
67.03
67.05
67.07
67.07
67.07
67.06
67.06
67.08
67.09
67.10
67.11
67.12
67.12
67.12
67.12
67.12
67.12
67.13
67.13
67.13
67.14
67.15
67.15
67.14
67.15
67.14
67.15
67.15
67.15
67.14
67.15
67.17
67.17
67.17
67.17
67.15
67.16
67.17
67.17
67.17
67.17
67.17
67.16
67.17
67.18
67.16
67.16
67.17
67.18
67.17
67.18
67.18
67.17
67.17
67.16
67.15
67.16
67.16
67.16
67.16
67.16
67.14
67.15
67.16
67.15
67.16
67.15
67.13
67.13
67.12
67.10
67.10
67.09
67.10
67.11
67.11
67.11
67.10
67.12
67.11
67.11
67.11
67.10
67.11
67.11
67.11
67.11
67.11
67.11
67.11
67.11
67.11
67.12
67.12
67.12
67.12
67.11
67.11
67.09
67.09
67.10
67.11
67.10
67.10
67.03
