0.00
1.56
1.04
1.17
1.56
1.56
1.34
1.56
1.39
1.25
1.56
1.43
1.32
1.34
1.35
1.37
1.56
1.48
1.48
1.64
1.71
1.63
1.56
1.50
1.50
1.44
1.39
1.34
1.35
1.35
1.36
1.32
1.37
1.33
1.34
1.39
1.35
1.36
1.32
1.33
1.33
1.30
1.31
1.28
1.25
1.22
1.23
1.20
1.18
1.16
1.16
1.17
1.15
1.13
1.11
1.12
1.18
1.16
1.14
1.12
1.15
1.13
1.12
1.10
1.11
1.14
1.14
1.15
1.15
1.14
1.12
1.15
1.16
1.14
1.19
1.19
1.18
1.16
1.15
1.13
1.14
1.14
1.15
1.15
1.16
1.14
1.13
1.12
1.14
1.15
1.13
1.14
1.19
1.18
1.17
1.20
1.19
1.20
1.20
1.19
1.19
1.19
1.18
1.19
1.19
1.21
1.23
1.23
1.22
1.21
1.22
1.27
1.27
1.26
1.25
1.25
1.24
1.27
1.26
1.26
1.27
1.26
1.24
1.23
1.24
1.24
1.23
1.23
1.22
1.23
1.24
1.24
1.25
1.25
1.26
1.28
1.27
1.27
1.27
1.26
1.26
1.28
1.28
1.27
1.27
1.27
1.26
1.26
1.25
1.25
1.25
1.26
1.26
1.25
1.24
1.23
1.23
1.24
1.23
1.22
1.22
1.22
1.23
1.22
1.21
1.20
1.20
1.19
1.18
1.18
1.17
1.19
1.19
1.19
1.19
1.20
1.21
1.20
1.20
1.21
1.22
1.21
1.21
1.21
1.22
1.22
1.21
1.21
1.24
1.25
1.25
1.26
1.27
1.28
1.27
1.27
1.26
1.25
1.26
1.26
1.26
1.25
1.25
1.26
1.26
1.27
1.28
1.28
1.28
1.29
1.30
1.30
1.29
1.29
1.29
1.29
1.29
1.28
1.28
1.29
1.28
1.28
1.28
1.28
1.28
1.28
1.28
1.29
1.30
1.31
1.31
1.31
1.31
1.30
1.30
1.30
1.31
1.30
1.29
1.31
1.30
1.30
1.30
1.30
1.30
1.30
1.31
1.31
1.31
1.31
1.31
1.31
1.31
1.31
1.31
1.31
1.31
1.31
1.32
1.32
1.31
1.31
1.30
1.30
1.30
1.30
1.30
1.31
1.31
1.31
1.31
1.30
1.30
1.32
1.31
1.31
1.30
1.30
1.30
1.31
1.31
1.30
1.30
1.30
1.29
1.29
1.29
1.29
1.29
1.30
1.29
1.29
1.29
1.30
1.29
1.29
1.28
1.28
1.29
1.29
1.30
1.29
1.29
1.30
1.30
1.29
1.29
1.30
1.29
1.30
1.30
1.31
1.30
1.30
1.30
1.31
1.30
1.30
1.29
1.29
1.29
1.29
1.29
1.29
1.29
1.28
1.28
1.28
1.27
1.27
1.27
1.26
1.26
1.27
1.27
1.28
1.28
1.29
1.29
1.29
1.28
1.28
1.28
1.28
1.28
1.28
1.28
1.28
1.27
1.27
1.27
1.28
1.27
1.27
1.28
1.27
1.27
1.27
1.26
1.26
1.26
1.26
1.26
1.26
1.26
1.26
1.25
1.25
1.25
1.26
1.26
1.26
1.26
1.25
1.26
1.25
1.25
1.25
1.25
1.25
1.25
1.25
1.24
1.24
1.24
1.24
1.24
1.24
1.25
1.25
1.25
1.25
1.24
1.25
1.25
1.25
1.25
1.25
1.25
1.25
1.25
1.25
1.25
1.25
1.25
1.24
1.24
1.24
1.25
1.25
1.24
1.24
1.24
1.24
1.24
1.24
1.24
1.24
1.25
1.25
1.25
1.25
1.25
1.25
1.25
1.25
1.25
1.25
1.26
1.26
1.26
1.26
1.26
1.26
1.25
1.25
1.26
1.25
1.25
1.25
1.24
1.24
1.25
1.25
1.25
1.25
1.25
1.25
1.25
1.25
1.26
1.26
1.26
1.26
1.26
1.25
1.26
1.26
1.26
1.25
1.25
1.25
1.25
1.25
1.25
1.25
1.25
1.26
1.26
1.25
1.26
1.26
1.26
1.26
1.26
1.25
1.25
1.25
1.26
1.25
1.25
1.25
1.26
1.26
1.26
1.26
1.26
1.26
1.26
1.26
1.26
1.26
1.27
1.27
1.26
1.27
1.26
1.26
1.26
1.26
1.26
1.26
1.26
1.26
1.27
1.26
1.27
1.26
1.26
1.26
1.26
1.27
1.27
1.26
1.26
1.26
1.26
1.25
1.25
1.25
1.25
1.25
1.25
1.24
1.24
1.24
1.24
1.24
1.24
1.24
1.24
1.24
1.24
1.24
1.24
1.24
1.23
1.23
1.23
1.23
1.23
1.23
1.23
1.24
1.23
1.23
1.23
1.23
1.23
1.23
1.23
1.23
1.23
1.24
1.24
1.24
1.24
1.23
1.23
1.23
1.23
1.23
1.23
1.23
1.23
1.23
1.22
1.22
1.22
1.22
1.22
1.22
1.22
1.22
1.22
1.22
1.22
1.21
1.21
1.22
1.22
1.22
1.22
1.21
1.22
1.22
1.21
1.21
1.21
1.21
1.22
1.21
1.21
1.22
1.22
1.22
1.22
1.21
1.22
1.22
1.22
1.21
1.22
1.22
1.22
1.22
1.22
1.22
1.22
1.22
1.21
1.22
1.21
1.21
1.21
1.21
1.21
1.21
1.21
1.20
1.21
1.21
1.20
1.21
1.21
1.21
1.21
1.21
1.20
1.20
1.21
1.21
1.21
1.21
1.21
1.21
1.21
1.21
1.21
1.21
1.21
1.21
1.21
1.21
1.20
1.20
1.21
1.21
1.20
1.20
1.20
1.20
1.20
1.20
1.20
1.20
1.20
1.20
1.20
1.20
1.20
1.20
1.20
1.20
1.20
1.20
1.20
1.20
1.20
1.20
1.20
1.20
1.21
1.21
1.21
1.21
1.21
1.21
1.21
1.21
1.21
1.21
1.21
1.21
1.21
1.21
1.21
1.21
1.21
1.21
1.21
1.21
1.21
1.21
1.21
1.21
1.21
1.22
1.21
1.22
1.22
1.22
1.22
1.22
1.22
1.22
1.22
1.22
1.22
1.22
1.22
1.22
1.22
1.22
1.22
1.22
1.22
1.22
1.22
1.22
1.22
1.22
1.22
1.22
1.23
1.23
1.23
1.22
1.22
1.22
1.22
1.22
1.22
1.22
1.22
1.22
1.21
1.22
1.22
1.22
1.22
1.22
1.22
1.21
1.21
1.21
1.22
1.21
1.21
1.21
1.21
1.21
1.21
1.21
1.20
1.20
1.21
1.21
1.21
1.21
1.21
1.21
1.21
1.21
1.21
1.21
1.21
1.21
1.21
1.21
1.21
1.21
1.22
1.22
1.22
1.22
1.22
1.22
1.22
1.22
1.22
1.21
