0.00
0.00
0.00
0.39
0.62
0.52
0.67
0.59
0.52
0.62
0.57
0.52
0.48
0.56
0.62
0.59
0.55
0.52
0.49
0.47
0.45
0.43
0.41
0.39
0.38
0.42
0.41
0.39
0.38
0.36
0.45
0.49
0.47
0.46
0.45
0.43
0.42
0.49
0.48
0.59
0.57
0.56
0.58
0.57
0.59
0.58
0.57
0.62
0.61
0.59
0.58
0.63
0.62
0.61
0.60
0.59
0.58
0.57
0.56
0.60
0.67
0.66
0.67
0.66
0.65
0.64
0.65
0.64
0.63
0.63
0.62
0.61
0.64
0.63
0.62
0.62
0.63
0.62
0.61
0.61
0.60
0.61
0.60
0.60
0.59
0.58
0.59
0.60
0.60
0.59
0.58
0.58
0.57
0.58
0.58
0.57
0.56
0.56
0.55
0.55
0.54
0.54
0.53
0.53
0.55
0.55
0.54
0.56
0.56
0.57
0.56
0.56
0.57
0.56
0.56
0.57
0.56
0.56
0.55
0.55
0.56
0.55
0.55
0.55
0.57
0.57
0.57
0.56
0.56
0.55
0.55
0.56
0.56
0.56
0.56
0.55
0.56
0.55
0.55
0.55
0.54
0.54
0.54
0.53
0.53
0.52
0.52
0.52
0.53
0.53
0.54
0.53
0.53
0.53
0.52
0.52
0.52
0.51
0.51
0.51
0.50
0.52
0.52
0.51
0.52
0.54
0.53
0.53
0.54
0.53
0.53
0.54
0.53
0.54
0.54
0.53
0.53
0.53
0.53
0.55
0.54
0.54
0.54
0.53
0.53
0.53
0.53
0.53
0.54
0.54
0.54
0.54
0.53
0.53
0.54
0.55
0.56
0.56
0.56
0.55
0.55
0.55
0.55
0.54
0.54
0.54
0.54
0.53
0.53
0.54
0.53
0.54
0.54
0.53
0.53
0.53
0.53
0.53
0.53
0.53
0.52
0.53
0.53
0.54
0.53
0.53
0.54
0.53
0.53
0.53
0.53
0.53
0.54
0.53
0.54
0.54
0.53
0.53
0.54
0.53
0.54
0.54
0.55
0.54
0.54
0.54
0.54
0.54
0.53
0.54
0.54
0.55
0.54
0.54
0.54
0.55
0.55
0.55
0.54
0.54
0.54
0.54
0.53
0.54
0.54
0.54
0.54
0.54
0.54
0.54
0.54
0.55
0.54
0.54
0.55
0.54
0.54
0.54
0.54
0.54
0.54
0.55
0.55
0.54
0.55
0.55
0.55
0.55
0.56
0.56
0.56
0.56
0.55
0.55
0.55
0.55
0.55
0.55
0.55
0.56
0.56
0.56
0.56
0.56
0.55
0.56
0.55
0.55
0.55
0.55
0.55
0.56
0.55
0.56
0.56
0.55
0.55
0.55
0.55
0.55
0.55
0.55
0.55
0.55
0.55
0.55
0.55
0.55
0.55
0.54
0.55
0.55
0.54
0.55
0.55
0.54
0.54
0.54
0.55
0.56
0.56
0.57
0.56
0.56
0.56
0.56
0.56
0.56
0.57
0.58
0.58
0.58
0.58
0.58
0.59
0.58
0.58
0.58
0.58
0.58
0.58
0.59
0.59
0.59
0.59
0.58
0.58
0.58
0.58
0.59
0.59
0.59
0.59
0.58
0.59
0.59
0.59
0.59
0.59
0.58
0.58
0.58
0.58
0.58
0.58
0.58
0.58
0.58
0.58
0.58
0.58
0.58
0.58
0.58
0.58
0.58
0.59
0.58
0.59
0.59
0.59
0.59
0.59
0.59
0.59
0.59
0.59
0.59
0.59
0.59
0.59
0.58
0.58
0.58
0.58
0.58
0.58
0.58
0.57
0.57
0.57
0.57
0.57
0.57
0.57
0.57
0.57
0.57
0.56
0.56
0.56
0.56
0.56
0.56
0.56
0.56
0.55
0.55
0.55
0.55
0.55
0.55
0.55
0.55
0.55
0.55
0.55
0.54
0.54
0.54
0.54
0.54
0.54
0.54
0.54
0.54
0.54
0.54
0.54
0.54
0.54
0.54
0.54
0.54
0.54
0.54
0.54
0.54
0.54
0.54
0.54
0.54
0.54
0.53
0.53
0.53
0.53
0.53
0.53
0.53
0.53
0.53
0.53
0.53
0.53
0.52
0.52
0.52
0.52
0.52
0.53
0.52
0.52
0.52
0.52
0.52
0.52
0.52
0.52
0.52
0.51
0.51
0.51
0.51
0.51
0.51
0.51
0.51
0.51
0.51
0.51
0.51
0.51
0.50
0.51
0.51
0.50
0.50
0.50
0.50
0.50
0.50
0.50
0.51
0.51
0.51
0.51
0.51
0.51
0.51
0.51
0.51
0.51
0.51
0.51
0.52
0.52
0.52
0.52
0.52
0.52
0.52
0.52
0.52
0.52
0.52
0.52
0.52
0.52
0.53
0.52
0.52
0.53
0.53
0.53
0.53
0.53
0.53
0.53
0.53
0.53
0.53
0.53
0.53
0.53
0.53
0.53
0.53
0.53
0.53
0.53
0.54
0.53
0.54
0.54
0.54
0.54
0.54
0.54
0.54
0.54
0.54
0.54
0.54
0.54
0.54
0.54
0.54
0.54
0.54
0.54
0.54
0.54
0.54
0.54
0.54
0.54
0.54
0.54
0.54
0.54
0.54
0.54
0.54
0.54
0.54
0.54
0.54
0.54
0.54
0.54
0.54
0.54
0.54
0.54
0.55
0.54
0.54
0.54
0.54
0.54
0.54
0.54
0.54
0.54
0.54
0.54
0.54
0.54
0.54
0.54
0.54
0.54
0.54
0.54
0.54
0.54
0.54
0.54
0.54
0.54
0.54
0.54
0.54
0.54
0.54
0.54
0.54
0.54
0.54
0.54
0.55
0.55
0.55
0.55
0.55
0.55
0.55
0.55
0.55
0.55
0.55
0.55
0.55
0.55
0.55
0.55
0.55
0.55
0.55
0.55
0.56
0.55
0.56
0.56
0.56
0.56
0.56
0.56
0.56
0.56
0.56
0.56
0.56
0.56
0.56
0.56
0.56
0.56
0.56
0.56
0.56
0.56
0.56
0.56
0.56
0.56
0.56
0.56
0.56
0.56
0.56
0.56
0.56
0.56
0.56
0.56
0.56
0.56
0.56
0.56
0.56
0.56
0.56
0.56
0.56
0.56
0.56
0.56
0.56
0.55
0.55
0.55
0.55
0.55
0.55
0.55
0.55
0.55
0.55
0.55
0.55
0.55
0.55
0.55
0.55
0.55
0.55
0.55
0.54
0.54
0.55
0.54
0.55
0.55
0.54
0.54
0.55
0.54
0.54
0.54
0.54
0.54
0.54
0.54
0.54
0.54
0.54
0.54
0.54
0.54
0.54
0.54
0.54
0.54
0.54
0.54
0.54
0.54
0.54
0.54
0.54
0.54
0.54
0.54
0.54
0.54
0.54
0.54
0.54
0.54
0.54
