62.50
65.62
68.23
69.92
70.00
70.05
68.75
68.95
68.92
69.22
69.46
69.40
69.47
68.42
68.85
69.43
69.49
69.10
68.75
68.67
69.05
69.25
69.16
69.14
68.94
68.99
68.87
69.14
69.13
68.75
68.25
68.46
68.37
68.57
68.30
68.14
68.12
68.30
68.15
68.28
68.25
68.15
68.24
68.15
68.23
68.14
68.18
68.10
68.02
68.25
68.23
68.27
68.28
68.14
68.07
68.14
68.09
67.97
67.88
67.92
67.96
67.97
68.06
67.97
68.10
68.11
68.05
68.15
68.14
68.15
68.11
68.16
68.04
67.93
68.04
68.05
68.08
68.15
68.10
68.03
68.04
67.97
67.90
67.89
67.89
67.93
68.03
67.97
67.96
67.95
67.89
67.83
67.79
67.79
67.70
67.79
67.91
68.00
67.99
68.00
68.02
67.97
68.02
68.07
68.02
68.03
68.02
67.97
68.06
68.15
68.14
68.22
68.20
68.24
68.22
68.27
68.26
68.29
68.21
68.16
68.19
68.25
68.24
68.26
68.20
68.22
68.22
68.23
68.27
68.28
68.31
68.31
68.29
68.33
68.34
68.34
68.28
68.38
68.41
68.39
68.43
68.32
68.28
68.32
68.30
68.33
68.36
68.37
68.36
68.43
68.49
68.45
68.47
68.37
68.39
68.47
68.42
68.40
68.40
68.38
68.37
68.37
68.38
68.38
68.35
68.40
68.36
68.43
68.46
68.46
68.42
68.41
68.42
68.47
68.46
68.39
68.37
68.35
68.33
68.35
68.33
68.32
68.32
68.29
68.30
68.26
68.24
68.23
68.19
68.17
68.20
68.20
68.18
68.18
68.21
68.17
68.11
68.09
68.08
68.12
68.13
68.15
68.13
68.12
68.07
68.11
68.09
68.09
68.07
68.03
68.04
68.03
68.02
68.03
68.05
68.06
68.04
68.08
68.12
68.12
68.12
68.16
68.15
68.16
68.20
68.24
68.21
68.22
68.16
68.15
68.15
68.12
68.09
68.08
68.08
68.13
68.20
68.17
68.21
68.18
68.22
68.26
68.30
68.30
68.28
68.27
68.27
68.26
68.27
68.30
68.32
68.30
68.32
68.32
68.32
68.36
68.40
68.40
68.38
68.39
68.40
68.39
68.35
68.32
68.34
68.29
68.28
68.25
68.25
68.24
68.24
68.29
68.32
68.31
68.31
68.35
68.37
68.38
68.34
68.32
68.33
68.33
68.30
68.27
68.22
68.20
68.20
68.18
68.19
68.16
68.09
68.09
68.10
68.11
68.08
68.06
68.09
68.08
68.08
68.09
68.12
68.07
68.06
68.05
68.06
68.08
68.08
68.07
68.04
68.02
68.02
68.03
68.03
68.03
68.05
68.05
68.06
68.06
68.05
68.06
68.07
68.08
68.08
68.08
68.07
68.07
68.10
68.11
68.10
68.10
68.12
68.11
68.13
68.15
68.16
68.16
68.15
68.16
68.14
68.14
68.15
68.15
68.18
68.15
68.17
68.18
68.17
68.20
68.22
68.21
68.21
68.23
68.25
68.25
68.24
68.23
68.24
68.25
68.28
68.26
68.25
68.24
68.26
68.26
68.26
68.26
68.26
68.25
68.25
68.27
68.28
68.27
68.29
68.29
68.28
68.28
68.30
68.29
68.31
68.32
68.34
68.30
68.31
68.30
68.28
68.29
68.27
68.29
68.31
68.31
68.29
68.33
68.33
68.33
68.34
68.33
68.33
68.35
68.35
68.35
68.35
68.36
68.39
68.37
68.40
68.40
68.39
68.39
68.37
68.38
68.32
68.31
68.33
68.30
68.28
68.27
68.26
68.24
68.25
68.25
68.24
68.26
68.24
68.23
68.22
68.21
68.22
68.24
68.24
68.24
68.27
68.24
68.23
68.21
68.19
68.21
68.22
68.25
68.26
68.27
68.27
68.27
68.27
68.27
68.27
68.29
68.32
68.31
68.30
68.31
68.32
68.34
68.34
68.34
68.32
68.33
68.33
68.33
68.31
68.31
68.31
68.30
68.29
68.29
68.29
68.29
68.30
68.28
68.28
68.28
68.29
68.28
68.28
68.26
68.27
68.26
68.24
68.26
68.25
68.24
68.25
68.24
68.24
68.23
68.23
68.24
68.25
68.25
68.28
68.27
68.28
68.26
68.27
68.27
68.26
68.26
68.26
68.25
68.25
68.26
68.25
68.24
68.26
68.26
68.26
68.28
68.29
68.30
68.29
68.28
68.30
68.31
68.32
68.33
68.34
68.35
68.35
68.35
68.35
68.36
68.36
68.36
68.36
68.37
68.37
68.37
68.36
68.35
68.36
68.37
68.36
68.35
68.31
68.32
68.32
68.31
68.30
68.32
68.30
68.29
68.32
68.32
68.29
68.28
68.29
68.29
68.28
68.29
68.27
68.26
68.28
68.28
68.29
68.30
68.30
68.32
68.33
68.32
68.31
68.34
68.34
68.35
68.36
68.35
68.36
68.34
68.36
68.36
68.37
68.38
68.37
68.39
68.39
68.39
68.40
68.41
68.40
68.38
68.37
68.37
68.39
68.41
68.41
68.40
68.39
68.40
68.40
68.41
68.40
68.40
68.40
68.41
68.41
68.41
68.43
68.42
68.42
68.41
68.43
68.42
68.41
68.40
68.40
68.39
68.39
68.37
68.36
68.36
68.37
68.39
68.38
68.38
68.40
68.38
68.39
68.39
68.41
68.40
68.41
68.41
68.40
68.42
68.42
68.40
68.38
68.38
68.38
68.38
68.39
68.40
68.39
68.39
68.38
68.40
68.38
68.39
68.39
68.39
68.39
68.39
68.39
68.39
68.39
68.40
68.40
68.40
68.40
68.41
68.41
68.40
68.40
68.39
68.38
68.38
68.39
68.39
68.40
68.40
68.40
68.41
68.41
68.42
68.43
68.43
68.44
68.43
68.43
68.42
68.42
68.44
68.44
68.42
68.42
68.41
68.41
68.42
68.43
68.42
68.43
68.41
68.42
68.42
68.42
68.43
68.42
68.42
68.42
68.43
68.43
68.42
68.41
68.41
68.42
68.43
68.43
68.43
68.43
68.45
68.44
68.44
68.44
68.46
68.47
68.48
68.48
68.47
68.47
68.48
68.48
68.49
68.50
68.51
68.51
68.52
68.50
68.49
68.49
68.47
68.48
68.49
68.49
68.49
68.49
68.50
68.51
68.52
68.52
68.52
68.51
68.52
68.52
68.53
68.53
68.53
68.53
68.54
68.53
68.54
68.54
68.56
68.55
68.55
68.55
68.56
68.56
68.57
68.58
68.58
68.58
68.58
68.59
68.58
68.59
68.58
68.59
68.60
68.58
68.59
68.60
68.60
68.59
68.59
68.59
68.58
68.59
68.58
68.58
68.59
68.60
68.59
68.60
68.60
68.61
68.61
68.59
68.57
68.56
68.56
68.54
68.55
68.56
68.49
