65.62
64.06
67.19
65.23
65.31
65.36
67.19
66.21
65.62
65.62
66.05
65.76
66.47
65.96
66.15
66.70
66.73
66.75
66.53
66.25
66.29
65.91
66.03
66.47
66.50
66.59
66.67
66.74
66.92
66.93
66.89
66.65
67.00
67.23
67.23
67.10
67.10
67.06
67.39
67.50
67.38
67.49
67.66
67.86
67.85
67.73
67.85
67.74
67.57
67.62
67.25
67.25
67.22
67.36
67.41
67.44
67.71
67.56
67.45
67.40
67.49
67.49
67.58
67.53
67.38
67.45
67.42
67.44
67.37
67.34
67.47
67.49
67.59
67.55
67.52
67.70
67.76
67.71
67.84
67.85
67.86
67.91
67.87
67.78
67.67
67.61
67.58
67.45
67.40
67.41
67.41
67.44
67.52
67.55
67.66
67.58
67.67
67.60
67.60
67.59
67.57
67.54
67.61
67.52
67.49
67.54
67.54
67.53
67.47
67.44
67.38
67.38
67.44
67.41
67.35
67.32
67.33
67.39
67.36
67.42
67.52
67.53
67.52
67.52
67.56
67.51
67.42
67.40
67.30
67.28
67.31
67.31
67.30
67.28
67.25
67.27
67.29
67.32
67.37
67.33
67.34
67.33
67.37
67.39
67.36
67.31
67.24
67.22
67.25
67.29
67.28
67.32
67.37
67.39
67.37
67.37
67.36
67.39
67.41
67.38
67.44
67.42
67.46
67.47
67.51
67.46
67.48
67.42
67.38
67.38
67.41
67.43
67.40
67.44
67.44
67.45
67.47
67.54
67.54
67.56
67.53
67.52
67.49
67.54
67.54
67.54
67.50
67.42
67.44
67.41
67.42
67.48
67.48
67.51
67.48
67.48
67.47
67.42
67.48
67.48
67.49
67.53
67.53
67.57
67.60
67.60
67.60
67.61
67.59
67.63
67.66
67.66
67.62
67.60
67.58
67.61
67.61
67.60
67.64
67.66
67.68
67.69
67.65
67.63
67.64
67.65
67.63
67.62
67.63
67.61
67.61
67.62
67.56
67.55
67.58
67.58
67.58
67.59
67.57
67.57
67.58
67.56
67.55
67.57
67.54
67.48
67.49
67.51
67.54
67.55
67.53
67.52
67.51
67.56
67.54
67.54
67.53
67.52
67.56
67.57
67.59
67.61
67.62
67.62
67.62
67.61
67.63
67.64
67.65
67.66
67.64
67.66
67.66
67.64
67.65
67.63
67.59
67.55
67.55
67.53
67.54
67.57
67.61
67.61
67.59
67.58
67.61
67.58
67.53
67.52
67.52
67.53
67.52
67.53
67.52
67.49
67.50
67.51
67.51
67.46
67.48
67.44
67.46
67.43
67.44
67.47
67.46
67.47
67.46
67.44
67.45
67.47
67.46
67.48
67.49
67.50
67.47
67.46
67.44
67.41
67.43
67.43
67.41
67.37
67.39
67.37
67.38
67.38
67.37
67.41
67.43
67.46
67.47
67.46
67.48
67.48
67.49
67.52
67.54
67.53
67.58
67.57
67.57
67.59
67.56
67.58
67.58
67.59
67.58
67.60
67.60
67.64
67.61
67.63
67.63
67.64
67.63
67.63
67.66
67.64
67.67
67.67
67.65
67.66
67.67
67.66
67.64
67.63
67.65
67.65
67.65
67.66
67.64
67.68
67.68
67.69
67.71
67.69
67.69
67.71
67.69
67.69
67.69
67.70
67.72
67.71
67.72
67.72
67.71
67.70
67.66
67.68
67.72
67.71
67.69
67.68
67.67
67.67
67.67
67.66
67.67
67.68
67.67
67.66
67.66
67.65
67.64
67.62
67.63
67.62
67.63
67.66
67.67
67.69
67.68
67.70
67.68
67.68
67.69
67.68
67.70
67.70
67.72
67.70
67.68
67.69
67.70
67.67
67.64
67.63
67.62
67.63
67.63
67.64
67.67
67.65
67.66
67.66
67.65
67.64
67.63
67.61
67.59
67.59
67.59
67.62
67.59
67.56
67.55
67.56
67.59
67.61
67.60
67.59
67.61
67.62
67.59
67.58
67.58
67.56
67.56
67.58
67.57
67.59
67.59
67.58
67.61
67.61
67.61
67.60
67.59
67.57
67.57
67.56
67.58
67.59
67.61
67.62
67.63
67.64
67.64
67.63
67.63
67.62
67.63
67.65
67.63
67.62
67.62
67.60
67.59
67.59
67.57
67.57
67.59
67.62
67.62
67.62
67.61
67.61
67.62
67.63
67.63
67.63
67.65
67.66
67.67
67.68
67.70
67.72
67.71
67.74
67.74
67.75
67.76
67.76
67.78
67.79
67.79
67.80
67.81
67.83
67.82
67.82
67.82
67.82
67.82
67.82
67.82
67.83
67.83
67.83
67.84
67.85
67.86
67.87
67.85
67.84
67.84
67.84
67.85
67.86
67.87
67.88
67.90
67.92
67.92
67.90
67.89
67.89
67.89
67.89
67.89
67.88
67.91
67.88
67.89
67.88
67.87
67.87
67.87
67.86
67.87
67.86
67.87
67.86
67.87
67.89
67.89
67.89
67.89
67.88
67.87
67.88
67.88
67.91
67.91
67.90
67.89
67.90
67.88
67.87
67.88
67.88
67.88
67.86
67.86
67.87
67.88
67.90
67.90
67.88
67.88
67.90
67.91
67.92
67.91
67.91
67.90
67.90
67.91
67.90
67.92
67.91
67.91
67.91
67.89
67.89
67.88
67.87
67.87
67.85
67.87
67.87
67.87
67.87
67.86
67.86
67.84
67.83
67.83
67.82
67.83
67.83
67.83
67.83
67.83
67.83
67.82
67.81
67.81
67.82
67.82
67.82
67.83
67.82
67.83
67.83
67.83
67.84
67.84
67.83
67.83
67.82
67.83
67.82
67.83
67.81
67.81
67.81
67.80
67.81
67.82
67.82
67.82
67.82
67.82
67.83
67.82
67.81
67.82
67.82
67.83
67.83
67.84
67.85
67.85
67.86
67.86
67.86
67.87
67.87
67.86
67.86
67.87
67.88
67.88
67.88
67.88
67.87
67.86
67.85
67.85
67.85
67.86
67.87
67.87
67.89
67.89
67.90
67.90
67.90
67.89
67.87
67.88
67.87
67.86
67.86
67.86
67.85
67.86
67.85
67.85
67.84
67.83
67.83
67.82
67.83
67.81
67.81
67.79
67.77
67.77
67.78
67.76
67.76
67.76
67.75
67.76
67.76
67.77
67.77
67.77
67.79
67.79
67.80
67.80
67.81
67.80
67.80
67.81
67.81
67.81
67.82
67.80
67.80
67.80
67.80
67.79
67.80
67.81
67.82
67.83
67.82
67.81
67.83
67.83
67.84
67.85
67.84
67.84
67.83
67.84
67.83
67.82
67.83
67.84
67.83
67.82
67.82
67.82
67.83
67.84
67.85
67.86
67.86
67.85
67.86
67.87
67.88
67.87
67.88
67.88
67.88
67.88
67.89
67.90
67.90
67.90
67.89
67.89
67.82
