64.06
65.62
61.98
63.67
64.69
64.84
64.29
64.45
65.80
66.09
67.05
66.67
66.83
67.19
67.29
66.99
67.28
67.27
67.35
66.56
66.67
66.69
66.71
66.73
66.75
66.77
66.44
66.57
66.59
66.56
66.68
66.70
66.71
66.91
66.61
66.54
66.30
66.45
66.43
66.48
66.16
66.48
66.32
66.48
66.46
66.51
66.52
66.44
66.29
66.19
65.93
65.96
66.04
65.91
65.91
66.04
65.98
66.00
65.94
65.81
65.93
65.88
65.85
65.89
65.77
65.70
65.79
65.83
65.96
66.12
66.18
66.06
66.18
66.24
66.25
66.22
66.25
66.17
66.20
66.19
66.13
66.03
66.00
66.00
65.97
65.90
65.88
66.00
66.05
66.09
66.11
66.19
66.26
66.16
66.07
66.08
66.16
66.18
66.18
66.27
66.38
66.28
66.37
66.38
66.41
66.33
66.33
66.30
66.24
66.21
66.16
66.31
66.33
66.37
66.37
66.29
66.35
66.35
66.36
66.35
66.39
66.39
66.44
66.52
66.56
66.60
66.55
66.60
66.62
66.63
66.65
66.65
66.69
66.62
66.68
66.66
66.65
66.58
66.50
66.54
66.51
66.51
66.47
66.47
66.53
66.56
66.51
66.55
66.55
66.54
66.51
66.51
66.45
66.49
66.54
66.54
66.54
66.56
66.52
66.47
66.52
66.51
66.46
66.49
66.49
66.54
66.53
66.55
66.56
66.56
66.58
66.59
66.63
66.68
66.71
66.70
66.69
66.77
66.80
66.81
66.82
66.84
66.84
66.84
66.77
66.79
66.80
66.87
66.91
66.92
66.94
66.91
66.90
66.91
66.92
66.93
66.94
66.96
66.95
66.97
66.97
67.03
67.02
67.00
66.96
66.94
66.92
66.86
66.90
66.93
66.94
67.00
66.96
66.90
66.93
66.93
66.94
66.96
66.94
67.00
66.95
66.96
66.94
66.94
66.94
66.90
66.91
66.93
66.90
66.91
66.92
66.92
66.91
66.88
66.85
66.82
66.82
66.81
66.78
66.78
66.81
66.84
66.82
66.85
66.91
66.91
66.88
66.86
66.85
66.85
66.88
66.90
66.90
66.89
66.90
66.93
66.91
66.90
66.90
66.91
66.92
66.91
66.93
66.93
66.92
66.89
66.89
66.91
66.91
66.90
66.90
66.91
66.94
66.93
66.93
66.93
66.94
66.89
66.87
66.86
66.85
66.86
66.85
66.88
66.87
66.89
66.89
66.92
66.86
66.86
66.87
66.81
66.78
66.78
66.78
66.78
66.77
66.76
66.76
66.77
66.78
66.77
66.81
66.83
66.84
66.82
66.84
66.83
66.80
66.80
66.80
66.80
66.81
66.80
66.80
66.79
66.78
66.76
66.76
66.73
66.76
66.78
66.76
66.75
66.75
66.78
66.76
66.76
66.78
66.76
66.76
66.77
66.77
66.78
66.81
66.79
66.81
66.79
66.80
66.80
66.81
66.78
66.79
66.77
66.76
66.73
66.74
66.73
66.75
66.75
66.75
66.76
66.78
66.77
66.76
66.73
66.75
66.76
66.76
66.76
66.78
66.79
66.81
66.81
66.81
66.82
66.82
66.84
66.84
66.83
66.83
66.83
66.85
66.84
66.85
66.82
66.82
66.79
66.78
66.77
66.79
66.80
66.81
66.81
66.84
66.83
66.83
66.83
66.83
66.83
66.85
66.83
66.84
66.85
66.85
66.90
66.87
66.84
66.85
66.84
66.83
66.81
66.82
66.83
66.82
66.80
66.80
66.81
66.82
66.83
66.84
66.84
66.82
66.81
66.81
66.79
66.80
66.79
66.79
66.79
66.79
66.76
66.76
66.75
66.73
66.70
66.71
66.72
66.74
66.76
66.79
66.80
66.81
66.81
66.82
66.82
66.82
66.81
66.82
66.83
66.82
66.83
66.82
66.83
66.82
66.83
66.84
66.88
66.85
66.86
66.86
66.86
66.87
66.88
66.88
66.89
66.87
66.86
66.86
66.87
66.87
66.87
66.86
66.86
66.87
66.85
66.87
66.86
66.85
66.85
66.84
66.85
66.86
66.88
66.86
66.88
66.87
66.85
66.84
66.84
66.83
66.82
66.84
66.85
66.85
66.86
66.88
66.88
66.86
66.87
66.86
66.84
66.87
66.85
66.85
66.87
66.86
66.87
66.87
66.85
66.86
66.87
66.88
66.89
66.87
66.88
66.87
66.85
66.87
66.88
66.89
66.89
66.89
66.91
66.89
66.89
66.88
66.86
66.85
66.85
66.84
66.85
66.85
66.86
66.86
66.85
66.83
66.83
66.83
66.85
66.82
66.83
66.82
66.81
66.83
66.81
66.81
66.82
66.83
66.82
66.81
66.79
66.78
66.77
66.76
66.75
66.75
66.74
66.75
66.76
66.75
66.75
66.75
66.74
66.74
66.74
66.73
66.75
66.75
66.76
66.77
66.78
66.77
66.76
66.78
66.78
66.79
66.80
66.79
66.80
66.78
66.77
66.78
66.77
66.77
66.79
66.81
66.81
66.82
66.82
66.83
66.85
66.85
66.84
66.83
66.83
66.83
66.84
66.83
66.83
66.83
66.84
66.85
66.85
66.84
66.82
66.81
66.81
66.79
66.79
66.79
66.79
66.78
66.78
66.79
66.80
66.80
66.81
66.82
66.81
66.81
66.81
66.84
66.84
66.84
66.85
66.87
66.87
66.87
66.88
66.87
66.87
66.88
66.86
66.83
66.83
66.84
66.83
66.81
66.81
66.80
66.80
66.81
66.80
66.80
66.82
66.82
66.83
66.83
66.82
66.83
66.84
66.85
66.84
66.84
66.85
66.85
66.85
66.85
66.85
66.85
66.84
66.84
66.84
66.83
66.83
66.82
66.82
66.83
66.84
66.83
66.85
66.85
66.85
66.84
66.83
66.82
66.81
66.82
66.83
66.84
66.84
66.84
66.84
66.85
66.85
66.85
66.86
66.86
66.87
66.86
66.85
66.85
66.87
66.87
66.87
66.86
66.87
66.87
66.88
66.88
66.89
66.88
66.88
66.88
66.90
66.89
66.89
66.90
66.90
66.91
66.90
66.90
66.89
66.88
66.88
66.88
66.88
66.88
66.89
66.89
66.89
66.89
66.91
66.91
66.91
66.91
66.91
66.92
66.91
66.91
66.91
66.90
66.90
66.91
66.91
66.91
66.91
66.92
66.91
66.90
66.91
66.92
66.92
66.93
66.94
66.94
66.94
66.95
66.95
66.96
66.96
66.95
66.95
66.96
66.96
66.96
66.95
66.96
66.95
66.94
66.94
66.93
66.94
66.93
66.93
66.93
66.92
66.91
66.91
66.92
66.91
66.90
66.89
66.90
66.89
66.88
66.88
66.89
66.90
66.90
66.90
66.88
66.89
66.90
66.90
66.89
66.88
66.88
66.89
66.88
66.82
