68.75
72.66
71.88
67.97
66.88
69.53
68.97
69.73
70.49
70.47
69.89
70.18
69.95
69.64
69.90
69.24
69.49
68.92
68.67
68.83
68.97
68.75
69.02
69.34
69.25
69.35
69.10
69.14
68.97
68.91
68.55
68.60
68.70
68.84
68.88
68.79
68.67
68.79
68.95
68.83
68.64
68.56
68.60
68.47
68.33
68.14
68.15
68.16
68.08
67.94
67.86
67.91
68.01
67.91
67.95
67.91
67.90
68.02
67.98
67.68
67.88
67.84
67.91
67.92
68.12
68.11
67.98
67.99
68.05
68.06
67.91
67.88
67.96
68.03
68.02
68.13
68.24
68.27
68.33
68.30
68.31
68.31
68.24
68.23
68.18
68.22
68.21
68.20
68.19
68.32
68.32
68.34
68.41
68.45
68.39
68.51
68.51
68.57
68.48
68.52
68.50
68.50
68.51
68.49
68.54
68.46
68.37
68.46
68.51
68.57
68.50
68.51
68.47
68.48
68.44
68.36
68.42
68.46
68.54
68.62
68.57
68.55
68.55
68.66
68.65
68.65
68.61
68.59
68.57
68.58
68.61
68.62
68.53
68.54
68.53
68.54
68.56
68.57
68.59
68.64
68.57
68.62
68.62
68.64
68.59
68.59
68.61
68.62
68.62
68.68
68.77
68.71
68.72
68.68
68.65
68.68
68.67
68.70
68.69
68.74
68.74
68.71
68.69
68.73
68.76
68.73
68.70
68.63
68.60
68.55
68.50
68.59
68.61
68.64
68.59
68.57
68.65
68.65
68.64
68.62
68.61
68.57
68.60
68.62
68.58
68.62
68.65
68.61
68.66
68.66
68.71
68.75
68.75
68.77
68.78
68.79
68.79
68.80
68.75
68.72
68.73
68.77
68.80
68.81
68.82
68.82
68.80
68.78
68.84
68.87
68.86
68.88
68.88
68.87
68.90
68.88
68.91
68.91
68.96
68.94
68.93
68.99
69.02
69.02
69.06
69.03
69.05
69.07
69.08
69.07
69.08
69.09
69.09
69.07
69.08
69.06
69.07
69.07
69.05
69.03
69.03
68.99
69.02
69.03
69.06
69.07
69.10
69.10
69.06
69.03
69.07
69.04
69.02
69.06
69.06
69.06
69.08
69.06
69.06
69.06
69.07
69.07
69.05
69.02
69.01
69.01
69.05
69.02
69.04
69.04
69.04
69.04
69.05
69.05
69.07
69.06
69.07
69.06
69.07
69.08
69.09
69.13
69.10
69.10
69.09
69.07
69.07
69.04
69.05
69.04
69.02
69.02
69.04
69.04
69.07
69.07
69.06
69.10
69.12
69.13
69.13
69.11
69.11
69.11
69.17
69.15
69.17
69.18
69.15
69.19
69.16
69.15
69.14
69.16
69.19
69.18
69.21
69.23
69.19
69.23
69.24
69.26
69.29
69.29
69.28
69.30
69.31
69.32
69.32
69.33
69.36
69.38
69.37
69.35
69.35
69.36
69.38
69.38
69.37
69.40
69.42
69.43
69.42
69.42
69.41
69.39
69.39
69.39
69.38
69.39
69.40
69.39
69.39
69.42
69.43
69.40
69.41
69.44
69.42
69.44
69.42
69.41
69.40
69.39
69.38
69.38
69.37
69.35
69.34
69.34
69.36
69.39
69.42
69.43
69.40
69.39
69.40
69.39
69.41
69.41
69.40
69.40
69.39
69.38
69.39
69.38
69.34
69.35
69.34
69.35
69.35
69.35
69.37
69.35
69.34
69.32
69.32
69.31
69.34
69.34
69.32
69.31
69.32
69.33
69.32
69.33
69.32
69.33
69.32
69.31
69.31
69.32
69.29
69.29
69.30
69.29
69.30
69.28
69.29
69.32
69.32
69.32
69.31
69.31
69.31
69.33
69.32
69.30
69.29
69.26
69.28
69.29
69.27
69.27
69.25
69.26
69.25
69.26
69.26
69.24
69.25
69.27
69.26
69.27
69.26
69.27
69.28
69.29
69.27
69.25
69.27
69.28
69.28
69.28
69.26
69.25
69.25
69.24
69.27
69.26
69.27
69.26
69.26
69.26
69.25
69.25
69.24
69.22
69.21
69.20
69.19
69.19
69.19
69.18
69.17
69.17
69.19
69.20
69.20
69.20
69.21
69.20
69.20
69.21
69.22
69.23
69.23
69.21
69.21
69.24
69.24
69.23
69.24
69.24
69.23
69.22
69.22
69.22
69.22
69.24
69.26
69.27
69.26
69.26
69.26
69.27
69.26
69.29
69.27
69.27
69.28
69.27
69.27
69.25
69.24
69.22
69.21
69.22
69.22
69.22
69.22
69.25
69.28
69.26
69.26
69.26
69.26
69.24
69.25
69.24
69.24
69.22
69.22
69.19
69.20
69.20
69.20
69.19
69.19
69.19
69.19
69.19
69.18
69.20
69.20
69.19
69.19
69.19
69.18
69.19
69.19
69.17
69.16
69.16
69.16
69.15
69.15
69.14
69.16
69.16
69.16
69.17
69.17
69.18
69.18
69.16
69.15
69.15
69.16
69.16
69.17
69.15
69.16
69.15
69.15
69.15
69.14
69.14
69.14
69.13
69.13
69.13
69.13
69.13
69.14
69.14
69.15
69.16
69.17
69.17
69.17
69.16
69.16
69.17
69.18
69.18
69.17
69.17
69.17
69.17
69.18
69.19
69.19
69.18
69.18
69.18
69.16
69.15
69.14
69.14
69.13
69.13
69.13
69.12
69.11
69.10
69.08
69.07
69.07
69.08
69.06
69.07
69.09
69.09
69.09
69.07
69.07
69.10
69.11
69.12
69.12
69.13
69.14
69.15
69.15
69.14
69.14
69.14
69.15
69.17
69.19
69.18
69.18
69.18
69.18
69.18
69.17
69.16
69.16
69.17
69.16
69.16
69.15
69.16
69.16
69.17
69.18
69.18
69.16
69.16
69.16
69.15
69.14
69.13
69.14
69.15
69.14
69.14
69.15
69.15
69.13
69.13
69.14
69.14
69.14
69.13
69.15
69.17
69.18
69.18
69.17
69.17
69.15
69.14
69.13
69.13
69.14
69.13
69.11
69.12
69.12
69.11
69.12
69.12
69.10
69.10
69.11
69.11
69.11
69.09
69.08
69.09
69.09
69.08
69.08
69.07
69.06
69.06
69.07
69.07
69.06
69.07
69.05
69.03
69.02
69.02
69.03
69.03
69.01
69.01
69.01
68.98
68.97
68.96
68.96
68.95
68.96
68.96
68.96
68.96
68.96
68.94
68.94
68.94
68.95
68.95
68.94
68.93
68.93
68.94
68.94
68.96
68.97
68.97
68.96
68.97
68.96
68.97
68.95
68.95
68.94
68.95
68.95
68.95
68.94
68.95
68.95
68.96
68.97
68.97
68.95
68.94
68.95
68.94
68.94
68.93
68.93
68.92
68.92
68.92
68.92
68.93
68.93
68.92
68.92
68.93
68.92
68.92
68.91
68.91
68.92
68.85
