62.50
63.28
61.98
61.33
59.38
56.77
56.92
56.45
57.64
57.81
56.96
56.90
57.09
57.03
58.12
57.91
57.35
57.81
58.06
58.12
58.18
58.03
57.88
57.68
57.62
58.05
58.28
58.65
58.94
59.06
59.12
59.13
59.33
59.37
59.64
59.51
59.33
59.50
59.50
59.10
58.99
59.00
58.98
59.09
59.13
59.34
59.34
59.24
59.28
59.31
59.28
59.31
59.49
59.43
59.40
59.35
59.24
59.35
59.48
59.48
59.50
59.50
59.40
59.40
59.42
59.42
59.21
59.19
59.31
59.20
59.31
59.29
59.18
59.25
59.19
59.09
59.03
58.97
58.92
58.79
58.74
58.73
58.83
58.89
58.73
58.70
58.75
58.74
58.76
58.72
58.69
58.80
58.77
58.81
58.85
58.72
58.59
58.55
58.40
58.39
58.40
58.49
58.66
58.67
58.65
58.56
58.60
58.61
58.54
58.59
58.54
58.54
58.61
58.63
58.64
58.65
58.63
58.62
58.65
58.72
58.73
58.68
58.70
58.73
58.75
58.72
58.72
58.69
58.77
58.74
58.79
58.78
58.79
58.79
58.85
58.92
58.90
58.89
58.93
58.94
58.99
58.97
58.95
59.01
58.93
58.93
58.92
58.86
58.92
58.92
58.85
58.82
58.90
58.85
58.85
58.77
58.78
58.73
58.71
58.72
58.76
58.69
58.63
58.61
58.57
58.59
58.62
58.59
58.66
58.70
58.67
58.63
58.58
58.57
58.57
58.53
58.55
58.58
58.61
58.61
58.65
58.66
58.72
58.70
58.74
58.74
58.70
58.71
58.73
58.68
58.73
58.76
58.78
58.76
58.77
58.78
58.73
58.72
58.69
58.62
58.58
58.54
58.55
58.51
58.48
58.43
58.45
58.44
58.41
58.35
58.38
58.37
58.30
58.32
58.26
58.30
58.35
58.35
58.35
58.36
58.36
58.36
58.39
58.37
58.39
58.36
58.35
58.37
58.36
58.35
58.31
58.28
58.26
58.29
58.26
58.30
58.33
58.36
58.29
58.28
58.30
58.35
58.36
58.36
58.34
58.36
58.38
58.34
58.38
58.37
58.37
58.38
58.37
58.36
58.32
58.33
58.31
58.31
58.32
58.33
58.31
58.33
58.35
58.32
58.32
58.32
58.35
58.35
58.31
58.30
58.29
58.33
58.32
58.34
58.36
58.35
58.33
58.30
58.31
58.26
58.25
58.22
58.24
58.22
58.17
58.16
58.16
58.17
58.15
58.16
58.12
58.13
58.13
58.15
58.12
58.12
58.12
58.09
58.08
58.08
58.07
58.06
58.00
57.98
57.99
57.98
57.99
58.00
58.01
57.99
57.94
57.96
57.99
57.96
57.93
57.92
57.96
57.98
57.94
57.96
57.96
57.98
58.01
58.00
58.03
58.04
58.03
58.06
58.07
58.09
58.06
58.09
58.12
58.12
58.12
58.14
58.11
58.09
58.08
58.07
58.05
58.03
58.04
58.06
58.08
58.09
58.08
58.05
58.06
58.06
58.06
58.05
58.05
58.05
58.03
58.03
58.00
57.98
57.98
57.99
58.00
58.01
57.99
58.03
58.04
58.01
58.00
58.00
57.99
57.96
57.97
57.96
57.94
57.94
57.95
57.94
57.95
57.96
57.96
57.98
57.97
57.99
58.01
58.01
58.04
58.03
58.03
58.04
58.03
58.02
58.01
58.02
58.00
57.99
57.99
58.01
58.00
58.00
57.99
57.98
57.98
57.96
57.96
58.01
57.99
58.01
58.03
58.02
58.00
58.00
57.99
58.01
58.00
57.99
57.99
57.97
57.98
57.97
58.00
58.01
58.03
58.05
58.06
58.10
58.07
58.07
58.11
58.10
58.11
58.10
58.08
58.09
58.10
58.09
58.09
58.13
58.15
58.14
58.15
58.13
58.11
58.11
58.11
58.13
58.13
58.11
58.12
58.11
58.12
58.12
58.11
58.09
58.08
58.08
58.08
58.06
58.04
58.04
58.05
58.03
58.03
58.05
58.07
58.07
58.08
58.08
58.09
58.11
58.13
58.12
58.13
58.12
58.12
58.12
58.12
58.10
58.09
58.07
58.07
58.07
58.09
58.08
58.09
58.09
58.07
58.05
58.06
58.03
58.04
58.05
58.05
58.05
58.06
58.06
58.08
58.08
58.09
58.10
58.09
58.11
58.13
58.15
58.16
58.16
58.15
58.15
58.17
58.16
58.17
58.16
58.15
58.15
58.16
58.17
58.19
58.19
58.18
58.17
58.16
58.16
58.18
58.18
58.18
58.20
58.18
58.19
58.19
58.17
58.18
58.16
58.14
58.13
58.11
58.10
58.09
58.08
58.07
58.07
58.07
58.07
58.07
58.07
58.05
58.04
58.05
58.02
58.02
58.03
58.04
58.03
58.04
58.03
58.02
58.02
58.02
58.01
58.02
58.00
58.01
58.01
58.01
58.00
58.02
58.01
57.99
57.99
57.98
57.99
58.00
58.02
58.02
58.01
58.01
58.02
58.01
58.01
58.02
58.02
58.02
58.02
58.05
58.06
58.04
58.05
58.04
58.04
58.05
58.05
58.06
58.05
58.06
58.05
58.05
58.06
58.05
58.06
58.06
58.06
58.04
58.05
58.05
58.05
58.05
58.06
58.06
58.07
58.08
58.07
58.09
58.10
58.10
58.10
58.10
58.11
58.11
58.11
58.13
58.14
58.15
58.16
58.14
58.14
58.15
58.15
58.15
58.14
58.14
58.15
58.14
58.15
58.15
58.14
58.13
58.13
58.13
58.12
58.13
58.11
58.12
58.12
58.11
58.11
58.12
58.14
58.13
58.11
58.12
58.14
58.14
58.14
58.13
58.13
58.13
58.13
58.16
58.16
58.15
58.15
58.17
58.17
58.17
58.18
58.19
58.21
58.20
58.20
58.20
58.20
58.20
58.21
58.23
58.20
58.20
58.20
58.20
58.19
58.19
58.19
58.20
58.19
58.18
58.19
58.20
58.20
58.18
58.15
58.15
58.15
58.17
58.16
58.15
58.15
58.15
58.16
58.16
58.17
58.17
58.18
58.16
58.17
58.18
58.17
58.17
58.17
58.18
58.18
58.16
58.16
58.17
58.17
58.18
58.19
58.19
58.21
58.21
58.19
58.19
58.19
58.19
58.17
58.17
58.17
58.16
58.16
58.15
58.15
58.15
58.16
58.16
58.16
58.18
58.18
58.18
58.17
58.18
58.18
58.19
58.20
58.21
58.20
58.20
58.20
58.20
58.20
58.21
58.22
58.22
58.22
58.22
58.21
58.21
58.21
58.20
58.21
58.22
58.21
58.20
58.19
58.18
58.19
58.18
58.19
58.17
58.17
58.18
58.19
58.19
58.18
58.17
58.16
58.16
58.16
58.14
58.14
58.14
58.12
58.12
58.12
58.11
58.11
58.11
58.06
