70.31
74.22
70.83
68.75
66.56
66.93
66.96
66.02
64.76
65.00
65.48
65.89
65.87
66.07
66.56
66.41
66.91
66.67
67.02
67.19
67.11
67.47
67.60
67.38
67.38
67.43
67.71
67.24
67.19
67.19
67.24
67.14
66.90
66.96
66.52
66.41
66.17
66.04
65.95
65.94
66.04
66.03
66.10
66.09
66.04
66.00
66.09
65.98
66.14
66.19
66.05
66.20
66.27
66.26
66.25
66.18
66.20
66.30
66.18
66.07
66.03
66.18
66.15
66.04
66.03
66.05
66.21
66.34
66.37
66.56
66.64
66.60
66.76
66.68
66.73
66.71
66.70
66.67
66.69
66.58
66.53
66.46
66.49
66.48
66.45
66.42
66.40
66.42
66.54
66.55
66.66
66.63
66.68
66.72
66.74
66.81
66.85
66.84
66.70
66.69
66.66
66.65
66.60
66.59
66.49
66.39
66.41
66.41
66.37
66.39
66.27
66.22
66.26
66.15
66.13
66.00
66.04
66.04
65.98
66.03
66.12
66.15
66.18
66.20
66.19
66.22
66.19
66.20
66.25
66.32
66.33
66.34
66.37
66.35
66.41
66.46
66.49
66.47
66.47
66.52
66.49
66.44
66.44
66.41
66.33
66.32
66.32
66.32
66.34
66.34
66.40
66.43
66.44
66.46
66.50
66.49
66.49
66.53
66.53
66.54
66.59
66.56
66.55
66.51
66.55
66.55
66.55
66.56
66.61
66.60
66.60
66.61
66.58
66.56
66.52
66.51
66.53
66.56
66.56
66.56
66.56
66.55
66.56
66.51
66.55
66.54
66.59
66.59
66.56
66.51
66.57
66.61
66.60
66.62
66.59
66.61
66.61
66.63
66.60
66.58
66.57
66.58
66.53
66.51
66.52
66.52
66.49
66.52
66.51
66.51
66.52
66.53
66.52
66.56
66.52
66.54
66.59
66.56
66.52
66.50
66.54
66.58
66.58
66.60
66.55
66.53
66.51
66.52
66.52
66.51
66.59
66.62
66.62
66.61
66.64
66.65
66.63
66.64
66.58
66.61
66.61
66.59
66.58
66.56
66.55
66.56
66.57
66.60
66.57
66.57
66.55
66.50
66.51
66.55
66.59
66.64
66.65
66.64
66.67
66.64
66.63
66.60
66.60
66.64
66.62
66.65
66.65
66.67
66.71
66.70
66.72
66.69
66.70
66.70
66.70
66.70
66.70
66.70
66.72
66.72
66.73
66.76
66.76
66.77
66.74
66.77
66.74
66.75
66.74
66.72
66.72
66.73
66.72
66.71
66.68
66.66
66.66
66.69
66.66
66.65
66.63
66.66
66.64
66.63
66.61
66.61
66.59
66.57
66.59
66.61
66.61
66.59
66.61
66.64
66.66
66.62
66.61
66.61
66.60
66.58
66.60
66.59
66.59
66.60
66.62
66.58
66.55
66.57
66.57
66.56
66.53
66.56
66.57
66.55
66.55
66.56
66.54
66.49
66.47
66.47
66.52
66.51
66.50
66.47
66.50
66.54
66.53
66.55
66.56
66.54
66.54
66.55
66.55
66.53
66.53
66.53
66.54
66.52
66.50
66.48
66.50
66.49
66.48
66.50
66.49
66.50
66.52
66.50
66.49
66.48
66.46
66.44
66.40
66.41
66.42
66.42
66.42
66.41
66.36
66.37
66.39
66.39
66.38
66.38
66.37
66.37
66.36
66.37
66.36
66.38
66.37
66.36
66.36
66.37
66.36
66.35
66.38
66.39
66.39
66.38
66.38
66.38
66.37
66.40
66.41
66.41
66.39
66.40
66.42
66.42
66.43
66.41
66.41
66.44
66.43
66.42
66.42
66.41
66.40
66.41
66.38
66.37
66.37
66.37
66.37
66.38
66.39
66.40
66.40
66.37
66.36
66.37
66.36
66.37
66.37
66.39
66.38
66.40
66.41
66.41
66.42
66.39
66.37
66.40
66.41
66.42
66.42
66.42
66.40
66.40
66.41
66.39
66.38
66.39
66.37
66.37
66.36
66.36
66.36
66.34
66.33
66.32
66.33
66.34
66.31
66.33
66.34
66.33
66.34
66.34
66.33
66.35
66.35
66.36
66.37
66.35
66.36
66.35
66.34
66.32
66.31
66.31
66.28
66.26
66.27
66.28
66.29
66.27
66.27
66.28
66.28
66.29
66.28
66.26
66.28
66.28
66.29
66.30
66.30
66.29
66.28
66.28
66.27
66.29
66.27
66.27
66.29
66.30
66.31
66.31
66.29
66.30
66.28
66.27
66.28
66.29
66.29
66.28
66.28
66.27
66.27
66.28
66.30
66.32
66.31
66.30
66.29
66.29
66.28
66.27
66.28
66.28
66.28
66.27
66.28
66.29
66.30
66.30
66.31
66.32
66.32
66.33
66.32
66.33
66.34
66.34
66.36
66.35
66.36
66.37
66.38
66.38
66.36
66.36
66.36
66.37
66.36
66.36
66.37
66.38
66.37
66.35
66.36
66.37
66.36
66.37
66.37
66.37
66.37
66.38
66.37
66.37
66.38
66.39
66.39
66.37
66.36
66.37
66.38
66.39
66.38
66.38
66.41
66.43
66.43
66.44
66.44
66.45
66.44
66.42
66.43
66.43
66.43
66.43
66.43
66.44
66.45
66.45
66.44
66.43
66.42
66.42
66.44
66.43
66.45
66.44
66.43
66.42
66.41
66.40
66.41
66.42
66.42
66.43
66.42
66.40
66.39
66.37
66.36
66.34
66.34
66.35
66.34
66.36
66.37
66.38
66.37
66.37
66.36
66.37
66.36
66.36
66.36
66.38
66.39
66.39
66.39
66.39
66.38
66.38
66.38
66.37
66.36
66.35
66.35
66.35
66.34
66.34
66.34
66.35
66.35
66.35
66.36
66.35
66.33
66.33
66.32
66.30
66.30
66.30
66.29
66.30
66.31
66.31
66.30
66.31
66.31
66.31
66.32
66.33
66.35
66.34
66.34
66.33
66.32
66.32
66.33
66.33
66.34
66.35
66.36
66.35
66.35
66.34
66.34
66.34
66.33
66.34
66.34
66.34
66.34
66.33
66.32
66.32
66.32
66.31
66.28
66.29
66.28
66.28
66.29
66.29
66.28
66.29
66.29
66.29
66.30
66.31
66.33
66.32
66.34
66.34
66.35
66.35
66.36
66.36
66.37
66.38
66.38
66.38
66.39
66.40
66.39
66.40
66.39
66.39
66.39
66.38
66.38
66.37
66.37
66.38
66.38
66.38
66.39
66.40
66.38
66.38
66.38
66.38
66.38
66.37
66.36
66.35
66.35
66.34
66.35
66.35
66.36
66.36
66.36
66.36
66.36
66.37
66.37
66.37
66.36
66.37
66.37
66.37
66.36
66.36
66.36
66.35
66.36
66.35
66.36
66.36
66.37
66.37
66.36
66.36
66.37
66.37
66.38
66.38
66.38
66.38
66.38
66.37
66.38
66.32
