65.62
60.94
58.33
57.81
58.75
58.85
59.60
58.59
59.20
58.28
57.67
57.68
58.05
58.15
58.65
58.89
59.19
58.77
59.05
59.30
59.30
59.30
59.24
59.18
59.56
59.62
60.07
59.93
60.24
60.21
59.98
59.81
59.61
59.65
59.42
59.16
59.16
59.05
59.42
59.30
59.41
59.67
59.74
60.05
60.07
59.99
60.01
59.96
60.20
60.25
60.14
60.31
60.29
60.27
60.28
60.30
60.20
60.10
60.12
60.18
60.17
59.98
60.00
60.08
60.14
60.20
60.19
60.25
60.26
60.29
60.43
60.22
60.08
60.14
60.19
60.05
59.96
60.00
60.09
60.06
59.95
59.95
59.88
59.90
59.96
60.07
60.08
60.21
60.18
60.28
60.22
60.21
60.23
60.22
60.33
60.27
60.31
60.38
60.35
60.31
60.27
60.26
60.30
60.37
60.30
60.36
60.48
60.46
60.42
60.43
60.42
60.37
60.43
60.40
60.42
60.44
60.32
60.29
60.31
60.23
60.20
60.26
60.28
60.31
60.26
60.38
60.41
60.55
60.53
60.56
60.56
60.52
60.43
60.37
60.37
60.35
60.36
60.27
60.31
60.25
60.29
60.29
60.26
60.20
60.25
60.24
60.28
60.29
60.32
60.32
60.37
60.37
60.38
60.38
60.42
60.41
60.48
60.47
60.48
60.49
60.51
60.57
60.57
60.52
60.49
60.49
60.48
60.46
60.47
60.52
60.45
60.38
60.39
60.44
60.47
60.48
60.44
60.44
60.42
60.40
60.41
60.47
60.48
60.46
60.44
60.43
60.43
60.43
60.44
60.50
60.51
60.48
60.48
60.45
60.46
60.45
60.46
60.53
60.55
60.59
60.60
60.60
60.60
60.61
60.64
60.69
60.68
60.65
60.64
60.66
60.71
60.73
60.71
60.75
60.78
60.77
60.77
60.77
60.80
60.82
60.83
60.80
60.84
60.85
60.82
60.85
60.86
60.85
60.92
60.92
60.93
60.94
60.92
60.90
60.91
60.88
60.86
60.86
60.84
60.84
60.83
60.85
60.85
60.90
60.92
60.90
60.86
60.86
60.82
60.86
60.84
60.84
60.81
60.78
60.79
60.82
60.85
60.88
60.93
60.94
60.94
60.95
60.95
60.98
60.94
60.93
61.00
61.04
61.04
61.05
61.06
61.05
61.02
61.04
61.03
61.04
61.07
61.05
61.07
61.07
61.07
61.05
61.05
61.09
61.13
61.17
61.18
61.15
61.15
61.15
61.13
61.15
61.11
61.10
61.09
61.09
61.07
61.06
61.05
61.09
61.09
61.10
61.10
61.10
61.11
61.12
61.13
61.16
61.14
61.13
61.10
61.11
61.07
61.05
61.04
61.05
61.04
61.04
61.04
61.02
61.04
61.07
61.08
61.10
61.10
61.12
61.14
61.13
61.12
61.15
61.12
61.12
61.13
61.15
61.14
61.13
61.13
61.13
61.10
61.11
61.13
61.12
61.13
61.12
61.11
61.12
61.10
61.11
61.15
61.12
61.13
61.15
61.16
61.16
61.16
61.16
61.17
61.13
61.14
61.13
61.11
61.08
61.13
61.11
61.13
61.11
61.12
61.12
61.15
61.15
61.16
61.15
61.13
61.15
61.12
61.11
61.12
61.12
61.16
61.13
61.16
61.16
61.17
61.19
61.19
61.17
61.19
61.19
61.19
61.19
61.19
61.18
61.18
61.18
61.18
61.19
61.20
61.18
61.18
61.18
61.16
61.16
61.16
61.14
61.13
61.13
61.12
61.11
61.12
61.14
61.16
61.17
61.19
61.21
61.20
61.22
61.24
61.23
61.23
61.23
61.24
61.20
61.20
61.20
61.18
61.17
61.19
61.17
61.17
61.20
61.21
61.20
61.20
61.20
61.19
61.19
61.18
61.16
61.14
61.15
61.15
61.15
61.14
61.13
61.12
61.10
61.11
61.12
61.12
61.11
61.11
61.11
61.11
61.11
61.10
61.11
61.10
61.08
61.09
61.08
61.09
61.08
61.09
61.11
61.12
61.10
61.09
61.09
61.09
61.12
61.13
61.14
61.14
61.15
61.13
61.13
61.14
61.14
61.13
61.12
61.14
61.13
61.10
61.12
61.14
61.16
61.16
61.15
61.13
61.11
61.10
61.10
61.10
61.09
61.09
61.07
61.05
61.06
61.09
61.08
61.08
61.07
61.07
61.07
61.10
61.11
61.12
61.13
61.13
61.13
61.14
61.14
61.13
61.11
61.10
61.09
61.11
61.13
61.13
61.14
61.14
61.13
61.13
61.13
61.15
61.16
61.15
61.14
61.13
61.15
61.17
61.17
61.15
61.16
61.16
61.15
61.14
61.14
61.15
61.14
61.13
61.16
61.16
61.17
61.17
61.18
61.19
61.17
61.18
61.19
61.19
61.19
61.18
61.17
61.17
61.16
61.18
61.19
61.19
61.19
61.19
61.17
61.19
61.16
61.16
61.15
61.15
61.12
61.12
61.11
61.12
61.13
61.13
61.14
61.16
61.16
61.17
61.17
61.18
61.17
61.19
61.20
61.19
61.18
61.18
61.18
61.18
61.19
61.16
61.17
61.18
61.18
61.17
61.18
61.17
61.18
61.17
61.16
61.14
61.14
61.14
61.15
61.15
61.16
61.15
61.14
61.14
61.14
61.15
61.14
61.13
61.14
61.14
61.14
61.14
61.13
61.12
61.13
61.12
61.14
61.14
61.13
61.13
61.13
61.11
61.11
61.11
61.12
61.12
61.12
61.13
61.14
61.13
61.14
61.14
61.13
61.12
61.11
61.11
61.11
61.12
61.11
61.12
61.10
61.10
61.12
61.13
61.12
61.11
61.11
61.12
61.11
61.10
61.09
61.09
61.08
61.07
61.08
61.08
61.09
61.09
61.09
61.10
61.08
61.08
61.08
61.06
61.04
61.05
61.05
61.05
61.05
61.06
61.07
61.07
61.06
61.05
61.06
61.05
61.06
61.05
61.04
61.04
61.03
61.03
61.03
61.03
61.05
61.04
61.04
61.03
61.03
61.01
61.01
61.00
61.00
61.00
61.00
60.99
60.99
61.00
61.02
61.03
61.02
61.03
61.02
61.02
61.02
61.01
61.03
61.03
61.03
61.02
61.02
61.04
61.06
61.06
61.04
61.04
61.06
61.06
61.06
61.06
61.07
61.06
61.06
61.06
61.05
61.06
61.06
61.06
61.05
61.06
61.07
61.07
61.06
61.06
61.08
61.06
61.07
61.07
61.07
61.08
61.09
61.08
61.09
61.10
61.10
61.11
61.12
61.12
61.11
61.13
61.12
61.12
61.12
61.12
61.11
61.12
61.11
61.10
61.11
61.11
61.11
61.12
61.12
61.12
61.11
61.11
61.12
61.12
61.13
61.13
61.13
61.12
61.11
61.10
61.11
61.10
61.12
61.13
61.07
