68.75
68.75
65.62
68.36
65.00
64.84
66.96
66.60
66.15
66.72
67.33
68.10
68.51
68.30
68.54
68.65
68.75
68.66
68.75
69.14
69.27
69.25
69.16
69.08
68.88
69.23
68.87
68.92
69.23
69.22
68.70
68.75
68.66
68.43
68.57
68.45
68.50
68.50
68.83
68.91
69.09
69.12
69.22
69.42
69.55
69.36
69.41
69.40
69.45
69.50
69.42
69.32
69.13
69.18
69.23
69.22
69.24
69.13
69.17
69.19
69.34
69.46
69.47
69.51
69.25
69.20
69.15
69.16
69.36
69.31
69.37
69.49
69.50
69.55
69.50
69.59
69.64
69.63
69.62
69.57
69.70
69.74
69.82
69.81
69.82
69.75
69.72
69.73
69.72
69.72
69.71
69.68
69.57
69.56
69.62
69.65
69.62
69.60
69.63
69.72
69.76
69.76
69.78
69.79
69.87
69.89
69.82
69.86
69.88
69.87
69.86
69.85
69.94
69.93
69.93
69.85
69.83
69.74
69.70
69.74
69.82
69.83
69.84
69.80
69.80
69.77
69.86
69.86
69.79
69.71
69.69
69.61
69.64
69.65
69.70
69.72
69.67
69.66
69.62
69.70
69.73
69.74
69.69
69.66
69.62
69.60
69.59
69.58
69.62
69.61
69.65
69.62
69.62
69.65
69.66
69.65
69.64
69.65
69.69
69.70
69.68
69.75
69.79
69.82
69.80
69.76
69.69
69.73
69.74
69.72
69.73
69.76
69.74
69.71
69.68
69.67
69.69
69.68
69.67
69.65
69.66
69.67
69.65
69.61
69.60
69.55
69.48
69.49
69.46
69.42
69.41
69.38
69.36
69.36
69.33
69.28
69.29
69.32
69.36
69.30
69.35
69.38
69.36
69.37
69.37
69.39
69.38
69.35
69.35
69.34
69.31
69.25
69.23
69.21
69.22
69.25
69.22
69.24
69.27
69.29
69.31
69.32
69.35
69.36
69.33
69.31
69.32
69.33
69.35
69.35
69.41
69.42
69.45
69.45
69.46
69.43
69.42
69.42
69.42
69.41
69.39
69.41
69.35
69.35
69.37
69.38
69.37
69.40
69.43
69.47
69.51
69.51
69.50
69.48
69.49
69.48
69.52
69.51
69.47
69.48
69.49
69.52
69.53
69.50
69.46
69.49
69.50
69.48
69.46
69.47
69.45
69.46
69.47
69.48
69.49
69.49
69.45
69.42
69.42
69.45
69.45
69.47
69.51
69.47
69.47
69.48
69.50
69.50
69.48
69.46
69.42
69.38
69.38
69.37
69.33
69.31
69.34
69.34
69.35
69.33
69.33
69.32
69.36
69.36
69.31
69.31
69.31
69.35
69.38
69.38
69.37
69.39
69.39
69.41
69.42
69.42
69.42
69.38
69.38
69.41
69.41
69.43
69.45
69.47
69.46
69.42
69.43
69.40
69.40
69.39
69.38
69.34
69.35
69.35
69.34
69.37
69.36
69.38
69.40
69.39
69.38
69.40
69.39
69.36
69.36
69.34
69.35
69.35
69.35
69.33
69.34
69.34
69.33
69.33
69.34
69.36
69.33
69.34
69.32
69.30
69.29
69.29
69.30
69.31
69.29
69.29
69.27
69.29
69.26
69.24
69.25
69.24
69.25
69.26
69.25
69.27
69.25
69.23
69.24
69.26
69.25
69.22
69.23
69.21
69.20
69.20
69.21
69.21
69.22
69.24
69.24
69.25
69.25
69.22
69.21
69.22
69.22
69.23
69.26
69.27
69.27
69.25
69.25
69.23
69.21
69.20
69.21
69.19
69.17
69.17
69.19
69.18
69.18
69.18
69.18
69.16
69.14
69.14
69.14
69.13
69.12
69.15
69.16
69.14
69.14
69.15
69.16
69.16
69.17
69.19
69.19
69.20
69.21
69.22
69.23
69.24
69.26
69.24
69.22
69.21
69.21
69.22
69.22
69.22
69.21
69.22
69.21
69.22
69.22
69.24
69.22
69.24
69.26
69.26
69.28
69.26
69.25
69.28
69.29
69.30
69.31
69.29
69.28
69.28
69.28
69.28
69.29
69.29
69.30
69.32
69.31
69.32
69.28
69.30
69.30
69.30
69.32
69.32
69.31
69.33
69.34
69.34
69.33
69.34
69.34
69.32
69.32
69.32
69.35
69.36
69.36
69.37
69.40
69.40
69.41
69.41
69.41
69.41
69.41
69.42
69.42
69.41
69.41
69.41
69.42
69.40
69.41
69.41
69.39
69.41
69.39
69.37
69.38
69.38
69.38
69.39
69.40
69.40
69.40
69.41
69.41
69.42
69.43
69.42
69.43
69.40
69.40
69.39
69.41
69.41
69.41
69.41
69.41
69.41
69.40
69.41
69.40
69.40
69.41
69.42
69.42
69.41
69.41
69.42
69.42
69.41
69.40
69.37
69.38
69.39
69.39
69.38
69.37
69.39
69.38
69.37
69.40
69.39
69.40
69.41
69.40
69.39
69.39
69.39
69.39
69.39
69.39
69.39
69.36
69.38
69.37
69.36
69.36
69.35
69.34
69.34
69.36
69.36
69.37
69.37
69.37
69.36
69.37
69.38
69.38
69.37
69.35
69.36
69.37
69.36
69.36
69.36
69.36
69.36
69.35
69.37
69.37
69.37
69.38
69.37
69.39
69.39
69.40
69.40
69.40
69.41
69.41
69.42
69.42
69.44
69.45
69.46
69.47
69.48
69.49
69.48
69.48
69.47
69.47
69.47
69.46
69.47
69.48
69.50
69.50
69.51
69.51
69.51
69.50
69.50
69.49
69.48
69.50
69.51
69.52
69.52
69.51
69.51
69.53
69.54
69.55
69.55
69.53
69.53
69.53
69.52
69.52
69.53
69.53
69.54
69.55
69.55
69.56
69.56
69.57
69.57
69.57
69.57
69.57
69.58
69.58
69.59
69.61
69.61
69.59
69.61
69.61
69.62
69.62
69.62
69.62
69.62
69.63
69.63
69.62
69.62
69.63
69.63
69.64
69.64
69.63
69.63
69.64
69.63
69.63
69.64
69.64
69.64
69.63
69.63
69.63
69.62
69.62
69.62
69.63
69.63
69.62
69.62
69.61
69.61
69.60
69.59
69.59
69.59
69.57
69.58
69.59
69.58
69.60
69.60
69.60
69.60
69.61
69.60
69.60
69.60
69.60
69.59
69.61
69.61
69.62
69.62
69.62
69.62
69.62
69.62
69.61
69.62
69.62
69.61
69.60
69.60
69.60
69.60
69.61
69.61
69.60
69.59
69.60
69.60
69.60
69.59
69.59
69.58
69.58
69.58
69.57
69.56
69.56
69.56
69.57
69.56
69.56
69.54
69.55
69.54
69.53
69.53
69.52
69.52
69.51
69.50
69.51
69.52
69.52
69.52
69.53
69.52
69.51
69.51
69.51
69.51
69.51
69.50
69.50
69.49
69.49
69.48
69.49
69.50
69.51
69.44
