73.44
74.22
71.35
69.14
72.50
71.88
70.98
69.34
69.44
68.91
69.03
68.36
69.11
69.08
68.85
68.65
68.57
68.49
68.91
68.98
68.60
69.11
69.43
69.79
69.75
69.83
69.62
69.87
69.77
69.74
69.86
69.82
69.60
69.58
69.64
69.49
69.59
69.70
69.91
69.96
69.89
69.79
69.59
69.71
69.58
69.63
69.61
69.60
69.55
69.50
69.30
69.29
69.04
69.21
69.43
69.45
69.49
69.61
69.76
69.71
69.75
69.73
69.77
69.92
69.83
69.74
69.61
69.60
69.61
69.42
69.54
69.47
69.52
69.53
69.52
69.49
69.52
69.53
69.54
69.45
69.43
69.40
69.56
69.66
69.74
69.73
69.72
69.73
69.82
69.88
69.90
69.85
69.86
69.88
69.90
69.92
69.93
69.85
69.90
69.89
69.94
69.93
69.93
69.94
69.96
69.96
69.95
69.95
69.78
69.66
69.68
69.67
69.66
69.74
69.74
69.68
69.64
69.73
69.76
69.75
69.69
69.67
69.70
69.70
69.72
69.74
69.66
69.71
69.71
69.71
69.68
69.66
69.70
69.60
69.63
69.63
69.70
69.64
69.67
69.70
69.65
69.70
69.69
69.59
69.56
69.57
69.58
69.52
69.51
69.51
69.47
69.45
69.41
69.45
69.43
69.39
69.38
69.39
69.44
69.47
69.53
69.52
69.44
69.46
69.44
69.47
69.48
69.54
69.52
69.50
69.51
69.53
69.55
69.51
69.47
69.43
69.46
69.44
69.45
69.41
69.40
69.43
69.42
69.40
69.41
69.42
69.41
69.41
69.39
69.42
69.47
69.52
69.52
69.54
69.50
69.49
69.46
69.51
69.50
69.50
69.55
69.54
69.57
69.59
69.63
69.67
69.65
69.63
69.61
69.60
69.59
69.59
69.56
69.62
69.59
69.57
69.56
69.52
69.51
69.47
69.51
69.50
69.49
69.50
69.49
69.47
69.46
69.47
69.49
69.46
69.44
69.42
69.40
69.36
69.36
69.34
69.32
69.32
69.32
69.29
69.31
69.31
69.31
69.28
69.26
69.29
69.28
69.28
69.30
69.29
69.31
69.28
69.28
69.32
69.34
69.33
69.35
69.36
69.34
69.34
69.38
69.36
69.38
69.40
69.41
69.40
69.42
69.43
69.42
69.43
69.40
69.44
69.45
69.47
69.48
69.49
69.52
69.50
69.47
69.46
69.47
69.48
69.48
69.50
69.51
69.50
69.50
69.51
69.51
69.50
69.52
69.52
69.51
69.53
69.53
69.53
69.53
69.56
69.58
69.55
69.56
69.58
69.61
69.61
69.60
69.58
69.59
69.61
69.58
69.62
69.61
69.61
69.62
69.62
69.62
69.64
69.65
69.66
69.69
69.68
69.70
69.68
69.70
69.68
69.66
69.64
69.64
69.65
69.64
69.65
69.63
69.63
69.63
69.65
69.64
69.65
69.66
69.65
69.65
69.67
69.65
69.65
69.66
69.64
69.65
69.66
69.65
69.63
69.62
69.63
69.61
69.62
69.60
69.61
69.61
69.60
69.60
69.61
69.59
69.62
69.62
69.60
69.60
69.57
69.58
69.60
69.60
69.63
69.63
69.64
69.63
69.62
69.60
69.59
69.59
69.61
69.63
69.65
69.62
69.61
69.60
69.58
69.60
69.60
69.57
69.57
69.55
69.56
69.57
69.56
69.53
69.50
69.52
69.48
69.45
69.43
69.43
69.48
69.48
69.46
69.45
69.46
69.44
69.45
69.46
69.45
69.45
69.44
69.44
69.43
69.42
69.43
69.43
69.43
69.43
69.43
69.42
69.40
69.41
69.40
69.40
69.38
69.40
69.42
69.40
69.40
69.39
69.39
69.38
69.38
69.37
69.37
69.39
69.37
69.37
69.38
69.39
69.40
69.40
69.42
69.41
69.41
69.42
69.43
69.44
69.46
69.45
69.46
69.47
69.47
69.49
69.49
69.49
69.48
69.50
69.50
69.49
69.48
69.50
69.50
69.50
69.49
69.50
69.51
69.51
69.50
69.47
69.47
69.47
69.47
69.45
69.45
69.45
69.45
69.46
69.44
69.44
69.44
69.46
69.45
69.45
69.45
69.44
69.45
69.46
69.44
69.44
69.46
69.46
69.46
69.44
69.45
69.44
69.46
69.46
69.47
69.47
69.45
69.45
69.43
69.43
69.41
69.41
69.39
69.37
69.39
69.36
69.34
69.31
69.32
69.31
69.31
69.32
69.29
69.30
69.32
69.32
69.31
69.33
69.33
69.33
69.35
69.37
69.40
69.39
69.39
69.39
69.38
69.39
69.41
69.40
69.40
69.42
69.41
69.41
69.41
69.41
69.42
69.41
69.41
69.43
69.42
69.41
69.41
69.41
69.41
69.42
69.42
69.41
69.42
69.44
69.43
69.45
69.46
69.48
69.48
69.50
69.49
69.49
69.49
69.50
69.48
69.49
69.50
69.51
69.51
69.50
69.50
69.50
69.51
69.52
69.51
69.51
69.52
69.52
69.53
69.54
69.53
69.52
69.54
69.53
69.52
69.52
69.51
69.51
69.52
69.50
69.49
69.49
69.50
69.51
69.51
69.53
69.52
69.52
69.51
69.52
69.53
69.52
69.53
69.55
69.55
69.56
69.57
69.56
69.58
69.58
69.58
69.59
69.60
69.59
69.60
69.60
69.62
69.61
69.59
69.61
69.61
69.62
69.62
69.62
69.61
69.61
69.61
69.62
69.62
69.62
69.61
69.61
69.61
69.62
69.61
69.62
69.62
69.62
69.60
69.60
69.59
69.60
69.60
69.60
69.60
69.62
69.62
69.62
69.63
69.62
69.63
69.63
69.64
69.66
69.68
69.68
69.68
69.69
69.69
69.70
69.70
69.70
69.71
69.71
69.70
69.71
69.70
69.71
69.70
69.71
69.72
69.72
69.71
69.71
69.71
69.69
69.69
69.69
69.69
69.69
69.69
69.69
69.68
69.68
69.68
69.68
69.68
69.70
69.69
69.70
69.69
69.69
69.69
69.68
69.68
69.69
69.70
69.70
69.70
69.69
69.68
69.69
69.69
69.68
69.67
69.68
69.66
69.66
69.67
69.67
69.69
69.69
69.69
69.69
69.68
69.67
69.68
69.67
69.67
69.66
69.67
69.68
69.69
69.69
69.68
69.69
69.68
69.69
69.68
69.68
69.68
69.66
69.68
69.68
69.68
69.69
69.69
69.68
69.69
69.69
69.70
69.69
69.68
69.68
69.68
69.67
69.67
69.67
69.67
69.67
69.68
69.67
69.67
69.68
69.68
69.67
69.66
69.66
69.66
69.64
69.64
69.63
69.65
69.65
69.64
69.65
69.65
69.66
69.66
69.66
69.64
69.64
69.63
69.63
69.64
69.64
69.64
69.63
69.63
69.63
69.64
69.64
69.64
69.63
69.56
