68.75
67.19
64.58
66.02
65.94
66.41
67.41
67.97
68.75
68.91
68.89
68.75
68.27
67.86
66.98
67.58
68.20
67.71
67.60
67.50
67.56
67.54
67.39
67.77
67.94
68.09
68.23
68.53
68.64
68.59
68.45
68.12
68.13
68.20
68.39
68.45
68.62
68.63
68.63
68.40
68.41
68.64
68.82
68.93
68.99
69.02
68.88
68.55
68.21
68.31
68.44
68.36
68.51
68.61
68.52
68.50
68.42
68.51
68.62
68.49
68.62
68.67
68.70
68.65
68.82
68.80
68.75
68.66
68.68
68.73
68.84
68.75
68.73
68.79
68.73
68.79
68.79
68.79
68.81
68.77
68.69
68.69
68.73
68.69
68.88
68.79
68.84
68.71
68.79
68.84
68.96
68.99
69.07
69.15
69.21
69.30
69.36
69.29
69.37
69.34
69.32
69.45
69.49
69.53
69.46
69.46
69.55
69.69
69.70
69.76
69.75
69.73
69.68
69.67
69.70
69.67
69.68
69.66
69.62
69.65
69.62
69.58
69.63
69.59
69.59
69.52
69.46
69.42
69.43
69.38
69.44
69.41
69.47
69.43
69.40
69.34
69.33
69.35
69.35
69.40
69.38
69.39
69.39
69.44
69.47
69.53
69.56
69.54
69.52
69.57
69.62
69.64
69.62
69.59
69.55
69.51
69.50
69.49
69.53
69.44
69.43
69.44
69.41
69.41
69.36
69.38
69.36
69.32
69.31
69.28
69.26
69.28
69.29
69.34
69.35
69.37
69.37
69.38
69.38
69.38
69.39
69.38
69.40
69.34
69.35
69.38
69.39
69.39
69.36
69.33
69.31
69.34
69.36
69.35
69.35
69.36
69.38
69.39
69.44
69.48
69.46
69.48
69.43
69.37
69.32
69.30
69.28
69.26
69.30
69.32
69.32
69.30
69.37
69.34
69.37
69.41
69.38
69.35
69.36
69.40
69.36
69.33
69.31
69.34
69.33
69.32
69.33
69.39
69.39
69.38
69.41
69.44
69.43
69.40
69.40
69.43
69.41
69.43
69.42
69.45
69.42
69.41
69.40
69.36
69.34
69.35
69.32
69.30
69.34
69.33
69.34
69.31
69.31
69.28
69.28
69.24
69.24
69.28
69.31
69.34
69.35
69.35
69.36
69.36
69.28
69.28
69.26
69.26
69.27
69.31
69.32
69.35
69.38
69.34
69.33
69.32
69.32
69.31
69.29
69.28
69.26
69.27
69.25
69.27
69.23
69.24
69.21
69.20
69.21
69.19
69.18
69.20
69.22
69.18
69.20
69.20
69.19
69.14
69.13
69.10
69.12
69.13
69.12
69.11
69.12
69.11
69.11
69.12
69.09
69.08
69.08
69.09
69.09
69.08
69.08
69.08
69.08
69.09
69.13
69.17
69.15
69.16
69.15
69.17
69.17
69.17
69.17
69.16
69.18
69.19
69.19
69.22
69.22
69.22
69.22
69.21
69.22
69.22
69.25
69.22
69.23
69.26
69.26
69.28
69.28
69.27
69.26
69.24
69.23
69.21
69.22
69.21
69.19
69.21
69.20
69.18
69.19
69.19
69.19
69.19
69.18
69.19
69.20
69.20
69.20
69.18
69.16
69.14
69.16
69.16
69.15
69.17
69.16
69.16
69.15
69.15
69.15
69.17
69.14
69.13
69.14
69.14
69.15
69.12
69.12
69.11
69.12
69.11
69.12
69.13
69.12
69.13
69.13
69.13
69.15
69.16
69.17
69.18
69.20
69.23
69.23
69.20
69.20
69.18
69.16
69.17
69.18
69.18
69.18
69.16
69.16
69.19
69.18
69.17
69.19
69.22
69.20
69.19
69.19
69.18
69.18
69.14
69.13
69.15
69.16
69.18
69.17
69.17
69.16
69.12
69.11
69.10
69.09
69.07
69.09
69.09
69.09
69.07
69.07
69.06
69.10
69.09
69.08
69.06
69.04
69.03
69.03
69.05
69.03
69.01
69.02
69.02
69.03
69.00
68.99
68.97
68.96
68.97
68.97
68.96
68.96
68.98
68.99
68.99
69.00
69.00
69.00
69.02
69.02
69.01
69.00
69.01
69.02
69.01
69.01
69.01
69.01
69.00
69.00
69.00
69.00
68.99
68.99
68.96
68.97
68.97
68.96
68.95
68.97
68.95
68.93
68.93
68.94
68.97
68.97
68.96
68.98
68.99
68.98
68.99
68.98
68.99
69.00
68.98
68.99
68.99
68.99
68.97
68.97
68.98
68.99
68.99
68.99
68.98
68.99
69.00
68.99
68.99
68.98
69.01
69.00
68.99
68.99
69.01
69.00
68.98
68.98
68.97
68.99
69.00
69.00
69.00
69.03
69.03
69.03
69.02
69.04
69.03
69.02
69.04
69.04
69.05
69.04
69.05
69.04
69.04
69.06
69.05
69.07
69.07
69.06
69.06
69.05
69.05
69.06
69.03
69.04
69.00
69.00
69.00
69.01
69.00
69.01
69.01
69.02
69.02
69.03
69.03
69.05
69.05
69.06
69.09
69.09
69.10
69.10
69.11
69.10
69.11
69.10
69.11
69.11
69.12
69.13
69.12
69.13
69.11
69.10
69.09
69.09
69.09
69.08
69.08
69.09
69.10
69.10
69.09
69.09
69.09
69.08
69.09
69.09
69.08
69.08
69.07
69.07
69.07
69.07
69.08
69.07
69.07
69.07
69.08
69.10
69.10
69.10
69.10
69.08
69.09
69.09
69.09
69.09
69.09
69.11
69.11
69.10
69.10
69.09
69.10
69.10
69.10
69.12
69.12
69.13
69.13
69.14
69.13
69.12
69.13
69.13
69.14
69.14
69.14
69.14
69.13
69.11
69.12
69.13
69.13
69.12
69.12
69.13
69.13
69.14
69.12
69.13
69.12
69.13
69.12
69.12
69.12
69.12
69.13
69.14
69.12
69.11
69.12
69.13
69.13
69.13
69.14
69.15
69.14
69.15
69.16
69.16
69.15
69.17
69.16
69.15
69.16
69.17
69.17
69.17
69.17
69.17
69.17
69.17
69.16
69.16
69.16
69.15
69.15
69.16
69.14
69.15
69.16
69.16
69.18
69.19
69.20
69.20
69.20
69.21
69.20
69.21
69.21
69.21
69.21
69.21
69.21
69.21
69.20
69.19
69.18
69.17
69.17
69.16
69.15
69.14
69.14
69.15
69.15
69.15
69.15
69.16
69.17
69.16
69.18
69.18
69.18
69.18
69.17
69.16
69.16
69.15
69.16
69.15
69.15
69.15
69.14
69.13
69.14
69.14
69.15
69.14
69.14
69.14
69.14
69.13
69.14
69.15
69.14
69.14
69.13
69.13
69.14
69.13
69.12
69.11
69.10
69.10
69.11
69.11
69.11
69.12
69.12
69.12
69.12
69.13
69.13
69.14
69.15
69.15
69.15
69.15
69.14
69.15
69.15
69.13
69.14
69.13
69.06
