76.56
70.31
69.79
69.92
71.56
70.57
70.09
69.14
69.79
69.22
69.03
68.23
68.63
68.42
68.33
68.65
68.66
69.10
69.65
69.45
69.12
68.89
68.75
68.55
68.25
68.09
68.17
68.30
68.64
68.75
68.90
69.19
69.08
68.80
68.79
68.66
68.62
68.83
68.87
69.02
69.05
69.01
69.22
69.07
69.17
69.43
69.41
69.34
69.42
69.44
69.49
69.35
69.43
69.30
69.35
69.45
69.49
69.53
69.44
69.43
69.39
69.51
69.54
69.36
69.30
69.34
69.31
69.30
69.43
69.35
69.43
69.40
69.37
69.26
69.27
69.35
69.40
69.47
69.56
69.67
69.71
69.68
69.75
69.77
69.80
69.79
69.76
69.82
69.72
69.77
69.87
69.89
69.98
69.90
69.87
69.89
69.91
69.93
69.85
69.86
69.86
69.88
69.87
69.92
69.93
69.94
69.90
69.97
69.93
69.96
69.95
69.87
69.87
69.92
69.97
69.95
69.94
69.94
69.97
69.96
69.99
69.94
69.92
69.91
69.94
70.01
70.05
70.06
70.00
69.92
69.91
69.86
69.85
69.85
69.83
69.84
69.84
69.80
69.69
69.64
69.65
69.59
69.60
69.61
69.66
69.65
69.66
69.63
69.71
69.68
69.73
69.70
69.67
69.68
69.65
69.65
69.64
69.64
69.66
69.62
69.62
69.63
69.65
69.63
69.67
69.65
69.61
69.66
69.63
69.61
69.54
69.55
69.53
69.53
69.54
69.60
69.49
69.47
69.43
69.40
69.40
69.35
69.35
69.34
69.34
69.35
69.33
69.32
69.32
69.36
69.37
69.41
69.44
69.40
69.41
69.37
69.37
69.38
69.34
69.30
69.27
69.28
69.24
69.24
69.26
69.30
69.30
69.34
69.36
69.35
69.36
69.40
69.40
69.41
69.40
69.38
69.37
69.37
69.36
69.35
69.35
69.33
69.37
69.38
69.40
69.36
69.29
69.30
69.31
69.29
69.32
69.30
69.29
69.28
69.29
69.31
69.32
69.33
69.34
69.36
69.40
69.42
69.42
69.42
69.40
69.40
69.42
69.42
69.48
69.45
69.45
69.43
69.43
69.41
69.42
69.43
69.45
69.45
69.48
69.45
69.44
69.45
69.45
69.44
69.43
69.38
69.40
69.41
69.45
69.44
69.48
69.47
69.49
69.49
69.45
69.51
69.49
69.49
69.47
69.45
69.47
69.49
69.48
69.51
69.50
69.52
69.52
69.55
69.53
69.50
69.52
69.50
69.48
69.47
69.43
69.44
69.45
69.44
69.46
69.49
69.51
69.49
69.49
69.50
69.50
69.52
69.51
69.54
69.55
69.53
69.54
69.55
69.55
69.55
69.56
69.53
69.52
69.51
69.52
69.52
69.49
69.52
69.49
69.48
69.48
69.46
69.48
69.46
69.49
69.49
69.49
69.50
69.51
69.48
69.48
69.48
69.47
69.48
69.47
69.47
69.47
69.46
69.45
69.48
69.46
69.45
69.45
69.47
69.44
69.45
69.41
69.41
69.37
69.38
69.39
69.42
69.45
69.43
69.45
69.45
69.46
69.44
69.47
69.45
69.46
69.48
69.46
69.46
69.46
69.45
69.46
69.45
69.43
69.44
69.42
69.44
69.45
69.45
69.45
69.48
69.48
69.48
69.50
69.49
69.49
69.52
69.54
69.55
69.55
69.55
69.57
69.54
69.52
69.52
69.50
69.52
69.54
69.52
69.52
69.51
69.52
69.52
69.50
69.49
69.50
69.51
69.52
69.51
69.51
69.51
69.50
69.49
69.49
69.47
69.48
69.47
69.48
69.45
69.44
69.43
69.44
69.42
69.44
69.43
69.42
69.44
69.44
69.43
69.40
69.41
69.42
69.41
69.42
69.41
69.40
69.41
69.42
69.42
69.44
69.46
69.47
69.47
69.45
69.44
69.45
69.44
69.45
69.44
69.44
69.43
69.39
69.39
69.37
69.36
69.37
69.38
69.40
69.39
69.39
69.39
69.39
69.40
69.39
69.37
69.35
69.35
69.34
69.33
69.31
69.32
69.32
69.32
69.34
69.33
69.33
69.33
69.30
69.31
69.29
69.29
69.31
69.30
69.29
69.26
69.26
69.27
69.27
69.28
69.28
69.29
69.27
69.26
69.28
69.28
69.28
69.29
69.29
69.31
69.29
69.30
69.28
69.31
69.30
69.31
69.28
69.26
69.25
69.22
69.22
69.21
69.22
69.22
69.23
69.22
69.22
69.22
69.21
69.23
69.21
69.22
69.21
69.22
69.20
69.20
69.21
69.21
69.22
69.22
69.20
69.19
69.19
69.18
69.18
69.16
69.15
69.16
69.18
69.20
69.21
69.21
69.20
69.22
69.21
69.20
69.22
69.23
69.23
69.23
69.24
69.23
69.23
69.22
69.23
69.25
69.24
69.25
69.24
69.25
69.25
69.25
69.25
69.25
69.26
69.25
69.25
69.24
69.24
69.25
69.27
69.25
69.25
69.25
69.24
69.25
69.25
69.26
69.27
69.27
69.28
69.29
69.29
69.29
69.28
69.27
69.29
69.28
69.29
69.28
69.29
69.30
69.31
69.31
69.32
69.32
69.32
69.33
69.34
69.33
69.32
69.32
69.32
69.33
69.33
69.32
69.32
69.33
69.33
69.34
69.32
69.31
69.30
69.31
69.30
69.31
69.29
69.29
69.28
69.28
69.28
69.28
69.25
69.23
69.22
69.22
69.21
69.20
69.20
69.20
69.19
69.18
69.20
69.20
69.19
69.20
69.18
69.20
69.20
69.19
69.20
69.19
69.19
69.20
69.20
69.19
69.19
69.20
69.21
69.22
69.22
69.23
69.23
69.22
69.21
69.22
69.22
69.22
69.21
69.21
69.22
69.23
69.24
69.25
69.26
69.25
69.24
69.24
69.25
69.25
69.24
69.24
69.23
69.22
69.22
69.21
69.22
69.22
69.22
69.20
69.22
69.23
69.22
69.20
69.21
69.21
69.22
69.23
69.22
69.23
69.23
69.25
69.25
69.26
69.25
69.25
69.25
69.27
69.28
69.30
69.31
69.31
69.31
69.30
69.28
69.28
69.27
69.27
69.28
69.29
69.30
69.30
69.30
69.29
69.29
69.28
69.29
69.29
69.28
69.29
69.27
69.28
69.28
69.28
69.28
69.28
69.28
69.27
69.27
69.28
69.29
69.30
69.30
69.29
69.29
69.28
69.29
69.28
69.29
69.28
69.26
69.25
69.26
69.26
69.25
69.26
69.24
69.24
69.23
69.23
69.22
69.22
69.21
69.22
69.22
69.22
69.22
69.22
69.22
69.21
69.23
69.24
69.23
69.23
69.22
69.21
69.21
69.22
69.22
69.22
69.22
69.21
69.21
69.22
69.22
69.23
69.23
69.24
69.23
69.22
69.23
69.22
69.22
69.15
