0.00
2.34
1.56
1.95
3.12
3.65
3.35
3.12
3.12
3.28
3.12
3.39
3.12
2.90
2.81
2.83
2.76
3.04
2.96
3.05
3.05
3.12
3.06
3.06
3.00
2.94
3.01
3.01
3.02
2.92
3.07
3.27
3.36
3.31
3.26
3.30
3.34
3.33
3.37
3.40
3.39
3.35
3.38
3.41
3.40
3.43
3.42
3.48
3.48
3.41
3.43
3.43
3.39
3.36
3.32
3.38
3.32
3.31
3.36
3.41
3.41
3.35
3.32
3.30
3.32
3.31
3.36
3.33
3.35
3.37
3.35
3.34
3.34
3.36
3.33
3.35
3.33
3.33
3.34
3.36
3.40
3.35
3.33
3.33
3.33
3.31
3.27
3.23
3.21
3.19
3.18
3.18
3.14
3.14
3.12
3.11
3.11
3.12
3.14
3.14
3.11
3.12
3.12
3.09
3.10
3.08
3.10
3.14
3.12
3.10
3.07
3.07
3.07
3.07
3.08
3.07
3.04
3.07
3.07
3.06
3.06
3.06
3.05
3.05
3.10
3.10
3.10
3.10
3.08
3.09
3.09
3.09
3.09
3.09
3.11
3.10
3.09
3.08
3.09
3.11
3.12
3.15
3.15
3.12
3.11
3.12
3.10
3.10
3.10
3.11
3.10
3.08
3.08
3.08
3.06
3.04
3.03
3.03
3.01
3.00
3.00
2.98
3.02
3.02
3.00
3.00
2.98
2.99
3.00
3.01
3.02
3.01
3.00
2.99
3.02
3.03
3.04
3.02
3.02
3.01
3.01
3.00
2.98
2.96
2.96
2.97
2.97
2.96
2.95
2.94
2.95
2.95
2.93
2.94
2.94
2.94
2.93
2.91
2.92
2.92
2.92
2.90
2.90
2.89
2.87
2.89
2.89
2.90
2.91
2.90
2.90
2.90
2.90
2.91
2.90
2.92
2.92
2.91
2.90
2.89
2.89
2.90
2.91
2.91
2.90
2.90
2.90
2.90
2.91
2.89
2.89
2.88
2.87
2.88
2.87
2.86
2.85
2.87
2.86
2.86
2.87
2.86
2.85
2.86
2.86
2.85
2.85
2.84
2.85
2.85
2.85
2.85
2.84
2.85
2.84
2.85
2.84
2.84
2.84
2.82
2.81
2.81
2.81
2.82
2.82
2.83
2.83
2.82
2.82
2.81
2.80
2.81
2.80
2.79
2.79
2.79
2.79
2.79
2.78
2.77
2.77
2.78
2.78
2.78
2.78
2.79
2.79
2.81
2.82
2.82
2.82
2.83
2.82
2.82
2.82
2.81
2.81
2.82
2.81
2.83
2.83
2.84
2.84
2.84
2.84
2.86
2.86
2.86
2.85
2.85
2.85
2.85
2.85
2.84
2.85
2.85
2.84
2.84
2.85
2.85
2.84
2.84
2.85
2.85
2.85
2.84
2.84
2.84
2.84
2.83
2.82
2.82
2.82
2.81
2.80
2.79
2.79
2.78
2.79
2.78
2.79
2.79
2.79
2.79
2.80
2.80
2.81
2.80
2.80
2.80
2.80
2.80
2.80
2.80
2.80
2.80
2.80
2.79
2.79
2.79
2.78
2.78
2.77
2.78
2.77
2.77
2.76
2.76
2.75
2.75
2.76
2.77
2.77
2.77
2.78
2.78
2.78
2.78
2.78
2.78
2.78
2.77
2.77
2.77
2.77
2.77
2.77
2.77
2.78
2.78
2.77
2.77
2.77
2.77
2.78
2.77
2.77
2.76
2.76
2.77
2.77
2.77
2.76
2.76
2.76
2.75
2.75
2.76
2.75
2.76
2.76
2.76
2.76
2.76
2.76
2.75
2.75
2.75
2.75
2.75
2.75
2.75
2.75
2.75
2.75
2.75
2.75
2.75
2.74
2.74
2.74
2.73
2.74
2.74
2.74
2.75
2.75
2.74
2.75
2.75
2.75
2.74
2.73
2.73
2.73
2.73
2.73
2.73
2.73
2.74
2.74
2.73
2.74
2.75
2.74
2.74
2.74
2.73
2.73
2.73
2.72
2.73
2.72
2.72
2.73
2.73
2.72
2.72
2.73
2.74
2.74
2.74
2.75
2.74
2.74
2.74
2.74
2.73
2.73
2.73
2.74
2.74
2.75
2.74
2.74
2.74
2.74
2.74
2.75
2.76
2.77
2.77
2.77
2.76
2.77
2.77
2.77
2.77
2.77
2.77
2.77
2.77
2.78
2.78
2.77
2.77
2.77
2.78
2.78
2.78
2.79
2.78
2.78
2.78
2.78
2.78
2.78
2.78
2.77
2.77
2.77
2.77
2.77
2.76
2.76
2.76
2.76
2.76
2.76
2.76
2.76
2.75
2.76
2.76
2.75
2.75
2.74
2.75
2.76
2.77
2.77
2.77
2.77
2.77
2.77
2.76
2.77
2.76
2.76
2.77
2.76
2.76
2.77
2.77
2.77
2.77
2.77
2.77
2.78
2.78
2.78
2.78
2.78
2.78
2.78
2.77
2.77
2.77
2.77
2.77
2.77
2.77
2.77
2.77
2.77
2.77
2.77
2.77
2.77
2.77
2.77
2.77
2.77
2.76
2.76
2.76
2.76
2.76
2.76
2.76
2.77
2.76
2.76
2.77
2.77
2.77
2.77
2.76
2.76
2.76
2.76
2.76
2.76
2.76
2.76
2.75
2.75
2.75
2.75
2.75
2.75
2.76
2.76
2.76
2.75
2.75
2.75
2.75
2.75
2.75
2.75
2.75
2.76
2.76
2.75
2.75
2.75
2.76
2.76
2.76
2.76
2.76
2.76
2.76
2.76
2.75
2.75
2.75
2.75
2.76
2.76
2.76
2.76
2.76
2.76
2.76
2.76
2.76
2.77
2.77
2.77
2.77
2.76
2.76
2.76
2.76
2.76
2.76
2.77
2.77
2.77
2.77
2.77
2.77
2.77
2.77
2.77
2.77
2.78
2.77
2.77
2.77
2.77
2.77
2.77
2.77
2.77
2.77
2.77
2.77
2.77
2.77
2.77
2.77
2.77
2.77
2.77
2.77
2.77
2.77
2.77
2.77
2.76
2.76
2.76
2.76
2.76
2.76
2.76
2.77
2.77
2.77
2.77
2.77
2.77
2.77
2.76
2.77
2.77
2.77
2.77
2.77
2.77
2.77
2.76
2.76
2.77
2.77
2.76
2.76
2.77
2.77
2.77
2.77
2.77
2.77
2.77
2.77
2.77
2.77
2.77
2.77
2.77
2.77
2.76
2.76
2.76
2.76
2.75
2.76
2.75
2.75
2.75
2.75
2.76
2.75
2.75
2.75
2.74
2.74
2.74
2.74
2.74
2.75
2.75
2.75
2.75
2.75
2.74
2.75
2.75
2.75
2.75
2.74
2.75
2.75
2.75
2.75
2.76
2.76
2.76
2.76
2.77
2.77
2.77
2.77
2.77
2.77
2.78
2.78
2.78
2.78
