71.88
70.31
69.79
71.48
71.25
71.35
70.54
70.70
70.66
70.78
70.74
70.18
69.71
69.53
70.31
70.21
70.40
70.31
70.07
70.23
70.09
69.82
70.04
69.86
69.81
69.95
69.97
69.75
69.72
69.90
69.71
69.63
69.60
69.62
69.51
69.57
69.38
69.41
69.51
69.41
69.36
69.38
69.33
69.39
69.44
69.63
69.71
69.53
69.71
69.84
69.79
69.80
69.90
69.94
69.83
69.56
69.41
69.50
69.49
69.40
69.39
69.43
69.49
69.53
69.57
69.60
69.57
69.49
69.45
69.44
69.52
69.40
69.43
69.45
69.50
69.49
69.44
69.57
69.66
69.79
69.66
69.78
69.73
69.72
69.72
69.71
69.70
69.66
69.75
69.77
69.75
69.74
69.76
69.81
69.69
69.66
69.67
69.71
69.63
69.58
69.62
69.56
69.60
69.53
69.52
69.53
69.58
69.66
69.72
69.63
69.57
69.57
69.57
69.60
69.65
69.67
69.60
69.61
69.66
69.71
69.76
69.71
69.69
69.73
69.70
69.73
69.70
69.68
69.63
69.60
69.58
69.61
69.62
69.65
69.64
69.58
69.58
69.54
69.50
69.42
69.46
69.43
69.41
69.38
69.34
69.37
69.38
69.40
69.43
69.47
69.42
69.44
69.45
69.47
69.41
69.42
69.43
69.43
69.42
69.45
69.44
69.48
69.47
69.45
69.47
69.41
69.39
69.39
69.42
69.48
69.49
69.45
69.44
69.41
69.46
69.48
69.47
69.44
69.45
69.43
69.45
69.39
69.40
69.39
69.42
69.41
69.42
69.39
69.42
69.39
69.36
69.36
69.37
69.36
69.34
69.36
69.37
69.41
69.45
69.37
69.40
69.45
69.45
69.39
69.44
69.38
69.44
69.40
69.42
69.39
69.42
69.46
69.45
69.49
69.46
69.45
69.46
69.47
69.47
69.45
69.39
69.40
69.44
69.47
69.49
69.48
69.47
69.51
69.53
69.53
69.49
69.49
69.47
69.47
69.48
69.50
69.49
69.51
69.50
69.52
69.52
69.50
69.52
69.52
69.52
69.55
69.56
69.60
69.63
69.63
69.63
69.64
69.66
69.67
69.66
69.66
69.69
69.70
69.68
69.65
69.61
69.63
69.61
69.63
69.56
69.54
69.53
69.53
69.53
69.53
69.53
69.53
69.49
69.52
69.55
69.52
69.53
69.55
69.51
69.51
69.49
69.49
69.50
69.51
69.52
69.54
69.54
69.52
69.53
69.60
69.58
69.58
69.58
69.58
69.59
69.60
69.58
69.65
69.66
69.68
69.67
69.67
69.68
69.69
69.70
69.69
69.68
69.69
69.69
69.70
69.68
69.69
69.72
69.70
69.68
69.69
69.69
69.66
69.66
69.67
69.68
69.69
69.66
69.64
69.65
69.68
69.67
69.65
69.67
69.65
69.67
69.69
69.69
69.68
69.67
69.67
69.68
69.70
69.69
69.70
69.72
69.73
69.70
69.69
69.70
69.70
69.71
69.70
69.68
69.69
69.72
69.70
69.69
69.70
69.71
69.72
69.70
69.71
69.73
69.71
69.70
69.69
69.68
69.70
69.69
69.67
69.67
69.65
69.64
69.64
69.63
69.62
69.61
69.61
69.62
69.61
69.62
69.62
69.60
69.59
69.62
69.61
69.63
69.63
69.63
69.61
69.60
69.58
69.57
69.56
69.59
69.59
69.56
69.56
69.56
69.55
69.56
69.57
69.56
69.57
69.58
69.58
69.58
69.56
69.55
69.54
69.54
69.55
69.56
69.56
69.58
69.59
69.57
69.58
69.58
69.58
69.56
69.56
69.51
69.50
69.53
69.54
69.53
69.51
69.53
69.52
69.54
69.53
69.53
69.53
69.54
69.53
69.54
69.54
69.54
69.56
69.54
69.57
69.56
69.56
69.59
69.57
69.57
69.56
69.57
69.56
69.56
69.54
69.54
69.55
69.54
69.54
69.54
69.54
69.54
69.55
69.55
69.55
69.57
69.57
69.56
69.56
69.55
69.58
69.57
69.58
69.58
69.57
69.58
69.59
69.57
69.58
69.58
69.56
69.56
69.57
69.56
69.55
69.57
69.59
69.60
69.59
69.61
69.61
69.60
69.60
69.59
69.60
69.59
69.61
69.63
69.63
69.63
69.62
69.62
69.63
69.65
69.67
69.66
69.65
69.63
69.64
69.64
69.63
69.66
69.66
69.65
69.65
69.68
69.70
69.68
69.66
69.65
69.62
69.61
69.63
69.63
69.63
69.61
69.63
69.63
69.63
69.63
69.64
69.65
69.67
69.68
69.65
69.65
69.66
69.65
69.65
69.66
69.65
69.66
69.65
69.65
69.65
69.65
69.65
69.65
69.64
69.64
69.64
69.63
69.64
69.67
69.66
69.67
69.68
69.69
69.69
69.70
69.72
69.71
69.71
69.70
69.69
69.69
69.70
69.70
69.70
69.68
69.68
69.66
69.65
69.66
69.65
69.66
69.66
69.67
69.66
69.66
69.66
69.64
69.65
69.65
69.66
69.67
69.67
69.68
69.69
69.68
69.68
69.70
69.70
69.72
69.71
69.72
69.72
69.70
69.71
69.69
69.68
69.70
69.71
69.70
69.70
69.70
69.72
69.71
69.71
69.71
69.72
69.71
69.72
69.73
69.72
69.73
69.73
69.74
69.74
69.73
69.72
69.73
69.74
69.73
69.72
69.72
69.71
69.71
69.73
69.73
69.72
69.73
69.73
69.74
69.75
69.76
69.76
69.76
69.75
69.75
69.76
69.76
69.76
69.78
69.77
69.78
69.77
69.77
69.77
69.78
69.77
69.77
69.77
69.77
69.78
69.81
69.81
69.81
69.82
69.81
69.80
69.80
69.81
69.81
69.79
69.80
69.79
69.79
69.78
69.77
69.78
69.77
69.77
69.76
69.76
69.77
69.76
69.75
69.73
69.73
69.74
69.72
69.72
69.73
69.75
69.74
69.74
69.75
69.76
69.75
69.74
69.75
69.76
69.76
69.75
69.75
69.76
69.75
69.75
69.75
69.76
69.75
69.76
69.76
69.76
69.75
69.74
69.74
69.75
69.75
69.75
69.74
69.72
69.72
69.73
69.72
69.72
69.71
69.72
69.71
69.70
69.68
69.69
69.70
69.71
69.71
69.70
69.69
69.70
69.70
69.70
69.70
69.68
69.69
69.68
69.68
69.68
69.69
69.69
69.69
69.69
69.70
69.70
69.70
69.70
69.71
69.71
69.71
69.70
69.71
69.71
69.72
69.71
69.71
69.71
69.71
69.72
69.72
69.71
69.72
69.73
69.74
69.74
69.73
69.72
69.72
69.73
69.73
69.74
69.73
69.73
69.73
69.75
69.75
69.75
69.75
69.76
69.76
69.75
69.76
69.76
69.75
69.74
69.73
69.74
69.73
69.73
69.73
69.67
