76.56
75.00
74.48
73.44
75.31
74.22
74.55
74.02
73.96
74.53
73.58
72.92
72.24
71.99
71.35
71.78
71.51
71.96
72.29
72.27
71.95
71.59
71.33
71.22
70.81
70.97
71.06
71.15
71.01
70.89
70.87
71.14
71.12
71.23
71.29
70.88
70.61
70.56
70.43
70.16
70.01
70.24
70.24
70.17
70.28
70.35
70.18
70.15
70.25
70.28
70.34
70.25
70.22
70.28
70.23
70.31
70.34
70.26
70.10
70.10
70.11
70.14
70.14
70.02
70.10
70.12
70.08
70.20
70.13
70.16
69.92
69.99
69.99
69.91
69.85
69.82
69.89
69.79
69.72
69.65
69.60
69.65
69.58
69.48
69.45
69.39
69.43
69.32
69.24
69.08
69.14
69.11
69.15
69.23
69.28
69.22
69.28
69.36
69.40
69.36
69.31
69.29
69.27
69.29
69.29
69.37
69.42
69.43
69.48
69.46
69.34
69.38
69.40
69.45
69.32
69.36
69.39
69.43
69.34
69.35
69.32
69.22
69.14
69.20
69.14
69.12
69.13
69.12
69.06
69.06
69.12
69.14
69.10
68.99
68.98
68.97
69.00
68.98
68.99
69.01
68.97
68.99
69.00
69.08
69.12
69.12
69.08
69.13
69.16
69.21
69.19
69.13
69.07
68.97
69.00
69.02
69.03
68.97
68.96
68.91
68.88
68.88
68.87
68.85
68.85
68.83
68.82
68.79
68.81
68.80
68.77
68.76
68.72
68.75
68.72
68.80
68.77
68.79
68.83
68.87
68.86
68.83
68.83
68.80
68.80
68.77
68.80
68.81
68.85
68.88
68.92
68.95
68.98
69.00
68.92
68.89
68.94
68.95
68.92
68.97
68.94
68.98
68.98
68.95
68.89
68.89
68.86
68.88
68.88
68.92
68.93
68.93
68.92
68.87
68.88
68.89
68.88
68.89
68.89
68.89
68.82
68.82
68.84
68.85
68.83
68.83
68.81
68.78
68.79
68.79
68.79
68.80
68.76
68.76
68.77
68.74
68.73
68.70
68.74
68.78
68.76
68.80
68.80
68.79
68.78
68.81
68.81
68.83
68.84
68.87
68.87
68.86
68.89
68.90
68.95
68.94
68.93
68.94
68.94
68.94
68.94
68.88
68.90
68.92
68.87
68.86
68.85
68.87
68.86
68.85
68.84
68.86
68.86
68.86
68.85
68.88
68.89
68.88
68.87
68.88
68.88
68.87
68.85
68.87
68.89
68.87
68.85
68.85
68.91
68.91
68.89
68.92
68.89
68.85
68.82
68.85
68.84
68.87
68.85
68.87
68.86
68.86
68.87
68.89
68.91
68.89
68.89
68.88
68.88
68.84
68.84
68.83
68.83
68.79
68.76
68.75
68.74
68.73
68.73
68.73
68.73
68.75
68.74
68.73
68.75
68.75
68.76
68.76
68.78
68.78
68.77
68.78
68.81
68.82
68.81
68.81
68.83
68.84
68.82
68.82
68.82
68.82
68.84
68.87
68.90
68.89
68.88
68.86
68.87
68.90
68.87
68.88
68.87
68.85
68.83
68.83
68.82
68.84
68.86
68.85
68.85
68.86
68.85
68.86
68.88
68.90
68.90
68.91
68.90
68.92
68.96
68.97
68.97
68.98
68.96
68.96
68.94
68.94
68.96
68.95
68.94
68.95
68.95
68.95
68.94
68.96
68.94
68.97
68.97
68.99
69.00
69.00
69.01
69.02
69.01
69.03
69.04
69.06
69.09
69.11
69.13
69.13
69.13
69.13
69.12
69.11
69.08
69.08
69.08
69.07
69.05
69.03
69.05
69.01
69.01
69.04
69.07
69.06
69.06
69.05
69.08
69.09
69.10
69.11
69.11
69.08
69.11
69.11
69.11
69.11
69.10
69.11
69.11
69.11
69.11
69.10
69.10
69.11
69.11
69.11
69.09
69.11
69.13
69.13
69.13
69.12
69.10
69.09
69.10
69.10
69.10
69.11
69.11
69.12
69.12
69.13
69.12
69.12
69.12
69.13
69.11
69.09
69.11
69.11
69.10
69.08
69.10
69.07
69.07
69.08
69.06
69.03
69.04
69.07
69.07
69.09
69.07
69.08
69.08
69.09
69.10
69.10
69.11
69.12
69.12
69.12
69.10
69.10
69.11
69.09
69.11
69.09
69.10
69.10
69.10
69.12
69.13
69.14
69.14
69.12
69.11
69.11
69.12
69.12
69.12
69.13
69.13
69.12
69.12
69.11
69.11
69.10
69.09
69.08
69.08
69.07
69.07
69.05
69.07
69.06
69.07
69.08
69.07
69.07
69.05
69.04
69.05
69.04
69.02
69.01
69.02
69.03
69.03
69.03
69.04
69.04
69.04
69.04
69.02
69.04
69.02
69.02
69.03
69.04
69.05
69.06
69.07
69.06
69.05
69.06
69.08
69.06
69.08
69.09
69.10
69.11
69.10
69.08
69.05
69.04
69.03
69.03
69.04
69.03
69.04
69.05
69.04
69.03
69.03
69.02
69.02
69.03
69.02
69.03
69.04
69.05
69.05
69.04
69.05
69.05
69.05
69.06
69.06
69.06
69.08
69.08
69.09
69.10
69.09
69.09
69.07
69.08
69.08
69.08
69.10
69.10
69.10
69.13
69.11
69.11
69.12
69.13
69.14
69.15
69.15
69.14
69.13
69.13
69.11
69.11
69.10
69.09
69.10
69.11
69.11
69.11
69.11
69.10
69.11
69.11
69.12
69.12
69.13
69.15
69.14
69.14
69.14
69.14
69.16
69.16
69.17
69.16
69.16
69.15
69.16
69.18
69.18
69.17
69.18
69.18
69.17
69.18
69.18
69.18
69.19
69.19
69.19
69.21
69.20
69.20
69.19
69.20
69.19
69.18
69.19
69.20
69.21
69.21
69.21
69.21
69.20
69.20
69.20
69.21
69.22
69.21
69.22
69.22
69.24
69.23
69.23
69.23
69.24
69.23
69.23
69.21
69.23
69.23
69.24
69.25
69.25
69.25
69.24
69.23
69.24
69.25
69.25
69.26
69.26
69.27
69.26
69.27
69.27
69.28
69.28
69.28
69.28
69.28
69.27
69.27
69.28
69.28
69.27
69.28
69.28
69.28
69.28
69.30
69.28
69.29
69.30
69.30
69.30
69.29
69.30
69.30
69.30
69.30
69.29
69.28
69.29
69.30
69.31
69.31
69.29
69.28
69.29
69.30
69.30
69.31
69.31
69.31
69.31
69.31
69.32
69.32
69.32
69.33
69.33
69.33
69.33
69.32
69.34
69.33
69.33
69.32
69.34
69.34
69.34
69.34
69.34
69.34
69.34
69.34
69.34
69.33
69.34
69.34
69.34
69.34
69.33
69.34
69.33
69.34
69.34
69.35
69.35
69.36
69.36
69.38
69.37
69.36
69.37
69.39
69.38
69.39
69.39
69.39
69.40
69.38
69.37
69.31
