70.31
73.44
75.52
74.61
73.75
73.96
72.77
72.66
72.57
71.56
71.88
71.74
71.27
70.98
70.52
71.39
71.32
71.01
71.63
71.02
71.06
71.24
71.33
71.35
71.19
70.97
70.83
70.42
70.42
70.26
70.36
70.02
69.84
70.08
70.04
70.10
70.10
70.48
70.47
70.59
70.66
70.68
70.78
70.85
70.56
70.48
70.51
70.41
70.50
70.34
70.50
70.43
70.37
70.37
70.23
70.20
70.15
70.23
70.18
70.13
70.08
69.98
69.99
69.95
69.88
69.82
69.85
69.99
70.02
70.11
69.96
70.03
70.03
70.16
70.31
70.42
70.54
70.59
70.53
70.61
70.56
70.62
70.59
70.50
70.55
70.46
70.51
70.45
70.42
70.47
70.43
70.38
70.41
70.50
70.46
70.44
70.44
70.42
70.42
70.48
70.47
70.50
70.45
70.52
70.49
70.50
70.47
70.52
70.54
70.47
70.41
70.40
70.56
70.53
70.53
70.51
70.49
70.51
70.48
70.40
70.35
70.39
70.43
70.38
70.34
70.35
70.29
70.24
70.29
70.29
70.25
70.30
70.29
70.32
70.39
70.37
70.31
70.32
70.30
70.30
70.27
70.31
70.33
70.28
70.29
70.29
70.34
70.32
70.29
70.30
70.28
70.25
70.26
70.28
70.31
70.30
70.26
70.30
70.27
70.28
70.23
70.28
70.29
70.23
70.23
70.28
70.28
70.30
70.36
70.35
70.35
70.33
70.29
70.30
70.33
70.38
70.45
70.48
70.45
70.41
70.40
70.37
70.41
70.43
70.38
70.39
70.36
70.37
70.34
70.34
70.31
70.30
70.23
70.21
70.22
70.19
70.22
70.23
70.26
70.22
70.22
70.18
70.18
70.14
70.17
70.17
70.12
70.12
70.09
70.07
70.10
70.10
70.09
70.09
70.13
70.18
70.21
70.23
70.26
70.28
70.26
70.20
70.17
70.11
70.15
70.12
70.15
70.18
70.21
70.21
70.22
70.22
70.21
70.23
70.23
70.20
70.22
70.25
70.27
70.26
70.26
70.24
70.19
70.22
70.27
70.26
70.24
70.23
70.21
70.21
70.20
70.20
70.18
70.17
70.15
70.16
70.17
70.18
70.16
70.16
70.16
70.16
70.20
70.20
70.22
70.27
70.26
70.24
70.26
70.25
70.23
70.24
70.23
70.26
70.24
70.21
70.24
70.26
70.23
70.20
70.21
70.24
70.24
70.21
70.25
70.24
70.20
70.22
70.23
70.17
70.13
70.11
70.12
70.10
70.10
70.13
70.13
70.12
70.12
70.12
70.11
70.12
70.10
70.07
70.04
70.04
70.02
70.01
70.04
70.03
70.04
70.06
70.10
70.11
70.13
70.12
70.13
70.14
70.15
70.14
70.12
70.12
70.14
70.13
70.11
70.12
70.10
70.09
70.09
70.11
70.14
70.12
70.14
70.16
70.16
70.16
70.18
70.18
70.17
70.18
70.15
70.13
70.16
70.16
70.15
70.15
70.13
70.08
70.08
70.10
70.10
70.12
70.10
70.11
70.14
70.15
70.12
70.15
70.13
70.13
70.13
70.14
70.14
70.12
70.14
70.12
70.11
70.09
70.09
70.11
70.11
70.09
70.08
70.10
70.09
70.08
70.11
70.09
70.08
70.08
70.08
70.08
70.08
70.08
70.09
70.07
70.10
70.11
70.10
70.07
70.05
70.04
70.03
70.03
70.00
70.01
70.02
69.98
69.97
69.96
69.97
69.96
69.96
69.95
69.95
69.97
69.96
69.96
69.96
69.96
69.99
69.99
69.99
69.95
69.94
69.91
69.90
69.89
69.88
69.88
69.90
69.88
69.90
69.88
69.88
69.89
69.88
69.92
69.92
69.89
69.88
69.85
69.83
69.83
69.83
69.85
69.84
69.84
69.84
69.85
69.84
69.83
69.83
69.84
69.85
69.85
69.85
69.83
69.83
69.81
69.82
69.83
69.82
69.80
69.80
69.82
69.80
69.79
69.79
69.78
69.78
69.81
69.80
69.82
69.79
69.79
69.80
69.78
69.78
69.77
69.78
69.74
69.76
69.76
69.74
69.75
69.76
69.76
69.76
69.75
69.76
69.75
69.76
69.77
69.73
69.73
69.73
69.75
69.73
69.71
69.70
69.68
69.68
69.67
69.66
69.66
69.65
69.64
69.65
69.64
69.67
69.68
69.67
69.67
69.66
69.67
69.67
69.68
69.67
69.65
69.62
69.62
69.62
69.63
69.63
69.63
69.62
69.61
69.59
69.60
69.60
69.62
69.64
69.63
69.61
69.63
69.63
69.62
69.60
69.61
69.60
69.59
69.59
69.58
69.58
69.57
69.59
69.60
69.61
69.60
69.60
69.62
69.63
69.62
69.65
69.63
69.64
69.63
69.62
69.63
69.61
69.61
69.63
69.62
69.61
69.61
69.61
69.62
69.62
69.62
69.60
69.59
69.60
69.61
69.60
69.61
69.61
69.61
69.62
69.62
69.62
69.62
69.61
69.60
69.60
69.62
69.62
69.63
69.63
69.63
69.65
69.65
69.64
69.63
69.63
69.65
69.64
69.65
69.64
69.63
69.61
69.60
69.61
69.60
69.61
69.61
69.61
69.61
69.63
69.62
69.62
69.63
69.61
69.61
69.61
69.60
69.60
69.59
69.59
69.59
69.59
69.58
69.58
69.58
69.58
69.60
69.59
69.59
69.58
69.56
69.56
69.56
69.55
69.55
69.55
69.55
69.56
69.56
69.56
69.56
69.56
69.57
69.56
69.57
69.58
69.59
69.59
69.59
69.58
69.58
69.57
69.57
69.57
69.57
69.57
69.56
69.57
69.55
69.55
69.55
69.56
69.55
69.55
69.55
69.55
69.56
69.56
69.56
69.54
69.55
69.53
69.52
69.52
69.52
69.53
69.53
69.52
69.53
69.53
69.54
69.54
69.53
69.53
69.52
69.52
69.52
69.51
69.51
69.50
69.51
69.51
69.51
69.51
69.51
69.52
69.50
69.50
69.50
69.50
69.49
69.50
69.51
69.51
69.52
69.50
69.51
69.51
69.50
69.50
69.50
69.51
69.51
69.51
69.51
69.51
69.50
69.50
69.52
69.53
69.52
69.52
69.53
69.53
69.54
69.55
69.55
69.56
69.57
69.56
69.57
69.58
69.59
69.60
69.61
69.60
69.61
69.59
69.59
69.59
69.60
69.59
69.58
69.59
69.59
69.59
69.59
69.58
69.59
69.58
69.59
69.58
69.58
69.58
69.58
69.58
69.58
69.57
69.58
69.58
69.58
69.58
69.59
69.60
69.60
69.60
69.60
69.59
69.59
69.58
69.59
69.59
69.60
69.60
69.60
69.61
69.60
69.60
69.59
69.59
69.58
69.58
69.58
69.59
69.60
69.60
69.61
69.61
69.63
69.62
69.63
69.64
69.57
