67.19
70.31
67.71
67.97
67.81
67.97
68.97
69.14
68.40
68.28
67.90
68.36
67.67
68.42
68.65
68.46
68.66
69.10
68.75
69.22
69.72
69.74
69.70
69.79
70.06
70.07
69.73
69.75
69.67
69.58
69.71
69.78
69.93
69.67
69.82
69.88
69.85
69.61
69.55
69.45
69.28
69.31
69.33
69.14
69.06
68.89
68.78
68.72
68.88
68.81
68.93
69.20
69.16
69.21
69.23
69.36
69.22
69.13
69.15
69.14
69.16
69.08
69.12
69.21
69.13
69.18
69.26
69.26
69.47
69.53
69.54
69.49
69.56
69.74
69.83
69.88
69.87
69.89
69.80
69.75
69.75
69.72
69.67
69.59
69.61
69.59
69.58
69.60
69.50
69.55
69.61
69.62
69.74
69.73
69.70
69.63
69.60
69.67
69.59
69.56
69.60
69.61
69.48
69.53
69.52
69.56
69.52
69.49
69.55
69.59
69.61
69.55
69.50
69.45
69.43
69.49
69.44
69.40
69.34
69.39
69.38
69.39
69.36
69.33
69.33
69.27
69.25
69.24
69.28
69.29
69.27
69.31
69.29
69.26
69.22
69.29
69.29
69.30
69.31
69.33
69.25
69.21
69.20
69.14
69.16
69.15
69.07
69.10
69.15
69.08
69.00
68.89
68.92
68.92
68.96
68.91
68.92
68.88
68.88
68.91
68.94
68.98
68.99
69.01
68.95
68.92
68.89
68.87
68.81
68.81
68.81
68.88
68.87
68.85
68.81
68.81
68.81
68.84
68.82
68.79
68.80
68.80
68.75
68.72
68.73
68.73
68.76
68.78
68.77
68.83
68.82
68.82
68.86
68.82
68.80
68.81
68.75
68.78
68.72
68.70
68.75
68.72
68.69
68.64
68.67
68.67
68.66
68.68
68.66
68.67
68.69
68.72
68.70
68.68
68.71
68.71
68.67
68.69
68.65
68.63
68.62
68.60
68.61
68.65
68.65
68.66
68.67
68.72
68.73
68.72
68.74
68.78
68.73
68.73
68.70
68.76
68.76
68.75
68.74
68.74
68.74
68.78
68.77
68.75
68.73
68.71
68.71
68.72
68.72
68.73
68.69
68.66
68.67
68.66
68.63
68.62
68.60
68.59
68.56
68.58
68.59
68.61
68.66
68.67
68.67
68.71
68.74
68.77
68.77
68.79
68.80
68.77
68.79
68.78
68.82
68.81
68.81
68.79
68.79
68.82
68.83
68.82
68.81
68.84
68.81
68.80
68.76
68.78
68.76
68.78
68.79
68.80
68.79
68.76
68.74
68.74
68.73
68.73
68.73
68.77
68.78
68.77
68.74
68.72
68.72
68.72
68.75
68.77
68.76
68.73
68.73
68.72
68.75
68.72
68.73
68.75
68.75
68.75
68.76
68.75
68.73
68.75
68.73
68.76
68.75
68.75
68.76
68.76
68.73
68.74
68.76
68.76
68.74
68.75
68.71
68.72
68.72
68.72
68.73
68.70
68.69
68.70
68.67
68.68
68.70
68.69
68.69
68.69
68.71
68.74
68.76
68.76
68.76
68.77
68.75
68.75
68.74
68.73
68.72
68.72
68.72
68.75
68.74
68.70
68.72
68.72
68.72
68.75
68.73
68.73
68.72
68.71
68.70
68.71
68.71
68.70
68.70
68.70
68.71
68.70
68.67
68.67
68.67
68.65
68.67
68.69
68.70
68.65
68.65
68.65
68.65
68.67
68.69
68.66
68.68
68.68
68.71
68.71
68.74
68.72
68.72
68.72
68.72
68.72
68.72
68.72
68.70
68.70
68.69
68.70
68.70
68.72
68.72
68.71
68.70
68.71
68.70
68.69
68.68
68.69
68.70
68.68
68.68
68.70
68.69
68.69
68.70
68.71
68.72
68.74
68.74
68.71
68.72
68.71
68.71
68.71
68.69
68.69
68.68
68.67
68.66
68.68
68.67
68.67
68.66
68.65
68.64
68.64
68.62
68.62
68.64
68.65
68.65
68.64
68.65
68.62
68.61
68.62
68.60
68.59
68.61
68.62
68.62
68.63
68.64
68.64
68.64
68.66
68.67
68.67
68.66
68.66
68.67
68.67
68.67
68.65
68.65
68.65
68.64
68.64
68.63
68.65
68.64
68.65
68.64
68.65
68.65
68.67
68.68
68.67
68.69
68.67
68.66
68.67
68.67
68.68
68.68
68.66
68.66
68.66
68.67
68.68
68.70
68.68
68.68
68.68
68.68
68.68
68.68
68.68
68.70
68.70
68.68
68.69
68.68
68.68
68.69
68.68
68.69
68.67
68.69
68.70
68.70
68.70
68.69
68.69
68.68
68.68
68.69
68.70
68.72
68.72
68.74
68.76
68.78
68.78
68.78
68.79
68.81
68.80
68.79
68.79
68.78
68.78
68.76
68.76
68.78
68.78
68.78
68.78
68.77
68.78
68.77
68.78
68.79
68.80
68.79
68.79
68.79
68.79
68.79
68.79
68.75
68.74
68.75
68.77
68.76
68.77
68.76
68.78
68.77
68.77
68.78
68.77
68.77
68.76
68.74
68.76
68.76
68.77
68.77
68.78
68.79
68.80
68.79
68.79
68.81
68.81
68.81
68.80
68.80
68.81
68.82
68.83
68.83
68.81
68.80
68.80
68.80
68.79
68.79
68.79
68.78
68.79
68.78
68.78
68.78
68.78
68.78
68.78
68.79
68.79
68.78
68.77
68.79
68.79
68.78
68.77
68.78
68.78
68.77
68.78
68.79
68.80
68.81
68.80
68.80
68.80
68.81
68.80
68.80
68.79
68.81
68.80
68.80
68.80
68.80
68.80
68.81
68.81
68.81
68.81
68.80
68.79
68.79
68.80
68.81
68.82
68.81
68.81
68.81
68.80
68.79
68.77
68.77
68.76
68.76
68.75
68.76
68.77
68.77
68.76
68.74
68.74
68.74
68.74
68.75
68.75
68.75
68.76
68.74
68.75
68.76
68.77
68.79
68.77
68.78
68.79
68.78
68.77
68.77
68.77
68.78
68.78
68.78
68.78
68.78
68.79
68.78
68.77
68.78
68.77
68.76
68.75
68.74
68.75
68.76
68.76
68.75
68.75
68.73
68.72
68.72
68.71
68.71
68.72
68.72
68.73
68.73
68.74
68.74
68.73
68.73
68.73
68.72
68.71
68.71
68.71
68.71
68.70
68.70
68.71
68.73
68.72
68.71
68.72
68.72
68.72
68.73
68.73
68.74
68.73
68.73
68.74
68.75
68.75
68.75
68.75
68.76
68.76
68.77
68.76
68.76
68.76
68.77
68.75
68.75
68.74
68.74
68.75
68.75
68.77
68.76
68.76
68.76
68.75
68.76
68.75
68.74
68.75
68.75
68.74
68.75
68.75
68.74
68.73
68.73
68.73
68.71
68.71
68.70
68.71
68.70
68.71
68.71
68.71
68.70
68.70
68.71
68.72
68.72
68.66
