62.50
65.62
66.67
66.80
69.06
66.67
67.63
67.38
67.53
67.19
68.47
68.75
69.59
69.42
69.48
69.63
69.39
69.27
68.83
69.06
69.35
68.82
69.02
68.88
68.38
68.39
68.00
68.19
68.32
68.18
68.30
68.41
68.70
68.66
68.71
68.66
68.83
68.83
68.67
68.91
68.60
68.49
68.50
68.54
68.44
68.51
68.42
68.26
68.24
68.19
68.11
68.03
68.01
68.14
68.30
68.25
68.26
68.35
68.43
68.49
68.34
68.30
68.45
68.51
68.56
68.49
68.54
68.57
68.61
68.53
68.51
68.53
68.58
68.54
68.52
68.52
68.45
68.47
68.22
68.16
68.17
68.14
68.13
68.01
68.07
68.02
67.94
67.95
67.91
67.88
67.81
67.90
67.98
68.05
67.94
67.82
67.83
67.73
67.68
67.77
67.79
67.83
67.78
67.82
67.84
67.88
67.95
67.98
67.99
67.98
68.00
67.95
67.96
68.04
68.03
67.96
67.98
67.92
67.92
67.98
67.96
67.98
68.04
68.09
68.01
67.99
67.96
67.94
68.02
68.04
68.03
68.04
68.09
67.99
68.02
68.01
68.04
68.06
68.08
68.10
68.11
68.16
68.21
68.15
68.11
68.09
68.12
68.12
68.15
68.15
68.20
68.12
68.14
68.11
68.05
68.06
68.06
68.01
68.03
68.07
68.09
68.13
68.21
68.24
68.26
68.25
68.22
68.16
68.14
68.13
68.06
68.01
68.03
68.08
68.12
68.16
68.12
68.18
68.22
68.18
68.11
68.09
68.10
68.10
68.11
68.15
68.17
68.16
68.19
68.19
68.20
68.21
68.19
68.20
68.22
68.24
68.19
68.17
68.21
68.20
68.21
68.25
68.27
68.30
68.29
68.27
68.28
68.29
68.28
68.27
68.24
68.20
68.20
68.17
68.17
68.18
68.22
68.22
68.24
68.19
68.21
68.22
68.18
68.21
68.22
68.27
68.29
68.28
68.27
68.25
68.28
68.31
68.27
68.29
68.30
68.25
68.19
68.21
68.19
68.17
68.15
68.18
68.15
68.13
68.15
68.17
68.17
68.20
68.19
68.15
68.17
68.17
68.18
68.24
68.18
68.18
68.21
68.25
68.26
68.25
68.25
68.23
68.24
68.20
68.21
68.24
68.26
68.24
68.26
68.29
68.25
68.23
68.26
68.27
68.30
68.26
68.29
68.33
68.33
68.38
68.38
68.40
68.39
68.41
68.41
68.40
68.40
68.40
68.41
68.42
68.43
68.45
68.44
68.46
68.48
68.50
68.49
68.47
68.47
68.45
68.44
68.43
68.41
68.45
68.44
68.42
68.43
68.45
68.48
68.48
68.48
68.49
68.47
68.45
68.45
68.45
68.47
68.47
68.48
68.48
68.48
68.51
68.52
68.50
68.53
68.56
68.58
68.58
68.57
68.55
68.53
68.50
68.52
68.50
68.50
68.48
68.47
68.47
68.46
68.47
68.49
68.51
68.48
68.50
68.54
68.53
68.57
68.55
68.58
68.61
68.64
68.65
68.66
68.65
68.62
68.62
68.63
68.65
68.65
68.65
68.69
68.68
68.69
68.67
68.71
68.71
68.68
68.68
68.69
68.70
68.66
68.66
68.65
68.64
68.65
68.63
68.64
68.63
68.64
68.64
68.65
68.65
68.64
68.63
68.63
68.66
68.64
68.64
68.63
68.63
68.63
68.61
68.61
68.62
68.60
68.58
68.59
68.59
68.60
68.60
68.63
68.65
68.63
68.61
68.60
68.60
68.60
68.60
68.62
68.61
68.60
68.58
68.60
68.59
68.60
68.58
68.58
68.58
68.57
68.58
68.59
68.60
68.59
68.59
68.61
68.63
68.62
68.61
68.64
68.65
68.64
68.62
68.62
68.63
68.60
68.61
68.61
68.61
68.61
68.60
68.61
68.60
68.58
68.58
68.58
68.61
68.63
68.61
68.62
68.61
68.60
68.60
68.59
68.61
68.62
68.59
68.61
68.61
68.59
68.58
68.58
68.62
68.60
68.60
68.61
68.63
68.63
68.62
68.61
68.60
68.61
68.60
68.61
68.58
68.59
68.61
68.61
68.62
68.61
68.63
68.64
68.65
68.65
68.63
68.63
68.63
68.65
68.66
68.67
68.69
68.70
68.71
68.72
68.72
68.71
68.72
68.74
68.72
68.69
68.69
68.69
68.71
68.72
68.73
68.73
68.73
68.73
68.72
68.74
68.74
68.74
68.73
68.76
68.75
68.75
68.75
68.73
68.72
68.73
68.71
68.70
68.71
68.71
68.68
68.69
68.68
68.69
68.69
68.66
68.67
68.69
68.69
68.71
68.70
68.69
68.69
68.69
68.72
68.71
68.71
68.71
68.72
68.72
68.72
68.72
68.73
68.74
68.73
68.73
68.72
68.73
68.73
68.74
68.73
68.74
68.75
68.75
68.77
68.77
68.76
68.76
68.74
68.74
68.74
68.73
68.74
68.75
68.75
68.75
68.76
68.75
68.76
68.74
68.74
68.73
68.73
68.74
68.73
68.74
68.72
68.73
68.73
68.72
68.73
68.72
68.72
68.69
68.68
68.69
68.70
68.71
68.70
68.70
68.70
68.71
68.70
68.70
68.69
68.69
68.69
68.69
68.69
68.70
68.71
68.70
68.69
68.70
68.68
68.68
68.68
68.67
68.68
68.69
68.69
68.67
68.66
68.65
68.65
68.65
68.65
68.65
68.64
68.65
68.66
68.66
68.66
68.66
68.65
68.65
68.65
68.64
68.65
68.66
68.67
68.67
68.67
68.66
68.67
68.68
68.68
68.68
68.67
68.66
68.67
68.67
68.66
68.67
68.68
68.69
68.69
68.70
68.71
68.71
68.70
68.71
68.72
68.72
68.72
68.71
68.71
68.71
68.72
68.73
68.73
68.74
68.74
68.74
68.73
68.73
68.74
68.75
68.76
68.78
68.77
68.79
68.79
68.78
68.78
68.78
68.78
68.77
68.77
68.76
68.75
68.75
68.74
68.73
68.73
68.74
68.72
68.72
68.73
68.73
68.73
68.73
68.72
68.73
68.73
68.72
68.71
68.71
68.71
68.70
68.71
68.69
68.70
68.70
68.68
68.67
68.67
68.66
68.66
68.68
68.67
68.68
68.68
68.67
68.67
68.68
68.66
68.66
68.66
68.64
68.64
68.63
68.64
68.64
68.66
68.66
68.66
68.67
68.67
68.67
68.67
68.68
68.68
68.67
68.68
68.68
68.68
68.68
68.69
68.68
68.68
68.69
68.68
68.69
68.69
68.68
68.67
68.67
68.67
68.67
68.67
68.66
68.65
68.64
68.64
68.63
68.62
68.63
68.61
68.62
68.61
68.62
68.60
68.60
68.59
68.59
68.59
68.59
68.60
68.60
68.59
68.59
68.59
68.59
68.59
68.58
68.58
68.58
68.51
