59.38
53.91
57.81
57.03
57.50
57.81
57.81
57.23
57.29
58.12
58.52
58.85
59.38
59.71
59.79
60.06
60.02
59.90
59.54
60.00
60.12
60.58
60.46
60.74
61.00
61.18
61.28
61.05
61.05
61.25
61.14
61.23
61.36
61.35
61.21
61.37
61.49
61.72
61.50
61.48
61.47
61.35
61.34
61.40
61.42
61.24
61.14
61.04
61.19
61.19
61.24
61.33
61.44
61.60
61.51
61.38
61.24
61.13
61.18
61.17
61.27
61.19
61.26
61.38
61.42
61.36
61.47
61.49
61.64
61.74
61.66
61.70
61.64
61.63
61.58
61.53
61.30
61.28
61.33
61.39
61.48
61.53
61.54
61.57
61.60
61.72
61.64
61.67
61.67
61.72
61.73
61.72
61.61
61.55
61.58
61.56
61.55
61.58
61.65
61.67
61.66
61.61
61.57
61.58
61.65
61.67
61.73
61.78
61.78
61.75
61.73
61.75
61.74
61.66
61.63
61.73
61.69
61.73
61.70
61.78
61.82
61.81
61.73
61.73
61.79
61.73
61.69
61.66
61.63
61.65
61.68
61.65
61.62
61.66
61.66
61.65
61.64
61.66
61.59
61.57
61.55
61.53
61.54
61.56
61.56
61.56
61.51
61.54
61.54
61.50
61.51
61.53
61.57
61.58
61.58
61.61
61.59
61.65
61.67
61.63
61.70
61.70
61.68
61.65
61.70
61.65
61.71
61.75
61.78
61.75
61.71
61.77
61.80
61.84
61.86
61.84
61.85
61.85
61.79
61.80
61.80
61.74
61.68
61.72
61.75
61.74
61.70
61.69
61.72
61.75
61.76
61.78
61.81
61.85
61.87
61.85
61.83
61.85
61.80
61.83
61.84
61.77
61.77
61.78
61.81
61.82
61.87
61.81
61.84
61.85
61.85
61.82
61.76
61.76
61.77
61.75
61.74
61.82
61.86
61.83
61.83
61.78
61.74
61.80
61.82
61.81
61.79
61.80
61.80
61.83
61.82
61.83
61.81
61.77
61.76
61.75
61.75
61.77
61.81
61.80
61.84
61.83
61.77
61.79
61.77
61.77
61.77
61.81
61.85
61.88
61.91
61.91
61.95
61.95
61.88
61.87
61.92
61.91
61.94
61.93
61.91
61.92
61.91
61.94
61.92
61.91
61.90
61.86
61.82
61.85
61.85
61.86
61.83
61.80
61.77
61.75
61.72
61.71
61.68
61.64
61.62
61.65
61.63
61.61
61.58
61.58
61.59
61.58
61.59
61.57
61.60
61.62
61.62
61.61
61.60
61.61
61.57
61.57
61.55
61.53
61.52
61.50
61.50
61.54
61.56
61.55
61.53
61.56
61.57
61.56
61.57
61.59
61.59
61.58
61.60
61.62
61.65
61.63
61.62
61.63
61.64
61.61
61.65
61.60
61.59
61.59
61.55
61.53
61.54
61.56
61.56
61.60
61.60
61.61
61.63
61.64
61.63
61.63
61.64
61.67
61.66
61.67
61.67
61.66
61.65
61.66
61.68
61.67
61.66
61.67
61.65
61.65
61.65
61.67
61.72
61.72
61.72
61.73
61.72
61.74
61.75
61.75
61.81
61.80
61.79
61.79
61.79
61.80
61.80
61.79
61.81
61.80
61.80
61.83
61.80
61.81
61.82
61.81
61.80
61.80
61.83
61.85
61.87
61.88
61.87
61.86
61.83
61.86
61.85
61.87
61.87
61.87
61.89
61.92
61.92
61.91
61.92
61.92
61.93
61.93
61.91
61.91
61.93
61.93
61.94
61.95
61.92
61.93
61.94
61.94
61.93
61.95
61.96
61.94
61.94
61.94
61.94
61.92
61.93
61.90
61.92
61.92
61.92
61.93
61.94
61.94
61.97
61.95
61.95
61.96
61.94
61.92
61.92
61.92
61.95
61.96
61.94
61.95
61.95
61.95
61.96
61.97
61.99
61.96
61.95
61.91
61.92
61.92
61.96
61.91
61.92
61.92
61.93
61.94
61.93
61.96
61.95
61.96
61.95
61.97
61.99
62.00
61.99
61.97
62.00
62.00
62.00
61.98
61.95
61.95
61.95
61.93
61.93
61.93
61.92
61.95
61.94
61.94
61.95
61.95
61.95
61.95
61.97
61.98
61.98
61.96
61.95
61.96
61.97
61.99
61.99
61.99
61.98
61.98
61.97
61.96
61.95
61.96
61.96
61.96
61.96
61.95
61.97
61.97
61.96
61.93
61.93
61.96
61.96
61.96
61.95
61.93
61.94
61.93
61.93
61.93
61.95
61.95
61.97
61.96
61.95
61.95
61.95
61.95
61.95
61.94
61.95
61.95
61.94
61.94
61.95
61.96
61.96
61.95
61.96
61.96
61.95
61.96
61.98
61.97
61.96
61.96
61.98
61.97
61.98
61.97
61.97
61.98
61.98
61.97
61.95
61.94
61.93
61.93
61.93
61.92
61.91
61.90
61.90
61.90
61.90
61.89
61.89
61.87
61.86
61.86
61.85
61.88
61.87
61.88
61.89
61.89
61.90
61.91
61.92
61.92
61.93
61.93
61.94
61.92
61.94
61.94
61.96
61.96
61.97
61.98
61.97
61.98
61.99
61.97
61.97
61.99
62.00
62.01
62.00
61.99
62.00
62.00
62.01
61.99
62.00
62.01
62.02
62.02
62.02
62.00
62.01
62.00
62.01
62.01
62.01
62.01
62.00
62.00
62.00
62.01
62.01
61.99
61.99
62.00
61.99
61.99
62.00
62.00
62.00
62.00
61.98
61.98
61.98
62.01
62.02
62.01
62.00
62.00
62.02
62.03
62.03
62.04
62.04
62.05
62.05
62.07
62.07
62.08
62.07
62.08
62.08
62.10
62.10
62.11
62.12
62.13
62.13
62.12
62.11
62.11
62.11
62.10
62.08
62.08
62.08
62.08
62.08
62.08
62.09
62.09
62.08
62.09
62.10
62.09
62.09
62.09
62.10
62.10
62.11
62.12
62.12
62.12
62.12
62.10
62.12
62.11
62.12
62.12
62.11
62.14
62.14
62.14
62.15
62.15
62.16
62.16
62.17
62.16
62.16
62.15
62.16
62.17
62.17
62.17
62.16
62.16
62.16
62.15
62.15
62.15
62.15
62.14
62.15
62.16
62.17
62.17
62.17
62.16
62.16
62.16
62.16
62.17
62.17
62.17
62.17
62.17
62.17
62.17
62.17
62.17
62.18
62.20
62.19
62.20
62.21
62.21
62.20
62.20
62.20
62.20
62.21
62.21
62.20
62.20
62.20
62.19
62.19
62.20
62.21
62.19
62.19
62.21
62.21
62.21
62.20
62.20
62.20
62.19
62.19
62.20
62.19
62.19
62.18
62.19
62.19
62.18
62.19
62.20
62.21
62.22
62.21
62.21
62.22
62.20
62.21
62.21
62.20
62.19
62.18
62.18
62.18
62.18
62.19
62.19
62.18
62.12
