75.00
69.53
66.67
67.19
65.62
65.89
66.96
65.82
66.49
67.19
66.76
66.93
67.43
67.75
67.40
67.38
67.37
67.01
66.78
67.11
67.11
67.26
66.71
66.86
66.69
66.59
66.90
67.19
67.03
66.67
66.68
66.75
66.95
67.23
67.46
67.80
68.07
68.09
68.23
68.32
68.10
68.23
68.39
68.64
68.65
68.51
68.45
68.42
68.53
68.44
68.44
68.39
68.25
68.20
68.30
68.28
68.45
68.27
68.22
68.12
67.98
67.87
67.83
67.72
67.79
67.78
67.84
67.88
67.89
67.86
67.94
67.99
68.15
68.16
68.19
68.11
68.20
68.19
68.02
68.07
68.11
68.10
68.09
68.17
68.25
68.30
68.34
68.41
68.42
68.51
68.48
68.50
68.50
68.43
68.49
68.46
68.49
68.54
68.51
68.55
68.49
68.43
68.45
68.58
68.56
68.59
68.68
68.69
68.61
68.55
68.58
68.51
68.53
68.56
68.64
68.64
68.71
68.76
68.76
68.76
68.78
68.80
68.81
68.88
68.85
68.94
68.95
68.88
68.87
68.85
68.85
68.93
68.88
68.87
68.85
68.77
68.82
68.80
68.72
68.68
68.69
68.74
68.75
68.67
68.64
68.71
68.74
68.75
68.77
68.73
68.71
68.73
68.76
68.84
68.81
68.77
68.70
68.69
68.68
68.65
68.62
68.68
68.67
68.62
68.66
68.65
68.64
68.69
68.69
68.66
68.68
68.62
68.66
68.68
68.68
68.71
68.72
68.68
68.74
68.71
68.66
68.68
68.65
68.66
68.64
68.62
68.65
68.68
68.71
68.66
68.64
68.67
68.68
68.68
68.70
68.72
68.72
68.69
68.71
68.74
68.77
68.74
68.72
68.77
68.70
68.73
68.69
68.69
68.71
68.67
68.68
68.70
68.70
68.71
68.68
68.71
68.69
68.70
68.74
68.68
68.67
68.69
68.69
68.67
68.67
68.66
68.64
68.67
68.63
68.63
68.64
68.64
68.66
68.63
68.64
68.63
68.62
68.63
68.67
68.69
68.69
68.70
68.70
68.73
68.75
68.79
68.81
68.81
68.83
68.86
68.88
68.86
68.90
68.92
68.92
68.90
68.86
68.84
68.83
68.84
68.88
68.88
68.88
68.89
68.87
68.83
68.81
68.80
68.80
68.81
68.83
68.85
68.84
68.84
68.83
68.83
68.84
68.84
68.85
68.84
68.83
68.84
68.84
68.88
68.90
68.90
68.90
68.90
68.88
68.89
68.92
68.96
68.94
68.96
68.97
68.98
68.99
68.99
68.96
68.96
69.00
68.99
69.01
69.03
69.04
69.03
69.00
68.98
68.98
68.96
68.96
68.98
68.99
69.01
69.02
69.00
68.99
69.03
69.00
69.02
69.01
69.01
69.01
69.00
69.03
69.04
69.02
69.04
69.06
69.07
69.09
69.11
69.11
69.11
69.10
69.12
69.12
69.10
69.10
69.12
69.13
69.16
69.18
69.18
69.18
69.16
69.12
69.14
69.17
69.15
69.14
69.13
69.12
69.13
69.16
69.18
69.21
69.19
69.19
69.18
69.18
69.17
69.18
69.18
69.19
69.19
69.23
69.23
69.23
69.22
69.22
69.22
69.22
69.21
69.20
69.19
69.20
69.19
69.20
69.19
69.18
69.19
69.19
69.17
69.18
69.21
69.17
69.16
69.18
69.17
69.17
69.16
69.16
69.14
69.13
69.13
69.12
69.09
69.08
69.07
69.07
69.07
69.08
69.08
69.08
69.09
69.08
69.09
69.09
69.09
69.09
69.11
69.09
69.10
69.11
69.12
69.12
69.13
69.15
69.13
69.13
69.10
69.08
69.07
69.06
69.06
69.07
69.06
69.06
69.06
69.07
69.05
69.06
69.07
69.07
69.06
69.08
69.08
69.06
69.04
69.04
69.05
69.06
69.07
69.07
69.08
69.09
69.08
69.08
69.10
69.10
69.11
69.11
69.13
69.11
69.11
69.11
69.13
69.13
69.15
69.13
69.13
69.13
69.13
69.14
69.14
69.14
69.13
69.13
69.14
69.15
69.14
69.16
69.15
69.13
69.13
69.14
69.14
69.13
69.12
69.13
69.12
69.09
69.09
69.08
69.07
69.07
69.05
69.04
69.02
69.00
69.02
69.03
69.04
69.04
69.04
69.04
69.05
69.07
69.08
69.09
69.09
69.07
69.08
69.07
69.06
69.06
69.06
69.07
69.07
69.08
69.07
69.07
69.08
69.11
69.10
69.11
69.11
69.12
69.12
69.11
69.11
69.10
69.10
69.11
69.11
69.11
69.12
69.13
69.10
69.10
69.10
69.07
69.07
69.07
69.08
69.08
69.07
69.09
69.08
69.08
69.08
69.08
69.09
69.10
69.10
69.11
69.10
69.10
69.09
69.10
69.10
69.09
69.11
69.10
69.09
69.09
69.10
69.09
69.11
69.13
69.11
69.12
69.14
69.14
69.13
69.12
69.12
69.13
69.13
69.13
69.14
69.12
69.13
69.13
69.12
69.12
69.13
69.13
69.13
69.12
69.10
69.11
69.12
69.12
69.12
69.12
69.12
69.10
69.10
69.11
69.10
69.10
69.10
69.10
69.10
69.11
69.10
69.11
69.10
69.10
69.09
69.11
69.09
69.11
69.14
69.15
69.15
69.13
69.14
69.14
69.15
69.16
69.15
69.15
69.13
69.13
69.15
69.15
69.16
69.15
69.14
69.14
69.13
69.15
69.15
69.15
69.14
69.14
69.14
69.13
69.14
69.12
69.13
69.14
69.15
69.14
69.15
69.16
69.17
69.17
69.18
69.17
69.17
69.16
69.16
69.17
69.18
69.20
69.20
69.21
69.22
69.20
69.21
69.22
69.21
69.20
69.21
69.21
69.20
69.21
69.23
69.23
69.23
69.24
69.24
69.27
69.27
69.27
69.27
69.27
69.28
69.28
69.27
69.28
69.27
69.26
69.27
69.27
69.28
69.28
69.29
69.29
69.30
69.30
69.29
69.28
69.29
69.29
69.29
69.30
69.30
69.31
69.31
69.30
69.30
69.30
69.30
69.29
69.29
69.30
69.30
69.30
69.30
69.30
69.30
69.29
69.29
69.30
69.31
69.32
69.32
69.31
69.31
69.31
69.31
69.31
69.32
69.34
69.34
69.34
69.33
69.33
69.32
69.32
69.33
69.33
69.32
69.32
69.32
69.32
69.31
69.31
69.33
69.33
69.33
69.34
69.33
69.32
69.33
69.32
69.32
69.32
69.31
69.32
69.33
69.33
69.31
69.31
69.31
69.31
69.31
69.31
69.30
69.32
69.32
69.33
69.33
69.32
69.31
69.30
69.30
69.30
69.30
69.30
69.29
69.29
69.28
69.27
69.28
69.29
69.29
69.29
69.29
69.29
69.29
69.29
69.29
69.29
69.28
69.29
69.22
