6.25
4.69
4.69
3.91
3.44
3.12
2.90
2.73
2.95
3.12
2.98
3.12
3.12
3.46
3.33
3.32
3.22
3.30
3.12
3.12
2.98
2.91
2.92
2.99
3.06
3.00
3.12
3.12
3.07
3.18
3.18
3.17
3.17
3.26
3.26
3.26
3.29
3.29
3.37
3.32
3.35
3.46
3.49
3.52
3.54
3.53
3.52
3.58
3.57
3.53
3.58
3.58
3.60
3.59
3.66
3.63
3.59
3.69
3.68
3.75
3.79
3.78
3.79
3.78
3.77
3.74
3.80
3.81
3.87
3.82
3.83
3.86
3.87
3.93
3.94
3.91
3.90
3.85
3.86
3.89
3.86
3.87
3.88
3.91
3.92
3.98
3.99
3.96
3.93
3.91
3.93
3.91
3.95
3.97
3.96
3.97
3.96
3.97
3.98
3.98
3.98
3.98
3.96
3.97
3.99
3.98
3.97
3.99
4.03
4.05
4.01
3.99
3.97
3.95
3.97
3.97
3.95
3.97
3.95
3.95
3.93
3.89
3.87
3.88
3.88
3.87
3.88
3.87
3.84
3.85
3.84
3.81
3.78
3.75
3.76
3.73
3.72
3.70
3.69
3.67
3.67
3.68
3.67
3.67
3.69
3.68
3.67
3.66
3.65
3.67
3.65
3.66
3.65
3.65
3.66
3.69
3.67
3.67
3.67
3.70
3.74
3.73
3.74
3.75
3.74
3.77
3.76
3.75
3.74
3.74
3.74
3.74
3.78
3.76
3.77
3.79
3.81
3.81
3.81
3.83
3.82
3.83
3.83
3.82
3.83
3.82
3.82
3.83
3.83
3.82
3.80
3.79
3.79
3.79
3.80
3.81
3.79
3.80
3.78
3.82
3.80
3.81
3.82
3.84
3.84
3.84
3.83
3.83
3.84
3.84
3.84
3.85
3.85
3.83
3.84
3.85
3.86
3.85
3.85
3.86
3.86
3.86
3.86
3.86
3.86
3.85
3.85
3.86
3.87
3.88
3.87
3.89
3.90
3.90
3.90
3.92
3.90
3.90
3.90
3.91
3.93
3.93
3.92
3.92
3.92
3.92
3.93
3.93
3.92
3.91
3.91
3.92
3.91
3.93
3.93
3.92
3.92
3.92
3.94
3.94
3.93
3.91
3.91
3.92
3.93
3.95
3.95
3.95
3.94
3.94
3.93
3.92
3.91
3.90
3.89
3.88
3.88
3.87
3.88
3.89
3.90
3.90
3.91
3.93
3.93
3.92
3.93
3.94
3.94
3.94
3.95
3.94
3.94
3.94
3.93
3.93
3.92
3.93
3.93
3.94
3.95
3.96
3.97
3.96
3.95
3.95
3.96
3.98
3.98
3.99
3.98
3.98
3.98
3.97
3.98
3.97
3.98
3.97
3.96
3.97
3.97
3.98
3.99
3.99
3.99
3.99
3.99
3.98
3.97
3.96
3.97
3.96
3.96
3.96
3.95
3.96
3.97
3.98
3.98
3.98
3.99
3.99
4.00
3.99
4.00
4.01
4.02
4.01
4.02
4.00
4.00
3.99
4.00
3.99
4.00
3.99
4.00
3.99
4.00
4.01
4.00
4.00
4.01
4.02
4.03
4.03
4.03
4.03
4.03
4.03
4.05
4.06
4.05
4.05
4.06
4.06
4.06
4.06
4.06
4.05
4.05
4.05
4.05
4.05
4.05
4.04
4.05
4.04
4.04
4.04
4.05
4.06
4.05
4.05
4.04
4.04
4.04
4.04
4.04
4.04
4.03
4.04
4.04
4.03
4.04
4.03
4.03
4.04
4.03
4.03
4.02
4.01
4.00
4.00
4.00
4.01
4.01
4.01
4.02
4.01
4.01
4.00
4.02
4.02
4.03
4.03
4.03
4.02
4.01
4.01
4.00
4.00
4.00
4.00
4.00
4.01
4.00
4.01
4.01
4.01
4.01
4.02
4.02
4.02
4.01
4.01
4.00
4.00
4.00
4.00
4.00
4.01
4.00
4.01
4.00
4.01
4.01
4.02
4.02
4.01
4.02
4.02
4.02
4.02
4.02
4.01
4.00
4.01
4.02
4.02
4.02
4.02
4.01
4.02
4.01
4.01
4.01
4.00
4.01
4.00
3.99
4.00
4.00
4.00
3.99
4.00
4.00
4.00
3.99
4.00
4.00
4.00
4.00
3.99
3.98
3.99
3.98
3.98
3.97
3.97
3.97
3.97
3.98
3.98
3.97
3.98
3.98
3.98
3.98
3.98
3.98
3.99
3.98
3.98
3.99
3.98
3.98
3.99
4.00
4.00
4.00
4.00
3.99
3.99
3.99
4.00
3.99
3.99
3.99
3.99
3.98
3.99
3.99
3.99
3.99
4.00
3.99
3.99
3.99
3.99
3.99
3.98
3.98
3.99
3.98
3.99
3.99
3.99
3.99
4.00
4.00
3.99
4.00
3.99
4.00
4.00
4.00
4.00
4.00
4.00
4.00
3.99
4.00
4.00
4.00
3.99
3.98
3.99
3.98
3.98
3.98
3.98
3.98
3.98
3.98
3.99
3.99
3.99
3.99
3.98
3.99
3.98
3.98
3.97
3.97
3.97
3.97
3.97
3.96
3.96
3.96
3.96
3.97
3.97
3.98
3.97
3.97
3.97
3.98
3.98
3.98
3.98
3.97
3.97
3.97
3.97
3.97
3.97
3.96
3.97
3.97
3.96
3.97
3.96
3.96
3.96
3.96
3.96
3.96
3.95
3.96
3.97
3.97
3.97
3.97
3.98
3.97
3.97
3.97
3.96
3.96
3.97
3.96
3.97
3.97
3.96
3.96
3.96
3.97
3.97
3.97
3.97
3.97
3.97
3.97
3.96
3.96
3.96
3.96
3.96
3.96
3.95
3.95
3.95
3.95
3.95
3.95
3.95
3.95
3.95
3.95
3.94
3.95
3.94
3.94
3.94
3.93
3.93
3.93
3.93
3.94
3.94
3.94
3.93
3.93
3.92
3.92
3.92
3.92
3.92
3.92
3.92
3.92
3.92
3.92
3.92
3.92
3.92
3.92
3.92
3.92
3.92
3.91
3.91
3.92
3.92
3.92
3.93
3.93
3.93
3.93
3.92
3.92
3.93
3.93
3.93
3.92
3.92
3.92
3.92
3.92
3.92
3.91
3.91
3.91
3.91
3.91
3.91
3.91
3.91
3.92
3.92
3.92
3.92
3.92
3.92
3.92
3.91
3.91
3.91
3.91
3.90
3.90
3.90
3.90
3.90
3.89
3.90
3.90
3.90
3.90
3.91
3.91
3.91
3.91
3.91
3.92
3.92
3.92
3.92
3.92
3.92
3.92
3.91
3.92
3.91
3.91
3.91
3.92
3.92
3.92
3.92
3.92
3.92
3.91
3.91
3.91
3.91
3.91
3.92
3.92
3.92
3.91
3.91
3.92
3.92
3.93
3.93
3.93
3.93
3.93
3.93
