70.31
74.22
71.88
71.88
71.88
72.40
71.65
71.29
71.35
71.41
71.73
71.61
71.75
71.65
71.67
71.68
70.96
70.92
70.89
71.02
70.54
70.95
71.60
71.35
71.38
71.27
71.18
71.21
70.91
70.83
70.56
70.51
70.69
70.96
70.89
70.70
70.82
70.81
70.83
70.94
70.96
70.80
70.71
70.74
70.35
70.35
70.48
70.41
70.41
70.59
70.62
70.46
70.40
70.54
70.48
70.48
70.50
70.50
70.74
70.73
70.52
70.34
70.31
70.31
70.31
70.41
70.50
70.54
70.49
70.58
70.58
70.64
70.51
70.38
70.31
70.17
70.11
70.09
70.15
70.12
70.18
70.27
70.26
70.26
70.26
70.29
70.33
70.22
70.22
70.30
70.42
70.35
70.23
70.16
70.13
70.20
70.23
70.23
70.25
70.17
70.24
70.33
70.34
70.43
70.42
70.43
70.50
70.41
70.37
70.40
70.48
70.40
70.41
70.44
70.43
70.43
70.50
70.47
70.42
70.38
70.31
70.35
70.38
70.40
70.42
70.45
70.42
70.45
70.41
70.35
70.37
70.40
70.30
70.30
70.27
70.22
70.23
70.26
70.23
70.25
70.21
70.19
70.23
70.21
70.25
70.18
70.20
70.18
70.21
70.22
70.23
70.18
70.20
70.26
70.26
70.28
70.30
70.31
70.30
70.32
70.29
70.30
70.36
70.37
70.30
70.25
70.26
70.26
70.23
70.23
70.23
70.28
70.23
70.26
70.24
70.21
70.22
70.18
70.13
70.13
70.17
70.16
70.21
70.24
70.26
70.26
70.22
70.24
70.24
70.21
70.23
70.22
70.25
70.28
70.32
70.29
70.31
70.33
70.30
70.29
70.24
70.20
70.20
70.18
70.19
70.18
70.15
70.18
70.14
70.16
70.11
70.17
70.17
70.16
70.15
70.12
70.08
70.08
70.08
70.05
70.06
70.06
70.06
70.08
70.07
70.06
70.05
70.04
70.05
70.03
70.06
70.06
70.08
70.09
70.09
70.11
70.09
70.11
70.14
70.09
70.12
70.08
70.07
70.06
70.06
70.00
70.02
69.98
69.97
69.97
70.04
70.03
70.00
69.98
69.94
69.96
69.90
69.92
69.90
69.92
69.91
69.90
69.90
69.88
69.84
69.90
69.89
69.88
69.85
69.84
69.85
69.83
69.80
69.79
69.78
69.79
69.78
69.73
69.75
69.73
69.75
69.75
69.76
69.75
69.75
69.74
69.74
69.73
69.73
69.74
69.71
69.70
69.70
69.67
69.69
69.68
69.69
69.73
69.75
69.74
69.75
69.74
69.76
69.76
69.73
69.75
69.74
69.75
69.75
69.74
69.75
69.73
69.71
69.68
69.65
69.63
69.62
69.60
69.59
69.60
69.58
69.58
69.57
69.54
69.54
69.54
69.53
69.51
69.49
69.49
69.49
69.48
69.44
69.45
69.45
69.47
69.47
69.48
69.48
69.46
69.43
69.39
69.40
69.40
69.39
69.43
69.42
69.40
69.41
69.42
69.42
69.42
69.44
69.43
69.46
69.48
69.49
69.47
69.46
69.46
69.47
69.49
69.48
69.47
69.43
69.43
69.42
69.42
69.44
69.48
69.48
69.49
69.49
69.51
69.53
69.52
69.51
69.50
69.53
69.54
69.54
69.54
69.56
69.58
69.59
69.58
69.59
69.60
69.60
69.60
69.60
69.63
69.65
69.65
69.64
69.64
69.62
69.63
69.64
69.64
69.63
69.62
69.61
69.62
69.62
69.62
69.61
69.62
69.63
69.62
69.61
69.62
69.61
69.61
69.62
69.62
69.62
69.64
69.66
69.65
69.66
69.65
69.66
69.65
69.66
69.67
69.66
69.65
69.65
69.64
69.63
69.63
69.62
69.65
69.64
69.63
69.67
69.65
69.63
69.62
69.62
69.59
69.57
69.56
69.55
69.56
69.55
69.57
69.54
69.55
69.56
69.57
69.56
69.56
69.56
69.57
69.56
69.54
69.54
69.52
69.54
69.53
69.51
69.50
69.52
69.51
69.52
69.53
69.52
69.52
69.53
69.52
69.53
69.53
69.54
69.55
69.55
69.58
69.58
69.58
69.58
69.57
69.58
69.56
69.57
69.56
69.55
69.55
69.54
69.53
69.54
69.53
69.53
69.53
69.54
69.55
69.55
69.55
69.55
69.54
69.55
69.55
69.57
69.56
69.54
69.54
69.55
69.55
69.54
69.53
69.55
69.53
69.54
69.55
69.57
69.58
69.58
69.59
69.58
69.59
69.58
69.57
69.59
69.58
69.59
69.60
69.59
69.59
69.58
69.60
69.60
69.60
69.59
69.59
69.59
69.60
69.61
69.62
69.62
69.62
69.60
69.60
69.58
69.58
69.57
69.55
69.56
69.57
69.59
69.58
69.58
69.62
69.62
69.61
69.61
69.61
69.61
69.58
69.59
69.59
69.60
69.60
69.59
69.58
69.59
69.59
69.58
69.59
69.59
69.59
69.58
69.56
69.57
69.59
69.60
69.57
69.57
69.56
69.55
69.55
69.55
69.53
69.54
69.54
69.54
69.55
69.55
69.54
69.55
69.56
69.56
69.56
69.56
69.55
69.56
69.56
69.57
69.57
69.59
69.58
69.57
69.57
69.57
69.56
69.56
69.56
69.57
69.58
69.57
69.60
69.60
69.59
69.59
69.59
69.59
69.59
69.59
69.59
69.60
69.58
69.59
69.60
69.60
69.58
69.57
69.58
69.56
69.55
69.55
69.56
69.56
69.57
69.56
69.57
69.57
69.56
69.56
69.56
69.57
69.56
69.57
69.57
69.59
69.60
69.58
69.59
69.57
69.59
69.59
69.60
69.60
69.61
69.61
69.61
69.63
69.63
69.63
69.63
69.63
69.63
69.64
69.64
69.64
69.65
69.66
69.66
69.66
69.68
69.68
69.67
69.67
69.68
69.67
69.68
69.69
69.69
69.67
69.67
69.67
69.68
69.68
69.68
69.68
69.67
69.68
69.68
69.68
69.68
69.68
69.67
69.66
69.66
69.65
69.65
69.65
69.65
69.65
69.64
69.63
69.62
69.63
69.64
69.64
69.64
69.64
69.63
69.63
69.65
69.64
69.65
69.65
69.65
69.66
69.66
69.65
69.65
69.65
69.66
69.65
69.65
69.66
69.66
69.66
69.66
69.67
69.66
69.66
69.66
69.66
69.66
69.65
69.65
69.63
69.63
69.63
69.64
69.66
69.66
69.66
69.65
69.66
69.66
69.64
69.64
69.64
69.62
69.61
69.62
69.62
69.62
69.62
69.60
69.60
69.60
69.61
69.61
69.62
69.62
69.62
69.62
69.63
69.62
69.63
69.62
69.64
69.65
69.64
69.66
69.66
69.65
69.66
69.67
69.69
69.69
69.68
69.69
69.69
69.69
69.68
69.67
69.68
69.61
