6.25
6.25
7.29
8.59
10.31
10.16
10.49
10.16
10.42
10.31
9.66
9.24
8.89
9.15
9.38
9.38
9.56
9.55
9.79
9.92
9.90
9.94
9.78
10.16
10.25
10.16
10.30
10.27
10.13
10.21
10.28
10.30
10.42
10.43
10.49
10.46
10.43
10.53
10.38
10.47
10.40
10.23
10.21
10.30
10.17
10.29
10.11
10.12
10.17
10.12
10.20
10.22
10.17
10.13
10.11
10.27
10.36
10.24
10.20
10.18
10.07
10.01
9.97
9.86
9.81
9.78
9.89
9.90
9.87
9.87
9.82
9.87
9.87
9.92
9.96
9.97
9.92
9.94
9.87
9.94
9.92
9.95
9.92
9.97
9.93
9.97
9.95
9.96
9.99
9.97
9.94
9.95
9.91
9.91
9.88
9.88
9.87
9.96
9.93
9.94
9.93
9.93
9.95
9.99
9.94
9.98
9.99
10.01
10.01
10.01
10.04
10.03
10.04
10.01
10.03
10.04
10.04
9.98
9.99
9.99
10.01
10.02
9.98
9.99
10.03
10.02
10.05
10.03
10.00
10.04
10.02
10.01
10.02
10.02
10.05
10.04
10.00
10.02
10.02
10.01
9.97
10.02
9.99
10.02
10.00
10.02
10.01
10.00
9.99
9.99
10.02
10.02
10.04
10.04
10.01
10.04
10.05
10.04
10.04
10.03
10.03
10.06
10.07
10.07
10.07
10.07
10.04
10.03
10.01
10.01
10.00
9.99
10.03
10.01
10.00
10.01
10.03
10.05
10.06
10.08
10.06
10.04
10.04
10.03
10.00
9.99
9.95
9.97
9.95
9.93
9.94
9.91
9.93
9.91
9.90
9.90
9.89
9.88
9.86
9.86
9.84
9.83
9.84
9.88
9.91
9.90
9.90
9.93
9.91
9.91
9.91
9.89
9.90
9.89
9.88
9.86
9.85
9.83
9.85
9.84
9.86
9.85
9.87
9.89
9.86
9.87
9.86
9.88
9.87
9.85
9.83
9.82
9.79
9.76
9.74
9.74
9.74
9.76
9.75
9.77
9.76
9.76
9.75
9.73
9.73
9.72
9.70
9.69
9.68
9.65
9.67
9.65
9.68
9.69
9.69
9.72
9.71
9.70
9.70
9.71
9.71
9.73
9.73
9.72
9.72
9.70
9.71
9.71
9.69
9.69
9.68
9.69
9.69
9.69
9.69
9.71
9.72
9.73
9.73
9.74
9.74
9.75
9.74
9.72
9.72
9.74
9.74
9.74
9.73
9.73
9.73
9.73
9.72
9.74
9.74
9.74
9.76
9.76
9.76
9.76
9.75
9.72
9.71
9.70
9.71
9.72
9.71
9.70
9.71
9.69
9.72
9.73
9.73
9.71
9.70
9.72
9.71
9.71
9.71
9.72
9.74
9.73
9.73
9.74
9.75
9.75
9.76
9.77
9.77
9.77
9.77
9.78
9.77
9.77
9.78
9.78
9.78
9.78
9.77
9.78
9.81
9.80
9.79
9.77
9.79
9.79
9.81
9.81
9.80
9.79
9.78
9.77
9.76
9.76
9.76
9.77
9.77
9.77
9.78
9.76
9.76
9.78
9.77
9.77
9.76
9.75
9.77
9.76
9.77
9.76
9.77
9.77
9.77
9.76
9.78
9.78
9.78
9.77
9.75
9.77
9.75
9.78
9.79
9.79
9.80
9.78
9.77
9.76
9.74
9.75
9.73
9.73
9.74
9.74
9.73
9.73
9.73
9.74
9.74
9.74
9.74
9.74
9.75
9.76
9.77
9.76
9.75
9.75
9.75
9.75
9.75
9.76
9.78
9.78
9.77
9.78
9.78
9.77
9.77
9.78
9.78
9.78
9.79
9.79
9.81
9.81
9.81
9.81
9.82
9.82
9.83
9.83
9.82
9.82
9.82
9.83
9.84
9.84
9.83
9.83
9.81
9.80
9.80
9.81
9.81
9.81
9.81
9.80
9.79
9.78
9.76
9.79
9.79
9.78
9.79
9.80
9.78
9.78
9.78
9.78
9.78
9.77
9.78
9.76
9.76
9.77
9.77
9.76
9.75
9.75
9.74
9.73
9.73
9.72
9.72
9.73
9.72
9.72
9.72
9.71
9.71
9.71
9.72
9.71
9.71
9.70
9.70
9.71
9.69
9.68
9.68
9.69
9.68
9.67
9.66
9.66
9.65
9.65
9.67
9.67
9.68
9.68
9.67
9.67
9.66
9.66
9.67
9.67
9.67
9.67
9.67
9.67
9.66
9.65
9.66
9.65
9.66
9.66
9.66
9.66
9.67
9.67
9.66
9.65
9.65
9.66
9.66
9.66
9.66
9.66
9.66
9.65
9.65
9.64
9.63
9.63
9.64
9.63
9.64
9.64
9.65
9.64
9.64
9.65
9.65
9.65
9.65
9.65
9.65
9.64
9.64
9.66
9.66
9.67
9.67
9.67
9.67
9.67
9.68
9.68
9.69
9.69
9.68
9.68
9.68
9.68
9.68
9.68
9.68
9.67
9.67
9.67
9.70
9.69
9.68
9.68
9.68
9.69
9.69
9.69
9.70
9.71
9.70
9.69
9.70
9.71
9.71
9.70
9.71
9.71
9.70
9.71
9.70
9.69
9.70
9.69
9.69
9.69
9.69
9.69
9.69
9.69
9.69
9.68
9.68
9.68
9.68
9.68
9.67
9.66
9.67
9.67
9.66
9.67
9.67
9.67
9.67
9.67
9.67
9.67
9.69
9.69
9.69
9.69
9.70
9.70
9.70
9.70
9.70
9.70
9.71
9.70
9.69
9.69
9.69
9.68
9.68
9.68
9.68
9.69
9.69
9.68
9.68
9.68
9.69
9.68
9.67
9.67
9.67
9.68
9.68
9.68
9.68
9.69
9.68
9.67
9.67
9.67
9.68
9.68
9.69
9.69
9.69
9.69
9.70
9.69
9.71
9.71
9.71
9.70
9.70
9.70
9.70
9.70
9.71
9.71
9.71
9.71
9.71
9.72
9.73
9.72
9.72
9.72
9.72
9.72
9.72
9.72
9.72
9.71
9.71
9.70
9.70
9.70
9.70
9.70
9.70
9.70
9.70
9.70
9.70
9.70
9.70
9.70
9.70
9.70
9.69
9.69
9.69
9.68
9.68
9.68
9.68
9.68
9.68
9.69
9.69
9.69
9.68
9.68
9.68
9.68
9.68
9.67
9.67
9.68
9.69
9.69
9.69
9.70
9.70
9.70
9.69
9.69
9.68
9.68
9.68
9.68
9.69
9.69
9.68
9.68
9.69
9.70
9.69
9.69
9.69
9.69
9.69
9.69
9.69
9.69
9.69
9.68
9.68
9.68
9.69
9.68
9.69
9.70
9.69
9.69
9.69
9.70
9.69
9.69
9.68
9.69
9.68
9.68
9.68
9.67
9.67
9.68
9.68
9.68
9.67
9.67
9.68
9.67
9.68
9.67
