0.00
3.12
2.60
2.34
2.81
3.12
2.68
2.54
2.26
2.34
2.27
2.34
2.52
2.34
2.40
2.44
2.30
2.26
2.14
2.11
2.23
2.41
2.38
2.41
2.31
2.28
2.31
2.29
2.32
2.29
2.27
2.25
2.18
2.16
2.23
2.21
2.24
2.26
2.28
2.27
2.32
2.31
2.25
2.27
2.29
2.45
2.43
2.44
2.39
2.44
2.45
2.40
2.45
2.46
2.41
2.48
2.52
2.53
2.49
2.53
2.61
2.57
2.60
2.64
2.64
2.65
2.68
2.67
2.67
2.66
2.66
2.67
2.65
2.62
2.62
2.61
2.66
2.68
2.67
2.68
2.66
2.67
2.65
2.66
2.70
2.69
2.66
2.68
2.69
2.71
2.68
2.67
2.72
2.71
2.70
2.69
2.71
2.68
2.68
2.67
2.68
2.71
2.70
2.67
2.66
2.67
2.66
2.65
2.62
2.61
2.59
2.58
2.56
2.56
2.58
2.57
2.60
2.61
2.61
2.63
2.63
2.63
2.63
2.61
2.60
2.58
2.57
2.55
2.57
2.57
2.56
2.54
2.54
2.54
2.55
2.54
2.55
2.56
2.55
2.53
2.55
2.53
2.52
2.55
2.56
2.57
2.56
2.55
2.57
2.56
2.55
2.57
2.57
2.59
2.61
2.59
2.61
2.59
2.59
2.59
2.59
2.59
2.60
2.58
2.58
2.56
2.55
2.55
2.53
2.55
2.55
2.56
2.57
2.60
2.60
2.61
2.60
2.59
2.58
2.59
2.58
2.58
2.58
2.56
2.58
2.60
2.59
2.58
2.60
2.59
2.58
2.56
2.56
2.55
2.54
2.57
2.56
2.55
2.55
2.54
2.53
2.53
2.53
2.52
2.51
2.50
2.53
2.53
2.53
2.54
2.55
2.56
2.56
2.56
2.57
2.55
2.57
2.57
2.58
2.56
2.57
2.56
2.56
2.55
2.55
2.56
2.57
2.58
2.57
2.56
2.56
2.55
2.56
2.55
2.55
2.56
2.56
2.56
2.55
2.55
2.55
2.55
2.58
2.57
2.56
2.56
2.56
2.57
2.59
2.59
2.60
2.60
2.60
2.60
2.61
2.61
2.61
2.60
2.60
2.60
2.59
2.59
2.58
2.57
2.56
2.57
2.56
2.58
2.57
2.58
2.57
2.56
2.57
2.57
2.56
2.56
2.57
2.56
2.55
2.55
2.56
2.56
2.57
2.57
2.57
2.56
2.56
2.56
2.56
2.55
2.55
2.55
2.55
2.55
2.54
2.54
2.55
2.55
2.57
2.56
2.57
2.56
2.56
2.56
2.57
2.56
2.57
2.56
2.56
2.56
2.57
2.57
2.58
2.58
2.58
2.57
2.57
2.56
2.56
2.55
2.55
2.55
2.55
2.54
2.53
2.54
2.54
2.54
2.54
2.54
2.54
2.54
2.54
2.54
2.54
2.54
2.54
2.54
2.54
2.54
2.54
2.54
2.54
2.53
2.52
2.52
2.51
2.51
2.52
2.52
2.52
2.52
2.52
2.53
2.53
2.53
2.53
2.54
2.54
2.54
2.54
2.54
2.53
2.54
2.53
2.54
2.54
2.53
2.53
2.54
2.55
2.55
2.55
2.54
2.54
2.53
2.54
2.53
2.54
2.54
2.55
2.56
2.55
2.55
2.56
2.57
2.57
2.56
2.55
2.55
2.55
2.55
2.55
2.55
2.55
2.54
2.54
2.55
2.55
2.54
2.55
2.55
2.55
2.56
2.55
2.56
2.56
2.56
2.56
2.56
2.56
2.56
2.57
2.57
2.56
2.56
2.56
2.55
2.55
2.55
2.55
2.55
2.55
2.56
2.55
2.56
2.57
2.57
2.58
2.58
2.57
2.57
2.57
2.58
2.58
2.59
2.59
2.59
2.59
2.58
2.58
2.57
2.57
2.58
2.58
2.58
2.58
2.58
2.58
2.58
2.58
2.59
2.59
2.59
2.59
2.59
2.59
2.59
2.59
2.59
2.58
2.59
2.61
2.61
2.61
2.60
2.60
2.60
2.61
2.61
2.62
2.62
2.61
2.61
2.62
2.62
2.62
2.62
2.62
2.62
2.62
2.63
2.62
2.62
2.62
2.63
2.62
2.63
2.63
2.63
2.63
2.62
2.62
2.63
2.63
2.63
2.63
2.63
2.63
2.63
2.64
2.63
2.63
2.63
2.63
2.63
2.64
2.64
2.64
2.64
2.65
2.65
2.64
2.64
2.65
2.64
2.64
2.65
2.64
2.64
2.63
2.63
2.63
2.63
2.62
2.62
2.62
2.62
2.61
2.61
2.61
2.61
2.61
2.60
2.60
2.60
2.60
2.59
2.59
2.59
2.59
2.59
2.58
2.59
2.58
2.58
2.59
2.59
2.59
2.59
2.59
2.60
2.59
2.59
2.59
2.58
2.58
2.58
2.58
2.58
2.58
2.59
2.59
2.59
2.59
2.59
2.58
2.58
2.58
2.58
2.58
2.57
2.57
2.57
2.57
2.57
2.56
2.57
2.56
2.56
2.56
2.56
2.56
2.56
2.55
2.55
2.55
2.55
2.55
2.54
2.55
2.56
2.56
2.56
2.56
2.56
2.56
2.56
2.56
2.56
2.56
2.56
2.55
2.56
2.56
2.56
2.56
2.56
2.56
2.56
2.55
2.56
2.55
2.56
2.56
2.55
2.55
2.54
2.54
2.54
2.54
2.54
2.54
2.54
2.54
2.54
2.54
2.54
2.54
2.54
2.54
2.53
2.53
2.54
2.53
2.54
2.54
2.54
2.54
2.54
2.55
2.55
2.55
2.55
2.55
2.56
2.56
2.57
2.57
2.56
2.56
2.56
2.57
2.57
2.57
2.57
2.58
2.57
2.57
2.57
2.57
2.57
2.57
2.57
2.58
2.58
2.58
2.58
2.58
2.57
2.57
2.57
2.57
2.57
2.57
2.57
2.57
2.57
2.57
2.58
2.57
2.57
2.58
2.57
2.58
2.58
2.57
2.57
2.57
2.57
2.57
2.57
2.57
2.57
2.57
2.57
2.56
2.57
2.56
2.57
2.56
2.57
2.57
2.57
2.57
2.57
2.57
2.57
2.57
2.56
2.57
2.56
2.57
2.57
2.57
2.57
2.57
2.57
2.57
2.57
2.57
2.57
2.57
2.57
2.57
2.57
2.57
2.56
2.56
2.57
2.57
2.57
2.57
2.57
2.57
2.58
2.58
2.57
2.58
2.57
2.57
2.58
2.58
2.58
2.59
2.59
2.59
2.59
2.59
2.59
2.59
2.60
2.60
2.60
2.60
2.60
2.59
2.60
2.60
2.59
2.59
2.59
2.59
2.59
2.58
2.58
2.59
2.58
2.59
2.59
2.58
2.58
2.58
2.58
2.58
2.59
2.59
2.59
2.59
2.59
2.59
2.59
