64.06
67.97
67.19
69.14
68.12
68.23
67.86
67.77
69.44
68.91
69.74
69.53
69.11
68.64
68.54
68.85
69.30
69.88
69.90
70.00
69.57
69.53
69.90
69.79
69.56
69.59
69.33
69.53
69.88
69.58
69.15
69.19
69.41
69.21
69.38
69.36
69.47
69.53
69.39
69.26
69.55
69.57
69.62
69.35
69.34
69.33
69.35
69.34
69.32
69.25
69.42
69.29
69.19
69.16
68.86
68.69
68.53
68.62
68.64
68.33
68.55
68.47
68.53
68.55
68.61
68.54
68.66
68.61
68.52
68.57
68.49
68.55
68.77
68.79
68.77
68.81
68.69
68.65
68.65
68.81
68.92
69.00
68.96
69.05
69.15
69.22
69.25
69.25
69.26
69.32
69.39
69.40
69.44
69.43
69.42
69.48
69.38
69.34
69.35
69.28
69.26
69.24
69.17
69.23
69.17
69.12
69.14
69.10
69.15
69.13
69.09
69.14
69.08
69.01
68.99
69.03
69.10
69.08
69.08
69.09
69.14
69.15
69.18
69.30
69.32
69.33
69.35
69.35
69.40
69.48
69.47
69.37
69.38
69.39
69.41
69.36
69.41
69.45
69.44
69.40
69.43
69.44
69.44
69.43
69.43
69.46
69.45
69.46
69.47
69.53
69.53
69.55
69.58
69.58
69.49
69.45
69.43
69.38
69.38
69.42
69.39
69.41
69.33
69.29
69.29
69.32
69.27
69.31
69.34
69.33
69.33
69.39
69.45
69.47
69.45
69.47
69.46
69.41
69.35
69.39
69.44
69.45
69.43
69.41
69.40
69.41
69.42
69.38
69.39
69.36
69.36
69.35
69.35
69.35
69.37
69.32
69.34
69.35
69.36
69.38
69.39
69.44
69.44
69.48
69.49
69.51
69.54
69.57
69.59
69.62
69.59
69.60
69.61
69.61
69.64
69.60
69.59
69.62
69.63
69.67
69.66
69.65
69.68
69.69
69.69
69.69
69.65
69.65
69.68
69.68
69.66
69.67
69.66
69.67
69.67
69.64
69.63
69.59
69.56
69.53
69.51
69.51
69.54
69.53
69.50
69.52
69.52
69.49
69.45
69.45
69.42
69.42
69.42
69.45
69.45
69.44
69.42
69.44
69.47
69.47
69.46
69.44
69.41
69.44
69.47
69.50
69.53
69.54
69.55
69.50
69.52
69.53
69.55
69.54
69.53
69.54
69.56
69.56
69.56
69.55
69.55
69.55
69.57
69.60
69.60
69.59
69.56
69.49
69.48
69.50
69.48
69.48
69.48
69.45
69.43
69.45
69.47
69.47
69.47
69.48
69.48
69.48
69.47
69.42
69.43
69.42
69.45
69.45
69.44
69.45
69.46
69.44
69.43
69.43
69.41
69.39
69.40
69.36
69.37
69.35
69.37
69.37
69.35
69.32
69.32
69.31
69.33
69.34
69.37
69.37
69.36
69.36
69.38
69.38
69.40
69.39
69.39
69.36
69.38
69.38
69.41
69.43
69.42
69.44
69.44
69.44
69.44
69.41
69.44
69.48
69.49
69.51
69.52
69.53
69.51
69.52
69.50
69.47
69.47
69.45
69.47
69.47
69.49
69.51
69.51
69.49
69.50
69.50
69.53
69.54
69.56
69.59
69.59
69.60
69.61
69.60
69.60
69.60
69.58
69.60
69.58
69.59
69.61
69.61
69.62
69.62
69.62
69.61
69.61
69.62
69.62
69.63
69.64
69.63
69.63
69.64
69.66
69.67
69.69
69.69
69.72
69.72
69.71
69.72
69.74
69.72
69.74
69.75
69.72
69.73
69.75
69.73
69.73
69.73
69.71
69.73
69.72
69.73
69.73
69.72
69.69
69.69
69.72
69.72
69.72
69.73
69.75
69.73
69.74
69.75
69.75
69.76
69.76
69.75
69.76
69.77
69.77
69.76
69.78
69.79
69.78
69.78
69.78
69.79
69.77
69.76
69.76
69.75
69.76
69.77
69.74
69.75
69.74
69.75
69.75
69.74
69.74
69.72
69.71
69.72
69.73
69.73
69.71
69.73
69.75
69.74
69.74
69.74
69.73
69.71
69.71
69.70
69.70
69.70
69.70
69.71
69.71
69.71
69.70
69.71
69.71
69.70
69.69
69.70
69.70
69.69
69.67
69.69
69.67
69.68
69.67
69.67
69.67
69.66
69.66
69.67
69.68
69.69
69.69
69.69
69.69
69.69
69.67
69.68
69.68
69.68
69.69
69.68
69.69
69.70
69.69
69.69
69.68
69.70
69.69
69.69
69.68
69.69
69.71
69.72
69.72
69.72
69.72
69.71
69.74
69.75
69.76
69.76
69.77
69.78
69.78
69.78
69.78
69.79
69.80
69.79
69.78
69.77
69.78
69.79
69.80
69.78
69.78
69.77
69.76
69.76
69.76
69.76
69.76
69.75
69.75
69.73
69.72
69.72
69.70
69.68
69.67
69.68
69.68
69.67
69.67
69.66
69.66
69.66
69.67
69.67
69.67
69.67
69.66
69.67
69.66
69.66
69.65
69.65
69.65
69.65
69.66
69.66
69.67
69.66
69.67
69.68
69.68
69.68
69.66
69.68
69.68
69.70
69.70
69.70
69.68
69.69
69.70
69.71
69.71
69.71
69.70
69.69
69.69
69.68
69.70
69.70
69.69
69.68
69.69
69.69
69.68
69.68
69.69
69.69
69.68
69.69
69.67
69.68
69.68
69.67
69.66
69.65
69.65
69.65
69.65
69.65
69.65
69.64
69.64
69.63
69.63
69.64
69.65
69.65
69.65
69.65
69.65
69.66
69.67
69.66
69.66
69.66
69.66
69.66
69.67
69.66
69.65
69.65
69.65
69.65
69.64
69.65
69.65
69.66
69.65
69.62
69.61
69.61
69.63
69.64
69.63
69.62
69.60
69.60
69.59
69.60
69.59
69.60
69.60
69.58
69.58
69.59
69.59
69.59
69.58
69.58
69.58
69.58
69.57
69.58
69.59
69.59
69.59
69.59
69.59
69.59
69.60
69.59
69.59
69.58
69.59
69.57
69.57
69.57
69.58
69.57
69.56
69.57
69.56
69.56
69.57
69.56
69.57
69.57
69.56
69.57
69.56
69.56
69.56
69.56
69.56
69.55
69.55
69.56
69.55
69.56
69.55
69.56
69.56
69.57
69.58
69.59
69.60
69.61
69.62
69.64
69.65
69.64
69.66
69.66
69.66
69.66
69.65
69.65
69.65
69.65
69.65
69.65
69.65
69.65
69.65
69.66
69.65
69.64
69.65
69.65
69.65
69.65
69.67
69.67
69.66
69.68
69.68
69.69
69.70
69.70
69.71
69.72
69.72
69.71
69.72
69.73
69.72
69.73
69.73
69.73
69.74
69.74
69.74
69.73
69.74
69.74
69.73
69.72
69.72
69.72
69.72
69.72
69.71
69.70
69.71
69.71
69.72
69.72
69.71
69.64
