65.62
73.44
67.71
69.14
70.00
70.05
70.54
71.09
71.18
70.31
70.88
71.61
71.75
71.76
71.35
71.39
70.50
70.66
70.72
70.31
70.68
70.74
70.31
70.31
70.44
70.37
70.49
70.20
70.31
70.05
69.86
69.82
69.93
69.76
70.04
70.18
70.19
70.19
70.15
70.00
70.27
70.28
70.39
70.38
70.45
70.48
70.41
70.38
70.41
70.53
70.40
70.37
70.46
70.46
70.28
70.26
70.39
70.45
70.47
70.36
70.11
69.81
69.77
69.87
69.88
69.79
69.87
69.92
70.04
70.07
70.11
70.10
69.97
70.00
70.00
70.00
69.99
69.89
69.78
69.80
69.81
69.78
69.77
69.72
69.67
69.60
69.50
69.50
69.40
69.41
69.35
69.28
69.39
69.37
69.28
69.22
69.20
69.20
69.18
69.28
69.29
69.35
69.36
69.31
69.32
69.34
69.35
69.27
69.22
69.29
69.28
69.27
69.21
69.17
69.24
69.22
69.26
69.31
69.26
69.24
69.28
69.30
69.28
69.24
69.22
69.31
69.35
69.34
69.28
69.34
69.38
69.46
69.47
69.51
69.55
69.57
69.64
69.58
69.51
69.53
69.47
69.49
69.50
69.50
69.57
69.61
69.57
69.54
69.51
69.49
69.50
69.54
69.57
69.56
69.63
69.68
69.74
69.77
69.83
69.84
69.78
69.80
69.78
69.78
69.75
69.72
69.69
69.70
69.69
69.68
69.66
69.61
69.65
69.61
69.63
69.57
69.56
69.58
69.61
69.56
69.54
69.51
69.53
69.53
69.47
69.51
69.45
69.46
69.51
69.50
69.52
69.56
69.58
69.56
69.58
69.62
69.65
69.67
69.65
69.63
69.63
69.63
69.57
69.58
69.57
69.53
69.52
69.52
69.53
69.48
69.51
69.48
69.48
69.49
69.53
69.50
69.51
69.50
69.49
69.48
69.51
69.52
69.50
69.52
69.50
69.51
69.51
69.48
69.49
69.45
69.41
69.36
69.33
69.34
69.39
69.37
69.42
69.41
69.44
69.39
69.41
69.39
69.37
69.39
69.36
69.35
69.33
69.30
69.30
69.34
69.32
69.30
69.29
69.25
69.28
69.26
69.27
69.28
69.30
69.35
69.35
69.33
69.34
69.29
69.35
69.34
69.34
69.33
69.34
69.35
69.38
69.38
69.40
69.38
69.40
69.41
69.39
69.38
69.37
69.38
69.39
69.38
69.38
69.42
69.45
69.43
69.43
69.38
69.40
69.38
69.32
69.33
69.35
69.36
69.32
69.34
69.30
69.26
69.24
69.22
69.21
69.22
69.20
69.21
69.22
69.21
69.21
69.23
69.26
69.28
69.28
69.27
69.26
69.24
69.25
69.26
69.25
69.27
69.25
69.23
69.23
69.22
69.21
69.22
69.19
69.20
69.20
69.18
69.22
69.24
69.22
69.23
69.23
69.23
69.22
69.23
69.25
69.27
69.28
69.28
69.27
69.29
69.31
69.33
69.33
69.33
69.34
69.33
69.35
69.37
69.36
69.39
69.40
69.39
69.38
69.37
69.40
69.39
69.37
69.37
69.36
69.37
69.37
69.39
69.40
69.39
69.41
69.43
69.43
69.41
69.41
69.40
69.41
69.40
69.39
69.40
69.40
69.41
69.39
69.40
69.38
69.39
69.40
69.39
69.39
69.39
69.36
69.35
69.35
69.38
69.39
69.36
69.34
69.33
69.33
69.33
69.34
69.35
69.35
69.34
69.37
69.37
69.36
69.34
69.35
69.36
69.35
69.34
69.33
69.33
69.35
69.36
69.37
69.39
69.40
69.39
69.39
69.41
69.39
69.40
69.38
69.36
69.38
69.36
69.36
69.34
69.35
69.36
69.33
69.34
69.32
69.32
69.29
69.30
69.30
69.30
69.31
69.32
69.29
69.30
69.30
69.30
69.30
69.28
69.29
69.28
69.28
69.29
69.30
69.30
69.29
69.30
69.30
69.32
69.31
69.32
69.29
69.28
69.27
69.26
69.24
69.23
69.23
69.24
69.23
69.22
69.22
69.23
69.24
69.26
69.26
69.24
69.22
69.23
69.25
69.26
69.26
69.25
69.25
69.25
69.25
69.26
69.26
69.27
69.29
69.28
69.28
69.29
69.28
69.29
69.28
69.29
69.27
69.29
69.30
69.30
69.27
69.29
69.28
69.29
69.28
69.29
69.27
69.29
69.30
69.30
69.30
69.30
69.30
69.28
69.28
69.29
69.28
69.28
69.28
69.30
69.29
69.31
69.32
69.31
69.32
69.32
69.31
69.32
69.33
69.34
69.33
69.33
69.33
69.33
69.32
69.31
69.31
69.32
69.33
69.31
69.31
69.32
69.33
69.32
69.32
69.32
69.30
69.28
69.28
69.28
69.29
69.29
69.29
69.28
69.29
69.29
69.30
69.31
69.32
69.33
69.34
69.34
69.35
69.37
69.37
69.37
69.38
69.38
69.39
69.38
69.38
69.39
69.38
69.40
69.41
69.41
69.41
69.43
69.43
69.44
69.45
69.47
69.47
69.46
69.48
69.50
69.51
69.52
69.52
69.53
69.54
69.54
69.55
69.56
69.56
69.55
69.55
69.54
69.56
69.57
69.58
69.58
69.59
69.60
69.57
69.56
69.56
69.54
69.53
69.53
69.54
69.53
69.54
69.55
69.56
69.56
69.57
69.55
69.56
69.56
69.55
69.54
69.54
69.53
69.53
69.52
69.51
69.53
69.54
69.55
69.55
69.56
69.56
69.56
69.57
69.58
69.59
69.60
69.60
69.60
69.57
69.59
69.60
69.59
69.58
69.57
69.56
69.56
69.54
69.54
69.53
69.55
69.54
69.56
69.55
69.55
69.56
69.56
69.56
69.56
69.55
69.56
69.56
69.56
69.56
69.57
69.55
69.55
69.54
69.54
69.53
69.54
69.53
69.53
69.54
69.54
69.54
69.53
69.53
69.53
69.53
69.54
69.53
69.54
69.54
69.56
69.56
69.56
69.56
69.56
69.57
69.58
69.56
69.56
69.55
69.55
69.56
69.57
69.55
69.55
69.54
69.56
69.57
69.58
69.59
69.60
69.61
69.61
69.62
69.62
69.63
69.63
69.63
69.63
69.64
69.63
69.62
69.63
69.62
69.63
69.63
69.63
69.62
69.64
69.64
69.65
69.64
69.64
69.64
69.64
69.63
69.64
69.64
69.63
69.65
69.64
69.64
69.63
69.63
69.63
69.64
69.66
69.65
69.65
69.64
69.66
69.65
69.64
69.65
69.65
69.64
69.64
69.62
69.63
69.63
69.62
69.63
69.63
69.64
69.65
69.66
69.66
69.65
69.64
69.65
69.65
69.66
69.66
69.65
69.64
69.63
69.63
69.64
69.64
69.64
69.63
69.63
69.63
69.63
69.62
69.62
69.63
69.64
69.64
69.65
69.59
