71.88
69.53
66.67
68.36
68.44
69.79
68.97
68.55
68.92
68.91
68.61
68.36
68.15
68.42
68.12
67.48
67.65
67.10
66.78
67.03
67.11
67.05
67.12
67.25
67.38
67.61
67.71
67.75
68.05
68.12
68.09
68.41
68.37
68.43
68.57
68.49
68.29
68.13
68.19
68.24
68.22
68.34
68.39
68.36
68.19
68.14
68.25
68.20
68.24
68.16
68.01
67.85
67.75
67.88
67.78
67.89
67.79
67.75
67.77
67.92
68.06
67.94
67.86
67.82
67.86
67.87
67.68
67.72
67.64
67.72
67.85
67.84
67.81
67.67
67.73
67.74
67.65
67.65
67.66
67.68
67.61
67.49
67.49
67.35
67.35
67.22
67.37
67.37
67.28
67.34
67.29
67.20
67.02
67.04
67.01
66.96
67.03
67.09
67.28
67.28
67.34
67.45
67.52
67.41
67.47
67.41
67.38
67.42
67.39
67.49
67.60
67.63
67.71
67.82
67.91
67.89
67.84
67.88
67.84
67.88
67.79
67.80
67.70
67.68
67.64
67.61
67.66
67.66
67.67
67.63
67.70
67.71
67.74
67.74
67.77
67.76
67.81
67.91
68.02
68.02
68.06
68.10
68.11
68.11
68.12
68.12
68.15
68.23
68.24
68.25
68.24
68.29
68.30
68.32
68.39
68.36
68.34
68.33
68.34
68.37
68.33
68.38
68.40
68.42
68.42
68.47
68.48
68.54
68.56
68.53
68.54
68.51
68.54
68.58
68.59
68.58
68.62
68.63
68.60
68.66
68.69
68.70
68.72
68.72
68.72
68.71
68.70
68.73
68.77
68.73
68.69
68.72
68.69
68.73
68.71
68.66
68.66
68.66
68.64
68.65
68.65
68.63
68.60
68.62
68.67
68.70
68.67
68.69
68.67
68.65
68.62
68.65
68.61
68.66
68.69
68.69
68.72
68.76
68.79
68.77
68.79
68.76
68.78
68.77
68.77
68.76
68.76
68.74
68.75
68.78
68.81
68.80
68.76
68.79
68.82
68.81
68.78
68.76
68.75
68.75
68.74
68.72
68.69
68.68
68.72
68.71
68.75
68.73
68.77
68.77
68.80
68.81
68.79
68.79
68.79
68.80
68.83
68.83
68.85
68.85
68.82
68.82
68.85
68.89
68.90
68.90
68.90
68.90
68.88
68.85
68.86
68.87
68.84
68.84
68.86
68.85
68.83
68.81
68.81
68.84
68.84
68.83
68.81
68.84
68.85
68.83
68.85
68.85
68.85
68.85
68.87
68.87
68.86
68.88
68.88
68.91
68.90
68.88
68.93
68.94
68.95
68.92
68.94
68.90
68.93
68.95
68.98
68.99
68.99
69.00
69.00
69.01
68.98
69.01
69.01
69.03
69.03
69.02
69.01
69.00
68.99
69.00
68.99
69.01
69.00
69.00
68.99
68.98
68.98
68.96
68.96
68.97
68.99
68.99
69.00
68.99
68.96
68.98
68.98
68.98
69.01
69.00
68.98
68.98
68.97
69.00
69.02
69.00
68.99
69.01
69.02
69.04
69.07
69.08
69.08
69.08
69.09
69.08
69.06
69.07
69.09
69.12
69.13
69.17
69.14
69.13
69.12
69.11
69.09
69.10
69.11
69.09
69.09
69.08
69.06
69.06
69.06
69.07
69.06
69.03
69.03
69.02
69.00
69.01
69.03
68.99
69.02
69.03
69.05
69.04
69.02
69.00
69.01
69.02
68.99
69.01
68.98
68.95
68.95
68.98
69.00
68.98
68.99
69.00
68.99
69.00
69.01
69.01
69.01
69.03
69.02
69.04
69.04
69.04
69.07
69.05
69.06
69.05
69.06
69.05
69.08
69.08
69.06
69.07
69.08
69.08
69.08
69.07
69.08
69.08
69.08
69.08
69.06
69.06
69.06
69.07
69.06
69.07
69.07
69.06
69.05
69.06
69.07
69.07
69.05
69.04
69.06
69.09
69.09
69.08
69.09
69.11
69.09
69.07
69.07
69.08
69.09
69.09
69.09
69.11
69.12
69.11
69.12
69.11
69.11
69.09
69.11
69.10
69.12
69.13
69.13
69.15
69.16
69.18
69.19
69.20
69.22
69.22
69.23
69.24
69.22
69.22
69.23
69.24
69.25
69.26
69.27
69.27
69.25
69.25
69.26
69.27
69.27
69.25
69.26
69.27
69.26
69.26
69.23
69.21
69.21
69.20
69.20
69.20
69.21
69.21
69.21
69.22
69.23
69.24
69.23
69.22
69.23
69.22
69.22
69.21
69.21
69.20
69.20
69.22
69.23
69.23
69.23
69.24
69.24
69.23
69.23
69.22
69.24
69.25
69.25
69.24
69.24
69.24
69.24
69.23
69.23
69.23
69.24
69.25
69.25
69.25
69.25
69.25
69.25
69.27
69.27
69.27
69.28
69.28
69.28
69.29
69.30
69.29
69.27
69.28
69.27
69.27
69.29
69.31
69.32
69.31
69.31
69.30
69.31
69.32
69.34
69.34
69.34
69.34
69.34
69.34
69.34
69.35
69.34
69.31
69.31
69.33
69.31
69.30
69.29
69.29
69.29
69.30
69.29
69.29
69.28
69.28
69.26
69.26
69.24
69.24
69.24
69.23
69.21
69.22
69.23
69.24
69.26
69.25
69.26
69.26
69.26
69.26
69.26
69.27
69.27
69.27
69.28
69.29
69.30
69.30
69.31
69.31
69.32
69.32
69.32
69.32
69.33
69.33
69.32
69.32
69.31
69.32
69.33
69.35
69.34
69.35
69.35
69.35
69.36
69.37
69.39
69.39
69.40
69.39
69.39
69.38
69.38
69.38
69.38
69.38
69.37
69.36
69.37
69.38
69.38
69.38
69.37
69.36
69.35
69.35
69.35
69.35
69.35
69.36
69.35
69.36
69.35
69.34
69.36
69.36
69.37
69.36
69.36
69.36
69.35
69.35
69.35
69.36
69.34
69.34
69.32
69.32
69.32
69.32
69.33
69.33
69.33
69.34
69.33
69.33
69.32
69.32
69.32
69.30
69.30
69.30
69.29
69.27
69.28
69.30
69.29
69.29
69.30
69.30
69.31
69.32
69.32
69.33
69.33
69.33
69.34
69.34
69.34
69.34
69.32
69.34
69.33
69.33
69.34
69.35
69.35
69.35
69.34
69.35
69.35
69.35
69.35
69.34
69.34
69.33
69.33
69.32
69.30
69.29
69.28
69.29
69.30
69.30
69.31
69.31
69.31
69.32
69.33
69.33
69.33
69.33
69.34
69.34
69.36
69.37
69.36
69.37
69.36
69.36
69.35
69.36
69.34
69.34
69.34
69.34
69.34
69.34
69.35
69.34
69.35
69.34
69.35
69.35
69.34
69.35
69.34
69.33
69.33
69.34
69.33
69.33
69.32
69.31
69.32
69.32
69.30
69.30
69.30
69.29
69.28
69.28
69.29
69.29
69.28
69.22
