29.69
42.97
39.06
40.23
39.69
40.10
41.07
41.21
42.53
42.03
42.05
41.93
41.95
42.19
42.40
43.16
43.11
43.14
43.34
42.81
42.86
42.26
42.39
42.12
42.12
41.77
41.72
41.52
41.86
41.72
41.78
41.80
41.76
41.54
41.38
41.58
41.60
41.61
41.47
41.29
41.31
41.59
41.64
41.48
41.42
41.44
41.46
41.63
41.55
41.34
41.39
41.35
41.48
41.49
41.59
41.49
41.58
41.51
41.55
41.43
41.37
41.38
41.47
41.36
41.25
41.15
41.30
41.25
41.30
41.23
41.20
41.21
41.14
41.13
41.15
41.08
41.09
41.01
40.88
40.84
40.80
40.74
40.59
40.53
40.70
40.61
40.66
40.59
40.73
40.80
40.85
40.85
40.79
40.82
40.77
40.74
40.75
40.69
40.69
40.72
40.64
40.61
40.64
40.69
40.60
40.58
40.60
40.65
40.71
40.70
40.57
40.60
40.64
40.72
40.65
40.67
40.71
40.68
40.68
40.70
40.65
40.64
40.60
40.49
40.47
40.53
40.56
40.54
40.60
40.62
40.67
40.72
40.71
40.73
40.69
40.71
40.74
40.77
40.73
40.71
40.71
40.72
40.79
40.78
40.82
40.81
40.84
40.78
40.80
40.78
40.68
40.69
40.70
40.68
40.61
40.59
40.58
40.55
40.52
40.50
40.58
40.62
40.64
40.73
40.77
40.79
40.82
40.77
40.76
40.80
40.81
40.78
40.82
40.86
40.85
40.86
40.85
40.82
40.81
40.84
40.81
40.78
40.80
40.81
40.81
40.84
40.86
40.87
40.85
40.89
40.90
40.90
40.92
40.93
40.91
40.89
40.87
40.88
40.85
40.81
40.83
40.83
40.85
40.89
40.90
40.88
40.90
40.90
40.87
40.89
40.93
40.96
40.98
41.00
41.03
40.99
40.96
40.96
40.97
40.94
40.96
40.96
40.95
40.95
40.92
40.88
40.87
40.83
40.84
40.77
40.77
40.79
40.73
40.71
40.72
40.68
40.70
40.65
40.64
40.65
40.64
40.66
40.64
40.61
40.62
40.59
40.61
40.63
40.62
40.66
40.69
40.67
40.67
40.69
40.69
40.73
40.76
40.75
40.77
40.76
40.76
40.73
40.73
40.71
40.71
40.70
40.71
40.72
40.71
40.72
40.75
40.76
40.75
40.77
40.74
40.76
40.75
40.78
40.79
40.76
40.78
40.75
40.75
40.73
40.71
40.72
40.70
40.68
40.65
40.66
40.67
40.67
40.69
40.72
40.72
40.67
40.67
40.70
40.71
40.73
40.73
40.72
40.73
40.77
40.79
40.78
40.76
40.81
40.85
40.89
40.86
40.88
40.84
40.88
40.84
40.84
40.85
40.83
40.83
40.83
40.85
40.87
40.85
40.85
40.85
40.86
40.86
40.87
40.87
40.85
40.81
40.81
40.84
40.83
40.83
40.85
40.86
40.85
40.86
40.83
40.83
40.88
40.88
40.87
40.89
40.90
40.90
40.89
40.89
40.90
40.92
40.91
40.92
40.93
40.92
40.92
40.90
40.91
40.92
40.92
40.88
40.87
40.86
40.87
40.88
40.86
40.88
40.88
40.88
40.88
40.89
40.90
40.93
40.96
40.98
40.97
40.98
40.99
41.00
41.02
40.99
41.03
41.02
41.01
41.00
41.03
40.99
40.99
40.97
40.97
41.00
41.00
41.02
41.04
41.03
41.06
41.05
41.07
41.07
41.06
41.06
41.06
41.07
41.07
41.04
41.04
41.05
41.06
41.05
41.07
41.05
41.05
41.04
41.05
41.05
41.08
41.09
41.08
41.08
41.09
41.08
41.07
41.09
41.09
41.08
41.08
41.10
41.11
41.09
41.09
41.11
41.11
41.13
41.12
41.10
41.10
41.10
41.10
41.11
41.12
41.10
41.10
41.12
41.11
41.11
41.12
41.12
41.12
41.13
41.12
41.12
41.12
41.12
41.12
41.11
41.10
41.07
41.08
41.06
41.04
41.05
41.05
41.04
41.04
41.03
41.03
41.04
41.03
41.02
41.04
41.02
41.04
41.05
41.04
41.02
41.02
41.00
41.00
41.00
41.00
41.00
41.01
41.00
41.01
41.01
41.01
41.02
41.01
41.01
41.02
41.01
41.03
41.02
41.02
41.01
41.03
41.02
41.04
41.03
41.01
41.01
41.01
41.00
41.01
41.00
40.98
40.99
41.01
41.01
41.00
41.03
41.05
41.04
41.03
41.03
41.02
41.05
41.05
41.06
41.06
41.07
41.09
41.10
41.11
41.11
41.12
41.11
41.11
41.10
41.10
41.09
41.10
41.09
41.10
41.09
41.07
41.07
41.06
41.05
41.06
41.07
41.08
41.07
41.10
41.09
41.10
41.10
41.10
41.10
41.11
41.12
41.14
41.15
41.15
41.15
41.16
41.18
41.17
41.19
41.19
41.18
41.19
41.20
41.20
41.20
41.21
41.23
41.23
41.24
41.24
41.24
41.23
41.24
41.25
41.24
41.25
41.24
41.24
41.23
41.22
41.22
41.22
41.23
41.24
41.23
41.23
41.23
41.21
41.22
41.22
41.21
41.21
41.18
41.19
41.17
41.20
41.20
41.21
41.22
41.21
41.20
41.20
41.21
41.20
41.21
41.20
41.20
41.20
41.20
41.20
41.20
41.21
41.20
41.19
41.20
41.20
41.21
41.21
41.22
41.20
41.18
41.18
41.18
41.18
41.18
41.16
41.16
41.16
41.16
41.15
41.15
41.14
41.13
41.15
41.14
41.13
41.11
41.10
41.11
41.10
41.12
41.13
41.13
41.13
41.12
41.11
41.11
41.11
41.11
41.11
41.11
41.12
41.12
41.11
41.10
41.11
41.11
41.12
41.13
41.13
41.13
41.12
41.12
41.12
41.13
41.13
41.13
41.13
41.13
41.14
41.13
41.13
41.13
41.13
41.15
41.15
41.15
41.15
41.16
41.16
41.16
41.17
41.15
41.13
41.13
41.14
41.16
41.15
41.16
41.16
41.16
41.17
41.16
41.16
41.17
41.16
41.15
41.16
41.16
41.16
41.15
41.15
41.15
41.15
41.15
41.14
41.14
41.16
41.16
41.15
41.17
41.18
41.17
41.17
41.16
41.16
41.17
41.18
41.17
41.17
41.17
41.19
41.19
41.20
41.20
41.20
41.20
41.19
41.20
41.21
41.20
41.21
41.20
41.20
41.21
41.21
41.20
41.21
41.21
41.22
41.23
41.23
41.21
41.21
41.21
41.21
41.20
41.19
41.18
41.19
41.19
41.19
41.19
41.19
41.20
41.20
41.20
41.20
41.21
41.21
41.20
41.21
41.21
41.21
41.22
41.22
41.22
41.23
41.22
41.22
41.22
41.22
41.20
41.20
41.21
41.21
41.22
41.22
41.22
41.21
41.21
41.16
