60.94
66.41
69.79
70.31
70.31
69.79
68.53
69.14
69.79
69.06
70.17
69.79
69.95
69.42
68.85
69.14
69.03
69.10
69.49
69.69
69.94
69.74
69.70
69.14
69.00
68.81
68.69
68.53
68.27
68.59
68.55
68.16
68.09
68.20
68.08
68.06
68.12
68.13
68.19
68.20
68.48
68.68
68.79
68.96
69.17
69.26
69.15
69.17
69.29
69.38
69.24
69.26
69.40
69.33
69.35
69.42
69.44
69.48
69.54
69.66
69.60
69.71
69.74
69.60
69.47
69.29
69.33
69.44
69.41
69.24
69.23
69.18
69.14
69.21
69.27
69.22
69.22
69.21
69.15
68.95
69.04
69.09
69.11
69.05
68.92
68.91
68.93
68.95
68.89
68.82
68.82
68.87
68.92
68.93
69.00
68.91
68.78
68.73
68.73
68.75
68.69
68.67
68.63
68.66
68.75
68.76
68.85
68.87
68.85
68.85
68.85
68.83
68.82
68.87
68.90
68.87
68.78
68.78
68.78
68.74
68.74
68.80
68.79
68.78
68.69
68.66
68.69
68.74
68.75
68.79
68.79
68.66
68.69
68.67
68.67
68.70
68.69
68.74
68.68
68.69
68.71
68.73
68.72
68.68
68.65
68.66
68.63
68.67
68.77
68.75
68.82
68.75
68.71
68.69
68.69
68.74
68.79
68.80
68.78
68.75
68.79
68.77
68.69
68.62
68.61
68.55
68.49
68.52
68.56
68.58
68.59
68.59
68.57
68.53
68.55
68.49
68.47
68.47
68.43
68.40
68.43
68.41
68.42
68.48
68.54
68.55
68.54
68.57
68.54
68.56
68.57
68.56
68.57
68.62
68.56
68.53
68.54
68.52
68.53
68.60
68.57
68.60
68.61
68.61
68.65
68.63
68.63
68.66
68.70
68.71
68.70
68.64
68.66
68.65
68.63
68.62
68.64
68.68
68.68
68.71
68.78
68.77
68.79
68.78
68.78
68.76
68.78
68.83
68.75
68.77
68.77
68.82
68.85
68.82
68.80
68.80
68.79
68.80
68.78
68.72
68.73
68.72
68.73
68.69
68.69
68.64
68.65
68.65
68.63
68.66
68.61
68.60
68.60
68.56
68.55
68.59
68.59
68.57
68.59
68.58
68.53
68.51
68.49
68.47
68.43
68.42
68.40
68.42
68.37
68.33
68.38
68.39
68.41
68.40
68.40
68.40
68.39
68.37
68.35
68.36
68.37
68.38
68.39
68.41
68.45
68.48
68.48
68.48
68.46
68.48
68.46
68.41
68.42
68.42
68.45
68.42
68.43
68.43
68.43
68.43
68.42
68.47
68.45
68.45
68.47
68.50
68.48
68.48
68.47
68.50
68.50
68.49
68.48
68.46
68.44
68.46
68.49
68.47
68.46
68.46
68.44
68.45
68.41
68.42
68.40
68.36
68.32
68.35
68.35
68.33
68.35
68.35
68.32
68.32
68.32
68.32
68.31
68.28
68.27
68.28
68.30
68.31
68.29
68.30
68.30
68.28
68.26
68.26
68.28
68.28
68.29
68.31
68.32
68.33
68.33
68.35
68.36
68.32
68.31
68.35
68.36
68.35
68.34
68.34
68.36
68.35
68.35
68.34
68.34
68.33
68.34
68.31
68.34
68.33
68.32
68.33
68.34
68.32
68.33
68.33
68.31
68.30
68.28
68.29
68.29
68.30
68.33
68.33
68.31
68.32
68.31
68.34
68.34
68.35
68.35
68.32
68.34
68.35
68.33
68.32
68.32
68.34
68.32
68.28
68.27
68.26
68.26
68.29
68.29
68.31
68.31
68.32
68.34
68.35
68.35
68.37
68.36
68.36
68.34
68.35
68.36
68.34
68.34
68.34
68.35
68.35
68.36
68.34
68.35
68.35
68.38
68.37
68.36
68.37
68.39
68.40
68.40
68.42
68.40
68.41
68.42
68.41
68.43
68.43
68.44
68.45
68.45
68.44
68.44
68.43
68.43
68.44
68.44
68.45
68.43
68.43
68.46
68.45
68.45
68.44
68.47
68.48
68.48
68.47
68.45
68.47
68.49
68.50
68.51
68.53
68.53
68.53
68.53
68.54
68.55
68.55
68.54
68.54
68.52
68.53
68.54
68.53
68.52
68.54
68.53
68.52
68.54
68.54
68.53
68.55
68.55
68.55
68.54
68.53
68.51
68.50
68.50
68.51
68.52
68.53
68.52
68.52
68.52
68.52
68.52
68.51
68.51
68.52
68.53
68.53
68.50
68.51
68.52
68.51
68.52
68.51
68.50
68.52
68.54
68.54
68.53
68.52
68.51
68.51
68.52
68.52
68.51
68.51
68.50
68.51
68.52
68.52
68.53
68.54
68.53
68.53
68.54
68.54
68.56
68.56
68.57
68.56
68.56
68.54
68.55
68.56
68.57
68.56
68.55
68.56
68.56
68.57
68.57
68.58
68.59
68.59
68.60
68.60
68.60
68.61
68.58
68.58
68.60
68.59
68.62
68.61
68.60
68.60
68.61
68.59
68.58
68.58
68.58
68.58
68.57
68.57
68.58
68.59
68.59
68.59
68.59
68.61
68.62
68.63
68.64
68.64
68.65
68.65
68.66
68.67
68.66
68.67
68.68
68.68
68.68
68.67
68.66
68.67
68.68
68.67
68.67
68.67
68.67
68.66
68.67
68.68
68.69
68.69
68.70
68.70
68.70
68.71
68.71
68.72
68.72
68.73
68.74
68.72
68.72
68.72
68.71
68.72
68.73
68.71
68.71
68.71
68.72
68.72
68.71
68.71
68.71
68.73
68.73
68.73
68.73
68.73
68.73
68.73
68.74
68.75
68.75
68.75
68.74
68.72
68.72
68.72
68.71
68.70
68.70
68.70
68.70
68.70
68.70
68.72
68.73
68.74
68.75
68.75
68.75
68.74
68.74
68.74
68.72
68.71
68.69
68.68
68.69
68.69
68.70
68.68
68.67
68.68
68.69
68.68
68.68
68.68
68.68
68.68
68.69
68.69
68.69
68.69
68.69
68.69
68.69
68.69
68.69
68.69
68.70
68.70
68.71
68.72
68.72
68.71
68.71
68.70
68.71
68.70
68.71
68.71
68.73
68.73
68.74
68.74
68.74
68.75
68.75
68.76
68.76
68.76
68.77
68.76
68.75
68.75
68.76
68.77
68.76
68.77
68.77
68.77
68.77
68.78
68.76
68.75
68.75
68.75
68.75
68.76
68.78
68.78
68.79
68.78
68.79
68.78
68.78
68.77
68.77
68.77
68.78
68.79
68.79
68.79
68.78
68.79
68.79
68.79
68.79
68.80
68.80
68.80
68.80
68.79
68.81
68.81
68.81
68.81
68.81
68.81
68.79
68.79
68.80
68.80
68.78
68.79
68.79
68.79
68.79
68.79
68.79
68.79
68.79
68.79
68.79
68.77
68.78
68.79
68.79
68.78
68.78
68.78
68.78
68.71
