65.62
66.41
67.19
69.53
68.44
69.79
70.54
70.51
70.66
70.31
69.60
69.92
70.43
70.54
70.31
69.92
70.31
69.18
68.50
68.12
68.53
68.89
69.02
69.14
68.94
68.93
68.98
68.86
68.70
68.85
68.85
68.60
68.51
68.43
68.17
68.10
68.12
68.38
68.27
68.40
68.60
68.49
68.46
68.29
68.02
68.04
68.22
68.46
68.56
68.38
68.29
68.48
68.37
68.61
68.61
68.58
68.67
68.75
68.83
68.72
68.60
68.67
68.75
68.75
68.82
68.77
68.77
68.91
68.86
68.86
68.88
69.03
68.94
68.90
68.98
69.04
69.01
69.01
68.89
69.00
68.79
68.88
68.84
68.92
68.95
68.90
68.89
68.93
69.01
69.17
69.09
69.11
69.12
69.08
69.11
69.03
69.10
69.18
69.14
69.09
69.04
69.13
69.16
69.10
69.05
69.02
69.00
68.98
69.01
69.03
69.07
69.07
69.08
69.02
68.99
68.98
69.02
69.03
69.09
69.13
69.03
68.90
68.86
68.83
68.76
68.76
68.77
68.82
68.82
68.71
68.74
68.80
68.75
68.73
68.78
68.83
68.88
68.90
68.93
68.90
68.92
68.92
68.90
68.87
68.85
68.85
68.86
68.91
68.87
68.88
68.84
68.86
68.86
68.90
68.92
68.94
69.02
68.98
69.00
69.01
68.95
68.91
68.87
68.84
68.89
68.87
68.87
68.90
68.90
68.90
68.86
68.80
68.77
68.83
68.82
68.84
68.89
68.95
69.01
69.02
68.97
68.99
68.95
69.00
68.99
68.93
68.95
68.96
68.96
69.00
69.00
68.99
68.96
68.94
68.88
68.90
68.88
68.90
68.91
68.96
68.97
68.96
68.95
68.90
68.89
68.87
68.86
68.85
68.80
68.82
68.83
68.79
68.80
68.81
68.75
68.76
68.83
68.79
68.81
68.78
68.79
68.79
68.82
68.85
68.85
68.83
68.83
68.83
68.85
68.86
68.84
68.84
68.88
68.90
68.88
68.88
68.82
68.84
68.80
68.81
68.81
68.85
68.85
68.80
68.72
68.70
68.69
68.72
68.72
68.72
68.68
68.65
68.66
68.68
68.68
68.67
68.66
68.66
68.67
68.64
68.67
68.64
68.63
68.66
68.68
68.69
68.69
68.69
68.70
68.70
68.70
68.71
68.71
68.69
68.69
68.70
68.72
68.74
68.76
68.77
68.82
68.82
68.83
68.84
68.88
68.90
68.89
68.85
68.86
68.85
68.87
68.87
68.87
68.88
68.86
68.90
68.93
68.93
68.93
68.91
68.91
68.92
68.92
68.93
68.95
68.96
68.99
68.99
68.98
68.99
68.98
68.97
68.99
69.01
69.03
69.03
69.05
69.04
69.03
69.04
69.04
69.04
69.01
69.00
68.99
69.00
69.00
69.01
69.02
69.03
69.05
69.06
69.04
69.04
69.03
69.03
69.04
69.02
69.02
69.01
68.99
69.00
68.99
69.00
68.99
69.03
69.02
69.02
69.03
69.02
69.02
69.02
69.00
69.02
68.98
68.99
68.99
68.98
68.99
68.98
68.98
68.98
68.97
68.98
68.95
68.95
68.95
68.95
68.98
69.00
69.00
68.97
68.97
68.98
68.98
69.00
69.00
69.01
68.99
68.97
69.00
69.01
69.00
69.00
68.99
69.01
68.97
68.97
69.00
68.99
68.98
68.96
68.97
68.98
68.93
68.94
68.95
68.93
68.94
68.95
68.96
68.96
68.96
68.95
68.95
68.95
68.94
68.95
68.93
68.95
68.95
68.95
68.93
68.93
68.93
68.96
68.97
68.96
68.97
68.97
68.96
68.95
68.96
68.97
68.99
69.00
69.00
69.01
69.00
69.02
69.00
69.01
69.00
68.99
68.99
68.99
68.99
69.00
69.01
69.03
69.02
69.03
69.03
69.03
69.03
69.03
69.03
69.03
69.01
69.01
69.02
69.03
69.05
69.05
69.04
69.04
69.02
69.02
69.01
69.01
69.00
69.01
68.98
69.00
69.00
68.97
68.97
68.98
68.98
68.97
68.97
68.95
68.96
68.98
68.97
68.95
68.95
68.92
68.92
68.92
68.94
68.93
68.96
68.97
68.94
68.93
68.94
68.93
68.92
68.95
68.96
68.97
68.96
68.97
68.96
68.95
68.96
68.94
68.95
68.93
68.92
68.92
68.94
68.91
68.91
68.92
68.93
68.93
68.90
68.90
68.91
68.91
68.91
68.92
68.92
68.92
68.93
68.93
68.92
68.90
68.92
68.92
68.92
68.91
68.92
68.92
68.93
68.94
68.95
68.94
68.96
68.95
68.95
68.96
68.98
68.99
68.99
68.96
68.95
68.97
68.97
68.97
68.96
68.95
68.96
68.96
68.96
68.96
68.96
68.95
68.95
68.95
68.94
68.95
68.97
68.98
68.97
68.95
68.96
68.97
68.96
68.98
68.98
68.99
69.00
69.00
69.00
68.99
68.99
68.99
68.98
68.98
68.99
68.99
69.00
69.02
69.01
69.03
69.03
69.04
69.03
69.01
69.01
69.02
69.03
69.03
69.05
69.05
69.06
69.05
69.06
69.08
69.08
69.09
69.10
69.10
69.10
69.10
69.10
69.09
69.09
69.09
69.09
69.10
69.10
69.11
69.13
69.14
69.14
69.14
69.14
69.12
69.12
69.13
69.14
69.14
69.16
69.15
69.16
69.16
69.16
69.14
69.15
69.15
69.16
69.17
69.19
69.17
69.18
69.17
69.17
69.17
69.17
69.16
69.16
69.18
69.17
69.17
69.18
69.17
69.17
69.17
69.17
69.18
69.20
69.19
69.19
69.18
69.19
69.18
69.19
69.19
69.20
69.21
69.23
69.23
69.24
69.24
69.24
69.22
69.22
69.21
69.20
69.21
69.20
69.20
69.21
69.21
69.20
69.19
69.18
69.18
69.18
69.18
69.19
69.18
69.17
69.18
69.18
69.18
69.19
69.19
69.19
69.20
69.19
69.19
69.19
69.19
69.19
69.20
69.19
69.18
69.18
69.16
69.16
69.15
69.15
69.16
69.15
69.14
69.15
69.16
69.15
69.13
69.14
69.15
69.14
69.14
69.15
69.15
69.15
69.15
69.15
69.15
69.16
69.14
69.14
69.15
69.15
69.16
69.16
69.16
69.17
69.16
69.15
69.14
69.14
69.14
69.13
69.14
69.13
69.14
69.13
69.14
69.15
69.14
69.14
69.14
69.14
69.13
69.14
69.14
69.13
69.13
69.15
69.15
69.15
69.16
69.14
69.15
69.15
69.14
69.15
69.16
69.17
69.16
69.16
69.16
69.16
69.16
69.16
69.17
69.17
69.17
69.17
69.18
69.18
69.19
69.19
69.18
69.18
69.19
69.19
69.19
69.18
69.18
69.16
69.16
69.16
69.15
69.15
69.09
