67.19
68.75
72.40
72.27
72.19
72.14
73.44
71.88
72.22
70.16
70.31
70.70
70.43
70.76
69.79
69.82
69.30
69.18
69.08
69.22
69.20
69.32
69.57
69.53
69.31
69.41
69.27
69.31
69.29
69.17
68.95
68.75
68.94
68.84
68.44
68.49
68.79
68.91
69.07
69.10
69.02
69.01
68.75
68.68
68.58
68.55
68.55
68.68
68.37
68.41
68.50
68.84
68.87
68.87
68.84
68.95
69.16
68.94
68.64
68.62
68.62
68.62
68.65
68.65
68.77
68.84
68.75
68.66
68.61
68.77
68.88
68.73
68.73
68.71
68.71
68.71
68.59
68.57
68.67
68.71
68.54
68.56
68.49
68.51
68.49
68.55
68.64
68.66
68.73
68.77
68.87
68.87
68.90
68.98
68.98
68.99
68.96
68.86
68.96
69.00
69.00
69.07
69.14
69.17
69.23
69.28
69.28
69.17
69.24
69.26
69.21
69.25
69.26
69.28
69.28
69.32
69.43
69.47
69.52
69.45
69.41
69.39
69.40
69.46
69.39
69.37
69.43
69.47
69.43
69.40
69.36
69.33
69.30
69.25
69.32
69.34
69.25
69.27
69.32
69.35
69.35
69.33
69.41
69.43
69.42
69.40
69.43
69.44
69.46
69.50
69.45
69.52
69.55
69.52
69.52
69.48
69.45
69.39
69.41
69.41
69.39
69.44
69.51
69.52
69.55
69.55
69.56
69.49
69.45
69.45
69.45
69.43
69.40
69.41
69.40
69.39
69.36
69.36
69.34
69.31
69.34
69.34
69.41
69.46
69.45
69.46
69.48
69.49
69.49
69.56
69.58
69.55
69.57
69.56
69.55
69.56
69.52
69.50
69.50
69.51
69.50
69.51
69.56
69.61
69.63
69.68
69.71
69.73
69.74
69.73
69.74
69.75
69.80
69.79
69.80
69.78
69.77
69.73
69.76
69.70
69.70
69.74
69.72
69.78
69.81
69.84
69.87
69.92
69.97
69.97
69.95
69.94
69.94
69.95
69.93
69.95
69.96
69.96
69.96
69.97
69.98
69.96
69.96
69.97
69.97
69.96
69.94
69.95
69.94
69.90
69.90
69.90
69.88
69.83
69.83
69.83
69.87
69.89
69.91
69.88
69.85
69.86
69.86
69.86
69.86
69.87
69.86
69.86
69.86
69.89
69.91
69.93
69.93
69.95
69.96
69.98
69.97
69.98
69.96
69.94
69.96
69.98
69.98
69.97
69.99
69.97
69.98
69.96
69.98
69.97
69.94
69.91
69.91
69.92
69.89
69.87
69.89
69.90
69.92
69.86
69.83
69.87
69.88
69.84
69.85
69.86
69.84
69.82
69.78
69.76
69.80
69.82
69.81
69.82
69.83
69.80
69.82
69.86
69.84
69.85
69.80
69.80
69.79
69.80
69.76
69.79
69.78
69.77
69.79
69.78
69.76
69.74
69.74
69.70
69.70
69.71
69.71
69.69
69.71
69.69
69.70
69.69
69.70
69.70
69.68
69.65
69.66
69.64
69.65
69.65
69.63
69.62
69.63
69.60
69.58
69.59
69.61
69.60
69.60
69.61
69.62
69.62
69.63
69.65
69.65
69.67
69.70
69.70
69.72
69.75
69.76
69.73
69.75
69.75
69.76
69.75
69.76
69.76
69.74
69.75
69.75
69.74
69.74
69.75
69.77
69.77
69.79
69.77
69.75
69.75
69.75
69.75
69.76
69.75
69.77
69.77
69.77
69.78
69.78
69.76
69.77
69.78
69.78
69.79
69.79
69.77
69.78
69.79
69.79
69.79
69.77
69.79
69.80
69.77
69.76
69.78
69.77
69.79
69.79
69.79
69.81
69.82
69.85
69.86
69.88
69.87
69.88
69.89
69.89
69.88
69.86
69.89
69.87
69.89
69.90
69.90
69.90
69.90
69.91
69.90
69.88
69.90
69.87
69.90
69.91
69.89
69.89
69.88
69.87
69.85
69.86
69.87
69.89
69.90
69.91
69.91
69.91
69.92
69.91
69.92
69.91
69.92
69.91
69.92
69.93
69.91
69.91
69.92
69.92
69.91
69.89
69.90
69.91
69.92
69.90
69.91
69.89
69.88
69.88
69.87
69.86
69.87
69.85
69.83
69.83
69.82
69.83
69.83
69.85
69.85
69.87
69.87
69.87
69.85
69.86
69.87
69.88
69.90
69.91
69.92
69.90
69.90
69.89
69.91
69.91
69.91
69.91
69.92
69.92
69.92
69.89
69.89
69.90
69.88
69.90
69.92
69.93
69.94
69.95
69.95
69.96
69.96
69.95
69.94
69.93
69.93
69.94
69.95
69.95
69.95
69.95
69.95
69.95
69.96
69.96
69.97
69.98
69.95
69.95
69.96
69.97
69.96
69.96
69.98
69.99
69.98
69.97
69.96
69.96
69.96
69.96
69.96
69.95
69.98
69.99
69.98
69.98
69.98
69.99
70.00
70.00
70.01
70.00
69.99
69.98
69.98
69.97
69.96
69.96
69.93
69.93
69.94
69.91
69.92
69.90
69.89
69.88
69.88
69.87
69.87
69.86
69.85
69.86
69.85
69.86
69.86
69.86
69.83
69.83
69.84
69.84
69.83
69.85
69.85
69.85
69.85
69.85
69.84
69.84
69.85
69.85
69.86
69.86
69.85
69.84
69.85
69.87
69.88
69.90
69.90
69.90
69.90
69.89
69.89
69.89
69.89
69.88
69.86
69.87
69.87
69.88
69.89
69.89
69.90
69.90
69.91
69.90
69.90
69.91
69.89
69.89
69.89
69.89
69.90
69.89
69.88
69.89
69.90
69.90
69.89
69.90
69.91
69.92
69.92
69.93
69.94
69.94
69.95
69.96
69.95
69.96
69.97
69.98
69.99
69.99
69.99
69.99
69.99
69.99
69.98
69.99
69.99
69.99
70.00
69.98
69.99
69.99
70.00
70.00
70.00
69.98
69.97
69.97
69.97
69.98
69.98
69.98
69.97
69.97
69.97
69.97
69.96
69.96
69.96
69.95
69.96
69.96
69.97
69.97
69.97
69.96
69.96
69.96
69.95
69.94
69.96
69.97
69.96
69.96
69.96
69.97
69.97
69.95
69.94
69.94
69.96
69.96
69.94
69.94
69.94
69.94
69.93
69.92
69.91
69.90
69.90
69.89
69.90
69.91
69.90
69.91
69.91
69.90
69.89
69.89
69.89
69.88
69.87
69.86
69.87
69.87
69.86
69.86
69.86
69.86
69.86
69.86
69.86
69.86
69.85
69.85
69.83
69.84
69.82
69.82
69.82
69.82
69.82
69.82
69.80
69.80
69.80
69.79
69.77
69.77
69.78
69.78
69.77
69.78
69.79
69.81
69.80
69.78
69.78
69.78
69.77
69.76
69.76
69.77
69.76
69.76
69.77
69.76
69.75
69.75
69.75
69.75
69.74
69.73
69.73
69.74
69.68
