67.19
64.06
64.58
64.45
64.69
65.36
66.96
66.60
66.84
67.66
67.90
68.49
68.87
68.75
68.65
68.65
68.84
68.58
68.59
69.06
69.35
69.53
69.57
69.34
69.25
69.29
69.04
68.75
68.97
68.91
69.15
68.85
68.61
68.43
68.44
68.32
68.33
68.30
68.19
68.12
68.10
68.15
68.10
68.18
68.16
68.48
68.65
68.72
68.78
68.69
68.81
68.69
68.75
68.87
68.69
68.58
68.53
68.45
68.54
68.52
68.60
68.67
68.80
68.85
68.85
68.99
68.94
68.75
68.80
68.71
68.75
68.77
68.94
68.94
68.94
68.98
68.85
68.95
68.91
68.85
68.79
68.85
68.77
68.60
68.58
68.64
68.66
68.71
68.75
68.73
68.63
68.61
68.70
68.72
68.75
68.77
68.83
68.85
68.91
68.94
69.03
68.87
68.93
68.89
68.90
68.97
68.91
68.87
68.79
68.84
68.98
69.02
69.01
68.96
68.97
68.97
68.99
69.07
69.03
68.97
68.97
68.99
69.00
68.94
68.90
68.86
68.86
68.88
68.93
68.94
68.93
68.86
68.79
68.80
68.85
68.85
68.83
68.74
68.76
68.71
68.65
68.66
68.68
68.66
68.60
68.60
68.59
68.59
68.55
68.58
68.59
68.58
68.55
68.57
68.55
68.57
68.58
68.59
68.58
68.62
68.59
68.58
68.62
68.61
68.63
68.64
68.63
68.66
68.68
68.69
68.70
68.70
68.71
68.70
68.70
68.68
68.66
68.67
68.67
68.64
68.64
68.66
68.61
68.56
68.49
68.45
68.51
68.52
68.49
68.50
68.52
68.54
68.57
68.56
68.58
68.53
68.53
68.53
68.52
68.46
68.44
68.48
68.47
68.44
68.38
68.41
68.42
68.46
68.47
68.47
68.52
68.50
68.47
68.47
68.50
68.48
68.48
68.54
68.59
68.58
68.58
68.54
68.50
68.53
68.53
68.54
68.60
68.56
68.55
68.53
68.53
68.53
68.52
68.53
68.54
68.54
68.54
68.51
68.48
68.44
68.39
68.41
68.39
68.40
68.42
68.44
68.44
68.38
68.38
68.38
68.38
68.41
68.37
68.38
68.38
68.39
68.41
68.42
68.39
68.38
68.40
68.36
68.37
68.34
68.32
68.31
68.33
68.33
68.34
68.37
68.38
68.39
68.35
68.33
68.34
68.35
68.35
68.37
68.34
68.34
68.34
68.35
68.34
68.32
68.31
68.31
68.30
68.32
68.31
68.31
68.33
68.32
68.32
68.30
68.31
68.30
68.30
68.29
68.27
68.26
68.25
68.21
68.22
68.20
68.20
68.24
68.25
68.25
68.21
68.19
68.18
68.18
68.18
68.21
68.17
68.15
68.11
68.09
68.06
68.09
68.07
68.08
68.11
68.14
68.12
68.12
68.15
68.15
68.15
68.12
68.12
68.17
68.19
68.22
68.25
68.22
68.23
68.22
68.22
68.21
68.20
68.22
68.23
68.17
68.17
68.17
68.18
68.21
68.19
68.21
68.20
68.22
68.23
68.23
68.23
68.24
68.25
68.23
68.24
68.26
68.26
68.25
68.25
68.23
68.24
68.29
68.29
68.30
68.29
68.27
68.25
68.28
68.25
68.26
68.26
68.26
68.27
68.24
68.26
68.26
68.27
68.25
68.24
68.25
68.28
68.28
68.28
68.32
68.32
68.31
68.34
68.34
68.34
68.33
68.32
68.32
68.31
68.32
68.32
68.32
68.31
68.31
68.30
68.30
68.31
68.33
68.32
68.28
68.28
68.28
68.29
68.27
68.27
68.30
68.30
68.31
68.31
68.32
68.32
68.32
68.31
68.33
68.32
68.34
68.36
68.36
68.34
68.32
68.31
68.30
68.29
68.29
68.26
68.27
68.26
68.27
68.27
68.27
68.28
68.28
68.30
68.30
68.29
68.27
68.28
68.31
68.30
68.29
68.29
68.30
68.30
68.29
68.31
68.30
68.27
68.26
68.25
68.25
68.27
68.26
68.24
68.25
68.25
68.27
68.28
68.29
68.30
68.32
68.34
68.32
68.31
68.32
68.33
68.33
68.32
68.31
68.32
68.33
68.36
68.35
68.34
68.35
68.35
68.33
68.33
68.33
68.32
68.32
68.33
68.36
68.36
68.37
68.37
68.35
68.35
68.35
68.35
68.36
68.36
68.36
68.37
68.38
68.39
68.37
68.35
68.34
68.32
68.30
68.30
68.30
68.31
68.30
68.31
68.32
68.32
68.33
68.33
68.35
68.33
68.32
68.32
68.31
68.32
68.34
68.33
68.33
68.33
68.34
68.33
68.35
68.35
68.36
68.35
68.34
68.33
68.34
68.33
68.34
68.33
68.35
68.35
68.34
68.33
68.32
68.33
68.34
68.35
68.33
68.33
68.32
68.33
68.33
68.30
68.30
68.30
68.29
68.30
68.29
68.31
68.30
68.31
68.31
68.31
68.30
68.32
68.31
68.30
68.30
68.30
68.29
68.27
68.27
68.29
68.28
68.29
68.29
68.28
68.28
68.28
68.29
68.29
68.29
68.29
68.27
68.27
68.28
68.28
68.26
68.26
68.25
68.23
68.22
68.23
68.25
68.24
68.24
68.23
68.22
68.22
68.21
68.19
68.19
68.21
68.20
68.19
68.20
68.19
68.19
68.19
68.20
68.20
68.21
68.21
68.22
68.21
68.21
68.23
68.23
68.22
68.22
68.22
68.20
68.21
68.19
68.18
68.19
68.20
68.19
68.20
68.18
68.17
68.16
68.15
68.17
68.18
68.16
68.16
68.16
68.14
68.15
68.17
68.17
68.16
68.15
68.17
68.16
68.15
68.15
68.14
68.14
68.14
68.14
68.13
68.13
68.12
68.13
68.13
68.12
68.14
68.12
68.11
68.12
68.12
68.12
68.11
68.10
68.08
68.08
68.08
68.08
68.08
68.08
68.08
68.09
68.10
68.11
68.12
68.11
68.10
68.10
68.09
68.09
68.08
68.07
68.07
68.08
68.08
68.08
68.08
68.09
68.10
68.11
68.10
68.10
68.10
68.12
68.12
68.13
68.12
68.12
68.12
68.11
68.12
68.12
68.12
68.12
68.11
68.12
68.13
68.14
68.14
68.13
68.13
68.12
68.13
68.13
68.12
68.14
68.13
68.13
68.14
68.13
68.12
68.13
68.12
68.13
68.12
68.12
68.12
68.12
68.14
68.14
68.14
68.15
68.15
68.15
68.15
68.14
68.15
68.15
68.16
68.16
68.14
68.15
68.15
68.16
68.15
68.15
68.15
68.15
68.16
68.15
68.16
68.16
68.15
68.15
68.14
68.13
68.13
68.13
68.13
68.15
68.15
68.17
68.17
68.18
68.18
68.17
68.17
68.18
68.16
68.16
68.16
68.16
68.15
68.14
68.13
68.14
68.13
68.14
68.14
68.08
