67.19
66.41
65.10
65.62
65.00
66.15
65.85
66.21
66.49
66.72
67.47
67.97
67.67
67.86
67.81
67.97
68.29
68.49
68.50
68.20
68.23
68.54
68.27
67.97
68.06
68.09
68.40
68.19
68.16
68.49
68.40
68.51
68.32
68.24
68.12
68.53
68.54
68.59
68.63
68.87
68.64
68.79
69.00
69.18
69.24
69.19
69.08
69.14
69.20
69.06
69.18
69.17
69.34
69.27
69.32
69.28
69.38
69.56
69.57
69.48
69.65
69.61
69.54
69.43
69.33
69.41
69.54
69.42
69.54
69.69
69.50
69.64
69.71
69.76
69.79
69.82
69.85
69.69
69.76
69.96
69.91
69.87
69.88
69.88
69.93
69.91
69.88
69.94
69.93
69.93
69.99
70.07
70.14
70.13
70.08
70.07
70.07
70.06
70.08
70.06
70.02
69.99
70.07
70.07
70.07
70.08
69.99
70.05
70.10
70.18
70.16
70.13
70.20
70.13
70.08
70.15
70.18
70.22
70.12
70.12
70.12
70.15
70.11
70.12
70.04
69.98
70.00
69.96
69.91
69.95
69.87
69.86
69.88
69.89
69.94
69.99
69.99
69.96
69.95
69.93
69.99
70.04
70.01
70.00
69.99
69.96
69.93
69.91
69.87
69.85
69.86
69.83
69.79
69.81
69.82
69.85
69.81
69.85
69.87
69.89
69.91
69.92
69.86
69.88
69.81
69.77
69.84
69.88
69.88
69.86
69.80
69.77
69.74
69.74
69.69
69.62
69.69
69.72
69.73
69.72
69.76
69.73
69.71
69.71
69.69
69.76
69.79
69.79
69.79
69.81
69.85
69.87
69.92
69.88
69.86
69.83
69.84
69.86
69.84
69.85
69.87
69.93
69.94
69.91
69.92
69.88
69.84
69.82
69.77
69.77
69.80
69.75
69.76
69.78
69.77
69.79
69.74
69.75
69.75
69.74
69.76
69.75
69.77
69.76
69.73
69.72
69.73
69.75
69.75
69.77
69.81
69.83
69.87
69.86
69.87
69.91
69.92
69.93
69.96
69.99
69.96
69.95
69.95
69.94
69.89
69.89
69.93
69.96
69.97
69.95
69.90
69.88
69.90
69.90
69.85
69.88
69.86
69.85
69.82
69.83
69.82
69.82
69.81
69.83
69.81
69.83
69.81
69.83
69.86
69.88
69.89
69.90
69.92
69.91
69.89
69.87
69.87
69.89
69.89
69.86
69.89
69.94
69.93
69.94
69.96
69.95
69.97
69.96
69.97
69.97
69.97
69.95
69.95
69.92
69.93
69.92
69.90
69.92
69.91
69.92
69.90
69.90
69.87
69.89
69.92
69.94
69.95
69.92
69.89
69.91
69.91
69.93
69.89
69.88
69.87
69.88
69.88
69.86
69.87
69.88
69.91
69.91
69.94
69.95
69.97
69.94
69.90
69.89
69.91
69.93
69.93
69.94
69.96
69.96
69.96
69.97
69.98
70.02
70.01
70.00
70.01
70.01
70.00
69.99
69.98
69.96
69.97
69.98
69.97
69.96
69.94
69.92
69.94
69.92
69.93
69.96
69.94
69.94
69.91
69.88
69.90
69.88
69.88
69.87
69.86
69.88
69.88
69.88
69.88
69.87
69.87
69.86
69.89
69.86
69.87
69.87
69.90
69.87
69.89
69.91
69.89
69.90
69.90
69.90
69.91
69.90
69.89
69.89
69.89
69.85
69.86
69.86
69.88
69.87
69.87
69.87
69.88
69.89
69.88
69.86
69.86
69.87
69.88
69.87
69.85
69.85
69.84
69.86
69.88
69.90
69.88
69.89
69.88
69.87
69.86
69.84
69.83
69.83
69.85
69.85
69.83
69.83
69.86
69.85
69.84
69.84
69.86
69.86
69.86
69.86
69.86
69.86
69.86
69.89
69.90
69.88
69.88
69.88
69.88
69.90
69.90
69.89
69.88
69.89
69.92
69.91
69.91
69.88
69.89
69.90
69.89
69.90
69.92
69.90
69.91
69.92
69.93
69.94
69.95
69.95
69.95
69.92
69.93
69.92
69.91
69.91
69.89
69.88
69.87
69.88
69.86
69.87
69.87
69.88
69.90
69.87
69.88
69.89
69.89
69.89
69.89
69.88
69.87
69.89
69.90
69.88
69.87
69.85
69.86
69.88
69.88
69.88
69.87
69.90
69.92
69.92
69.93
69.92
69.94
69.93
69.92
69.93
69.93
69.94
69.94
69.93
69.94
69.95
69.95
69.95
69.94
69.95
69.94
69.93
69.92
69.90
69.90
69.90
69.90
69.90
69.91
69.90
69.90
69.90
69.93
69.91
69.89
69.89
69.88
69.87
69.87
69.87
69.88
69.88
69.89
69.88
69.88
69.88
69.87
69.87
69.84
69.84
69.84
69.84
69.84
69.85
69.86
69.85
69.84
69.84
69.82
69.82
69.82
69.82
69.83
69.80
69.80
69.80
69.83
69.82
69.82
69.83
69.83
69.84
69.85
69.85
69.84
69.83
69.84
69.84
69.84
69.84
69.85
69.85
69.85
69.85
69.84
69.82
69.82
69.82
69.82
69.81
69.81
69.82
69.81
69.82
69.83
69.82
69.83
69.83
69.83
69.83
69.80
69.81
69.81
69.80
69.80
69.79
69.80
69.79
69.80
69.79
69.80
69.80
69.80
69.81
69.83
69.82
69.84
69.83
69.83
69.86
69.86
69.87
69.87
69.89
69.90
69.89
69.89
69.89
69.90
69.89
69.91
69.91
69.91
69.90
69.91
69.90
69.89
69.89
69.89
69.90
69.90
69.88
69.87
69.88
69.87
69.86
69.84
69.84
69.83
69.83
69.84
69.83
69.84
69.84
69.82
69.82
69.84
69.84
69.84
69.85
69.85
69.83
69.83
69.83
69.82
69.83
69.83
69.84
69.84
69.84
69.84
69.82
69.83
69.82
69.82
69.83
69.83
69.81
69.81
69.82
69.83
69.82
69.83
69.81
69.80
69.80
69.80
69.79
69.78
69.77
69.77
69.77
69.76
69.76
69.76
69.78
69.75
69.76
69.75
69.76
69.74
69.75
69.75
69.74
69.75
69.73
69.73
69.74
69.73
69.73
69.73
69.74
69.76
69.76
69.77
69.77
69.78
69.78
69.78
69.77
69.77
69.78
69.78
69.80
69.80
69.80
69.80
69.81
69.83
69.83
69.84
69.83
69.84
69.84
69.82
69.82
69.83
69.81
69.82
69.83
69.82
69.81
69.80
69.80
69.80
69.79
69.78
69.77
69.76
69.76
69.77
69.76
69.76
69.78
69.77
69.77
69.76
69.76
69.77
69.77
69.78
69.78
69.78
69.80
69.80
69.80
69.79
69.78
69.79
69.79
69.79
69.78
69.79
69.78
69.77
69.78
69.78
69.78
69.76
69.77
69.76
69.77
69.76
69.75
69.76
69.74
69.75
69.76
69.76
69.69
