75.00
76.56
73.96
74.61
71.56
71.09
70.09
71.29
71.35
71.72
70.74
70.83
71.15
71.54
71.56
71.19
71.42
71.70
71.55
71.41
71.50
71.59
71.47
71.74
71.44
71.33
71.01
70.81
70.69
70.89
70.72
70.75
70.74
70.63
70.49
70.62
70.57
70.35
70.15
70.31
70.39
70.61
70.64
70.63
70.59
70.45
70.25
70.12
70.28
70.34
70.50
70.40
70.55
70.37
70.45
70.54
70.42
70.47
70.39
70.49
70.54
70.51
70.56
70.70
70.87
70.67
70.73
70.61
70.58
70.49
70.49
70.42
70.31
70.33
70.35
70.42
70.39
70.45
70.45
70.35
70.37
70.20
70.22
70.22
70.24
70.22
70.20
70.26
70.21
70.26
70.21
70.26
70.21
70.25
70.28
70.28
70.28
70.31
70.28
70.33
70.36
70.42
70.39
70.43
70.54
70.53
70.56
70.59
70.50
70.53
70.52
70.55
70.63
70.46
70.54
70.51
70.59
70.63
70.67
70.72
70.71
70.71
70.73
70.67
70.72
70.78
70.77
70.73
70.66
70.64
70.61
70.57
70.57
70.59
70.62
70.67
70.69
70.66
70.69
70.69
70.71
70.65
70.60
70.59
70.64
70.67
70.64
70.65
70.65
70.62
70.60
70.61
70.66
70.70
70.72
70.76
70.77
70.76
70.72
70.73
70.81
70.82
70.80
70.78
70.75
70.76
70.77
70.74
70.76
70.76
70.76
70.78
70.78
70.81
70.79
70.80
70.73
70.73
70.68
70.71
70.67
70.66
70.64
70.61
70.58
70.55
70.54
70.60
70.59
70.55
70.57
70.54
70.58
70.60
70.62
70.62
70.62
70.66
70.66
70.62
70.58
70.59
70.60
70.61
70.56
70.55
70.56
70.58
70.57
70.54
70.51
70.47
70.49
70.43
70.44
70.46
70.43
70.42
70.41
70.40
70.40
70.39
70.38
70.37
70.33
70.35
70.32
70.33
70.34
70.37
70.41
70.41
70.40
70.40
70.41
70.41
70.44
70.42
70.45
70.42
70.38
70.36
70.36
70.38
70.39
70.39
70.36
70.36
70.34
70.32
70.31
70.31
70.31
70.31
70.29
70.28
70.28
70.26
70.24
70.25
70.22
70.17
70.19
70.17
70.20
70.21
70.21
70.20
70.16
70.12
70.13
70.13
70.14
70.13
70.11
70.14
70.15
70.14
70.16
70.17
70.15
70.16
70.16
70.16
70.18
70.21
70.20
70.20
70.25
70.28
70.27
70.29
70.29
70.28
70.30
70.31
70.31
70.32
70.31
70.31
70.30
70.31
70.28
70.31
70.29
70.29
70.29
70.29
70.28
70.29
70.27
70.27
70.25
70.28
70.26
70.25
70.23
70.22
70.20
70.22
70.26
70.26
70.27
70.27
70.25
70.27
70.26
70.24
70.23
70.21
70.21
70.22
70.21
70.23
70.24
70.25
70.23
70.22
70.22
70.23
70.23
70.20
70.17
70.19
70.15
70.11
70.11
70.10
70.05
70.05
70.05
70.06
70.09
70.10
70.11
70.07
70.05
70.05
70.06
70.03
70.06
70.02
70.05
70.04
70.04
70.06
70.05
70.04
70.05
70.01
70.03
70.02
70.02
70.00
70.01
70.03
70.01
70.00
70.00
69.97
69.94
69.94
69.93
69.93
69.93
69.90
69.89
69.90
69.88
69.91
69.91
69.89
69.89
69.87
69.89
69.87
69.88
69.86
69.88
69.85
69.83
69.83
69.81
69.83
69.84
69.83
69.80
69.80
69.82
69.82
69.81
69.80
69.79
69.78
69.80
69.80
69.78
69.78
69.79
69.79
69.78
69.78
69.77
69.77
69.79
69.79
69.79
69.81
69.80
69.78
69.78
69.79
69.81
69.82
69.82
69.81
69.81
69.80
69.81
69.81
69.81
69.79
69.82
69.82
69.82
69.80
69.80
69.80
69.81
69.82
69.80
69.78
69.78
69.78
69.78
69.78
69.78
69.78
69.80
69.79
69.79
69.78
69.79
69.79
69.80
69.80
69.80
69.80
69.79
69.81
69.80
69.81
69.82
69.82
69.83
69.83
69.86
69.86
69.85
69.83
69.83
69.85
69.85
69.84
69.84
69.85
69.87
69.85
69.86
69.85
69.85
69.85
69.84
69.83
69.84
69.85
69.84
69.84
69.85
69.82
69.81
69.79
69.79
69.79
69.78
69.76
69.76
69.76
69.74
69.77
69.78
69.77
69.77
69.78
69.75
69.75
69.75
69.76
69.78
69.77
69.75
69.76
69.76
69.76
69.77
69.77
69.76
69.77
69.77
69.76
69.77
69.78
69.77
69.78
69.78
69.78
69.77
69.77
69.77
69.77
69.77
69.78
69.78
69.76
69.78
69.79
69.80
69.80
69.79
69.80
69.81
69.80
69.81
69.81
69.81
69.82
69.81
69.79
69.81
69.79
69.79
69.80
69.81
69.82
69.84
69.84
69.84
69.83
69.82
69.82
69.82
69.82
69.81
69.82
69.81
69.78
69.80
69.79
69.79
69.80
69.79
69.79
69.79
69.79
69.79
69.78
69.79
69.78
69.78
69.79
69.78
69.78
69.76
69.75
69.75
69.76
69.75
69.77
69.75
69.74
69.72
69.73
69.72
69.71
69.71
69.71
69.72
69.72
69.72
69.72
69.70
69.69
69.69
69.67
69.67
69.67
69.67
69.68
69.68
69.68
69.68
69.68
69.68
69.66
69.66
69.67
69.66
69.67
69.66
69.66
69.66
69.65
69.66
69.65
69.67
69.68
69.70
69.69
69.70
69.69
69.69
69.67
69.67
69.66
69.67
69.67
69.67
69.66
69.67
69.67
69.67
69.68
69.70
69.70
69.69
69.68
69.66
69.66
69.67
69.69
69.67
69.68
69.67
69.67
69.68
69.68
69.68
69.69
69.70
69.71
69.72
69.71
69.72
69.70
69.69
69.68
69.67
69.68
69.68
69.69
69.69
69.70
69.70
69.69
69.68
69.68
69.68
69.68
69.68
69.68
69.67
69.67
69.67
69.67
69.67
69.67
69.66
69.67
69.66
69.65
69.66
69.67
69.66
69.66
69.66
69.65
69.66
69.67
69.67
69.67
69.65
69.65
69.64
69.65
69.66
69.66
69.67
69.67
69.66
69.67
69.66
69.66
69.67
69.67
69.68
69.67
69.66
69.66
69.66
69.66
69.65
69.66
69.65
69.65
69.66
69.66
69.67
69.68
69.68
69.70
69.70
69.70
69.71
69.71
69.71
69.71
69.71
69.71
69.72
69.72
69.71
69.70
69.70
69.70
69.70
69.70
69.69
69.70
69.70
69.69
69.70
69.71
69.70
69.71
69.70
69.69
69.69
69.69
69.69
69.69
69.71
69.71
69.70
69.70
69.71
69.70
69.71
69.70
69.69
69.69
69.69
69.62
