3.12
1.56
1.56
1.95
1.88
1.82
1.79
1.76
1.74
1.56
1.56
1.56
1.44
1.56
1.67
1.66
1.56
1.65
1.64
1.56
1.64
1.63
1.70
1.69
1.69
1.62
1.68
1.62
1.62
1.67
1.61
1.66
1.61
1.61
1.61
1.56
1.56
1.69
1.72
1.72
1.79
1.82
1.82
1.81
1.81
1.77
1.83
1.79
1.85
1.81
1.81
1.77
1.74
1.77
1.79
1.79
1.78
1.78
1.75
1.72
1.69
1.69
1.69
1.66
1.66
1.66
1.63
1.61
1.59
1.58
1.58
1.58
1.58
1.63
1.63
1.69
1.68
1.66
1.66
1.64
1.64
1.64
1.64
1.64
1.64
1.64
1.62
1.63
1.63
1.65
1.70
1.70
1.70
1.68
1.68
1.66
1.66
1.64
1.64
1.64
1.66
1.64
1.65
1.65
1.64
1.68
1.66
1.66
1.65
1.63
1.62
1.66
1.66
1.64
1.67
1.66
1.67
1.67
1.67
1.67
1.65
1.66
1.66
1.68
1.66
1.66
1.66
1.66
1.66
1.66
1.67
1.67
1.66
1.64
1.68
1.67
1.67
1.65
1.64
1.65
1.65
1.67
1.66
1.65
1.64
1.64
1.65
1.64
1.64
1.64
1.63
1.62
1.63
1.63
1.63
1.62
1.62
1.62
1.63
1.63
1.63
1.62
1.62
1.62
1.62
1.61
1.61
1.61
1.61
1.63
1.63
1.63
1.62
1.63
1.64
1.64
1.66
1.67
1.66
1.68
1.67
1.68
1.67
1.67
1.69
1.69
1.68
1.70
1.71
1.70
1.69
1.70
1.70
1.70
1.70
1.69
1.69
1.68
1.69
1.68
1.68
1.68
1.68
1.67
1.68
1.71
1.71
1.72
1.73
1.73
1.73
1.72
1.72
1.72
1.72
1.73
1.73
1.72
1.71
1.71
1.70
1.70
1.71
1.72
1.72
1.72
1.72
1.72
1.71
1.71
1.70
1.71
1.70
1.71
1.70
1.70
1.71
1.71
1.71
1.70
1.69
1.70
1.70
1.69
1.68
1.68
1.68
1.68
1.68
1.67
1.66
1.66
1.66
1.65
1.65
1.65
1.65
1.64
1.63
1.64
1.63
1.63
1.63
1.62
1.62
1.61
1.62
1.61
1.62
1.62
1.62
1.63
1.62
1.63
1.63
1.62
1.64
1.63
1.64
1.64
1.64
1.65
1.64
1.64
1.64
1.64
1.64
1.64
1.64
1.63
1.65
1.66
1.65
1.66
1.66
1.66
1.66
1.65
1.65
1.65
1.65
1.65
1.65
1.64
1.64
1.65
1.65
1.64
1.64
1.64
1.64
1.64
1.66
1.65
1.66
1.66
1.67
1.67
1.67
1.67
1.68
1.68
1.68
1.68
1.68
1.69
1.70
1.70
1.70
1.69
1.69
1.69
1.68
1.68
1.69
1.69
1.69
1.68
1.69
1.69
1.69
1.68
1.69
1.69
1.68
1.68
1.68
1.68
1.68
1.68
1.67
1.67
1.67
1.67
1.67
1.68
1.68
1.68
1.68
1.68
1.68
1.67
1.67
1.66
1.67
1.66
1.66
1.66
1.66
1.66
1.66
1.66
1.65
1.66
1.66
1.66
1.66
1.66
1.65
1.66
1.66
1.66
1.66
1.65
1.65
1.65
1.64
1.64
1.63
1.64
1.65
1.64
1.64
1.65
1.65
1.65
1.65
1.64
1.64
1.65
1.65
1.66
1.66
1.66
1.65
1.65
1.65
1.65
1.64
1.64
1.64
1.64
1.65
1.65
1.65
1.65
1.64
1.64
1.64
1.64
1.64
1.64
1.64
1.64
1.63
1.63
1.63
1.64
1.63
1.64
1.64
1.63
1.63
1.64
1.65
1.64
1.64
1.64
1.65
1.64
1.64
1.65
1.65
1.65
1.65
1.65
1.65
1.65
1.64
1.65
1.66
1.66
1.66
1.66
1.66
1.66
1.66
1.66
1.66
1.67
1.67
1.67
1.67
1.67
1.67
1.67
1.66
1.66
1.66
1.66
1.66
1.66
1.66
1.66
1.66
1.66
1.67
1.67
1.67
1.68
1.68
1.68
1.68
1.68
1.68
1.68
1.68
1.68
1.68
1.68
1.68
1.67
1.67
1.68
1.67
1.67
1.67
1.68
1.68
1.68
1.68
1.68
1.68
1.68
1.68
1.67
1.68
1.69
1.69
1.68
1.68
1.68
1.68
1.67
1.67
1.67
1.67
1.67
1.67
1.67
1.67
1.67
1.67
1.67
1.68
1.68
1.68
1.67
1.67
1.67
1.68
1.67
1.68
1.67
1.67
1.67
1.67
1.67
1.66
1.66
1.66
1.66
1.67
1.67
1.67
1.66
1.66
1.66
1.66
1.66
1.66
1.66
1.66
1.67
1.67
1.67
1.67
1.67
1.68
1.67
1.67
1.67
1.67
1.67
1.67
1.67
1.67
1.66
1.66
1.66
1.66
1.66
1.66
1.66
1.66
1.66
1.65
1.66
1.65
1.65
1.66
1.66
1.66
1.65
1.65
1.65
1.65
1.64
1.65
1.65
1.65
1.65
1.64
1.64
1.64
1.64
1.64
1.64
1.64
1.65
1.64
1.65
1.65
1.65
1.65
1.65
1.65
1.66
1.66
1.66
1.65
1.65
1.65
1.65
1.65
1.65
1.65
1.65
1.65
1.65
1.66
1.66
1.66
1.66
1.65
1.66
1.66
1.66
1.65
1.65
1.65
1.65
1.65
1.65
1.65
1.65
1.65
1.65
1.65
1.66
1.65
1.65
1.66
1.66
1.66
1.66
1.66
1.66
1.66
1.66
1.66
1.65
1.66
1.66
1.66
1.66
1.66
1.66
1.66
1.66
1.66
1.65
1.65
1.66
1.65
1.65
1.65
1.65
1.65
1.65
1.65
1.65
1.65
1.65
1.65
1.65
1.64
1.64
1.64
1.64
1.65
1.64
1.64
1.64
1.64
1.64
1.64
1.64
1.64
1.64
1.64
1.64
1.65
1.65
1.66
1.66
1.66
1.66
1.66
1.66
1.66
1.66
1.66
1.66
1.66
1.66
1.66
1.66
1.66
1.66
1.67
1.67
1.67
1.67
1.67
1.67
1.67
1.67
1.67
1.67
1.67
1.67
1.67
1.67
1.67
1.67
1.67
1.67
1.68
1.68
1.68
1.68
1.68
1.69
1.69
1.69
1.69
1.69
1.69
1.69
1.69
1.69
1.69
1.69
1.69
1.69
1.69
1.69
1.69
1.69
1.69
1.69
1.69
1.69
1.69
1.68
1.68
1.68
1.68
1.68
1.68
1.68
1.68
1.69
1.68
1.68
1.68
1.69
1.69
1.69
1.69
1.69
1.69
1.69
1.68
1.68
1.68
1.68
1.68
1.68
1.69
1.68
