64.06
65.62
68.75
68.75
70.31
69.27
69.42
69.53
70.14
70.00
71.02
71.35
70.55
70.31
70.21
70.21
70.50
70.83
70.89
71.17
71.35
71.45
71.54
71.74
71.50
71.39
71.30
71.32
71.07
70.83
70.77
70.90
70.98
71.00
70.98
71.14
71.03
71.09
71.03
70.90
70.73
70.76
70.86
70.53
70.49
70.62
70.64
70.51
70.57
70.63
70.47
70.52
70.40
70.34
70.43
70.28
70.12
70.04
69.97
69.95
69.88
69.96
69.97
69.87
69.88
69.82
69.73
69.76
69.90
70.00
69.89
69.90
69.93
69.89
69.90
69.76
69.78
69.87
69.94
70.04
69.97
69.91
69.94
70.03
70.18
70.26
70.24
70.13
70.12
70.14
70.18
70.06
69.98
69.96
69.97
69.89
69.81
69.85
69.81
69.77
69.77
69.78
69.71
69.76
69.79
69.75
69.80
69.73
69.74
69.82
69.76
69.64
69.63
69.67
69.65
69.68
69.60
69.56
69.62
69.57
69.54
69.47
69.42
69.37
69.28
69.25
69.25
69.20
69.27
69.28
69.36
69.34
69.38
69.39
69.33
69.35
69.45
69.45
69.47
69.41
69.44
69.47
69.46
69.44
69.42
69.42
69.45
69.43
69.45
69.50
69.51
69.53
69.54
69.52
69.51
69.51
69.49
69.55
69.56
69.49
69.58
69.57
69.55
69.49
69.53
69.60
69.62
69.60
69.64
69.63
69.66
69.71
69.68
69.66
69.66
69.66
69.67
69.71
69.68
69.73
69.74
69.75
69.76
69.75
69.74
69.72
69.69
69.68
69.68
69.68
69.72
69.73
69.71
69.77
69.77
69.77
69.84
69.82
69.81
69.80
69.84
69.85
69.80
69.80
69.78
69.74
69.75
69.80
69.76
69.72
69.72
69.74
69.72
69.74
69.75
69.77
69.78
69.79
69.78
69.78
69.78
69.79
69.76
69.78
69.78
69.79
69.80
69.80
69.78
69.80
69.76
69.74
69.75
69.72
69.73
69.73
69.75
69.74
69.74
69.74
69.74
69.76
69.77
69.76
69.76
69.76
69.74
69.71
69.72
69.68
69.73
69.69
69.69
69.67
69.66
69.66
69.65
69.65
69.65
69.62
69.60
69.61
69.64
69.66
69.67
69.68
69.67
69.67
69.63
69.66
69.67
69.65
69.65
69.62
69.61
69.59
69.61
69.62
69.60
69.58
69.59
69.59
69.57
69.54
69.54
69.55
69.53
69.51
69.52
69.52
69.52
69.52
69.52
69.52
69.51
69.51
69.50
69.47
69.48
69.50
69.53
69.51
69.51
69.52
69.50
69.50
69.52
69.54
69.52
69.54
69.53
69.57
69.58
69.60
69.59
69.57
69.59
69.58
69.57
69.59
69.59
69.61
69.61
69.59
69.59
69.60
69.57
69.57
69.56
69.55
69.58
69.58
69.58
69.62
69.63
69.62
69.64
69.62
69.63
69.62
69.61
69.61
69.62
69.61
69.62
69.60
69.60
69.65
69.65
69.65
69.63
69.63
69.64
69.65
69.66
69.65
69.62
69.61
69.59
69.61
69.62
69.62
69.61
69.61
69.62
69.61
69.61
69.62
69.61
69.61
69.61
69.64
69.63
69.64
69.64
69.65
69.63
69.63
69.64
69.66
69.68
69.69
69.68
69.66
69.65
69.62
69.61
69.61
69.61
69.62
69.62
69.62
69.63
69.62
69.65
69.64
69.60
69.61
69.60
69.60
69.62
69.62
69.64
69.63
69.63
69.64
69.66
69.66
69.66
69.66
69.67
69.66
69.64
69.65
69.64
69.63
69.63
69.61
69.62
69.62
69.62
69.61
69.61
69.58
69.56
69.56
69.53
69.51
69.51
69.53
69.53
69.56
69.57
69.55
69.53
69.55
69.57
69.58
69.60
69.60
69.59
69.59
69.56
69.57
69.58
69.58
69.58
69.56
69.56
69.56
69.54
69.54
69.56
69.57
69.58
69.57
69.57
69.58
69.57
69.56
69.56
69.57
69.56
69.59
69.57
69.57
69.58
69.58
69.61
69.61
69.60
69.60
69.60
69.58
69.59
69.58
69.58
69.57
69.56
69.56
69.55
69.57
69.57
69.58
69.58
69.58
69.59
69.59
69.59
69.59
69.61
69.60
69.59
69.60
69.60
69.58
69.57
69.57
69.55
69.55
69.54
69.54
69.54
69.55
69.57
69.56
69.56
69.54
69.54
69.55
69.53
69.53
69.53
69.54
69.54
69.54
69.53
69.53
69.53
69.53
69.55
69.55
69.55
69.54
69.52
69.51
69.52
69.53
69.52
69.52
69.52
69.53
69.53
69.52
69.52
69.52
69.52
69.52
69.50
69.49
69.51
69.52
69.51
69.52
69.52
69.52
69.52
69.53
69.55
69.55
69.55
69.57
69.57
69.57
69.57
69.57
69.58
69.57
69.56
69.57
69.55
69.55
69.55
69.54
69.54
69.55
69.54
69.53
69.53
69.53
69.55
69.54
69.54
69.56
69.56
69.58
69.59
69.58
69.58
69.58
69.58
69.58
69.60
69.59
69.60
69.60
69.59
69.57
69.58
69.57
69.59
69.59
69.58
69.60
69.60
69.61
69.62
69.62
69.62
69.62
69.63
69.64
69.64
69.65
69.66
69.66
69.66
69.66
69.66
69.67
69.69
69.69
69.69
69.70
69.71
69.71
69.70
69.69
69.68
69.69
69.69
69.67
69.68
69.67
69.67
69.66
69.65
69.66
69.67
69.67
69.65
69.66
69.66
69.65
69.66
69.67
69.68
69.68
69.70
69.70
69.69
69.68
69.70
69.71
69.72
69.71
69.70
69.70
69.69
69.70
69.69
69.68
69.68
69.68
69.68
69.68
69.68
69.68
69.68
69.69
69.70
69.68
69.70
69.71
69.72
69.72
69.71
69.70
69.69
69.70
69.69
69.67
69.66
69.65
69.66
69.66
69.65
69.66
69.66
69.67
69.66
69.67
69.69
69.69
69.70
69.70
69.69
69.68
69.68
69.67
69.67
69.67
69.67
69.68
69.68
69.69
69.70
69.70
69.71
69.72
69.72
69.72
69.72
69.71
69.69
69.69
69.68
69.68
69.68
69.69
69.69
69.69
69.69
69.70
69.70
69.69
69.69
69.69
69.68
69.70
69.70
69.69
69.70
69.69
69.70
69.69
69.68
69.67
69.67
69.67
69.67
69.67
69.67
69.67
69.67
69.67
69.67
69.67
69.67
69.68
69.69
69.67
69.67
69.68
69.69
69.70
69.70
69.70
69.70
69.70
69.69
69.69
69.71
69.71
69.71
69.70
69.71
69.71
69.72
69.73
69.73
69.73
69.72
69.73
69.71
69.70
69.70
69.71
69.71
69.70
69.70
69.70
69.71
69.71
69.71
69.70
69.70
69.71
69.70
69.70
69.68
69.61
