64.06
62.50
63.02
66.41
67.50
65.89
66.29
66.60
66.67
66.41
66.34
66.54
66.59
65.96
66.77
67.38
67.28
67.27
67.52
67.66
67.63
67.76
67.93
68.03
68.19
68.27
68.23
68.36
68.75
68.75
68.75
68.90
68.84
68.84
68.93
68.92
69.09
69.08
69.15
69.14
69.02
69.05
68.90
68.82
68.61
68.65
68.75
68.59
68.69
68.62
68.66
68.63
68.78
68.78
68.89
68.97
68.97
69.15
69.20
69.17
69.31
69.51
69.52
69.51
69.45
69.41
69.38
69.44
69.52
69.55
69.52
69.44
69.54
69.49
69.56
69.61
69.70
69.73
69.76
69.75
69.60
69.57
69.62
69.64
69.61
69.62
69.63
69.64
69.54
69.50
69.52
69.57
69.59
69.61
69.65
69.65
69.59
69.60
69.63
69.56
69.63
69.61
69.60
69.67
69.63
69.63
69.63
69.66
69.70
69.64
69.69
69.67
69.69
69.68
69.70
69.75
69.78
69.74
69.81
69.83
69.87
69.79
69.77
69.81
69.81
69.83
69.88
69.85
69.84
69.82
69.87
69.86
69.90
69.94
69.95
69.99
70.05
70.09
70.02
70.02
69.95
69.92
69.97
69.98
70.00
69.92
69.97
69.94
69.91
69.97
69.98
69.95
69.92
69.96
69.96
69.99
69.95
69.88
69.88
69.89
69.91
69.91
69.95
70.01
70.08
70.10
70.05
70.01
69.97
69.97
69.92
69.92
69.96
69.92
69.96
70.00
70.06
70.01
69.97
69.98
69.94
69.93
69.95
69.90
69.89
69.87
69.87
69.86
69.91
69.84
69.79
69.77
69.80
69.81
69.79
69.79
69.78
69.82
69.80
69.81
69.87
69.87
69.90
69.90
69.88
69.90
69.94
69.91
69.92
69.96
69.94
69.91
69.95
69.95
69.95
69.94
69.98
69.99
69.98
69.99
69.99
70.02
70.03
70.00
70.01
69.99
69.94
69.95
69.94
69.93
69.91
69.90
69.96
69.97
69.93
69.95
69.94
69.95
69.97
69.97
70.00
70.01
69.99
70.01
70.04
70.04
70.03
70.07
70.07
70.01
70.02
70.01
70.06
70.06
70.06
70.07
70.05
70.05
70.05
70.01
70.03
70.07
70.12
70.11
70.09
70.08
70.08
70.09
70.06
70.01
70.01
70.05
70.03
70.06
70.02
70.01
70.01
69.96
69.97
69.97
69.94
69.92
69.93
69.93
69.93
69.90
69.91
69.86
69.85
69.85
69.87
69.89
69.89
69.90
69.91
69.91
69.90
69.89
69.89
69.88
69.86
69.84
69.85
69.86
69.83
69.84
69.83
69.85
69.86
69.87
69.86
69.87
69.86
69.83
69.80
69.80
69.81
69.81
69.79
69.79
69.81
69.80
69.80
69.81
69.83
69.84
69.86
69.87
69.88
69.87
69.85
69.86
69.84
69.84
69.86
69.85
69.85
69.85
69.85
69.86
69.86
69.86
69.86
69.85
69.85
69.84
69.85
69.85
69.87
69.86
69.89
69.88
69.85
69.86
69.84
69.83
69.84
69.87
69.88
69.90
69.90
69.89
69.90
69.90
69.90
69.91
69.87
69.85
69.86
69.86
69.87
69.89
69.88
69.88
69.89
69.86
69.88
69.88
69.89
69.87
69.86
69.87
69.86
69.85
69.85
69.85
69.81
69.81
69.80
69.81
69.78
69.83
69.83
69.83
69.84
69.84
69.86
69.88
69.88
69.90
69.90
69.89
69.85
69.84
69.86
69.86
69.85
69.85
69.86
69.82
69.82
69.84
69.85
69.84
69.82
69.82
69.83
69.81
69.81
69.81
69.82
69.81
69.83
69.84
69.84
69.84
69.83
69.84
69.84
69.84
69.82
69.83
69.81
69.82
69.80
69.79
69.77
69.78
69.80
69.80
69.80
69.79
69.78
69.77
69.76
69.76
69.76
69.75
69.76
69.74
69.75
69.77
69.76
69.74
69.76
69.76
69.78
69.78
69.80
69.77
69.75
69.75
69.75
69.76
69.75
69.74
69.74
69.75
69.74
69.74
69.74
69.74
69.74
69.74
69.71
69.70
69.67
69.68
69.65
69.65
69.64
69.64
69.63
69.62
69.62
69.63
69.64
69.60
69.62
69.63
69.62
69.61
69.62
69.63
69.61
69.64
69.62
69.61
69.63
69.62
69.64
69.64
69.65
69.62
69.60
69.60
69.62
69.62
69.63
69.63
69.63
69.64
69.65
69.65
69.66
69.67
69.69
69.69
69.69
69.70
69.69
69.68
69.67
69.69
69.68
69.69
69.70
69.69
69.70
69.71
69.69
69.69
69.70
69.70
69.69
69.69
69.70
69.71
69.72
69.70
69.71
69.70
69.71
69.72
69.73
69.72
69.73
69.73
69.73
69.72
69.72
69.73
69.72
69.71
69.71
69.71
69.71
69.71
69.72
69.71
69.71
69.72
69.72
69.73
69.73
69.72
69.71
69.70
69.70
69.71
69.70
69.71
69.72
69.73
69.73
69.74
69.74
69.74
69.75
69.75
69.73
69.71
69.73
69.72
69.73
69.74
69.74
69.74
69.73
69.74
69.75
69.76
69.77
69.78
69.78
69.78
69.78
69.76
69.78
69.78
69.80
69.80
69.80
69.80
69.80
69.80
69.81
69.80
69.81
69.80
69.78
69.78
69.78
69.78
69.78
69.79
69.79
69.80
69.81
69.81
69.81
69.82
69.82
69.81
69.80
69.80
69.79
69.79
69.81
69.82
69.81
69.82
69.81
69.80
69.80
69.81
69.81
69.80
69.80
69.81
69.81
69.80
69.78
69.78
69.76
69.75
69.75
69.73
69.73
69.72
69.72
69.70
69.70
69.70
69.69
69.70
69.70
69.72
69.71
69.70
69.70
69.69
69.71
69.70
69.71
69.71
69.72
69.72
69.71
69.69
69.69
69.69
69.69
69.70
69.70
69.70
69.71
69.71
69.71
69.71
69.69
69.69
69.69
69.70
69.70
69.71
69.70
69.69
69.70
69.71
69.72
69.72
69.72
69.72
69.73
69.73
69.74
69.74
69.75
69.76
69.77
69.76
69.74
69.76
69.75
69.75
69.74
69.74
69.74
69.73
69.74
69.74
69.74
69.74
69.74
69.74
69.74
69.74
69.73
69.74
69.74
69.75
69.76
69.75
69.76
69.74
69.73
69.72
69.73
69.72
69.72
69.71
69.72
69.72
69.72
69.72
69.73
69.72
69.72
69.72
69.71
69.70
69.70
69.71
69.71
69.71
69.71
69.72
69.72
69.73
69.74
69.75
69.74
69.74
69.74
69.74
69.73
69.74
69.74
69.74
69.73
69.74
69.74
69.74
69.74
69.73
69.73
69.73
69.73
69.73
69.73
69.72
69.73
69.74
69.73
69.72
69.73
69.73
69.73
69.74
69.74
69.68
