76.56
73.44
67.19
66.80
69.06
70.31
70.76
71.09
71.53
70.47
70.60
70.31
70.31
70.31
70.10
69.82
69.85
69.62
69.90
69.84
69.64
69.46
69.84
69.27
69.50
69.35
69.27
69.25
68.75
68.70
68.95
69.14
69.51
69.44
69.24
68.97
68.62
68.50
68.51
68.48
68.45
68.34
68.35
68.29
68.40
68.34
68.42
68.46
68.34
68.50
68.60
68.57
68.28
68.46
68.41
68.53
68.56
68.56
68.72
68.83
68.72
68.80
68.70
68.60
68.51
68.32
68.47
68.50
68.43
68.53
68.44
68.42
68.34
68.35
68.27
68.36
68.34
68.27
68.18
68.18
68.11
68.03
68.05
68.12
68.12
68.11
68.18
68.25
68.33
68.33
68.34
68.38
68.41
68.50
68.54
68.54
68.52
68.49
68.43
68.48
68.41
68.38
68.29
68.34
68.41
68.43
68.46
68.52
68.42
68.35
68.41
68.35
68.34
68.37
68.37
68.35
68.35
68.34
68.33
68.26
68.35
68.40
68.36
68.35
68.35
68.37
68.38
68.31
68.33
68.37
68.40
68.42
68.46
68.51
68.50
68.50
68.46
68.48
68.37
68.38
68.37
68.40
68.39
68.35
68.38
68.36
68.27
68.32
68.29
68.31
68.28
68.28
68.23
68.26
68.26
68.27
68.35
68.35
68.38
68.41
68.41
68.45
68.40
68.35
68.38
68.39
68.46
68.46
68.45
68.43
68.43
68.51
68.52
68.53
68.53
68.54
68.56
68.61
68.58
68.57
68.54
68.55
68.55
68.58
68.61
68.62
68.62
68.65
68.66
68.68
68.68
68.71
68.69
68.69
68.72
68.69
68.71
68.73
68.66
68.68
68.70
68.70
68.74
68.69
68.63
68.63
68.63
68.61
68.59
68.61
68.56
68.51
68.46
68.49
68.50
68.50
68.51
68.48
68.52
68.48
68.49
68.55
68.58
68.55
68.54
68.56
68.53
68.57
68.57
68.57
68.55
68.52
68.52
68.53
68.54
68.51
68.47
68.51
68.53
68.53
68.50
68.51
68.51
68.51
68.49
68.50
68.52
68.54
68.52
68.52
68.54
68.55
68.53
68.55
68.52
68.47
68.48
68.47
68.47
68.46
68.45
68.46
68.47
68.50
68.54
68.52
68.51
68.51
68.52
68.51
68.47
68.45
68.50
68.50
68.48
68.48
68.49
68.51
68.52
68.55
68.57
68.54
68.55
68.54
68.53
68.54
68.54
68.54
68.56
68.51
68.50
68.53
68.51
68.48
68.46
68.46
68.46
68.48
68.50
68.48
68.48
68.50
68.51
68.47
68.46
68.44
68.45
68.48
68.48
68.48
68.50
68.46
68.49
68.49
68.51
68.54
68.53
68.51
68.48
68.50
68.49
68.50
68.51
68.49
68.49
68.48
68.44
68.45
68.41
68.46
68.46
68.45
68.47
68.47
68.45
68.46
68.45
68.45
68.45
68.46
68.43
68.45
68.44
68.39
68.38
68.37
68.38
68.40
68.40
68.39
68.38
68.40
68.39
68.41
68.42
68.41
68.44
68.46
68.43
68.44
68.43
68.43
68.43
68.43
68.45
68.46
68.46
68.46
68.47
68.47
68.44
68.44
68.45
68.42
68.44
68.46
68.47
68.44
68.46
68.47
68.48
68.49
68.46
68.49
68.49
68.49
68.46
68.44
68.45
68.49
68.49
68.48
68.49
68.51
68.53
68.55
68.55
68.55
68.57
68.59
68.60
68.59
68.62
68.61
68.61
68.62
68.61
68.64
68.65
68.62
68.62
68.62
68.63
68.63
68.64
68.66
68.67
68.67
68.68
68.69
68.71
68.71
68.68
68.67
68.67
68.67
68.64
68.65
68.65
68.66
68.66
68.68
68.65
68.65
68.65
68.64
68.64
68.64
68.63
68.64
68.63
68.63
68.62
68.64
68.64
68.66
68.67
68.69
68.68
68.70
68.72
68.73
68.74
68.74
68.74
68.74
68.77
68.77
68.77
68.76
68.74
68.73
68.73
68.71
68.70
68.72
68.73
68.74
68.75
68.74
68.75
68.74
68.73
68.71
68.74
68.74
68.76
68.74
68.72
68.70
68.73
68.74
68.75
68.76
68.76
68.78
68.78
68.81
68.79
68.80
68.82
68.83
68.80
68.83
68.82
68.82
68.82
68.83
68.84
68.84
68.85
68.86
68.86
68.87
68.87
68.85
68.86
68.86
68.87
68.89
68.92
68.91
68.90
68.90
68.92
68.91
68.90
68.90
68.92
68.93
68.94
68.92
68.91
68.92
68.92
68.91
68.90
68.86
68.85
68.85
68.85
68.86
68.86
68.87
68.86
68.84
68.85
68.86
68.85
68.85
68.87
68.85
68.86
68.86
68.86
68.87
68.86
68.86
68.88
68.85
68.85
68.85
68.83
68.83
68.83
68.84
68.85
68.87
68.87
68.88
68.88
68.90
68.91
68.93
68.91
68.92
68.90
68.90
68.89
68.89
68.91
68.91
68.92
68.91
68.91
68.90
68.91
68.92
68.92
68.91
68.90
68.88
68.88
68.88
68.88
68.87
68.89
68.90
68.90
68.91
68.90
68.91
68.90
68.90
68.89
68.89
68.89
68.90
68.90
68.92
68.90
68.90
68.92
68.93
68.94
68.94
68.94
68.95
68.93
68.93
68.92
68.91
68.90
68.90
68.91
68.89
68.89
68.89
68.90
68.90
68.92
68.93
68.92
68.92
68.91
68.92
68.91
68.91
68.90
68.89
68.90
68.90
68.90
68.90
68.89
68.90
68.90
68.89
68.91
68.90
68.90
68.89
68.89
68.91
68.91
68.90
68.88
68.90
68.91
68.92
68.92
68.92
68.93
68.94
68.93
68.93
68.93
68.92
68.93
68.93
68.92
68.90
68.90
68.90
68.91
68.90
68.90
68.90
68.89
68.87
68.88
68.87
68.86
68.86
68.86
68.87
68.88
68.88
68.88
68.89
68.90
68.90
68.91
68.92
68.93
68.92
68.92
68.93
68.94
68.94
68.95
68.95
68.95
68.93
68.92
68.92
68.91
68.91
68.92
68.92
68.93
68.93
68.93
68.93
68.94
68.94
68.93
68.93
68.92
68.92
68.94
68.96
68.97
68.97
68.98
68.99
69.00
69.00
69.00
69.00
69.00
69.01
69.00
68.98
68.99
68.99
69.00
69.00
69.02
69.02
69.03
69.03
69.04
69.04
69.04
69.03
69.03
69.04
69.05
69.04
69.05
69.05
69.06
69.05
69.06
69.06
69.07
69.06
69.07
69.07
69.05
69.05
69.04
69.04
69.03
69.02
69.04
69.05
69.05
69.05
69.07
69.06
69.07
69.07
69.08
69.08
69.09
69.09
69.08
69.09
69.07
69.08
69.07
69.08
69.07
69.07
69.08
69.08
69.09
69.10
69.11
69.05
