76.56
74.22
72.40
74.61
75.00
73.96
74.55
75.78
75.00
73.91
73.15
73.31
72.72
73.10
73.23
72.85
72.70
72.40
71.88
72.11
71.80
71.80
71.94
72.14
71.75
71.94
71.64
71.60
71.66
71.41
71.02
71.04
70.83
70.96
70.62
70.57
70.57
70.44
70.59
70.59
70.46
70.39
70.60
70.56
70.73
70.52
70.21
70.08
70.15
70.22
70.04
69.95
69.81
69.65
69.52
69.45
69.27
69.26
69.15
69.27
69.03
68.98
68.95
68.77
68.85
68.87
69.12
69.23
69.16
69.24
69.19
69.23
69.20
69.28
69.29
69.20
69.32
69.39
69.44
69.36
69.35
69.42
69.52
69.53
69.52
69.51
69.58
69.64
69.58
69.62
69.71
69.82
69.79
69.70
69.75
69.73
69.76
69.72
69.67
69.61
69.63
69.64
69.63
69.61
69.63
69.71
69.77
69.79
69.91
69.87
69.96
70.01
70.01
69.98
69.96
69.98
69.90
69.86
69.80
69.88
69.86
69.84
69.78
69.78
69.84
69.90
69.87
69.93
69.88
69.80
69.76
69.76
69.74
69.79
69.84
69.86
69.92
69.83
69.87
69.85
69.81
69.80
69.79
69.78
69.83
69.81
69.77
69.80
69.84
69.84
69.85
69.87
69.89
69.88
69.85
69.89
69.92
69.86
69.84
69.87
69.88
69.87
69.89
69.85
69.84
69.87
69.80
69.81
69.86
69.80
69.77
69.79
69.74
69.75
69.80
69.82
69.82
69.79
69.81
69.84
69.82
69.81
69.84
69.84
69.86
69.83
69.86
69.88
69.89
69.92
69.86
69.89
69.83
69.82
69.85
69.81
69.78
69.78
69.83
69.82
69.81
69.83
69.80
69.76
69.76
69.76
69.77
69.79
69.79
69.77
69.76
69.80
69.85
69.86
69.86
69.86
69.89
69.91
69.90
69.89
69.85
69.89
69.84
69.84
69.86
69.83
69.82
69.85
69.86
69.87
69.87
69.92
69.96
69.97
69.99
69.99
70.00
69.99
69.98
69.95
69.94
69.94
69.94
69.90
69.93
69.92
69.93
69.97
69.96
69.96
69.94
69.89
69.89
69.88
69.87
69.88
69.91
69.91
69.87
69.90
69.90
69.85
69.84
69.85
69.86
69.82
69.80
69.82
69.81
69.83
69.81
69.81
69.79
69.81
69.82
69.83
69.85
69.83
69.85
69.84
69.83
69.81
69.78
69.81
69.79
69.80
69.80
69.79
69.79
69.77
69.74
69.76
69.77
69.77
69.74
69.72
69.77
69.79
69.75
69.76
69.75
69.73
69.72
69.72
69.72
69.74
69.73
69.72
69.73
69.73
69.72
69.71
69.75
69.76
69.77
69.77
69.75
69.73
69.71
69.68
69.69
69.72
69.73
69.72
69.75
69.75
69.76
69.76
69.75
69.72
69.72
69.68
69.70
69.69
69.68
69.69
69.71
69.69
69.70
69.72
69.70
69.71
69.72
69.73
69.74
69.75
69.72
69.72
69.73
69.74
69.75
69.75
69.75
69.74
69.75
69.73
69.74
69.74
69.74
69.76
69.74
69.74
69.74
69.72
69.70
69.70
69.73
69.71
69.67
69.65
69.65
69.64
69.62
69.63
69.62
69.64
69.67
69.69
69.69
69.72
69.75
69.76
69.76
69.80
69.77
69.78
69.78
69.76
69.77
69.75
69.75
69.76
69.74
69.73
69.73
69.73
69.75
69.75
69.76
69.76
69.76
69.74
69.73
69.71
69.70
69.66
69.64
69.63
69.62
69.62
69.62
69.61
69.60
69.62
69.61
69.62
69.62
69.63
69.60
69.58
69.58
69.56
69.57
69.58
69.57
69.57
69.57
69.58
69.56
69.54
69.53
69.54
69.53
69.52
69.54
69.54
69.54
69.53
69.52
69.51
69.51
69.50
69.50
69.51
69.50
69.52
69.51
69.52
69.52
69.52
69.50
69.49
69.49
69.48
69.47
69.48
69.49
69.48
69.48
69.48
69.50
69.46
69.47
69.47
69.48
69.47
69.48
69.46
69.45
69.45
69.46
69.46
69.47
69.47
69.48
69.49
69.50
69.50
69.50
69.51
69.49
69.48
69.47
69.45
69.45
69.43
69.42
69.44
69.44
69.44
69.46
69.46
69.47
69.46
69.43
69.42
69.41
69.41
69.43
69.41
69.42
69.42
69.44
69.44
69.45
69.45
69.46
69.46
69.48
69.50
69.51
69.53
69.54
69.54
69.54
69.54
69.54
69.53
69.51
69.53
69.51
69.50
69.49
69.52
69.51
69.52
69.53
69.52
69.51
69.50
69.53
69.54
69.54
69.55
69.54
69.53
69.53
69.53
69.53
69.52
69.52
69.53
69.54
69.55
69.56
69.57
69.58
69.59
69.57
69.58
69.58
69.57
69.58
69.58
69.61
69.62
69.63
69.63
69.64
69.64
69.66
69.64
69.63
69.63
69.62
69.61
69.61
69.62
69.63
69.63
69.62
69.60
69.59
69.58
69.58
69.58
69.58
69.59
69.61
69.61
69.62
69.62
69.62
69.61
69.62
69.61
69.61
69.62
69.63
69.63
69.64
69.64
69.65
69.65
69.66
69.65
69.65
69.62
69.63
69.61
69.62
69.63
69.64
69.64
69.63
69.62
69.62
69.63
69.62
69.63
69.62
69.62
69.61
69.61
69.60
69.59
69.60
69.60
69.61
69.61
69.61
69.61
69.61
69.60
69.61
69.61
69.62
69.61
69.61
69.60
69.61
69.61
69.59
69.60
69.61
69.61
69.63
69.64
69.65
69.65
69.65
69.65
69.65
69.63
69.65
69.65
69.65
69.65
69.66
69.66
69.66
69.64
69.65
69.66
69.66
69.65
69.65
69.64
69.64
69.64
69.64
69.65
69.64
69.63
69.65
69.65
69.63
69.63
69.63
69.63
69.62
69.61
69.61
69.61
69.62
69.62
69.64
69.65
69.65
69.64
69.64
69.63
69.64
69.65
69.67
69.67
69.68
69.69
69.68
69.69
69.69
69.70
69.69
69.70
69.70
69.70
69.69
69.70
69.70
69.68
69.68
69.68
69.67
69.66
69.65
69.66
69.65
69.65
69.64
69.64
69.64
69.64
69.65
69.66
69.67
69.67
69.68
69.67
69.67
69.67
69.66
69.66
69.66
69.64
69.65
69.64
69.63
69.63
69.63
69.64
69.64
69.65
69.63
69.62
69.63
69.63
69.63
69.62
69.63
69.63
69.62
69.61
69.62
69.61
69.61
69.62
69.62
69.62
69.61
69.61
69.62
69.65
69.64
69.63
69.63
69.64
69.63
69.64
69.64
69.64
69.65
69.65
69.65
69.66
69.66
69.66
69.67
69.67
69.67
69.67
69.67
69.67
69.69
69.69
69.69
69.69
69.70
69.69
69.69
69.70
69.70
69.64
