75.00
76.56
76.56
76.17
74.69
73.18
73.88
74.02
72.22
71.72
71.16
70.18
70.07
69.53
68.96
68.75
68.84
69.01
69.08
68.83
68.45
67.90
68.48
68.82
68.81
68.63
68.58
68.69
68.64
68.80
68.80
68.80
68.75
68.70
68.75
68.84
68.83
69.12
69.03
69.06
69.25
69.23
69.30
69.25
68.92
68.85
68.88
68.88
69.07
69.03
68.96
68.93
68.96
69.04
69.03
69.00
69.08
69.05
68.99
68.98
68.93
69.00
69.00
69.09
69.13
69.15
69.08
69.00
68.95
68.93
69.04
68.99
68.88
68.75
68.58
68.61
68.67
68.63
68.69
68.61
68.75
68.81
68.77
68.66
68.68
68.79
68.80
68.95
68.86
68.94
68.94
69.07
69.15
69.12
69.05
69.01
68.91
69.04
69.16
69.08
69.04
69.13
69.21
69.14
69.18
69.16
69.19
69.18
69.09
69.02
69.03
69.06
69.10
69.09
69.14
69.14
69.02
69.01
69.04
69.05
69.01
68.99
69.04
69.05
69.04
69.01
69.11
69.09
69.08
69.11
69.16
69.12
69.11
69.12
69.14
69.12
69.08
69.08
69.09
69.08
69.16
69.11
69.11
69.13
69.18
69.20
69.19
69.16
69.11
69.15
69.12
69.15
69.16
69.14
69.16
69.13
69.11
69.11
69.12
69.10
69.12
69.15
69.21
69.13
69.13
69.10
69.11
69.10
69.15
69.13
69.16
69.23
69.28
69.34
69.29
69.36
69.31
69.31
69.34
69.32
69.33
69.28
69.32
69.34
69.31
69.29
69.28
69.28
69.30
69.29
69.31
69.35
69.39
69.40
69.46
69.48
69.46
69.47
69.46
69.47
69.45
69.44
69.40
69.39
69.39
69.39
69.39
69.39
69.36
69.38
69.39
69.41
69.39
69.35
69.32
69.31
69.33
69.31
69.29
69.28
69.27
69.27
69.30
69.31
69.27
69.25
69.20
69.21
69.23
69.21
69.21
69.20
69.21
69.20
69.25
69.23
69.24
69.21
69.25
69.22
69.18
69.16
69.09
69.11
69.08
69.11
69.09
69.10
69.08
69.10
69.08
69.09
69.11
69.13
69.11
69.12
69.13
69.13
69.14
69.11
69.12
69.14
69.16
69.17
69.15
69.14
69.13
69.14
69.14
69.15
69.15
69.15
69.20
69.24
69.24
69.24
69.20
69.17
69.16
69.15
69.13
69.14
69.13
69.16
69.13
69.14
69.13
69.11
69.09
69.06
69.01
69.02
69.02
69.03
69.05
69.08
69.08
69.08
69.07
69.08
69.10
69.12
69.13
69.13
69.15
69.21
69.20
69.22
69.21
69.21
69.22
69.24
69.21
69.20
69.21
69.19
69.17
69.15
69.16
69.18
69.18
69.18
69.18
69.19
69.18
69.15
69.16
69.16
69.14
69.11
69.09
69.07
69.08
69.12
69.11
69.11
69.11
69.13
69.14
69.11
69.11
69.11
69.12
69.13
69.13
69.13
69.15
69.17
69.17
69.17
69.18
69.18
69.18
69.16
69.15
69.17
69.17
69.19
69.16
69.19
69.17
69.17
69.19
69.17
69.18
69.15
69.15
69.15
69.16
69.16
69.17
69.18
69.17
69.18
69.17
69.18
69.19
69.19
69.19
69.17
69.17
69.14
69.14
69.14
69.14
69.14
69.14
69.15
69.14
69.14
69.12
69.10
69.11
69.11
69.10
69.12
69.12
69.11
69.13
69.12
69.13
69.12
69.12
69.14
69.14
69.16
69.17
69.18
69.15
69.14
69.13
69.13
69.10
69.12
69.09
69.09
69.08
69.09
69.07
69.07
69.07
69.05
69.06
69.06
69.07
69.08
69.05
69.06
69.03
69.04
69.04
69.03
69.01
69.01
68.99
69.02
69.04
69.02
69.01
69.01
69.01
69.00
69.00
69.01
69.00
68.97
68.95
68.99
68.98
68.99
68.99
68.98
68.98
68.96
68.97
68.98
68.98
68.97
68.97
68.97
68.99
68.99
68.99
69.00
69.00
69.02
69.01
69.02
69.00
68.99
68.99
68.99
69.00
69.00
69.01
69.01
69.01
69.00
69.00
69.01
69.01
69.00
68.99
68.99
68.99
69.01
68.99
68.99
68.98
68.99
68.98
68.98
69.01
69.02
69.02
69.00
69.00
69.00
69.00
69.00
69.02
69.01
69.00
69.02
69.03
69.03
69.02
69.05
69.06
69.05
69.05
69.05
69.07
69.07
69.08
69.07
69.07
69.06
69.07
69.06
69.04
69.04
69.05
69.04
69.06
69.06
69.03
69.02
69.02
69.03
69.03
69.01
69.02
69.02
69.02
69.00
69.00
69.01
69.02
69.02
69.02
69.03
69.02
69.02
69.05
69.04
69.04
69.06
69.06
69.07
69.09
69.10
69.11
69.13
69.12
69.13
69.14
69.12
69.10
69.10
69.10
69.11
69.09
69.09
69.07
69.06
69.06
69.05
69.04
69.06
69.06
69.08
69.06
69.06
69.07
69.05
69.06
69.06
69.05
69.04
69.03
69.04
69.04
69.03
69.02
69.01
69.01
68.99
68.99
68.98
68.98
68.98
68.98
68.97
68.96
68.96
68.97
68.98
68.98
68.96
68.98
68.99
69.01
69.02
69.03
69.03
69.03
69.02
69.01
69.01
69.01
69.01
69.01
69.00
69.01
68.98
68.98
68.97
68.99
68.99
68.99
68.99
68.99
68.98
68.99
68.99
68.99
69.00
68.99
68.98
68.99
68.97
68.97
68.96
68.95
68.96
68.96
68.97
68.97
68.98
68.97
68.98
68.97
68.97
68.95
68.97
68.97
68.97
68.95
68.95
68.95
68.94
68.94
68.93
68.94
68.94
68.94
68.94
68.95
68.94
68.95
68.96
68.96
68.97
68.97
68.97
68.97
68.96
68.95
68.96
68.97
68.96
68.96
68.95
68.95
68.95
68.95
68.96
68.96
68.95
68.94
68.94
68.93
68.93
68.94
68.95
68.94
68.94
68.93
68.94
68.94
68.92
68.93
68.93
68.94
68.95
68.95
68.94
68.95
68.94
68.94
68.95
68.94
68.94
68.94
68.95
68.96
68.96
68.94
68.94
68.94
68.95
68.94
68.95
68.95
68.94
68.94
68.95
68.95
68.94
68.93
68.94
68.92
68.92
68.91
68.90
68.90
68.90
68.90
68.90
68.89
68.90
68.90
68.88
68.89
68.90
68.90
68.90
68.91
68.91
68.91
68.91
68.91
68.91
68.92
68.92
68.93
68.91
68.92
68.92
68.91
68.91
68.90
68.90
68.91
68.90
68.90
68.91
68.91
68.91
68.92
68.93
68.92
68.92
68.91
68.92
68.91
68.91
68.92
68.92
68.93
68.93
68.94
68.94
68.95
68.96
68.96
68.95
68.96
68.96
68.98
68.91
