68.75
66.41
66.67
66.02
67.81
66.93
66.96
67.19
67.53
67.66
68.61
68.88
68.99
69.08
69.58
68.75
68.93
68.49
69.00
69.22
69.35
69.11
68.61
68.88
68.44
68.09
67.71
67.75
67.51
67.29
67.39
67.38
67.52
67.51
67.54
67.27
67.61
67.68
67.51
67.66
67.87
67.75
67.91
67.97
67.95
68.00
68.18
68.20
68.40
68.31
68.41
68.45
68.69
68.69
68.78
68.81
68.75
68.78
68.75
68.75
68.93
69.10
69.12
69.14
69.06
69.03
69.08
69.05
68.95
68.82
68.93
68.88
68.86
68.77
68.69
68.79
68.91
68.91
68.89
68.95
69.06
68.96
69.01
69.07
69.06
69.06
69.02
68.96
69.03
69.11
69.11
69.14
69.20
69.20
69.29
69.37
69.44
69.44
69.43
69.44
69.38
69.42
69.49
69.49
69.46
69.52
69.54
69.50
69.45
69.42
69.40
69.43
69.47
69.35
69.43
69.48
69.48
69.50
69.56
69.52
69.49
69.52
69.49
69.43
69.44
69.46
69.40
69.38
69.44
69.44
69.38
69.37
69.40
69.44
69.42
69.43
69.45
69.43
69.39
69.41
69.36
69.37
69.38
69.38
69.39
69.45
69.47
69.44
69.43
69.41
69.44
69.42
69.34
69.30
69.30
69.25
69.27
69.28
69.24
69.22
69.20
69.27
69.28
69.26
69.29
69.26
69.21
69.21
69.19
69.18
69.17
69.23
69.26
69.28
69.30
69.32
69.32
69.33
69.28
69.31
69.29
69.30
69.25
69.27
69.31
69.31
69.29
69.30
69.27
69.28
69.28
69.24
69.28
69.30
69.34
69.32
69.34
69.37
69.36
69.33
69.32
69.32
69.34
69.34
69.31
69.28
69.35
69.34
69.33
69.37
69.40
69.42
69.45
69.49
69.53
69.48
69.48
69.45
69.46
69.48
69.53
69.52
69.47
69.50
69.52
69.53
69.50
69.50
69.49
69.48
69.47
69.48
69.49
69.50
69.45
69.44
69.44
69.45
69.44
69.43
69.42
69.38
69.36
69.35
69.32
69.30
69.30
69.30
69.30
69.32
69.30
69.29
69.31
69.29
69.30
69.34
69.34
69.34
69.31
69.34
69.34
69.35
69.34
69.34
69.36
69.35
69.34
69.30
69.28
69.28
69.28
69.29
69.29
69.30
69.22
69.20
69.18
69.17
69.16
69.15
69.20
69.22
69.24
69.22
69.22
69.25
69.25
69.22
69.24
69.26
69.29
69.29
69.30
69.31
69.31
69.31
69.32
69.33
69.34
69.33
69.32
69.36
69.35
69.37
69.37
69.36
69.39
69.40
69.42
69.42
69.44
69.45
69.41
69.39
69.40
69.35
69.35
69.38
69.41
69.42
69.42
69.40
69.40
69.37
69.39
69.36
69.35
69.36
69.36
69.38
69.39
69.40
69.42
69.40
69.40
69.38
69.39
69.38
69.35
69.33
69.30
69.30
69.31
69.35
69.34
69.36
69.36
69.34
69.33
69.33
69.31
69.30
69.31
69.30
69.30
69.29
69.30
69.29
69.30
69.30
69.30
69.32
69.31
69.31
69.30
69.28
69.27
69.29
69.24
69.21
69.22
69.22
69.24
69.22
69.22
69.22
69.23
69.24
69.23
69.24
69.23
69.25
69.25
69.25
69.26
69.27
69.27
69.25
69.23
69.23
69.22
69.21
69.21
69.23
69.26
69.25
69.27
69.26
69.27
69.28
69.28
69.27
69.30
69.31
69.31
69.30
69.30
69.28
69.29
69.30
69.30
69.32
69.33
69.30
69.28
69.29
69.31
69.32
69.32
69.33
69.33
69.33
69.32
69.30
69.32
69.32
69.32
69.31
69.32
69.32
69.33
69.34
69.33
69.35
69.33
69.34
69.33
69.32
69.33
69.33
69.34
69.34
69.34
69.35
69.36
69.36
69.35
69.37
69.37
69.36
69.35
69.34
69.32
69.32
69.30
69.28
69.30
69.29
69.28
69.29
69.28
69.27
69.27
69.27
69.27
69.26
69.25
69.25
69.23
69.23
69.21
69.21
69.21
69.21
69.23
69.24
69.23
69.23
69.21
69.21
69.21
69.20
69.19
69.19
69.19
69.18
69.19
69.17
69.17
69.17
69.16
69.17
69.17
69.16
69.14
69.16
69.15
69.15
69.14
69.15
69.14
69.14
69.14
69.13
69.15
69.17
69.18
69.20
69.20
69.22
69.22
69.23
69.23
69.25
69.23
69.23
69.22
69.23
69.21
69.22
69.22
69.22
69.20
69.19
69.20
69.21
69.21
69.20
69.22
69.23
69.23
69.25
69.25
69.26
69.27
69.27
69.27
69.28
69.26
69.25
69.25
69.24
69.24
69.25
69.25
69.27
69.27
69.27
69.28
69.29
69.29
69.30
69.28
69.29
69.29
69.32
69.33
69.32
69.32
69.32
69.32
69.31
69.31
69.31
69.31
69.31
69.30
69.29
69.31
69.32
69.30
69.29
69.29
69.28
69.29
69.28
69.27
69.27
69.26
69.26
69.27
69.27
69.28
69.29
69.28
69.28
69.28
69.29
69.30
69.29
69.31
69.32
69.31
69.34
69.34
69.33
69.34
69.33
69.34
69.34
69.34
69.35
69.34
69.34
69.34
69.35
69.35
69.37
69.37
69.36
69.36
69.36
69.36
69.36
69.36
69.35
69.33
69.34
69.34
69.33
69.32
69.33
69.34
69.33
69.35
69.34
69.34
69.35
69.36
69.34
69.33
69.31
69.31
69.31
69.31
69.32
69.31
69.32
69.33
69.34
69.35
69.35
69.35
69.34
69.33
69.33
69.32
69.31
69.31
69.31
69.30
69.30
69.32
69.32
69.32
69.33
69.33
69.32
69.32
69.32
69.32
69.30
69.30
69.29
69.29
69.28
69.28
69.27
69.26
69.27
69.28
69.27
69.27
69.27
69.28
69.27
69.27
69.27
69.27
69.26
69.27
69.27
69.27
69.26
69.28
69.29
69.28
69.27
69.26
69.27
69.27
69.27
69.27
69.27
69.29
69.28
69.29
69.28
69.29
69.28
69.28
69.28
69.28
69.26
69.27
69.26
69.27
69.27
69.26
69.26
69.26
69.26
69.26
69.27
69.27
69.28
69.28
69.27
69.26
69.26
69.28
69.29
69.29
69.27
69.27
69.26
69.27
69.28
69.28
69.28
69.28
69.29
69.28
69.28
69.27
69.27
69.27
69.26
69.25
69.25
69.26
69.25
69.25
69.25
69.25
69.26
69.26
69.25
69.23
69.22
69.22
69.22
69.22
69.23
69.23
69.23
69.22
69.23
69.23
69.23
69.22
69.23
69.23
69.23
69.23
69.23
69.23
69.23
69.22
69.21
69.22
69.22
69.23
69.23
69.24
69.24
69.24
69.23
69.24
69.24
69.24
69.17
