65.62
65.62
64.06
66.80
65.31
66.93
67.41
68.16
67.71
67.97
67.76
67.71
67.91
68.53
69.06
68.75
68.57
68.75
68.34
68.44
68.90
69.46
69.50
69.27
68.94
69.11
68.87
68.86
69.07
69.27
69.35
69.43
69.65
69.62
69.42
69.53
69.76
69.86
69.83
69.92
69.82
70.13
70.09
70.06
69.97
69.87
69.78
69.89
69.99
70.06
70.04
70.04
70.17
70.05
69.83
69.84
69.87
69.77
69.86
69.84
69.80
69.81
69.77
69.75
69.69
69.65
69.54
69.69
69.70
69.84
69.94
69.97
69.88
69.87
69.77
69.80
69.74
69.83
69.80
69.84
69.83
69.74
69.69
69.70
69.74
69.75
69.81
69.87
69.91
69.91
69.97
69.99
69.91
69.98
69.93
69.94
69.99
69.96
70.06
70.06
70.05
70.10
70.07
70.03
70.00
70.06
70.02
70.02
69.88
69.90
69.83
69.78
69.75
69.76
69.74
69.67
69.63
69.64
69.68
69.69
69.72
69.74
69.73
69.80
69.79
69.87
69.86
69.89
69.92
69.87
69.84
69.90
69.91
69.94
70.01
69.99
70.00
70.02
70.00
69.98
69.98
70.04
69.90
69.90
69.89
69.86
69.88
69.87
69.86
69.86
69.91
69.92
69.96
69.88
69.88
69.95
69.91
69.86
69.84
69.80
69.78
69.79
69.78
69.85
69.86
69.82
69.90
69.92
69.94
69.91
69.90
69.96
69.89
69.88
69.86
69.89
69.88
69.87
69.88
69.87
69.89
69.90
69.87
69.86
69.86
69.88
69.91
69.93
69.91
69.91
69.94
69.96
69.97
69.95
69.93
69.96
70.00
69.97
69.95
69.95
69.92
69.94
69.96
69.96
69.90
69.87
69.81
69.85
69.82
69.81
69.81
69.82
69.82
69.85
69.84
69.84
69.86
69.85
69.88
69.83
69.80
69.78
69.75
69.77
69.76
69.79
69.79
69.78
69.80
69.82
69.81
69.85
69.83
69.81
69.77
69.74
69.72
69.71
69.72
69.71
69.70
69.64
69.64
69.63
69.67
69.67
69.67
69.63
69.62
69.62
69.58
69.60
69.60
69.61
69.59
69.58
69.55
69.55
69.55
69.56
69.55
69.54
69.53
69.51
69.48
69.49
69.46
69.47
69.46
69.46
69.44
69.43
69.43
69.42
69.43
69.45
69.44
69.44
69.39
69.41
69.39
69.39
69.37
69.36
69.35
69.35
69.35
69.36
69.38
69.40
69.38
69.38
69.41
69.37
69.37
69.39
69.40
69.42
69.40
69.42
69.41
69.43
69.43
69.47
69.50
69.48
69.46
69.47
69.50
69.48
69.48
69.50
69.48
69.51
69.52
69.50
69.50
69.52
69.52
69.55
69.56
69.56
69.54
69.54
69.54
69.51
69.50
69.48
69.47
69.46
69.43
69.44
69.44
69.41
69.42
69.44
69.45
69.46
69.49
69.49
69.50
69.48
69.47
69.49
69.52
69.52
69.57
69.58
69.57
69.58
69.59
69.58
69.60
69.59
69.59
69.59
69.62
69.64
69.63
69.62
69.61
69.59
69.59
69.60
69.59
69.60
69.61
69.63
69.64
69.63
69.61
69.59
69.63
69.61
69.61
69.61
69.63
69.66
69.67
69.68
69.69
69.66
69.66
69.67
69.65
69.64
69.64
69.62
69.62
69.64
69.63
69.63
69.61
69.61
69.63
69.62
69.63
69.63
69.63
69.62
69.63
69.63
69.61
69.59
69.57
69.58
69.59
69.60
69.59
69.57
69.56
69.55
69.56
69.55
69.54
69.53
69.52
69.52
69.53
69.54
69.52
69.52
69.51
69.51
69.51
69.53
69.52
69.54
69.54
69.54
69.53
69.53
69.54
69.52
69.52
69.52
69.52
69.51
69.49
69.49
69.49
69.48
69.49
69.49
69.49
69.49
69.50
69.50
69.49
69.48
69.48
69.49
69.51
69.53
69.54
69.54
69.54
69.53
69.53
69.52
69.51
69.52
69.54
69.54
69.55
69.54
69.55
69.55
69.55
69.51
69.50
69.53
69.54
69.53
69.53
69.52
69.50
69.50
69.50
69.49
69.46
69.47
69.46
69.45
69.44
69.43
69.44
69.42
69.42
69.41
69.43
69.42
69.42
69.40
69.39
69.38
69.39
69.39
69.39
69.38
69.37
69.40
69.41
69.43
69.42
69.41
69.42
69.45
69.43
69.43
69.42
69.43
69.44
69.43
69.44
69.44
69.45
69.46
69.47
69.47
69.47
69.47
69.46
69.46
69.43
69.44
69.45
69.45
69.46
69.45
69.45
69.46
69.47
69.47
69.46
69.47
69.48
69.48
69.47
69.46
69.47
69.49
69.49
69.49
69.48
69.47
69.47
69.48
69.49
69.49
69.49
69.49
69.46
69.46
69.45
69.43
69.42
69.41
69.40
69.39
69.37
69.39
69.38
69.38
69.38
69.38
69.39
69.40
69.39
69.39
69.40
69.41
69.40
69.41
69.41
69.41
69.41
69.40
69.39
69.40
69.39
69.40
69.40
69.41
69.42
69.43
69.42
69.41
69.42
69.41
69.41
69.43
69.42
69.43
69.42
69.43
69.42
69.41
69.42
69.40
69.40
69.40
69.41
69.41
69.41
69.40
69.41
69.40
69.40
69.40
69.40
69.40
69.40
69.40
69.41
69.41
69.43
69.42
69.42
69.42
69.42
69.41
69.42
69.42
69.42
69.42
69.43
69.42
69.42
69.41
69.41
69.39
69.39
69.39
69.38
69.39
69.39
69.37
69.39
69.40
69.40
69.41
69.40
69.40
69.38
69.37
69.37
69.37
69.38
69.39
69.40
69.41
69.43
69.43
69.43
69.41
69.43
69.43
69.43
69.43
69.42
69.41
69.41
69.40
69.40
69.39
69.40
69.41
69.41
69.42
69.43
69.43
69.43
69.44
69.44
69.44
69.44
69.45
69.45
69.45
69.45
69.45
69.46
69.46
69.46
69.46
69.47
69.46
69.43
69.44
69.44
69.43
69.43
69.40
69.39
69.38
69.38
69.38
69.38
69.39
69.39
69.39
69.40
69.40
69.39
69.40
69.41
69.40
69.40
69.41
69.42
69.42
69.41
69.41
69.41
69.42
69.41
69.41
69.39
69.39
69.38
69.37
69.37
69.37
69.38
69.38
69.39
69.40
69.39
69.40
69.40
69.40
69.40
69.41
69.40
69.39
69.40
69.40
69.40
69.41
69.41
69.40
69.39
69.40
69.39
69.40
69.40
69.40
69.39
69.40
69.40
69.39
69.38
69.39
69.39
69.37
69.39
69.40
69.39
69.40
69.40
69.40
69.41
69.41
69.41
69.42
69.42
69.42
69.43
69.42
69.44
69.44
69.44
69.44
69.43
69.42
69.42
69.42
69.42
69.42
69.40
69.34
