65.62
67.19
67.71
68.75
69.06
68.23
67.19
67.19
67.19
67.19
67.76
68.23
68.63
68.53
67.92
67.97
68.20
68.49
68.59
68.28
68.75
69.18
69.29
69.66
69.69
69.29
69.56
69.75
69.72
69.84
69.96
69.78
69.74
69.81
70.18
70.05
69.81
70.02
69.95
69.69
69.82
69.94
69.95
69.89
69.90
69.80
69.65
69.60
69.71
69.75
69.82
69.68
69.63
69.70
69.80
69.70
69.76
69.72
69.49
69.43
69.47
69.33
69.30
69.38
69.45
69.55
69.59
69.60
69.66
69.73
69.74
69.73
69.80
69.64
69.67
69.61
69.52
69.61
69.60
69.73
69.71
69.80
69.77
69.79
69.83
69.88
69.92
69.87
69.77
69.70
69.68
69.70
69.67
69.63
69.62
69.68
69.62
69.61
69.63
69.61
69.63
69.68
69.68
69.68
69.72
69.66
69.60
69.66
69.65
69.67
69.61
69.60
69.69
69.59
69.59
69.50
69.51
69.56
69.50
69.52
69.52
69.51
69.55
69.57
69.56
69.59
69.61
69.60
69.59
69.53
69.61
69.54
69.53
69.52
69.57
69.66
69.64
69.66
69.68
69.78
69.77
69.78
69.81
69.78
69.73
69.75
69.69
69.62
69.69
69.76
69.67
69.66
69.68
69.69
69.66
69.67
69.64
69.60
69.59
69.55
69.61
69.62
69.62
69.64
69.65
69.67
69.68
69.63
69.67
69.68
69.65
69.66
69.65
69.64
69.62
69.58
69.69
69.68
69.62
69.62
69.62
69.67
69.66
69.63
69.62
69.61
69.58
69.58
69.60
69.59
69.58
69.53
69.53
69.56
69.52
69.48
69.43
69.47
69.47
69.46
69.48
69.48
69.46
69.44
69.45
69.46
69.47
69.46
69.46
69.47
69.46
69.46
69.48
69.48
69.49
69.50
69.46
69.47
69.48
69.51
69.51
69.51
69.51
69.50
69.49
69.45
69.46
69.48
69.50
69.50
69.49
69.46
69.47
69.45
69.45
69.48
69.49
69.45
69.45
69.45
69.41
69.40
69.41
69.42
69.43
69.46
69.46
69.50
69.51
69.51
69.52
69.51
69.52
69.56
69.55
69.55
69.55
69.53
69.54
69.60
69.60
69.60
69.61
69.60
69.59
69.57
69.56
69.55
69.55
69.53
69.55
69.54
69.55
69.50
69.51
69.51
69.48
69.50
69.47
69.48
69.48
69.46
69.43
69.45
69.45
69.47
69.48
69.48
69.49
69.52
69.51
69.54
69.57
69.57
69.56
69.57
69.56
69.57
69.58
69.57
69.58
69.57
69.52
69.53
69.53
69.52
69.51
69.47
69.44
69.40
69.34
69.34
69.32
69.30
69.28
69.27
69.26
69.27
69.26
69.28
69.31
69.31
69.33
69.34
69.35
69.34
69.37
69.34
69.33
69.34
69.34
69.35
69.38
69.36
69.34
69.38
69.38
69.38
69.38
69.41
69.40
69.39
69.41
69.41
69.42
69.42
69.43
69.43
69.43
69.42
69.43
69.46
69.43
69.43
69.42
69.43
69.41
69.40
69.38
69.40
69.40
69.42
69.41
69.42
69.40
69.40
69.41
69.41
69.42
69.41
69.46
69.45
69.43
69.44
69.42
69.41
69.43
69.43
69.44
69.44
69.43
69.44
69.45
69.44
69.44
69.43
69.45
69.44
69.48
69.48
69.48
69.46
69.45
69.45
69.45
69.45
69.45
69.46
69.48
69.50
69.49
69.46
69.45
69.45
69.47
69.47
69.46
69.44
69.42
69.41
69.38
69.39
69.39
69.39
69.39
69.37
69.38
69.38
69.38
69.36
69.37
69.36
69.35
69.36
69.36
69.38
69.39
69.39
69.39
69.38
69.37
69.38
69.36
69.35
69.35
69.37
69.36
69.34
69.33
69.32
69.32
69.35
69.35
69.35
69.34
69.36
69.36
69.36
69.38
69.37
69.39
69.38
69.38
69.39
69.40
69.39
69.39
69.38
69.41
69.43
69.43
69.43
69.45
69.47
69.49
69.49
69.51
69.51
69.52
69.53
69.54
69.54
69.53
69.52
69.53
69.52
69.51
69.49
69.51
69.52
69.52
69.51
69.53
69.53
69.54
69.53
69.55
69.58
69.56
69.55
69.58
69.60
69.60
69.59
69.59
69.60
69.61
69.61
69.62
69.62
69.64
69.64
69.66
69.66
69.66
69.65
69.67
69.65
69.66
69.68
69.69
69.70
69.69
69.70
69.69
69.69
69.68
69.67
69.68
69.67
69.70
69.72
69.73
69.74
69.72
69.71
69.73
69.74
69.73
69.73
69.74
69.73
69.73
69.72
69.74
69.75
69.77
69.77
69.76
69.77
69.77
69.78
69.77
69.78
69.78
69.79
69.80
69.78
69.78
69.78
69.78
69.79
69.78
69.78
69.79
69.80
69.80
69.79
69.80
69.79
69.79
69.78
69.77
69.77
69.77
69.77
69.77
69.76
69.75
69.75
69.75
69.76
69.77
69.78
69.77
69.78
69.78
69.79
69.78
69.79
69.77
69.75
69.73
69.74
69.75
69.74
69.74
69.73
69.73
69.74
69.74
69.72
69.72
69.72
69.72
69.73
69.75
69.76
69.76
69.76
69.75
69.75
69.76
69.75
69.76
69.75
69.73
69.73
69.74
69.73
69.73
69.73
69.75
69.74
69.75
69.74
69.75
69.74
69.75
69.74
69.73
69.73
69.74
69.72
69.71
69.72
69.72
69.72
69.72
69.73
69.73
69.73
69.73
69.73
69.72
69.70
69.71
69.73
69.72
69.72
69.72
69.73
69.73
69.73
69.73
69.73
69.72
69.71
69.70
69.69
69.69
69.70
69.69
69.67
69.67
69.66
69.68
69.68
69.69
69.69
69.69
69.70
69.70
69.71
69.72
69.72
69.73
69.74
69.73
69.75
69.75
69.75
69.75
69.75
69.75
69.73
69.74
69.74
69.73
69.72
69.70
69.70
69.71
69.72
69.70
69.71
69.68
69.68
69.68
69.67
69.68
69.68
69.68
69.70
69.70
69.70
69.70
69.69
69.69
69.69
69.70
69.71
69.72
69.71
69.72
69.71
69.71
69.73
69.73
69.73
69.73
69.73
69.72
69.72
69.71
69.71
69.70
69.71
69.71
69.71
69.71
69.71
69.72
69.70
69.72
69.71
69.72
69.72
69.71
69.70
69.70
69.69
69.69
69.70
69.71
69.70
69.70
69.70
69.68
69.69
69.68
69.68
69.68
69.67
69.67
69.68
69.68
69.69
69.69
69.69
69.69
69.69
69.68
69.66
69.67
69.68
69.69
69.70
69.69
69.69
69.68
69.69
69.69
69.69
69.70
69.70
69.70
69.70
69.70
69.70
69.70
69.70
69.69
69.70
69.71
69.70
69.70
69.71
69.72
69.73
69.72
69.66
