67.19
65.62
66.67
66.02
66.25
68.75
67.86
68.16
67.88
68.28
69.03
68.88
68.87
68.86
68.65
69.04
69.03
68.58
69.00
69.38
69.35
69.11
69.09
69.14
69.44
69.29
69.62
69.53
69.67
69.53
69.76
69.78
69.55
69.72
69.60
69.49
69.26
69.08
69.15
69.18
68.94
69.05
68.93
68.86
68.85
68.85
68.72
68.59
68.81
68.81
68.72
68.75
68.66
68.89
69.06
69.31
69.22
69.34
69.39
69.40
69.26
69.28
69.20
69.04
69.11
69.15
69.01
69.07
69.09
69.04
69.12
69.10
69.31
69.28
69.31
69.28
69.38
69.37
69.19
69.24
69.31
69.34
69.30
69.42
69.37
69.31
69.27
69.35
69.36
69.37
69.37
69.26
69.44
69.50
69.42
69.40
69.39
69.39
69.41
69.39
69.31
69.21
69.19
69.14
69.20
69.16
69.09
69.10
69.02
68.96
69.05
69.07
69.05
69.04
69.02
68.98
68.94
68.90
68.87
68.84
68.81
68.80
68.83
68.75
68.71
68.74
68.81
68.86
68.85
68.87
68.85
68.83
68.76
68.74
68.73
68.75
68.76
68.81
68.83
68.78
68.77
68.90
68.88
68.90
68.93
68.84
68.87
68.91
68.92
68.92
68.92
68.89
68.87
68.91
68.87
68.86
68.88
68.90
68.98
69.00
69.05
69.11
69.06
69.05
69.02
69.04
69.08
69.11
69.14
69.15
69.18
69.15
69.11
69.08
69.07
69.10
69.06
69.07
69.07
69.14
69.09
69.13
69.19
69.17
69.16
69.15
69.23
69.24
69.29
69.33
69.30
69.28
69.24
69.26
69.27
69.34
69.34
69.34
69.34
69.34
69.36
69.36
69.40
69.39
69.42
69.40
69.45
69.47
69.54
69.56
69.57
69.55
69.52
69.52
69.48
69.46
69.45
69.43
69.43
69.44
69.44
69.44
69.44
69.43
69.39
69.43
69.41
69.40
69.38
69.38
69.36
69.38
69.37
69.42
69.43
69.42
69.42
69.41
69.40
69.38
69.35
69.30
69.28
69.33
69.36
69.35
69.39
69.34
69.38
69.36
69.35
69.36
69.35
69.35
69.33
69.34
69.32
69.31
69.27
69.25
69.23
69.23
69.24
69.21
69.19
69.23
69.18
69.19
69.16
69.16
69.11
69.11
69.10
69.10
69.11
69.13
69.13
69.12
69.11
69.11
69.11
69.09
69.11
69.09
69.10
69.11
69.06
69.05
69.06
69.08
69.10
69.09
69.09
69.08
69.10
69.09
69.13
69.14
69.17
69.15
69.15
69.17
69.17
69.18
69.19
69.19
69.17
69.17
69.17
69.19
69.20
69.15
69.15
69.15
69.13
69.12
69.13
69.09
69.10
69.10
69.08
69.09
69.11
69.11
69.12
69.10
69.09
69.09
69.07
69.07
69.09
69.05
69.09
69.09
69.10
69.10
69.09
69.13
69.14
69.13
69.13
69.15
69.12
69.12
69.11
69.09
69.08
69.06
69.05
69.07
69.06
69.03
69.00
68.98
68.98
68.99
68.99
68.99
68.97
68.97
68.96
68.97
68.95
68.96
68.98
68.98
68.98
68.99
69.00
68.99
68.99
68.96
68.98
68.98
68.98
68.97
68.96
68.96
68.95
68.96
68.96
68.93
68.92
68.95
68.96
68.97
68.96
68.98
68.98
68.97
68.99
69.01
68.99
68.98
69.01
69.01
69.00
69.02
69.03
69.03
69.06
69.07
69.08
69.07
69.07
69.07
69.07
69.08
69.07
69.06
69.06
69.06
69.07
69.09
69.11
69.14
69.15
69.15
69.15
69.14
69.16
69.17
69.19
69.20
69.22
69.21
69.19
69.19
69.19
69.17
69.15
69.15
69.13
69.12
69.12
69.09
69.09
69.11
69.12
69.13
69.14
69.14
69.16
69.17
69.20
69.21
69.20
69.20
69.21
69.22
69.23
69.22
69.23
69.22
69.24
69.23
69.26
69.26
69.25
69.26
69.25
69.24
69.26
69.28
69.29
69.29
69.30
69.31
69.32
69.31
69.32
69.32
69.31
69.30
69.30
69.31
69.30
69.31
69.30
69.31
69.31
69.32
69.33
69.31
69.32
69.32
69.31
69.32
69.31
69.32
69.34
69.34
69.36
69.37
69.38
69.37
69.36
69.36
69.36
69.36
69.36
69.38
69.38
69.37
69.38
69.36
69.35
69.32
69.31
69.32
69.32
69.30
69.31
69.31
69.30
69.30
69.31
69.31
69.32
69.32
69.31
69.32
69.32
69.33
69.32
69.33
69.33
69.32
69.32
69.32
69.32
69.31
69.29
69.28
69.29
69.30
69.29
69.29
69.28
69.28
69.30
69.27
69.29
69.30
69.30
69.31
69.30
69.29
69.28
69.29
69.28
69.29
69.28
69.28
69.28
69.29
69.30
69.30
69.31
69.31
69.30
69.31
69.31
69.34
69.34
69.35
69.35
69.36
69.35
69.38
69.36
69.37
69.38
69.38
69.38
69.40
69.41
69.42
69.42
69.42
69.41
69.40
69.41
69.41
69.40
69.41
69.40
69.38
69.38
69.38
69.38
69.38
69.37
69.36
69.36
69.37
69.36
69.35
69.34
69.33
69.32
69.33
69.34
69.32
69.33
69.32
69.31
69.31
69.31
69.31
69.32
69.34
69.34
69.32
69.32
69.32
69.32
69.32
69.34
69.33
69.34
69.35
69.33
69.34
69.35
69.34
69.33
69.34
69.35
69.34
69.34
69.34
69.34
69.35
69.35
69.35
69.37
69.38
69.37
69.38
69.38
69.38
69.37
69.36
69.37
69.37
69.38
69.38
69.38
69.39
69.40
69.40
69.39
69.38
69.38
69.38
69.37
69.35
69.35
69.35
69.36
69.34
69.35
69.36
69.37
69.38
69.39
69.39
69.39
69.39
69.39
69.40
69.39
69.39
69.39
69.41
69.43
69.43
69.42
69.42
69.43
69.43
69.42
69.42
69.42
69.43
69.42
69.42
69.41
69.42
69.43
69.42
69.42
69.42
69.42
69.43
69.41
69.40
69.41
69.41
69.41
69.41
69.42
69.41
69.42
69.43
69.43
69.41
69.40
69.43
69.43
69.41
69.43
69.42
69.41
69.41
69.41
69.41
69.41
69.41
69.41
69.40
69.40
69.39
69.39
69.39
69.40
69.40
69.40
69.40
69.40
69.39
69.37
69.37
69.38
69.37
69.36
69.37
69.37
69.37
69.38
69.39
69.40
69.40
69.39
69.39
69.40
69.40
69.40
69.41
69.41
69.39
69.39
69.37
69.37
69.38
69.37
69.37
69.37
69.38
69.37
69.36
69.36
69.36
69.35
69.35
69.35
69.36
69.36
69.35
69.37
69.37
69.36
69.36
69.37
69.37
69.39
69.37
69.38
69.38
69.38
69.32
