79.69
67.19
65.62
65.62
67.50
66.67
66.07
66.41
66.84
66.88
68.18
68.36
67.79
67.86
68.33
69.04
69.12
68.75
68.09
68.20
68.23
68.68
68.68
68.95
68.62
68.21
68.52
68.42
68.70
68.59
68.40
68.51
68.80
68.57
68.57
68.92
68.79
68.91
68.79
68.71
68.52
68.49
68.50
68.43
68.58
68.61
68.62
68.55
68.62
68.72
68.75
68.63
68.66
68.84
68.75
68.89
69.08
69.15
69.15
69.06
68.98
68.85
68.87
69.02
69.04
69.08
69.10
69.21
69.23
69.24
69.26
69.29
69.29
69.26
69.25
69.18
69.18
69.27
69.22
69.12
69.10
69.23
69.28
69.38
69.43
69.51
69.54
69.55
69.59
69.64
69.76
69.72
69.72
69.80
69.75
69.68
69.62
69.61
69.73
69.77
69.72
69.81
69.66
69.64
69.63
69.59
69.61
69.59
69.58
69.56
69.50
69.46
69.44
69.35
69.42
69.40
69.38
69.49
69.56
69.60
69.55
69.63
69.59
69.57
69.60
69.52
69.50
69.54
69.62
69.60
69.61
69.57
69.60
69.64
69.58
69.50
69.48
69.46
69.40
69.40
69.41
69.50
69.53
69.48
69.45
69.48
69.50
69.54
69.62
69.58
69.53
69.55
69.55
69.54
69.51
69.55
69.50
69.50
69.52
69.59
69.58
69.57
69.58
69.57
69.64
69.64
69.69
69.71
69.75
69.73
69.75
69.74
69.71
69.82
69.84
69.86
69.83
69.86
69.92
69.95
69.95
69.93
69.95
69.98
69.96
69.95
69.90
69.93
69.91
69.90
69.95
69.95
69.97
69.93
69.94
69.93
69.95
69.96
69.98
69.93
69.95
69.93
69.95
69.97
69.91
69.91
69.95
69.93
69.91
69.87
69.85
69.84
69.85
69.88
69.91
69.89
69.85
69.85
69.81
69.79
69.80
69.80
69.84
69.87
69.85
69.87
69.87
69.82
69.82
69.88
69.86
69.86
69.88
69.90
69.90
69.89
69.88
69.84
69.82
69.84
69.86
69.85
69.91
69.93
69.96
69.99
69.95
69.95
69.96
69.97
69.98
69.98
69.95
69.94
69.91
69.89
69.84
69.86
69.81
69.81
69.83
69.85
69.84
69.84
69.80
69.82
69.86
69.82
69.80
69.79
69.79
69.80
69.81
69.82
69.80
69.79
69.78
69.78
69.80
69.82
69.83
69.84
69.79
69.78
69.80
69.82
69.81
69.81
69.79
69.81
69.83
69.83
69.81
69.81
69.83
69.84
69.81
69.80
69.85
69.84
69.85
69.88
69.88
69.86
69.84
69.87
69.90
69.93
69.97
69.94
69.91
69.93
69.92
69.94
69.94
69.94
69.91
69.89
69.88
69.90
69.91
69.89
69.90
69.89
69.91
69.92
69.91
69.89
69.84
69.84
69.81
69.80
69.81
69.80
69.76
69.77
69.77
69.76
69.75
69.74
69.74
69.74
69.77
69.77
69.78
69.79
69.77
69.76
69.75
69.75
69.74
69.74
69.74
69.74
69.71
69.71
69.70
69.71
69.72
69.71
69.72
69.72
69.73
69.74
69.71
69.74
69.75
69.74
69.74
69.72
69.71
69.72
69.73
69.72
69.71
69.72
69.72
69.76
69.75
69.74
69.76
69.74
69.75
69.72
69.71
69.71
69.70
69.70
69.71
69.71
69.72
69.75
69.76
69.73
69.74
69.74
69.76
69.75
69.76
69.78
69.77
69.76
69.75
69.75
69.73
69.71
69.70
69.68
69.71
69.73
69.72
69.72
69.73
69.73
69.73
69.73
69.74
69.74
69.75
69.74
69.71
69.69
69.70
69.70
69.71
69.69
69.70
69.70
69.69
69.70
69.72
69.73
69.72
69.73
69.71
69.72
69.74
69.75
69.76
69.77
69.76
69.76
69.80
69.81
69.82
69.83
69.82
69.82
69.82
69.81
69.81
69.81
69.82
69.82
69.82
69.82
69.82
69.83
69.84
69.85
69.88
69.89
69.91
69.91
69.91
69.92
69.92
69.92
69.93
69.92
69.91
69.91
69.91
69.89
69.91
69.91
69.90
69.89
69.90
69.91
69.92
69.91
69.93
69.93
69.90
69.90
69.91
69.92
69.93
69.91
69.89
69.91
69.90
69.89
69.87
69.88
69.90
69.90
69.91
69.91
69.90
69.90
69.91
69.91
69.90
69.89
69.88
69.88
69.89
69.88
69.90
69.89
69.91
69.89
69.88
69.88
69.88
69.89
69.89
69.89
69.89
69.89
69.86
69.86
69.86
69.86
69.85
69.84
69.85
69.86
69.86
69.86
69.86
69.86
69.86
69.85
69.83
69.83
69.83
69.82
69.82
69.80
69.79
69.80
69.80
69.79
69.78
69.76
69.75
69.75
69.76
69.76
69.77
69.77
69.77
69.76
69.77
69.77
69.76
69.77
69.78
69.78
69.77
69.77
69.77
69.76
69.76
69.76
69.74
69.75
69.77
69.77
69.76
69.75
69.76
69.75
69.77
69.76
69.75
69.76
69.77
69.76
69.77
69.76
69.77
69.78
69.79
69.78
69.77
69.78
69.77
69.77
69.75
69.75
69.75
69.76
69.76
69.76
69.75
69.78
69.78
69.80
69.79
69.79
69.80
69.78
69.78
69.79
69.80
69.81
69.82
69.81
69.81
69.80
69.80
69.81
69.81
69.81
69.81
69.81
69.79
69.77
69.76
69.76
69.76
69.77
69.77
69.79
69.77
69.78
69.79
69.78
69.79
69.79
69.78
69.79
69.80
69.80
69.82
69.81
69.80
69.80
69.80
69.80
69.79
69.79
69.79
69.78
69.79
69.79
69.79
69.80
69.80
69.80
69.81
69.79
69.78
69.78
69.80
69.79
69.80
69.81
69.79
69.79
69.80
69.80
69.80
69.81
69.81
69.81
69.79
69.79
69.79
69.80
69.78
69.80
69.80
69.81
69.81
69.80
69.81
69.81
69.80
69.78
69.79
69.78
69.78
69.78
69.78
69.79
69.78
69.75
69.75
69.74
69.73
69.72
69.70
69.72
69.72
69.73
69.73
69.73
69.74
69.74
69.73
69.73
69.73
69.73
69.72
69.72
69.72
69.72
69.71
69.71
69.72
69.72
69.71
69.71
69.72
69.73
69.73
69.73
69.73
69.72
69.73
69.73
69.72
69.72
69.71
69.70
69.70
69.71
69.71
69.71
69.72
69.71
69.72
69.71
69.72
69.72
69.73
69.73
69.72
69.71
69.71
69.71
69.72
69.73
69.72
69.72
69.72
69.73
69.73
69.73
69.73
69.74
69.74
69.74
69.74
69.75
69.73
69.72
69.72
69.73
69.73
69.74
69.74
69.74
69.74
69.74
69.76
69.76
69.75
69.77
69.77
69.75
69.74
69.74
69.74
69.75
69.74
69.68
