76.56
75.78
74.48
75.78
73.75
74.48
75.00
74.41
73.61
72.19
71.31
70.70
70.31
69.98
70.21
69.82
69.49
69.36
69.33
69.30
69.20
69.46
69.57
69.21
69.44
69.71
69.97
70.20
69.88
70.00
70.16
70.26
70.27
70.50
70.31
70.01
69.93
69.98
69.79
70.00
70.16
70.16
70.31
70.31
70.56
70.45
70.28
70.15
70.15
70.22
70.31
70.34
70.25
70.25
70.37
70.54
70.59
70.77
70.76
70.73
70.65
70.49
70.31
70.14
70.00
69.93
70.01
70.01
69.81
69.87
69.78
69.66
69.61
69.66
69.65
69.63
69.62
69.65
69.76
69.71
69.70
69.68
69.71
69.72
69.71
69.64
69.59
69.73
69.72
69.72
69.68
69.75
69.71
69.66
69.64
69.69
69.70
69.82
69.90
69.92
69.94
69.88
69.84
69.82
69.79
69.72
69.67
69.75
69.81
69.77
69.75
69.87
69.94
69.93
69.90
69.84
69.79
69.84
69.87
69.83
69.74
69.75
69.74
69.73
69.66
69.63
69.61
69.67
69.72
69.69
69.67
69.66
69.58
69.54
69.58
69.65
69.64
69.63
69.66
69.63
69.60
69.63
69.57
69.57
69.56
69.57
69.61
69.62
69.65
69.65
69.63
69.73
69.72
69.72
69.73
69.74
69.69
69.71
69.71
69.66
69.62
69.61
69.64
69.68
69.78
69.77
69.75
69.77
69.75
69.79
69.76
69.71
69.70
69.71
69.70
69.65
69.69
69.68
69.66
69.67
69.67
69.71
69.68
69.66
69.67
69.62
69.57
69.49
69.48
69.50
69.47
69.50
69.52
69.51
69.51
69.52
69.50
69.48
69.52
69.49
69.49
69.45
69.50
69.52
69.49
69.46
69.46
69.48
69.49
69.51
69.53
69.51
69.48
69.45
69.44
69.42
69.41
69.40
69.43
69.45
69.43
69.44
69.46
69.49
69.46
69.48
69.49
69.50
69.48
69.50
69.49
69.51
69.50
69.48
69.47
69.45
69.48
69.41
69.42
69.41
69.39
69.39
69.36
69.35
69.36
69.34
69.33
69.35
69.34
69.37
69.39
69.40
69.42
69.40
69.40
69.45
69.46
69.45
69.47
69.47
69.48
69.48
69.46
69.40
69.39
69.39
69.35
69.34
69.32
69.33
69.34
69.34
69.36
69.35
69.36
69.40
69.38
69.40
69.39
69.39
69.40
69.41
69.44
69.47
69.46
69.46
69.45
69.48
69.50
69.53
69.50
69.48
69.48
69.47
69.50
69.50
69.49
69.48
69.48
69.49
69.50
69.51
69.51
69.51
69.52
69.53
69.52
69.49
69.50
69.51
69.50
69.51
69.50
69.51
69.49
69.47
69.46
69.46
69.47
69.46
69.48
69.49
69.48
69.44
69.42
69.41
69.43
69.44
69.44
69.41
69.40
69.38
69.40
69.43
69.43
69.43
69.39
69.36
69.36
69.36
69.36
69.39
69.40
69.38
69.37
69.40
69.41
69.43
69.46
69.44
69.44
69.41
69.43
69.47
69.46
69.46
69.46
69.48
69.47
69.48
69.46
69.50
69.52
69.50
69.51
69.50
69.52
69.53
69.52
69.54
69.53
69.51
69.49
69.49
69.46
69.46
69.48
69.48
69.47
69.48
69.48
69.48
69.48
69.49
69.51
69.53
69.53
69.52
69.52
69.51
69.52
69.52
69.50
69.50
69.50
69.48
69.49
69.49
69.49
69.47
69.45
69.43
69.44
69.44
69.46
69.46
69.47
69.45
69.45
69.46
69.45
69.45
69.44
69.45
69.45
69.44
69.44
69.46
69.47
69.44
69.44
69.42
69.41
69.40
69.39
69.37
69.38
69.39
69.41
69.39
69.40
69.40
69.42
69.43
69.41
69.41
69.40
69.41
69.39
69.40
69.39
69.38
69.40
69.40
69.43
69.43
69.43
69.44
69.44
69.43
69.42
69.45
69.43
69.42
69.41
69.41
69.42
69.43
69.42
69.42
69.39
69.40
69.41
69.40
69.41
69.41
69.42
69.43
69.42
69.42
69.42
69.42
69.43
69.44
69.44
69.43
69.45
69.44
69.45
69.43
69.42
69.43
69.41
69.42
69.42
69.40
69.40
69.39
69.40
69.42
69.40
69.39
69.37
69.36
69.37
69.34
69.35
69.36
69.36
69.34
69.36
69.37
69.37
69.36
69.35
69.33
69.32
69.31
69.32
69.33
69.34
69.33
69.35
69.34
69.32
69.33
69.34
69.34
69.34
69.34
69.35
69.35
69.36
69.34
69.33
69.34
69.33
69.32
69.33
69.34
69.34
69.32
69.32
69.32
69.33
69.33
69.33
69.33
69.32
69.31
69.32
69.32
69.33
69.34
69.34
69.34
69.35
69.35
69.35
69.36
69.36
69.34
69.34
69.33
69.32
69.31
69.32
69.30
69.27
69.27
69.28
69.28
69.28
69.28
69.28
69.27
69.25
69.26
69.24
69.24
69.25
69.24
69.25
69.24
69.23
69.22
69.22
69.21
69.20
69.21
69.21
69.21
69.21
69.22
69.22
69.22
69.24
69.25
69.26
69.26
69.28
69.28
69.27
69.28
69.29
69.27
69.26
69.26
69.26
69.26
69.26
69.26
69.27
69.28
69.27
69.28
69.29
69.29
69.29
69.30
69.31
69.31
69.31
69.29
69.29
69.30
69.30
69.30
69.29
69.27
69.28
69.27
69.28
69.28
69.28
69.31
69.32
69.32
69.32
69.34
69.33
69.34
69.33
69.32
69.32
69.33
69.30
69.30
69.30
69.29
69.29
69.28
69.27
69.28
69.29
69.30
69.30
69.31
69.32
69.31
69.31
69.31
69.31
69.32
69.31
69.31
69.30
69.29
69.30
69.30
69.31
69.30
69.30
69.30
69.30
69.31
69.31
69.31
69.31
69.31
69.31
69.32
69.31
69.31
69.31
69.32
69.32
69.31
69.32
69.33
69.34
69.34
69.34
69.35
69.35
69.36
69.36
69.36
69.35
69.34
69.33
69.34
69.35
69.35
69.34
69.34
69.35
69.34
69.34
69.36
69.36
69.35
69.36
69.38
69.38
69.38
69.37
69.37
69.38
69.36
69.36
69.36
69.36
69.35
69.34
69.35
69.34
69.35
69.36
69.36
69.36
69.36
69.37
69.35
69.35
69.35
69.33
69.33
69.32
69.33
69.33
69.34
69.33
69.33
69.32
69.31
69.30
69.29
69.30
69.29
69.29
69.29
69.28
69.29
69.28
69.28
69.28
69.30
69.30
69.30
69.29
69.30
69.30
69.31
69.30
69.30
69.29
69.30
69.31
69.31
69.31
69.31
69.32
69.32
69.32
69.32
69.33
69.34
69.33
69.33
69.33
69.33
69.33
69.34
69.34
69.34
69.34
69.34
69.34
69.33
69.33
69.27
