68.75
66.41
66.67
69.53
70.62
70.31
69.64
70.12
70.49
69.53
69.89
70.05
70.67
70.09
69.58
69.53
69.76
69.36
69.16
69.84
69.87
69.82
69.90
70.38
70.38
70.61
70.78
70.70
70.37
70.36
70.26
70.21
70.22
70.27
70.40
70.14
69.93
69.70
69.63
69.69
69.93
70.09
70.17
70.13
70.35
70.21
70.01
69.89
69.90
70.00
70.01
70.10
70.08
70.08
70.28
70.15
69.98
70.02
70.10
70.26
70.26
70.34
70.34
70.41
70.48
70.45
70.55
70.54
70.56
70.42
70.31
70.33
70.33
70.35
70.33
70.27
70.39
70.37
70.31
70.39
70.49
70.33
70.24
70.37
70.39
70.28
70.26
70.26
70.31
70.30
70.38
70.40
70.31
70.30
70.26
70.23
70.23
70.17
70.09
70.12
70.19
70.08
70.02
70.12
70.15
70.12
70.17
70.12
70.10
70.10
70.05
70.13
70.16
70.11
70.19
70.14
70.07
70.09
70.21
70.22
70.20
70.27
70.31
70.30
70.31
70.30
70.29
70.28
70.19
70.18
70.18
70.18
70.24
70.22
70.19
70.15
70.20
70.23
70.16
70.20
70.23
70.18
70.23
70.19
70.19
70.18
70.18
70.18
70.19
70.21
70.19
70.23
70.24
70.29
70.27
70.25
70.31
70.29
70.31
70.28
70.23
70.19
70.22
70.21
70.21
70.20
70.20
70.22
70.16
70.14
70.04
70.03
70.04
70.03
70.04
70.08
70.09
70.01
69.97
69.97
69.92
69.91
69.90
69.93
69.97
69.97
69.92
69.91
69.92
69.88
69.90
69.91
69.88
69.83
69.82
69.84
69.88
69.89
69.93
69.94
69.88
69.91
69.91
69.91
69.91
69.91
69.86
69.86
69.85
69.83
69.75
69.75
69.78
69.81
69.79
69.79
69.80
69.81
69.78
69.80
69.79
69.83
69.82
69.81
69.78
69.82
69.81
69.82
69.84
69.84
69.85
69.81
69.81
69.76
69.76
69.80
69.81
69.78
69.79
69.81
69.78
69.78
69.79
69.72
69.74
69.74
69.77
69.76
69.75
69.75
69.75
69.77
69.76
69.77
69.76
69.78
69.78
69.77
69.75
69.78
69.77
69.81
69.82
69.82
69.78
69.80
69.80
69.82
69.85
69.87
69.88
69.89
69.91
69.88
69.89
69.90
69.92
69.91
69.87
69.87
69.88
69.92
69.89
69.86
69.85
69.82
69.84
69.84
69.85
69.85
69.85
69.87
69.88
69.89
69.86
69.86
69.87
69.84
69.83
69.82
69.81
69.82
69.83
69.82
69.86
69.85
69.86
69.81
69.80
69.80
69.78
69.79
69.78
69.77
69.77
69.78
69.79
69.79
69.77
69.79
69.79
69.81
69.80
69.81
69.79
69.80
69.81
69.81
69.80
69.80
69.81
69.80
69.81
69.82
69.84
69.84
69.86
69.83
69.84
69.85
69.87
69.87
69.88
69.88
69.85
69.86
69.85
69.84
69.86
69.83
69.82
69.84
69.83
69.84
69.84
69.85
69.82
69.83
69.85
69.86
69.85
69.84
69.84
69.86
69.85
69.87
69.87
69.88
69.86
69.88
69.90
69.89
69.88
69.87
69.90
69.91
69.91
69.94
69.95
69.95
69.96
69.96
69.96
69.96
69.95
69.95
69.97
69.96
69.95
69.95
69.95
69.94
69.92
69.91
69.94
69.94
69.94
69.95
69.94
69.93
69.93
69.95
69.95
69.96
69.95
69.97
69.97
69.98
69.97
69.95
69.97
69.97
69.99
69.99
70.00
69.99
70.01
70.01
70.01
70.04
70.03
70.03
70.04
70.04
70.05
70.03
70.03
70.02
70.00
70.00
69.99
69.99
69.98
70.00
70.00
69.99
70.00
70.00
70.01
70.01
70.01
70.03
70.03
70.02
70.01
70.02
70.03
70.02
70.03
70.03
70.06
70.07
70.07
70.06
70.06
70.05
70.05
70.03
70.04
70.03
70.06
70.06
70.06
70.06
70.06
70.06
70.07
70.07
70.06
70.05
70.03
70.03
70.03
70.03
70.02
70.04
70.05
70.06
70.05
70.07
70.07
70.07
70.07
70.06
70.07
70.05
70.06
70.03
70.02
70.02
70.01
69.99
70.01
70.00
69.98
69.96
69.99
69.99
69.99
70.00
70.01
70.00
70.03
70.01
70.00
70.00
70.00
70.01
70.00
69.99
70.01
70.02
70.01
70.01
70.01
70.01
70.02
70.00
69.99
69.99
69.98
69.99
70.00
70.01
70.01
70.02
70.02
70.04
70.04
70.04
70.02
70.02
70.01
70.03
70.03
70.04
70.04
70.03
70.03
70.02
70.02
70.01
70.00
69.99
69.99
69.98
69.98
69.97
69.96
69.97
69.98
69.99
70.01
70.01
69.99
69.98
70.00
70.00
70.00
70.02
70.01
70.02
70.01
70.00
70.00
70.00
69.98
69.99
70.00
70.01
70.01
70.01
70.02
69.99
70.01
70.02
70.01
70.02
70.02
70.01
70.00
69.99
70.00
69.99
70.00
70.02
70.02
70.01
70.00
70.01
69.99
70.00
70.01
70.00
70.00
69.99
69.98
69.97
69.94
69.92
69.92
69.93
69.93
69.93
69.94
69.93
69.91
69.91
69.90
69.90
69.91
69.92
69.93
69.93
69.93
69.94
69.93
69.92
69.92
69.91
69.91
69.90
69.90
69.90
69.89
69.90
69.89
69.89
69.88
69.87
69.87
69.87
69.87
69.87
69.86
69.88
69.88
69.89
69.88
69.88
69.90
69.90
69.87
69.88
69.86
69.86
69.85
69.84
69.83
69.82
69.83
69.82
69.81
69.80
69.79
69.81
69.82
69.82
69.82
69.83
69.81
69.81
69.82
69.81
69.81
69.81
69.82
69.82
69.82
69.82
69.83
69.82
69.82
69.80
69.81
69.80
69.81
69.81
69.82
69.81
69.83
69.83
69.83
69.81
69.82
69.82
69.81
69.82
69.82
69.83
69.82
69.82
69.83
69.82
69.82
69.83
69.82
69.82
69.83
69.82
69.81
69.82
69.82
69.82
69.81
69.81
69.80
69.81
69.82
69.82
69.84
69.83
69.83
69.82
69.82
69.83
69.83
69.83
69.82
69.81
69.81
69.81
69.81
69.82
69.80
69.80
69.79
69.80
69.80
69.81
69.80
69.80
69.80
69.79
69.80
69.81
69.81
69.81
69.81
69.80
69.80
69.80
69.79
69.79
69.79
69.77
69.77
69.77
69.76
69.76
69.76
69.75
69.75
69.75
69.75
69.74
69.74
69.74
69.74
69.75
69.75
69.76
69.75
69.73
69.73
69.72
69.73
69.73
69.74
69.74
69.74
69.74
69.74
69.74
69.73
69.72
69.71
69.72
69.72
69.73
69.73
69.67
