71.88
68.75
67.71
68.75
69.38
70.31
70.98
72.46
71.35
70.94
70.88
70.83
70.91
70.76
71.04
70.70
71.05
71.18
71.30
71.41
71.35
71.16
71.06
70.70
70.44
70.43
70.25
70.37
70.58
70.62
70.46
70.85
70.98
70.86
70.94
70.92
70.99
71.09
70.87
70.94
71.11
71.09
71.29
71.16
71.28
71.37
71.18
70.96
71.01
70.88
70.83
70.97
71.14
70.98
70.97
70.84
70.78
70.72
70.63
70.39
70.34
70.31
70.44
70.48
70.48
70.53
70.57
70.68
70.72
70.60
70.51
70.38
70.29
70.25
70.23
70.13
70.13
70.11
70.17
70.21
70.20
70.26
70.26
70.22
70.24
70.24
70.19
70.24
70.21
70.26
70.21
70.19
70.13
70.05
70.16
70.10
70.12
70.15
70.04
70.05
70.02
69.93
70.01
69.97
69.93
69.96
69.87
69.85
69.91
69.93
69.95
69.99
69.93
69.83
69.85
69.85
69.87
69.81
69.79
69.71
69.63
69.63
69.68
69.68
69.64
69.69
69.70
69.69
69.73
69.72
69.84
69.89
69.89
69.86
69.84
69.85
69.94
69.96
69.95
69.97
69.95
69.94
69.88
69.87
69.82
69.86
69.90
69.86
69.83
69.80
69.74
69.79
69.79
69.88
69.89
69.88
69.90
69.86
69.88
69.84
69.86
69.94
69.96
69.96
69.91
69.87
69.84
69.86
69.82
69.83
69.84
69.79
69.76
69.70
69.69
69.68
69.71
69.72
69.71
69.71
69.74
69.74
69.77
69.84
69.84
69.88
69.88
69.89
69.93
69.89
69.88
69.86
69.83
69.80
69.76
69.79
69.76
69.76
69.82
69.86
69.88
69.89
69.92
69.94
69.92
69.93
69.91
69.92
69.86
69.87
69.90
69.87
69.87
69.88
69.91
69.90
69.86
69.86
69.86
69.83
69.81
69.80
69.81
69.80
69.81
69.80
69.79
69.81
69.83
69.78
69.79
69.79
69.84
69.89
69.92
69.92
69.89
69.96
69.96
69.98
69.96
69.91
69.95
69.95
69.95
69.93
69.88
69.87
69.89
69.92
69.96
70.00
70.00
70.00
69.98
70.00
70.00
69.99
69.97
70.00
70.01
69.98
69.99
69.93
69.92
69.94
69.91
69.92
69.94
69.94
69.94
69.95
69.93
69.96
69.95
69.97
69.97
69.95
69.98
69.99
70.02
70.04
70.04
70.01
70.02
70.02
70.03
70.02
70.04
70.03
70.02
70.02
70.05
70.03
70.03
70.01
69.98
69.97
69.98
69.97
69.96
69.96
69.98
69.99
69.99
70.03
70.03
70.02
70.01
70.02
70.03
69.99
70.01
70.03
70.05
70.04
70.06
70.09
70.07
70.06
70.07
70.10
70.08
70.09
70.07
70.07
70.06
70.08
70.08
70.08
70.10
70.07
70.08
70.08
70.07
70.09
70.05
70.05
70.03
70.02
70.00
69.99
69.95
69.95
69.94
69.92
69.91
69.88
69.86
69.87
69.87
69.90
69.89
69.89
69.91
69.92
69.92
69.93
69.93
69.95
69.95
69.97
69.98
69.95
69.96
69.94
69.92
69.92
69.93
69.95
69.94
69.96
69.96
69.94
69.94
69.92
69.90
69.90
69.88
69.88
69.86
69.86
69.88
69.89
69.87
69.84
69.82
69.82
69.81
69.80
69.78
69.79
69.78
69.79
69.77
69.78
69.79
69.80
69.81
69.81
69.78
69.81
69.79
69.82
69.82
69.84
69.83
69.82
69.83
69.85
69.85
69.86
69.87
69.89
69.87
69.86
69.85
69.86
69.88
69.90
69.92
69.93
69.94
69.93
69.92
69.91
69.93
69.90
69.90
69.91
69.88
69.87
69.88
69.90
69.89
69.90
69.91
69.92
69.91
69.90
69.90
69.91
69.91
69.91
69.92
69.89
69.91
69.92
69.92
69.89
69.91
69.91
69.93
69.91
69.92
69.92
69.89
69.89
69.91
69.90
69.91
69.91
69.90
69.91
69.90
69.93
69.93
69.93
69.92
69.92
69.93
69.93
69.94
69.94
69.96
69.95
69.94
69.93
69.92
69.91
69.92
69.94
69.94
69.94
69.94
69.94
69.95
69.96
69.95
69.96
69.96
69.96
69.96
69.98
69.97
69.97
69.98
69.99
69.99
70.01
70.01
70.02
70.01
70.00
70.00
70.02
70.01
70.00
70.00
69.99
69.99
70.00
69.99
69.99
70.00
69.99
69.97
69.98
69.99
69.98
69.99
69.99
69.99
69.98
69.99
70.00
69.99
69.99
69.98
69.98
69.97
69.96
69.98
69.97
69.98
69.97
70.00
70.00
70.02
70.03
70.03
70.04
70.05
70.06
70.06
70.06
70.08
70.07
70.06
70.07
70.09
70.08
70.08
70.08
70.07
70.07
70.08
70.05
70.04
70.04
70.04
70.04
70.06
70.05
70.07
70.06
70.04
70.03
70.03
70.04
70.04
70.05
70.06
70.07
70.05
70.04
70.05
70.05
70.05
70.05
70.06
70.07
70.06
70.07
70.06
70.05
70.06
70.07
70.05
70.05
70.06
70.06
70.07
70.06
70.04
70.04
70.02
70.02
70.02
70.01
70.01
70.00
70.01
70.02
70.04
70.06
70.07
70.06
70.05
70.06
70.05
70.05
70.04
70.04
70.04
70.04
70.04
70.05
70.05
70.04
70.03
70.04
70.04
70.05
70.04
70.03
70.04
70.02
70.02
70.03
70.03
70.04
70.03
70.04
70.04
70.05
70.06
70.06
70.08
70.07
70.07
70.06
70.07
70.06
70.06
70.06
70.06
70.06
70.06
70.06
70.06
70.05
70.04
70.03
70.02
70.03
70.02
70.01
70.01
70.01
70.02
70.02
70.02
70.00
70.00
70.01
70.01
70.02
70.01
70.01
70.01
70.01
70.00
70.01
70.01
70.01
69.99
69.98
69.97
69.97
69.97
69.97
69.96
69.96
69.95
69.95
69.95
69.94
69.93
69.93
69.93
69.93
69.92
69.93
69.94
69.93
69.92
69.91
69.91
69.90
69.88
69.89
69.88
69.87
69.88
69.88
69.88
69.88
69.87
69.86
69.85
69.86
69.86
69.86
69.86
69.87
69.86
69.86
69.86
69.87
69.87
69.87
69.87
69.86
69.87
69.86
69.88
69.88
69.88
69.87
69.86
69.86
69.86
69.86
69.86
69.85
69.85
69.87
69.87
69.85
69.86
69.87
69.86
69.87
69.87
69.86
69.86
69.85
69.84
69.85
69.84
69.83
69.82
69.82
69.82
69.82
69.83
69.83
69.83
69.84
69.83
69.83
69.82
69.81
69.78
69.78
69.78
69.79
69.79
69.79
69.79
69.79
69.80
69.80
69.80
69.79
69.79
69.79
69.79
69.80
69.79
69.73
