78.12
75.00
72.40
69.53
68.75
68.75
68.30
67.58
68.23
69.06
70.03
70.70
70.67
70.98
70.52
70.70
70.86
70.83
70.81
70.62
70.46
70.67
70.31
70.51
70.25
70.19
70.37
70.26
69.94
69.95
69.86
70.12
70.17
69.90
69.82
70.27
70.23
70.19
69.95
69.92
69.82
69.75
69.69
69.64
69.62
69.50
69.32
69.37
69.58
69.38
69.36
69.38
69.49
69.47
69.63
69.70
69.60
69.53
69.57
69.51
69.47
69.33
69.42
69.56
69.54
69.48
69.50
69.44
69.43
69.46
69.54
69.57
69.73
69.85
69.90
69.86
69.83
69.79
69.84
69.94
69.98
70.03
69.97
69.98
70.09
70.11
70.10
70.03
69.93
69.95
69.95
69.92
69.88
69.70
69.79
69.81
69.91
69.98
69.89
69.80
69.88
69.91
69.93
69.95
70.00
70.08
70.09
70.17
70.11
70.17
70.09
70.17
70.22
70.11
70.11
70.08
70.05
69.99
70.08
70.12
70.05
70.06
70.03
70.01
70.02
69.97
69.98
69.96
69.90
69.89
69.97
69.99
69.92
69.94
70.00
69.99
70.02
70.00
69.93
69.94
69.89
69.86
69.83
69.85
69.87
69.91
69.84
69.90
69.91
69.95
69.97
69.96
69.88
69.90
69.92
69.95
69.96
69.95
69.95
69.93
69.99
69.97
69.97
70.04
70.07
70.09
70.10
70.09
70.07
70.10
70.08
70.09
70.10
70.04
70.04
70.00
69.99
69.99
70.00
69.99
69.94
69.98
70.00
70.02
69.99
69.98
70.01
70.02
69.98
70.00
69.99
69.99
70.01
69.97
69.99
70.03
70.04
70.06
70.08
70.14
70.17
70.23
70.18
70.16
70.11
70.11
70.12
70.12
70.12
70.08
70.09
70.07
70.08
70.05
70.03
70.04
70.02
70.00
70.01
70.02
70.04
70.05
70.04
70.01
70.03
69.97
69.90
69.94
69.96
69.97
69.99
70.01
70.02
70.05
70.09
70.15
70.17
70.19
70.20
70.24
70.25
70.23
70.22
70.18
70.21
70.20
70.19
70.24
70.26
70.24
70.26
70.28
70.31
70.29
70.29
70.31
70.32
70.31
70.34
70.35
70.36
70.38
70.38
70.42
70.41
70.38
70.38
70.35
70.37
70.38
70.38
70.34
70.27
70.29
70.29
70.30
70.31
70.33
70.33
70.35
70.35
70.38
70.41
70.41
70.37
70.37
70.36
70.36
70.37
70.34
70.32
70.31
70.28
70.25
70.23
70.19
70.21
70.18
70.18
70.19
70.18
70.17
70.17
70.16
70.16
70.15
70.14
70.13
70.13
70.13
70.11
70.10
70.10
70.11
70.12
70.13
70.13
70.12
70.09
70.11
70.11
70.10
70.09
70.08
70.08
70.07
70.09
70.11
70.14
70.17
70.18
70.19
70.20
70.20
70.21
70.22
70.22
70.21
70.20
70.16
70.17
70.16
70.17
70.19
70.19
70.23
70.24
70.26
70.27
70.29
70.30
70.34
70.36
70.34
70.37
70.37
70.37
70.38
70.34
70.34
70.34
70.36
70.39
70.40
70.39
70.39
70.40
70.38
70.36
70.36
70.36
70.37
70.40
70.40
70.38
70.35
70.35
70.35
70.33
70.33
70.32
70.30
70.31
70.31
70.30
70.29
70.32
70.30
70.30
70.32
70.30
70.30
70.30
70.26
70.26
70.25
70.26
70.27
70.25
70.25
70.24
70.24
70.22
70.22
70.22
70.23
70.23
70.21
70.21
70.21
70.23
70.22
70.23
70.24
70.25
70.26
70.24
70.25
70.23
70.22
70.23
70.22
70.20
70.20
70.19
70.18
70.16
70.17
70.15
70.15
70.13
70.14
70.15
70.14
70.14
70.16
70.14
70.15
70.14
70.12
70.12
70.12
70.11
70.12
70.11
70.09
70.10
70.08
70.08
70.08
70.08
70.08
70.07
70.05
70.06
70.08
70.08
70.09
70.10
70.12
70.11
70.11
70.11
70.11
70.12
70.10
70.11
70.10
70.11
70.11
70.10
70.09
70.08
70.08
70.08
70.08
70.09
70.10
70.10
70.10
70.11
70.11
70.11
70.09
70.10
70.09
70.08
70.09
70.09
70.08
70.08
70.08
70.07
70.08
70.09
70.07
70.06
70.05
70.06
70.07
70.05
70.06
70.06
70.09
70.07
70.08
70.08
70.06
70.06
70.07
70.08
70.07
70.08
70.09
70.10
70.09
70.08
70.09
70.07
70.07
70.09
70.08
70.07
70.07
70.07
70.07
70.07
70.07
70.05
70.06
70.05
70.06
70.06
70.06
70.06
70.06
70.08
70.10
70.08
70.09
70.07
70.06
70.07
70.07
70.07
70.07
70.10
70.09
70.10
70.11
70.13
70.14
70.13
70.11
70.10
70.10
70.10
70.09
70.10
70.12
70.11
70.09
70.08
70.09
70.10
70.11
70.10
70.10
70.11
70.12
70.10
70.08
70.08
70.09
70.08
70.06
70.02
70.02
70.03
70.02
70.01
70.00
69.98
69.98
69.97
69.96
69.95
69.95
69.95
69.95
69.95
69.96
69.95
69.95
69.94
69.94
69.94
69.94
69.95
69.95
69.95
69.96
69.96
69.97
69.96
69.97
69.97
69.96
69.95
69.94
69.94
69.96
69.96
69.96
69.96
69.95
69.97
69.95
69.93
69.90
69.90
69.90
69.90
69.91
69.91
69.91
69.91
69.92
69.91
69.90
69.90
69.91
69.90
69.89
69.88
69.88
69.87
69.87
69.88
69.86
69.86
69.87
69.86
69.86
69.87
69.87
69.86
69.84
69.86
69.85
69.86
69.85
69.85
69.84
69.84
69.84
69.86
69.85
69.86
69.88
69.87
69.89
69.90
69.90
69.91
69.91
69.90
69.89
69.90
69.90
69.88
69.90
69.91
69.91
69.91
69.91
69.90
69.89
69.88
69.88
69.88
69.89
69.90
69.89
69.90
69.92
69.91
69.93
69.92
69.92
69.92
69.93
69.92
69.92
69.91
69.92
69.92
69.93
69.91
69.91
69.91
69.91
69.91
69.91
69.90
69.89
69.88
69.88
69.88
69.87
69.88
69.87
69.88
69.86
69.86
69.85
69.85
69.84
69.83
69.82
69.81
69.81
69.82
69.82
69.82
69.82
69.83
69.84
69.84
69.83
69.82
69.83
69.83
69.83
69.83
69.83
69.84
69.83
69.83
69.83
69.83
69.83
69.84
69.84
69.83
69.81
69.80
69.80
69.80
69.80
69.79
69.79
69.79
69.79
69.82
69.82
69.82
69.82
69.82
69.81
69.80
69.80
69.80
69.80
69.79
69.80
69.79
69.79
69.79
69.79
69.79
69.78
69.78
69.77
69.77
69.77
69.78
69.79
69.79
69.78
69.77
69.71
