6.25
4.69
3.12
3.52
3.75
3.91
4.24
3.91
3.82
4.22
3.98
3.65
3.49
3.35
3.54
3.42
3.31
3.12
3.12
3.12
3.05
2.98
2.99
3.06
3.12
3.00
2.95
2.90
2.80
2.92
2.87
2.98
2.94
2.94
2.99
2.91
2.91
2.88
2.88
2.97
2.93
2.90
2.87
2.84
2.95
3.06
3.19
3.19
3.16
3.12
3.16
3.09
3.07
3.07
3.07
3.01
3.02
2.99
2.97
2.94
2.89
2.92
2.93
2.88
2.91
2.94
2.92
2.87
2.92
2.88
2.95
2.91
2.89
2.91
2.92
2.98
3.00
2.98
3.03
3.03
3.01
2.97
2.96
2.99
2.98
2.98
3.05
3.07
3.07
3.07
3.07
3.12
3.11
3.11
3.11
3.11
3.11
3.08
3.05
3.05
3.02
2.99
3.00
3.03
3.05
3.07
3.10
3.10
3.10
3.08
3.11
3.10
3.11
3.11
3.10
3.10
3.11
3.10
3.10
3.09
3.11
3.12
3.12
3.14
3.14
3.17
3.15
3.14
3.12
3.11
3.10
3.09
3.07
3.08
3.08
3.09
3.09
3.08
3.14
3.15
3.17
3.16
3.15
3.14
3.14
3.15
3.15
3.15
3.15
3.12
3.11
3.14
3.11
3.15
3.18
3.16
3.13
3.12
3.11
3.09
3.10
3.10
3.09
3.07
3.05
3.06
3.08
3.11
3.11
3.11
3.11
3.12
3.11
3.11
3.12
3.12
3.12
3.12
3.12
3.12
3.12
3.12
3.12
3.10
3.10
3.08
3.07
3.07
3.07
3.06
3.06
3.06
3.04
3.05
3.04
3.05
3.07
3.06
3.05
3.05
3.05
3.03
3.04
3.04
3.04
3.05
3.06
3.06
3.05
3.04
3.03
3.04
3.05
3.05
3.05
3.05
3.06
3.06
3.06
3.05
3.06
3.05
3.05
3.06
3.05
3.04
3.04
3.04
3.04
3.08
3.08
3.08
3.08
3.07
3.07
3.07
3.08
3.07
3.07
3.09
3.11
3.11
3.12
3.13
3.13
3.13
3.12
3.11
3.10
3.09
3.08
3.08
3.08
3.08
3.08
3.08
3.08
3.08
3.08
3.08
3.07
3.05
3.06
3.06
3.05
3.07
3.05
3.05
3.05
3.07
3.06
3.06
3.07
3.06
3.05
3.06
3.06
3.09
3.09
3.09
3.10
3.11
3.11
3.10
3.10
3.10
3.10
3.10
3.11
3.10
3.09
3.08
3.08
3.08
3.08
3.08
3.08
3.08
3.07
3.07
3.06
3.06
3.05
3.05
3.05
3.06
3.05
3.04
3.03
3.04
3.03
3.03
3.03
3.03
3.04
3.03
3.04
3.04
3.05
3.06
3.06
3.06
3.05
3.06
3.06
3.05
3.05
3.05
3.05
3.05
3.06
3.06
3.07
3.07
3.07
3.06
3.06
3.06
3.07
3.06
3.06
3.07
3.07
3.08
3.08
3.07
3.08
3.08
3.08
3.07
3.08
3.08
3.08
3.07
3.08
3.07
3.08
3.08
3.09
3.09
3.09
3.10
3.10
3.10
3.10
3.10
3.10
3.10
3.11
3.12
3.11
3.12
3.12
3.12
3.12
3.12
3.11
3.10
3.10
3.11
3.11
3.11
3.13
3.14
3.14
3.14
3.14
3.14
3.13
3.13
3.13
3.13
3.13
3.13
3.13
3.12
3.11
3.11
3.10
3.10
3.11
3.11
3.13
3.12
3.13
3.13
3.14
3.14
3.14
3.15
3.16
3.16
3.17
3.17
3.18
3.18
3.18
3.19
3.19
3.19
3.19
3.18
3.20
3.21
3.22
3.22
3.22
3.23
3.23
3.23
3.24
3.23
3.23
3.23
3.22
3.22
3.23
3.22
3.22
3.23
3.24
3.23
3.23
3.22
3.21
3.21
3.22
3.22
3.22
3.22
3.22
3.23
3.23
3.22
3.22
3.21
3.22
3.23
3.23
3.23
3.23
3.23
3.22
3.22
3.22
3.22
3.22
3.22
3.21
3.22
3.21
3.21
3.21
3.20
3.20
3.21
3.21
3.21
3.21
3.21
3.21
3.22
3.22
3.23
3.22
3.22
3.21
3.21
3.22
3.22
3.21
3.22
3.22
3.22
3.23
3.23
3.23
3.23
3.23
3.24
3.24
3.23
3.23
3.23
3.24
3.25
3.25
3.24
3.24
3.24
3.23
3.23
3.23
3.23
3.22
3.22
3.22
3.22
3.23
3.22
3.23
3.24
3.24
3.24
3.23
3.23
3.24
3.23
3.23
3.23
3.23
3.23
3.23
3.23
3.23
3.23
3.23
3.22
3.22
3.22
3.22
3.22
3.21
3.21
3.22
3.22
3.21
3.21
3.21
3.21
3.20
3.21
3.21
3.21
3.21
3.20
3.20
3.20
3.19
3.20
3.21
3.21
3.21
3.21
3.21
3.21
3.21
3.20
3.20
3.20
3.21
3.21
3.21
3.21
3.22
3.21
3.21
3.22
3.22
3.22
3.22
3.22
3.22
3.22
3.21
3.21
3.21
3.21
3.21
3.22
3.23
3.22
3.23
3.22
3.23
3.23
3.23
3.23
3.23
3.22
3.22
3.22
3.22
3.22
3.22
3.22
3.22
3.23
3.23
3.22
3.22
3.22
3.22
3.22
3.22
3.22
3.21
3.21
3.21
3.21
3.21
3.21
3.20
3.21
3.20
3.20
3.20
3.21
3.21
3.21
3.20
3.20
3.21
3.21
3.21
3.21
3.21
3.21
3.22
3.23
3.23
3.23
3.22
3.22
3.23
3.23
3.23
3.23
3.23
3.23
3.23
3.24
3.24
3.23
3.23
3.23
3.23
3.23
3.23
3.24
3.24
3.24
3.23
3.23
3.23
3.23
3.23
3.22
3.22
3.22
3.23
3.22
3.22
3.22
3.22
3.22
3.21
3.22
3.22
3.22
3.22
3.22
3.22
3.22
3.22
3.22
3.22
3.22
3.22
3.22
3.22
3.22
3.22
3.22
3.22
3.21
3.21
3.22
3.22
3.22
3.22
3.22
3.22
3.22
3.22
3.22
3.22
3.22
3.22
3.22
3.22
3.21
3.22
3.22
3.23
3.23
3.23
3.23
3.23
3.22
3.22
3.23
3.23
3.22
3.22
3.23
3.23
3.23
3.23
3.23
3.23
3.23
3.23
3.22
3.22
3.23
3.23
3.23
3.23
3.22
3.22
3.22
3.22
3.22
3.22
3.21
3.21
3.22
3.22
3.22
3.22
3.22
3.22
3.22
3.22
3.22
3.22
3.22
3.22
3.22
3.22
3.22
3.22
3.23
3.23
3.22
3.22
3.22
3.22
3.22
3.22
3.22
3.22
3.22
3.22
3.22
3.22
3.22
3.22
3.22
3.22
3.22
