65.62
68.75
66.15
67.58
69.06
68.75
68.97
68.95
68.40
68.28
68.18
67.84
68.27
68.53
68.54
68.95
68.75
68.14
68.34
68.28
68.60
68.54
68.55
68.62
68.75
68.87
68.87
68.92
68.97
68.75
68.60
68.75
68.66
68.43
68.53
68.53
68.58
68.75
68.47
68.36
68.33
68.38
68.60
68.71
68.82
68.78
68.75
68.82
68.94
68.97
68.81
68.93
69.02
68.87
68.92
68.92
68.75
68.72
68.70
68.72
68.80
68.83
68.95
68.99
68.92
68.84
69.01
69.03
69.13
69.06
69.06
69.03
69.18
69.24
69.40
69.41
69.38
69.41
69.42
69.34
69.43
69.42
69.39
69.33
69.26
69.30
69.20
69.23
69.22
69.22
69.27
69.31
69.39
69.37
69.38
69.34
69.41
69.39
69.38
69.41
69.37
69.42
69.51
69.55
69.57
69.52
69.44
69.40
69.44
69.38
69.27
69.27
69.29
69.31
69.46
69.45
69.43
69.33
69.26
69.23
69.18
69.16
69.16
69.13
69.14
69.21
69.24
69.23
69.17
69.15
69.19
69.15
69.18
69.16
69.11
69.07
69.08
69.08
69.03
69.04
69.07
69.08
69.10
69.08
69.08
69.05
69.08
69.12
69.12
69.11
69.17
69.20
69.13
69.12
69.06
68.99
68.98
68.99
68.99
69.10
69.17
69.18
69.16
69.18
69.22
69.23
69.18
69.21
69.22
69.17
69.20
69.19
69.22
69.22
69.18
69.17
69.20
69.13
69.14
69.18
69.19
69.18
69.17
69.21
69.25
69.25
69.23
69.27
69.20
69.23
69.27
69.34
69.32
69.34
69.32
69.32
69.31
69.33
69.32
69.33
69.34
69.38
69.41
69.39
69.39
69.42
69.37
69.36
69.35
69.34
69.36
69.34
69.40
69.41
69.40
69.44
69.44
69.44
69.40
69.41
69.41
69.39
69.41
69.40
69.45
69.41
69.39
69.41
69.40
69.40
69.41
69.39
69.39
69.38
69.40
69.40
69.40
69.41
69.36
69.38
69.42
69.40
69.39
69.39
69.37
69.38
69.41
69.41
69.37
69.33
69.28
69.28
69.27
69.27
69.28
69.27
69.26
69.26
69.28
69.25
69.26
69.28
69.32
69.34
69.36
69.34
69.31
69.32
69.35
69.36
69.37
69.31
69.28
69.27
69.26
69.27
69.30
69.32
69.28
69.30
69.30
69.27
69.25
69.28
69.25
69.29
69.29
69.29
69.29
69.27
69.26
69.26
69.26
69.27
69.23
69.24
69.24
69.26
69.22
69.25
69.24
69.22
69.24
69.25
69.24
69.25
69.24
69.24
69.25
69.27
69.30
69.29
69.29
69.28
69.30
69.28
69.29
69.25
69.26
69.25
69.27
69.26
69.24
69.24
69.23
69.23
69.24
69.23
69.23
69.25
69.24
69.26
69.24
69.24
69.23
69.23
69.21
69.18
69.18
69.19
69.20
69.21
69.19
69.18
69.18
69.16
69.13
69.13
69.14
69.15
69.16
69.17
69.19
69.18
69.18
69.18
69.21
69.20
69.20
69.18
69.19
69.18
69.17
69.16
69.14
69.14
69.14
69.15
69.16
69.18
69.20
69.20
69.21
69.20
69.20
69.19
69.20
69.20
69.22
69.22
69.26
69.27
69.26
69.28
69.26
69.27
69.29
69.31
69.30
69.31
69.29
69.30
69.30
69.33
69.34
69.35
69.36
69.33
69.34
69.33
69.35
69.38
69.40
69.38
69.38
69.37
69.38
69.37
69.38
69.38
69.39
69.38
69.36
69.33
69.33
69.34
69.37
69.37
69.35
69.35
69.35
69.35
69.35
69.35
69.37
69.35
69.36
69.36
69.34
69.34
69.33
69.34
69.34
69.34
69.32
69.31
69.29
69.30
69.29
69.31
69.30
69.31
69.30
69.28
69.30
69.29
69.30
69.30
69.30
69.28
69.29
69.30
69.32
69.29
69.30
69.31
69.31
69.30
69.27
69.26
69.26
69.26
69.24
69.23
69.23
69.24
69.23
69.24
69.24
69.24
69.23
69.23
69.23
69.23
69.23
69.23
69.22
69.22
69.23
69.23
69.23
69.23
69.24
69.25
69.25
69.25
69.25
69.26
69.27
69.29
69.31
69.31
69.30
69.29
69.29
69.29
69.30
69.30
69.31
69.30
69.31
69.33
69.31
69.33
69.33
69.34
69.34
69.36
69.39
69.38
69.37
69.37
69.38
69.37
69.38
69.36
69.36
69.35
69.33
69.31
69.33
69.34
69.33
69.34
69.36
69.37
69.37
69.36
69.37
69.39
69.40
69.40
69.40
69.41
69.40
69.41
69.40
69.41
69.42
69.41
69.42
69.41
69.39
69.39
69.40
69.40
69.39
69.39
69.39
69.38
69.39
69.40
69.40
69.42
69.42
69.42
69.42
69.44
69.43
69.43
69.43
69.42
69.44
69.44
69.44
69.45
69.44
69.44
69.41
69.42
69.42
69.42
69.42
69.44
69.45
69.47
69.48
69.49
69.50
69.50
69.48
69.49
69.48
69.48
69.48
69.48
69.49
69.49
69.50
69.50
69.50
69.49
69.49
69.49
69.50
69.51
69.50
69.50
69.50
69.51
69.50
69.50
69.49
69.48
69.48
69.47
69.48
69.47
69.47
69.48
69.46
69.46
69.48
69.48
69.47
69.47
69.48
69.51
69.50
69.50
69.49
69.50
69.48
69.49
69.50
69.49
69.50
69.51
69.51
69.51
69.51
69.52
69.53
69.53
69.53
69.54
69.54
69.55
69.54
69.54
69.54
69.54
69.54
69.54
69.54
69.54
69.55
69.55
69.56
69.56
69.56
69.55
69.55
69.55
69.56
69.58
69.58
69.58
69.59
69.60
69.62
69.61
69.62
69.63
69.63
69.63
69.64
69.64
69.62
69.62
69.60
69.60
69.59
69.58
69.58
69.60
69.60
69.58
69.58
69.56
69.56
69.57
69.58
69.58
69.58
69.59
69.59
69.59
69.58
69.59
69.59
69.59
69.59
69.58
69.58
69.57
69.58
69.57
69.57
69.59
69.59
69.58
69.59
69.59
69.59
69.60
69.60
69.60
69.60
69.61
69.61
69.61
69.63
69.62
69.63
69.63
69.63
69.62
69.62
69.62
69.62
69.63
69.64
69.64
69.63
69.63
69.64
69.64
69.64
69.64
69.65
69.64
69.64
69.64
69.62
69.63
69.63
69.63
69.64
69.64
69.63
69.64
69.63
69.63
69.62
69.62
69.62
69.63
69.63
69.63
69.63
69.62
69.63
69.62
69.61
69.60
69.60
69.60
69.61
69.62
69.61
69.61
69.61
69.61
69.62
69.60
69.59
69.59
69.59
69.60
69.59
69.58
69.59
69.59
69.60
69.60
69.61
69.62
69.60
69.61
69.61
69.55
