76.56
71.09
71.35
72.27
70.31
69.79
68.75
68.95
67.01
65.94
66.48
66.54
66.83
67.41
67.92
68.07
67.92
68.40
68.34
68.91
68.90
68.68
68.55
68.29
68.06
68.21
68.58
68.58
68.80
69.01
68.85
68.90
68.80
68.80
68.62
68.71
68.33
68.42
68.51
68.32
68.41
68.27
68.24
68.50
68.51
68.44
68.65
68.59
68.69
68.63
68.63
68.57
68.75
68.61
68.52
68.58
68.72
68.64
68.78
68.75
68.80
68.88
68.90
68.99
69.06
69.18
69.19
69.23
69.27
69.13
69.12
69.10
68.99
68.94
68.96
68.96
68.97
69.11
69.09
69.02
68.98
68.94
68.88
68.77
68.62
68.55
68.64
68.55
68.49
68.45
68.46
68.51
68.58
68.60
68.59
68.68
68.57
68.57
68.58
68.53
68.52
68.60
68.63
68.70
68.62
68.60
68.63
68.61
68.62
68.65
68.67
68.67
68.68
68.71
68.64
68.62
68.62
68.71
68.78
68.70
68.67
68.62
68.64
68.62
68.62
68.65
68.75
68.75
68.79
68.81
68.88
68.83
68.83
68.83
68.83
68.89
68.94
69.00
69.02
69.10
69.02
68.98
69.01
69.04
69.00
68.94
68.96
69.00
68.97
68.98
68.99
69.00
69.07
69.12
69.07
69.04
69.08
69.10
69.04
69.01
69.01
69.08
69.10
69.08
69.07
69.08
69.12
69.09
69.06
69.08
69.09
69.11
69.09
69.06
69.08
69.03
69.01
69.05
69.13
69.14
69.16
69.11
69.07
69.11
69.11
69.12
69.16
69.19
69.19
69.19
69.16
69.18
69.19
69.17
69.17
69.21
69.20
69.24
69.24
69.27
69.20
69.16
69.16
69.13
69.16
69.20
69.20
69.19
69.24
69.25
69.28
69.29
69.29
69.32
69.36
69.35
69.31
69.31
69.35
69.37
69.35
69.36
69.37
69.40
69.36
69.36
69.35
69.35
69.38
69.40
69.37
69.36
69.33
69.32
69.35
69.31
69.29
69.33
69.34
69.33
69.33
69.31
69.34
69.33
69.33
69.30
69.29
69.34
69.35
69.38
69.39
69.41
69.44
69.45
69.46
69.48
69.47
69.47
69.49
69.49
69.49
69.50
69.52
69.51
69.50
69.45
69.43
69.46
69.42
69.43
69.43
69.44
69.44
69.47
69.47
69.46
69.47
69.48
69.49
69.51
69.55
69.53
69.54
69.54
69.53
69.51
69.51
69.50
69.50
69.50
69.51
69.49
69.47
69.47
69.47
69.45
69.48
69.49
69.51
69.52
69.53
69.53
69.52
69.54
69.55
69.55
69.53
69.54
69.53
69.54
69.53
69.51
69.51
69.52
69.54
69.53
69.53
69.54
69.52
69.54
69.52
69.55
69.51
69.50
69.49
69.47
69.46
69.46
69.46
69.46
69.48
69.46
69.44
69.44
69.44
69.47
69.49
69.44
69.46
69.48
69.50
69.50
69.50
69.51
69.52
69.54
69.54
69.55
69.56
69.55
69.53
69.54
69.56
69.57
69.59
69.55
69.55
69.55
69.53
69.54
69.52
69.51
69.52
69.55
69.56
69.55
69.55
69.54
69.56
69.58
69.57
69.56
69.55
69.54
69.53
69.51
69.52
69.51
69.54
69.52
69.51
69.50
69.53
69.54
69.55
69.52
69.51
69.50
69.48
69.44
69.44
69.44
69.43
69.44
69.44
69.44
69.43
69.44
69.47
69.45
69.42
69.43
69.43
69.45
69.45
69.43
69.44
69.44
69.43
69.43
69.42
69.42
69.42
69.43
69.44
69.44
69.44
69.42
69.42
69.43
69.41
69.42
69.41
69.40
69.40
69.41
69.40
69.40
69.39
69.39
69.41
69.42
69.43
69.43
69.44
69.44
69.45
69.44
69.44
69.42
69.41
69.41
69.41
69.43
69.41
69.40
69.39
69.38
69.39
69.39
69.38
69.35
69.33
69.31
69.34
69.32
69.31
69.31
69.32
69.34
69.33
69.35
69.34
69.34
69.33
69.36
69.36
69.36
69.36
69.37
69.36
69.38
69.38
69.39
69.40
69.42
69.40
69.41
69.41
69.40
69.40
69.40
69.41
69.42
69.41
69.40
69.39
69.40
69.40
69.39
69.41
69.41
69.41
69.41
69.41
69.42
69.42
69.44
69.44
69.43
69.45
69.46
69.45
69.45
69.45
69.45
69.45
69.43
69.41
69.41
69.40
69.39
69.38
69.37
69.36
69.38
69.38
69.39
69.39
69.39
69.37
69.38
69.39
69.36
69.37
69.36
69.39
69.39
69.40
69.41
69.45
69.48
69.48
69.48
69.48
69.47
69.49
69.50
69.50
69.50
69.50
69.49
69.49
69.51
69.51
69.51
69.50
69.50
69.51
69.52
69.51
69.50
69.50
69.49
69.49
69.51
69.50
69.51
69.51
69.51
69.51
69.51
69.51
69.52
69.52
69.49
69.49
69.49
69.52
69.51
69.50
69.49
69.49
69.48
69.48
69.50
69.49
69.50
69.50
69.49
69.48
69.50
69.50
69.50
69.52
69.52
69.50
69.50
69.52
69.52
69.51
69.52
69.51
69.51
69.50
69.48
69.49
69.48
69.49
69.49
69.51
69.50
69.51
69.51
69.51
69.50
69.51
69.52
69.51
69.51
69.52
69.54
69.54
69.56
69.57
69.55
69.56
69.57
69.59
69.57
69.57
69.56
69.57
69.57
69.58
69.59
69.57
69.56
69.55
69.57
69.58
69.58
69.59
69.59
69.59
69.59
69.60
69.60
69.59
69.60
69.61
69.61
69.62
69.61
69.61
69.61
69.62
69.62
69.62
69.62
69.62
69.61
69.62
69.61
69.61
69.62
69.62
69.63
69.63
69.63
69.61
69.61
69.61
69.62
69.64
69.65
69.64
69.64
69.64
69.64
69.63
69.65
69.64
69.63
69.62
69.62
69.61
69.60
69.61
69.63
69.63
69.63
69.63
69.63
69.63
69.62
69.62
69.62
69.61
69.61
69.61
69.61
69.61
69.61
69.59
69.59
69.59
69.59
69.60
69.60
69.58
69.58
69.58
69.56
69.58
69.57
69.56
69.57
69.57
69.58
69.58
69.58
69.57
69.56
69.57
69.55
69.55
69.55
69.56
69.58
69.58
69.58
69.59
69.59
69.59
69.59
69.59
69.59
69.60
69.59
69.59
69.58
69.59
69.58
69.58
69.58
69.57
69.55
69.56
69.56
69.56
69.57
69.56
69.56
69.56
69.56
69.55
69.55
69.55
69.55
69.54
69.55
69.55
69.53
69.53
69.53
69.52
69.52
69.52
69.52
69.50
69.50
69.50
69.49
69.50
69.50
69.50
69.49
69.50
69.50
69.50
69.51
69.52
69.51
69.51
69.52
69.53
69.53
69.53
69.53
69.52
69.46
