67.19
69.53
69.27
70.70
70.94
70.05
68.08
68.16
69.44
69.06
69.89
69.92
70.31
70.54
70.73
71.09
70.86
71.01
70.89
70.70
70.61
71.16
71.20
71.09
70.88
70.91
70.95
70.87
71.07
71.09
71.22
71.14
70.93
71.00
71.12
71.09
71.33
71.26
70.99
70.90
71.00
70.94
70.82
70.99
70.87
70.92
70.88
70.80
70.82
70.62
70.53
70.55
70.55
70.40
70.43
70.40
70.29
70.34
70.47
70.47
70.39
70.36
70.31
70.34
70.14
70.19
70.17
70.06
70.13
70.02
69.89
69.88
69.65
69.57
69.58
69.55
69.60
69.57
69.50
69.53
69.56
69.51
69.48
69.38
69.54
69.42
69.36
69.39
69.54
69.48
69.52
69.55
69.67
69.76
69.74
69.71
69.56
69.50
69.51
69.39
69.42
69.39
69.45
69.47
69.43
69.44
69.44
69.31
69.34
69.39
69.41
69.45
69.37
69.45
69.43
69.46
69.40
69.33
69.30
69.24
69.25
69.26
69.26
69.14
69.20
69.15
69.08
69.19
69.19
69.17
69.18
69.08
69.07
69.06
69.09
69.11
69.06
69.07
69.03
69.10
69.14
69.14
69.14
69.09
69.17
69.19
69.15
69.16
69.15
69.19
69.18
69.23
69.26
69.28
69.31
69.31
69.32
69.30
69.32
69.32
69.37
69.43
69.42
69.45
69.44
69.48
69.52
69.50
69.53
69.53
69.61
69.66
69.72
69.77
69.73
69.74
69.69
69.66
69.62
69.61
69.60
69.58
69.58
69.54
69.56
69.52
69.49
69.52
69.51
69.51
69.53
69.51
69.54
69.52
69.53
69.56
69.57
69.57
69.57
69.58
69.63
69.62
69.60
69.60
69.60
69.61
69.62
69.61
69.62
69.57
69.51
69.53
69.53
69.57
69.56
69.55
69.55
69.57
69.54
69.54
69.50
69.52
69.53
69.52
69.50
69.48
69.46
69.48
69.51
69.50
69.52
69.54
69.49
69.49
69.51
69.53
69.53
69.49
69.48
69.49
69.47
69.45
69.51
69.49
69.50
69.50
69.52
69.53
69.55
69.55
69.53
69.52
69.52
69.54
69.54
69.56
69.60
69.62
69.58
69.58
69.58
69.58
69.59
69.60
69.60
69.62
69.61
69.65
69.65
69.65
69.67
69.70
69.71
69.70
69.72
69.71
69.69
69.68
69.66
69.65
69.68
69.70
69.71
69.72
69.72
69.70
69.70
69.71
69.70
69.74
69.72
69.72
69.70
69.70
69.69
69.68
69.68
69.66
69.64
69.62
69.63
69.64
69.61
69.57
69.60
69.61
69.64
69.69
69.66
69.65
69.65
69.64
69.65
69.64
69.62
69.62
69.63
69.61
69.60
69.58
69.57
69.58
69.60
69.62
69.64
69.67
69.66
69.63
69.61
69.63
69.62
69.62
69.63
69.63
69.63
69.64
69.64
69.62
69.63
69.63
69.64
69.63
69.63
69.62
69.65
69.65
69.64
69.66
69.64
69.66
69.66
69.68
69.69
69.70
69.71
69.69
69.69
69.66
69.66
69.67
69.68
69.65
69.65
69.66
69.66
69.66
69.65
69.65
69.64
69.62
69.65
69.63
69.63
69.66
69.64
69.65
69.67
69.66
69.65
69.65
69.66
69.67
69.64
69.63
69.63
69.62
69.58
69.56
69.57
69.55
69.56
69.57
69.56
69.57
69.57
69.57
69.56
69.55
69.54
69.52
69.53
69.56
69.55
69.56
69.56
69.59
69.58
69.57
69.60
69.61
69.64
69.65
69.67
69.65
69.66
69.66
69.64
69.64
69.64
69.62
69.63
69.65
69.63
69.60
69.60
69.61
69.61
69.64
69.64
69.62
69.62
69.63
69.62
69.62
69.60
69.60
69.60
69.59
69.59
69.56
69.57
69.56
69.58
69.59
69.59
69.59
69.61
69.59
69.58
69.55
69.56
69.57
69.58
69.58
69.57
69.56
69.57
69.58
69.57
69.59
69.57
69.56
69.55
69.56
69.56
69.57
69.57
69.58
69.57
69.56
69.56
69.56
69.57
69.56
69.56
69.56
69.55
69.56
69.56
69.56
69.56
69.54
69.57
69.58
69.58
69.58
69.57
69.57
69.57
69.59
69.61
69.60
69.61
69.60
69.59
69.58
69.57
69.57
69.60
69.60
69.61
69.61
69.60
69.58
69.59
69.59
69.59
69.59
69.60
69.60
69.59
69.61
69.61
69.62
69.61
69.60
69.61
69.59
69.57
69.56
69.57
69.56
69.55
69.54
69.53
69.52
69.53
69.52
69.53
69.51
69.51
69.49
69.52
69.52
69.52
69.52
69.53
69.52
69.53
69.54
69.55
69.54
69.53
69.53
69.55
69.57
69.57
69.57
69.55
69.56
69.57
69.57
69.55
69.53
69.53
69.53
69.54
69.55
69.56
69.54
69.54
69.55
69.53
69.53
69.55
69.55
69.54
69.53
69.55
69.57
69.56
69.56
69.54
69.53
69.52
69.53
69.54
69.52
69.52
69.52
69.54
69.54
69.57
69.60
69.58
69.58
69.58
69.58
69.56
69.54
69.56
69.58
69.59
69.59
69.59
69.60
69.59
69.58
69.59
69.59
69.58
69.58
69.59
69.58
69.57
69.56
69.58
69.56
69.57
69.55
69.54
69.52
69.51
69.51
69.50
69.51
69.51
69.52
69.50
69.50
69.49
69.49
69.48
69.47
69.46
69.47
69.49
69.47
69.49
69.48
69.48
69.48
69.48
69.46
69.46
69.47
69.45
69.46
69.46
69.45
69.44
69.46
69.46
69.48
69.47
69.47
69.47
69.48
69.47
69.45
69.45
69.46
69.46
69.45
69.47
69.47
69.48
69.47
69.48
69.47
69.48
69.47
69.47
69.46
69.45
69.45
69.45
69.44
69.44
69.45
69.44
69.43
69.44
69.45
69.46
69.46
69.45
69.45
69.45
69.45
69.44
69.46
69.45
69.44
69.43
69.42
69.41
69.42
69.42
69.42
69.41
69.40
69.40
69.39
69.39
69.39
69.39
69.40
69.40
69.41
69.41
69.41
69.42
69.41
69.41
69.41
69.41
69.41
69.41
69.42
69.42
69.42
69.43
69.42
69.42
69.42
69.42
69.44
69.45
69.46
69.45
69.43
69.42
69.41
69.42
69.42
69.41
69.41
69.41
69.40
69.40
69.40
69.40
69.41
69.42
69.42
69.41
69.43
69.42
69.42
69.40
69.41
69.40
69.41
69.41
69.42
69.41
69.40
69.40
69.40
69.40
69.40
69.41
69.40
69.41
69.41
69.41
69.40
69.39
69.38
69.37
69.37
69.36
69.36
69.34
69.35
69.34
69.34
69.35
69.34
69.35
69.36
69.37
69.37
69.38
69.38
69.39
69.39
69.39
69.38
69.37
69.31
