53.12
57.03
56.25
61.33
60.31
59.11
59.38
59.38
59.55
60.62
61.08
61.46
61.30
60.83
60.94
61.82
62.13
62.07
62.58
62.81
62.95
63.21
63.45
63.41
63.31
63.04
63.08
63.17
63.36
63.28
63.16
63.23
63.40
63.37
63.35
63.32
63.43
63.45
63.62
63.59
63.68
63.69
63.70
63.81
63.68
63.86
63.60
63.57
63.74
63.97
63.85
63.82
63.83
63.66
63.66
63.81
63.51
63.47
63.37
63.41
63.40
63.28
63.39
63.38
63.44
63.30
63.20
63.30
63.16
63.24
63.29
63.26
63.42
63.37
63.42
63.45
63.33
63.32
63.23
63.16
63.21
63.19
63.20
63.19
63.25
63.32
63.25
63.05
63.06
63.11
63.22
63.28
63.22
63.12
63.17
63.20
63.13
63.14
63.05
63.11
63.21
63.08
63.03
63.03
63.04
63.03
63.08
63.15
63.13
63.15
63.16
63.11
63.11
63.08
63.14
63.21
63.15
63.16
63.25
63.29
63.35
63.35
63.39
63.39
63.40
63.37
63.41
63.39
63.40
63.43
63.39
63.35
63.37
63.39
63.43
63.48
63.47
63.49
63.58
63.59
63.56
63.50
63.47
63.48
63.53
63.51
63.51
63.51
63.50
63.49
63.52
63.47
63.48
63.40
63.40
63.34
63.41
63.41
63.39
63.34
63.34
63.39
63.39
63.41
63.39
63.47
63.44
63.42
63.46
63.43
63.43
63.48
63.42
63.37
63.38
63.32
63.28
63.26
63.29
63.28
63.30
63.29
63.31
63.32
63.31
63.33
63.30
63.29
63.24
63.25
63.27
63.30
63.29
63.31
63.27
63.32
63.30
63.29
63.32
63.34
63.29
63.27
63.27
63.32
63.30
63.34
63.34
63.36
63.40
63.36
63.37
63.38
63.37
63.35
63.36
63.35
63.37
63.33
63.31
63.34
63.37
63.38
63.37
63.37
63.39
63.39
63.38
63.36
63.37
63.35
63.33
63.34
63.32
63.37
63.34
63.30
63.28
63.28
63.26
63.28
63.29
63.31
63.30
63.31
63.28
63.26
63.25
63.24
63.22
63.24
63.23
63.20
63.23
63.21
63.24
63.26
63.28
63.28
63.27
63.28
63.27
63.25
63.27
63.29
63.31
63.33
63.35
63.36
63.34
63.37
63.39
63.38
63.38
63.38
63.38
63.37
63.37
63.33
63.33
63.35
63.34
63.38
63.39
63.41
63.39
63.40
63.42
63.42
63.39
63.39
63.36
63.39
63.38
63.37
63.39
63.42
63.43
63.43
63.44
63.46
63.46
63.43
63.45
63.40
63.37
63.34
63.36
63.34
63.32
63.33
63.33
63.37
63.37
63.38
63.39
63.38
63.38
63.38
63.38
63.40
63.40
63.38
63.37
63.37
63.39
63.37
63.37
63.35
63.37
63.37
63.38
63.40
63.37
63.36
63.33
63.31
63.36
63.36
63.37
63.37
63.37
63.35
63.34
63.35
63.35
63.37
63.36
63.36
63.36
63.37
63.38
63.37
63.34
63.33
63.34
63.34
63.36
63.36
63.36
63.37
63.32
63.33
63.30
63.32
63.32
63.31
63.30
63.29
63.28
63.26
63.27
63.28
63.29
63.26
63.25
63.22
63.23
63.21
63.18
63.16
63.15
63.17
63.16
63.15
63.15
63.14
63.14
63.17
63.15
63.15
63.16
63.16
63.15
63.16
63.13
63.11
63.12
63.12
63.12
63.13
63.14
63.13
63.14
63.16
63.13
63.14
63.10
63.09
63.08
63.11
63.12
63.14
63.16
63.17
63.17
63.17
63.19
63.20
63.21
63.21
63.21
63.21
63.22
63.22
63.22
63.23
63.22
63.22
63.21
63.22
63.23
63.23
63.26
63.27
63.28
63.28
63.29
63.28
63.28
63.27
63.27
63.27
63.28
63.27
63.28
63.29
63.31
63.31
63.31
63.33
63.34
63.33
63.33
63.33
63.32
63.31
63.32
63.34
63.34
63.35
63.35
63.36
63.35
63.34
63.36
63.37
63.35
63.35
63.34
63.35
63.34
63.33
63.34
63.35
63.37
63.38
63.38
63.39
63.39
63.40
63.41
63.41
63.41
63.41
63.39
63.39
63.40
63.40
63.38
63.37
63.35
63.35
63.35
63.35
63.34
63.34
63.32
63.32
63.34
63.34
63.33
63.32
63.31
63.30
63.27
63.27
63.26
63.26
63.27
63.25
63.26
63.27
63.26
63.26
63.25
63.24
63.25
63.22
63.23
63.23
63.25
63.25
63.23
63.22
63.21
63.20
63.21
63.20
63.22
63.23
63.23
63.25
63.25
63.25
63.24
63.24
63.25
63.26
63.27
63.28
63.30
63.29
63.30
63.30
63.31
63.30
63.29
63.30
63.27
63.28
63.29
63.28
63.30
63.30
63.29
63.29
63.29
63.28
63.26
63.27
63.25
63.27
63.27
63.26
63.26
63.28
63.29
63.31
63.30
63.32
63.32
63.32
63.33
63.33
63.34
63.34
63.34
63.32
63.32
63.33
63.33
63.32
63.32
63.32
63.32
63.32
63.32
63.33
63.34
63.32
63.32
63.32
63.32
63.33
63.34
63.34
63.32
63.34
63.34
63.35
63.35
63.35
63.34
63.35
63.35
63.36
63.36
63.36
63.36
63.37
63.38
63.40
63.39
63.39
63.38
63.38
63.38
63.37
63.37
63.38
63.38
63.36
63.36
63.36
63.36
63.35
63.36
63.35
63.34
63.32
63.32
63.31
63.32
63.33
63.32
63.31
63.31
63.31
63.31
63.30
63.30
63.29
63.28
63.27
63.27
63.26
63.28
63.29
63.28
63.28
63.29
63.29
63.30
63.27
63.27
63.28
63.27
63.26
63.25
63.25
63.27
63.28
63.28
63.29
63.28
63.29
63.28
63.27
63.28
63.28
63.27
63.27
63.28
63.28
63.27
63.28
63.28
63.27
63.28
63.27
63.28
63.29
63.29
63.30
63.31
63.30
63.31
63.32
63.32
63.32
63.32
63.32
63.30
63.29
63.27
63.27
63.27
63.28
63.26
63.25
63.25
63.25
63.25
63.25
63.25
63.24
63.25
63.25
63.25
63.24
63.23
63.22
63.21
63.22
63.22
63.21
63.22
63.22
63.21
63.21
63.22
63.21
63.19
63.20
63.19
63.18
63.18
63.19
63.20
63.20
63.20
63.20
63.20
63.21
63.21
63.21
63.21
63.20
63.20
63.22
63.22
63.22
63.20
63.20
63.20
63.20
63.20
63.20
63.21
63.20
63.19
63.19
63.19
63.20
63.21
63.21
63.21
63.21
63.21
63.21
63.22
63.22
63.22
63.22
63.22
63.22
63.22
63.21
63.20
63.21
63.20
63.21
63.20
63.21
63.20
63.21
63.21
63.21
63.20
63.20
63.20
63.14
