75.00
69.53
70.83
71.88
70.00
71.09
70.54
69.92
69.44
68.91
68.75
68.36
67.91
68.53
68.54
68.36
67.74
67.80
67.93
68.44
68.01
67.97
68.21
68.36
68.75
68.99
68.87
68.97
69.23
69.38
69.30
69.48
69.32
69.12
69.06
69.27
69.21
69.08
69.11
68.79
68.83
68.56
68.79
68.89
68.92
68.92
68.92
68.78
68.65
68.50
68.57
68.60
68.78
68.81
68.78
68.86
68.97
68.83
68.78
68.65
68.72
68.80
68.82
68.70
68.80
68.75
68.80
68.77
68.77
68.62
68.55
68.55
68.43
68.56
68.75
68.73
68.71
68.73
68.73
68.79
68.83
68.85
68.81
68.68
68.69
68.62
68.62
68.63
68.66
68.70
68.70
68.67
68.72
68.72
68.90
68.83
68.80
68.80
68.84
68.94
69.00
69.06
69.01
69.04
69.02
69.00
69.03
68.98
68.86
68.79
68.81
68.83
68.85
68.74
68.74
68.70
68.72
68.72
68.67
68.59
68.56
68.58
68.58
68.56
68.51
68.61
68.60
68.59
68.63
68.64
68.69
68.79
68.86
68.80
68.82
68.75
68.74
68.72
68.76
68.72
68.73
68.78
68.83
68.75
68.79
68.82
68.85
68.80
68.83
68.88
68.85
68.85
68.92
68.95
68.93
68.95
68.92
68.89
68.83
68.82
68.86
68.86
68.84
68.85
68.85
68.89
68.88
68.93
68.92
68.94
68.94
68.93
68.90
68.89
68.83
68.90
68.94
68.91
68.89
68.85
68.88
68.85
68.85
68.88
68.83
68.87
68.88
68.87
68.80
68.87
68.82
68.81
68.75
68.75
68.82
68.77
68.81
68.81
68.88
68.87
68.86
68.87
68.89
68.89
68.87
68.84
68.86
68.80
68.78
68.78
68.79
68.82
68.86
68.87
68.84
68.83
68.85
68.84
68.88
68.84
68.91
68.86
68.90
68.90
68.92
68.91
68.89
68.89
68.91
68.94
68.90
68.88
68.87
68.85
68.85
68.82
68.83
68.84
68.83
68.85
68.81
68.84
68.84
68.85
68.89
68.86
68.86
68.89
68.89
68.91
68.92
68.92
68.94
68.97
68.98
69.01
68.97
68.96
68.96
68.95
68.91
68.93
68.93
68.92
68.91
68.90
68.88
68.90
68.87
68.88
68.89
68.88
68.90
68.90
68.94
68.95
68.95
68.97
68.98
68.99
68.97
68.99
68.98
68.98
68.97
68.96
68.98
68.96
68.96
68.99
69.01
69.01
68.99
68.98
68.98
68.98
69.00
69.03
69.03
69.03
69.02
68.98
68.96
68.95
68.98
68.96
68.97
68.97
68.96
68.98
68.98
68.99
69.00
69.01
69.01
69.01
69.03
69.06
69.09
69.09
69.10
69.08
69.08
69.09
69.08
69.09
69.11
69.12
69.13
69.14
69.11
69.11
69.13
69.14
69.11
69.08
69.08
69.07
69.07
69.06
69.10
69.11
69.11
69.09
69.09
69.10
69.10
69.10
69.10
69.09
69.10
69.08
69.09
69.07
69.08
69.10
69.10
69.10
69.10
69.07
69.08
69.05
69.02
69.02
69.02
69.04
69.05
69.05
69.04
69.05
69.04
69.05
69.06
69.07
69.11
69.12
69.14
69.15
69.15
69.15
69.15
69.14
69.10
69.13
69.12
69.12
69.10
69.10
69.09
69.11
69.13
69.12
69.14
69.15
69.17
69.22
69.21
69.20
69.18
69.16
69.15
69.17
69.16
69.15
69.17
69.17
69.16
69.15
69.15
69.17
69.18
69.20
69.19
69.18
69.18
69.19
69.20
69.19
69.19
69.20
69.18
69.17
69.16
69.18
69.17
69.18
69.16
69.14
69.14
69.15
69.17
69.17
69.16
69.15
69.12
69.12
69.13
69.14
69.13
69.15
69.14
69.15
69.13
69.13
69.14
69.13
69.13
69.10
69.09
69.10
69.08
69.10
69.12
69.10
69.12
69.12
69.12
69.10
69.12
69.11
69.11
69.09
69.11
69.11
69.09
69.11
69.11
69.09
69.09
69.12
69.14
69.16
69.19
69.19
69.19
69.20
69.19
69.17
69.14
69.15
69.16
69.16
69.15
69.14
69.13
69.15
69.15
69.16
69.17
69.17
69.19
69.20
69.18
69.19
69.17
69.16
69.14
69.13
69.14
69.15
69.15
69.16
69.14
69.13
69.13
69.14
69.13
69.13
69.13
69.14
69.13
69.16
69.16
69.15
69.16
69.16
69.15
69.15
69.16
69.16
69.15
69.14
69.14
69.12
69.12
69.13
69.14
69.17
69.19
69.20
69.19
69.18
69.18
69.18
69.18
69.17
69.18
69.17
69.17
69.19
69.17
69.17
69.18
69.17
69.17
69.17
69.18
69.19
69.19
69.19
69.19
69.19
69.18
69.19
69.19
69.18
69.19
69.20
69.21
69.20
69.21
69.21
69.23
69.23
69.23
69.24
69.25
69.25
69.25
69.25
69.26
69.26
69.26
69.25
69.26
69.25
69.23
69.23
69.22
69.22
69.22
69.21
69.22
69.21
69.19
69.20
69.18
69.17
69.17
69.16
69.16
69.16
69.15
69.16
69.15
69.15
69.17
69.19
69.19
69.19
69.20
69.20
69.20
69.20
69.19
69.22
69.23
69.22
69.23
69.22
69.23
69.22
69.23
69.22
69.21
69.22
69.23
69.23
69.24
69.22
69.21
69.21
69.21
69.21
69.20
69.21
69.21
69.21
69.20
69.19
69.20
69.20
69.20
69.18
69.17
69.18
69.18
69.18
69.16
69.16
69.16
69.15
69.15
69.15
69.14
69.15
69.14
69.15
69.14
69.13
69.12
69.12
69.11
69.12
69.11
69.10
69.12
69.12
69.12
69.12
69.12
69.10
69.09
69.10
69.10
69.11
69.12
69.12
69.12
69.13
69.13
69.13
69.13
69.15
69.16
69.15
69.14
69.13
69.14
69.14
69.13
69.13
69.15
69.15
69.14
69.16
69.18
69.17
69.18
69.17
69.16
69.16
69.18
69.18
69.17
69.19
69.18
69.19
69.19
69.20
69.19
69.20
69.19
69.17
69.17
69.17
69.17
69.17
69.17
69.19
69.17
69.17
69.18
69.18
69.19
69.18
69.18
69.19
69.19
69.20
69.19
69.20
69.19
69.19
69.19
69.19
69.20
69.18
69.19
69.20
69.20
69.19
69.19
69.19
69.18
69.19
69.20
69.21
69.21
69.22
69.23
69.24
69.24
69.25
69.25
69.25
69.25
69.25
69.25
69.27
69.26
69.27
69.28
69.29
69.28
69.29
69.27
69.27
69.27
69.27
69.26
69.25
69.26
69.28
69.27
69.27
69.26
69.25
69.24
69.23
69.24
69.24
69.24
69.24
69.23
69.23
69.24
69.24
69.24
69.23
69.23
69.17
