75.00
71.88
71.35
72.27
71.56
70.57
69.87
69.53
69.79
69.22
69.74
69.66
70.91
70.65
70.42
70.12
70.04
69.44
69.24
69.22
69.20
69.39
69.84
69.99
70.25
69.95
70.08
69.98
69.99
70.16
70.77
70.56
70.36
70.22
69.96
69.97
70.19
69.74
69.67
69.73
69.97
69.90
69.88
69.89
69.97
69.90
69.98
69.89
69.93
69.88
69.82
69.68
69.69
69.65
69.60
69.64
69.63
69.61
69.73
69.58
69.60
69.66
69.77
69.73
69.69
69.63
69.64
69.65
69.75
69.64
69.59
69.68
69.67
69.51
69.56
69.59
69.60
69.63
69.60
69.69
69.68
69.57
69.54
69.40
69.50
69.49
69.49
69.51
69.59
69.60
69.63
69.74
69.72
69.66
69.72
69.68
69.60
69.58
69.59
69.55
69.49
69.52
69.45
69.38
69.36
69.30
69.23
69.27
69.21
69.16
69.13
69.07
69.15
69.17
69.17
69.22
69.18
69.25
69.30
69.28
69.34
69.20
69.19
69.14
69.17
69.25
69.27
69.34
69.22
69.24
69.23
69.29
69.24
69.24
69.28
69.39
69.33
69.35
69.33
69.33
69.35
69.44
69.43
69.53
69.59
69.63
69.61
69.52
69.54
69.51
69.57
69.54
69.59
69.59
69.67
69.71
69.73
69.67
69.67
69.69
69.71
69.69
69.72
69.67
69.69
69.63
69.60
69.60
69.59
69.56
69.52
69.49
69.49
69.44
69.45
69.45
69.47
69.47
69.54
69.50
69.47
69.47
69.50
69.55
69.54
69.56
69.64
69.60
69.58
69.54
69.55
69.57
69.59
69.60
69.58
69.57
69.61
69.63
69.66
69.67
69.71
69.66
69.64
69.63
69.60
69.64
69.70
69.71
69.74
69.74
69.78
69.80
69.81
69.77
69.77
69.79
69.82
69.80
69.80
69.83
69.85
69.85
69.82
69.79
69.74
69.72
69.69
69.70
69.71
69.71
69.71
69.70
69.69
69.68
69.70
69.68
69.67
69.68
69.71
69.72
69.71
69.72
69.72
69.72
69.68
69.68
69.67
69.68
69.70
69.73
69.75
69.72
69.71
69.71
69.75
69.81
69.82
69.81
69.81
69.81
69.79
69.80
69.79
69.79
69.81
69.78
69.81
69.81
69.81
69.78
69.76
69.75
69.69
69.70
69.69
69.68
69.69
69.71
69.71
69.69
69.70
69.71
69.69
69.68
69.69
69.68
69.68
69.67
69.65
69.65
69.61
69.61
69.62
69.61
69.59
69.59
69.56
69.59
69.59
69.57
69.58
69.54
69.55
69.54
69.54
69.54
69.53
69.54
69.55
69.55
69.55
69.58
69.58
69.57
69.53
69.55
69.54
69.52
69.52
69.51
69.53
69.53
69.51
69.50
69.50
69.51
69.50
69.53
69.50
69.50
69.49
69.48
69.48
69.47
69.47
69.48
69.47
69.45
69.45
69.47
69.48
69.45
69.44
69.45
69.47
69.45
69.45
69.48
69.50
69.47
69.48
69.50
69.48
69.47
69.48
69.47
69.45
69.45
69.45
69.48
69.49
69.48
69.50
69.49
69.49
69.50
69.50
69.48
69.50
69.51
69.53
69.54
69.52
69.51
69.55
69.56
69.57
69.57
69.56
69.56
69.53
69.52
69.52
69.50
69.51
69.52
69.52
69.52
69.53
69.51
69.52
69.50
69.49
69.47
69.46
69.46
69.48
69.45
69.44
69.44
69.47
69.49
69.49
69.48
69.49
69.51
69.50
69.50
69.51
69.54
69.54
69.53
69.53
69.54
69.53
69.52
69.51
69.52
69.51
69.51
69.53
69.56
69.56
69.56
69.55
69.55
69.56
69.53
69.54
69.54
69.54
69.56
69.55
69.54
69.54
69.55
69.54
69.55
69.55
69.57
69.56
69.55
69.56
69.56
69.56
69.56
69.56
69.57
69.57
69.56
69.56
69.57
69.56
69.54
69.55
69.54
69.57
69.58
69.59
69.61
69.60
69.61
69.59
69.57
69.57
69.58
69.58
69.57
69.57
69.58
69.59
69.60
69.60
69.60
69.60
69.60
69.59
69.57
69.56
69.58
69.58
69.58
69.58
69.58
69.57
69.55
69.54
69.54
69.55
69.57
69.57
69.55
69.54
69.55
69.54
69.52
69.52
69.53
69.55
69.54
69.55
69.56
69.54
69.54
69.52
69.52
69.54
69.53
69.54
69.53
69.52
69.51
69.51
69.51
69.50
69.50
69.51
69.49
69.48
69.48
69.51
69.52
69.51
69.51
69.50
69.50
69.51
69.53
69.54
69.54
69.55
69.55
69.55
69.56
69.55
69.56
69.59
69.58
69.59
69.59
69.60
69.61
69.61
69.60
69.60
69.59
69.60
69.60
69.60
69.61
69.61
69.60
69.59
69.59
69.60
69.61
69.60
69.61
69.61
69.62
69.63
69.62
69.62
69.59
69.60
69.60
69.59
69.58
69.56
69.57
69.58
69.58
69.58
69.57
69.57
69.54
69.55
69.53
69.53
69.53
69.52
69.53
69.49
69.49
69.50
69.51
69.51
69.51
69.51
69.52
69.51
69.51
69.49
69.50
69.48
69.47
69.47
69.45
69.45
69.44
69.44
69.45
69.44
69.44
69.43
69.44
69.45
69.44
69.45
69.44
69.45
69.45
69.45
69.45
69.46
69.44
69.44
69.44
69.43
69.43
69.43
69.42
69.43
69.45
69.44
69.45
69.46
69.46
69.45
69.45
69.45
69.46
69.46
69.47
69.46
69.47
69.47
69.48
69.48
69.47
69.47
69.48
69.48
69.49
69.49
69.49
69.48
69.49
69.50
69.51
69.50
69.50
69.47
69.48
69.49
69.48
69.47
69.45
69.45
69.46
69.46
69.46
69.46
69.45
69.46
69.45
69.44
69.44
69.45
69.45
69.44
69.45
69.46
69.47
69.47
69.46
69.46
69.46
69.47
69.48
69.49
69.49
69.51
69.50
69.49
69.50
69.49
69.49
69.49
69.47
69.48
69.48
69.48
69.50
69.51
69.50
69.50
69.50
69.50
69.51
69.51
69.52
69.51
69.50
69.50
69.50
69.51
69.50
69.50
69.50
69.50
69.49
69.49
69.47
69.45
69.45
69.44
69.44
69.43
69.43
69.43
69.43
69.42
69.43
69.44
69.43
69.43
69.43
69.44
69.44
69.44
69.45
69.44
69.43
69.44
69.44
69.43
69.43
69.43
69.44
69.43
69.44
69.44
69.45
69.44
69.45
69.46
69.46
69.47
69.46
69.46
69.46
69.46
69.46
69.46
69.46
69.45
69.46
69.47
69.49
69.48
69.47
69.46
69.46
69.45
69.47
69.49
69.49
69.50
69.50
69.50
69.48
69.48
69.48
69.48
69.48
69.49
69.49
69.49
69.49
69.49
69.43
