71.88
72.66
71.35
73.44
73.12
71.35
72.54
71.88
71.53
71.88
72.16
71.61
71.51
70.54
70.52
70.51
70.68
70.66
70.15
69.84
69.42
69.25
68.89
68.75
68.94
68.99
68.81
68.53
68.97
68.80
68.70
68.75
68.89
69.16
69.24
69.27
69.30
69.12
69.23
69.34
69.44
69.57
69.44
69.53
69.27
69.46
69.35
69.11
69.23
69.44
69.30
69.32
69.31
69.44
69.43
69.36
69.41
69.37
69.39
69.22
69.31
69.43
69.39
69.34
69.16
69.27
69.40
69.46
69.57
69.51
69.52
69.55
69.61
69.51
69.52
69.55
69.54
69.55
69.58
69.43
69.52
69.44
69.48
69.53
69.50
69.49
69.54
69.58
69.72
69.74
69.75
69.75
69.79
69.85
69.90
69.87
69.83
69.75
69.71
69.69
69.71
69.65
69.69
69.67
69.66
69.69
69.70
69.63
69.64
69.70
69.68
69.75
69.87
69.76
69.76
69.80
69.79
69.80
69.84
69.82
69.78
69.74
69.73
69.73
69.76
69.73
69.72
69.68
69.62
69.65
69.62
69.67
69.63
69.67
69.69
69.63
69.56
69.55
69.50
69.51
69.50
69.52
69.54
69.61
69.61
69.58
69.54
69.50
69.53
69.58
69.57
69.57
69.56
69.55
69.49
69.47
69.43
69.41
69.39
69.39
69.37
69.40
69.35
69.36
69.36
69.38
69.39
69.41
69.43
69.38
69.41
69.41
69.44
69.46
69.50
69.54
69.56
69.52
69.51
69.57
69.53
69.51
69.49
69.47
69.42
69.41
69.41
69.40
69.39
69.42
69.45
69.50
69.54
69.52
69.54
69.53
69.53
69.59
69.62
69.66
69.63
69.66
69.61
69.57
69.58
69.58
69.60
69.65
69.67
69.67
69.68
69.64
69.64
69.63
69.69
69.67
69.66
69.67
69.71
69.67
69.68
69.69
69.77
69.74
69.78
69.80
69.80
69.78
69.80
69.82
69.76
69.74
69.71
69.72
69.77
69.74
69.71
69.66
69.61
69.61
69.64
69.69
69.70
69.67
69.69
69.66
69.65
69.63
69.65
69.64
69.62
69.62
69.63
69.63
69.63
69.61
69.60
69.60
69.59
69.60
69.59
69.59
69.61
69.62
69.63
69.61
69.60
69.56
69.58
69.56
69.56
69.57
69.58
69.59
69.61
69.59
69.58
69.56
69.57
69.56
69.55
69.53
69.47
69.49
69.54
69.50
69.51
69.49
69.51
69.55
69.53
69.54
69.56
69.59
69.56
69.53
69.52
69.53
69.53
69.53
69.55
69.58
69.54
69.56
69.60
69.57
69.60
69.60
69.58
69.55
69.55
69.56
69.59
69.62
69.64
69.64
69.64
69.63
69.61
69.60
69.59
69.57
69.59
69.59
69.57
69.56
69.57
69.56
69.56
69.55
69.57
69.53
69.55
69.55
69.55
69.56
69.58
69.57
69.59
69.62
69.61
69.63
69.64
69.64
69.62
69.63
69.63
69.65
69.63
69.61
69.62
69.62
69.64
69.65
69.64
69.64
69.63
69.64
69.64
69.63
69.65
69.63
69.65
69.64
69.63
69.64
69.64
69.63
69.63
69.65
69.65
69.65
69.64
69.62
69.62
69.64
69.60
69.58
69.60
69.62
69.62
69.62
69.64
69.64
69.66
69.63
69.62
69.64
69.65
69.64
69.66
69.63
69.64
69.66
69.68
69.67
69.67
69.66
69.66
69.66
69.66
69.65
69.65
69.67
69.69
69.66
69.68
69.68
69.69
69.70
69.70
69.70
69.71
69.70
69.70
69.68
69.70
69.71
69.72
69.75
69.76
69.76
69.75
69.73
69.75
69.73
69.74
69.74
69.74
69.75
69.75
69.73
69.75
69.75
69.74
69.74
69.72
69.72
69.72
69.72
69.72
69.71
69.72
69.73
69.71
69.72
69.73
69.75
69.77
69.77
69.75
69.74
69.74
69.74
69.75
69.74
69.75
69.75
69.76
69.75
69.76
69.75
69.75
69.73
69.73
69.71
69.71
69.72
69.72
69.72
69.73
69.75
69.74
69.74
69.74
69.72
69.73
69.72
69.74
69.73
69.74
69.76
69.75
69.75
69.75
69.74
69.73
69.73
69.72
69.73
69.71
69.72
69.75
69.73
69.72
69.70
69.70
69.72
69.71
69.72
69.73
69.73
69.73
69.72
69.72
69.70
69.71
69.69
69.68
69.69
69.70
69.71
69.72
69.72
69.71
69.74
69.74
69.74
69.72
69.71
69.70
69.70
69.69
69.70
69.69
69.69
69.70
69.71
69.71
69.71
69.69
69.68
69.67
69.66
69.66
69.66
69.66
69.65
69.64
69.64
69.65
69.67
69.66
69.64
69.64
69.63
69.64
69.64
69.64
69.64
69.63
69.64
69.66
69.65
69.64
69.65
69.66
69.67
69.67
69.66
69.66
69.65
69.65
69.65
69.65
69.65
69.65
69.65
69.64
69.66
69.65
69.65
69.64
69.65
69.63
69.62
69.63
69.62
69.62
69.62
69.60
69.60
69.59
69.60
69.57
69.56
69.54
69.54
69.55
69.55
69.56
69.57
69.58
69.58
69.58
69.58
69.57
69.58
69.57
69.58
69.59
69.62
69.63
69.61
69.59
69.60
69.58
69.58
69.57
69.56
69.56
69.57
69.57
69.58
69.57
69.58
69.59
69.59
69.60
69.60
69.61
69.61
69.61
69.61
69.62
69.62
69.61
69.62
69.62
69.62
69.63
69.63
69.64
69.65
69.65
69.64
69.65
69.65
69.65
69.67
69.67
69.70
69.71
69.72
69.72
69.71
69.70
69.69
69.68
69.67
69.66
69.66
69.66
69.67
69.67
69.66
69.66
69.66
69.66
69.67
69.66
69.68
69.69
69.68
69.68
69.68
69.68
69.68
69.68
69.69
69.70
69.71
69.71
69.70
69.71
69.70
69.67
69.66
69.65
69.65
69.66
69.65
69.64
69.65
69.65
69.65
69.66
69.66
69.65
69.64
69.63
69.62
69.62
69.62
69.62
69.61
69.61
69.62
69.63
69.63
69.62
69.62
69.62
69.64
69.64
69.64
69.64
69.62
69.62
69.62
69.61
69.60
69.61
69.60
69.60
69.60
69.58
69.57
69.55
69.56
69.55
69.54
69.55
69.55
69.55
69.56
69.56
69.57
69.56
69.56
69.56
69.56
69.57
69.56
69.57
69.57
69.57
69.58
69.59
69.59
69.60
69.60
69.61
69.61
69.60
69.61
69.61
69.61
69.62
69.62
69.62
69.62
69.62
69.62
69.62
69.62
69.63
69.62
69.62
69.62
69.64
69.65
69.64
69.65
69.64
69.63
69.63
69.62
69.62
69.62
69.63
69.63
69.63
69.63
69.64
69.63
69.61
69.63
69.62
69.64
69.63
69.57
