68.75
70.31
66.67
69.14
67.81
66.93
67.19
67.58
67.01
66.88
67.05
67.32
67.91
68.08
68.44
68.16
68.29
68.49
69.00
68.83
69.12
68.89
69.09
69.01
69.00
68.87
68.81
68.75
69.18
69.27
69.10
69.34
69.41
69.35
69.29
68.97
68.96
68.91
69.15
69.14
69.40
69.23
69.37
69.57
69.62
69.60
69.61
69.63
69.83
69.81
69.70
69.56
69.69
69.62
69.63
69.75
69.85
69.88
69.84
69.71
69.85
69.78
69.74
69.82
69.83
69.86
69.82
69.74
69.70
69.91
69.94
70.05
70.10
70.04
70.02
70.07
70.17
70.17
70.23
70.18
70.29
70.26
70.14
70.16
70.17
70.20
70.20
70.06
70.05
70.03
69.95
70.07
70.13
69.98
70.00
69.94
69.91
69.95
70.01
70.00
70.13
70.10
70.10
70.16
70.00
69.97
70.01
70.12
70.14
70.04
70.00
70.09
70.09
69.97
69.99
69.98
69.93
69.93
69.88
69.93
69.91
69.86
69.83
69.78
69.86
69.83
69.83
69.84
69.83
69.75
69.68
69.67
69.71
69.78
69.80
69.82
69.75
69.83
69.82
69.88
69.89
69.85
69.80
69.77
69.82
69.86
69.86
69.84
69.85
69.84
69.89
69.90
69.84
69.82
69.83
69.74
69.79
69.77
69.81
69.75
69.79
69.78
69.75
69.70
69.65
69.64
69.69
69.69
69.66
69.69
69.65
69.67
69.67
69.66
69.66
69.66
69.70
69.72
69.67
69.63
69.60
69.63
69.61
69.59
69.58
69.58
69.63
69.60
69.55
69.56
69.53
69.53
69.58
69.57
69.57
69.54
69.57
69.59
69.57
69.55
69.56
69.49
69.47
69.49
69.51
69.55
69.53
69.47
69.53
69.50
69.50
69.49
69.47
69.49
69.51
69.52
69.55
69.54
69.56
69.55
69.53
69.53
69.51
69.48
69.45
69.48
69.49
69.46
69.46
69.45
69.46
69.46
69.44
69.46
69.49
69.48
69.49
69.48
69.49
69.53
69.50
69.54
69.55
69.53
69.50
69.51
69.51
69.49
69.50
69.48
69.49
69.53
69.55
69.52
69.52
69.53
69.52
69.54
69.55
69.56
69.53
69.56
69.54
69.57
69.62
69.59
69.65
69.65
69.69
69.69
69.72
69.74
69.77
69.80
69.78
69.80
69.82
69.78
69.77
69.76
69.75
69.73
69.72
69.70
69.70
69.70
69.70
69.69
69.69
69.67
69.67
69.68
69.65
69.66
69.66
69.66
69.63
69.63
69.61
69.59
69.58
69.59
69.62
69.59
69.60
69.61
69.64
69.63
69.65
69.64
69.64
69.66
69.66
69.65
69.64
69.63
69.61
69.62
69.64
69.66
69.65
69.66
69.62
69.63
69.60
69.58
69.59
69.61
69.62
69.60
69.62
69.63
69.62
69.65
69.64
69.63
69.63
69.62
69.65
69.66
69.66
69.64
69.67
69.66
69.67
69.66
69.68
69.68
69.69
69.70
69.69
69.70
69.71
69.71
69.71
69.70
69.71
69.69
69.65
69.64
69.65
69.65
69.66
69.65
69.62
69.62
69.58
69.57
69.58
69.55
69.56
69.54
69.54
69.56
69.58
69.58
69.59
69.58
69.57
69.56
69.57
69.58
69.59
69.56
69.57
69.56
69.55
69.56
69.55
69.57
69.56
69.56
69.58
69.58
69.58
69.59
69.56
69.57
69.56
69.54
69.55
69.57
69.57
69.55
69.54
69.57
69.58
69.58
69.58
69.57
69.56
69.57
69.56
69.55
69.54
69.51
69.50
69.51
69.50
69.49
69.53
69.52
69.53
69.52
69.52
69.52
69.51
69.51
69.50
69.49
69.48
69.51
69.54
69.54
69.55
69.55
69.52
69.52
69.53
69.55
69.57
69.60
69.59
69.58
69.58
69.57
69.57
69.57
69.58
69.59
69.59
69.58
69.57
69.57
69.59
69.60
69.60
69.59
69.60
69.60
69.59
69.60
69.61
69.62
69.63
69.64
69.64
69.65
69.64
69.64
69.64
69.63
69.64
69.65
69.65
69.65
69.64
69.64
69.61
69.60
69.59
69.61
69.59
69.60
69.60
69.61
69.61
69.59
69.59
69.60
69.62
69.62
69.62
69.62
69.62
69.63
69.63
69.62
69.62
69.60
69.61
69.58
69.56
69.56
69.58
69.59
69.58
69.58
69.58
69.58
69.57
69.56
69.57
69.58
69.58
69.58
69.58
69.57
69.58
69.58
69.57
69.58
69.59
69.60
69.60
69.60
69.60
69.59
69.58
69.58
69.59
69.58
69.60
69.61
69.61
69.64
69.63
69.64
69.63
69.63
69.62
69.63
69.63
69.64
69.63
69.64
69.64
69.65
69.65
69.65
69.66
69.66
69.68
69.67
69.66
69.66
69.64
69.62
69.60
69.61
69.60
69.60
69.62
69.61
69.60
69.61
69.61
69.61
69.61
69.61
69.61
69.60
69.59
69.59
69.60
69.59
69.60
69.61
69.63
69.63
69.63
69.62
69.62
69.61
69.62
69.62
69.62
69.62
69.61
69.61
69.60
69.61
69.60
69.63
69.62
69.63
69.60
69.59
69.56
69.56
69.56
69.55
69.56
69.54
69.55
69.55
69.56
69.55
69.56
69.57
69.58
69.58
69.60
69.60
69.60
69.59
69.58
69.60
69.60
69.59
69.60
69.60
69.59
69.59
69.59
69.59
69.60
69.60
69.61
69.61
69.61
69.62
69.62
69.62
69.60
69.60
69.60
69.60
69.59
69.60
69.58
69.58
69.57
69.57
69.58
69.58
69.58
69.56
69.57
69.56
69.58
69.59
69.60
69.60
69.60
69.61
69.61
69.62
69.64
69.64
69.65
69.65
69.65
69.64
69.65
69.65
69.65
69.66
69.65
69.65
69.65
69.64
69.63
69.62
69.62
69.62
69.63
69.63
69.62
69.62
69.62
69.62
69.63
69.65
69.64
69.64
69.64
69.65
69.64
69.65
69.65
69.66
69.65
69.65
69.64
69.63
69.63
69.62
69.63
69.63
69.63
69.62
69.62
69.63
69.62
69.62
69.62
69.62
69.62
69.60
69.59
69.60
69.60
69.60
69.58
69.60
69.61
69.61
69.62
69.63
69.64
69.64
69.63
69.63
69.63
69.64
69.63
69.64
69.63
69.62
69.61
69.61
69.61
69.61
69.60
69.61
69.60
69.62
69.61
69.62
69.63
69.64
69.64
69.63
69.63
69.64
69.63
69.63
69.64
69.64
69.64
69.65
69.66
69.66
69.66
69.67
69.67
69.66
69.66
69.66
69.66
69.65
69.66
69.67
69.66
69.66
69.65
69.65
69.65
69.65
69.66
69.65
69.64
69.65
69.65
69.66
69.66
69.67
69.66
69.66
69.66
69.60
