73.44
67.97
68.75
69.14
70.31
70.57
70.76
71.68
71.88
71.88
71.88
71.22
71.39
70.87
70.10
70.31
70.04
70.14
70.64
70.55
70.61
70.95
70.99
70.83
70.75
70.91
71.12
70.98
70.85
70.52
70.21
70.26
70.27
70.40
70.45
70.75
70.52
70.68
70.79
70.82
70.58
70.65
70.57
70.56
70.83
70.92
70.84
70.90
70.82
70.94
71.02
70.94
70.90
70.95
70.91
70.90
70.83
70.88
70.71
70.52
70.47
70.59
70.39
70.43
70.31
70.48
70.45
70.59
70.49
70.45
70.55
70.55
70.55
70.48
70.29
70.27
70.33
70.23
70.15
70.10
70.10
69.93
69.82
69.75
69.74
69.68
69.83
69.80
69.80
69.81
69.81
69.80
69.86
69.86
69.84
69.84
69.96
69.95
69.95
69.94
69.89
69.82
69.75
69.76
69.76
69.77
69.79
69.79
69.78
69.74
69.75
69.82
69.79
69.83
69.88
69.76
69.76
69.69
69.55
69.52
69.47
69.45
69.45
69.41
69.40
69.35
69.35
69.32
69.28
69.29
69.36
69.33
69.35
69.39
69.39
69.40
69.41
69.38
69.39
69.43
69.46
69.41
69.36
69.37
69.32
69.37
69.30
69.35
69.34
69.30
69.26
69.26
69.29
69.31
69.38
69.38
69.35
69.32
69.28
69.38
69.38
69.39
69.43
69.42
69.40
69.38
69.34
69.31
69.39
69.35
69.37
69.40
69.46
69.48
69.49
69.50
69.52
69.52
69.50
69.55
69.55
69.57
69.53
69.55
69.54
69.57
69.62
69.62
69.62
69.62
69.59
69.57
69.62
69.64
69.63
69.58
69.58
69.55
69.54
69.51
69.49
69.48
69.47
69.41
69.40
69.39
69.41
69.43
69.40
69.40
69.39
69.40
69.42
69.44
69.41
69.40
69.28
69.24
69.24
69.21
69.17
69.21
69.20
69.22
69.23
69.23
69.25
69.24
69.25
69.29
69.27
69.25
69.29
69.27
69.25
69.25
69.24
69.22
69.25
69.28
69.28
69.29
69.28
69.29
69.29
69.30
69.34
69.37
69.39
69.41
69.41
69.41
69.40
69.41
69.42
69.43
69.42
69.41
69.43
69.44
69.41
69.41
69.40
69.40
69.43
69.38
69.40
69.36
69.32
69.33
69.35
69.34
69.35
69.37
69.37
69.38
69.41
69.43
69.43
69.41
69.41
69.39
69.39
69.37
69.37
69.39
69.39
69.41
69.43
69.45
69.44
69.44
69.42
69.41
69.40
69.42
69.39
69.41
69.39
69.38
69.42
69.42
69.39
69.39
69.41
69.42
69.39
69.40
69.41
69.41
69.42
69.45
69.43
69.46
69.45
69.47
69.46
69.49
69.54
69.55
69.56
69.56
69.55
69.57
69.57
69.58
69.59
69.60
69.58
69.57
69.57
69.58
69.60
69.62
69.60
69.61
69.59
69.61
69.60
69.58
69.58
69.60
69.60
69.60
69.61
69.63
69.63
69.65
69.66
69.66
69.65
69.62
69.64
69.62
69.62
69.62
69.65
69.65
69.66
69.64
69.65
69.65
69.63
69.64
69.66
69.65
69.65
69.63
69.62
69.61
69.60
69.61
69.61
69.63
69.62
69.60
69.61
69.62
69.64
69.64
69.65
69.65
69.65
69.63
69.62
69.60
69.59
69.58
69.58
69.59
69.57
69.57
69.57
69.58
69.59
69.62
69.64
69.63
69.64
69.65
69.65
69.67
69.68
69.69
69.67
69.69
69.70
69.72
69.74
69.73
69.72
69.69
69.67
69.67
69.67
69.66
69.67
69.65
69.67
69.67
69.68
69.69
69.70
69.70
69.70
69.71
69.72
69.69
69.67
69.68
69.66
69.66
69.68
69.69
69.69
69.67
69.67
69.68
69.69
69.69
69.71
69.70
69.71
69.72
69.73
69.72
69.71
69.70
69.70
69.71
69.70
69.72
69.67
69.65
69.66
69.66
69.67
69.68
69.66
69.66
69.65
69.65
69.68
69.69
69.70
69.70
69.71
69.71
69.71
69.72
69.71
69.72
69.71
69.71
69.69
69.71
69.69
69.70
69.71
69.72
69.73
69.71
69.68
69.69
69.67
69.66
69.65
69.65
69.65
69.65
69.64
69.64
69.63
69.65
69.62
69.59
69.59
69.58
69.56
69.56
69.55
69.55
69.56
69.55
69.55
69.54
69.55
69.54
69.53
69.56
69.55
69.55
69.56
69.55
69.54
69.52
69.54
69.54
69.54
69.53
69.55
69.54
69.53
69.55
69.56
69.56
69.57
69.55
69.56
69.57
69.58
69.58
69.57
69.60
69.61
69.63
69.63
69.64
69.63
69.62
69.63
69.61
69.62
69.63
69.64
69.63
69.63
69.63
69.64
69.64
69.63
69.62
69.63
69.64
69.64
69.64
69.65
69.63
69.62
69.63
69.64
69.64
69.65
69.65
69.67
69.66
69.66
69.67
69.68
69.67
69.65
69.65
69.64
69.65
69.64
69.65
69.65
69.66
69.65
69.64
69.63
69.64
69.64
69.64
69.64
69.64
69.65
69.65
69.67
69.66
69.66
69.68
69.69
69.69
69.69
69.69
69.69
69.66
69.66
69.66
69.67
69.67
69.67
69.65
69.63
69.63
69.64
69.63
69.61
69.63
69.64
69.63
69.64
69.64
69.64
69.66
69.66
69.66
69.66
69.67
69.65
69.65
69.66
69.69
69.68
69.68
69.66
69.67
69.66
69.67
69.65
69.66
69.65
69.66
69.66
69.65
69.64
69.63
69.64
69.65
69.65
69.64
69.64
69.62
69.61
69.60
69.60
69.60
69.60
69.62
69.60
69.60
69.58
69.58
69.59
69.59
69.60
69.60
69.60
69.60
69.61
69.62
69.62
69.64
69.63
69.63
69.62
69.62
69.60
69.59
69.61
69.62
69.62
69.61
69.62
69.63
69.62
69.63
69.62
69.62
69.61
69.60
69.63
69.63
69.62
69.62
69.60
69.60
69.59
69.59
69.58
69.58
69.60
69.59
69.60
69.59
69.58
69.59
69.59
69.60
69.60
69.60
69.61
69.61
69.59
69.59
69.59
69.60
69.59
69.58
69.58
69.59
69.59
69.59
69.60
69.59
69.59
69.58
69.57
69.57
69.56
69.55
69.56
69.56
69.57
69.56
69.57
69.57
69.58
69.58
69.58
69.57
69.54
69.54
69.54
69.54
69.54
69.54
69.54
69.53
69.55
69.54
69.54
69.53
69.55
69.54
69.54
69.55
69.54
69.54
69.55
69.55
69.54
69.56
69.56
69.55
69.55
69.53
69.53
69.54
69.54
69.53
69.53
69.53
69.53
69.55
69.54
69.55
69.54
69.54
69.54
69.53
69.53
69.53
69.53
69.53
69.53
69.52
69.52
69.52
69.50
69.44
