73.44
69.53
66.15
67.19
67.81
69.79
69.20
69.14
68.40
68.44
68.32
68.75
68.99
69.20
68.65
68.95
68.75
68.84
68.83
68.98
68.68
68.61
68.89
69.01
68.94
68.81
68.81
68.92
68.43
68.39
67.79
68.07
67.90
68.20
68.21
68.06
68.16
68.01
68.03
68.05
67.99
68.12
67.99
67.90
67.74
67.73
67.85
67.81
67.79
67.81
67.74
67.64
67.75
67.62
67.70
67.72
67.76
67.70
67.66
67.86
67.93
67.89
68.03
67.99
68.12
68.30
68.35
68.24
68.16
68.19
68.29
68.25
68.28
68.33
68.38
68.36
68.36
68.41
68.39
68.46
68.42
68.58
68.54
68.62
68.68
68.71
68.70
68.75
68.77
68.87
68.90
68.87
68.97
69.00
69.06
68.96
68.91
68.96
68.91
68.94
69.00
69.10
69.01
68.99
69.09
69.15
69.23
69.37
69.31
69.20
69.16
69.14
69.05
69.00
69.08
69.02
68.98
68.98
68.89
68.87
68.90
68.92
69.03
69.05
69.04
69.01
68.95
68.91
68.87
68.92
68.87
68.87
68.90
68.89
68.78
68.73
68.72
68.80
68.82
68.83
68.86
68.78
68.75
68.73
68.77
68.84
68.87
68.83
68.88
68.85
68.80
68.79
68.79
68.80
68.81
68.84
68.90
68.88
68.90
68.87
68.88
68.87
68.87
68.94
68.98
68.98
69.01
69.00
69.01
69.03
69.04
69.02
68.98
69.00
68.99
68.98
69.02
69.08
69.07
69.05
69.02
68.97
68.95
68.99
69.00
68.98
69.01
68.98
68.98
68.99
69.02
68.99
69.01
69.04
69.01
69.02
69.05
69.01
69.00
68.98
69.01
69.04
69.03
69.02
69.00
69.03
69.04
69.01
69.06
69.07
69.06
69.02
69.03
69.01
68.98
68.92
68.92
68.97
68.99
68.95
68.96
68.98
68.97
68.93
68.93
68.96
68.89
68.91
68.87
68.90
68.89
68.86
68.84
68.85
68.82
68.84
68.87
68.90
68.91
68.95
68.91
68.93
68.97
68.95
68.93
68.93
68.90
68.94
68.98
68.98
69.00
69.00
68.98
68.98
69.00
68.99
68.97
68.99
69.00
68.98
69.01
69.03
69.02
69.03
69.02
69.03
69.03
69.02
69.03
69.05
69.04
69.08
69.09
69.11
69.07
69.07
69.08
69.09
69.11
69.15
69.16
69.15
69.15
69.16
69.21
69.20
69.21
69.22
69.24
69.25
69.27
69.24
69.24
69.21
69.21
69.21
69.18
69.19
69.18
69.20
69.19
69.22
69.23
69.24
69.23
69.22
69.20
69.19
69.16
69.14
69.17
69.17
69.15
69.15
69.14
69.13
69.12
69.10
69.09
69.10
69.07
69.09
69.09
69.12
69.12
69.11
69.14
69.14
69.11
69.11
69.12
69.12
69.10
69.06
69.06
69.02
69.02
69.05
69.03
69.04
69.07
69.09
69.10
69.11
69.11
69.13
69.13
69.15
69.16
69.18
69.16
69.17
69.20
69.18
69.19
69.18
69.18
69.19
69.22
69.24
69.27
69.26
69.25
69.26
69.27
69.27
69.25
69.25
69.28
69.29
69.30
69.31
69.32
69.29
69.31
69.29
69.30
69.32
69.33
69.34
69.33
69.34
69.34
69.32
69.30
69.29
69.29
69.30
69.31
69.35
69.33
69.33
69.32
69.31
69.32
69.31
69.28
69.27
69.27
69.29
69.30
69.29
69.28
69.28
69.29
69.29
69.27
69.27
69.26
69.26
69.27
69.25
69.25
69.24
69.23
69.21
69.20
69.19
69.16
69.15
69.16
69.16
69.18
69.17
69.19
69.22
69.24
69.23
69.24
69.24
69.22
69.23
69.22
69.23
69.24
69.24
69.26
69.26
69.26
69.27
69.30
69.28
69.29
69.28
69.27
69.26
69.26
69.29
69.31
69.31
69.30
69.29
69.29
69.30
69.30
69.31
69.32
69.33
69.32
69.32
69.34
69.34
69.33
69.33
69.34
69.33
69.33
69.34
69.34
69.37
69.35
69.36
69.36
69.36
69.36
69.38
69.36
69.36
69.36
69.33
69.34
69.32
69.33
69.33
69.31
69.31
69.30
69.28
69.28
69.29
69.29
69.29
69.30
69.29
69.29
69.30
69.31
69.31
69.30
69.30
69.29
69.28
69.28
69.28
69.27
69.26
69.29
69.28
69.28
69.29
69.29
69.28
69.30
69.30
69.31
69.30
69.30
69.31
69.32
69.31
69.29
69.29
69.29
69.29
69.30
69.31
69.31
69.30
69.30
69.31
69.32
69.32
69.31
69.31
69.31
69.31
69.31
69.30
69.29
69.28
69.27
69.27
69.29
69.28
69.29
69.28
69.27
69.26
69.25
69.27
69.29
69.29
69.30
69.30
69.30
69.29
69.27
69.27
69.26
69.26
69.27
69.27
69.27
69.28
69.29
69.30
69.30
69.29
69.31
69.33
69.31
69.31
69.32
69.31
69.30
69.30
69.30
69.32
69.32
69.32
69.32
69.33
69.32
69.32
69.32
69.32
69.33
69.31
69.32
69.31
69.32
69.32
69.32
69.31
69.31
69.31
69.30
69.30
69.32
69.31
69.31
69.32
69.31
69.30
69.31
69.31
69.32
69.32
69.30
69.30
69.30
69.30
69.29
69.29
69.30
69.30
69.31
69.31
69.32
69.32
69.32
69.33
69.33
69.34
69.34
69.35
69.36
69.38
69.40
69.40
69.40
69.42
69.43
69.45
69.43
69.42
69.43
69.44
69.46
69.45
69.45
69.45
69.45
69.45
69.46
69.46
69.46
69.46
69.48
69.50
69.51
69.49
69.48
69.47
69.49
69.50
69.49
69.50
69.50
69.50
69.50
69.49
69.48
69.48
69.48
69.46
69.47
69.48
69.46
69.46
69.46
69.47
69.48
69.50
69.50
69.50
69.50
69.50
69.50
69.51
69.50
69.51
69.52
69.51
69.49
69.48
69.48
69.48
69.49
69.49
69.49
69.50
69.50
69.50
69.51
69.52
69.52
69.52
69.54
69.54
69.53
69.52
69.52
69.53
69.54
69.53
69.54
69.54
69.54
69.54
69.53
69.52
69.52
69.52
69.51
69.51
69.51
69.50
69.49
69.50
69.51
69.52
69.51
69.51
69.52
69.52
69.52
69.53
69.54
69.54
69.54
69.55
69.54
69.55
69.54
69.54
69.53
69.53
69.53
69.53
69.53
69.53
69.52
69.52
69.53
69.53
69.52
69.53
69.53
69.54
69.55
69.54
69.55
69.54
69.54
69.54
69.55
69.55
69.57
69.56
69.56
69.56
69.55
69.55
69.56
69.55
69.55
69.56
69.56
69.57
69.57
69.57
69.57
69.57
69.59
69.59
69.59
69.59
69.59
69.59
69.59
69.52
