67.19
67.19
68.23
66.80
67.19
66.15
66.29
66.99
67.36
67.19
67.61
67.97
68.15
67.86
67.60
67.48
67.65
68.23
68.34
68.28
67.71
68.25
68.48
68.29
68.50
68.45
68.87
68.58
68.53
68.70
68.50
68.41
68.47
68.38
68.21
68.19
68.37
68.26
68.27
68.44
68.52
68.53
68.60
68.71
68.92
68.92
68.92
69.01
68.97
68.94
68.90
68.90
68.96
69.01
69.15
69.34
69.24
69.32
69.36
69.32
69.29
69.25
69.30
69.21
69.11
69.18
69.26
69.23
69.38
69.29
69.32
69.44
69.48
69.34
69.40
69.28
69.24
69.13
69.15
69.00
69.04
69.13
69.07
69.08
69.06
69.20
69.20
69.25
69.26
69.25
69.28
69.43
69.44
69.40
69.42
69.34
69.38
69.36
69.40
69.44
69.34
69.42
69.39
69.34
69.40
69.40
69.33
69.37
69.24
69.20
69.23
69.29
69.28
69.33
69.35
69.34
69.38
69.28
69.34
69.38
69.38
69.39
69.45
69.51
69.45
69.43
69.41
69.42
69.44
69.54
69.60
69.54
69.50
69.52
69.59
69.47
69.51
69.55
69.58
69.62
69.67
69.78
69.78
69.75
69.69
69.68
69.66
69.64
69.65
69.71
69.77
69.77
69.70
69.69
69.73
69.78
69.79
69.73
69.76
69.70
69.73
69.80
69.78
69.79
69.77
69.73
69.71
69.71
69.75
69.70
69.68
69.69
69.73
69.74
69.69
69.73
69.71
69.69
69.72
69.73
69.69
69.69
69.70
69.68
69.66
69.64
69.67
69.69
69.63
69.65
69.66
69.69
69.65
69.71
69.70
69.66
69.69
69.67
69.66
69.65
69.67
69.69
69.72
69.72
69.73
69.71
69.65
69.61
69.61
69.61
69.62
69.65
69.67
69.67
69.69
69.70
69.70
69.68
69.68
69.68
69.68
69.68
69.68
69.73
69.74
69.73
69.66
69.59
69.57
69.56
69.55
69.55
69.57
69.56
69.61
69.58
69.55
69.52
69.51
69.52
69.51
69.52
69.54
69.56
69.55
69.55
69.52
69.50
69.52
69.51
69.47
69.48
69.47
69.49
69.49
69.48
69.46
69.42
69.41
69.39
69.38
69.39
69.39
69.38
69.42
69.41
69.40
69.36
69.34
69.31
69.28
69.31
69.32
69.30
69.24
69.24
69.24
69.24
69.25
69.26
69.25
69.25
69.26
69.26
69.22
69.17
69.17
69.18
69.18
69.22
69.23
69.24
69.19
69.20
69.19
69.16
69.18
69.16
69.17
69.18
69.20
69.21
69.19
69.20
69.19
69.18
69.17
69.20
69.21
69.22
69.24
69.23
69.21
69.21
69.21
69.22
69.22
69.23
69.25
69.27
69.27
69.27
69.28
69.26
69.24
69.25
69.26
69.24
69.23
69.23
69.21
69.22
69.21
69.21
69.23
69.23
69.22
69.18
69.17
69.20
69.19
69.20
69.18
69.20
69.21
69.19
69.20
69.20
69.18
69.19
69.20
69.17
69.15
69.17
69.15
69.13
69.13
69.13
69.12
69.12
69.12
69.10
69.12
69.14
69.14
69.15
69.13
69.13
69.12
69.14
69.15
69.16
69.17
69.20
69.20
69.23
69.20
69.20
69.21
69.21
69.20
69.17
69.15
69.16
69.18
69.19
69.19
69.18
69.20
69.19
69.20
69.21
69.20
69.22
69.20
69.22
69.25
69.26
69.26
69.25
69.24
69.25
69.25
69.25
69.25
69.24
69.24
69.24
69.24
69.23
69.21
69.19
69.22
69.20
69.20
69.23
69.20
69.19
69.18
69.16
69.15
69.14
69.12
69.13
69.14
69.14
69.15
69.15
69.15
69.13
69.12
69.12
69.13
69.14
69.16
69.15
69.13
69.11
69.11
69.11
69.11
69.11
69.12
69.13
69.13
69.15
69.17
69.16
69.15
69.14
69.13
69.14
69.14
69.13
69.12
69.13
69.11
69.11
69.12
69.13
69.14
69.15
69.15
69.16
69.18
69.20
69.18
69.19
69.19
69.19
69.18
69.18
69.16
69.18
69.18
69.20
69.21
69.19
69.18
69.20
69.20
69.20
69.18
69.21
69.19
69.22
69.21
69.22
69.25
69.25
69.26
69.25
69.24
69.25
69.26
69.25
69.24
69.25
69.24
69.23
69.24
69.24
69.23
69.21
69.20
69.21
69.18
69.18
69.18
69.17
69.19
69.21
69.20
69.22
69.22
69.23
69.24
69.25
69.26
69.27
69.28
69.27
69.27
69.27
69.28
69.29
69.30
69.29
69.30
69.27
69.29
69.29
69.30
69.26
69.25
69.24
69.24
69.23
69.22
69.24
69.24
69.24
69.25
69.26
69.26
69.25
69.26
69.25
69.25
69.26
69.27
69.26
69.25
69.24
69.25
69.25
69.27
69.27
69.25
69.25
69.25
69.24
69.25
69.24
69.25
69.25
69.24
69.22
69.21
69.21
69.21
69.20
69.21
69.22
69.22
69.22
69.21
69.21
69.22
69.22
69.21
69.21
69.22
69.22
69.23
69.23
69.25
69.25
69.24
69.24
69.24
69.24
69.23
69.24
69.24
69.24
69.24
69.24
69.25
69.25
69.24
69.23
69.22
69.23
69.25
69.26
69.26
69.25
69.26
69.26
69.25
69.27
69.26
69.26
69.25
69.24
69.24
69.24
69.25
69.26
69.27
69.26
69.27
69.28
69.30
69.29
69.28
69.27
69.26
69.26
69.26
69.25
69.27
69.27
69.28
69.29
69.29
69.30
69.30
69.30
69.31
69.30
69.30
69.30
69.30
69.31
69.31
69.31
69.30
69.29
69.30
69.30
69.31
69.31
69.32
69.31
69.32
69.32
69.33
69.33
69.34
69.35
69.35
69.35
69.35
69.34
69.35
69.35
69.34
69.35
69.36
69.35
69.34
69.34
69.34
69.34
69.34
69.35
69.35
69.35
69.33
69.33
69.33
69.32
69.32
69.31
69.33
69.32
69.30
69.31
69.31
69.31
69.31
69.31
69.31
69.31
69.31
69.29
69.30
69.29
69.28
69.29
69.30
69.30
69.31
69.30
69.31
69.30
69.29
69.29
69.28
69.28
69.28
69.28
69.28
69.28
69.28
69.28
69.27
69.28
69.30
69.30
69.30
69.31
69.31
69.30
69.30
69.31
69.31
69.30
69.30
69.30
69.30
69.30
69.30
69.30
69.30
69.30
69.31
69.31
69.30
69.30
69.30
69.30
69.31
69.31
69.31
69.31
69.30
69.31
69.31
69.31
69.31
69.32
69.32
69.31
69.31
69.31
69.32
69.32
69.33
69.33
69.34
69.34
69.34
69.34
69.35
69.35
69.35
69.36
69.37
69.36
69.35
69.33
69.34
69.34
69.33
69.33
69.34
69.35
69.36
69.30
