70.31
75.78
74.48
75.78
73.75
74.22
72.99
73.05
72.57
72.81
73.44
72.40
71.63
72.10
71.88
71.88
71.60
71.70
71.55
71.80
72.10
71.52
71.81
72.01
72.38
72.42
72.11
71.71
71.77
71.46
71.27
71.09
71.07
71.14
70.80
71.18
71.07
70.81
70.63
70.70
70.73
70.87
70.89
70.88
70.66
70.86
70.84
70.96
70.92
70.91
70.86
70.76
70.84
70.89
70.80
70.73
70.78
71.01
71.05
71.12
71.16
71.14
71.03
71.02
70.89
70.76
70.87
70.86
70.92
70.87
70.86
70.94
70.89
70.80
70.81
70.83
70.82
70.89
70.93
70.84
70.81
70.83
70.78
70.80
70.90
70.82
70.80
70.74
70.61
70.66
70.64
70.67
70.63
70.69
70.77
70.72
70.81
70.79
70.77
70.77
70.79
70.76
70.75
70.75
70.76
70.73
70.71
70.75
70.69
70.67
70.66
70.66
70.64
70.59
70.53
70.46
70.41
70.39
70.42
70.36
70.29
70.31
70.38
70.38
70.41
70.45
70.50
70.54
70.54
70.65
70.69
70.76
70.75
70.71
70.72
70.66
70.61
70.57
70.57
70.64
70.63
70.63
70.54
70.56
70.64
70.65
70.65
70.65
70.66
70.56
70.53
70.55
70.52
70.46
70.47
70.42
70.42
70.42
70.39
70.39
70.35
70.41
70.45
70.46
70.46
70.43
70.38
70.41
70.38
70.36
70.37
70.34
70.38
70.30
70.35
70.32
70.39
70.40
70.43
70.43
70.43
70.47
70.40
70.39
70.40
70.38
70.43
70.44
70.44
70.41
70.39
70.37
70.32
70.33
70.34
70.37
70.34
70.30
70.29
70.28
70.26
70.27
70.22
70.23
70.25
70.27
70.24
70.24
70.28
70.26
70.26
70.31
70.31
70.30
70.29
70.31
70.31
70.32
70.26
70.23
70.21
70.20
70.22
70.19
70.17
70.13
70.14
70.13
70.10
70.14
70.17
70.14
70.15
70.18
70.22
70.21
70.20
70.25
70.19
70.14
70.15
70.14
70.13
70.15
70.13
70.12
70.11
70.12
70.13
70.14
70.15
70.20
70.16
70.18
70.21
70.22
70.25
70.23
70.18
70.14
70.14
70.16
70.17
70.15
70.15
70.14
70.14
70.14
70.14
70.12
70.10
70.08
70.10
70.11
70.14
70.13
70.14
70.16
70.16
70.18
70.18
70.22
70.20
70.19
70.20
70.21
70.22
70.24
70.26
70.27
70.25
70.24
70.21
70.21
70.20
70.21
70.20
70.19
70.20
70.20
70.19
70.19
70.21
70.20
70.22
70.22
70.22
70.25
70.26
70.23
70.20
70.19
70.21
70.19
70.17
70.15
70.15
70.17
70.19
70.19
70.20
70.14
70.18
70.15
70.16
70.18
70.19
70.17
70.19
70.18
70.17
70.21
70.24
70.21
70.24
70.24
70.24
70.23
70.24
70.23
70.22
70.21
70.22
70.23
70.24
70.26
70.27
70.26
70.25
70.25
70.27
70.28
70.27
70.28
70.30
70.30
70.30
70.30
70.30
70.33
70.31
70.33
70.32
70.33
70.34
70.36
70.35
70.34
70.33
70.31
70.33
70.31
70.33
70.34
70.33
70.34
70.30
70.26
70.28
70.28
70.26
70.27
70.27
70.31
70.33
70.32
70.34
70.33
70.32
70.34
70.34
70.32
70.30
70.29
70.28
70.29
70.29
70.30
70.29
70.30
70.29
70.27
70.27
70.26
70.25
70.25
70.27
70.26
70.25
70.26
70.27
70.26
70.26
70.24
70.26
70.24
70.24
70.27
70.25
70.24
70.24
70.22
70.21
70.20
70.21
70.21
70.21
70.21
70.22
70.23
70.22
70.22
70.23
70.22
70.23
70.24
70.26
70.26
70.26
70.26
70.28
70.27
70.27
70.26
70.25
70.26
70.25
70.24
70.24
70.24
70.24
70.24
70.24
70.25
70.25
70.25
70.23
70.22
70.21
70.20
70.20
70.19
70.19
70.20
70.19
70.17
70.15
70.15
70.15
70.12
70.10
70.10
70.10
70.10
70.11
70.12
70.11
70.13
70.11
70.12
70.12
70.12
70.15
70.15
70.15
70.14
70.12
70.12
70.11
70.11
70.12
70.12
70.11
70.11
70.11
70.12
70.12
70.11
70.12
70.11
70.12
70.12
70.10
70.10
70.09
70.08
70.09
70.09
70.09
70.09
70.10
70.13
70.14
70.13
70.12
70.13
70.15
70.15
70.14
70.14
70.12
70.12
70.12
70.11
70.13
70.12
70.13
70.14
70.14
70.16
70.16
70.15
70.17
70.20
70.21
70.23
70.19
70.19
70.18
70.16
70.18
70.19
70.19
70.21
70.20
70.20
70.20
70.18
70.18
70.16
70.17
70.17
70.17
70.17
70.17
70.16
70.16
70.15
70.15
70.13
70.13
70.13
70.11
70.10
70.12
70.13
70.12
70.13
70.12
70.12
70.12
70.12
70.11
70.13
70.13
70.13
70.12
70.12
70.12
70.13
70.13
70.11
70.11
70.10
70.09
70.08
70.07
70.08
70.07
70.06
70.05
70.05
70.04
70.03
70.01
70.01
70.02
70.03
70.03
70.02
70.01
70.02
70.01
70.00
70.02
70.00
69.99
69.97
69.97
69.96
69.95
69.96
69.95
69.94
69.94
69.93
69.92
69.92
69.93
69.92
69.91
69.92
69.91
69.91
69.90
69.90
69.91
69.90
69.88
69.87
69.86
69.86
69.85
69.83
69.83
69.83
69.83
69.82
69.82
69.83
69.81
69.80
69.80
69.81
69.80
69.78
69.79
69.80
69.78
69.78
69.79
69.78
69.78
69.78
69.78
69.78
69.77
69.77
69.77
69.76
69.75
69.76
69.76
69.75
69.74
69.75
69.75
69.75
69.75
69.73
69.74
69.74
69.74
69.74
69.74
69.73
69.73
69.73
69.72
69.72
69.73
69.72
69.74
69.73
69.71
69.71
69.71
69.71
69.72
69.73
69.73
69.73
69.74
69.75
69.77
69.77
69.77
69.77
69.77
69.77
69.76
69.76
69.75
69.75
69.75
69.75
69.74
69.74
69.74
69.74
69.74
69.73
69.74
69.75
69.75
69.76
69.76
69.74
69.75
69.75
69.75
69.75
69.75
69.74
69.73
69.74
69.73
69.74
69.74
69.73
69.73
69.74
69.73
69.73
69.72
69.74
69.73
69.73
69.74
69.74
69.72
69.74
69.74
69.75
69.75
69.74
69.74
69.74
69.73
69.74
69.75
69.74
69.73
69.73
69.73
69.73
69.73
69.73
69.73
69.75
69.75
69.75
69.74
69.74
69.73
69.74
69.74
69.75
69.76
69.76
69.76
69.76
69.76
69.75
69.75
69.75
69.75
69.75
69.75
69.75
69.75
69.69
