78.12
69.53
66.67
68.75
69.06
68.75
69.42
68.55
68.06
68.59
68.47
68.23
68.75
68.97
68.54
68.07
68.11
68.06
68.26
67.66
67.49
67.83
67.93
68.29
68.38
68.27
68.17
67.80
67.56
67.60
67.84
67.58
67.71
67.88
68.08
68.10
67.91
67.93
67.95
68.12
68.25
68.30
68.46
68.50
68.58
68.41
68.25
68.33
68.43
68.38
68.38
68.36
68.28
68.52
68.69
68.69
68.78
68.78
68.86
68.78
68.67
68.70
68.68
68.85
68.92
68.96
69.03
69.09
69.27
69.33
69.45
69.49
69.58
69.59
69.48
69.61
69.70
69.87
69.92
69.98
70.04
70.03
70.01
70.00
69.98
69.97
69.99
70.13
70.12
70.12
70.11
70.11
70.01
69.93
69.79
69.92
69.97
69.98
69.92
69.92
69.94
70.01
69.92
69.95
69.99
70.06
70.01
69.99
69.90
69.90
69.93
69.98
69.97
69.96
69.96
69.98
69.98
69.99
70.08
70.10
70.12
70.04
70.01
70.04
69.89
69.84
69.78
69.79
69.74
69.82
69.92
69.96
69.89
69.82
69.87
69.81
69.78
69.75
69.71
69.77
69.80
69.83
69.78
69.76
69.73
69.70
69.63
69.64
69.65
69.67
69.71
69.75
69.71
69.72
69.74
69.77
69.79
69.74
69.75
69.73
69.74
69.73
69.79
69.76
69.83
69.83
69.79
69.77
69.76
69.79
69.79
69.80
69.80
69.69
69.65
69.66
69.65
69.66
69.68
69.64
69.65
69.61
69.59
69.57
69.56
69.58
69.58
69.56
69.60
69.64
69.59
69.54
69.54
69.59
69.58
69.56
69.56
69.49
69.51
69.48
69.47
69.45
69.50
69.52
69.50
69.44
69.49
69.57
69.53
69.53
69.55
69.52
69.50
69.52
69.51
69.53
69.59
69.59
69.57
69.57
69.59
69.61
69.61
69.59
69.56
69.53
69.53
69.57
69.58
69.59
69.57
69.56
69.59
69.56
69.57
69.52
69.54
69.54
69.54
69.54
69.57
69.57
69.55
69.55
69.57
69.58
69.58
69.59
69.62
69.58
69.55
69.57
69.58
69.57
69.55
69.57
69.60
69.62
69.63
69.62
69.65
69.64
69.59
69.57
69.58
69.62
69.65
69.61
69.62
69.61
69.60
69.60
69.59
69.59
69.61
69.60
69.60
69.62
69.62
69.61
69.63
69.63
69.63
69.66
69.63
69.62
69.62
69.63
69.59
69.61
69.62
69.61
69.64
69.62
69.63
69.63
69.64
69.63
69.61
69.60
69.61
69.60
69.59
69.63
69.62
69.63
69.65
69.64
69.63
69.67
69.69
69.71
69.69
69.71
69.72
69.73
69.73
69.72
69.71
69.72
69.72
69.74
69.73
69.75
69.73
69.74
69.74
69.73
69.71
69.70
69.68
69.72
69.73
69.76
69.74
69.72
69.68
69.70
69.71
69.73
69.73
69.72
69.72
69.75
69.75
69.76
69.75
69.75
69.75
69.75
69.74
69.73
69.73
69.75
69.74
69.74
69.70
69.68
69.68
69.69
69.70
69.70
69.74
69.70
69.71
69.71
69.71
69.71
69.69
69.69
69.68
69.69
69.69
69.69
69.70
69.70
69.70
69.70
69.68
69.68
69.68
69.70
69.68
69.69
69.71
69.71
69.69
69.71
69.71
69.68
69.65
69.69
69.71
69.71
69.72
69.71
69.74
69.72
69.71
69.71
69.72
69.71
69.71
69.71
69.72
69.71
69.69
69.70
69.71
69.71
69.71
69.70
69.71
69.72
69.73
69.73
69.72
69.74
69.75
69.76
69.78
69.79
69.78
69.79
69.81
69.83
69.82
69.82
69.82
69.83
69.81
69.80
69.80
69.80
69.81
69.83
69.84
69.82
69.81
69.80
69.82
69.79
69.80
69.81
69.80
69.79
69.79
69.79
69.79
69.80
69.79
69.78
69.80
69.78
69.78
69.77
69.77
69.74
69.74
69.73
69.73
69.75
69.75
69.76
69.78
69.77
69.75
69.75
69.75
69.73
69.73
69.73
69.70
69.74
69.73
69.73
69.74
69.72
69.71
69.71
69.71
69.72
69.70
69.69
69.68
69.68
69.66
69.64
69.66
69.68
69.70
69.70
69.70
69.70
69.70
69.71
69.72
69.73
69.73
69.72
69.73
69.73
69.72
69.71
69.70
69.71
69.72
69.68
69.66
69.66
69.66
69.65
69.65
69.64
69.65
69.65
69.65
69.65
69.64
69.65
69.66
69.66
69.66
69.66
69.67
69.66
69.66
69.68
69.65
69.65
69.64
69.65
69.64
69.64
69.65
69.64
69.65
69.63
69.62
69.62
69.62
69.61
69.61
69.62
69.63
69.63
69.63
69.63
69.63
69.64
69.66
69.69
69.69
69.71
69.69
69.70
69.71
69.72
69.73
69.73
69.72
69.70
69.70
69.70
69.70
69.68
69.68
69.69
69.70
69.68
69.69
69.69
69.67
69.67
69.67
69.70
69.70
69.70
69.72
69.73
69.73
69.74
69.73
69.72
69.70
69.70
69.69
69.69
69.69
69.68
69.68
69.69
69.68
69.68
69.68
69.67
69.68
69.69
69.68
69.67
69.65
69.65
69.66
69.67
69.67
69.68
69.70
69.69
69.69
69.70
69.72
69.72
69.72
69.73
69.72
69.72
69.71
69.70
69.72
69.72
69.72
69.73
69.74
69.74
69.75
69.74
69.74
69.74
69.73
69.74
69.74
69.74
69.74
69.75
69.73
69.74
69.75
69.75
69.75
69.76
69.76
69.77
69.78
69.77
69.77
69.77
69.76
69.75
69.76
69.76
69.76
69.77
69.76
69.77
69.77
69.76
69.76
69.76
69.77
69.77
69.77
69.77
69.78
69.77
69.76
69.77
69.78
69.76
69.77
69.75
69.75
69.74
69.74
69.73
69.74
69.75
69.74
69.73
69.74
69.72
69.72
69.72
69.73
69.72
69.72
69.72
69.73
69.73
69.73
69.74
69.74
69.74
69.74
69.73
69.73
69.74
69.74
69.74
69.75
69.75
69.75
69.76
69.76
69.76
69.75
69.76
69.75
69.75
69.75
69.75
69.75
69.74
69.73
69.74
69.73
69.74
69.72
69.72
69.72
69.72
69.73
69.71
69.71
69.70
69.71
69.70
69.71
69.72
69.72
69.72
69.72
69.72
69.71
69.71
69.71
69.71
69.70
69.71
69.72
69.73
69.73
69.73
69.73
69.75
69.76
69.76
69.76
69.76
69.75
69.75
69.75
69.76
69.76
69.75
69.74
69.74
69.73
69.74
69.74
69.76
69.75
69.76
69.76
69.76
69.75
69.74
69.75
69.75
69.74
69.75
69.75
69.75
69.74
69.74
69.74
69.74
69.76
69.76
69.75
69.76
69.77
69.70
