79.69
69.53
69.79
69.92
70.00
70.31
69.64
69.14
69.62
70.47
70.17
70.31
71.03
70.87
70.21
69.82
69.85
69.62
69.74
69.61
70.01
69.82
69.84
69.66
69.31
69.65
69.97
70.03
70.47
70.42
70.67
70.41
70.45
70.59
70.71
70.79
70.99
70.81
70.95
70.86
70.85
70.80
70.78
70.74
70.90
70.92
71.08
70.96
70.92
70.97
71.08
71.12
71.20
71.21
71.28
71.37
71.27
70.99
70.90
70.91
70.85
70.87
70.81
71.02
71.11
71.19
71.32
71.32
71.22
71.23
71.19
71.18
71.17
71.09
71.04
71.03
71.08
71.03
70.93
70.92
70.85
70.83
70.82
70.78
70.83
70.77
70.71
70.65
70.65
70.68
70.67
70.55
70.55
70.56
70.48
70.46
70.43
70.54
70.55
70.50
70.42
70.40
70.45
70.42
70.37
70.25
70.21
70.08
70.11
70.09
70.10
70.12
70.16
70.19
70.22
70.27
70.27
70.30
70.30
70.34
70.27
70.27
70.34
70.33
70.35
70.32
70.30
70.31
70.28
70.23
70.18
70.22
70.17
70.16
70.13
70.09
70.05
70.15
70.17
70.15
70.11
70.16
70.14
70.14
70.08
70.13
70.09
70.06
70.08
70.09
70.04
70.07
70.09
70.12
70.13
70.12
70.13
70.18
70.18
70.14
70.12
70.07
70.02
70.03
70.05
70.01
70.00
70.05
70.04
69.99
70.04
70.06
70.06
69.99
69.99
69.98
69.88
69.86
69.86
69.90
69.92
69.89
69.87
69.82
69.80
69.82
69.83
69.88
69.91
69.93
69.88
69.88
69.86
69.84
69.81
69.75
69.73
69.77
69.72
69.73
69.71
69.70
69.72
69.78
69.79
69.81
69.84
69.84
69.85
69.85
69.82
69.86
69.81
69.84
69.80
69.86
69.86
69.82
69.77
69.79
69.78
69.74
69.74
69.71
69.72
69.69
69.70
69.68
69.68
69.68
69.70
69.69
69.70
69.71
69.72
69.74
69.75
69.72
69.63
69.59
69.60
69.63
69.62
69.61
69.60
69.63
69.62
69.59
69.58
69.58
69.58
69.58
69.58
69.54
69.52
69.54
69.50
69.48
69.50
69.51
69.49
69.49
69.49
69.53
69.51
69.51
69.50
69.50
69.50
69.50
69.50
69.40
69.43
69.46
69.47
69.46
69.48
69.48
69.46
69.49
69.49
69.48
69.46
69.46
69.44
69.43
69.44
69.44
69.49
69.47
69.45
69.45
69.45
69.47
69.43
69.45
69.48
69.47
69.48
69.44
69.45
69.44
69.45
69.46
69.43
69.44
69.45
69.42
69.44
69.46
69.49
69.47
69.48
69.49
69.49
69.46
69.46
69.46
69.44
69.47
69.47
69.46
69.47
69.50
69.48
69.44
69.42
69.46
69.48
69.49
69.50
69.48
69.44
69.42
69.43
69.42
69.41
69.42
69.45
69.44
69.44
69.44
69.43
69.39
69.38
69.39
69.40
69.38
69.39
69.40
69.43
69.45
69.44
69.45
69.45
69.43
69.43
69.39
69.42
69.43
69.45
69.45
69.47
69.49
69.49
69.48
69.46
69.44
69.43
69.43
69.44
69.46
69.47
69.47
69.49
69.49
69.49
69.47
69.49
69.49
69.48
69.50
69.51
69.49
69.48
69.49
69.48
69.50
69.52
69.51
69.50
69.46
69.47
69.46
69.47
69.50
69.47
69.48
69.47
69.50
69.52
69.54
69.53
69.53
69.53
69.55
69.54
69.54
69.55
69.56
69.56
69.55
69.56
69.56
69.57
69.59
69.57
69.55
69.57
69.56
69.56
69.56
69.57
69.57
69.57
69.58
69.58
69.58
69.58
69.59
69.60
69.60
69.60
69.62
69.63
69.66
69.64
69.64
69.63
69.61
69.60
69.61
69.62
69.62
69.62
69.62
69.62
69.61
69.61
69.60
69.60
69.58
69.61
69.61
69.61
69.62
69.62
69.62
69.58
69.60
69.60
69.60
69.60
69.62
69.60
69.60
69.62
69.61
69.62
69.61
69.60
69.63
69.62
69.63
69.62
69.62
69.63
69.62
69.62
69.59
69.58
69.58
69.56
69.54
69.54
69.56
69.56
69.55
69.56
69.53
69.52
69.53
69.53
69.52
69.54
69.54
69.55
69.54
69.54
69.52
69.52
69.50
69.52
69.52
69.53
69.55
69.56
69.57
69.57
69.59
69.58
69.58
69.58
69.59
69.57
69.57
69.58
69.59
69.58
69.59
69.60
69.61
69.63
69.64
69.63
69.64
69.65
69.64
69.64
69.64
69.67
69.67
69.67
69.67
69.68
69.68
69.68
69.68
69.70
69.69
69.68
69.66
69.66
69.66
69.65
69.67
69.67
69.69
69.68
69.68
69.69
69.69
69.71
69.71
69.69
69.69
69.69
69.67
69.67
69.68
69.69
69.68
69.68
69.70
69.69
69.70
69.70
69.70
69.70
69.70
69.70
69.70
69.72
69.70
69.72
69.73
69.74
69.74
69.74
69.73
69.73
69.74
69.73
69.74
69.76
69.75
69.76
69.75
69.74
69.75
69.74
69.76
69.77
69.79
69.79
69.80
69.80
69.81
69.80
69.78
69.77
69.75
69.76
69.77
69.79
69.79
69.79
69.80
69.81
69.81
69.80
69.80
69.80
69.80
69.80
69.79
69.79
69.80
69.78
69.77
69.75
69.75
69.75
69.75
69.74
69.74
69.75
69.74
69.73
69.71
69.71
69.71
69.71
69.70
69.70
69.70
69.69
69.70
69.69
69.69
69.70
69.68
69.69
69.69
69.68
69.68
69.68
69.69
69.69
69.69
69.69
69.69
69.69
69.69
69.70
69.71
69.71
69.71
69.71
69.72
69.72
69.73
69.72
69.72
69.71
69.70
69.70
69.70
69.69
69.69
69.70
69.71
69.72
69.72
69.72
69.73
69.72
69.73
69.72
69.72
69.73
69.72
69.73
69.72
69.73
69.73
69.74
69.74
69.75
69.76
69.76
69.77
69.78
69.77
69.77
69.76
69.77
69.77
69.77
69.77
69.78
69.79
69.79
69.78
69.79
69.79
69.80
69.80
69.81
69.80
69.79
69.79
69.79
69.79
69.79
69.80
69.81
69.81
69.79
69.79
69.80
69.78
69.79
69.81
69.80
69.80
69.81
69.83
69.83
69.84
69.82
69.82
69.81
69.81
69.81
69.82
69.82
69.81
69.81
69.83
69.83
69.83
69.84
69.83
69.84
69.84
69.84
69.84
69.84
69.82
69.82
69.81
69.81
69.81
69.81
69.82
69.83
69.83
69.83
69.82
69.84
69.83
69.82
69.82
69.81
69.79
69.79
69.78
69.77
69.77
69.79
69.79
69.78
69.77
69.76
69.76
69.77
69.76
69.77
69.77
69.76
69.69
