60.94
67.97
68.23
68.75
69.69
69.79
70.98
70.31
70.49
69.22
69.60
69.53
69.59
69.31
68.85
69.24
69.12
69.27
69.24
68.91
69.12
69.03
68.75
69.14
68.94
69.11
69.50
69.92
69.29
69.58
69.51
69.82
69.70
69.72
69.60
69.49
69.68
69.78
69.71
69.61
69.51
69.42
69.62
69.60
69.65
69.57
69.58
69.66
69.64
69.69
69.79
69.68
69.52
69.68
69.52
69.59
69.57
69.69
69.78
69.84
69.85
69.83
69.79
69.80
69.62
69.63
69.64
69.62
69.61
69.64
69.67
69.57
69.65
69.68
69.58
69.41
69.36
69.43
69.40
69.30
69.29
69.26
69.16
69.12
69.26
69.30
69.34
69.25
69.17
69.11
69.16
69.09
69.15
69.20
69.13
69.12
69.18
69.15
69.26
69.30
69.21
69.24
69.19
69.28
69.23
69.12
69.16
69.23
69.25
69.26
69.28
69.32
69.37
69.24
69.25
69.29
69.28
69.28
69.29
69.28
69.31
69.34
69.36
69.37
69.36
69.42
69.37
69.41
69.38
69.39
69.41
69.37
69.40
69.52
69.54
69.54
69.53
69.49
69.49
69.43
69.45
69.44
69.43
69.41
69.43
69.42
69.39
69.44
69.47
69.53
69.58
69.58
69.64
69.62
69.69
69.70
69.77
69.76
69.78
69.79
69.79
69.85
69.90
69.90
69.94
69.94
69.91
69.90
69.91
69.84
69.86
69.87
69.88
69.87
69.91
69.90
69.92
69.87
69.88
69.89
69.89
69.85
69.88
69.90
69.89
69.93
69.94
69.96
69.91
69.88
69.90
69.87
69.92
69.96
69.97
69.95
69.97
69.94
69.97
69.99
69.95
69.88
69.89
69.90
69.92
69.93
69.93
69.91
69.95
69.98
69.98
69.95
69.95
69.97
69.99
69.97
70.00
70.01
70.03
69.98
69.96
69.97
69.98
70.01
70.03
70.05
70.07
70.02
70.03
70.05
70.08
70.06
70.08
70.11
70.10
70.10
70.09
70.08
70.10
70.08
70.08
70.08
70.09
70.09
70.05
70.07
70.08
70.10
70.14
70.11
70.07
70.09
70.07
70.04
70.06
70.06
70.07
70.08
70.08
70.08
70.09
70.04
70.06
70.07
70.09
70.07
70.08
70.09
70.11
70.10
70.11
70.11
70.12
70.15
70.18
70.20
70.16
70.12
70.07
70.07
70.06
70.05
70.03
70.01
70.00
69.99
70.01
70.02
70.04
70.06
70.07
70.11
70.09
70.09
70.08
70.09
70.09
70.07
70.09
70.09
70.06
70.06
70.05
70.09
70.07
70.09
70.10
70.11
70.09
70.08
70.08
70.12
70.13
70.12
70.10
70.10
70.12
70.14
70.13
70.13
70.12
70.11
70.12
70.13
70.13
70.13
70.14
70.11
70.12
70.09
70.06
70.06
70.05
70.03
70.05
70.04
70.03
70.02
70.04
70.04
70.04
70.03
70.03
70.04
70.05
70.05
70.04
70.04
70.03
70.03
70.01
70.01
70.00
70.02
70.03
69.99
70.00
70.01
69.99
70.00
69.99
69.99
70.00
70.01
70.03
70.03
70.07
70.06
70.08
70.07
70.04
70.04
70.03
70.03
70.01
70.00
69.99
69.98
69.97
69.99
69.97
69.96
69.97
69.95
69.97
69.99
70.00
70.02
70.03
70.05
70.05
70.07
70.07
70.03
70.01
70.02
70.00
70.02
70.02
70.00
70.00
70.00
69.99
70.01
70.01
70.00
69.99
70.01
69.99
69.98
69.98
69.98
70.00
70.00
69.99
69.99
70.00
70.01
70.00
69.99
69.99
69.98
69.99
69.98
70.00
70.01
70.00
69.97
69.97
69.94
69.94
69.92
69.93
69.93
69.92
69.92
69.93
69.92
69.91
69.92
69.92
69.91
69.91
69.89
69.89
69.88
69.88
69.87
69.86
69.87
69.89
69.88
69.88
69.87
69.87
69.88
69.89
69.90
69.89
69.88
69.90
69.89
69.90
69.88
69.90
69.91
69.93
69.93
69.93
69.92
69.91
69.92
69.92
69.91
69.93
69.93
69.93
69.93
69.94
69.95
69.94
69.92
69.92
69.93
69.93
69.92
69.92
69.91
69.93
69.93
69.92
69.92
69.92
69.91
69.91
69.92
69.92
69.91
69.91
69.92
69.92
69.92
69.92
69.94
69.95
69.95
69.95
69.96
69.96
69.96
69.98
69.98
69.98
69.99
70.00
70.00
70.00
69.99
69.99
69.97
69.98
69.99
69.98
70.00
69.99
69.99
70.00
69.99
69.98
69.98
69.99
69.97
69.95
69.94
69.94
69.93
69.93
69.94
69.93
69.92
69.91
69.91
69.90
69.91
69.90
69.89
69.89
69.87
69.88
69.86
69.87
69.89
69.89
69.87
69.87
69.85
69.84
69.84
69.83
69.82
69.80
69.79
69.80
69.80
69.79
69.79
69.78
69.77
69.77
69.78
69.77
69.77
69.75
69.77
69.76
69.76
69.76
69.76
69.75
69.73
69.75
69.75
69.75
69.74
69.73
69.72
69.71
69.72
69.70
69.69
69.70
69.71
69.71
69.71
69.72
69.71
69.69
69.69
69.69
69.69
69.68
69.67
69.67
69.67
69.67
69.67
69.65
69.64
69.65
69.64
69.64
69.65
69.64
69.65
69.65
69.65
69.64
69.65
69.65
69.64
69.63
69.64
69.66
69.66
69.66
69.67
69.67
69.68
69.68
69.67
69.69
69.69
69.70
69.70
69.70
69.69
69.69
69.70
69.69
69.69
69.70
69.70
69.71
69.71
69.70
69.70
69.69
69.70
69.70
69.68
69.68
69.68
69.69
69.69
69.70
69.71
69.70
69.72
69.72
69.72
69.71
69.72
69.71
69.70
69.70
69.70
69.71
69.72
69.72
69.72
69.72
69.70
69.69
69.69
69.69
69.69
69.69
69.70
69.68
69.67
69.66
69.65
69.64
69.65
69.64
69.64
69.63
69.63
69.65
69.67
69.66
69.66
69.67
69.66
69.65
69.66
69.65
69.64
69.63
69.63
69.63
69.64
69.64
69.65
69.65
69.64
69.65
69.66
69.66
69.66
69.67
69.68
69.67
69.67
69.68
69.68
69.69
69.69
69.69
69.70
69.71
69.70
69.69
69.70
69.70
69.70
69.70
69.69
69.69
69.70
69.69
69.69
69.70
69.69
69.69
69.71
69.72
69.72
69.72
69.71
69.70
69.71
69.72
69.70
69.70
69.71
69.71
69.70
69.70
69.70
69.71
69.70
69.72
69.72
69.73
69.72
69.71
69.73
69.72
69.71
69.70
69.71
69.72
69.72
69.72
69.73
69.73
69.72
69.73
69.73
69.73
69.73
69.72
69.74
69.75
69.76
69.74
69.73
69.72
69.73
69.73
69.66
