70.31
70.31
72.92
73.44
71.25
72.66
72.10
71.88
70.66
70.31
69.89
70.18
69.83
69.75
69.27
68.85
69.12
69.36
69.65
69.53
69.64
69.74
69.77
69.21
69.50
69.47
69.56
69.81
69.56
69.58
69.15
69.29
69.22
69.21
68.97
68.66
68.54
68.71
68.75
68.75
68.56
68.53
68.46
68.47
68.61
68.65
68.85
68.88
69.01
68.91
69.12
69.02
68.90
68.84
68.78
68.72
68.67
68.70
69.01
68.98
68.95
68.90
68.90
68.87
68.94
68.87
68.94
68.86
68.86
68.86
68.79
68.82
68.81
68.81
68.98
68.98
68.93
68.87
68.87
68.96
68.94
68.88
68.90
68.99
68.90
69.10
68.97
68.93
68.93
68.84
68.85
68.87
68.83
68.87
68.87
68.95
69.06
69.04
69.05
69.11
69.06
69.03
69.04
69.05
69.00
68.97
69.04
69.07
69.11
69.03
69.03
68.99
68.94
68.93
68.98
68.93
68.88
68.91
68.91
68.89
68.94
68.88
68.86
68.86
68.93
68.97
68.90
68.87
68.83
68.86
68.85
68.82
68.87
68.88
68.94
68.95
68.90
68.93
68.92
68.95
68.98
69.03
69.00
68.97
68.94
68.93
68.91
68.93
68.92
68.92
68.87
68.90
68.98
68.99
68.99
68.99
69.05
69.05
69.06
69.05
69.05
69.10
69.10
69.15
69.13
69.14
69.12
69.09
69.10
69.02
69.10
69.07
69.12
69.14
69.06
69.06
69.09
69.07
69.06
69.09
69.07
69.05
69.07
69.08
69.09
69.09
69.13
69.12
69.12
69.07
69.07
69.08
69.08
69.06
69.05
69.06
69.06
68.99
69.03
69.05
69.05
69.06
68.99
68.97
68.96
68.95
68.93
68.91
68.92
69.00
69.01
69.00
68.96
68.98
68.98
68.97
68.95
68.96
68.95
68.94
68.98
68.96
68.94
68.90
68.90
68.90
68.85
68.85
68.85
68.85
68.83
68.82
68.81
68.84
68.77
68.79
68.80
68.80
68.78
68.78
68.76
68.80
68.80
68.79
68.79
68.81
68.79
68.79
68.79
68.83
68.84
68.86
68.88
68.88
68.90
68.89
68.89
68.88
68.88
68.87
68.89
68.89
68.88
68.90
68.90
68.91
68.91
68.91
68.91
68.87
68.90
68.93
68.92
68.90
68.91
68.90
68.91
68.91
68.88
68.88
68.87
68.87
68.92
68.93
68.93
68.94
68.95
68.95
68.95
68.94
68.95
68.95
68.95
68.95
68.96
68.99
68.98
68.95
68.92
68.93
68.96
68.98
69.00
68.96
68.99
69.00
68.98
68.96
68.95
68.95
69.00
69.02
69.03
69.04
69.03
69.07
69.09
69.11
69.09
69.08
69.09
69.08
69.10
69.09
69.11
69.13
69.16
69.17
69.16
69.16
69.16
69.18
69.18
69.18
69.16
69.15
69.19
69.18
69.20
69.20
69.23
69.24
69.23
69.21
69.22
69.23
69.25
69.23
69.24
69.23
69.24
69.23
69.24
69.24
69.25
69.26
69.27
69.26
69.25
69.28
69.28
69.27
69.27
69.30
69.29
69.30
69.31
69.33
69.33
69.31
69.32
69.33
69.30
69.31
69.28
69.28
69.29
69.30
69.30
69.28
69.30
69.30
69.28
69.29
69.29
69.28
69.29
69.32
69.29
69.29
69.29
69.26
69.25
69.27
69.25
69.24
69.25
69.26
69.26
69.25
69.25
69.26
69.28
69.28
69.27
69.30
69.28
69.29
69.29
69.30
69.29
69.30
69.28
69.28
69.28
69.27
69.29
69.27
69.25
69.25
69.25
69.24
69.23
69.25
69.25
69.25
69.24
69.26
69.23
69.24
69.25
69.25
69.24
69.23
69.24
69.22
69.22
69.21
69.23
69.23
69.22
69.21
69.20
69.20
69.19
69.18
69.19
69.17
69.21
69.19
69.20
69.22
69.21
69.21
69.22
69.22
69.21
69.21
69.21
69.21
69.21
69.18
69.18
69.19
69.20
69.21
69.23
69.24
69.25
69.27
69.25
69.23
69.23
69.22
69.22
69.22
69.20
69.20
69.21
69.23
69.23
69.22
69.23
69.23
69.23
69.24
69.25
69.28
69.26
69.26
69.27
69.25
69.26
69.26
69.27
69.27
69.28
69.30
69.29
69.27
69.26
69.27
69.27
69.28
69.26
69.28
69.27
69.27
69.29
69.29
69.28
69.28
69.28
69.27
69.28
69.26
69.27
69.25
69.26
69.25
69.25
69.25
69.23
69.22
69.21
69.20
69.19
69.19
69.19
69.19
69.21
69.18
69.19
69.20
69.21
69.21
69.21
69.23
69.23
69.23
69.24
69.23
69.24
69.21
69.20
69.19
69.18
69.17
69.16
69.16
69.17
69.15
69.15
69.15
69.15
69.15
69.17
69.17
69.17
69.17
69.18
69.18
69.16
69.16
69.15
69.15
69.14
69.17
69.16
69.17
69.17
69.16
69.15
69.13
69.14
69.15
69.14
69.14
69.15
69.16
69.16
69.16
69.16
69.18
69.20
69.20
69.21
69.21
69.21
69.19
69.20
69.20
69.20
69.18
69.18
69.18
69.17
69.18
69.19
69.20
69.19
69.19
69.17
69.18
69.18
69.18
69.18
69.18
69.20
69.20
69.18
69.17
69.17
69.15
69.17
69.15
69.15
69.16
69.15
69.13
69.12
69.11
69.11
69.11
69.10
69.09
69.10
69.10
69.11
69.12
69.12
69.11
69.12
69.11
69.11
69.13
69.13
69.13
69.10
69.10
69.10
69.10
69.11
69.13
69.13
69.12
69.13
69.14
69.14
69.15
69.15
69.14
69.14
69.13
69.14
69.13
69.12
69.12
69.11
69.12
69.12
69.12
69.12
69.12
69.11
69.12
69.12
69.10
69.10
69.11
69.10
69.09
69.08
69.09
69.10
69.10
69.10
69.10
69.10
69.11
69.12
69.13
69.11
69.10
69.10
69.11
69.11
69.11
69.11
69.11
69.12
69.12
69.11
69.11
69.12
69.12
69.12
69.14
69.13
69.13
69.14
69.13
69.14
69.14
69.14
69.14
69.14
69.15
69.15
69.15
69.15
69.14
69.15
69.15
69.16
69.16
69.16
69.15
69.15
69.16
69.16
69.14
69.13
69.13
69.13
69.13
69.14
69.13
69.14
69.14
69.15
69.15
69.16
69.15
69.14
69.13
69.13
69.13
69.14
69.13
69.13
69.12
69.11
69.09
69.07
69.07
69.07
69.08
69.07
69.06
69.06
69.06
69.05
69.05
69.06
69.05
69.06
69.06
69.06
69.06
69.05
69.04
69.04
69.05
69.04
69.03
69.03
69.02
69.03
69.03
69.05
69.05
69.06
69.06
69.07
69.07
69.07
69.07
69.06
69.06
69.07
69.00
